Pass/Fail,V0,V2,V4,V6,V8,V9,V10,V12,V14,V15,V17,V18,V19,V20,V23,V24,V25,V26,V27,V28,V29,V30,V32,V33,V35,V37,V38,V40,V41,V43,V45,V46,V47,V48,V50,V51,V53,V54,V55,V56,V59,V60,V61,V62,V63,V64,V65,V66,V68,V70,V71,V75,V77,V78,V79,V80,V81,V82,V83,V84,V87,V88,V89,V90,V91,V99,V102,V107,V112,V113,V115,V116,V117,V118,V119,V120,V121,V122,V123,V124,V125,V127,V128,V129,V130,V132,V133,V135,V136,V137,V138,V139,V140,V144,V145,V146,V147,V148,V150,V151,V153,V155,V156,V159,V162,V163,V164,V165,V166,V169,V170,V171,V173,V174,V175,V181,V184,V185,V187,V188,V198,V200,V201,V203,V208,V210,V211,V212,V213,V214,V215,V216,V217,V218,V221,V222,V223,V224,V225,V227,V228,V247,V248,V250,V252,V253,V255,V267,V269,V270,V271,V272,V275,V277,V279,V285,V290,V291,V294,V295,V296,V297,V298,V299,V300,V301,V303,V304,V305,V306,V311,V316,V317,V319,V320,V321,V323,V324,V334,V337,V338,V339,V344,V348,V349,V350,V351,V352,V353,V354,V355,V356,V359,V360,V361,V362,V363,V385,V386,V388,V390,V391,V393,V405,V406,V407,V408,V409,V410,V411,V412,V413,V417,V423,V424,V426,V428,V429,V432,V433,V434,V435,V436,V437,V438,V439,V440,V441,V442,V444,V448,V452,V454,V455,V456,V457,V459,V460,V467,V470,V471,V472,V475,V476,V480,V482,V483,V485,V486,V487,V488,V489,V490,V491,V493,V494,V495,V496,V500,V510,V511,V519,V520,V522,V523,V524,V527,V539,V541,V548,V550,V551,V553,V554,V555,V556,V557,V559,V560,V561,V564,V565,V566,V567,V568,V569,V570,V571,V572,V573,V574,V575,V576,V577,V583,V585,V586,V587,V589
-1.0,3030.93,2187.7333,1.3602,97.6133,1.5005,0.0162,-0.0034,202.4396,7.9558,414.871,0.968,192.3963,12.519,1.4026,-4043.75,751.0,0.8955,1.773,3.049,64.2333,2.0222,0.1632,83.3971,9.5126,64.2588,66.3141,86.9555,63.93999999999998,4.515,352.7173,130.3691,723.3092,1.3072,141.2282,624.3145,218.3174,4.592,4.841,2834.0,0.9317,-1.7264,350.9264,10.6231,108.6427,16.1445,21.7264,29.5367,693.7724,148.6009,608.17,84.0793,0.0126,0.0141,-0.0307,-0.0083,-0.0026,-0.056650000000000006,-0.0044,7.2163,0.132,0.969,1747.6049,0.1841,8671.9301,-0.23135,-0.0251,0.135,-0.24175000000000002,0.4645300250638973,0.946,748.6115,0.9908,58.4306,0.6002,0.9804,6.3788,15.88,2.639,15.94,15.93,0.8656,0.4098,3.188,-0.0473,0.7243,2.2967,1000.7263,123.0,111.3,75.2,46.2,350.671,0.3948,0.0898,0.085,0.0358,0.0328,12.2566,4.271,10.284,0.0167,0.41,0.0506,1017.0,368.0,0.09,0.048,0.095,2.0,0.046,0.725,0.1139,0.5888,0.3184,0.9499,0.333,0.0803,5.72,11.19,65.363,0.296,10.3,5.38,16.23,97.314,0.0772,0.0599,0.07,0.0547,0.0704,0.052,0.0301,0.1135,3.4789,0.0707,0.013699999999999999,175.2173,0.0315,1940.3994,0.0369,0.03420000000000001,0.063555131423283,0.0188,219.9453,2.8374,0.0189,0.4269,0.0472,4.5152,30.9815,33.9606,22.9057,0.131,2.5883,0.0319,1.5123,0.1077,0.0167,418.1363,398.3185,496.1582,158.333,0.0373,0.0202,0.0462,0.6083,0.02,0.0174,0.2827,0.0434,0.1431,6.2698,0.1181,5.3737,0.0254,1.6252,3.2461,18.0118,0.0913,1.5989,1.2293,5.3406,31.8843,0.0215,0.0274,0.0315,0.0238,0.0206,0.0238,0.0144,0.0491,1.2708,0.0229,0.0046,55.2039,0.0105,560.2658,0.011983453267684333,0.0055,61.5932,0.9967,0.0082,0.1437,0.0151,14.2396,1.4392,5.6188,3.6721,2.9329,2.1118,24.8504,29.0271,5.9846,53.684,2.4788,1.7275,3.275,3.6084,26.3617,49.0013,10.0503,2.7073,3.1158,3.1136,44.5055,42.2737,1.3071,0.8693,1.1975,0.9163,0.1362,5.9396,9.5805,2.3106,6.1463,4.0502,1.7924,29.9394,6.2052,2.7864,9.7752,63.7987,2.3394,31.9893,115.7408,613.3069,291.4842,178.1759,843.1138,0.0,53.1098,0.0,48.2091,0.7578,2.957,1.3944999999999999,10.0261,17.1202,0.0,64.6707,0.0,13.024360640495644,1.9864,29.3804,0.1094,4.856,6.6926,2.057,11.5074,75.752,12.93,0.78,5.7349,0.3363,39.8842,3.2687,1.0297,0.4385,0.1039,42.3877,6.547327987468948,0.14857901416499705,2.580189752191103,0.06325048256195603,2.4794012680937514,21.452276231160432,533.85,2.1113,8.95,0.3157,3.0624,0.1026,1.6765,14.9509,0.0118,2.363,0.01987655108528613,0.014244591708891752,101.09250157625598
-1.0,3095.78,2230.4222,0.8294,102.3433,1.4966,-0.0005,-0.0148,200.547,10.1548,414.7347,0.9701,191.2872,12.4608,1.3825,-3498.75,-1640.25,1.2973,2.0143,7.39,68.4222,2.2667,0.2102,84.9052,9.7997,64.2828,65.43819999999997,87.5241,78.25,2.773,352.2445,133.1727,724.8264,1.2887,145.8445,631.2618,205.1695,4.59,4.842,2853.0,0.9324,0.8073,352.0073,10.3092,113.98,10.9036,19.1927,27.6301,697.1964,154.3709,620.3582,82.3494,-0.0039,0.0004,-0.044,-0.0358,-0.012,-0.0377,0.0017,6.8043,0.1358,0.9894,1931.6464,0.1874,8407.0299,0.1455,-0.0158,-0.0752,0.0772,0.45593706124670175,0.9425,731.2517,0.9902,58.668,0.5958,0.9731,6.5061,15.88,2.541,15.91,15.88,0.8703,0.4138,3.272,-0.0946,0.8122,2.2932,998.1081,98.0,80.3,81.0,56.2,219.7679,0.2301,0.1356,0.06,0.0547,0.0204,12.3319,6.285,13.077,0.0144,0.35,0.0437,568.0,3277.0,0.112,0.115,0.124,2.2,0.561,1.0498,0.1917,0.6582,0.4115,1.0181,0.439,0.0892,6.92,9.05,82.986,0.316,8.02,3.74,15.078,134.25,0.0566,0.0488,0.12045,0.14704999999999996,0.0468,0.0987,0.0734,0.0747,3.9578,0.0761,0.0014,128.4285,0.0238,1988.0,0.0203,0.0236,0.058118212744564524,0.0154,193.0287,3.8999,0.0187,0.5749,0.0411,3.6327,29.0598,28.9862,22.3163,0.0767,1.8459,0.044,2.1016,0.1,0.0139,233.9865,26.5879,139.2082,1529.7622,0.0502,0.0561,0.0591,0.8151,0.0291,0.1822,0.3814,0.0715,0.0856,5.6522,0.1417,5.2445,0.0264,1.8045,2.7661,23.623,0.0878,1.1506,1.1265,5.0108,41.708,0.0142,0.023,0.055099999999999996,0.06770000000000001,0.0143,0.0513,0.0399,0.0365,1.2474,0.0248,0.0005,46.3453,0.0069,677.1873,0.014494710696465518,0.0049,65.0999,1.1655,0.0068,0.1921,0.012,10.5837,1.0323,4.3465,2.5939,3.2858,2.5197,15.015,27.7464,9.0604,61.8918,3.1531,1.4857,2.8088,3.1595,8.4887,199.7866,8.6336,5.7093,1.6779,3.2153,48.5294,37.5793,16.4174,1.2364,1.9562,1.0239,0.2751,5.1072,7.6142,2.2568,6.9233,4.7448,1.4336,40.4475,4.7415,3.0652,10.2211,73.5536,2.1627,30.8643,163.0249,0.0,246.7762,359.0444,130.635,820.79,194.4371,0.0,58.1666,3.6822,3.2029,0.1441,6.6487,12.6788,0.0,118.77044999999998,0.0,12.702050081919028,1.6292,26.397,0.0673,6.6475,8.837,1.791,9.5796,74.64,16.0,1.33,7.1196,0.4989,53.1836,3.9139,1.7819,0.1745,0.0375,18.1087,6.442645370028274,0.15663839995457582,2.5699145609462457,0.06750967925950262,2.4572793871693523,21.949927654369578,535.0164,2.4335,5.92,0.2653,2.0111,0.0772,1.1065,10.9003,0.0223,4.4447,0.0096,0.0201,208.2045
-1.0,2988.72,2199.0333,1.3204,104.2367,1.4882,-0.0124,-0.0033,201.8482,9.6052,422.2894,0.9687,192.1557,12.4782,1.4011,-4515.0,-1657.25,1.3137,2.0038,7.3145,62.9333,2.6444,0.2071,84.9105,8.6789,64.1125,65.43819999999997,86.6867,76.9,1.279,363.0273,131.8027,733.8778,1.3027,142.5427,637.3727,189.9079,4.4879999999999995,4.748,2936.0,0.9139,15.64135,361.4582,10.2112,116.1818,13.5597,15.6209,23.4736,710.4043,147.6545,625.2945,70.2289,-0.0555,-0.04,0.04,0.057850000000000006,-0.1051,0.0028,0.0277,7.5925,0.1302,0.9904,1752.0968,0.1958,8205.7,0.0697,-0.0195,-0.0699,-0.0483,0.4647,0.9564,709.0867,0.9906,58.6635,0.6016,0.9761,6.4935,15.55,3.132,15.61,15.59,1.366,0.5176,3.119,0.2838,0.7244,2.3802,982.7031000000002,127.0,118.0,123.7,47.8,162.432,0.1915,0.114,0.0393,0.0613,0.019,13.2651,9.073,15.241,0.015,0.35,0.0699,859.0,3004.0,0.068,0.108,0.1,1.7,0.241,0.9386,0.0356,0.4391,0.2618,0.8567,0.693,0.1786,5.69,18.2,52.571,1.264,13.56,5.92,24.32,104.95,0.1248,0.0463,0.12045,0.0354,0.0708,0.0754,0.0643,0.0932,5.5398,0.0764,0.0015,152.0885,0.0573,820.3999,0.0152,0.0149,0.0191,0.0234,94.0954,3.2119,0.0406,0.4212,0.0513,3.1959,33.896,37.8477,44.3906,0.0581,2.1775,0.0417,2.896,0.0916,0.0245,415.5048,157.0889,1572.6896,1377.4276,0.0285,0.0445,0.0465,0.6305,0.0286,0.0824,0.3483,0.0128,0.0973,5.444,0.2004,6.3329,0.0479,1.7339,4.966,15.7375,0.3512,1.7317,3.0672,6.6839,29.0339,0.0407,0.0198,0.0531,0.0167,0.0224,0.0422,0.0273,0.0484,1.8222,0.0252,0.0004,45.7058,0.0188,309.8492,0.0038,0.0068,32.4228,1.1135,0.0132,0.1348,0.0155,13.3972,1.1907,5.6363,3.9482,4.9881,2.1737,17.8537,14.5054,7.6602,94.4594,3.6091,1.5441,2.8049,4.9898,76.0354,181.2641,5.176,5.3899,1.3671,2.7013,34.0336,41.5236,7.1274,1.1054,0.4097,0.6849,0.3332,4.468,11.1303,3.0744,13.7105,3.9918,2.8555,27.6824,3.0301,12.3786,9.1494,100.0021,3.4234,35.4323,149.4399,225.0169,100.4883,88.5553,104.666,71.7583,0.0,336.766,72.9635,1.767,3.1817,0.1488,8.6804,29.2542,711.6418,113.5593,0.0,4.12,2.4416,13.2699,0.0977,5.4751,6.4865,2.1565,7.7754,72.442,25.505000000000003,2.17,11.458299999999996,0.88615,146.2962,6.362449999999999,2.9958,0.7288,0.1946,62.7572,7.32,0.163,3.5611,0.067,2.729,25.0363,530.5682,2.0253,9.33,0.1738,2.8971,0.0525,1.7585,8.5831,0.0103,2.0544,0.0202,0.0149,73.8432
-1.0,3032.24,2233.3667,1.5334,100.3967,1.5031,-0.0031,-0.0072,201.9424,10.5661,420.5925,0.9735,191.6037,12.4735,1.3888,-3987.5,117.0,1.2887,1.9912,7.2748,62.8333,3.1556,0.2696,86.3269,8.7677,64.1511,66.1542,86.1468,76.39,2.209,353.34,164.82920000000001,775.44425,1.0341,138.0882,663.2339499999998,233.5491,4.624,4.894,2865.0,0.9298,-12.2945,355.0809,9.7948,138.46505,21.9782,32.2945,42.99620000000001,745.6025,146.6636,645.7636,65.8417,-0.0534,-0.0167,-0.0449,0.0034,-0.0178,-0.0123,-0.0048,7.5017,0.1342,0.9902,1828.3846,0.1829,9014.46,0.0448,-0.0167,0.0696,-0.0799,0.45744927526580215,0.9424,796.595,0.9908,58.3858,0.5913,0.9628,6.3551,15.75,3.148,15.73,15.71,0.946,0.5328,3.299,-0.5677,0.778,2.3715,993.1274,119.0,143.2,123.1,48.8,296.303,0.3744,0.0634,0.0451,0.0623,0.024,14.2354,9.005,12.506,0.0126,0.43,0.0538,699.0,1443.0,0.147,0.04,0.113,3.9,0.499,0.576,0.0631,0.583,0.3053,0.8285,0.282,0.1189,3.98,25.54,72.149,0.519,19.77,5.52,33.832,92.307,0.0915,0.0506,0.0769,0.1079,0.0797,0.1047,0.0924,0.1015,4.1338,0.0802,0.0004,69.151,0.1254,1406.4004,0.0227,0.0272,0.06249318229717049,0.024,149.2172,2.5775,0.0177,0.4051,0.0488,3.6163,34.125,55.9626,53.0876,0.1092,1.0929,0.0257,3.2376,0.1275,0.0181,319.1252,128.0296,799.5884,628.3083,0.0755,0.0181,0.0476,1.35,0.032,0.1541,0.2155,0.031,0.0582,4.8956,0.0766,11.0583,0.0327,1.1229,7.3296,23.116,0.1773,1.6216,2.5923,10.5352,32.0537,0.0246,0.0221,0.0329,0.0522,0.0256,0.0545,0.0476,0.0463,1.553,0.0286,0.0001,21.0312,0.0374,494.7368,0.013979572335201848,0.0089,57.2692,0.8495,0.0065,0.1356,0.0165,7.1493,1.1704,5.3823,4.7226,4.9184,2.185,22.3369,24.4142,4.2178,85.2255,2.9734,1.2943,3.4473,3.8754,43.8119,0.0,11.4064,2.0088,1.5533,6.2069,25.3521,37.4691,15.247,0.6672,0.7198,0.9088,0.6795,4.3131,6.1538,4.7756,11.4945,2.8822,3.8248,30.8924,5.3863,5.2987,7.4365,89.9529,4.5375,42.6838,140.1953,171.4486,276.881,240.1781,0.0,587.3773,748.1781,0.0,55.1057,2.2358,3.2712,0.0372,3.7821,63.31987047269746,0.0,118.77044999999998,0.0,12.750988358430213,2.5512,18.7319,0.0616,4.4146,6.3745,2.0579,9.4805,79.156,19.63,1.98,9.7608,0.8311,70.9706,4.9086,2.5014,0.2156,0.0461,22.05,6.204613193263296,0.12362918297782707,2.4900773697585947,0.057903369651808256,2.3272298282540693,20.834846148361144,532.0155,2.0275,8.83,0.2224,3.1776,0.0706,1.6597,10.9698,0.026000000000000006,5.21645,0.0202,0.0149,73.8432
-1.0,2946.25,2233.3667,1.5334,100.3967,1.5287,0.0167,0.0055,200.472,8.6617,414.2426,0.9747,191.228,12.4935,1.3836,-3906.5,193.75,0.893,1.7775,3.0505,62.3778,1.6333,0.1394,85.4233,9.6484,64.072,66.2949,87.0273,63.93999999999998,3.024,360.2873,142.2591,746.8692,1.188,137.6473,640.1936,192.7702,4.636,4.915,2865.0,0.9316,15.64135,360.2409,9.8344,130.5545,7.618,11.7045,18.3685,728.5007,144.6982,635.4936,70.3707,0.0198,-0.001,-0.0074,-0.0026,-0.0853,-0.0111,0.021,6.7509,0.1417,0.9888,1832.6305,0.2099,7869.7,-0.113,-0.0419,0.0265,-0.24175000000000002,0.4651,0.9427,748.0887,0.9907,58.656,0.6081,0.9632,6.3186,15.88,2.541,15.91,15.88,0.8703,0.4138,3.272,-0.0946,0.8122,2.2932,998.1081,123.0,159.8,119.3,48.8,296.303,0.3744,0.0709,0.0581,0.0478,0.0141,12.3665,5.369,10.42,0.0106,0.45,0.0511,2060.5,1157.0,0.065,0.036,0.045,1.7,0.123,0.6308,0.26130000000000003,0.5646,0.3824,0.7408,0.482,0.1552,7.92,21.62,82.556,1.003,21.78,6.61,34.8069,111.952,0.0645,0.0391,0.0849,0.0614,0.0494,0.0668,0.0803,0.0575,2.8799,0.0662,0.0028,129.1731,0.031,1132.2998,0.0362,0.019,0.0217,0.0198,158.2729,2.6668,0.0268,0.4484,0.0411,3.6327,32.0878,52.6671,36.4696,0.1092,1.0929,0.0226,1.4873,0.1275,0.0176,912.5788,384.6101,152.4347,478.1502,0.0279,0.0158,0.0203,0.632,0.0405,0.0439,0.2442,0.0985,0.101,5.5901,0.1505,10.178,0.0453,2.3901,5.9858,25.2892,0.3364,1.9589,2.6806,9.6731,33.4938,0.0166,0.0181,0.041,0.0277,0.0148,0.0315,0.0442,0.0259,0.969,0.0227,0.0012,42.1498,0.0092,335.5983,0.0058,0.0078,58.2605,0.923,0.0077,0.152,0.012,10.5837,1.0323,5.4262,5.4238,4.9037,2.185,22.3369,24.4142,4.638,61.9853,2.5154,1.0841,3.6019,3.6904,8.2683,597.1613,7.2788,2.0253,1.4752,2.7253,55.102,76.0159,3.4943,0.7384,2.9167,0.8812,0.1864,5.4679,10.1083,4.7579,13.0665,5.7538,3.3771,42.8261,5.2729,10.1989,9.0384,285.9,4.7779,47.129650000000005,159.0889,325.3468,71.0586,764.9995,0.0,78.3348,723.4234,273.8095,42.6594,4.941799999999999,2.7883,0.2873,7.0485,14.7656,0.0,68.7351,622.2222,4.6687,2.1027,21.157,0.0706,4.5466,7.097,1.791,9.5796,80.326,16.06,1.65,7.2448,0.6268,86.9463,3.896,2.0541,0.29,0.0604,30.6277,4.75,0.1905,1.8784,0.0743,1.87,22.5598,534.2091,2.3236,8.91,0.3201,2.2598,0.0899,1.6679,13.7755,0.0189,3.8276,0.0342,0.0151,44.0077
-1.0,3030.27,2230.4222,0.8294,102.3433,1.5816,-0.027,0.0105,202.0901,9.035,415.8852,0.9667,192.0912,12.4608,1.4067,-3914.75,580.25,0.9063,1.7715,3.0515,60.8,2.4889,0.2081,87.1543,9.1502,64.2476,66.2237,86.374,74.46,3.978,352.1836,132.3455,723.4934,1.2714,146.4855,631.0145,201.7609,4.59,4.842,2853.0,0.9324,2.1109,351.46,10.3685,114.4564,12.74,17.8891,26.2754,697.218,152.3582,618.2745,83.4997,0.0227,-0.0321,-0.0389,-0.0154,-0.0022,-0.0281,0.0288,8.4126,0.1479,0.9675,1740.6472,0.2395,9238.3601,0.1397,0.0577,0.0221,0.0148,0.4775292819914978,0.936,806.2734,0.9905,58.823,0.6034,0.9754,6.5398,15.83,2.575,15.89,15.84,0.8089,0.4162,3.383,-0.4731,0.7589,2.3216,995.1991,89.0,173.7,122.5,56.2,219.7679,0.2301,0.0955,0.088,0.0493,0.0246,14.104,8.255,10.965,0.0189,0.35,0.086,2060.5,565.0,0.078,0.04,0.13,3.0,0.11,0.5811,0.0356,0.5535,0.353,0.8142,0.475,0.1016,5.04,6.91,47.803,0.247,14.05,3.43,18.091,114.35,0.0604,0.0672,0.0355,0.0737,0.0903,0.0874,0.0998,0.0877,1.9062,0.0903,0.0032,65.3582,0.0983,1046.2002,0.0226,0.0203,0.06365530731738689,0.0379,105.5219,3.4843,0.0286,0.5536,0.0333,2.8,24.0522,53.0949,40.5089,0.0767,1.8459,0.0307,2.3404,0.1,0.0251,912.5788,276.541,181.7863,254.5432,0.0339,0.0174,0.0578,0.9513,0.0344,0.0353,0.211,0.0148,0.0698,4.9162,0.1527,5.1685,0.0349,1.6849,2.1646,14.0744,0.0725,0.8887,1.1881,5.5104,36.0395,0.0177,0.0296,0.0162,0.0345,0.0221,0.0423,0.0509,0.0505,0.7223,0.0349,0.0011,23.0568,0.0293,375.0252,0.01168174210979975,0.0153,39.0975,1.1262,0.01,0.1858,0.0113,9.5342,0.8583,3.9873,5.7322,5.0409,2.5197,15.015,27.7464,6.0381,91.3669,2.6365,1.9544,2.8088,6.1127,11.2651,97.3718,8.6069,2.258,4.2602,4.9342,24.1071,55.7395,3.1495,0.6667,0.3887,0.8615,0.6795,5.1876,8.168,2.1894,7.9894,3.4406,1.0951,23.6929,4.7415,2.3822,10.4319,110.283,2.5947,29.9535,136.9466,266.1526,509.0909,189.4602,586.3636,0.0,355.7932,304.5139,22.6594,2.6373,3.6587,0.3268,3.7548,41.0596,723.3853,118.77044999999998,748.3871,13.53871649073926,4.0505,13.0876,0.0988,5.9234,8.4653,1.4336,7.5762,72.04,13.73,0.87,5.4711,0.371,29.4773,3.3955,1.2077,0.4697,0.0905,51.4535,6.528051836823766,0.14479857303665075,2.6281924363233813,0.05833018204470186,2.4726717395947313,21.57629639737615,541.7199999999999,2.4229,6.48,0.2027,2.2019,0.0597,1.1958,8.3645,0.0143,2.8515,0.0342,0.0151,44.0077
-1.0,3058.88,2248.9,0.7884,106.24,1.5153,0.0157,0.0007,202.417,13.6872,408.4017,0.9687,192.7334,12.5263,1.4092,-3819.75,-737.0,1.328,1.9893,7.3885,67.3,2.7889,0.2239,83.8887,8.7289,64.4021,65.43819999999997,86.7493,78.09,2.671,358.67,142.2945,745.6875,0.9025,136.6791,637.6436,133.6606,4.636,4.915,2865.0,0.9316,15.64135,360.1382,9.8389,131.4255,5.5936,10.8691,15.3094,730.3781,144.3255,635.8891,57.0841,-0.0187,0.0249,0.0041,0.0002,-0.0765,0.0004,0.0086,6.2166,0.137,0.9902,1826.1111,0.2038,9117.3699,-0.0672,-0.0102,-0.0086,0.1039,0.465,0.9464,778.3335,0.9902,59.0421,0.6039,0.9622,6.3241,15.78,2.27,15.86,15.8,0.7568,0.3273,3.442,0.7096,0.7863,2.3437,992.8298,91.0,175.4,201.1,55.5,249.9639,0.0577,0.1027,0.0626,0.0463,0.0313,13.5649,15.976000000000003,14.952,0.016,0.48,0.0474,233.0,807.0,0.161,0.142,0.11,1.9,0.385,0.8182,0.098,0.7064,0.4236,0.9357,0.393,0.0826,7.61,21.7,11.961,1.026,12.63,4.72,35.803,73.632,0.0701,0.0529,0.1203,0.0517,0.0541,0.0989,0.0807,0.0378,7.2824,0.0915,0.0005,126.1031,0.0976,1222.1006,0.0317,0.0235,0.0643,0.0155,128.7632,2.7835,0.0254,0.442,0.0331,2.9057,29.3966,74.695,65.5784,0.0216,2.7959,0.0377,4.96435,0.1286,0.0183,106.4973,151.6605,652.0774,366.1448,0.0663,0.0683,0.0513,0.5831,0.0247,0.1352,0.3119,0.0433,0.1358,4.8066,0.1337,10.9128,0.0247,2.7469,6.7634,3.3091,0.3503,1.4892,1.6179,10.2964,22.1485,0.0216,0.0221,0.0533,0.0211,0.0147,0.051,0.0345,0.0159,2.46,0.0281,0.0002,39.4817,0.0302,376.4134,0.009,0.0055,40.8608,0.962,0.0078,0.143,0.0102,10.8717,0.791,4.1681,5.7341,7.4754,2.4679,24.8852,7.321,6.7774,141.6508,3.6611,1.6483,3.8319,3.3651,37.4108,109.498,12.1235,7.1384,1.4888,2.8232,39.4422,32.6055,11.1311,0.9753,1.1227,1.0969,0.1887,3.881,9.902,4.9943,9.147,5.5678,3.4032,8.9488,5.2729,10.428,9.6785,225.7941,4.902,47.129650000000005,128.9887,374.6159,89.1323,0.0,0.0,129.2388,0.0,440.8163,107.56075,2.5556,3.8989,0.0527,6.9056,47.8698,0.0,79.1209,0.0,13.823,1.6426,16.5435,0.1232,4.7144,6.9889,1.4141,7.1665,73.856,15.97,0.76,6.4786,0.3589,72.153,3.9131,1.029,0.4232,0.0748,43.0771,7.78,0.1334,3.2415,0.0486,2.9349,23.6052,523.3110000000001,2.2008,15.390000000000002,0.354,5.3345,0.126,2.8874999999999993,16.0862,0.0106,2.1261,0.0204,0.0194,95.031
-1.0,2967.68,2248.9,0.7884,106.24,1.5358,0.0111,-0.0066,202.4544,12.6837,417.6009,0.9693,192.7498,12.5263,1.4278,-2948.0,622.75,0.683,1.7109999999999996,2.2675,62.8,2.1444,0.1844,85.4274,9.6234,63.9315,66.3322,86.9476,63.93999999999998,3.217,358.9564,142.7009,745.4127,1.1722,138.3109,639.9682,216.9538,4.636,4.915,2865.0,0.9316,15.64135,358.3473,9.8398,129.68,8.8612,13.0209,19.9475,725.4652,144.5455,632.5727,74.3992,-0.0088,-0.0629,0.0067,-0.0047,-0.094,-0.0251,0.0306,7.6346,0.137,0.98,1788.8624,0.1564,8615.27,0.001,0.0791,-0.0024,-0.0299,0.4642,0.9453,748.563,0.9906,58.7785,0.6054,0.9635,6.3354,15.78,2.27,15.86,15.8,0.7568,0.3273,3.442,0.7096,0.7863,2.3437,992.8298,91.0,136.1,116.8,55.5,249.9639,0.0577,0.0945,0.0551,0.0415,0.0298,13.3953,7.245,16.973,0.0151,0.48,0.056,2060.5,948.0,0.277,0.21200000000000002,0.498,2.4,0.091,0.5087,0.26130000000000003,0.5245,0.4343,0.8582,0.36,0.1811,5.63,19.79,81.637,0.877,16.32,5.09,31.886,90.715,0.0418,0.0555,0.0324,0.06,0.0293,0.081,0.0912,0.0476,2.8877,0.0401,0.013699999999999999,100.5114,0.0404,740.3994,0.0331,0.0227,0.0306,0.0222,61.5139,2.8729,0.0395,0.4304,0.0331,2.9057,29.3966,53.8333,44.2335,0.0216,2.7959,0.0327,2.277,0.1286,0.0174,912.5788,562.8794,1965.4555,423.4787,0.12369999999999999,0.09505000000000002,0.2273,0.7583,0.0234,0.0298,0.218,0.0985,0.0908,4.3824,0.1203,9.2406,0.0441,1.6988,5.5396,21.5711,0.3266,1.5156,2.1256,9.6503,30.9028,0.0103,0.0248,0.014,0.0282,0.0089,0.0426,0.0453,0.021,1.0533,0.0134,0.0046,35.7156,0.0127,205.529,0.0056,0.0069,20.5522,1.0021,0.0122,0.1432,0.0102,10.8717,0.791,4.1681,4.5861,4.4915,2.4679,24.8852,7.321,6.153,57.1204,4.0644,1.5571,3.8319,3.9248,134.3623,152.228,23.078450000000004,10.417850000000001,7.544649999999999,3.8217,27.9793,38.494,2.5951,0.5955,2.9167,0.8204,0.1925,3.4767,8.0238,4.2888,15.4539,4.0705,3.0923,37.6287,5.2729,8.9128,9.0916,184.1738,4.3952,44.9089,121.9301,477.0328,106.1693,764.9995,616.8421,86.1931,364.0719,155.6827,37.8245,2.5556,1.7466,1.3944999999999999,5.6187,25.8449,686.5784,118.77044999999998,395.2941,6.5964,2.3441,8.2176,0.0727,4.8876,6.7934,1.4141,7.1665,74.016,17.54,1.36,8.2095,0.5478,51.7053,4.2941,1.8374,0.1343,0.0391,13.9158,6.28,0.1145,2.2928,0.0417,2.3682,18.212,535.1818,2.217,7.09,0.3168,2.4902,0.0878,1.3248,14.2892,0.0172,3.4456,0.0111,0.0124,111.6525
-1.0,3016.11,2248.9,0.7884,106.24,1.5381,0.0159,0.0049,202.5999,12.4278,413.3677,0.9667,192.8953,12.5263,1.4185,-3911.5,873.75,0.9002,1.778,3.0995,67.0333,2.3778,0.1946,83.8887,8.7289,64.4021,65.43819999999997,86.7493,78.09,2.671,360.6945,141.9964,746.1649,1.1935,137.1391,639.83,194.3669,4.636,4.915,2865.0,0.9316,15.64135,361.1809,9.678249999999997,130.3082,6.8983,11.6882,18.1525,728.0125,147.1409,638.63,65.504,-0.0117,-0.0085,0.0065,0.0102,-0.0854,-0.0375,0.0008,7.4956,0.135,0.968,1712.8033,0.2012,9126.72,-0.1621,-0.0288,0.0275,0.1359,0.4604,0.9388,786.6071,0.9905,58.3664,0.5849,0.9799,6.2053,15.78,2.27,15.86,15.8,0.7568,0.3273,3.442,0.7096,0.7863,2.3437,992.8298,123.0,175.8,211.9,55.5,249.9639,0.0577,0.0725,0.0634,0.0478,0.0344,13.3764,13.545,18.186,0.0179,0.48,0.0434,862.0,186.0,0.076,0.052,0.022,2.5,0.096,0.8182,0.098,0.7064,0.4236,0.9357,0.509,0.0987,10.29,23.39,43.062,1.179,5.58,6.18,38.652,109.867,0.0923,0.0526,0.0828,0.0531,0.0506,0.1019,0.0431,0.052,4.2936,0.0854,0.0065,138.5192,0.0887,1266.0,0.0369,0.03420000000000001,0.0368,0.025,123.1775,2.9198,0.0437,0.4653,0.0331,2.9057,30.9815,69.3175,72.1316,0.0216,2.7959,0.0251,3.351,0.1286,0.0133,354.072,392.7259,179.359,76.6219,0.0339,0.0231,0.0102,0.8031,0.0295,0.0368,0.3119,0.0433,0.1358,4.9838,0.1711,10.6022,0.0359,3.1792,6.8929,12.2822,0.4002,1.9743,1.6883,11.4445,37.0311,0.0317,0.0221,0.0366,0.0218,0.017,0.0491,0.019,0.0244,1.5076,0.027,0.0019,43.4619,0.0258,406.3592,0.007,0.0082,42.0501,1.0207,0.0145,0.1628,0.0102,10.8717,0.791,5.6188,5.8287,8.726,2.4679,24.8852,7.321,4.7137,108.9894,4.3995,1.8549,3.8319,3.0589,10.7887,21.2876,8.4421,2.9246,0.7098,3.7295,33.6449,45.7453,2.7268,0.9753,1.1227,1.0969,0.1887,4.1309,10.1129,4.8592,8.2658,7.5033,3.6557,22.155,5.2729,12.1954,13.4911,80.8892,5.3092,47.129650000000005,167.7256,790.5782,104.004,764.9995,497.603,119.3208,115.01,0.0,57.2817,3.2587,3.55,0.671,8.0873,44.0988,0.0,86.0068,0.0,7.9931,2.6612,15.6593,0.1007,5.0025,7.4985,1.4141,7.1665,75.06,15.15,1.11,6.509,0.4257,81.5915,3.8209,1.4788,0.2005,0.0456,20.9776,7.04,0.0361,3.2894,0.0148,2.6545,5.8617,533.42,2.2598,3.54,0.1676,1.0395,0.0485,0.6636,7.4181,0.0152,3.0687,0.0212,0.0191,90.2294
-1.0,2920.07,2195.1222,1.3204,103.34,1.531,-0.0259,0.0216,202.1269,8.4828,415.5185,0.9666,192.6261,12.4186,1.3848,-3982.25,-1933.25,1.3045,2.0107,7.4027,63.3778,2.8222,0.2383,84.9105,8.6789,64.1125,65.43819999999997,86.6867,76.9,1.279,363.0364,137.3564,740.1569,1.227,138.1709,638.5636,228.0825,4.4879999999999995,4.748,2936.0,0.9139,15.64135,365.0464,9.8142,119.9791,11.0227,17.3773,25.5177,714.6392,142.5155,627.5409,80.1463,-0.0151,-0.065,-0.0381,0.004,-0.0815,-0.0119,0.0258,7.5539,0.1323,0.9642,1891.4401,0.1697,7889.72,-0.1376,-0.0167,0.068,-0.2241,0.4615,0.9587,670.3646,0.9908,58.72,0.6065,0.9799,6.2999,15.83,2.575,15.89,15.84,0.8089,0.4162,3.383,-0.4731,0.7589,2.3216,995.1991,127.0,64.1,71.9,53.0999,380.5909,0.1151,0.1334,0.0748,0.0561,0.0236,13.6615,7.549,9.642,0.0186,0.4,0.0209,971.0,3851.0,0.082,0.071,0.055,1.7,0.514,0.9386,0.0356,0.4391,0.2618,0.8567,0.63,0.1584,8.33,13.64,70.642,0.747,17.96,7.11,25.566,114.368,0.0613,0.0341,0.0375,0.0999,0.0915,0.0622,0.0799,0.1177,3.3281,0.0912,0.0066,71.3541,0.0962,1541.7002,0.0369,0.0227,0.0317,0.0136,159.7564,3.4391,0.0381,0.43,0.0333,2.8,33.896,19.9822,24.8685,0.0372,2.0875,0.0405,2.4108,0.1046,0.0075,444.4295,133.5649,651.5322,1792.1565,0.0371,0.0296,0.024,0.6797,0.0427,0.173,0.3483,0.0128,0.0973,5.2108,0.198,6.8271,0.0445,2.3822,3.8989,23.084,0.2175,1.9911,3.0383,6.9396,35.1524,0.0156,0.0144,0.0175,0.0418,0.0273,0.0316,0.0423,0.0576,1.1158,0.028,0.0021,25.0943,0.0315,528.8403,0.0059,0.005,57.1274,1.1623,0.0115,0.1486,0.0113,9.5342,0.8583,5.6363,2.1952,2.8675,2.419,36.3803,8.7145,8.7131,88.9917,2.3205,1.9245,3.221,1.51,36.0851,199.1982,6.2859,3.531,0.743,2.6823,31.8898,49.9301,14.5618,1.1054,0.4097,0.6849,0.3332,4.4238,10.7167,3.4752,12.9053,6.0288,2.136,30.9721,3.0301,7.6114,7.7847,162.9366,3.5775,24.1399,142.6991,406.6335,46.8246,262.5493,0.0,76.2956,672.8421,455.7599,44.0586,4.0806,3.8574,0.6807,3.7725,56.6776,0.0,94.8247,0.0,6.8582,1.4222,23.8313,0.0713,5.8568,6.826,1.4336,7.5762,81.582,17.48,1.61,8.5332,0.5961,45.0415,4.2757,1.9735,0.7288,0.1946,62.7572,6.669240623797159,0.16629899545703294,2.6926499383986044,0.06651644059652287,2.555332525051861,22.06051279718401,530.18,1.969,9.95,0.1291,2.6544,0.0469,1.8767,6.5577,0.0153,3.0926,0.0188,0.0098,52.2039
-1.0,3051.44,2184.4333,1.4668,107.8711,1.5236,-0.0209,-0.0031,209.85114999999996,9.7686,409.8885,0.9519000000000001,200.15634999999997,12.285800000000002,1.4191,-3883.5,833.75,0.898,1.7822,3.1158,67.9889,2.3,0.1894,83.7998,8.7977,64.202,65.43819999999997,86.6693,78.11,3.872,350.1745,133.2682,723.0309,0.9578,137.9873,621.43,112.7524,4.553,4.821,2872.0,0.9251,-1.1927,351.4309,10.5484,112.0755,12.64,21.1927,24.2607,698.7702,145.2836,608.79,104.6736,-0.0201,0.0125,-0.0498,0.0298,0.0087,-0.056650000000000006,-0.0093,7.8046,0.132,0.989,1706.2759,0.1935,8889.3,-0.0946,0.0046,0.1638,0.0323,0.45731579236679687,0.9378,756.9414,0.9908,59.5615,0.5832,0.9607,6.3399,15.77,3.038,15.81,15.8,0.8467,0.511,3.171,0.0,0.7661,2.3262,998.4607,90.0,102.5,80.2,52.8,203.071,0.1355,0.132,0.0631,0.0611,0.0345,10.6832,4.392,6.621,0.02935,0.8700000000000001,0.0583,2060.5,216.0,0.078,0.051,0.071,3.5,0.068,0.7531,0.093,0.6434,0.4211,1.0026,0.253,0.0673,5.02,14.76,38.776,0.279,12.63,3.57,18.604,36.619,0.1587,0.0189,0.0651,0.0851,0.0659,0.0406,0.0903,0.0601,5.115,0.0732,0.0018,129.62,0.04,846.5996,0.0369,0.03420000000000001,0.05084368845444731,0.0107,77.8939,3.179,0.023,0.398,0.0263,4.23,26.6977,34.17,24.3169,0.0482,3.0528,0.0424,1.4082,0.2202,0.0184,912.5788,266.8562,314.8931,105.3482,0.0319,0.0212,0.0303,1.0879,0.0396,0.0213,0.2757,0.0368,0.1319,6.4674,0.0852,6.2531,0.0206,1.309,4.66,10.9588,0.0816,1.1474,1.1813,6.1663,11.0018,0.045450000000000004,0.0081,0.0295,0.0357,0.021,0.0191,0.0451,0.0281,1.5788,0.0215,0.0006,40.6735,0.0118,250.6435,0.016715308309540915,0.0032,22.5931,0.9906,0.009,0.1335,0.0087,14.2037,1.2284,4.0767,3.3591,3.1709,2.4171,23.1387,9.2374,8.6638,44.9602,1.6153,3.05365,6.94175,4.1112,17.819,25.907,8.686,2.8616,2.2787,5.1479,43.4783,62.2874,1.9266,0.8987,1.0565,1.0021,0.2334,6.0827,9.0494,2.8369,7.0225,3.638,2.3752,34.3904,5.0039,2.645,9.5918,99.9209,2.6624,6.6225,34.984,791.028,50.0994,170.8835,221.0019,466.6667,139.8916,644.504,65.5385,0.7578,3.1045,0.1816,7.5967,20.6583,0.0,55.0265,0.0,12.971394483467321,1.1444,10.2906,0.0882,5.3373,6.2772,1.1299,10.9513,73.326,14.44,1.13,7.1552,0.4541,12.7287,3.6099,1.5411,0.1343,0.0391,13.9158,4.52,0.1938,1.9501,0.0775,1.7492,23.8168,533.2464,2.2354,9.93,0.2785,3.441,0.0948,1.8622,12.4598,0.0151,3.0063,0.0188,0.0098,52.2039
-1.0,2988.31,2224.6222,1.2924,104.8489,1.5465,0.025,-0.0024,192.9787,12.4364,424.7536,0.9706,183.3869,12.4622,1.4088,-2053.0,81.25,0.67205,1.7109999999999996,1.4915,61.2333,2.2444,0.2033,85.0922,9.2007,64.2199,66.505,87.85059999999999,74.57,1.946,352.6455,141.3,734.8382,0.9033,136.0836,630.0291,141.8843,4.581,4.812,2875.0,0.9324,15.64135,352.0236,10.1562,121.7209,5.9718,19.5791,24.8005,710.0377,150.3127,624.0573,112.0904,-0.0106,-0.0021,-0.0538,0.057850000000000006,0.0819,-0.0144,0.0347,7.5348,0.1253,0.9906,1777.4358,0.26075000000000004,8907.68,0.0372,0.0223,0.0048,-0.0153,0.4691,0.9386,762.8943,0.9867000000000001,57.1724,0.6006,0.9625,6.3944,15.85,3.263,15.85,15.82,0.8987,0.5158,3.207,-0.0473,0.7446,2.3243,1004.8054,95.0,144.2,126.0,64.0999,295.563,0.1782,0.092,0.109,0.0366,0.0182,5.9665,7.134,13.663,0.0105,0.37,0.038,2060.5,265.0,0.277,0.21200000000000002,0.498,2.9,0.096,0.5969,0.1513,0.5896,0.3715,0.8207,0.372,0.091,5.36,18.32,30.085,0.613,10.4,3.1,23.147,63.971,0.1572,0.10470000000000002,0.095,0.0601,0.0823,0.0338,0.0806,0.0706,2.7716,0.0884,0.0009,139.502,0.1254,1388.2002,0.0175,0.0158,0.0706,0.0316,143.3508,4.8847,0.0328,0.2881,0.0351,2.2894,28.7735,53.2982,50.9188,0.061,2.5782,0.0287,2.0507,0.1111,0.0104,912.5788,562.8794,2390.5016,125.7229,0.12369999999999999,0.09505000000000002,0.2273,1.0392,0.0378,0.0254,0.2118,0.058,0.0694,4.9296,0.1283,6.8385,0.0257,2.0794,5.413,8.9755,0.1685,1.0242,1.8075,6.2619,22.4095,0.0449,0.0455,0.042,0.0311,0.0251,0.0146,0.0409,0.0339,0.9867,0.0299,0.0003,42.9984,0.0374,510.9829,0.0153,0.0119,52.0855,1.4037,0.0102,0.1072,0.0124,12.5668,0.8041,4.3127,4.8255,4.9484,2.8814,31.185,13.7861,5.949,57.364,3.2167,1.0833,2.969,2.7009,218.3634,326.1538,23.078450000000004,10.417850000000001,7.544649999999999,4.736,40.099,60.9836,2.7575,0.7015,1.6445,0.9181,0.6748,4.1316,5.1946,3.2897,10.0768,3.9388,2.9078,21.2039,5.4623,6.0357,6.137,174.151,3.26,21.0437,57.0709,0.0,201.3399,111.6582,128.0311,41.2447,560.6957,203.1655,36.7844,2.3552,3.5795,0.0922,7.8485,63.31987047269746,0.0,118.77044999999998,0.0,15.0519,3.3623,18.7904,0.25379999999999997,8.5439,4.5062,1.5106,5.8086,73.854,17.42,0.85,7.8265,0.3892,22.0178,4.3389,1.1509,0.1139,0.0294,12.4295,6.917200043913682,0.1210309079775039,2.8663773636129255,0.04400415649199907,2.62993307746758,21.951826127829047,536.1118,2.312,8.53,0.3049,2.8829,0.0954,1.5911,13.1895,0.0078,1.5352,0.0174,0.0174,100.2745
-1.0,3028.02,2270.2556,1.395,104.8078,1.4368,0.015,-0.0037,195.1742,12.1805,428.9826,0.9673,185.9743,12.4761,1.3969,-3654.5,-2445.0,1.2745,2.0055,7.2435,63.3556,2.9667,0.2137,86.3472,9.1283,64.0917,66.0625,86.2537,73.95,3.86,362.1782,146.8118,755.3431,1.2215,139.66,648.65,253.1952,4.632,4.908,2845.0,0.9231,-8.1182,363.0873,10.242,118.6936,16.6636,28.1182,37.6915,717.6516,150.2055,631.9864,92.166,0.0045,0.0094,-0.0073,-0.0353,-0.0574,-0.0394,0.0299,6.4414,0.1371,0.9688,1717.1081,0.1692,8581.6799,-0.0362,0.067,-0.0285,-0.1203,0.4551901853392859,0.9144,729.7498,0.9905,59.1715,0.5954,0.9675,6.337,15.85,3.263,15.85,15.82,0.8987,0.5158,3.207,-0.0473,0.7446,2.3243,1004.8054,85.0,189.6,102.3,48.0,180.004,0.6265,0.0893,0.0662,0.049,0.0184,5.6111,6.331,16.249,0.0137,0.49,0.0307,601.0,1748.0,0.125,0.043,0.281,3.1,0.538,0.5857,0.0385,0.6871,0.4228,0.8611,0.367,0.0664,6.87,17.15,49.321,1.183,15.7,2.59,22.038,113.118,0.0443,0.0571,0.0925,0.0733,0.0701,0.1599,0.083,0.0669,3.2411,0.0857,0.006,181.5117,0.0941,606.2998,0.0213,0.0217,0.05729245807520447,0.0235,55.5248,2.7255,0.0368,0.3761,0.0351,2.2894,24.4622,52.9682,35.7726,0.1896,1.5837,0.0251,1.9157,0.1326,0.0091,301.6514,96.8035,303.3815,933.2947,0.0584,0.0206,0.1296,0.9735,0.0415,0.1655,0.2156,0.0176,0.0585,6.5511,0.111,7.0729,0.0252,1.7471,5.8406,15.6771,0.356,0.6749,1.4294,7.1772,30.8301,0.0113,0.029,0.0431,0.0362,0.0192,0.0739,0.0389,0.0286,1.0631,0.0272,0.0019,55.8926,0.0314,216.2981,0.016252508422847325,0.009,19.6903,0.8207,0.0134,0.132,0.0124,12.5668,0.8041,3.8975,6.2615,3.9947,2.1143,14.3036,44.9094,6.215,51.9767,3.7878,1.4197,3.9275,2.1985,17.5947,71.4928,9.8078,2.1441,3.8793,4.893,37.0787,48.6739,15.7024,0.6783,0.4215,1.0721,0.6795,5.6105,6.8251,2.7182,5.433,4.9191,2.644,19.4794,5.927,11.5505,7.5067,94.2171,3.0708,20.9306,122.7329,994.1094,228.6286,0.0,198.3728,278.5714,210.3929,224.1206,50.3171,1.678,3.5696,0.6162,10.5708,55.6,0.0,68.5315,444.4444,13.009878160220824,2.5685,7.6087,0.1001,4.6061,5.9353,1.5106,5.8086,76.022,17.03,0.97,7.0198,0.4229,72.7591,4.1619,1.2759,0.7213,0.1946,53.157,5.13,0.1165,2.3009,0.0519,1.9485,19.9909,537.8145,2.1113,8.43,0.2364,2.766,0.0766,1.5675,11.1971,0.0108,2.1574,0.0184,0.0151,82.0989
-1.0,3032.73,2270.2556,1.395,104.8078,1.5537,0.022,-0.0027,195.3425,10.0002,420.4726,0.9692,185.9278,12.4761,1.403,-3617.5,514.75,0.9333,1.7835,3.3272,60.2444,2.2667,0.1976,85.0465,8.5762,63.8294,66.4424,87.4811,74.04,4.768,361.4573,147.8655,756.6351,1.2281,140.1191,649.4418,255.631,4.632,4.908,2845.0,0.9231,-5.5327,363.8591,10.0247,122.3327,9.6391,25.5327,34.0855,722.5495,153.6109,639.8027,110.5151,-0.0079,-0.0592,-0.1625,-0.0423,-0.0012,-0.0291,-0.1003,8.0131,0.1362,0.9885,1777.3281,0.1825,9100.62,-0.0838,0.0065,0.0572,0.0399,0.47587571829058495,0.9356,769.1809,0.9911,58.6493,0.5985,0.97,6.2676,15.85,3.263,15.85,15.82,0.8987,0.5158,3.207,-0.0473,0.7446,2.3243,1004.8054,99.0,188.2,158.7,48.0,180.004,0.6265,0.1023,0.0634,0.051,0.0194,5.6486,5.949,15.49,0.0126,0.49,0.0725,1653.0,1895.0,0.032,0.028,0.076,2.5,0.18,0.6997,0.1451,0.6485,0.2364,1.1329,0.212,0.1344,3.21,15.2,53.933,1.148,11.45,4.9,21.303,68.416,0.0545,0.0817,0.0395,0.14704999999999996,0.0283,0.0535,0.0959,0.16615,2.9399,0.0423,0.0015,120.1371,0.0516,1253.3994,0.0176,0.0171,0.05801728828370678,0.0211,123.2961,2.9492,0.04,0.3633,0.0351,2.2894,24.6061,62.7876,55.7701,0.1896,1.5837,0.0413,1.9409,0.1326,0.0219,733.2587,145.962,515.9667,874.9561,0.0148,0.0116,0.0383,0.8833,0.0359,0.059,0.283,0.0587,0.0927,5.8924,0.0653,7.2303,0.0331,1.0938,5.079,15.2805,0.3114,1.4931,1.4465,7.4928,20.1499,0.0225,0.0337,0.0168,0.06770000000000001,0.0128,0.0267,0.0513,0.08248588237179322,1.1421,0.0113,0.0006,44.674,0.0189,428.9316,0.013243089298211618,0.0067,38.8554,0.8995,0.0132,0.1301,0.0124,12.5668,0.8041,4.5185,6.2056,6.3031,2.1143,14.3036,44.9094,6.5844,59.4889,3.684,1.3003,3.9275,5.1695,33.6144,368.1399,3.4289,1.5699,2.2842,4.1498,44.1176,53.6558,4.9112,0.8227,1.6919,1.016,0.3762,5.3063,5.0181,2.6989,10.9411,2.2909,2.3405,21.098,5.927,11.4517,6.2616,118.7873,2.9483,10.2185,61.9065,692.0635,464.8649,368.641,66.9031,0.0,329.5533,550.4112,36.6885,1.1747,1.7598,0.154,6.7594,28.2881,927.4576,89.7338,0.0,12.346932477400555,2.2532,16.0295,0.0672,5.0285,5.797,1.5106,5.8086,83.86775519809012,18.555233516508405,1.4835430163554466,8.439684066915483,0.6093628545697578,51.063152800442246,4.586512527780534,1.8086416233099851,0.1456,0.0334,15.8112,2.11,0.1089,0.8406,0.0486,0.8002,18.6964,531.8418,2.1849,10.26,0.4839,3.5183,0.1343,1.9291,22.148,0.0105,2.0979,0.0184,0.0151,82.0989
-1.0,3040.34,2207.3889,1.2043,104.0311,1.5481,-0.0367,0.0014,196.2746,8.4061,409.1399,0.9701,186.4275,12.5222,1.4208,-4149.25,-1533.5,1.333,1.9803,7.4065,66.2,2.9556,0.2366,85.3498,8.6397,64.1999,65.43819999999997,86.7217,63.93999999999998,1.1460000000000004,361.8609,143.0718,749.7516,1.2123,141.7482,646.6809,257.9247,4.632,4.908,2845.0,0.9231,0.4836,361.5118,10.2084,123.5555,11.7073,19.5164,26.2174,723.5343,149.9064,634.9736,111.8165,0.0204,0.0251,0.0022,-0.0156,-0.0011,-0.0344,-0.0095,6.8241,0.1284,0.968,1773.5327,0.214,9242.01,-0.0142,0.0372,0.0373,0.1023,0.44536194885446034,0.9397,790.0665,0.9904,59.4838,0.6005,0.9672,6.306,15.87,3.15,15.87,15.84,1.045,0.5323,3.555,-0.4258,0.7785,2.3122,1006.4594,92.0,63.7,28.9,74.7,416.4299,0.3067,0.085,0.0518,0.0612,0.0212,13.7967,5.292,19.587,0.0142,0.45,0.0776,1036.0,5475.0,0.109,0.066,0.065,2.6,0.325,0.8505,0.1437,0.6196,0.3962,0.9807,0.426,0.1215,4.14,16.88,52.72,0.44,17.69,5.3,21.532,82.523,0.0622,0.0479,0.0772,0.1055,0.0474,0.0886,0.0494,0.0384,5.9548,0.0945,0.0097,200.167,0.0523,765.2998,0.0196,0.0158,0.05053419626178057,0.0179,74.1862,2.793,0.0273,0.3696,0.0322,2.3222,27.5221,24.8245,9.3474,0.0892,2.0954,0.0242,1.8374,0.1246,0.0251,441.7317,279.3486,1740.3043,2552.7019,0.0467,0.0307,0.0296,0.9083,0.0445,0.1218,0.3077,0.0618,0.0891,6.8608,0.1351,6.9173,0.0356,1.4088,5.9203,13.5137,0.1316,1.7522,1.8354,7.8185,23.8837,0.0185,0.0225,0.0339,0.0481,0.0116,0.0492,0.026,0.021,2.0058,0.0279,0.0027,61.6056,0.0183,267.8151,0.011896758697876821,0.0067,26.4901,0.9709,0.0084,0.1288,0.0108,13.0773,0.7969,4.1847,2.0952,1.1555,3.3841,43.264,25.4663,5.4906,62.9543,4.7874,1.4616,3.5936,5.4616,92.0166,357.0264,8.177,3.3329,0.8776,3.9275,40.6015,62.1419,9.6242,0.9965,1.6636,0.9651,0.1666,6.1211,6.7588,2.7428,10.0204,2.9207,2.6103,20.4401,5.927,4.3102,7.2194,151.1028,2.9759,13.6881,73.8022,304.7152,362.1928,0.0,303.9679,0.0,143.5004,404.2105,87.2611,1.4014,3.8875,1.0065,11.2863,24.4635,0.0,102.9126,0.0,12.081828950884548,1.9093,9.3899,0.1273,4.6954,5.8612,1.393,6.1015,74.534,14.63,1.48,6.18,0.6754,21.8473,3.5928,1.9857,0.6392,0.1103,66.9167,3.47,0.091,1.5261,0.036,1.3191,16.3603,532.2673,2.282,6.0,0.3148,2.3022,0.0921,1.1273,13.7941,0.0117,2.3737,0.0184,0.0151,82.0989
-1.0,2988.3,2208.8556,1.5509,107.8022,1.5362,-0.0259,-0.0179,197.1793,13.3419,404.5667,0.9697,186.9869,12.5635,1.4075,-4006.5,-1275.5,1.318,2.0157,7.4305,65.0778,2.4556,0.2184,84.9105,8.6789,64.1125,65.43819999999997,86.6867,76.9,1.279,364.49,133.5982,734.4697,0.8523,134.74,632.8282,125.4382,4.4879999999999995,4.748,2936.0,0.9139,15.64135,361.6618,10.3268,116.0718,9.9538,17.5264,22.8371,711.6326,147.6491,625.3827,112.5148,-0.0139,-0.0145,0.0025,0.057850000000000006,-0.1092,-0.0111,-0.0019,7.5953,0.1392,0.991,1822.7262,0.1969,8769.58,0.0507,0.1246,-0.0232,-0.0351,0.4675,0.9449,768.1313,0.9904,59.1313,0.6047,0.9755,6.3534,15.87,3.15,15.87,15.84,1.045,0.5323,3.555,-0.4258,0.7785,2.3122,1006.4594,85.0,199.8,100.1,47.2,219.162,0.4712,0.0592,0.0357,0.039,0.0221,12.173,10.423,6.511,0.0146,0.35,0.0414,906.0,1672.0,0.165,0.071,0.259,1.8,0.554,0.9386,0.0356,0.4391,0.2618,0.8567,0.664,0.1186,6.66,13.16,29.118,0.89,10.43,6.25,22.36,158.96999999999997,0.156,0.0488,0.0767,0.0165,0.0811,0.0809,0.0777,0.0855,2.8763,0.0811,0.0009,81.2722,0.0388,1386.9004,0.0166,0.0171,0.0283,0.0136,139.957,2.3663,0.035,0.32,0.0322,2.3222,26.5934,60.3324,39.0394,0.1648,1.5865,0.0224,3.1301,0.1048,0.0115,432.2865,171.1695,1552.4676,757.98,0.076,0.0341,0.1167,0.5848,0.0519,0.187,0.3483,0.0128,0.0973,5.2005,0.232,6.7628,0.0394,1.8735,3.9371,10.9416,0.2498,1.7887,2.2174,6.4949,50.93910000000001,0.0429,0.0207,0.0395,0.0087,0.0258,0.0369,0.0406,0.0352,1.0112,0.026,0.0003,25.7636,0.0142,515.5785,0.0057,0.0052,53.7607,0.7871,0.0111,0.1033,0.0108,13.0773,0.7969,3.8068,6.6861,3.9737,2.1369,18.9304,30.3788,3.8536,78.1223,1.6094,1.5012,2.7859,2.9399,82.2663,131.0858,12.519,3.5223,3.4856,2.7659,57.0136,60.4273,16.0476,1.1054,0.4097,0.6849,0.3332,4.4555,11.325,3.2538,13.9114,4.9429,2.0796,23.213,3.0301,8.6183,7.952,104.7844,3.1421,32.1569,153.1789,0.0,67.1483,666.6667,120.5836,74.1012,701.5801,0.0,37.8695,3.3756,3.3332,0.0881,4.4588,19.6865,0.0,118.77044999999998,250.7463,6.0454,1.439,18.2205,0.1475,4.0018,5.0364,1.393,6.1015,74.542,19.83,1.33,8.1693,0.6061,67.1028,4.8795,1.7842,0.7055,0.1416,73.9007,6.5293608231987195,0.1511412494227121,2.7247662631595135,0.06043598239382891,2.522357277370113,21.07023595028792,534.6455,2.0642,7.81,0.2811,2.2358,0.0783,1.4608,13.6183,0.0169,3.3514,0.0229,0.0108,47.1586
-1.0,2987.32,2198.398372815984,2.5534,100.63998124488712,1.6343,-0.0263,0.0116,200.8256,11.9224,414.306,0.9661,191.0598,12.4761,1.4014,-5585.0,-4198.0,1.304,1.97,7.2402,67.2,2.3889,0.1798,85.7939,8.6572,63.9008,65.43819999999997,86.6078,63.93999999999998,1.772,363.3318,145.1145,753.9565,1.2563,136.1173,644.5636,234.3188,4.668,4.94,2839.0,0.9267,3.97,365.7073,9.9405,129.0845,9.8192,16.03,22.4489,731.5075,142.5227,637.3145,114.1296,0.0092,0.0258,0.0028,0.0308,-0.0141,-0.0458,0.052,7.4077,0.133,0.9907,1769.7554,0.1768,9605.01,0.039,0.0084,-0.0123,-0.0631,0.4346888986224021,0.9322,852.5298,0.9904,58.8213,0.6063,0.9785,6.3013,15.87,3.15,15.87,15.84,1.045,0.5323,3.555,-0.4258,0.7785,2.3122,1006.4594,73.0,81.0,84.7,57.42865844690294,431.80199823945884,1.0612,0.1115,0.0466,0.04,0.023,5.3652,5.516,9.234,0.017,0.49,0.0712,227.0,7289.0,0.08,0.082,0.221,1.5,0.428,0.9784,0.0695,0.497,0.3455,0.8885,0.388,0.0931,6.88,16.41,53.586,0.9,11.21,4.46,20.259,57.947,0.0955,0.0393,0.0925,0.0807,0.0655,0.0888,0.0839,0.0423,4.1294,0.0857,0.0006,161.8708,0.1254,453.9004,0.0144,0.0161,0.04802972338563116,0.014,40.675,3.36,0.0275,0.3759,0.0322,2.3222,19.3185,25.0412,28.1733,0.36060000000000003,2.2224395108177193,0.0331,1.7591,0.1326,0.0253,103.8813,181.3781,1407.5641,3645.352,0.034,0.039,0.1039,0.522,0.0505,0.1756,0.3497,0.0266,0.1056,7.2532,0.1283,6.6868,0.029,2.5039,5.6009,15.1459,0.2957,1.5802,1.6383,6.9721,17.7174,0.0268,0.0163,0.0449,0.0342,0.0218,0.0472,0.0407,0.0192,1.4688,0.0272,0.0002,51.8144,0.0374,159.5537,0.01314820294891612,0.0046,13.882,1.1235,0.0085,0.1284,0.0108,13.0773,0.7969,3.3297,2.7115,3.3494,2.6172288812688804,34.77160820701792,25.78649110734734,6.8224,46.266,2.2288,1.7554,3.9275,5.0812,56.2578,173.6303,6.135,4.1624,3.0524,2.2321,46.0465,76.7614,12.8242,1.1404,0.8029,0.7778,0.2677,6.1184,6.5121,2.6905,7.4142,5.0545,2.5459,22.8688,5.878,9.0538,6.2285,114.1647,2.7695,24.9484,50.773,0.0,488.1988,0.0,212.3607,630.9059,183.0878,81.268,55.7439,2.4056,3.5696,0.0563,9.1465,63.31987047269746,0.0,87.8049,0.0,12.445429008051063,1.4982,4.7711,0.1006,5.7122,5.9647,1.393,6.1015,79.676,12.44,0.63,6.109,0.2694,33.2024,3.0613,0.7907,0.8523,0.129,88.8535,3.62,0.0606,1.4077,0.0283,1.3582,10.397,531.2491,2.2134,6.86,0.3007,2.4529,0.0945,1.2913,13.5856,0.0117,2.3308,0.0229,0.0108,47.1586
-1.0,3012.0880641349518,2207.3889,1.2043,104.0311,1.5559,0.0002,-0.0044,196.6315,13.6262,410.695,0.9684,186.2811,12.4761,1.4061,-3876.75,-309.75,1.31,2.0095,7.3445,65.1667,2.7222,0.2469,85.3498,8.6397,64.1999,65.43819999999997,86.7217,63.93999999999998,1.1460000000000004,362.3936,146.5309,755.3269,1.238,136.5327,645.4573,226.1465,4.668,4.94,2839.0,0.9267,0.12,364.0564,10.06,126.6509,11.5491,19.88,27.2876,728.0393,143.2009,633.9082,99.9672,0.0157,-0.0638,-0.0275,0.0042,-0.0378,-0.0309,0.0455,6.8927,0.1323,0.9903,1859.4925,0.1937,9233.7999,-0.1293,-0.0372,0.0776,-0.24175000000000002,0.4328366488958839,0.9476,804.2368,0.9906,58.6908,0.6039,0.9791,6.3145,15.87,3.15,15.87,15.84,1.045,0.5323,3.555,-0.4258,0.7785,2.3122,1006.4594,152.0,135.3617029544323,73.9,74.7,416.4299,0.3067,0.0617,0.0299,0.0583,0.0223,12.1976,10.104,3.524,0.0167,0.49,0.0421,1001.0,900.0,0.13,0.011,0.197,2.2,0.317,0.8505,0.1437,0.6196,0.3962,0.9807,0.401,0.1097,6.16,15.4,71.007,0.863,17.51,5.9,23.169,72.576,0.0954,0.0658,0.043,0.0766,0.0873,0.118,0.1087,0.0579,7.2824,0.0448,0.0017,122.2117,0.0894,629.9004,0.0369,0.0217,0.04951746993141393,0.0116,62.2225,3.447,0.0263,0.411,0.0322,2.3222,44.2333,44.96795673832614,28.9209,0.0892,2.0954,0.0215,3.2733,0.1326,0.0134,430.2875,175.7811,1904.3997,433.9934,0.0601,0.0052,0.0817,0.7874,0.0431,0.1066,0.3077,0.0618,0.0891,6.7289,0.1448,7.1292,0.0317,2.0232,5.47,23.6387,0.2963,1.8395,2.2857,8.3686,23.1475,0.0241,0.0334,0.0221,0.0376,0.0237,0.0506,0.0517,0.0273,2.4148,0.0149,0.0005,38.874,0.0243,174.3243,0.012655362910285049,0.0031,17.255,1.1569,0.0104,0.1328,0.0108,13.0773,0.7969,6.6231,4.49106174592429,2.9776,3.3841,43.264,25.4663,3.9655,74.1514,0.8581,1.7251,3.9275,2.9942,111.8205,290.5569,9.9237,0.5474,2.6823,3.376,33.0612,56.3006,9.2705,0.9965,1.6636,0.9651,0.1666,5.9383,5.8008,2.7682,8.8646,4.5117,2.3859,31.3987,5.878,8.5785,5.985,151.6133,3.1824,16.926,72.5998,607.6433,0.0,279.0528,0.0,312.1693,351.4956,127.3227,106.0296,2.1164,1.875,0.1697,6.5723,46.1713,0.0,64.3929,840.0,12.598145842077747,1.219,7.7368,0.0828,5.8732,6.5092,1.393,6.1015,80.44,23.06,1.71,10.8976,0.7116,41.4697,5.621,2.1258,0.4697,0.0905,51.4535,3.75,0.1376,1.3936,0.056,1.4257,24.1277,530.1291,2.0645,8.1,0.206,2.8482,0.0644,1.5279,9.9804,0.0137,2.7729,0.0175,0.006,34.4153
-1.0,3002.27,2207.3889,1.2043,104.0311,1.5465,0.0195,-0.0114,199.6394,15.4346,418.2477,0.9706,189.2748,12.4761,1.406,-3641.5,65.25,1.3122,1.9715,7.2113,66.3556,2.9222,0.2556,85.3498,8.6397,64.1999,65.43819999999997,86.7217,63.93999999999998,1.1460000000000004,361.0045,145.8655,754.3495,1.2077,144.0927,650.9627,258.5432,4.632,4.908,2845.0,0.9231,-3.6564,363.3227,10.0374,122.2091,10.1218,23.6564,31.9128,722.4367,155.3091,640.8409,102.0085,-0.0336,0.0089,-0.0256,0.0498,-0.0477,-0.039,0.0217,7.242,0.1401,0.9912,1765.2057,0.1606,8189.1601,0.0591,-0.04,-0.018,-0.0385,0.44412438500949347,0.936,700.0255,0.9903,58.9384,0.5931,0.9686,6.2861,15.86,3.361,15.91,15.88,1.087,0.4999,2.996,0.0473,0.7777,2.3124,1006.8463,92.0,55.5,58.7,74.7,416.4299,0.3067,0.1005,0.0504,0.0579,0.0282,9.3605,14.962,6.432,0.0142,0.49,0.0776,668.0,1144.0,0.087,0.091,0.175,2.6,0.485,0.8505,0.1437,0.6196,0.3962,0.9807,0.241,0.1032,6.37,17.45,100.216,1.069,16.13,5.81,23.748,88.174,0.1077,0.0536,0.1043,0.0936,0.0776,0.0296,0.0737,0.0892,4.2643,0.0804,0.0012,121.6108,0.0665,361.5996,0.0155,0.0139,0.0538593374661166,0.0224,49.4254,3.2127,0.0198,0.3661,0.0326,3.1248,27.5221,21.222,17.1354,0.0892,2.0954,0.0365,4.7194,0.1326,0.0236,286.4628,185.2647,1132.135,530.0424,0.0393,0.0451,0.0851,0.7248,0.0657,0.1585,0.3077,0.0618,0.0891,6.6914,0.0913,6.8796,0.0301,1.7676,5.7504,26.3726,0.2906,1.8127,2.4036,8.1658,27.4602,0.0315,0.0228,0.0463,0.0411,0.0262,0.0136,0.0382,0.0394,1.416,0.0311,0.0003,39.0707,0.0204,118.6846,0.012321232587146671,0.0081,18.3722,1.101,0.0071,0.1296,0.0106,10.9354,1.1525,4.1847,1.8486,2.3504,3.3841,43.264,25.4663,6.4987,96.9378,1.5378,1.4638,3.9275,5.5221,64.6437,0.0,6.6298,4.6158,2.4268,3.9183,30.7985,83.3478,14.3699,0.9965,1.6636,0.9651,0.1666,5.9722,6.3895,2.6647,8.5423,4.4208,2.6806,38.7618,5.927,10.6502,5.0569,159.359,3.2872,25.8499,86.4379,320.5953,121.3356,365.2683,155.706,62.087,188.9744,410.5869,58.8831,3.2496,3.2988,0.1229,6.8893,41.381,0.0,42.9066,781.3953,11.781031815000603,2.3973,7.0605,0.0972,5.451,5.8237,1.4119,7.8147,74.928,14.97,1.33,6.9097,0.5707,19.7939,3.6801,1.775,0.6392,0.1103,66.9167,6.67,0.108,2.4858,0.043,2.5105,18.1074,528.1864,2.3338,7.49,0.2964,2.6843,0.0863,1.4181,12.6981,0.0114,2.2849,0.025,0.0286,114.5979
-1.0,3010.41,2203.9,1.2639,102.2733,1.4227,0.0194,0.0073,199.0177,4.704,406.7425,0.9802,189.5111,12.5784,1.4085,-1949.5,379.25,0.67205,1.7109999999999996,1.4365,64.6778,2.4889,0.1939,84.0432,8.7487,64.3732,66.6566,87.85059999999999,63.93999999999998,5.041,353.2882,141.6082,736.8018,1.278,139.4736,634.37,203.335,4.559,4.792,2848.0,0.9296,15.3536,351.2736,10.4565,116.9618,15.3809,24.6464,33.5962,703.2056,150.7536,618.9891,110.0722,-0.0261,-0.0182,-0.0811,0.057850000000000006,-0.0795,-0.0101,-0.0164,7.5351,0.135,0.9706,1710.6147,0.1981,8592.1301,0.0,0.0,0.0,0.0,0.4681,0.9339,653.0773,0.9906,58.968,0.5954,0.9627,6.5034,15.73,1.877,15.73,15.7,0.7285,0.3395,3.765,0.0946,0.8743,2.3326,996.2552,151.0,135.4,136.6,67.4001,326.247,0.1161,0.0495,0.086,0.0552,0.0058,7.816,5.503,16.678,0.0037,0.35,0.0686,2060.5,895.0,0.277,0.21200000000000002,0.498,1.4,0.094,0.879,0.1015,0.6257,0.3244,0.6083,0.348,0.1008,6.21,15.55,67.43,0.238,11.37,3.32,19.653,73.169,0.16345,0.0542,0.0896,0.0576,0.0772,0.0863,0.0606,0.0277,3.6087,0.0597,0.0079,107.2256,0.0966,1342.7002,0.031,0.0267,0.0225,0.0364,117.9089,3.2675,0.0473,0.1875,0.0745,4.1499,39.7604,53.3329,46.0845,0.0356,2.3733,0.0161,1.6586,0.0974,0.0209,912.5788,562.8794,2252.2613,451.8801,0.12369999999999999,0.09505000000000002,0.2273,0.4816,0.031,0.0381,0.3131,0.0388,0.0328,5.7899,0.106,6.1235,0.0274,1.614,5.2174,21.404,0.0642,1.2514,1.4693,6.989,25.9075,0.045450000000000004,0.0235,0.04,0.0248,0.0261,0.0455,0.0318,0.0129,1.3111,0.0206,0.0023,35.2281,0.03,456.4732,0.0044,0.0129,38.7773,1.0785,0.0133,0.0712,0.0225,6.0139,1.3121,6.8086,4.4977,5.1884,3.0582,29.2228,9.1854,3.4792,116.9855,4.1004,0.3813,2.7826,4.8734,204.5653,235.9921,23.078450000000004,10.417850000000001,7.544649999999999,2.1646,36.1607,46.4183,2.7213,1.0459,1.1601,0.972,0.6795,5.2309,7.1465,2.509,7.8852,4.4525,2.4512,33.162,6.0155,2.2761,10.3624,73.9229,2.7948,11.4665,66.4736,721.8016,115.9979,70.9797,128.2525,108.5193,598.5185,169.1603,47.892,3.2587,2.4906,0.8118,6.2682,48.7564,0.0,60.3279,0.0,4.8108,3.8955,18.0544,0.0864,5.5411,2.8835,3.1938,11.2326,80.348,20.53,1.66,8.9829,0.7528,85.0749,5.0015,2.066,0.1407,0.0344,14.764,6.423730891007794,0.11974343787475358,2.670689534224177,0.05160868694892409,2.451094965301518,21.996642070959076,535.7491,2.2233,7.17,0.4183,2.6206,0.1133,1.3383,18.8142,0.0159,3.1576,0.0288,0.0361,125.06
-1.0,2979.74,2257.1667,1.4918,106.34,1.5136,0.0018,0.0058,205.9919,10.6611,413.1526,0.9559,196.2449,12.4222,1.4095,-1975.75,533.75,0.67205,1.7109999999999996,1.5685,67.0333,2.4333,0.2022,85.0716,8.6942,64.3976,65.9335,86.8448,76.33,2.325,361.2073,126.8355,726.0669,1.3413,145.3945,633.4373,203.7696,4.641,4.88,2864.0,0.9326,2.9964,358.7745,10.572,109.8318,16.7209,17.0036,24.7224,701.3445,148.11,616.7164,99.9869,-0.038,-0.0449,-0.0338,0.0064,0.0137,-0.0219,-0.0038,7.1955,0.1396,0.97,1859.2332,0.1502,8753.19,0.1484,-0.0632,-0.0457,0.0912,0.45241326481740285,0.9466,771.7826,0.9906,59.1446,0.6096,0.9674,6.2968,15.98,3.421,16.04,16.01,0.9365,0.5212,2.945,-0.615,0.7839,2.2931,1013.0161,95.0,158.2,148.8,55.1001,339.527,0.6241,0.0992,0.0932,0.0815,0.0231,7.8744,9.437,5.94,0.0214,0.55,0.0664,2060.5,1180.0,0.277,0.21200000000000002,0.498,1.5,0.136,0.9265,0.1267,0.4491,0.3082,0.9837,0.634,0.1081,6.39,12.16,36.998,0.385,11.35,4.84,19.516,59.658,0.0403,0.0417,0.041,0.0213,0.0372,0.0902,0.0849,0.095,1.9161,0.129,0.008,144.4434,0.0231,739.1006,0.0189,0.013,0.0739094154651142,0.0271,65.6326,2.6365,0.0208,0.3481,0.0236,2.9999,25.2271,58.0782,54.2649,0.1912,2.7219,0.0316,2.7044,0.1468,0.0191,912.5788,562.8794,2292.6233,623.1289,0.12369999999999999,0.09505000000000002,0.2273,0.522,0.025,0.0467,0.3341,0.0542,0.0568,5.196,0.176,6.4657,0.0332,1.9739,4.0818,13.3601,0.1225,1.4067,1.6331,6.0941,19.4626,0.0125,0.0189,0.0168,0.0093,0.0113,0.0424,0.0451,0.0448,0.7292,0.0456,0.0026,42.2656,0.0077,205.6237,0.014354217693802124,0.008,20.1218,0.8916,0.0074,0.1266,0.0085,12.8061,0.9718,4.1453,5.3092,6.082,2.4411,23.6118,41.8356,6.5537,88.5181,1.4377,2.24,4.4275,4.7094,214.0453,221.0773,23.078450000000004,10.417850000000001,7.544649999999999,2.2377,32.8767,38.5714,3.8656,1.0891,1.4577,0.6974,0.299,4.0309,4.226,3.0084,8.0599,4.3949,1.9197,18.1568,5.0769,3.6417,4.8438,67.879,2.7827,11.383,59.6658,106.1399,221.2202,62.9247,583.5294,657.1949,387.2292,0.0,26.6291,2.1485,5.3773,0.8246,7.769,15.3589,0.0,65.8494,164.7059,16.6513967381834,2.8668,8.504,0.0546,4.4577,5.5279,1.0297,8.2965,73.706,20.63,0.56,8.7911,0.2431,99.7429,5.0121,0.7598,0.4962,0.0792,51.1223,4.87,0.1832,1.8536,0.0806,1.8764,24.8352,532.6318,2.253,9.25,0.2794,2.9887,0.0953,1.7367,12.4036,0.026000000000000006,5.21645,0.0288,0.0361,125.06
-1.0,3067.35,2257.1667,1.4918,106.34,1.486,-0.0019,-0.0056,206.4033,14.8136,419.0913,0.9567,196.5835,12.4222,1.4051,-4712.25,-1822.5,1.2977,2.0137,7.4067,68.0333,2.3111,0.1942,84.9052,9.7997,64.2828,65.43819999999997,87.5241,78.25,2.773,350.2682,129.7482,720.3336,1.3832,143.4855,623.5018,229.5932,4.567,4.824,2856.0,0.9324,-6.9155,348.6018,10.8767,102.8327,19.5391,26.9155,34.5361,685.7975,152.5282,603.9627,110.3976,-0.0227,0.0002,-0.0241,0.0055,-0.0023,-0.0387,0.0377,7.4259,0.13516298642720975,0.9578,1879.3624,0.1732,9381.19,0.0829,-0.0521,-0.0047,0.0898,0.4550148777445382,0.9351,748.729,0.9907,58.7381,0.5981,0.9759,6.391,15.98,3.421,16.04,16.01,0.9365,0.5212,2.945,-0.615,0.7839,2.2931,1013.0161,70.0,197.4,179.4,55.1001,339.527,0.6241,0.0623,0.0901,0.0448,0.0227,7.2378,12.656,5.072,0.0213,0.55,0.0273,542.0,1748.0,0.148,0.115,0.207,2.7,0.301,1.0498,0.1917,0.6582,0.4115,1.0181,0.286,0.1131,3.7,25.5,35.488,0.216,19.84,5.3,28.83,80.679,0.0488,0.10470000000000002,0.0963,0.071,0.076,0.0942,0.0445,0.0796,3.5852,0.0811,0.013699999999999999,111.3529,0.1243,1129.2002,0.0155,0.0113,0.061268763992723296,0.0215,115.4689,2.3593,0.0295,0.2346,0.0236,2.9999,18.7521,75.3153,62.5772,0.1912,2.7219,0.0209,4.016,0.1468,0.0083,243.4904,307.8943,1347.0816,747.5638,0.0629,0.0531,0.0931,0.9233,0.0432,0.1074,0.3814,0.0715,0.0856,5.45,0.0801,10.1805,0.0314,1.1113,7.198,12.3181,0.0696,1.6294,2.2553,9.2493,25.5542,0.0131,0.0455,0.0431,0.0339,0.0192,0.0408,0.0243,0.0412,1.2011,0.026,0.0046,39.9012,0.0374,360.415,0.01290471529498229,0.0064,38.2373,0.6982,0.011,0.0893,0.0085,12.8061,0.9718,3.1908,6.4355,7.3036,2.4411,23.6118,41.8356,4.1923,85.4348,1.2102,2.2223,4.4275,1.9415,63.2819,95.9122,11.4044,5.7107,2.7947,3.9686,51.9231,68.4783,8.8951,1.2364,1.9562,1.0239,0.2751,5.1047,7.3373,4.7225,8.1765,2.5787,4.0898,15.4569,5.1858,1.9859,7.1962,101.5401,4.2039,15.2357,73.0804,214.9188,252.7066,294.6058,0.0,0.0,115.0614,211.0007,48.2793,2.4114421843613676,3.3332,1.3944999999999999,5.925,63.31987047269746,0.0,48.0962,485.7143,13.038524393462595,2.294,15.422,0.0909,4.0167,3.671,1.0297,8.2965,77.85512248119215,17.159738398382768,1.250866296112869,7.593445641974069,0.5267239842806726,64.42859519985808,4.246185139282215,1.6181310538058524,0.1456,0.0334,15.8112,7.12,0.2233,2.7185,0.0959,2.7394,30.4914,530.4545,2.3075,5.4,0.4222,1.7463,0.1408,1.018,18.2982,0.0083,1.6593,0.0288,0.0361,125.06
-1.0,2988.99,2223.0333,1.3548,109.7067,1.5582,-0.0101,0.0204,199.6076,5.7692,405.8875,0.9715,189.3926,12.4231,1.3967,-4466.5,-117.25,1.3125,2.0017,7.3487,62.8889,2.8778,0.247,84.3324,8.9336,64.2529,65.43819999999997,86.8595,76.69,2.678,355.63,150.7873,751.0793,1.0783,133.0773,639.4945,206.0549,4.585,4.832,2890.0,0.933,15.64135,359.7527,9.6798,128.1745,9.3895,22.6127,27.4102,723.6691,143.3318,631.2591,171.74984999999998,-0.0369,0.0012,-0.0809,0.057850000000000006,0.0968,-0.0076,0.0153,7.4824,0.1417,0.9891,1920.2216,0.1695,8608.34,-0.1689,-0.0205,0.0385,-0.1774,0.476,0.9372,735.4067,0.9906,58.6421,0.5757999999999998,0.9687,6.242,15.98,3.759,15.99,16.05,0.9554,0.5765,3.356,-0.0473,0.6287,2.2887,1009.9942,159.0,141.1,117.0,66.8,339.561,0.7873,0.0758,0.0464,0.0591,0.0194,6.5852,5.248,13.245,0.0123,0.35,0.0567,455.0,977.0,0.088,0.112,0.225,3.8,0.365,0.8976,0.0835,0.5916,0.3702,0.8671,0.562,0.1515,5.92,16.31,62.714,0.726,13.36,6.52,23.448,32.267,0.1627,0.10470000000000002,0.06,0.0626,0.0847,0.0493,0.0616,0.0394,2.6622,0.0662,0.002,202.5439,0.0438,1493.2002,0.0289,0.03,0.0332,0.0301,151.4158,4.9397,0.06409999999999999,0.1608,0.0381,4.2709,28.6566,46.6935,44.5725,0.2666,3.0417,0.0242,1.5872,0.0969,0.0194,190.1736,177.2362,1026.9549,439.7964,0.0384,0.049,0.0958,1.2554,0.0304,0.1121,0.3181,0.0383,0.0971,4.4239,0.1726,5.722,0.0419,1.9211,4.2766,18.5638,0.2409,2.0018,2.8963,7.2913,9.6176,0.045450000000000004,0.0455,0.0267,0.0293,0.0249,0.0204,0.0316,0.0202,0.8788,0.0227,0.0006,59.6299,0.0123,595.9511,0.0077,0.0103,56.2493,1.57,0.0204,0.0618,0.0125,9.2223,1.5844,7.1384,4.7207,4.4868,3.0049,22.1358,58.1134,4.8644,90.9661,3.2632,1.2655,2.8173,4.0595,51.7407,833.2623,6.7048,5.5951,3.0617,6.0424,38.2239,34.8178,10.5228,1.0644,0.9342,0.9207,0.2252,4.0379,6.7645,2.7888,14.0516,4.4485,2.5505,30.4356,2.7541,7.5001,6.4521,142.2862,3.2402,15.6314,15.7485,441.2203,293.1242,77.4273,137.7096,50.9561,815.894,257.0962,35.5788,4.941799999999999,2.7883,0.1988,10.5479,25.8214,0.0,69.6774,0.0,6.9757,3.2067,20.5894,0.1349,8.4235,2.5756,1.6664,11.2457,73.3,12.25,0.37,5.289,0.1609,34.3286,3.0919,0.5048,0.2005,0.0456,20.9776,10.42,0.2008,3.8702,0.0961,3.9248,23.5268,528.41,2.3265,9.37,0.238,3.3671,0.0753,1.7732,10.2289,0.0158,3.1232,0.0183,0.0388,216.9552
-1.0,2972.78,2190.4889,0.8614,102.1178,1.5438,0.0065,0.0032,206.4436,11.3083,403.4278,0.9574,196.6691,12.5473,1.409,-4005.0,678.5,0.8902,1.802,3.2887,66.1667,2.2,0.1818,84.7166,8.8388,64.1968,65.9055,85.73010000000001,76.67,4.07,354.9573,154.66,755.6347,1.068,133.6536,643.2709,202.0517,4.585,4.832,2890.0,0.933,13.1136,359.5655,9.678249999999997,127.7736,13.3609,26.8864,37.2145,718.4202,142.5709,629.91,97.2744,-0.0241,-0.0053,-0.063,0.057850000000000006,-0.0902,0.0061,0.0195,7.0038,0.137,0.989,1795.493,0.2003,8883.0601,-0.0353,-0.0586,0.1019,-0.0402,0.4737,0.9413,761.5706,0.9904,58.0546,0.5999,0.9683,6.2931,15.98,3.421,16.04,16.01,0.9365,0.5212,2.945,-0.615,0.7839,2.2931,1013.0161,123.0,132.2,211.9,60.8,725.25,0.28,0.1335,0.0498,0.0362,0.0238,7.7283,11.764,5.785,0.0214,0.41,0.0529,724.0,307.0,0.084,0.062,0.092,1.6,0.112,0.8333,0.0324,0.585,0.3804,1.013,0.452,0.1841,6.21,13.77,31.462,0.866,14.76,6.34,22.531,89.484,0.16345,0.0582,0.0765,0.0698,0.078,0.0753,0.0832,0.0424,6.467,0.0935,0.0021,128.9514,0.0956,953.7998,0.0304,0.03420000000000001,0.0597,0.018,93.2422,2.381,0.0354,0.1858,0.0236,2.9999,30.9815,57.3113,68.2654,0.0796,3.6861,0.05,3.625,0.1209,0.0201,305.296,334.9113,179.4937,150.1655,0.0349,0.0255,0.0388,0.6042,0.0222,0.0358,0.3058,0.0156,0.0962,4.1865,0.1285,5.6101,0.0504,1.5014,3.9067,11.696,0.2944,2.1842,2.9076,7.1446,28.2314,0.045450000000000004,0.0274,0.0367,0.0311,0.0244,0.0369,0.0373,0.0177,2.2857,0.0299,0.0006,39.3259,0.0273,319.2339,0.0151,0.0058,34.3875,0.6951,0.0106,0.0675,0.0085,12.8061,0.9718,5.6188,4.447,8.7145,2.7756,68.456,32.5015,8.6474,104.03,1.434,2.2383,3.2676,3.7544,9.3633,45.2469,9.4356,3.4406,2.7974,2.4181,27.2727,35.7579,3.0837,0.9836,0.3666,0.9113,0.3464,3.9272,6.3817,2.6842,17.2364,4.6463,2.1406,15.5713,2.7541,9.0132,7.2863,110.4715,3.1362,25.4735,91.9914,740.3791,91.9431,110.8817,100.6858,83.458,0.0,217.4359,92.3354,2.5556,3.9106,0.212,7.182,47.7237,0.0,60.6581,520.6349,12.6112,1.9147,12.2434,0.0824,4.1013,2.9519,1.0297,8.2965,75.182,13.05,1.32,6.0228,0.5415,50.9956,3.2913,1.7557,0.1343,0.0391,13.9158,6.67,0.0972,3.0674,0.0392,2.5477,16.4792,523.3110000000001,2.275,7.41,0.4414,2.5665,0.145,1.4217,19.4047,0.0137,2.7205,0.013,0.0165,127.5067
-1.0,2981.85,2180.3778,1.2998,100.2789,1.42,-0.0016,0.0138,198.7199,6.8715,414.1525,0.9629,190.0574,12.5473,1.3978,-3793.25,-788.5,1.2905,1.9817,7.1133,65.6333,2.6444,0.234,85.6039,8.7588,64.1668,66.6948,87.85059999999999,63.93999999999998,5.041,350.5355,145.3182,739.2852,0.894,133.3964,629.25,143.6748,4.566,4.823,2849.0,0.9287,14.7073,353.3918,10.2591,120.0255,8.2273,25.2927,31.4769,707.8083,147.6055,621.0227,108.7713,-0.0392,0.0029,-0.0198,0.057850000000000006,0.0897,-0.0399,0.0472,6.9338,0.1323,0.9905,1805.2925,0.1543,8563.6299,0.1361,0.0177,-0.0849,0.0661,0.4722,0.9409,746.772,0.9867000000000001,56.6047,0.6029,0.9597,6.5223,15.93,2.647,15.96,15.93,0.6055,0.4429,3.491,-0.0473,0.8139,2.3397,1011.7456,92.0,166.7,141.5,67.0,419.2061,0.2041,0.1302,0.0348,0.0354,0.0179,7.216,5.679,12.134,0.017,0.41,0.0534,252.0,1623.0,0.16,0.084,0.181,4.9,0.32,0.4277,0.1036,0.4883,0.2468,0.6791,0.45,0.0844,7.22,17.27,35.425,1.007,9.73,6.59,20.321,59.388,0.16345,0.0797,0.0575,0.0807,0.0918,0.0789,0.0408,0.0359,3.3551,0.0496,0.001,106.5371,0.024,1280.6997,0.0148,0.0142,0.0635,0.0206,138.6187,2.6898,0.0422,0.1722,0.0545,2.9624,24.2871,60.6468,55.1959,0.0672,2.0078,0.0439,1.7575,0.1209,0.0186,117.6124,259.6344,300.5466,749.2069,0.0743,0.0387,0.0841,1.4195,0.0386,0.1047,0.1537,0.0449,0.1125,6.2102,0.1148,6.1586,0.0249,2.3151,5.7843,11.0798,0.2772,1.6941,1.9385,6.5253,20.6955,0.045450000000000004,0.0327,0.0289,0.04,0.0236,0.0389,0.0191,0.0179,1.0749,0.0145,0.0003,32.0989,0.0073,538.0542,0.013,0.0076,57.3702,0.9245,0.0127,0.065,0.0179,6.2984,1.131,4.1167,5.5905,5.5949,3.0729,34.6812,15.6991,9.1688,82.6463,2.9298,1.7651,3.2676,3.8196,18.4011,205.8339,12.3983,4.2387,2.5445,7.4657,45.3782,54.2735,9.8671,0.4996,1.1828,0.761,0.6795,5.9652,6.7713,2.4263,9.4364,5.4124,2.7445,24.6564,5.8734,9.8157,11.4559,118.2654,2.871,15.6131,54.599,432.4462,137.4138,407.0618,152.4759,87.9354,102.1277,76.0593,48.3877,2.3438,2.122,0.1019,5.9014,15.5818,0.0,51.8436,0.0,13.4497,2.1945,18.5624,0.1786,4.752,2.6399,2.3284,6.888,73.65,20.75,0.22,9.239,0.0908,59.2285,5.1528,0.2987,0.3638,0.1162,24.2141,3.74,0.0937,1.8111,0.0354,1.4349,15.6756,534.3927,2.2461,8.78,0.4072,3.1722,0.1311,1.643,18.1292,0.0139,2.7747,0.0121,0.0178,146.8715
-1.0,2975.88,2191.6667,1.2569,100.6767,1.4481,-0.0134,0.0177,199.6605,7.3997,422.9413,0.9596,189.7974,12.4222,1.4007,-3717.0,-947.0,1.292,1.9888,7.308,68.6444,2.1667,0.1576,88.2693,9.97415,65.0056,66.8426,86.9275,65.83,5.041,362.2282,125.2091,723.714,1.3525,141.4136,628.8509,199.7561,4.641,4.88,2864.0,0.9326,15.64135,358.5782,10.3622,114.72,11.3609,10.4891,16.8198,706.8942,145.3855,618.6836,103.847,-0.0327,-0.0491,-0.0406,0.057850000000000006,0.1009,-0.0203,0.0415,7.0303,0.1305,0.9909,1794.4718,0.26075000000000004,8176.35,-0.0125,-0.0391,0.0336,0.1884,0.4614,0.9658,814.7503,0.9909,58.7904,0.5973,0.9764,6.3368,15.98,3.759,15.99,16.05,0.9554,0.5765,3.356,-0.0473,0.6287,2.2887,1009.9942,143.0,231.0,186.2,63.7002,360.905,0.1292,0.1002,0.0401,0.0518,0.0246,7.5676,7.88,11.359,0.019,0.55,0.0243,535.0,429.0,0.089,0.091,0.122,1.8,0.516,0.538,0.1308,0.5536,0.2099,0.8605,0.653,0.1093,5.18,16.59,49.935,0.361,18.72,8.94,32.298,102.361,0.16345,0.083,0.0434,0.0663,0.069,0.0633,0.0754,0.0755,3.9924,0.0491,0.0009,58.3622,0.0625,1566.8999,0.0237,0.0137,0.0292,0.0126,137.8887,2.9025,0.0335,0.1836,0.0381,4.2709,27.7474,79.739,70.0541,0.0434,2.6928,0.0383,2.5371,0.1468,0.0086,243.9242,172.3359,116.1163,208.6544,0.0375,0.0374,0.0584,0.5855,0.0581,0.1917,0.2099,0.0541,0.0928,4.6253,0.2412,6.4394,0.0335,1.6487,5.2244,16.1124,0.1288,2.5845,3.6584,9.0098,32.0764,0.045450000000000004,0.0356,0.0192,0.0323,0.024,0.0269,0.0401,0.0357,1.3308,0.0176,0.0003,17.9759,0.0203,630.4621,0.0058,0.0042,37.915,0.9439,0.012,0.0649,0.0125,9.2223,1.5844,6.48,7.7624,7.4788,2.9065,31.2769,10.2758,6.9192,106.4904,2.6857,1.9758,4.4275,1.7355,6.2416,45.301,6.8885,4.5757,1.6694,2.6222,73.8462,114.8801,14.9234,0.5279,0.5603,0.741,0.1794,4.2183,3.4582,3.0066,8.0822,3.663,2.6381,24.998,5.0769,3.4838,6.7643,164.7756,4.569,20.2372,98.569,556.7081,123.9731,163.4011,94.6015,62.7043,370.9717,181.9277,56.7886,2.0695,2.0142,0.0862,3.2523,23.0797,780.0712,49.1677,552.381,6.3198,1.3011,16.924,0.0978,4.937,2.8974,1.6664,11.2457,72.664,15.94,0.74,7.6655,0.3153,59.3795,3.9856,1.0184,0.3106,0.0578,32.7151,6.284393877330666,0.1569653769320953,2.6113364529916057,0.05652932708168251,2.3894340076862886,21.904306552336436,530.4073,2.1823,7.73,0.2625,2.6984,0.0736,1.4574,12.0275,0.018,3.6056,0.0209,0.0171,81.5459
-1.0,3058.61,2180.3778,1.2998,100.2789,1.5602,0.0041,-0.0056,206.5154,11.3994,417.3887,0.9582,196.7655,12.5473,1.4049,-4835.25,-372.75,1.2717,1.9773,7.1333,65.3667,2.9,0.2279,83.9737,8.8033,64.485,66.6916,87.85059999999999,63.93999999999998,5.041,350.2691,145.1727,739.5598,0.9038,135.12,630.5618,138.6036,4.566,4.823,2849.0,0.9287,13.1482,354.3409,10.2921,118.3209,10.3808,26.8518,33.6192,705.9406,148.6245,621.2864,101.8189,-0.0404,-0.0587,-0.0204,0.057850000000000006,-0.0805,-0.0106,0.0372,7.1925,0.1394,0.9649,1841.8205,0.1549,7561.575050000003,0.1572,0.0167,-0.0799,0.0214,0.4713,0.9424,627.1345,0.9867000000000001,55.9596,0.5993,0.9639,6.4628,15.98,3.421,16.04,16.01,0.9365,0.5212,2.945,-0.615,0.7839,2.2931,1013.0161,91.0,233.1,202.2,67.0,419.2061,0.2041,0.0991,0.0552,0.0404,0.0229,7.8236,9.283,5.807,0.0213,0.41,0.044,310.0,1321.0,0.159,0.079,0.197,4.1,0.286,0.5559,0.1067,0.4797,0.3185,0.6817,0.414,0.036,7.96,15.68,25.914,0.937,12.78,5.43,21.086,57.982,0.16345,0.0366,0.0257,0.1455,0.0894,0.0599,0.0972,0.0198,3.4124,0.0592,0.013699999999999999,104.542,0.0329,1698.7998,0.0159,0.0175,0.120188138292432,0.0303,167.3485,2.1927,0.06409999999999999,0.2111,0.0236,2.9999,28.1707,75.6871,64.7419,0.0672,2.0078,0.0354,2.9552,0.1209,0.0134,131.5862,116.7144,1252.0715,597.6701,0.0662,0.0346,0.092,1.261,0.0232,0.095,0.1997,0.0495,0.0789,5.8491,0.115,6.6218,0.0139,2.4309,5.6754,8.386,0.2914,1.5435,1.4448,6.9476,18.8512,0.045450000000000004,0.0162,0.0114,0.0652,0.0265,0.0279,0.0485,0.0083,1.3493,0.0197,0.0046,33.4483,0.0096,564.5177,0.0244,0.0116,56.4297,0.7156,0.0204,0.0745,0.0085,12.8061,0.9718,4.0381,7.6211,8.1128,3.0729,34.6812,15.6991,6.3515,81.4344,1.3913,2.2207,3.2676,3.1341,61.7135,354.393,12.5025,3.9954,2.7617,6.2723,13.7931,32.472,8.6573,0.662,1.2123,0.7439,0.6795,5.3702,6.785,2.7143,3.9827,5.8911,2.4867,18.6965,5.8734,9.1041,11.5871,123.1117,2.9869,11.957,56.9462,419.1772,50.5699,714.1104,113.2273,74.4331,912.6761,53.2258,47.4431,2.7982,2.4732,1.3944999999999999,5.676,21.2418,0.0,59.4595,0.0,26.600115265074077,3.2148,26.6846,0.25379999999999997,3.9184,3.2662,1.0297,8.2965,74.77,19.71,1.59,9.5441,0.5881,105.1825,4.909,2.1265,0.7074,0.1702,71.5633,7.92,0.1393,2.9097,0.0518,3.0232,23.2076,533.2154,2.2671,7.95,0.219,2.9829,0.0781,1.4909,9.6586,0.0115,2.2929,0.0082,0.0162,197.9951
-1.0,3047.19,2197.3111,1.3015,105.3911,1.5837,-0.0266,-0.0029,199.4722,11.6646,414.2214,0.972,189.7275,12.4222,1.3892,-1363.875,-2021.0,1.2803,1.9745,7.0992,62.6667,3.0889,0.251,86.3472,9.1283,64.0917,66.0625,86.2537,73.95,3.86,360.3745,127.17,726.2285,1.3497,144.2318,631.7764,186.7525,4.537,4.758,2910.0,0.9238,-3.3864,357.9,10.7977,103.7836,18.9564,23.3864,30.6289,695.5995,151.1364,612.82,100.6814,-0.0109,-0.0422,-0.0037,0.032,0.0022,-0.0199,0.0264,7.5067,0.127,0.9714,1878.6376,0.1675,8524.3801,0.0723,0.0102,-0.0648,0.0985,0.4617883516388035,0.9437,750.5962,0.991,58.4779,0.5964,0.9661,6.3528,15.89,2.322,15.85,15.87,0.3122,0.3924,3.569,0.0946,0.8884,2.3416,1010.4833,69.0,84.0,52.1,73.5,225.7469,0.0896,0.1214,0.0651,0.055,0.0192,7.5901,12.521,7.744,0.0117,0.55,0.0229,671.0,1010.0,0.036,0.124,0.15,3.4,0.465,0.5857,0.0385,0.6871,0.4228,0.8611,0.346,0.159,6.49,15.65,30.369,0.236,20.02,8.69,28.98,81.602,0.1038,0.0438,0.0351,0.1115,0.0597,0.0855,0.1093,0.0561,2.0708,0.0726,0.008,99.238,0.0986,1157.1001,0.0183,0.0126,0.05906518606296027,0.0136,134.6982,4.2653,0.0233,0.3587,0.075,2.8073,18.3083,32.224,17.066,0.0298,2.6789,0.0388,3.5696,0.1468,0.0081,274.026,172.5097,5823.189049999999,576.0425,0.0152,0.0595,0.0613,1.0404,0.0433,0.1729,0.2156,0.0176,0.0585,5.3701,0.1165,6.6352,0.0443,1.7739,4.6472,10.0431,0.0766,2.1732,2.8319,8.2589,27.3291,0.0311,0.0195,0.0149,0.0497,0.0202,0.0464,0.0598,0.0273,0.6989,0.0229,0.0025,30.524,0.0336,469.3385,0.009724779867527681,0.0049,53.442,1.4086,0.0099,0.1235,0.0219,6.2886,1.0398,3.2016,2.7566,2.064,3.345,23.2755,6.881,7.6654,107.3415,1.8695,1.205,4.4275,1.6491,0.0,49.9753,2.812,6.2801,2.1129,5.4255,45.3237,47.012,14.0999,0.6783,0.4215,1.0721,0.6795,4.3122,3.8295,3.1249,11.7781,4.4997,2.4771,16.2616,4.8714,2.1856,5.2224,105.6107,4.1662,12.268,81.0498,956.682,0.0,0.0,186.4533,0.0,549.9371,212.299,27.5853,1.2598,3.0264,0.8204,5.2824,58.8431,709.8592,67.6218,0.0,11.017920405426565,1.4416,17.9455,0.0608,7.2939,5.6461,3.2023,7.0376,80.208,16.39,1.72,8.2534,0.6713,83.4301,4.0424,2.1444,0.1745,0.0375,18.1087,1.12,0.1701,0.4785,0.0673,0.4311,22.9553,536.5709,2.1983,10.86,0.2539,3.5623,0.0773,2.024,11.551,0.0113,2.2808,0.0082,0.0162,197.9951
-1.0,2981.31,2197.3111,1.3015,105.3911,1.5047,-0.0216,0.0064,199.2977,9.5945,417.114,0.9726,189.6257,12.4278,1.4432,-1993.75,226.5,0.67205,1.7109999999999996,1.5313,65.4556,2.0333,0.184,85.6591,8.8249,64.1536,65.8859,86.8889,63.93999999999998,4.855123663242427,359.6154,124.0418,720.9909,1.3803,146.7145,630.3718,212.4821,4.641,4.88,2864.0,0.9326,4.4036,355.8718,10.6904,108.4455,18.5418,15.5964,21.199,699.7919,147.5127,611.83,115.8314,-0.0156,0.0147,-0.0135,0.0567,-0.0003,-0.0403,0.0481,7.6194,0.1394,0.9649,1841.8205,0.1576,8955.3,0.0726,-0.0344,-0.0408,0.0771,0.4517490044228367,0.9427,782.6006,0.9908,58.4853,0.5992,0.9643,6.3039,15.89,2.322,15.85,15.87,0.3122,0.3924,3.569,0.0946,0.8884,2.3416,1010.4833,95.0,218.8,167.8,73.5,225.7469,0.0896,0.086,0.0597,0.0496,0.0054,7.2458,5.79,5.511,0.0124,0.39,0.0439,2060.5,590.0,0.277,0.21200000000000002,0.498,2.2,0.096,0.5398,0.0739,0.5831,0.2794,0.9636,0.724,0.1764,7.55,16.98,53.64,0.251,13.99,2.4,21.18,17.048,0.0851,0.0453,0.0762,0.0889,0.062,0.0642,0.0996,0.0566,2.9655,0.112,0.013699999999999999,104.542,0.0393,894.9004,0.021,0.0121,0.0674728841722701,0.0378,88.2712,4.441,0.0289,0.3668,0.075,2.8073,28.7735,75.5862,68.2815,0.0298,2.6789,0.0275,2.1933,0.1166,0.0153,912.5788,562.8794,2304.9599,284.4568,0.12369999999999999,0.09505000000000002,0.2273,0.7618,0.0234,0.0307,0.2005,0.0277,0.1273,4.6444,0.2012,6.8639,0.0525,2.1524,4.9542,17.0852,0.0838,0.7509,1.5724,6.44,4.5223,0.027,0.0189,0.0339,0.0388,0.017,0.0344,0.0465,0.0269,1.0953,0.0347,0.0046,33.4483,0.0143,328.4574,0.018629087856690003,0.0122,32.571,1.4712,0.0124,0.1245,0.0219,6.2886,1.0398,4.3127,7.3391,6.5385,3.345,23.2755,6.881,5.7154,60.3474,1.3212,1.2699,3.1381,3.0411,206.9467,260.4857,23.078450000000004,10.417850000000001,7.544649999999999,3.3611,29.5082,41.3043,2.7577,0.6302,0.8374,0.9089,0.2146,4.0516,5.1837,3.221,12.7826,5.146,2.6937,25.2445,5.0769,2.3479,5.0256,75.4511,3.0266,11.4741,14.7179,546.1693,235.3247,657.3013,109.3957,0.0,247.4534,117.6104,38.9201,2.7982,4.6272,1.3944999999999999,5.676,24.9166,725.0936,37.9822,691.8919,17.806944961397836,4.006,11.2792,0.0507,7.5934,5.8189,3.2023,7.0376,73.914,19.63,1.23,7.637,0.5563,56.6656,4.902,1.6641,0.1139,0.0294,12.4295,9.21,0.2365,3.3341,0.0936,3.5311,33.2372,529.3927,2.1345,11.79,0.2879,4.1245,0.0949,2.2271,13.4859,0.0158,3.1653,0.0082,0.0162,197.9951
-1.0,2963.83,2225.1777,1.2414,110.2789,1.5374,-0.0177,0.017,199.5802,7.203,419.3116,0.9651,189.9403,12.5473,1.3765,-3892.75,893.0,0.904,1.7778,3.1147,66.8889,2.2667,0.1948,84.3324,8.9336,64.2529,65.43819999999997,86.8595,76.69,2.678,361.7127,151.4218,760.2925,1.1158,136.0109,649.1455,236.4763,4.665,4.907,2876.0,0.9334,15.64135,365.8855,9.678249999999997,128.9691,10.2673,22.4527,32.0705,728.222,144.0236,638.8782,118.2011,-0.0382,0.0052,-0.0429,0.0543,0.10290000000000002,-0.01,0.0431,6.4802,0.1417,0.9896,1840.4916,0.2047,8892.11,0.0103,-0.0186,-0.052,-0.1328,0.4658,0.9493,757.7612,0.9867000000000001,56.4963,0.6022,0.9762,6.4252,15.93,2.647,15.96,15.93,0.6055,0.4429,3.491,-0.0473,0.8139,2.3397,1011.7456,90.0,165.6,121.6,69.8999,470.032,0.2772,0.0751,0.0723,0.0454,0.0064,7.5517,6.971,9.687,0.0161,0.41,0.0913,2058.0,225.0,0.06,0.036,0.097,2.5,0.091,0.8976,0.0835,0.5916,0.3702,0.8671,0.567,0.1228,5.61,10.35,79.525,0.938,17.57,7.17,23.936,87.513,0.1412,0.0888,0.0745,0.0821,0.0845,0.0477,0.056,0.0446,2.6359,0.0662,0.0035,125.0173,0.094,1045.3008,0.0334,0.03420000000000001,0.0974,0.0109,113.2955,2.4406,0.0321,0.4068,0.0545,2.9624,23.8239,50.9636,41.549,0.0793,1.7894,0.0257,1.9361,0.1209,0.0305,912.5788,240.0783,110.8283,101.3279,0.0248,0.0153,0.0437,0.7865,0.0237,0.025,0.3181,0.0383,0.0971,4.6263,0.1636,5.8721,0.0412,1.8478,2.925,22.1939,0.3381,2.3754,2.9302,7.6302,24.3312,0.0433,0.0364,0.0356,0.0359,0.0259,0.0237,0.0288,0.0207,0.8576,0.0227,0.0012,41.2161,0.0303,323.9011,0.012,0.0036,34.1994,0.8453,0.0106,0.1296,0.0179,6.2984,1.131,4.2156,5.5874,4.9478,3.1413,32.2427,22.3298,4.885,96.7791,2.3102,1.668,3.2676,6.6357,5.4974,25.196,6.6372,2.025,3.1142,3.7375,22.0588,35.425,2.5822,1.0644,0.9342,0.9207,0.2252,4.0999,7.7598,2.7643,11.0027,4.1247,1.5944,33.6292,2.1042,9.8176,8.63,171.1253,3.2869,14.6363,74.0374,369.2107,128.3237,191.3753,155.5632,40.2192,557.2139,103.5403,40.6754,4.941799999999999,2.7883,0.3537,6.7926,45.9148,0.0,78.7062,0.0,20.9069,1.1482,14.9513,0.25379999999999997,4.3199,6.3308,2.3284,6.888,72.972,16.79,0.69,7.0158,0.2824,56.8893,4.1055,0.9456,0.2605,0.0557,27.1584,8.07,0.1071,3.0597,0.0468,3.0936,17.3403,529.5609,2.2805,8.09,0.3806,2.5269,0.1213,1.5277,16.6904,0.0175,3.4811,0.0268,0.0199,74.1555
-1.0,3040.72,2191.6667,1.2569,100.6767,1.3475,-0.0152,0.0115,200.1074,4.5248,400.7535,0.9715,189.6602,12.285800000000002,1.4033,-3683.0,244.75,1.3195,2.0092,7.457,66.4778,2.7778,0.2291,85.2487,9.97415,64.3085,65.43819999999997,87.3997,76.73,3.761,363.0873,136.3836,742.0584,1.2283,142.8627,642.3336,244.3178,4.68,4.944,2854.0,0.9313,-10.1245,360.7418,10.7329,106.2591,24.2354,30.1245,39.5532,702.5052,151.0973,618.0982,122.8589,-0.0038,0.0113,-0.0169,0.0122,-0.0173,-0.0446,0.0324,7.4605,0.133,0.9905,1773.4197,0.1987,8344.05,0.103,-0.0307,-0.0706,0.0168,0.4577774297056699,0.9558,662.9427,0.9907,59.183,0.5954,0.969,6.282,15.89,2.322,15.85,15.87,0.3122,0.3924,3.569,0.0946,0.8884,2.3416,1010.4833,88.0,118.8,137.6,63.7002,360.905,0.1292,0.0816,0.0566,0.0868,0.0255,7.6016,3.829,22.785,0.0126,0.5,0.0436,531.0,384.0,0.081,0.101,0.126,2.0,0.281,0.8007,0.2042,0.5715,0.3486,0.9168,0.396,0.1177,4.66,16.98,38.185,0.313,11.75,6.02,21.914,65.13,0.1033,0.0369,0.0836,0.068,0.0832,0.1494,0.0515,0.1176,3.5732,0.0954,0.0007,113.071,0.0663,1349.9995,0.0143,0.0144,0.053831036252919046,0.0281,137.9867,2.8954,0.041,0.36,0.075,2.8073,24.2333,45.0735,46.4432,0.0434,2.6928,0.0246,1.2189,0.1354,0.0142,242.4967,51.9102,301.4874,179.4053,0.0409,0.0434,0.0534,0.6241,0.0322,0.0812,0.3217,0.078,0.073,4.5125,0.1482,7.133,0.0351,1.6215,5.0498,13.0561,0.0874,1.8141,2.0133,7.0916,18.7285,0.0337,0.0155,0.0408,0.0322,0.0255,0.0697,0.0278,0.0539,1.1269,0.0341,0.0003,39.7601,0.02,519.5578,0.014135003747818672,0.0093,50.9473,0.9273,0.0133,0.1267,0.0219,6.2886,1.0398,4.0101,3.907,5.5543,2.9065,31.2769,10.2758,6.0558,84.6222,5.6855,1.3012,4.0734,3.1098,18.789,156.8948,6.1387,5.0268,1.6897,3.0085,50.4,36.227,8.1702,0.9393,2.0281,0.8887,0.2887,4.2166,5.0299,3.1876,9.5857,3.2619,2.6435,15.6292,5.21,2.9163,7.8205,48.4828,3.1194,11.4604,53.012,0.0,188.2653,402.3669,680.5726,861.0951,115.5356,363.2432,47.8948,2.4056,3.9138,0.0747,6.3759,33.3523,0.0,95.0,581.8182,12.663020303004474,2.938,20.8143,0.0429,4.8923,5.7302,3.2023,7.0376,73.292,15.61,0.66,6.368,0.2877,73.9798,3.8802,0.9005,0.7213,0.1946,53.157,10.95,0.2515,4.3665,0.1025,4.1164,37.6321,531.5427,2.258,5.2,0.3427,1.8732,0.0965,0.9783,15.1794,0.0138,2.7468,0.0268,0.0199,74.1555
-1.0,2989.47,2223.1667,1.1981,110.6333,1.5316,-0.0194,0.0088,199.2808,7.4758,422.0675,0.9758,188.7817,12.4231,1.4011,-1363.875,260.5,0.67205,1.7109999999999996,1.1174500000000007,65.2667,2.6889,0.2093,85.6039,8.7588,64.1668,66.6948,87.85059999999999,63.93999999999998,5.041,355.1036,153.4509,754.1593,1.086,133.8818,642.4364,202.4835,4.585,4.832,2890.0,0.933,13.9782,359.39,9.7344,127.4291,11.68,26.0218,31.3313,722.828,143.9373,630.7564,171.74984999999998,-0.0607,-0.0227,-0.0389,0.057850000000000006,0.0869,-0.0336,-0.0108,7.5625,0.1336,0.9715,1804.703,0.2245,9364.7399,-0.0774,-0.0046,0.0146,-0.0007,0.4693,0.9355,716.5576,0.9867000000000001,57.3981,0.5991,0.9686,6.2857,15.93,2.647,15.96,15.93,0.6055,0.4429,3.491,-0.0473,0.8139,2.3397,1011.7456,123.0,142.2,116.4,67.0,257.7269,0.7017,0.087,0.0349,0.0448,0.0179,5.7832,6.429,18.907,0.0086,0.35,0.0725,2060.5,1042.0,0.277,0.21200000000000002,0.498,3.0,0.086,0.4277,0.1036,0.4883,0.2468,0.6791,0.443,0.1579,3.17,13.55,43.141,0.746,16.75,6.62,22.315,42.735,0.1515,0.0629,0.0463,0.14704999999999996,0.0977,0.0685,0.1513,0.0079,4.8555,0.0401,0.0042,131.5576,0.1254,1027.5996,0.0273,0.0294,0.0231,0.0208,85.2706,3.6863,0.0229,0.1877,0.0545,2.9624,32.0878,40.4306,41.2456,0.2123,2.4256,0.0274,1.8923,0.0969,0.0261,912.5788,562.8794,2032.5,521.0,0.12369999999999999,0.09505000000000002,0.2273,0.9695,0.028,0.0305,0.1537,0.0449,0.1125,4.5344,0.1229,5.7967,0.0504,0.9763,3.9049,12.4223,0.2558,2.003,2.9185,6.7077,12.8283,0.045450000000000004,0.0264,0.0241,0.06770000000000001,0.0277,0.0339,0.0709,0.004,1.5662,0.0134,0.0011,39.5207,0.0374,342.8938,0.0049,0.008,28.057,1.2726,0.0087,0.0695,0.0179,6.2984,1.131,5.4262,4.7567,4.7599,3.0137,16.9273,58.5671,5.6805,85.9973,4.4796,0.8767,2.8173,5.1746,298.58439999999996,400.0,23.078450000000004,10.417850000000001,7.544649999999999,4.5965,33.4711,39.172,2.5386,0.4996,1.1828,0.761,0.6795,4.3818,9.13,2.7994,14.5368,2.3678,2.1092,21.3059,2.7541,7.6636,7.4159,143.4071,3.0872,15.7751,21.3647,249.5624,98.8217,436.5039,142.0187,78.7809,450.9687,73.1481,64.2054,3.9494,1.7466,0.4272,7.2897,63.31987047269746,0.0,75.513,0.0,4.9154,2.2258,11.9,0.25379999999999997,6.4223,2.9867,2.3284,6.888,80.322,16.4,1.67,8.1327,0.6443,91.5108,3.9831,2.0791,0.2035,0.0402,21.0162,6.581079419253732,0.14900204723660523,2.739454732330106,0.06515907643405311,2.4853070203828365,22.096237830078024,532.7664,2.4052,10.9,0.2799,3.6701,0.0804,2.0459,11.6384,0.0127,2.5322,0.029,0.0165,56.8221
-1.0,2981.54,2221.8445,1.1758,111.6278,1.44,-0.0163,0.0211,199.6613,5.804,410.4105,0.9629,190.1748,12.4231,1.4002,-3352.75,-962.75,1.284,1.9728,7.1523,65.2222,2.7222,0.2151,85.6039,8.7588,64.1668,66.6948,87.85059999999999,63.93999999999998,5.041,350.14,145.1155,738.7487,0.898,135.4791,630.7345,138.9857,4.566,4.823,2849.0,0.9287,13.4891,353.2773,10.3055,118.6045,9.9827,26.5109,32.8848,705.8639,148.87,620.7518,122.8506,-0.04,-0.0065,-0.0745,0.0536,0.0919,-0.0384,0.0012,7.6973,0.1345,0.9905,1805.2925,0.1524,8832.0102,-0.0231,-0.0074,-0.0505,-0.0191,0.4733,0.95,767.7303,0.9908,58.3924,0.6018,0.9636,6.4674,15.93,2.647,15.96,15.93,0.6055,0.4429,3.491,-0.0473,0.8139,2.3397,1011.7456,83.0,247.3,229.6,67.3999,438.926,0.2834,0.0712,0.0261,0.0517,0.0191,9.7626,5.828,19.266,0.0154,0.35,0.0666,617.0,651.0,0.067,0.089,0.063,4.8,0.202,0.4277,0.1036,0.4883,0.2468,0.6791,0.488,0.1089,8.17,16.57,26.187,1.249,17.24,6.9,20.964,86.881,0.1618,0.0846,0.0864,0.0667,0.0822,0.0677,0.0572,0.0515,3.2012,0.0496,0.001,106.5371,0.0192,646.2998,0.015,0.0159,0.0306,0.0137,68.7184,4.9502,0.0272,0.1998,0.0545,2.9624,18.5523,75.2621,77.8077,0.0764,2.9319,0.0231,1.7633,0.0969,0.0185,253.4106,118.9856,120.2508,271.7687,0.0314,0.0367,0.0264,1.4412,0.0333,0.0704,0.1537,0.0449,0.1125,5.9735,0.1426,5.8909,0.0293,2.4952,5.5379,7.8931,0.3536,1.9675,1.9207,6.6679,31.9427,0.0438,0.0356,0.0417,0.0321,0.0241,0.032,0.0243,0.0236,1.2437,0.0145,0.0003,32.0989,0.0058,209.2082,0.007,0.0049,22.986,1.5746,0.0097,0.0691,0.0179,6.2984,1.131,3.8379,8.2944,9.9719,3.0335,30.9796,24.1036,4.9445,100.4135,4.6943,1.6027,2.8173,4.7542,8.3215,67.6188,5.2181,4.5115,0.8808,7.3595,29.3878,48.3471,6.0705,0.4996,1.1828,0.761,0.6795,5.6377,6.8221,2.3161,12.121,6.0304,2.6271,18.8415,5.8734,12.1198,11.3992,172.699,2.97,19.67,70.7208,404.6897,144.7391,89.5302,153.394,73.6871,148.7646,0.0,41.5886,2.6764,2.122,0.1019,5.9014,12.6266,0.0,57.2246,0.0,6.4745,1.4445,8.9508,0.1186,8.4774,3.0894,2.3284,6.888,80.122,20.8,1.63,9.0645,0.6418,79.2278,5.143,2.0344,0.3408,0.0725,34.9979,6.71,0.1167,2.5923,0.0456,2.5129,13.8959,533.77,2.2632,10.35,0.2681,3.3656,0.0875,1.939,11.8467,0.0181,3.5636,0.0104,0.0159,152.6823
-1.0,3017.21,2169.4667,1.2412,100.8444,1.5335,0.0098,-0.0013,200.1657,5.2868,420.1729,0.9696,190.3622,12.4622,1.4146,-5267.0,-2171.5,1.2905,2.0092,7.3923,70.5111,2.0444,0.1472,88.2693,9.97415,65.0056,66.8426,86.9275,65.83,5.041,359.2336,127.7318,726.7451,1.3343,144.8391,631.8045,209.3162,4.641,4.88,2864.0,0.9326,15.64135,358.4618,10.5254,111.2055,16.3172,16.5264,24.3206,702.4245,145.82,615.4873,107.5062,-0.0415,0.0036,0.0084,0.0024,-0.0723,-0.056650000000000006,-0.0029,7.7532,0.1309,0.9872,1792.1586,0.1954,9144.7999,0.0562,0.0065,0.0398,0.0782,0.4595,0.9478,785.4558,0.9908,58.3703,0.5931,0.9756,6.1781,15.98,3.207,16.01,15.96,1.483,0.545,3.335,-1.108,0.8142,2.3326,1013.5244,144.0,154.5,128.7,60.7,307.865,0.1184,0.0757,0.0552,0.0838,0.0224,10.6697,5.02,10.816,0.0149,0.38,0.0472,168.0,720.0,0.151,0.132,0.058,3.2,0.259,0.538,0.1308,0.5536,0.2099,0.8605,0.527,0.1267,5.5,14.45,56.345,0.284,25.1,9.39,29.938,67.906,0.0938,0.0724,0.048,0.0275,0.0527,0.0695,0.0843,0.0925,3.7487,0.0593,0.0027,220.7158,0.03,1439.9004,0.0132,0.011,0.0268,0.0201,141.8004,4.2471,0.0371,0.3491,0.0588,2.3121,35.0243,59.1111,48.1604,0.0333,2.1868,0.0258,1.744,0.1232,0.0144,77.9081,260.8184,1349.1061,296.2448,0.0692,0.0561,0.0281,0.9636,0.0318,0.0951,0.2099,0.0541,0.0928,5.4109,0.1469,6.1395,0.0402,1.705,4.4216,17.8858,0.0736,2.708,3.3664,8.5441,19.722,0.0309,0.0307,0.0206,0.0127,0.015,0.0344,0.0353,0.0462,1.1242,0.0202,0.0008,67.7268,0.0104,410.7833,0.0051,0.0061,38.5508,1.4139,0.0117,0.1156,0.0179,5.839,0.8497,6.7646,5.1206,5.0856,2.7979,25.9704,9.5426,4.9365,94.9532,2.5742,1.5383,3.0492,3.3367,55.1358,33.1568,11.7009,6.5696,0.7846,4.5383,48.913,62.4906,7.6097,0.5279,0.5603,0.741,0.1794,3.8916,4.2041,2.9104,9.4952,3.7973,2.2871,26.9186,5.0769,2.6982,5.9709,153.8251,4.2621,13.8372,63.1647,225.7861,104.6621,326.4095,0.0,96.1272,123.9706,0.0,48.3498,1.7568,2.5372,0.2698,12.3156,15.3489,531.7221,40.7507,0.0,5.8423,2.1161,18.0533,0.0958,7.2761,5.6507,2.5188,5.3272,81.45,21.98,1.55,10.4138,0.6997,48.3429,5.4534,1.903,0.0996,0.0211,10.6336,6.4822364590798935,0.14788543236831217,2.615028322810228,0.05947510674684016,2.4645747726824583,21.184947088132763,532.1118,2.2194,6.23,0.2696,2.3065,0.0848,1.1708,12.147,0.0099,1.9728,0.015,0.0151,100.7279
-1.0,3017.1,2180.3778,1.2998,100.2789,1.4652,-0.0008,0.0137,200.0984,5.7909,403.6371,0.962,190.0729,12.4222,1.3975,-3861.0,-1851.25,1.2973,1.987,7.2853,64.1778,2.5556,0.2304,85.0724,8.6074,64.0172,65.43819999999997,86.7193,77.41,3.14,350.9518,128.7682,719.8578,1.4185,144.3009,624.0209,223.6577,4.567,4.824,2856.0,0.9324,-2.6636,349.9591,10.8026,106.1045,16.9054,22.6636,30.0241,689.8337,151.0518,607.1155,99.1104,-0.0225,-0.0379,-0.0049,-0.0084,-0.0001,0.001,0.0289,7.4508,0.1342,0.991,1844.2923,0.1716,9029.42,0.0351,-0.0093,-0.0287,-0.0769,0.4575955827304412,0.9389,711.6416,0.9908,58.5939,0.604,0.9775,6.433,15.89,2.322,15.85,15.87,0.3122,0.3924,3.569,0.0946,0.8884,2.3416,1010.4833,68.0,83.1,102.7,67.0,419.2061,0.2041,0.0586,0.0624,0.0562,0.0237,7.5138,3.542,14.417,0.0186,0.55,0.0764,72.0,4153.0,0.104,0.114,0.146,2.3,0.517,1.0398,0.1374,0.7187,0.5484,0.8722,0.455,0.1726,6.45,23.38,39.491,0.402,18.21,6.14,28.321,55.296,0.0475,0.086,0.1018,0.0627,0.0659,0.1128,0.095,0.0814,3.782,0.0802,0.0005,73.5745,0.0956,1163.7002,0.0153,0.0158,0.059428921962079995,0.0204,131.3818,3.1004,0.06409999999999999,0.2652,0.075,2.8073,16.0768,26.4365,31.6584,0.0672,2.0078,0.0193,1.175,0.1468,0.026,36.8273,86.0867,243.0459,1862.1506,0.043,0.0468,0.0641,0.7102,0.0362,0.1845,0.3851,0.0509,0.1242,5.8979,0.1271,10.1341,0.0422,2.0617,6.7887,12.1991,0.1103,1.8877,2.439,8.8191,16.1838,0.0128,0.0365,0.0432,0.0307,0.0175,0.0565,0.0436,0.0393,1.3629,0.0286,0.0002,23.5589,0.0354,435.5594,0.00986590059308393,0.0076,44.3954,0.9938,0.0204,0.0939,0.0219,6.2886,1.0398,3.0597,2.7543,4.08,3.0729,34.6812,15.6991,3.9996,61.1648,3.5718,1.9298,4.4275,5.4689,14.8148,224.3349,8.017,5.7373,2.004,3.5838,23.4783,45.1302,15.2278,1.2223,1.5967,1.1227,0.1689,6.3399,6.5389,4.7005,12.17,4.4698,3.7467,17.6569,5.1858,3.7213,7.3418,107.7168,4.1055,15.7423,55.7924,211.5813,312.7273,0.0,784.5238,0.0,0.0,281.9048,50.7591,2.2358,3.2712,0.0527,3.9893,55.7008,0.0,21.9709,0.0,12.121741299928853,2.1741,18.4618,0.0593,5.2913,4.1219,3.2023,7.0376,75.4639237040187,17.024866225544006,1.1888817227338597,7.601489468741028,0.49231247710120574,69.00978215731726,4.220724598007227,1.6024582407448467,0.1456,0.0334,15.8112,3.48,0.19,1.294,0.0678,1.3405,25.7179,531.3755,2.4747,6.59,0.4211,2.2226,0.1319,1.2402,17.0149,0.0111,2.233,0.0219,0.0162,73.8817
-1.0,3021.26,2180.3778,1.2998,100.2789,1.5042,0.0082,0.0092,199.8881,5.109,406.9902,0.9623,189.8876,12.4222,1.4133,-6375.125,-2748.25,1.247,1.97,6.9825,62.2889,2.4444,0.2208,85.6626,9.1502,64.1871,66.6125,87.85059999999999,72.29,3.958,357.3809,125.5936,721.6429,1.3807,145.9409,628.9155,195.0408,4.537,4.758,2910.0,0.9238,-2.4636,353.4136,10.9095,103.13,21.26,22.4636,30.3538,691.2891,151.1118,607.6555,101.1876,-0.0061,-0.0482,-0.005,-0.0059,-0.0027,-0.0095,0.0397,7.3781,0.1323,0.9722,1769.3696,0.2186,8586.46,0.0591,-0.0223,-0.0409,0.0549,0.4608271268618106,0.935,673.8036,0.9907,58.8499,0.6008,0.9781,6.3685,15.89,2.322,15.85,15.87,0.3122,0.3924,3.569,0.0946,0.8884,2.3416,1010.4833,127.0,81.6,53.5,67.0,419.2061,0.2041,0.0942,0.0481,0.0344,0.0226,7.3327,5.726,7.688,0.0171,0.55,0.0356,2060.5,5422.0,0.057,0.068,0.148,4.9,0.425,0.6135,0.0636,0.4658,0.2945,0.7314,0.455,0.1278,5.87,18.51,40.878,0.192,12.85,4.94,22.8,71.698,0.058,0.094,0.0358,0.0772,0.0759,0.1195,0.1082,0.0776,3.5332,0.0726,0.0037,112.9465,0.0734,782.8999,0.0205,0.0111,0.06075306920103393,0.0362,91.2869,2.5999,0.0232,0.2304,0.075,2.8073,33.896,28.5564,16.9423,0.0672,2.0078,0.0328,2.2006,0.1468,0.0118,912.5788,87.9147,5823.189049999999,2437.4751,0.0272,0.0305,0.0613,1.4443,0.0511,0.1559,0.2261,0.0244,0.0427,4.9579,0.1566,6.8452,0.0369,1.7461,5.2005,13.6435,0.0671,1.5529,1.769,6.7754,23.4731,0.0161,0.0396,0.0146,0.0318,0.0222,0.0584,0.0562,0.0348,1.1773,0.0229,0.0014,40.437,0.031,250.2874,0.011330877018383888,0.0112,31.6269,0.8391,0.0074,0.0839,0.0219,6.2886,1.0398,5.6363,2.7009,2.137,3.0729,34.6812,15.6991,6.2625,112.0767,1.889,1.7789,4.4275,2.5217,191.1066,197.2892,4.571,3.4518,2.1196,7.862050000000002,57.2727,70.2063,13.4211,0.7162,0.6953,0.7257,0.6795,4.1468,5.7169,3.2601,9.2587,4.0222,2.9432,20.9587,4.8714,1.7599,7.9705,60.4419,3.2982,11.7079,70.8565,955.7158,242.8941,0.0,0.0,0.0,0.0,195.343,47.8884,4.0806,3.0264,0.3805,6.3834,33.592,685.7143,70.5167,0.0,12.983830639334396,3.8681,13.548,0.0602,4.4178,3.6185,3.2023,7.0376,81.24,18.31,0.99,8.0919,0.4719,37.5986,4.4748,1.2186,0.7288,0.1946,62.7572,3.84,0.1284,1.5832,0.0539,1.4815,16.997,532.8618,2.3145,10.43,0.2991,3.5751,0.0862,1.9574,12.9236,0.0121,2.4061,0.0173,0.0298,171.8524
-1.0,3000.36,2174.8666,1.0455,103.6,1.5337,-0.0207,0.0067,193.9873,5.5022,407.3229,0.9714,183.7933,12.2939,1.3959,-5006.25,1.75,1.2908,2.0063,7.3293,69.0,2.7444,0.2179,84.1874,9.97415,64.7132,66.2535,87.5105,79.48,2.419,353.8355,155.44,755.4825,1.0772,134.9036,644.1791,196.5806,4.607,4.828,2875.0,0.934,15.64135,357.42,9.678249999999997,134.7536,9.89,20.6864,29.3844,726.0982,142.1155,634.2891,105.1303,-0.0311,0.0025,-0.0726,0.057850000000000006,0.0094,-0.0012,0.0216,6.987,0.1253,0.9847,1813.8976,0.1507,9026.6399,0.0873,-0.0902,-0.0478,0.0858,0.4636,0.9367,764.948,0.9906,58.5387,0.5887,0.9642,6.3787,15.93,3.861,15.95,16.1,1.252,0.5619,2.949,-1.204,0.8034,2.3006,999.2814,125.0,221.6,184.0,59.5,533.891,0.4845,0.1309,0.0535,0.0247,0.0202,7.7205,4.283,18.12,0.0136,0.8700000000000001,0.0382,723.0,535.0,0.115,0.096,0.176,2.6,0.413,0.6385,0.1324,0.4191,0.3423,1.0308,0.45,0.1295,4.81,13.62,86.997,0.793,16.06,15.93,25.767,64.45,0.16345,0.0834,0.0907,0.115,0.1367,0.0284,0.0808,0.1,4.3796,0.1006,0.008,117.7777,0.0314,1055.6992,0.0132,0.0128,0.0346,0.052199999999999996,111.647,2.3474,0.06409999999999999,0.3638,0.032,1.4153,31.9982,79.1557,70.6028,0.1512,4.1378,0.0418,1.4649,0.2109,0.0117,297.0492,72.7232,2244.8646,254.9266,0.0486,0.0437,0.0805,0.7906,0.0531,0.134,0.2445,0.0528,0.1371,4.2384,0.1329,5.915,0.0488,1.4975,3.6298,27.2851,0.2551,4.4892,4.7666,8.1753,23.3353,0.045450000000000004,0.0378,0.0391,0.0535,0.0363,0.0124,0.0397,0.0501,1.6147,0.0308,0.0024,38.4535,0.0098,329.7726,0.0096,0.018000000000000002,36.5914,0.6849,0.0204,0.1281,0.0094,10.5466,0.424,5.5459,7.3858,6.6941,2.7358,51.3738,46.3425,8.5348,77.8418,4.4486,1.3993,6.94175,2.7381,99.0762,0.0,8.9095,4.785,2.4013,3.7681,65.587,78.0214,11.9541,0.7584,1.2446,0.6476,0.3063,3.7729,7.0574,2.5851,12.0213,3.5655,2.1143,44.2551,1.7163,8.3426,5.87,162.386,3.5487,21.6098,61.3049,558.5057,59.8278,158.5114,205.5639,302.1277,0.0,462.963,62.6814,2.3552,4.3629,0.8134,6.4931,20.8357,0.0,42.1053,247.4227,7.4722,5.5677,14.5954,0.1357,4.0099,5.7034,1.391,3.87,79.124,19.07,1.88,8.7849,0.6949,90.7069,4.6847,2.376,0.3215,0.0587,33.885,6.358272004459667,0.12354528583148858,2.6034736356316612,0.0526330390983248,2.4326606533949966,20.54552465079091,527.8355,2.1599,12.19,0.2601,3.8966,0.095,2.3094,12.0422,0.0127,2.5685,0.0365,0.0303,83.0563
-1.0,3047.78,2166.5222,1.0647,104.5211,1.5764,-0.0219,-0.008,202.1342,5.3695,414.0669,0.967,192.0261,12.4871,1.3916,-3016.0,-191.75,0.6727,1.7109999999999996,2.323,60.8444,2.0111,0.1822,84.6216,9.1585,64.4425,66.374,86.279,74.54,2.215,351.3591,135.5909,729.1235,1.3371,143.6018,630.5518,222.0685,4.575,4.848,2859.0,0.93,8.3045,349.5464,10.7468,103.8955,25.1263,31.6955,41.5512,687.5723,151.9836,605.4255,70.8885,-0.008,-0.0375,-0.0431,0.0103,-0.0889,-0.0091,-0.0208,7.53,0.1358,0.9642,1891.4401,0.1627,8152.3899,-0.1426,-0.0028,-0.0049,-0.2393,0.4669,0.9452,700.7723,0.9907,57.6728,0.5901,0.9597,6.401,15.82,3.2,15.9,15.83,1.125,0.5261,3.142,-0.4258,0.7692,2.3248,1001.9434,94.0,118.5,99.0,53.3,508.087,0.4927,0.1231,0.0424,0.0474,0.0216,5.9295,5.337,15.766,0.0173,0.52,0.0196,2060.5,535.0,0.277,0.21200000000000002,0.498,3.4,0.105,0.7927,0.0637,0.4054,0.2872,0.7343,0.369,0.1648,6.86,20.2,27.901,0.323,23.16,3.49,38.275,87.162,0.0732,0.0423,0.0327,0.0598,0.0973,0.0924,0.1151,0.0678,3.0447,0.0912,0.0066,71.3541,0.0521,2080.8999,0.0369,0.0245,0.0375,0.0239,213.941,4.0153,0.042,0.3595,0.0198,2.6861,26.4156,40.9565,40.326,0.1873,2.9023,0.0452,1.6522,0.1452,0.0057,912.5788,562.8794,2013.4509,260.003,0.12369999999999999,0.09505000000000002,0.2273,0.9799,0.036,0.0377,0.2956,0.027,0.0557,5.5408,0.1121,10.6642,0.0444,2.4251,6.7528,8.795,0.0986,1.2495,2.4414,10.991,28.9305,0.0189,0.0181,0.0169,0.027,0.0305,0.0438,0.0549,0.0296,0.9297,0.028,0.0021,25.0943,0.0193,680.6627,0.0063,0.0077,69.7366,1.1358,0.0131,0.1258,0.0071,9.8109,0.8501,4.1826,3.8881,3.9748,2.4602,56.0138,46.276,7.8088,99.3956,3.8076,1.7925,4.1643,1.4106,138.2958,279.0091,23.078450000000004,10.417850000000001,7.544649999999999,5.588,34.8066,59.2683,2.9887,0.9368,0.695,0.6291,0.6795,5.1372,7.1981,4.9132,12.3245,4.7771,3.2035,12.5641,5.2322,3.0055,7.8156,92.1743,5.5667,29.2477,122.9566,917.1496,184.3137,138.7471,941.8028,103.937,0.0,325.5702,40.4345,3.6822,3.8574,0.6807,3.7725,32.0601,776.2376,76.8946,0.0,8.038,2.5334,30.5293,0.1061,6.9621,5.6164,0.8516,6.9271,73.184,21.2,1.01,9.2965,0.4944,42.1843,5.2008,1.3801,0.7817,0.1946,72.9621,6.372142771471229,0.1688333076175019,2.4858164760832837,0.05562100452100652,2.4451434334732047,22.782519470397872,535.6282,2.2383,11.62,0.1839,3.7648,0.0664,2.1694,8.2142,0.0155,3.0904,0.0149,0.0158,106.1812
-1.0,3076.38,2166.5222,1.0647,104.5211,1.4919,-0.003,0.0034,200.0401,13.9864,420.1404,0.9748,189.3948,12.4871,1.3991,-2015.25,264.0,0.67205,1.7109999999999996,1.4655,63.1333,2.2778,0.1951,84.0432,8.7487,64.3732,66.6566,87.85059999999999,63.93999999999998,5.041,351.1173,134.3664,726.5571,1.3681,142.5236,628.0073,241.0536,4.567,4.824,2856.0,0.9324,12.0945,349.5364,10.754,106.4609,20.0673,27.9055,36.6103,689.9468,151.9427,607.94,107.4107,-0.0239,-0.059,-0.0473,0.0155,-0.0885,-0.0261,-0.0007,6.7359,0.1342,0.9895,1823.9266,0.2211,8621.6501,0.0272,0.0149,0.0276,-0.0929,0.462,0.9398,656.7325,0.9907,57.648,0.6032,0.9768,6.3123,15.87,3.628,15.92,15.9,1.021,0.5835,3.016,0.0946,0.7484,2.3179,1007.6964,83.0,151.8,143.1,53.3,508.087,0.4927,0.1017,0.0518,0.0404,0.0261,9.0523,15.976000000000003,6.624,0.0129,0.52,0.0534,2060.5,638.0,0.277,0.21200000000000002,0.498,2.2,0.128,0.879,0.1015,0.6257,0.3244,0.6083,0.42,0.0906,3.68,23.87,51.093,0.346,21.91,6.81,33.921,47.293,0.0633,0.042,0.0386,0.0782,0.0488,0.0663,0.0923,0.0548,4.367,0.084,0.0015,74.3073,0.0878,1699.5,0.0171,0.0185,0.120188138292432,0.0395,161.0391,3.8427,0.0532,0.4131,0.0284,2.0536,22.8024,55.1317,56.5652,0.1873,2.9023,0.0326,4.96435,0.1452,0.0181,912.5788,562.8794,2341.4058,317.7966,0.12369999999999999,0.09505000000000002,0.2273,0.6595,0.0394,0.0438,0.3131,0.0388,0.0328,5.1749,0.142,11.0873,0.0297,1.103,6.8176,18.4809,0.0923,1.8839,2.7041,10.5816,17.9518,0.0165,0.0181,0.0179,0.0325,0.0139,0.0363,0.052,0.0283,1.4181,0.0302,0.0005,22.1287,0.028,646.0928,0.0203,0.0136,64.3896,1.0959,0.0151,0.1347,0.009,10.9139,0.7601,3.8291,4.9344,5.7806,2.4602,56.0138,46.276,6.817,147.8869,1.5766,1.3234,4.1643,3.8197,215.7549,241.6667,23.078450000000004,10.417850000000001,7.544649999999999,3.4847,52.6829,51.2528,3.7455,1.0459,1.1601,0.972,0.6795,4.9499,8.0377,5.0581,6.6191,2.582,3.8009,21.1957,5.1858,3.2174,7.7587,109.1826,4.9165,9.78,44.0301,264.9228,159.8478,165.3277,315.6023,74.9576,353.3014,0.0,64.8319,2.2358,3.4257,0.1564,4.074,39.7114,663.6771,41.0619,0.0,26.600115265074077,4.2033,24.5213,0.1006,6.6657,6.5439,1.2241,4.9447,74.632,19.34,1.09,7.845,0.5296,77.5422,4.7426,1.4605,0.2731,0.0542,28.0522,6.45156405393818,0.15817394929845016,2.616191365440554,0.060185991946216336,2.4554619429447877,22.577372506088707,529.9682,2.1756,12.3,0.3127,4.0631,0.0933,2.3209,14.3755,0.0189,3.7451,0.0227,0.0232,102.2673
-1.0,3055.97,2166.5222,1.0647,104.5211,1.5179,0.0114,0.011,199.9997,5.1376,421.5875,0.9668,190.2532,12.4871,1.4024,-2924.75,160.0,0.67205,1.7109999999999996,2.2195,61.8667,2.2222,0.195,85.0922,9.2007,64.2199,66.505,87.85059999999999,74.57,1.946,354.3745,138.2618,732.7769,0.9112,136.2718,628.9082,131.8437,4.558,4.755,2887.0,0.9323,15.64135,354.9045,10.1629,121.3991,6.8212,16.8627,22.3489,710.428,146.8309,623.1345,97.0712,-0.0308,-0.0007,-0.0567,0.0253,-0.0827,-0.014,-0.04,7.4648,0.134,0.9698,1806.4107,0.1586,8844.1101,0.0801,-0.0502,-0.032,-0.0091,0.4649,0.9479,765.9619,0.9907,58.6257,0.5914,0.9651,6.384,15.87,3.628,15.92,15.9,1.021,0.5835,3.016,0.0946,0.7484,2.3179,1007.6964,125.0,219.2,172.4,53.3,508.087,0.4927,0.0796,0.0539,0.0476,0.0307,11.0523,7.874,5.709,0.0213,0.52,0.0376,2060.5,367.0,0.277,0.21200000000000002,0.498,2.7,0.077,0.5969,0.1513,0.5896,0.3715,0.8207,0.435,0.1291,7.52,17.82,30.515,1.019,18.15,9.47,31.357,109.258,0.0871,0.0385,0.0662,0.0756,0.0402,0.0948,0.0797,0.0676,3.1597,0.0936,0.0033,93.701,0.0313,1840.3999,0.0167,0.0121,0.0221,0.0206,167.6923,2.6422,0.0287,0.2999,0.0284,2.0536,31.9982,72.1949,60.986,0.1873,2.9023,0.0329,2.6069,0.1452,0.0102,912.5788,562.8794,1961.5772,180.4051,0.12369999999999999,0.09505000000000002,0.2273,1.1102,0.0532,0.0268,0.2118,0.058,0.0694,4.9516,0.1517,6.7794,0.0404,2.674,5.3894,10.112,0.2889,2.6361,3.2623,9.2088,31.169,0.0253,0.0174,0.0304,0.0333,0.01,0.0509,0.0401,0.03,0.9709,0.0282,0.0011,29.9948,0.0094,526.5022,0.0052,0.0061,49.3531,0.7632,0.0103,0.1067,0.009,10.9139,0.7601,5.5459,7.1728,6.1828,2.4602,56.0138,46.276,5.2441,153.2611,1.3542,2.2069,4.1643,2.6819,139.3623,229.375,23.078450000000004,10.417850000000001,7.544649999999999,4.3642,45.0,74.359,2.2067,0.7015,1.6445,0.9181,0.6748,4.8677,4.5059,3.0454,14.1635,5.5184,2.8335,23.1448,7.7302,10.0267,4.7941,266.082,4.4138,18.4388,112.5545,283.1945,426.5928,133.2159,159.0898,114.5966,570.3041,169.0,42.3277,1.8655,3.8838,0.3443,5.1871,19.7247,0.0,42.7002,740.7407,4.7575,2.1695,21.893,0.114,4.5069,4.6973,1.2241,4.9447,79.382,20.03,1.73,9.8115,0.7807,54.6381,4.907,2.1793,0.473,0.0825,48.6582,6.165932759382046,0.1317357335144501,2.5996860954903314,0.04561413310274587,2.3772156792713686,22.149685283470003,533.6809,2.14,10.31,0.5791,3.6023,0.157,1.9319,27.0589,0.0127,2.5589,0.0149,0.0164,110.5454
-1.0,2993.14,2180.6778,1.4095,103.3778,1.5277,-0.0187,-0.0076,200.4381,16.5926,426.847,0.9663,190.2324,12.4871,1.4029,-1948.75,174.0,0.67205,1.7109999999999996,1.4932,64.4222,2.0667,0.1826,84.0432,8.7487,64.3732,66.6566,87.85059999999999,63.93999999999998,5.041,360.3527,126.0918,725.3556,1.3574,144.1664,630.6109,182.1938,4.537,4.758,2910.0,0.9238,15.64135,356.6373,10.7532,107.4818,20.2036,18.61,26.658,698.6976,146.2882,610.4073,88.6891,-0.0447,-0.0726,-0.1401,0.0269,-0.0631,-0.0137,-0.0115,7.5581,0.1359,0.9884,1915.1296,0.1627,8466.2299,0.0879,-0.0353,-0.0171,0.1649,0.4648,0.9397,718.8014,0.9906,59.0278,0.5981,0.9784,6.2876,15.82,3.434,15.85,15.82,0.9933,0.5598,3.008,-0.1419,0.7304,2.3237,1004.0281,83.0,155.5,149.1,57.8,159.0809,0.1266,0.129,0.0516,0.0402,0.0309,10.905,15.976000000000003,3.778,0.0183,0.52,0.0469,2060.5,353.0,0.277,0.21200000000000002,0.498,2.5,0.132,0.879,0.1015,0.6257,0.3244,0.6083,0.41,0.0891,3.73,12.71,72.722,0.407,13.48,5.57,21.196,57.565,0.0932,0.0486,0.0396,0.14704999999999996,0.0813,0.0907,0.0645,0.1313,2.2747,0.0857,0.0051,100.7146,0.0417,833.3999,0.0317,0.0236,0.0354,0.0312,91.4517,4.3934,0.0407,0.4176,0.0214,3.4441,18.5523,56.6932,57.1555,0.0396,2.078,0.0394,4.96435,0.1452,0.0149,912.5788,562.8794,2250.2236,200.9594,0.12369999999999999,0.09505000000000002,0.2273,0.7014,0.0234,0.0438,0.3131,0.0388,0.0328,4.665,0.1517,6.5515,0.0341,1.2308,4.1107,22.312,0.1107,1.7117,2.3291,6.2544,19.854,0.0259,0.0223,0.0188,0.06770000000000001,0.0191,0.0417,0.0268,0.0561,0.8467,0.0277,0.0015,32.9525,0.0137,292.1804,0.0059,0.0125,33.3728,1.4339,0.011,0.1368,0.0072,8.563,1.3416,3.8379,5.1952,5.9162,2.6506,12.9263,8.9819,8.4443,122.3314,0.8851,1.8979,4.1643,3.341,200.1283,202.8736,23.078450000000004,10.417850000000001,7.544649999999999,3.8806,38.7097,40.5356,3.7865,1.0459,1.1601,0.972,0.6795,3.7214,3.8623,3.0863,6.5628,2.5873,2.0155,39.9146,4.8714,3.7849,7.164,66.7207,3.0336,10.2747,64.9065,208.2972,99.3865,354.1674,302.7933,143.8541,470.8029,0.0,30.0955,2.6497,3.5477,0.5173,5.2589,25.6539,566.1169,90.4847,757.8947,7.6097,3.3225,12.7228,0.1202,7.443,6.6417,0.9228,7.7076,79.676,19.82,0.66,8.9152,0.2623,63.0833,4.9037,0.8284,0.6766,0.1777,64.609,9.54,0.0768,4.2812,0.029,3.6134,12.0158,534.2509,2.5108,9.29,0.4009,3.2968,0.1146,1.7389,15.9673,0.0181,3.6575,0.0245,0.0157,63.9698
-1.0,2938.41,2166.5222,1.0647,104.5211,1.471,0.0442,0.0146,196.472,3.5131,397.7444,0.9685,185.7595,12.4871,1.4012,-3583.25,-387.25,1.2853,2.0,7.3415,67.2667,2.7333,0.2441,84.1874,9.97415,64.7132,66.2535,87.5105,79.48,2.419,362.8945,132.4545,734.3141,1.278,142.1873,637.5364,201.22,4.638,4.87,2892.0,0.9291,1.5882,357.4264,11.0771,94.5763,28.095450000000003,33.141349999999996,42.99620000000001,687.5515,152.2136,603.6827,79.4001,-0.0219,-0.0153,-0.0372,0.0159,-0.0687,-0.0208,-0.0218,8.0003,0.1404,0.9831,1717.3568,0.1777,9105.49,0.1535,0.0326,-0.0712,0.0036,0.4551,0.9111999999999999,759.6985,0.9905,58.6601,0.6002,0.9786,6.4563,15.82,3.434,15.85,15.82,0.9933,0.5598,3.008,-0.1419,0.7304,2.3237,1004.0281,88.0,123.2,162.0,53.3,508.087,0.4927,0.064,0.0528,0.0489,0.0248,5.1113,4.38,9.252,0.0146,0.52,0.047,785.0,587.0,0.163,0.022,0.179,2.7,0.322,0.6385,0.1324,0.4191,0.3423,1.0308,0.679,0.1287,5.13,14.03,57.425,0.165,24.07,18.43,31.638,111.927,0.0597,0.0456,0.0459,0.0875,0.0458,0.1142,0.0834,0.0546,4.0129,0.0706,0.0115,147.2278,0.0297,580.3994,0.0214,0.0237,0.120188138292432,0.0309,70.1997,2.6724,0.0635,0.4257,0.0214,3.4441,23.8212,47.0783,53.6918,0.1873,2.9023,0.02,1.5893,0.1452,0.016,362.8135,96.4793,62.8351,263.3684,0.0734,0.0099,0.0909,0.9434,0.0353,0.1011,0.2445,0.0528,0.1371,5.5737,0.2349,5.1302,0.0387,1.6207,3.8799,17.7263,0.0528,5.248349999999999,5.7519,9.2182,41.2721,0.0169,0.0203,0.019,0.0374,0.0117,0.0592,0.0439,0.0224,1.3233,0.0223,0.004,44.1057,0.0092,188.947,0.02801905827358544,0.0106,21.028,0.7748,0.0204,0.1416,0.0072,8.563,1.3416,3.8077,4.1927,6.5673,2.4602,56.0138,46.276,4.3508,124.6765,2.3261,1.5114,4.1643,3.353,3.7396,151.5817,12.6824,1.1,2.4382,4.0139,40.2439,37.2781,9.3777,0.7584,1.2446,0.6476,0.3063,5.2825,6.6438,2.3506,10.0685,3.6079,2.2007,28.5384,4.5908,1.4896,12.9409,71.1001,4.6015,47.129650000000005,140.9658,273.0703,264.3478,235.2151,287.824,166.23,400.4802,250.4587,50.1596,4.941799999999999,2.9457,1.1709,8.5729,16.6981,0.0,67.8869,548.5714,26.600115265074077,3.4388,9.2405,0.0687,4.5557,6.593,0.9228,7.7076,71.83,19.63,0.92,8.6258,0.3592,53.4412,4.863,1.2808,0.1609,0.0356,16.9402,6.383374324056629,0.1521710030618457,2.730466904286631,0.06299678163722153,2.4453272946079645,21.063644128058296,530.8764,2.1917,7.0,0.4128,2.5006,0.1117,1.3186,18.8331,0.0106,2.1356,0.0358,0.0182,50.8713
-1.0,3058.98,2172.9778,1.3658,101.84,1.5321,-0.0008,0.0047,200.0029,13.4387,422.3048,0.9768,189.3587,12.4278,1.416,-3817.0,-3835.25,1.3265,1.9772,7.3942,64.0778,2.5,0.2111,85.6591,8.8249,64.1536,65.8859,86.8889,63.93999999999998,3.4148565606651546,361.0118,125.9,724.3436,1.3559,145.9264,632.8382,208.6676,4.641,4.88,2864.0,0.9326,0.6782,357.2118,10.7035,106.5782,16.6618,19.3218,27.7301,696.6135,152.3864,616.1764,106.4195,-0.0266,-0.0313,-0.0298,-0.0085,0.02,-0.0184,0.0143,7.0135,0.1372,0.9861,1874.2109,0.1499,9020.2799,-0.0126,0.0772,0.0297,0.019,0.46967212539776915,0.9429,804.678,0.9909,58.6847,0.593,0.9677,6.2458,15.87,3.628,15.92,15.9,1.021,0.5835,3.016,0.0946,0.7484,2.3179,1007.6964,96.0,109.1,57.4,54.2,416.54,0.171,0.0655,0.0396,0.0458,0.0242,8.3652,15.146,6.272,0.0117,0.39,0.05,444.0,17919.5,0.125,0.057,0.101,2.3,0.363,0.5398,0.0739,0.5831,0.2794,0.9636,0.687,0.1069,5.8,15.53,64.296,0.324,8.34,5.62,21.62,76.345,0.0569,0.0414,0.0312,0.0785,0.0613,0.1152,0.0901,0.0687,3.7162,0.129,0.0039,120.4108,0.0157,776.3994,0.0156,0.0092,0.03990045907043832,0.0187,81.2009,4.2871,0.0385,0.2993,0.0284,2.0536,19.2281,37.8131,22.0568,0.0527,2.2847,0.0206,4.8948,0.1166,0.015,206.3121,134.3577,330.1262,8994.62525,0.0569,0.0239,0.0474,0.7546,0.0428,0.1224,0.2005,0.0277,0.1273,4.3439,0.2044,6.7101,0.0324,1.6395,4.2382,17.5607,0.093,1.7168,1.6423,6.195,22.4261,0.0184,0.0197,0.0141,0.0372,0.0166,0.0535,0.0484,0.0337,1.2449,0.0456,0.0014,39.5154,0.0057,231.0544,0.007158197173931293,0.0058,24.704,1.4348,0.0116,0.1091,0.009,10.9139,0.7601,4.3672,3.5665,2.3105,2.4943,34.0698,12.5191,4.2751,112.7041,1.4852,1.2029,3.1381,3.5276,18.6534,825.735,9.4233,2.8828,1.3659,3.5894,28.0,63.0,10.4796,0.6302,0.8374,0.9089,0.2146,3.4653,4.9166,3.1332,7.8814,3.9746,2.454,30.8126,5.0769,3.027,7.7033,50.0545,3.1036,15.2503,71.7397,213.96,157.8646,263.644,723.8376,577.4436,490.3401,479.5812,52.9856,1.8222,5.3773,0.3936,6.4246,10.4715,468.7898,50.0803,433.7349,6.821321028202116,1.9859,10.0911,0.0563,7.3053,4.7923,1.2241,4.9447,76.47380448070828,17.16476295336049,1.2103198034905824,7.667234251523252,0.5083228280989729,51.13260719512535,4.26660824254359,1.5996370754148923,0.1456,0.0334,15.8112,0.97,0.0605,0.4619999999999993,0.0254,0.3706,9.2984,532.5454,2.1461,8.74,0.35,3.1643,0.0927,1.6412,16.3088,0.015,2.9705,0.0358,0.0182,50.8713
-1.0,2950.46,2180.6778,1.4095,103.3778,1.6486,-0.0239,0.0031,200.4054,5.3316,422.2173,0.9682,190.0178,12.4871,1.4186,-3237.5,761.25,0.67205,1.7109999999999996,2.2767,62.3667,2.7556,0.2167,85.1197,9.1784,64.229,66.56,87.85059999999999,74.8,3.698,349.9955,130.7655,719.1008,0.9816,138.75,619.5109,133.8838,4.575,4.848,2859.0,0.93,15.64135,348.9964,10.7884,110.8109,11.3827,19.9545,26.3171,692.7837,148.3209,608.1282,101.6141,-0.0431,0.0055,-0.0841,0.0083,-0.0844,-0.0084,-0.0276,7.4081,0.1306,0.9687,1837.5602,0.1572,8791.82,0.0438,0.0177,-0.0253,0.0895,0.4586,0.9509,755.8207,0.9904,59.2109,0.5876,0.9789,6.3542,15.87,3.628,15.92,15.9,1.021,0.5835,3.016,0.0946,0.7484,2.3179,1007.6964,92.0,122.2,187.7,57.8,159.0809,0.1266,0.0973,0.0635,0.0413,0.0321,11.2203,5.372,4.568,0.0123,0.52,0.0612,2060.5,1166.0,0.277,0.21200000000000002,0.498,2.1,0.096,0.6723,0.06,0.4614,0.2699,0.6609,0.349,0.0576,7.07,19.75,34.313,0.313,15.21,9.7,30.327,80.773,0.064,0.0384,0.0804,0.0883,0.069,0.0871,0.0695,0.0364,2.9221,0.0851,0.0082,122.7568,0.0325,907.7998,0.0215,0.0078,0.120188138292432,0.013,91.1181,4.4631,0.06409999999999999,0.4377,0.0284,2.0536,26.3184,46.9121,59.5037,0.0396,2.078,0.03,1.8964,0.1452,0.021,912.5788,562.8794,2185.9644,519.5622,0.12369999999999999,0.09505000000000002,0.2273,0.8916,0.0251,0.0307,0.2397,0.0291,0.0392,5.3269,0.1032,10.5399,0.0174,2.3431,6.4684,9.9491,0.1013,2.6478,3.0925,8.931,27.6247,0.0211,0.0181,0.0377,0.037,0.0192,0.046,0.0314,0.0163,0.9503,0.0265,0.0034,49.4254,0.0096,299.5325,0.0273,0.0043,29.3341,1.4645,0.0204,0.1434,0.009,10.9139,0.7601,4.0737,4.1417,7.8259,2.6506,12.9263,8.9819,5.9021,100.7571,1.0819,1.2708,4.1643,4.317,148.3861,153.1691,23.078450000000004,10.417850000000001,7.544649999999999,3.3672,25.4032,39.6923,2.7413,0.7898,0.6535,0.7184,0.6795,4.8115,8.9397,4.9217,5.8657,5.0955,3.188,25.6289,5.2322,2.9013,8.2032,133.6235,4.3776,20.0194,79.49,148.4919,81.3559,104.9629,828.8288,103.1991,822.4852,131.6456,39.4446,4.941799999999999,3.5477,0.8483,6.6804,20.6906,0.0,118.77044999999998,0.0,26.600115265074077,1.3678,12.0555,0.1278,7.5376,6.8882,1.2241,4.9447,73.57,18.5,0.41,7.7125,0.1734,83.8781,4.62,0.5573,0.1866,0.0388,19.3505,2.68,0.1445,1.2068,0.0544,1.0129,22.7018,535.24,2.3483,8.28,0.3146,2.7718,0.0977,1.547,13.3972,0.0152,3.0587,0.0247,0.0054,21.9917
-1.0,3060.03,2166.5222,1.0647,104.5211,1.5512,-0.0019,0.0033,199.4196,4.9034,427.5748,0.9653,189.1478,12.4871,1.4155,-4881.75,-6735.0,1.2692,1.9597,7.105,64.7111,2.6667,0.224,85.1197,9.1784,64.229,66.56,87.85059999999999,74.8,3.698,350.5482,129.1873,719.2135,0.9816,142.9118,622.6473,134.6761,4.61,4.876,2836.0,0.934,15.64135,350.5482,10.4992,111.0836,9.6273,18.1036,23.5885,695.625,152.3964,614.0282,83.9246,-0.0416,-0.0016,-0.0454,0.0187,-0.0774,0.001,-0.0332,7.2656,0.134,0.9884,1861.767,0.16,8539.3801,0.0669,0.0279,0.0128,-0.041,0.4723,0.9379,741.3105,0.991,58.2421,0.5974,0.9623,6.3799,15.87,3.628,15.92,15.9,1.021,0.5835,3.016,0.0946,0.7484,2.3179,1007.6964,125.0,200.5,181.2,53.3,508.087,0.4927,0.0888,0.0492,0.0337,0.0322,11.1211,3.454,7.007,0.0196,0.52,0.0489,540.0,10290.0,0.1,0.067,0.234,3.5,0.274,0.6723,0.06,0.4614,0.2699,0.6609,0.259,0.0721,5.89,23.65,26.893,0.338,17.58,9.27,28.445,67.89,0.0701,0.0614,0.0677,0.0914,0.0336,0.0568,0.0804,0.0491,4.4575,0.0936,0.0035,111.8842,0.0422,1722.6001,0.0175,0.0183,0.0583,0.0225,170.8904,2.5649,0.0373,0.3757,0.0284,2.0536,31.9982,81.4592,68.0487,0.1873,2.9023,0.0359,1.1519,0.1452,0.0158,246.9458,306.3934,1613.132,5561.3764,0.0492,0.0307,0.1029,1.218,0.0421,0.0866,0.2397,0.0291,0.0392,5.4366,0.0686,10.6396,0.0201,1.6443,7.2153,7.1091,0.0924,2.3331,2.2696,8.7087,22.446,0.0211,0.0295,0.032,0.0398,0.0084,0.0315,0.0398,0.0204,1.5553,0.0282,0.0012,42.1489,0.0125,630.9432,0.0133,0.0073,61.2209,0.7634,0.01,0.1281,0.009,10.9139,0.7601,5.5459,6.5522,6.4489,2.4602,56.0138,46.276,5.7247,70.4414,1.6388,2.0277,4.1643,3.4538,77.4108,152.784,7.8787,3.4188,3.2935,5.4087,45.0,50.0,8.2527,0.7898,0.6535,0.7184,0.6795,5.1405,8.3367,4.9838,7.34,4.1214,3.7983,19.9687,5.2478,3.2193,7.1568,182.6057,4.0891,13.6513,80.894,168.5603,148.1303,201.1001,179.3195,73.3613,0.0,147.7803,61.3507,1.8655,3.8838,0.3555,6.0096,26.3954,0.0,33.1903,586.6667,12.3373,2.4042,23.0525,0.0993,4.4039,5.8885,1.2241,4.9447,79.168,23.05,2.05,10.294,0.88615,72.7477,5.6415,2.5894,0.2173,0.0388,22.6253,6.568517187978965,0.15450225324906117,2.6184949117840173,0.06169734679318155,2.4778833754913387,22.370036801860202,535.5864,2.3608,8.0699,0.1547,2.9084,0.0562,1.5067,6.5522,0.0173,3.4629,0.0097,0.0111,115.1005
-1.0,2983.09,2206.5112,1.2691,101.6667,1.4873,0.0362,0.0029,199.7442,3.3665,393.6668,0.9738,189.0642,12.5235,1.401,-4369.5,87.25,1.2842,2.031,7.4295,70.0889,2.2556,0.187,85.794,8.7599,63.9715,65.9194,86.838,79.42,1.886,360.6009,126.8536,723.7783,0.9577,138.3309,625.7855,128.67,4.537,4.758,2910.0,0.9238,15.64135,358.0718,10.5969,109.7345,12.6155,17.1191,23.0468,700.7315,145.3636,613.17,111.6207,-0.068,-0.0557,-0.0645,0.057850000000000006,-0.092,-0.0109,-0.0329,7.2613,0.1349,0.9673,1832.5502,0.1597,8617.3601,-0.0202,-0.0539,0.0288,0.0561,0.4726,0.9419,755.125,0.9908,59.099,0.6166,0.9789,6.0763,15.78,3.584,15.84,15.81,1.021,0.5527,2.88,0.0473,0.7145,2.3417,1004.407,113.0,161.7,133.1,72.2,174.8,0.4694,0.1313,0.0869,0.0715,0.0204,8.4843,3.929,10.695,0.0116,0.34,0.0473,682.0,998.0,0.074,0.067,0.163,2.9,0.355,0.8929,0.0973,0.5785,0.3503,0.7153,0.704,0.1003,5.6,13.4,19.5,0.328,13.79,4.99,24.225,69.435,0.1543,0.0473,0.0326,0.0663,0.11,0.0977,0.094,0.0365,3.1921,0.0592,0.013699999999999999,82.363,0.0275,1351.1001,0.0149,0.0147,0.0503,0.0338,131.3116,3.1095,0.06409999999999999,0.3895,0.0223,4.4329,30.0114,57.2339,52.3961,0.1527,1.2074,0.0455,1.3544,0.096,0.0191,314.963,76.4608,1580.5228,409.1001,0.035,0.0287,0.0897,0.8462,0.0414,0.1102,0.3274,0.0384,0.1583,5.6503,0.2177,6.5963,0.0282,1.8583,4.1981,6.79,0.1024,1.6657,1.7686,6.9087,23.3337,0.0418,0.0208,0.0151,0.0284,0.03,0.0515,0.0489,0.0162,1.2178,0.0197,0.0046,24.5222,0.0092,415.4746,0.0097,0.0094,48.4047,1.0252,0.0204,0.1309,0.0076,9.0076,1.5117,5.2681,5.4206,5.1794,3.2721,14.0497,36.9824,8.828,116.7103,2.7168,1.1893,2.7149,3.3762,76.5534,0.0,5.7621,3.2989,2.194,4.1376,44.335,73.262,10.1416,1.0407,1.1106,0.9043,0.362,4.5452,5.1319,3.133,10.4761,4.0483,2.1413,15.155,4.8714,3.0952,4.2375,109.31,3.4571,12.7209,62.2062,226.9535,264.2458,102.7111,134.5669,106.1957,862.3853,110.9422,43.9603,1.6311,2.4732,1.3944999999999999,4.4944,17.218,0.0,111.9454,331.0345,10.6428,3.5834,17.3894,0.0748,5.2615,6.4108,0.9513,11.803,82.934,22.89,1.76,10.5738,0.8272,35.7665,5.5566,2.1222,0.2445,0.0525,26.1452,9.29,0.0962,3.6393,0.0355,3.5184,14.1737,536.4636,2.0117,9.27,0.2912,2.7639,0.1055,1.728,14.4755,0.0118,2.3559,0.012,0.019,157.8567
-1.0,3020.76,2197.3111,1.3015,105.3911,1.5632,-0.0156,-0.001,199.8442,5.2834,415.4686,0.9719,189.2346,12.4278,1.3975,-4189.75,-3176.5,1.2945,2.0187,7.3483,66.7222,2.1889,0.1979,84.9052,9.7997,64.2828,65.43819999999997,87.5241,78.25,2.773,350.5118,132.6309,724.2424,1.3436,144.4264,627.5691,193.9806,4.612,4.927,2832.0,0.9342,-1.6545,350.2509,10.5715,110.9764,15.9918,21.6545,29.9145,694.3279,150.35,611.5773,97.3418,-0.045,0.0157,-0.0185,0.0119,-0.0174,-0.0449,0.0016,7.3475,0.1362,0.9615,1894.5316,0.1717,9395.09,0.0758,-0.0893,-0.092,-0.0668,0.44813494550961064,0.9321,734.0928,0.991,58.2597,0.5969,0.9759,6.2878,15.73,2.96,15.77,15.72,0.8467,0.5337,3.35,0.1892,0.8482,2.4132,1008.3844,70.0,151.2,131.1,73.5,225.7469,0.0896,0.082,0.096,0.0665,0.0248,8.3465,6.403,4.11,0.0146,0.39,0.0867,817.0,10151.0,0.141,0.122,0.09,2.5,0.45,1.0498,0.1917,0.6582,0.4115,1.0181,0.427,0.0954,4.65,22.84,45.776,0.269,16.31,5.21,29.606,51.868,0.1558,0.0781,0.0702,0.0736,0.0585,0.0281,0.0612,0.062,4.3794,0.0767,0.013699999999999999,121.0071,0.1105,977.5,0.0172,0.0191,0.0515537270008494,0.0481,93.3458,4.3243,0.0282,0.4092,0.092,3.2428,18.7521,58.1772,45.5751,0.0298,2.6789,0.0244,2.0784,0.1166,0.0255,355.3237,157.2819,1061.1649,4844.0329,0.0583,0.0498,0.0441,0.8318,0.0418,0.1421,0.3814,0.0715,0.0856,5.5012,0.1269,10.4884,0.0282,1.7155,6.7626,15.4108,0.0848,1.7462,2.6203,9.2089,15.5393,0.0388,0.0371,0.0323,0.0343,0.0192,0.0117,0.0305,0.0311,1.4911,0.0224,0.0042,46.1248,0.0374,319.6036,0.012796066634352392,0.0158,31.9324,1.4307,0.0095,0.1393,0.0375,4.0542,1.0968,3.1908,5.0054,5.2836,3.345,23.2755,6.881,5.2457,121.1917,0.9892,1.4987,3.1381,6.2062,53.3683,319.5656,10.8922,6.0433,1.2248,3.7469,41.1168,71.2521,13.314,1.2364,1.9562,1.0239,0.2751,5.0184,7.1326,4.8488,7.1008,3.2196,3.6394,23.5982,5.7506,2.5446,7.7944,101.9897,4.264,11.4323,53.2844,346.078,192.6017,397.3009,492.3724,161.7266,136.1513,0.0,59.6042,1.0281,3.3321,1.3944999999999999,6.3872,63.31987047269746,0.0,80.0,350.0,11.76307660592653,5.1648,12.7158,0.0456,7.4224,6.5083,3.8125,8.5265,78.05972666077962,16.764242338297823,1.2359227496100724,7.429149253980747,0.5217502098345272,64.61869513279586,4.165252257311586,1.5874260937280515,0.4002,0.0722,41.0905,5.45,0.1993,2.0414,0.0888,2.1037,26.4033,529.9773,2.3048,7.24,0.3292,2.1994,0.1218,1.3661,14.2828,0.0086,1.7276,0.0285,0.0132,46.4594
-1.0,3042.08,2206.5112,1.2691,101.6667,1.5928,0.0163,-0.0042,191.1495,4.173,396.881,0.9722,181.2176,12.5235,1.3962,-2636.0,-4376.6667,1.3152,1.9828,7.317,68.0222,2.2333,0.1829,84.1874,9.97415,64.7132,66.2535,87.5105,79.48,2.419,349.4945,129.9027,719.0067,0.961,141.9382,621.3355,132.156,4.575,4.848,2859.0,0.93,6.7391,347.9945,10.9294,96.6418,20.591,33.141349999999996,39.587,679.4197,156.1082,600.7445,95.0865,-0.07164999999999999,-0.0029,-0.0585,0.057850000000000006,-0.0834,-0.0112,-0.0275,6.9888,0.135,0.9729,1764.308,0.1568,9001.48,0.0239,-0.0335,-0.0245,-0.0292,0.4709,0.9461,778.7802,0.9908,59.1555,0.5987,0.9788,6.3275,15.72,3.327,15.75,15.68,0.8703,0.6409,3.355,0.0,0.8485,2.4153,1006.1533,70.0,223.9,228.7,72.2,174.8,0.4694,0.1211,0.0617,0.0475,0.0138,4.8583,7.12,12.275,0.0095,0.34,0.0281,571.0,2831.0,0.103,0.044,0.101,3.1,0.372,0.6385,0.1324,0.4191,0.3423,1.0308,0.476,0.0868,7.3,21.65,14.088,0.278,21.67,8.16,37.601,90.196,0.1509,0.0508,0.0721,0.0758,0.1212,0.0872,0.0687,0.0226,3.3887,0.0679,0.0032,120.2068,0.0348,1256.5996,0.0138,0.0177,0.0385,0.0321,139.421,3.2252,0.0421,0.4269,0.1019,2.7987,19.0952,76.0368,74.4596,0.1527,1.2074,0.0405,2.3724,0.096,0.0093,240.8213,190.7658,1785.3463,1553.9338,0.0485,0.0212,0.0496,1.0521,0.0601,0.1363,0.2445,0.0528,0.1371,6.0092,0.1255,10.3384,0.0268,2.1986,6.7695,4.6997,0.0859,2.5091,2.7936,11.4215,32.5545,0.0392,0.0227,0.0334,0.0325,0.0356,0.0446,0.0353,0.0119,1.3737,0.0248,0.0011,41.5362,0.0121,372.3124,0.0087,0.0096,38.1574,1.0754,0.0122,0.138,0.0394,4.412,0.7814,3.1272,7.3601,8.4883,3.2721,14.0497,36.9824,7.6028,164.29784999999998,3.0929,0.9742,2.7149,2.012,152.5038,64.6839,7.8312,2.2191,1.3803,4.5573,58.209,110.4496,11.0513,0.7584,1.2446,0.6476,0.3063,6.3091,8.0753,4.6895,9.03,5.1431,3.4844,10.6601,5.2322,2.5436,12.9861,105.2402,5.5343,22.1802,94.8567,196.2927,93.7269,129.6835,151.028,104.5564,616.1435,82.0327,48.4874,1.6302,2.7702,0.3336,6.8133,22.1983,0.0,102.6316,822.2222,8.1696,3.3978,17.9025,0.0689,5.452,6.7464,4.2196,6.6193,81.604,16.78,1.21,8.0448,0.4863,37.9416,4.1975,1.4828,0.2058,0.038,22.7192,9.8,0.2078,3.7018,0.0754,3.7141,29.6115,531.7764,2.2132,8.58,0.2182,2.6533,0.0688,1.6135,9.8604,0.0116,2.3065,0.0201,0.0216,107.8331
-1.0,3000.56,2220.5445,1.3872,106.2567,1.5644,0.0201,0.0044,191.4789,10.2455,410.013,0.9729,182.3391,12.5235,1.419,-1942.75,550.75,0.67205,1.7109999999999996,1.4697,63.9778,2.7778,0.2127,85.6039,8.7588,64.1668,66.6948,87.85059999999999,63.93999999999998,5.041,355.5936,157.8055,761.9285,1.0278,133.6209,647.02,215.2902,4.607,4.828,2875.0,0.934,13.8118,360.2191,9.678249999999997,131.6173,20.21,26.1882,36.5543,725.3742,135.88494999999995,626.81,87.0592,-0.0694,-0.0051,-0.041,0.057850000000000006,0.0081,-0.0142,-0.021,8.0836,0.135,0.9737,1796.1029,0.1533,8723.97,0.0,0.0,0.0,0.0,0.47,0.94,754.8984,0.9904,59.5812,0.6028,0.9796,6.1676,15.74,3.133,15.71,15.73,0.9034,0.5746,3.338,0.0473,0.8434,2.3903,1006.1589,95.0,177.6,158.2,45.2002,218.533,0.5206,0.2118,0.0683,0.0368,0.0117,4.9317,9.096,8.056,0.0076,0.34,0.0206,2060.5,1136.0,0.277,0.21200000000000002,0.498,2.6,0.074,0.4277,0.1036,0.4883,0.2468,0.6791,0.527,0.0945,5.46,10.23,61.642,0.839,19.73,12.86,26.032,40.491,0.1613,0.0251,0.0597,0.0466,0.0999,0.0528,0.0702,0.0462,2.7757,0.0936,0.0032,120.2559,0.028,1820.0996,0.0169,0.0186,0.120188138292432,0.0203,193.376,4.1038,0.0352,0.3864,0.1206,4.6053,24.7946,58.7319,53.8764,0.199,2.0754,0.0677,2.5791,0.096,0.0067,912.5788,562.8794,2243.34,636.5749,0.12369999999999999,0.09505000000000002,0.2273,0.8614,0.031,0.0245,0.1537,0.0449,0.1125,4.3153,0.1539,5.8927,0.0327,1.4898,3.1779,20.1929,0.2402,3.8408,4.8475,7.4954,16.2891,0.045450000000000004,0.0108,0.0313,0.0209,0.0283,0.0238,0.033,0.0207,1.0231,0.0282,0.0012,37.5729,0.0079,598.0754,0.0257,0.0065,64.7663,1.1833,0.0105,0.1317,0.0413,2.2381,1.4345,4.3222,5.9189,6.2236,2.0355,18.3198,37.5303,13.5387,88.7808,1.9648,0.7779,2.7149,1.4517,200.9008,206.2642,23.078450000000004,10.417850000000001,7.544649999999999,4.0639,46.8,47.4922,2.138,0.4996,1.1828,0.761,0.6795,3.8246,6.1785,2.755,9.1948,4.0862,1.5811,28.6321,1.7163,8.6976,4.5435,97.6249,3.5888,17.365,46.5097,232.2952,20.8256,113.5201,140.1122,651.8519,492.6316,220.0,34.3378,1.6302,3.8838,0.3318,6.6954,18.2416,0.0,118.77044999999998,284.6154,26.600115265074077,2.1583,25.6162,0.0435,6.8878,6.2648,5.0462,11.9059,72.078,14.63,0.44,7.0388,0.1665,46.8664,3.6716,0.6105,0.126,0.0318,13.4128,7.6,0.2187,3.0914,0.0914,2.8782,31.9154,535.7673,2.0382,10.66,0.3075,3.6728,0.0841,1.9897,15.0879,0.0186,3.6759,0.0183,0.0183,100.1756
-1.0,3016.64,2246.4889,1.0997,103.3222,1.5068,0.0126,-0.0023,201.893,11.4445,425.767,0.9692,193.0096,12.4247,1.4088,-3612.75,-30.75,1.2418,2.012,7.094,63.5778,3.1889,0.2509,85.8965,9.2405,64.0502,66.4353,87.85059999999999,74.19,2.634,351.4009,133.99,725.9134,1.3311,142.6345,628.0255,184.628,4.612,4.927,2832.0,0.9342,15.64135,350.0436,10.5974,110.4482,19.6637,23.5418,32.3378,693.5756,147.87,608.3618,108.2171,-0.07164999999999999,-0.0035,-0.063,0.057850000000000006,-0.0732,-0.0209,-0.0333,6.9447,0.1322,0.99,1862.9489,0.2156,8999.3699,0.052,0.0046,-0.0302,0.0178,0.4628,0.9483,773.7589,0.9867000000000001,57.3798,0.5948,0.9638,6.2902,15.71,3.478,15.78,15.76,0.9365,0.6002,3.153,0.3311,0.8088,2.4035,1003.7344,119.0,183.3,198.1,87.1003,864.425,0.415,0.1234,0.0832,0.0407,0.0241,7.6429,13.53,8.463,0.0169,0.52,0.0514,1213.0,842.0,0.088,0.092,0.16,2.9,0.44,0.5928,0.1211,0.5421,0.4071,0.8008,0.413,0.1479,6.41,22.01,87.518,0.191,19.75,4.28,33.917,49.6,0.16345,0.0481,0.0335,0.0483,0.0795,0.0785,0.0708,0.0375,5.3553,0.0472,0.0011,144.5028,0.1254,836.4004,0.0195,0.0135,0.0165,0.0284,105.3814,4.9963,0.0287,0.3517,0.1008,3.5677,30.9957,66.7725,72.0968,0.1616,3.4016,0.0372,3.7437,0.1452,0.0163,583.7548,245.6262,415.4117,412.5275,0.0397,0.0411,0.066,0.8288,0.0401,0.1386,0.241,0.043,0.0372,5.2632,0.1411,10.8535,0.0404,2.0266,6.3609,29.1387,0.0502,1.2412,2.2308,10.2299,16.6429,0.0439,0.0234,0.0141,0.0229,0.0259,0.0416,0.0378,0.0162,1.8177,0.0158,0.0003,42.2209,0.0374,299.8851,0.0046,0.0107,36.6157,1.6298,0.0107,0.1228,0.0387,2.7414,1.1698,5.3672,6.0763,7.9469,3.906427332733898,77.0342,37.7415,8.1895,118.2232,1.9877,1.7486,4.1852,3.6492,25.4654,0.0,7.0868,4.5726,2.2554,4.5613,31.3589,52.6129,13.4479,0.6901,1.3104,0.8464,0.6795,4.8093,8.0454,4.9798,11.1075,4.494,3.5046,47.4023,5.7506,1.8023,7.7593,100.4389,4.8902,9.0669,45.8338,182.4439,69.2335,76.6971,123.1365,107.1672,339.5683,112.5281,77.114,1.5126,1.9403,0.1141,7.7567,63.31987047269746,0.0,87.7193,0.0,3.5682,2.991,13.6194,0.2192,8.7073,5.5917,4.1959,10.0677,81.714,17.81,1.7,7.9932,0.7387,77.7371,4.3485,2.0804,0.3155,0.0593,33.199,6.47,0.0965,2.3304,0.0355,2.4498,14.0343,536.7873,2.2478,6.24,0.4772,2.3507,0.1413,1.1625,21.2281,0.0146,2.9336,0.0296,0.0062,20.8909
-1.0,2847.81,2202.7111,1.0032,104.3067,1.497,-0.0077,0.0068,195.6413,9.973,409.5656,0.9741,185.9333,12.4659,1.4149,-4495.75,3596.5,1.2335,2.01,7.366,67.8444,2.8333,0.2213,84.3585,8.7495,64.2234,65.9449,86.7325,78.13,4.063,360.7145,128.3591,728.2242,1.2966,142.6245,631.6982,211.2724,4.635,4.891,2862.0,0.9323,15.64135,357.6573,10.7287,107.19,23.5618,21.1691,29.5773,698.6469,143.2891,608.1364,96.5525,0.0157,0.0037,-0.0594,0.0248,-0.0945,-0.0317,-0.0277,6.2299,0.1307,0.9882,1789.9489,0.2029,9039.1398,0.0709,-0.0056,0.0014,-0.0184,0.4628,0.9294,771.0169,0.9867000000000001,57.4063,0.5999,0.9793,6.1214,15.82,3.448,15.88,15.83,0.9649,0.5668,3.08,0.0,0.7608,2.3221,1001.7862,77.0,212.4,130.6,56.4001,545.17,0.7511,0.1041,0.0417,0.0335,0.0123,3.505,7.479,8.724,0.0076,0.3,0.0409,984.0,13517.0,0.094,0.091,0.321,2.0,0.382,0.9352,0.0935,0.4883,0.26,0.9184,0.53,0.1548,5.86,15.86,41.663,0.378,14.53,6.08,21.622,82.817,0.0644,0.0679,0.0348,0.0544,0.0486,0.0943,0.0817,0.0303,3.1707,0.0662,0.0016,90.2764,0.0396,1034.2002,0.0204,0.0151,0.0221,0.052199999999999996,165.7468,5.2175,0.0584,0.4017,0.0286,3.1316,20.3137,61.9315,41.2671,0.2414,3.1236,0.0415,2.1189,0.0675,0.0129,428.5545,188.7441,2557.199,6594.2677,0.0455,0.0423,0.1367,0.6912,0.0528,0.1185,0.3493,0.0383,0.1666,5.9995,0.1515,6.4213,0.0497,2.047,4.7114,12.6001,0.1131,1.9212,1.9987,6.9519,25.779,0.0191,0.028,0.0152,0.0232,0.0147,0.0479,0.0437,0.0136,1.1275,0.0229,0.0005,27.6,0.0115,377.2029,0.005,0.018000000000000002,59.2604,1.688,0.0169,0.1324,0.0095,9.6914,1.1366,3.5472,7.4584,5.306,2.5605,53.9534,64.9361,6.9537,74.9925,2.1301,0.7839,2.4066,2.8892,122.8049,375.8376,7.6206,4.5274,4.3579,2.9479,42.3529,79.9699,10.9157,1.1086,1.0684,0.7603,0.2056,4.4994,4.0122,3.0281,11.9415,4.1087,2.5107,19.72,5.5404,3.5232,6.2039,61.6675,3.0948,12.2365,85.774,409.7018,223.1717,91.5825,195.7211,99.7884,257.7287,109.2876,50.8951,3.0612,2.7619,0.1577,5.0435,19.4959,908.2707,54.5809,0.0,4.7792,5.5677,21.4972,0.1655,9.0887,6.5628,1.2337,8.3726,76.53509836656983,17.011093632129136,1.2438665519742884,7.57096304352972,0.5369447850776807,59.42783891994261,4.2213600526798345,1.6175248634224253,0.1456,0.0334,15.8112,7.25,0.0954,3.0898,0.0345,2.7465,13.0412,533.86,2.3365,6.14,0.4319,2.0163,0.1238,1.1501,18.4846,0.0093,1.8722,0.0343,0.0115,33.4515
-1.0,3013.404667406794,2202.7111,1.0032,104.3067,1.4727,-0.0044,0.0136,195.4928,15.9505,429.7235,0.975,186.3969,12.4659,1.4319,-3960.75,-2117.5,1.2997,2.0077,7.301,65.1667,2.5889,0.2038,85.0856,8.6324,64.1658,66.0701,87.0354,76.99,3.057,360.9245,132.9436,732.4176,1.2602,142.4082,636.2764,187.8486,4.561,4.845,2915.0,0.9269,15.64135,358.6445,10.5395,111.2245,22.6964,21.7191,29.8969,702.5207,143.7109,613.58,119.3303,-0.0015,0.0039,-0.0339,0.0264,-0.0897,-0.0229,-0.0447,7.1198,0.1417,0.9894,1833.5472,0.1971,8733.9801,-0.092,0.0093,0.054,-0.1891,0.4701,0.9611,735.9707,0.9906,57.8675,0.6077,0.9741,6.3363,15.82,3.448,15.88,15.83,0.9649,0.5668,3.08,0.0,0.7608,2.3221,1001.7862,90.0,138.00603414731052,153.9,56.4001,545.17,0.7511,0.1109,0.0339,0.0291,0.0108,3.4636,10.488,9.009,0.0073,0.3,0.0546,148.0,3323.0,0.149,0.099,0.22,2.4,0.411,0.9192,0.0847,0.432,0.2087,0.8673,0.571,0.1108,5.58,13.2,69.533,0.368,9.52,3.3,19.443,117.761,0.0476,0.02,0.0597,0.0706,0.0411,0.0692,0.0439,0.0732,4.7979,0.0753,0.0036,81.3622,0.0361,2322.228871323444,0.0347,0.0246,0.0275,0.0153,242.0692,2.2402,0.0336,0.2833,0.0286,3.1316,23.8239,47.162413880806106,47.8409,0.2414,3.1236,0.0375,3.4446,0.0675,0.0171,74.5537,217.4849,558.8645,1357.8872,0.0684,0.0418,0.1002,0.8818,0.0255,0.1307,0.3614,0.0335,0.0941,4.5431,0.1845,5.4362,0.0377,1.8826,3.912,25.6186,0.116,1.1285,1.2608,5.7241,32.8533,0.0125,0.0086,0.0276,0.0325,0.012,0.0368,0.0241,0.0333,1.6518,0.0232,0.0013,27.9935,0.0115,767.29565,0.0065,0.005,79.11909999999999,0.6475,0.0118,0.0935,0.0095,9.6914,1.1366,4.2156,4.589625454463004,6.0483,2.5605,53.9534,64.9361,7.5306,65.7532,2.0965,0.7478,2.4066,3.8104,25.7275,156.9303,11.4637,4.9309,3.0133,3.6829,34.7639,37.2955,12.0442,1.0803,0.9814,0.6733,0.3727,4.1117,5.7167,2.476,8.795,3.9183,2.0746,37.0154,4.7337,3.4916,5.4215,41.9451,2.7676,15.1961,98.6849,0.0,78.6627,208.2596,155.4978,77.146,191.9126,163.9418,67.3885,4.941799999999999,3.1452,0.3618,4.4374,18.3339,0.0,89.9297,0.0,5.8481,1.5935,32.8911,0.0914,3.8713,4.4711,1.2337,8.3726,73.454,16.27,1.29,6.78,0.5564,19.2914,3.9443,1.7562,0.2605,0.0557,27.1584,4.56,0.0851,2.1165,0.031,1.727,11.9501,537.2882,2.019,6.98,0.2294,2.1543,0.0771,1.2991,11.3646,0.0121,2.3957,0.0139,0.0187,134.2014
-1.0,2975.64,2202.7111,1.0032,104.3067,1.5079,-0.0086,0.007,195.5961,17.1168,430.6053,0.9727,186.478,12.4247,1.3996,-1363.875,-2278.25,1.2715,1.9663,7.0185,61.6222,3.0444,0.2691,83.8746,9.2658,64.3328,66.594,87.85059999999999,73.32,2.051,358.9818,127.1691,724.3708,1.3657,146.2827,632.4336,214.6587,4.641,4.88,2864.0,0.9326,15.64135,355.1055,10.7269,106.9691,19.4236,20.2,28.6955,695.6754,150.9355,613.01,73.9395,-0.0204,0.0152,-0.0712,0.0193,-0.0916,-0.012,-0.0366,7.2554,0.1322,0.9591,1836.76,0.1947,8729.22,0.0983,-0.0186,-0.0109,0.0288,0.4653,0.9111999999999999,737.6565,0.9867000000000001,59.1295,0.6026,0.9584,6.6311,15.82,3.448,15.88,15.83,0.9649,0.5668,3.08,0.0,0.7608,2.3221,1001.7862,92.0,122.5,143.7,56.4001,545.17,0.7511,0.1127,0.0415,0.0468,0.0166,3.403,11.759,10.884,0.0107,0.52,0.0618,489.0,3444.0,0.107,0.049,0.195,4.1,0.407,0.6716,0.1856,0.5349,0.3241,0.6378,0.29,0.1112,4.24,15.62,52.543,0.188,20.42,7.02,29.218,76.486,0.052,0.0532,0.0542,0.0723,0.057,0.0948,0.1055,0.0613,4.9808,0.0768,0.013699999999999999,159.0148,0.0297,940.5996,0.0174,0.0097,0.0457,0.052199999999999996,91.6945,5.5617,0.06409999999999999,0.3307,0.0286,3.1316,28.1534,47.4747,50.8324,0.2414,3.1236,0.0381,3.6308,0.1452,0.0218,247.8266,204.0147,3644.1769,1510.3808,0.0462,0.022,0.0797,1.2833,0.0155,0.1212,0.2601,0.0812,0.0753,5.3492,0.1011,7.1443,0.0297,1.3999,4.8226,17.1148,0.0565,2.0921,2.4352,8.8897,24.3014,0.0137,0.0238,0.0226,0.0307,0.0149,0.052,0.0515,0.0306,1.5921,0.0247,0.0046,48.8798,0.0093,322.5283,0.0092,0.018000000000000002,30.1078,1.825,0.0174,0.1146,0.0095,9.6914,1.1366,4.1636,4.1168,5.729,2.5605,53.9534,64.9361,7.474,68.6985,2.5276,1.1005,4.1852,4.4177,0.0,151.1687,8.4153,2.4921,2.7784,6.6534,36.1314,14.1206,12.6175,0.8007,2.0033,0.8315,0.6795,4.3512,5.6775,3.3227,8.1409,2.8985,2.4698,24.4775,5.0769,1.7526,6.2822,105.1297,4.2,35.7037,103.4441,255.3714,170.9237,101.5449,295.5282,103.4934,877.3389,167.372,68.649,1.5126,3.1781,1.3944999999999999,8.6574,15.2529,0.0,53.6913,0.0,9.8296,5.5677,12.4305,0.25379999999999997,9.406,4.9737,1.2337,8.3726,75.458,15.78,1.11,7.7092,0.4874,48.9087,3.868,1.471,0.3155,0.0593,33.199,4.56,0.1286,1.8846,0.051,1.7391,21.3906,535.0427,2.0348,10.3,0.4444,3.522,0.1316,1.9251,21.8407,0.0119,2.3709,0.0139,0.0187,134.2014
-1.0,3066.19,2246.4889,1.0997,103.3222,1.444,0.0007,0.009,194.4585,17.2065,428.5948,0.9724,184.6948,12.4659,1.4055,-4444.25,-769.5,1.2857,1.9752,7.065,65.6333,2.9333,0.2372,83.9737,8.8033,64.485,66.6916,87.85059999999999,63.93999999999998,5.041,354.7064,153.1236,753.9997,1.0884,133.4082,641.2382,203.2937,4.609,4.833,2888.0,0.9329,11.6818,358.89,9.8975,124.8055,20.44,28.3182,38.8044,715.1954,137.1027,620.7982,104.4455,-0.07164999999999999,-0.0487,-0.0668,0.057850000000000006,-0.0848,-0.0243,-0.019,7.1922,0.1324,0.9698,1806.4107,0.1624,8654.6899,0.0,0.0,0.0,0.0,0.4676,0.9482,755.5991,0.9904,59.4921,0.602,0.9804,6.1643,15.82,3.448,15.88,15.83,0.9649,0.5668,3.08,0.0,0.7608,2.3221,1001.7862,126.0,169.5,150.9,87.1003,864.425,0.415,0.0744,0.0481,0.061,0.0123,3.441,13.393,6.593,0.0097,0.3,0.0424,548.0,1478.0,0.079,0.111,0.078,3.9,0.329,0.5559,0.1067,0.4797,0.3185,0.6817,0.508,0.1101,6.35,12.9,47.961,0.936,18.45,14.93,27.198,78.005,0.16345,0.0665,0.0392,0.0703,0.0871,0.1262,0.0961,0.0579,4.8269,0.0679,0.0033,93.701,0.0653,1373.7998,0.0221,0.0155,0.0251,0.0212,124.5043,4.4487,0.0306,0.3852,0.0286,3.1316,33.5026,62.9517,60.4413,0.1616,3.4016,0.0241,4.5548,0.0675,0.0157,234.3174,151.5355,781.0546,627.4485,0.0353,0.0524,0.0329,1.1533,0.0457,0.1074,0.1997,0.0495,0.0789,4.3109,0.1533,6.1475,0.0353,1.8868,3.3683,15.1586,0.325,3.9486,5.2765,8.02,23.6684,0.045450000000000004,0.0287,0.0165,0.0315,0.0304,0.0687,0.0539,0.0266,1.6495,0.0228,0.0011,29.9948,0.0187,489.145,0.0053,0.0075,44.2995,1.4633,0.0096,0.1266,0.0095,9.6914,1.1366,5.6668,5.528,5.5834,3.906427332733898,77.0342,37.7415,5.1524,77.8371,1.5383,0.9988,2.4066,3.0154,42.5719,192.0728,6.1443,5.6195,1.104,5.9421,54.5455,57.3302,10.3416,0.662,1.2123,0.7439,0.6795,4.0625,7.2099,2.9578,10.1162,4.7598,2.0117,23.592,4.9215,9.4569,4.9918,90.2642,3.8029,10.402,74.6848,277.5882,453.1516,105.1608,90.3937,148.8646,395.8805,305.1383,67.1127,2.7948,2.8797,0.3443,5.1871,40.2292,0.0,68.8172,0.0,5.3732,2.2351,16.4776,0.1379,7.4778,6.2495,1.2337,8.3726,81.27,23.38,1.14,10.2012,0.4889,107.2227,5.6531,1.4027,0.3004,0.0557,32.2583,7.45,0.0834,3.6417,0.0377,2.8113,11.5117,534.6255,2.4592,7.91,0.1254,2.8332,0.0463,1.4795,5.0986,0.0144,2.8813,0.011,0.0134,121.5476
-1.0,2873.35,2220.5445,1.3872,106.2567,1.5569,0.0189,0.0077,201.6988,10.158,405.8365,0.9622,192.3277,12.5235,1.4082,-4388.25,-73.25,1.3035,2.0045,7.3473,68.3444,2.6556,0.2011,85.794,8.7599,63.9715,65.9194,86.838,79.42,1.886,359.97,125.7709,723.8999,1.3621,142.3845,628.1255,186.0662,4.537,4.758,2910.0,0.9238,15.64135,357.25,10.5694,108.2055,16.2955,17.5655,25.4333,698.4666,146.3745,611.83,72.1401,-0.07164999999999999,-0.0544,-0.0869,0.057850000000000006,-0.0723,0.0025,-0.0159,7.1549,0.1254,0.9905,1859.3656,0.1539,8923.6199,0.0,0.0,0.0,0.0,0.4557,0.95,773.8504,0.9903,60.0459,0.5995,0.979,6.0189,15.82,3.448,15.88,15.83,0.9649,0.5668,3.08,0.0,0.7608,2.3221,1001.7862,71.0,166.3,128.2,45.2002,218.533,0.5206,0.1666,0.0486,0.0371,0.0189,8.2269,12.976,8.066,0.0169,0.34,0.0183,833.0,819.0,0.108,0.067,0.198,2.1,0.471,0.8929,0.0973,0.5785,0.3503,0.7153,0.532,0.1333,4.39,11.2,36.69,0.478,15.6,2.39,21.338,89.133,0.16345,0.0485,0.0235,0.0279,0.0976,0.0701,0.0686,0.0465,2.7897,0.0669,0.0005,108.5968,0.0406,908.0996,0.0164,0.0149,0.0947,0.0117,104.4278,2.8423,0.0266,0.3406,0.0286,3.1316,17.6983,58.9739,52.244,0.199,2.0754,0.0575,3.4534,0.096,0.0063,349.419,63.1684,1695.1209,422.903,0.046,0.0288,0.1016,0.9554,0.0599,0.1746,0.3274,0.0384,0.1583,4.9353,0.1816,6.3737,0.0383,1.5201,3.8565,13.1467,0.1466,0.6846,1.5433,6.4777,23.3456,0.0431,0.023,0.0103,0.0132,0.0289,0.0359,0.0328,0.0215,0.8911,0.0189,0.0002,32.999,0.0111,344.3672,0.0151,0.0038,37.4003,0.9685,0.0095,0.1147,0.0095,9.6914,1.1366,3.1435,5.7877,4.9965,2.0355,18.3198,37.5303,10.7004,127.7417,1.9875,1.7578,2.7149,1.3024,83.7692,0.0,8.2854,3.3425,2.6949,3.0727,64.0167,102.4309,13.7993,1.0407,1.1106,0.9043,0.362,3.8448,4.3969,2.9902,9.7851,3.0832,1.7831,19.7188,4.8714,4.5225,5.24,95.7319,3.055,24.9216,123.5554,183.6314,80.1322,32.1151,101.8656,96.9571,0.0,291.5361,38.9904,2.0735,2.8018,0.0479,5.8405,26.3746,442.3006,102.3256,0.0,20.7724,1.2361,13.4946,0.0648,4.7336,5.659,1.2337,8.3726,79.442,20.81,1.0,9.2279,0.3839,48.4431,5.0683,1.2588,0.7094,0.1946,69.6312,5.21,0.0662,2.3923,0.0282,1.975,10.0219,536.5182,2.0018,12.54,0.2766,3.8913,0.0895,2.3373,13.8172,0.0148,2.9823,0.0192,0.0125,65.2312
-1.0,3045.03,2246.4889,1.0997,103.3222,1.5693,0.0064,-0.0058,201.5153,12.655,418.8553,0.9622,192.1198,12.4247,1.3999,-5129.3333,-1284.5,1.2833,1.9745,7.3185,68.3,2.3444,0.1891,85.324,9.6272,64.1596,66.2984,87.0383,65.55,4.682,361.0882,133.7727,731.7208,0.883,137.7409,632.6018,118.1779,4.561,4.845,2915.0,0.9269,15.64135,359.0509,10.5233,110.9355,15.9563,22.8373,28.6681,703.0527,146.6591,616.6455,108.072,-0.027,-0.0111,-0.0581,0.0089,-0.0922,-0.0556,-0.0135,8.4535,0.1274,0.9901,1809.8522,0.2504,8664.4001,0.0,0.0,0.0,0.0,0.4623,0.9461,757.3824,0.9867000000000001,57.5716,0.5994,0.974,6.2604,15.82,3.448,15.88,15.83,0.9649,0.5668,3.08,0.0,0.7608,2.3221,1001.7862,129.0,61.9,206.1,87.1003,864.425,0.415,0.2276,0.0521,0.041,0.0214,7.4884,15.931,9.344,0.0183,0.52,0.0788,594.0,3306.0,0.177,0.05,0.213,1.8,0.428,0.357,0.1151,0.5534,0.2904,0.8667,0.618,0.1275,7.38,11.51,32.793,0.345,10.41,3.93,19.436,91.178,0.0481,0.0473,0.0484,0.0745,0.0199,0.0783,0.0401,0.0668,2.6065,0.0799,0.0006,63.7454,0.1254,1349.5,0.0214,0.0147,0.0489,0.0134,143.4902,5.0317,0.0366,0.3355,0.0286,3.1316,33.0087,19.8882,69.4497,0.1616,3.4016,0.08085,4.8292,0.1452,0.0227,312.2738,271.4934,1222.0566,1518.3584,0.0804,0.0232,0.1101,0.6764,0.0415,0.1458,0.1433,0.0484,0.0811,4.6734,0.1944,5.2038,0.0363,2.4225,3.1774,9.8659,0.1285,1.0663,1.3197,5.9001,27.508,0.0111,0.0209,0.0246,0.0321,0.0069,0.0399,0.0165,0.0322,0.8498,0.0257,0.0002,18.9344,0.0374,491.0306,0.0073,0.0041,54.0598,1.6445,0.0108,0.1172,0.0095,9.6914,1.1366,5.8608,2.0328,8.8999,3.906427332733898,77.0342,37.7415,14.5037,125.887,2.2308,1.9036,4.1852,5.627,47.6085,257.3764,13.7931,2.5323,2.9104,2.6354,38.3886,66.0987,12.669,0.4184,1.1956,0.8625,0.1706,4.2372,4.8216,2.3945,14.4382,5.3579,1.8195,27.7488,4.7337,3.2784,6.3911,65.2405,2.7645,11.9669,84.3678,178.2719,67.9354,128.3376,224.5416,84.9241,72.1223,493.9002,30.8336,1.2557,3.2523,0.0582,3.5221,63.31987047269746,846.0432,54.5781,562.963,10.5773,1.4182,18.9455,0.25379999999999997,8.7399,5.3594,1.2337,8.3726,82.284,20.35,2.17,8.3023,0.88615,77.1836,5.0554,2.9289,0.2782,0.0504,29.7801,7.93,0.1609,3.0982,0.0633,2.9996,25.5555,532.4236,2.5469,6.49,0.4057,2.4106,0.1139,1.219,15.93,0.0197,3.969,0.0108,0.0106,98.1735
-1.0,3090.18,2191.6667,1.3529,103.4233,1.5769,-0.0359,0.0076,195.9164,5.9519,408.6125,0.9731,186.0737,12.5235,1.4077,-4707.0,-187.25,1.293,2.018,7.4305,70.7667,2.7111,0.1963,85.794,8.7599,63.9715,65.9194,86.838,79.42,1.886,359.63,125.1791,720.422,0.9698,138.0155,622.8245,126.5395,4.537,4.758,2910.0,0.9238,15.64135,357.5145,10.4427,110.6364,8.9481,14.5427,20.874,699.548,145.7255,613.8764,91.2295,-0.0328,-0.0004,-0.0689,0.048,0.078,-0.0193,-0.0134,6.9996,0.1323,0.99,1862.9489,0.1888,8651.4101,0.1099,0.0558,-0.0274,0.0237,0.4664,0.9473,733.8516,0.9867000000000001,56.6393,0.6024,0.9801,6.0909,15.73,3.776,15.76,15.74,1.031,0.6741,3.41,-0.3311,0.7025,2.3403,1001.2992,95.0,76.6,127.6,70.3999,774.816,0.6112,0.0726,0.0614,0.0642,0.0146,2.9602,6.048,15.84,0.0087,0.34,0.0315,308.0,489.0,0.14,0.116,0.169,2.5,0.682,0.8929,0.0973,0.5785,0.3503,0.7153,0.802,0.0683,5.69,11.87,23.46,0.333,19.5,4.31,24.001,110.342,0.1203,0.0992,0.034,0.0533,0.078,0.0608,0.0791,0.0325,5.3051,0.0869,0.0011,144.5028,0.0273,794.6992,0.0156,0.0223,0.0439,0.0252,85.6931,3.5801,0.0383,0.4098,0.0373,4.1601,22.7806,28.1666,45.3288,0.1968,3.1604,0.0255,1.6211,0.096,0.0082,132.9097,101.9914,786.3205,227.0982,0.061,0.0476,0.0693,0.8529,0.0273,0.2156,0.3274,0.0384,0.1583,4.7397,0.2231,6.4765,0.0225,1.6452,3.7347,7.9098,0.1019,1.619,1.866,7.0902,29.3048,0.0369,0.0415,0.0144,0.0238,0.0237,0.0288,0.0394,0.0139,1.9773,0.0266,0.0003,42.2209,0.0092,278.4709,0.0077,0.0077,28.4356,1.1946,0.0114,0.1375,0.0124,7.1895,1.2895,4.2429,2.4788,5.3715,3.2122,69.965,45.1768,4.6039,101.6145,3.8765,0.8943,2.7149,2.2377,32.5048,261.1482,10.8275,5.7483,2.2744,3.5327,29.5082,45.8404,19.7173,1.0407,1.1106,0.9043,0.362,4.4157,4.5694,3.1645,7.0468,4.1227,1.9058,18.5397,4.8714,3.1888,6.1553,217.9224,3.4309,36.503,120.9499,367.2582,120.6813,77.3585,162.4788,77.9737,410.3761,242.9907,75.7912,1.663,3.6768,0.1141,7.7567,14.4502,0.0,111.4754,426.6667,9.4224,2.665,11.6772,0.25379999999999997,6.321,6.7282,1.5921,9.0894,72.92,24.04,0.83,10.9205,0.2982,47.2267,6.0105,1.1382,0.128,0.0293,13.7543,7.69,0.166,2.8287,0.0669,2.8885,26.1674,535.4264,2.0184,7.55,0.2272,2.6025,0.0746,1.4101,11.2549,0.0182,3.6171,0.0108,0.0106,98.1735
-1.0,2955.85,2191.6667,1.3529,103.4233,1.4395,0.0012,0.0011,200.1743,7.3859,400.351,0.9724,190.0507,12.4247,1.386,-2030.25,328.0,0.67205,1.7109999999999996,1.4625,63.3444,2.3556,0.1918,84.0432,8.7487,64.3732,66.6566,87.85059999999999,63.93999999999998,5.041,360.8282,126.1227,723.0058,0.9673,138.2318,625.1827,127.2562,4.537,4.758,2910.0,0.9238,15.64135,357.1927,10.7884,106.6736,18.3472,19.4491,24.9395,698.0664,142.9691,606.8355,87.0336,-0.038,-0.0645,-0.0621,0.0041,-0.094,-0.0233,-0.0319,7.7836,0.1324,0.9847,1813.8976,0.1524,9008.5601,0.0329,0.1479,0.0211,0.0555,0.4777,0.9486,763.8563,0.9867000000000001,58.0172,0.5877,0.976,6.3083,15.78,3.62,15.83,15.83,0.9933,0.6314,3.361,0.0473,0.7509,2.3532,1006.4114,75.0,128.3,105.6,70.3999,774.816,0.6112,0.0739,0.0671,0.0682,0.0209,8.8823,4.842,15.412,0.0117,0.52,0.0607,2060.5,676.0,0.277,0.21200000000000002,0.498,1.6,0.047,0.879,0.1015,0.6257,0.3244,0.6083,0.748,0.0853,5.55,12.65,18.461,0.528,13.24,3.75,19.779,75.402,0.0678,0.0594,0.0266,0.0468,0.0553,0.0809,0.1191,0.0312,3.9253,0.0335,0.008,117.7777,0.0386,1089.2998,0.0171,0.0142,0.0545,0.0182,105.5518,2.267,0.0468,0.4053,0.0437,4.0441,19.0317,46.7323,38.8906,0.1968,3.1604,0.0323,1.5325,0.1452,0.0223,912.5788,562.8794,2347.5491,379.0937,0.12369999999999999,0.09505000000000002,0.2273,0.548,0.0291,0.0138,0.3131,0.0388,0.0328,4.9899,0.205,6.0925,0.0237,1.7957,3.9892,5.7759,0.1469,1.4111,1.9216,6.2939,21.7216,0.0178,0.0297,0.0118,0.0216,0.0143,0.0387,0.0632,0.014,1.3215,0.0101,0.0024,38.4535,0.0122,297.8932,0.0155,0.0053,30.9744,0.7542,0.0144,0.133,0.0131,5.5066,1.1227,3.3971,4.3405,4.0258,3.2122,69.965,45.1768,5.1339,65.5573,3.8496,1.1992,4.1852,4.3831,207.4129,206.0976,23.078450000000004,10.417850000000001,7.544649999999999,2.5259,25.4717,42.2364,1.3541,1.0459,1.1601,0.972,0.6795,4.2929,4.789,2.8328,8.8183,4.015,2.0234,14.507,4.8714,4.8942,7.2089,72.1635,2.8334,12.3478,86.6355,178.5091,171.5523,75.3623,0.0,86.0867,512.2581,97.8824,50.4308,2.7948,1.4104,0.8134,6.4931,25.3232,808.5409,118.77044999999998,221.3836,11.3996,1.9204,13.8183,0.25379999999999997,3.9075,6.4251,1.8575,9.0242,81.616,19.76,0.97,9.3539,0.4014,74.8893,4.8745,1.1885,0.2058,0.038,22.7192,6.492171826368289,0.147136177288375,2.6399394373854115,0.05618465084170851,2.4713177475469434,21.866527848640768,534.5155,2.4013,10.57,0.4373,3.4964,0.1369,1.9775,18.2114,0.0129,2.5817,0.0354,0.0286,80.724
-1.0,3006.23,2220.5445,1.3872,106.2567,1.4829,-0.0176,0.0064,195.4162,4.5654,395.9865,0.9716,184.9138,12.4871,1.4132,-3603.0,-2054.75,1.2993,2.021,7.6588,65.4667,2.4667,0.2147,84.7166,8.8388,64.1968,65.9055,85.73010000000001,76.67,4.07,350.96,129.59,721.4974,1.3614,146.3836,626.9336,207.3929,4.612,4.927,2832.0,0.9342,15.64135,350.3073,10.6871,108.2727,17.0272,21.3173,28.9468,692.5505,151.3264,609.9064,111.3789,-0.07164999999999999,0.0078,-0.0386,0.057850000000000006,0.0994,-0.0206,-0.0331,7.9927,0.132,0.9848,1789.4793,0.1911,8404.05,-0.0947,-0.0065,0.0244,0.1049,0.4647,0.9403,711.8571,0.9905,58.9959,0.6012,0.9653,6.3571,15.73,3.776,15.76,15.74,1.031,0.6741,3.41,-0.3311,0.7025,2.3403,1001.2992,123.0,187.4,122.0,45.2002,218.533,0.5206,0.1315,0.0811,0.0649,0.017,3.4638,6.222,11.048,0.0108,0.52,0.0318,268.0,1906.0,0.086,0.166,0.175,2.3,0.308,0.8333,0.0324,0.585,0.3804,1.013,0.178,0.1336,6.4,19.97,51.684,0.332,19.73,5.12,35.563,69.287,0.16345,0.10470000000000002,0.0796,0.0766,0.1496,0.055,0.044,0.0179,4.0537,0.0353,0.0022,120.9603,0.0552,1186.3003,0.0316,0.0251,0.0398,0.0198,129.8465,2.6624,0.0249,0.365,0.0373,4.1601,32.0878,60.209,43.6834,0.199,2.0754,0.0432,1.7688,0.1452,0.009,134.8292,176.3016,163.0726,829.7407,0.041,0.0742,0.0722,0.8367,0.026,0.1124,0.3058,0.0156,0.0962,5.7303,0.0634,10.0825,0.0384,1.9705,6.0289,15.7706,0.108,1.641,2.3573,10.9807,19.7556,0.045450000000000004,0.0455,0.038,0.0342,0.0432,0.025,0.0215,0.0085,1.2619,0.0123,0.0008,40.1228,0.0169,346.7827,0.0067,0.0069,36.855,0.8585,0.0093,0.1264,0.0124,7.1895,1.2895,5.4262,6.2337,5.0322,2.0355,18.3198,37.5303,8.8681,136.2871,2.79,1.1099,4.1643,2.2523,9.4921,92.7607,6.6192,8.2138,2.285,3.5132,32.4324,33.5404,8.157,0.9836,0.3666,0.9113,0.3464,5.4793,6.9064,4.6609,9.8117,4.3721,3.1853,24.9208,5.7506,3.1065,10.1134,115.8732,5.1351,8.3426,62.2084,186.6632,142.3002,198.4456,147.6073,55.332,213.3333,54.0377,50.7181,0.7578,1.4947,0.2284,6.7595,28.8813,0.0,51.4469,0.0,8.5537,2.1036,18.2405,0.1148,4.5129,5.7416,1.5921,9.0894,78.266,17.37,1.29,7.2308,0.6356,40.0243,4.2314,1.6482,0.452,0.1609,29.895,7.04,0.1607,2.5993,0.0605,2.6398,26.9849,523.3110000000001,2.3358,5.39,0.3599,1.7611,0.1242,1.0306,15.4085,0.0163,3.28,0.0266,0.0086,32.3304
-1.0,2958.05,2199.3334,1.2414,100.5544,1.4981,0.0234,-0.0042,202.5742,4.0799,399.0785,0.9632,192.6721,12.484928298373962,1.4084,-4400.5,1293.25,0.9625,1.8762,4.8982,65.2889,3.1556,0.2069,85.2575,9.094,64.235,66.6677,87.85059999999999,63.93999999999998,4.839,356.7745,121.8673,714.6868,1.3727,147.6309,626.2727,211.6621,4.527,4.731,2906.0,0.933,15.64135,354.2027,10.5985,107.31,15.0236,14.5573,22.6504,692.0365,149.7364,611.2491,83.7605,-0.0229,-0.0134,-0.0395,-0.0015,-0.0881,-0.0129,0.0189,7.8106,0.1297,0.9895,1764.3276,0.1581,9031.82,0.1382,-0.0037,0.0015,0.168,0.4549,0.9457,773.7833,0.9909,58.1217,0.5939,0.9708,6.6311,15.88,2.438,15.91,15.87,0.7947,0.4261,3.42,0.8042,0.8376,2.3313,1007.4191,84.0,188.1,128.4,78.8,728.433,1.0232,0.0796,0.0638,0.0868,0.0222,6.1806,5.807,20.893,0.0153,0.5622627733744352,0.0486,663.0,209.0,0.113,0.085,0.14,3.5,0.232,0.6491,0.1001,0.5695,0.4025,0.6695,0.799,0.1486,5.06,7.96,46.261,0.488,14.79,5.61,22.354,64.201,0.0758,0.0645,0.032,0.0844,0.0907,0.0782,0.0838,0.0919,3.7521,0.0758,0.0023,102.1039,0.0197,772.4004,0.0274,0.0105,0.120188138292432,0.0131,66.2499,2.2436,0.0506,0.3887,0.0712,4.6056,22.0976,50.6208,42.234,0.3087,3.0017,0.0274,2.2156,0.142211836942716,0.0187,295.1305,280.7805,3342.3434,96.2648,0.0474,0.0351,0.0603,1.2015,0.0358,0.0647,0.2391,0.0369,0.0519,4.0636,0.2282,4.3992,0.0446,1.6184,2.5315,15.8512,0.1498,1.9468,2.5726,6.6985,21.1618,0.0227,0.0294,0.0138,0.0403,0.0229,0.039,0.0442,0.0497,1.2063,0.0256,0.0007,30.7071,0.0067,251.7738,0.02801905827358544,0.0048,25.133,0.7249,0.0153,0.1319,0.0232,4.8881,1.3384,3.8965,6.3589,5.2403,3.5829,71.5595,64.9361,5.3132,142.3316,5.2353,1.5858,4.552407846413772,3.4513,171.026,16.1608,11.7403,4.5303,2.8582,5.3608,22.1831,48.8185,5.0793,0.7613,1.1012,0.8866,0.6795,3.0551,6.5809,2.2758,10.8221,3.4275,1.271,21.8561,5.0374,4.6044,5.0228,98.4449,3.2302,32.3052,76.6483,330.9141,115.1786,213.6709,0.0,88.7628,652.1401,485.6011,48.0384,2.5443,3.194,0.2335,5.7871,12.4427,714.8936,76.0181,0.0,26.600115265074077,1.3808,8.5618,0.0852,3.8602,5.8042,3.0548,11.6982,77.3650624194274,16.925888107393884,1.2557582819484452,7.66519102099407,0.5155337184870803,65.3661949587844,4.195055806700015,1.6087838562738106,0.5777,0.0863,59.3942,7.03,0.2929,2.8854,0.1184,2.686,38.05341532073962,537.59,1.7633,6.39,0.2326,2.0122,0.0663,1.1886,13.1929,0.0169,3.3882,0.0266,0.0086,32.3304
-1.0,2999.72,2191.6667,1.3529,103.4233,1.4656,-0.0103,-0.0029,199.6948,8.3864,402.8367,0.9755,189.5554,12.4743,1.3937,-4424.3333,-1436.25,1.2645,1.99,7.1348,64.8111,2.8,0.2262,85.6039,8.7588,64.1668,66.6948,87.85059999999999,63.93999999999998,5.041,363.6955,133.1509,736.1872,1.29,144.2618,641.1082,207.4735,4.638,4.87,2892.0,0.9291,15.64135,360.3318,10.587,110.7882,21.8491,22.3627,31.3539,704.8333,148.1391,619.2591,108.174,-0.0316,-0.0537,-0.0695,0.0071,-0.0966,-0.0303,-0.036,7.2452,0.1324,0.9701,1793.9021,0.1583,9300.7701,-0.0367,0.0084,0.0248,0.0355,0.4555,0.9385,823.2608,0.9905,60.026,0.6066,0.9654,6.3649,15.78,3.62,15.83,15.83,0.9933,0.6314,3.361,0.0473,0.7509,2.3532,1006.4114,95.0,188.5,169.7,70.3999,774.816,0.6112,0.1287,0.11930000000000002,0.0754,0.0203,10.5012,6.397,14.521,0.0109,0.2,0.0645,386.0,1701.0,0.145,0.109,0.176,4.6,0.315,0.4277,0.1036,0.4883,0.2468,0.6791,0.615,0.1287,6.18,11.9,49.414,0.349,10.46,3.32,18.853,54.274,0.081,0.0681,0.0381,0.05,0.0646,0.1186,0.1086,0.0314,3.337,0.0873,0.0041,85.9713,0.039,1792.0996,0.0306,0.017,0.120188138292432,0.0132,152.8221,2.6264,0.0491,0.3904,0.0437,4.0441,24.7946,55.3695,55.9162,0.1968,3.1604,0.042,1.8952,0.0555,0.0216,159.8653,562.8794,531.3966,750.0322,0.0622,0.0532,0.084,1.3318,0.0421,0.1213,0.1537,0.0449,0.1125,5.2115,0.1909,5.7594,0.0344,1.987,3.6233,13.5897,0.1046,1.1834,1.2195,5.7837,16.635,0.0232,0.0391,0.0175,0.022,0.0159,0.052,0.0558,0.0152,1.062,0.026,0.0012,28.1746,0.012,534.0966,0.024,0.0046,46.7865,0.8512,0.0141,0.1386,0.0131,5.5066,1.1227,4.3222,6.2839,6.809,3.2122,69.965,45.1768,8.7816,76.2786,3.6047,1.1157,1.6033,4.6244,22.1954,118.4334,11.467,5.4774,2.4668,7.0975,17.8571,55.6974,9.7033,0.4996,1.1828,0.761,0.6795,4.1518,5.49,2.7549,9.9729,4.2839,1.8562,23.817,4.5908,3.2965,8.7825,47.8738,2.6748,11.7465,50.1729,256.6845,154.4218,71.9166,913.8815,122.7426,358.7118,87.2222,46.0587,2.7948,3.7641,0.42,4.7924,24.6736,0.0,65.3386,0.0,26.600115265074077,1.4082,18.563,0.1164,4.3754,6.1337,1.8575,9.0242,71.642,12.49,0.95,5.529,0.443,45.5473,3.1239,1.326,0.3004,0.0557,32.2583,4.3,0.0245,1.7115,0.0101,1.6334,3.2504,536.3945,2.0371,9.6,0.2247,3.3993,0.0576,1.7897,11.0317,0.012,2.4212,0.0059,0.0101,169.6401
-1.0,2918.9,2183.4333,1.3601,99.0267,1.4408,0.0247,0.0022,202.15,3.1509,403.2555,0.9693,192.204,12.5088,1.4002,-6147.0,1189.0,0.9688,1.8822,4.9697,64.6444,3.1444,0.2011,85.2575,9.094,64.235,66.6677,87.85059999999999,63.93999999999998,4.839,357.7173,126.5109,721.1447,1.352,143.6845,627.9127,205.2743,4.527,4.731,2906.0,0.933,15.64135,355.2045,10.5538,110.8618,14.2318,15.6491,23.1757,697.969,147.6145,613.6809,110.0963,0.0179,-0.0046,-0.0276,0.0428,-0.0716,-0.0305,0.0336,7.951,0.1306,0.9879,1802.3303,0.1539,8952.31,-0.1055,0.0019,0.0939,-0.0988,0.4714,0.9526,760.5186,0.9867000000000001,56.0367,0.5928,0.9788,6.2869,15.88,2.438,15.91,15.87,0.7947,0.4261,3.42,0.8042,0.8376,2.3313,1007.4191,77.0,200.5,145.8,46.8,287.1499,0.4345,0.1138,0.0549,0.10045,0.0276,7.8032,4.45,17.819,0.0165,0.54,0.0531,502.0,211.0,0.122,0.069,0.203,3.1,0.09,0.6491,0.1001,0.5695,0.4025,0.6695,0.682,0.1773,14.54,11.99,67.611,0.351,9.16,16.39,18.734,83.867,0.0692,0.0516,0.0383,0.0792,0.0783,0.1013,0.0774,0.0941,3.5597,0.0738,0.0014,136.4844,0.018,786.1006,0.0215,0.0283,0.120188138292432,0.014,75.3167,4.4574,0.0363,0.4394,0.0712,4.6056,20.3137,60.0454,41.9652,0.1291,1.6114,0.0382,1.4424,0.1465,0.018,218.4651,268.8159,5450.8142,98.9107,0.0499,0.0297,0.09,0.9221,0.0319,0.0309,0.2391,0.0369,0.0519,4.4431,0.1982,4.654,0.0577,3.9252,2.9952,19.3439,0.1123,4.2174,4.6695,5.828,30.4703,0.021,0.0232,0.0175,0.0331,0.0218,0.0449,0.0418,0.0455,1.4205,0.0235,0.0004,40.5244,0.006,294.4565,0.0247,0.0051,29.2486,1.3372,0.0122,0.1481,0.0232,4.8881,1.3384,3.5472,6.869,5.831,2.1434,18.1446,31.9464,7.8983,141.2291,4.4188,1.7021,4.317,3.791,191.1176,17.746,12.5935,3.6658,4.0847,4.7955,28.6219,47.7348,1.9669,0.7613,1.1012,0.8866,0.6795,4.8614,15.9828,2.1318,13.1113,10.1194,1.9095,32.9369,5.0374,3.3258,6.3593,64.3628,2.6841,13.5315,76.1761,387.2683,107.7244,287.2167,183.1579,141.5793,253.5627,280.4769,44.7706,1.0716,3.0647,0.139,7.5727,11.6955,860.8365,90.0,0.0,26.600115265074077,1.4747,9.9033,0.25379999999999997,7.9544,6.9889,3.0548,11.6982,74.132,22.75,0.99,10.2852,0.3951,42.0116,5.6134,1.3355,0.128,0.0293,13.7543,6.34,0.0834,2.5268,0.0345,2.4137,12.9919,534.8927,2.4332,10.75,0.3656,3.7784,0.0932,2.0097,15.0254,0.0134,2.6613,0.0059,0.0101,169.6401
-1.0,2926.07,2191.6667,1.3529,103.4233,1.5371,-0.016,0.0022,200.1845,3.4345,427.1292,0.9704,190.2138,12.4247,1.3868,-2543.0,-3639.5,1.281,1.9457,7.0365,64.6222,2.7111,0.2143,85.1197,9.1784,64.229,66.56,87.85059999999999,74.8,3.698,355.8455,151.4609,751.7251,1.078,131.9845,639.2909,224.888,4.609,4.833,2888.0,0.9329,12.0627,358.2127,9.8279,123.5236,16.6609,27.9373,38.0327,713.6924,140.8936,622.63,78.6295,-0.0265,-0.0512,-0.0612,0.0121,-0.0671,-0.009,-0.0404,7.1037,0.1349,0.9634,1816.0286,0.1573,9269.57,-0.0586,-0.0149,0.0599,0.1617,0.4624,0.9439,760.1941,0.9867000000000001,57.2713,0.5882,0.9809,6.2641,15.88,2.438,15.91,15.87,0.7947,0.4261,3.42,0.8042,0.8376,2.3313,1007.4191,113.0,153.4,120.9,70.3999,774.816,0.6112,0.0907,0.0798,0.0649,0.0261,9.2056,7.316,10.588,0.0154,0.52,0.0419,423.0,2181.0,0.093,0.129,0.232,2.4,0.275,0.6723,0.06,0.4614,0.2699,0.6609,0.478,0.1226,5.44,14.79,55.5,0.988,22.53,15.49,28.22,71.781,0.082,0.0591,0.0393,0.0618,0.0639,0.0618,0.0779,0.0681,2.8793,0.0592,0.013699999999999999,81.8126,0.0429,1819.2002,0.0288,0.0172,0.0445,0.0219,101.4092,4.949,0.0541,0.3656,0.0712,4.6056,30.0114,51.7787,46.4238,0.1968,3.1604,0.0343,2.0722,0.1452,0.0128,204.1258,347.9132,2704.3424,1542.1999,0.0504,0.0555,0.1046,0.7886,0.021,0.0748,0.2397,0.0291,0.0392,3.8954,0.1441,6.4111,0.0408,1.3788,4.2474,15.9323,0.3475,4.4704,6.1146,8.0646,25.7543,0.0286,0.0256,0.0191,0.0293,0.0166,0.0267,0.0448,0.0329,0.951,0.0197,0.0046,25.8338,0.0138,623.7901,0.007,0.0073,36.525,1.6253,0.0176,0.1218,0.0232,4.8881,1.3384,5.2681,5.2425,4.8249,3.2122,69.965,45.1768,5.9009,164.29784999999998,2.4789,1.5905,4.1852,3.0221,231.4589,59.9258,7.26,6.6298,3.2971,3.7139,29.5082,29.86,8.3389,0.7898,0.6535,0.7184,0.6795,3.5802,7.6917,3.0558,11.3721,4.1217,2.3135,24.679,4.9215,10.053,5.7722,135.2267,3.9541,22.5208,91.2902,308.9967,151.4414,100.9804,526.7388,92.067,867.9666,168.4601,40.5319,1.6311,2.4732,1.3944999999999999,4.505,27.2455,562.7812,79.292,0.0,9.6194,2.3182,13.3399,0.1378,8.6413,5.837,3.0548,11.6982,81.098,16.73,1.09,7.7201,0.5092,44.0514,4.1795,1.3441,0.5008,0.0783,50.7506,5.9,0.1417,2.5134,0.0566,2.2435,22.0523,537.1373,2.1412,7.93,0.2848,2.5902,0.093,1.4763,13.3002,0.0116,2.3234,0.0461,0.0388,117.6159
-1.0,3032.89,2183.4333,1.3601,99.0267,1.4615,-0.0034,-0.0042,199.5653,9.0188,405.2932,0.974,189.4727,12.4743,1.3953,-3931.25,-116.25,0.8933,1.7797,3.0705,60.9222,2.0111,0.2078,84.6216,9.1585,64.4425,66.374,86.279,74.54,2.215,354.2691,156.3145,757.4796,1.042,133.3182,643.9018,219.7635,4.607,4.828,2875.0,0.934,9.5227,358.2818,9.8395,125.8373,21.0827,30.4773,40.9448,716.5348,138.7,622.8191,100.3998,0.0097,-0.0669,-0.0587,0.0307,-0.0853,-0.0139,-0.0385,6.8125,0.1392,0.9679,1857.068,0.1683,8401.17,-0.1105,0.0046,0.0762,-0.2233,0.4626,0.9279,722.0756,0.9908,59.6045,0.5982,0.9794,6.1709,15.78,3.62,15.83,15.83,0.9933,0.6314,3.361,0.0473,0.7509,2.3532,1006.4114,107.0,201.0,109.1,46.8,287.1499,0.4345,0.1076,0.0663,0.0692,0.0194,8.9068,6.236,10.238,0.0113,0.2,0.0901,2060.5,1055.0,0.074,0.041,0.048,3.5,0.109,0.7927,0.0637,0.4054,0.2872,0.7343,0.432,0.1296,4.55,11.51,36.618,0.954,16.41,4.53,20.95,38.826,0.0603,0.0539,0.0307,0.0606,0.0672,0.0741,0.1044,0.0376,5.7222,0.0928,0.0066,103.2262,0.0854,1083.0,0.0366,0.0274,0.120188138292432,0.0093,120.8641,2.2309,0.0419,0.428,0.0437,4.0441,29.4414,67.2185,37.8865,0.1291,1.6114,0.0425,1.8474,0.0555,0.0307,912.5788,378.7572,216.8277,493.0195,0.0358,0.0209,0.0216,1.0256,0.0719,0.0338,0.2956,0.027,0.0557,3.9957,0.1218,6.0475,0.0465,1.273,3.5906,13.0643,0.2963,1.6118,2.3384,6.7016,13.4325,0.0168,0.0257,0.0136,0.0325,0.0179,0.0404,0.0545,0.0193,1.7235,0.0248,0.0025,35.6862,0.0304,384.3672,0.0209,0.0031,42.5381,0.6655,0.0127,0.1409,0.0131,5.5066,1.1227,4.9207,6.6273,4.3626,2.1434,18.1446,31.9464,7.3622,69.1443,2.5261,1.1592,1.6033,6.4597,12.8203,878.8110999999999,8.2844,2.3037,1.5633,5.745,54.6961,108.7701,3.1216,0.9368,0.695,0.6291,0.6795,3.7486,5.86,2.7372,12.4385,3.4129,1.7875,16.6625,1.7163,9.6957,5.6422,77.8363,2.9238,18.3156,38.6714,618.8582,136.802,103.1782,219.0263,86.8699,752.4324,97.6623,83.9956,3.3756,3.9222,0.6859,5.5586,50.7572,0.0,54.8463,0.0,26.600115265074077,1.0,16.7384,0.134,3.7429,6.9354,1.8575,9.0242,79.97,14.05,1.6,6.6771,0.6613,39.6768,3.4571,2.0007,0.7055,0.1416,73.9007,8.06,0.1089,3.4165,0.0425,3.0589,15.2685,537.6418,2.2678,10.22,0.3876,3.5456,0.1182,1.9009,17.0931,0.0124,2.4896,0.0155,0.0177,114.4127
-1.0,2865.31,2246.4889,1.0997,103.3222,1.5264,0.017,-0.0099,201.4855,12.9025,419.9636,0.9555,191.9909,12.4247,1.4073,-3780.5,171.5,1.2503,1.9998,7.3447,67.5333,2.9667,0.2158,84.3585,8.7495,64.2234,65.9449,86.7325,78.13,4.063,357.2791,123.5127,716.994,0.995,140.9573,621.7491,125.0043,4.537,4.758,2910.0,0.9238,15.64135,356.4345,10.5614,106.4373,10.5321,17.0755,22.9914,694.0026,149.4391,612.3109,80.1785,-0.07164999999999999,0.0151,-0.0673,0.057850000000000006,0.0923,-0.0161,-0.0426,7.1424,0.1348,0.9707,1836.6503,0.1605,8557.4501,0.0129,-0.0307,0.0354,0.0661,0.4617,0.9418,744.4707,0.9867000000000001,57.5846,0.6051,0.9788,6.2893,15.73,3.776,15.76,15.74,1.031,0.6741,3.41,-0.3311,0.7025,2.3403,1001.2992,200.0,195.5,171.7,87.1003,864.425,0.415,0.0889,0.0762,0.0395,0.026,8.3097,6.348,9.142,0.0226,0.52,0.0207,504.0,1332.0,0.08,0.089,0.095,1.9,0.551,0.9352,0.0935,0.4883,0.26,0.9184,0.519,0.0918,4.4,10.82,16.233,1.243,11.72,4.27,23.4641,74.062,0.1577,0.0583,0.0828,0.043,0.0985,0.0512,0.063,0.0343,4.9637,0.0436,0.0084,88.7012,0.0319,1626.4004,0.0177,0.0173,0.0958,0.0318,158.5317,5.3135,0.0354,0.3901,0.0373,4.1601,39.7319,64.4087,61.908,0.1616,3.4016,0.0327,2.0382,0.1452,0.0073,261.0038,75.82,665.6128,661.0398,0.0332,0.0407,0.0407,0.5937,0.0561,0.1662,0.3493,0.0383,0.1666,4.746,0.1411,6.6742,0.0307,1.485,3.6653,5.2685,0.3494,1.1386,1.854,6.4752,26.3744,0.0403,0.0259,0.0379,0.0203,0.0284,0.0219,0.0293,0.0173,1.4896,0.0142,0.003,29.847,0.0105,534.6468,0.0202,0.0101,53.3071,1.7277,0.0109,0.128,0.0124,7.1895,1.2895,9.053150000000002,6.823,6.7819,3.906427332733898,77.0342,37.7415,5.8241,49.1996,2.1769,2.3661,4.1852,1.4724,41.5553,776.6764,6.3987,4.4506,1.2934,2.8134,33.7079,86.6632,15.4655,1.1086,1.0684,0.7603,0.2056,4.2264,5.0278,3.1149,9.2289,3.1215,1.7402,12.986,4.8714,11.7693,8.5027,111.279,3.381,23.3872,92.3715,150.262,71.468,63.8693,163.4346,55.4863,390.0929,80.4692,69.4969,2.6711,1.7999,0.8621,4.8295,19.9058,0.0,98.3607,896.9697,20.7457,3.3773,21.2945,0.25379999999999997,9.2274,6.2027,1.5921,9.0894,82.298,20.41,1.54,8.8729,0.6066,87.0229,5.0012,1.8712,0.3463,0.0644,35.3519,6.322062273829956,0.14349936358459334,2.613356012615662,0.051403416374674715,2.4143760909322083,21.0115893163203,529.3318,2.3418,10.5,0.3571,3.6913,0.122,1.9836,15.2498,0.0191,3.8536,0.0165,0.0116,70.1798
-1.0,2855.8,2183.4333,1.3601,99.0267,1.4912,-0.0004,-0.0016,199.2058,10.6604,397.5674,0.974,188.85,12.4659,1.4035,-3513.5,-1732.5,1.2515,1.9648,7.0128,64.0,2.7333,0.2304,85.1197,9.1784,64.229,66.56,87.85059999999999,74.8,3.698,354.1591,156.84,758.3614,1.0628,133.5045,644.5036,217.188,4.609,4.833,2888.0,0.9329,9.3336,356.8636,9.7936,126.1736,19.9972,30.6664,41.5043,716.8571,141.4691,624.5064,74.1382,-0.0167,0.0115,-0.0587,0.0397,-0.0745,-0.0439,-0.0278,7.1211,0.1253,0.9904,1808.3115,0.1545,8400.7099,0.0204,0.0214,0.0246,-0.0565,0.4573,0.9437,726.8887,0.9867000000000001,59.1544,0.6054,0.9795,6.1235,15.88,2.438,15.91,15.87,0.7947,0.4261,3.42,0.8042,0.8376,2.3313,1007.4191,161.0,161.5,116.1,46.8,287.1499,0.4345,0.1323,0.0593,0.0639,0.0141,10.3362,7.116,7.732,0.0093,0.3,0.0553,311.0,1094.0,0.057,0.071,0.177,2.7,0.3,0.6723,0.06,0.4614,0.2699,0.6609,0.497,0.1942,4.93,12.11,52.723,0.847,17.57,16.99,30.111,99.0,0.0517,0.0612,0.0758,0.0699,0.06,0.0998,0.0335,0.0314,6.4922,0.0385,0.0017,176.8171,0.0342,1647.3003,0.0175,0.0106,0.120188138292432,0.0161,171.0141,5.4718,0.0573,0.3778,0.0712,4.6056,38.1511,54.6283,51.0084,0.1291,1.6114,0.0423,2.2801,0.0675,0.022,143.9873,400.6599,483.7082,511.1259,0.026,0.0342,0.077,1.0404,0.0261,0.1006,0.2397,0.0291,0.0392,4.49,0.1333,5.8072,0.0548,1.4689,3.317,18.4838,0.2756,4.9906,6.2876,9.0392,32.3901,0.0153,0.0289,0.0371,0.0306,0.0196,0.0526,0.0153,0.0166,2.1868,0.0154,0.0005,53.5303,0.011,575.4736,0.024,0.0053,59.7763,1.8039,0.0154,0.1233,0.0232,4.8881,1.3384,7.0088,5.6552,4.5756,2.1434,18.1446,31.9464,8.8719,66.7519,1.9448,0.9558,2.4066,3.9373,31.5355,63.1457,4.5545,3.6137,2.524,4.2187,29.2683,29.9421,9.0192,0.7898,0.6535,0.7184,0.6795,4.1281,6.2994,2.7364,18.2727,3.6928,1.879,24.2753,4.9215,8.6485,7.3866,87.8621,4.2004,40.8689,133.5344,308.8872,211.5817,119.0801,150.9671,134.0047,76.3533,112.8482,91.1683,2.2342,1.6059,0.1719,9.778,22.1593,0.0,39.2906,0.0,26.600115265074077,1.7086,23.5269,0.25379999999999997,9.2501,6.1691,3.0548,11.6982,80.25,24.21,1.95,10.1871,0.8491,40.4075,5.9677,2.4299,0.1633,0.0431,16.93,6.02,0.0762,2.4306,0.0341,2.2787,9.9519,533.6146,2.0713,11.09,0.3184,3.6866,0.1067,2.0783,15.3708,0.0122,2.425,0.0218,0.0152,69.422
-1.0,2930.22,2246.4889,1.0997,103.3222,1.5218,-0.0283,-0.001,195.8258,5.132,410.2025,0.9732,186.9636,12.4659,1.3599999999999999,-3731.5,-502.0,1.3255,2.0063,7.4473,68.5444,2.7333,0.2199,84.1874,9.97415,64.7132,66.2535,87.5105,79.48,2.419,354.3227,154.0055,754.4896,1.076,134.8818,643.21,207.5721,4.607,4.828,2875.0,0.934,12.5391,359.2936,9.678249999999997,126.5445,13.7445,27.4609,37.4506,717.039,143.6273,629.4655,82.9893,-0.07164999999999999,0.0126,-0.071,0.057850000000000006,0.0832,0.002,-0.0029,7.6406,0.139,0.9702,1862.9306,0.1645,9047.98,-0.0867,-0.066,0.0717,0.0611,0.4727,0.9663,790.1841,0.9904,59.3415,0.6001,0.9794,6.3099,15.83,3.777,15.9,15.83,1.05,0.6294,3.085,-0.4731,0.7489,2.3415,1006.1613,92.0,116.3,127.5,87.1003,864.425,0.415,0.0784,0.0591,0.0372,0.0168,6.2088,4.503,15.503,0.0092,0.3,0.128,378.0,1653.0,0.097,0.107,0.286,2.3,0.289,0.6385,0.1324,0.4191,0.3423,1.0308,0.441,0.1152,5.71,14.15,49.586,1.342,19.08,14.04,25.069,95.188,0.1474,0.0607,0.1146,0.032,0.1012,0.0593,0.0248,0.0208,2.8336,0.0436,0.0078,86.7,0.0368,2162.7002,0.0215,0.0195,0.0607,0.0154,211.3799,4.3467,0.0306,0.4178,0.0465,5.9714,26.3184,42.0317,42.1024,0.1616,3.4016,0.0306,1.5434,0.0675,0.045799999999999993,185.1709,40.3185,1054.2917,709.0703,0.0444,0.0476,0.1261,0.7939,0.0309,0.0905,0.2445,0.0528,0.1371,4.3171,0.1407,6.0691,0.039,1.8229,3.9134,15.0807,0.3832,3.8986,5.0824,6.9614,30.5989,0.0395,0.0249,0.048,0.0161,0.0322,0.0252,0.0115,0.0104,0.8564,0.0142,0.0029,31.7218,0.011,651.8085,0.0138,0.0063,67.7036,1.4529,0.0092,0.1351,0.0163,6.6344,1.7597,4.0737,3.969,5.2733,3.906427332733898,77.0342,37.7415,5.1517,87.7436,3.7794,0.9416,2.4066,9.13815,58.2876,329.2829,7.318,5.3333,3.8403,3.3555,40.2439,42.2941,8.6077,0.7584,1.2446,0.6476,0.3063,4.0782,6.779,2.7835,10.71,4.2333,2.1999,23.8886,1.7163,14.1335,4.0934,138.8188,3.4962,25.1927,114.6992,167.5,82.8104,45.0916,168.4035,71.2526,0.0,709.0909,37.0859,2.8055,1.7999,0.8027,4.654,22.3731,240.9266,56.6372,394.3662,12.8495,1.5955,26.7507,0.1329,7.3249,6.6216,1.9846,14.9001,73.8,18.06,0.32,7.8946,0.1342,35.4054,4.508,0.4336,0.3106,0.0578,32.7151,10.92,0.0981,4.532500000000001,0.041,4.1146,13.4117,535.7664,1.9407,6.15,0.2806,2.3189,0.0846,1.1479,14.459,0.0137,2.7521,0.018,0.0106,59.2072
-1.0,2940.53,2202.7111,1.0032,104.3067,1.5884,-0.0108,0.0165,194.6922,7.5957,427.1576,0.9718,185.7299,12.5088,1.407,-4019.25,1307.5,0.9725,1.8967,5.1018,67.5222,2.9556,0.1978,85.4579,8.6667,64.2122,66.0973,86.9255,63.93999999999998,4.866,358.5264,128.8609,724.0375,1.3377,144.0782,631.4655,215.4295,4.527,4.731,2906.0,0.933,15.64135,355.3173,10.2246,117.4964,10.9873,11.3645,18.6261,705.4114,147.6645,620.4782,78.8581,-0.0132,-0.0027,-0.0288,0.0215,0.10290000000000002,-0.0551,0.0307,7.7359,0.1418,0.9871,1794.9025,0.2047,8545.2799,0.1516,-0.0428,0.0128,0.1264,0.4714,0.9475,738.2523,0.9867000000000001,56.3047,0.5986,0.9762,6.3217,15.83,3.777,15.9,15.83,1.05,0.6294,3.085,-0.4731,0.7489,2.3415,1006.1613,129.0,180.6,122.1,56.4001,545.17,0.7511,0.1016,0.0847,0.0802,0.0204,5.7014,6.809,12.617,0.011,0.54,0.0741,527.0,194.0,0.094,0.079,0.126,2.5,0.202,0.9365,0.132,0.4569,0.2885,0.8603,0.543,0.1387,6.9,8.59,70.238,0.406,17.17,7.31,22.689,90.313,0.0809,0.0858,0.0849,0.095,0.0707,0.0636,0.0529,0.0895,4.1752,0.0353,0.002,91.399,0.1254,1059.6001,0.0205,0.0105,0.0649,0.0281,103.5185,4.1884,0.0546,0.4468,0.0465,5.9714,33.0087,55.4217,35.9635,0.2414,3.1236,0.032,2.0578,0.1465,0.0212,216.6631,263.1862,852.0397,88.1571,0.0399,0.0355,0.0535,0.7694,0.0381,0.0589,0.3615,0.0519,0.0767,5.2164,0.1847,4.7173,0.0424,2.3005,2.9022,20.8546,0.1284,2.1606,2.5682,6.5276,27.3046,0.0188,0.0359,0.037,0.0437,0.0199,0.031,0.0218,0.0442,1.5405,0.0132,0.0006,28.0191,0.0374,361.1021,0.0122,0.0099,36.0316,1.2749,0.0152,0.1401,0.0163,6.6344,1.7597,5.8608,6.1417,4.9637,2.5605,53.9534,64.9361,6.3962,89.6425,2.9537,1.129,4.317,5.2694,48.417,14.8375,9.6658,4.165,2.4697,3.7025,33.8346,58.6517,4.3277,1.0959,1.5234,0.7115,0.1857,4.0081,6.2083,2.2703,10.3662,4.7891,1.3603,32.6037,5.0374,3.9708,3.1065,156.2711,3.2164,33.5899,114.526,611.4313,253.4712,329.575,329.6037,57.2457,95.9202,291.0569,53.9716,2.3187,1.4623,0.2043,5.0921,63.31987047269746,0.0,68.2464,608.6957,13.758,2.9692,14.0221,0.25379999999999997,7.4388,7.0677,1.9846,14.9001,82.444,19.61,2.17,9.7629,0.88615,88.329,4.8311,2.8625,0.3311,0.0895,32.8864,4.49,0.182,1.7224,0.0732,1.6976,27.8484,531.1209,2.2509,9.53,0.2307,2.913,0.0799,1.7943,10.2491,0.0234,4.6768,0.0278,0.0042,15.2909
-1.0,2916.41,2246.4889,1.0997,103.3222,1.6026,-0.0252,0.0033,199.4803,8.0833,397.9443,0.977,189.2763,12.5724,1.4194,-3000.75,532.25,0.67205,1.7109999999999996,2.1907,62.6556,2.6333,0.2147,85.1197,9.1784,64.229,66.56,87.85059999999999,74.8,3.698,354.4182,153.8936,754.5563,1.075,133.6836,641.9955,214.1209,4.609,4.833,2888.0,0.9329,8.6927,355.8573,10.0772,122.5864,22.3246,31.3073,42.1115,712.4448,141.2273,619.6709,107.7361,-0.07164999999999999,0.0127,-0.0574,0.057850000000000006,-0.0839,-0.0034,-0.0276,6.8303,0.1306,0.9688,1739.2144,0.1592,8677.0401,0.1422,-0.0223,-0.0117,0.0491,0.4652,0.9336,735.1842,0.9867000000000001,57.3114,0.5974,0.9794,6.1868,15.78,3.62,15.83,15.83,0.9933,0.6314,3.361,0.0473,0.7509,2.3532,1006.4114,146.0,180.2,139.3,87.1003,864.425,0.415,0.099,0.0728,0.0638,0.0347,12.0482,5.996,10.203,0.0245,0.35,0.0669,2060.5,720.0,0.277,0.21200000000000002,0.498,2.4,0.087,0.6723,0.06,0.4614,0.2699,0.6609,0.345,0.1263,6.07,12.94,81.486,0.506,14.89,5.94,17.81,78.866,0.16345,0.0608,0.1137,0.0676,0.092,0.061,0.0725,0.0362,3.1691,0.0851,0.0041,101.5006,0.039,413.8994,0.018,0.0161,0.0442,0.0054,37.7654,4.9641,0.0495,0.4118,0.0437,4.0441,36.4612,54.1856,46.4735,0.1616,3.4016,0.0316,1.7244,0.097,0.0208,912.5788,562.8794,2006.9923,354.9614,0.12369999999999999,0.09505000000000002,0.2273,0.7907,0.0143,0.0318,0.2397,0.0291,0.0392,4.1082,0.1049,5.9844,0.044,1.6419,3.7595,23.4564,0.1762,1.6166,2.3044,5.673,22.8463,0.0436,0.0285,0.047,0.0309,0.0274,0.0324,0.036,0.0202,1.1933,0.0265,0.0015,29.1093,0.014,114.999,0.0066,0.0018,10.8791,1.6373,0.0139,0.1326,0.0131,5.5066,1.1227,6.749,6.1788,5.564,3.906427332733898,77.0342,37.7415,6.1774,74.1779,2.5639,2.5063,2.7839,4.712,140.8981,135.2748,23.078450000000004,10.417850000000001,7.544649999999999,3.8305,22.7848,21.4286,2.5054,0.7898,0.6535,0.7184,0.6795,3.4169,7.7261,2.9116,11.7462,4.5406,2.0156,38.0561,4.9215,5.0212,6.3465,66.6978,2.4998,15.8872,73.203,190.2941,97.3579,117.8727,149.5783,72.7273,0.0,131.0407,46.3976,4.941799999999999,3.5477,0.4271,5.836,24.5228,0.0,85.5346,833.3333,9.5049,0.5774,5.1369,0.2427,8.6617,6.6562,1.8575,9.0242,82.33,20.53,1.09,8.9414,0.5022,71.0452,5.0912,1.3239,0.0706,0.0218,7.2369,6.173746768998796,0.1277148080128919,2.419301190818854,0.04541241427551723,2.388870926922394,21.51044491079935,539.2336,2.1559,7.54,0.181,2.5261,0.0617,1.3983,8.3962,0.0176,3.5393,0.0298,0.0146,48.9072
-1.0,3047.67,2199.3334,1.2414,100.5544,1.488,0.0252,-0.0044,202.287,2.908,416.8999,0.969,192.2951,12.4771,1.3599999999999999,-3947.5,237.25,1.2955,2.0345,7.357,64.1667,2.7111,0.2544,84.3324,8.9336,64.2529,65.43819999999997,86.8595,76.69,2.678,359.3555,129.9018,726.3228,1.2845,138.6627,627.92,183.5869,4.594,4.865,2891.0,0.9318,-5.3055,355.5027,10.7166,104.5964,22.4155,25.3055,31.4125,694.9104,145.4055,605.5045,57.1331,-0.0208,0.0168,-0.0069,-0.0077,-0.0038,-0.0415,0.0269,8.0154,0.1312,0.9642,1831.4598,0.1739,9369.24,0.0742,-0.0605,0.0251,0.0665,0.4696122533022896,0.9555,716.1579,0.9907,58.2233,0.5873,0.9661,6.1287,15.83,3.777,15.9,15.83,1.05,0.6294,3.085,-0.4731,0.7489,2.3415,1006.1613,81.0,88.0,44.1,78.8,728.433,1.0232,0.0709,0.0667,0.07,0.0284,7.0706,4.388,11.239,0.0161,0.45,0.128,530.0,662.0,0.109,0.09,0.136,2.3,0.434,0.8976,0.0835,0.5916,0.3702,0.8671,0.715,0.2008,5.19,13.25,61.929,0.666,8.71,4.62,18.07,16.207,0.059,0.098,0.0918,0.0998,0.0755,0.0771,0.0784,0.082,3.7455,0.0811,0.0119,100.7533,0.056,1785.0,0.0178,0.0096,0.07010816216401228,0.0214,96.4118,2.2533,0.0498,0.3589,0.0465,5.9714,18.4142,28.269,13.3636,0.3087,3.0017,0.0249,1.4152,0.138,0.045799999999999993,237.9447,111.4839,803.6361,270.9137,0.0476,0.0381,0.0557,0.7228,0.0278,0.1208,0.3181,0.0383,0.0971,5.2837,0.2416,5.4033,0.0597,1.4215,4.1084,18.6559,0.1831,1.2551,1.9656,4.9656,5.7519,0.0173,0.0402,0.0405,0.0433,0.0182,0.0332,0.0402,0.0444,1.524,0.026,0.0042,34.1886,0.0175,495.543,0.009504058898957956,0.0092,33.976,0.6683,0.0163,0.1201,0.0163,6.6344,1.7597,3.6122,2.8875,1.7193,3.5829,71.5595,64.9361,4.7648,150.8941,2.6958,1.659,3.6066,9.13815,41.7986,279.0306,8.4137,4.4237,1.8486,3.5844,22.1311,31.8341,12.9776,1.0644,0.9342,0.9207,0.2252,4.4635,6.1354,2.7354,15.6294,3.7429,2.1101,33.7328,9.842500000000001,6.2146,9.9812,38.857,2.6003,7.348,28.3671,283.8244,618.59025,0.0,977.3463,0.0,189.0295,305.4004,46.7294,0.9701,3.3332,1.2297,5.5013,32.1955,0.0,46.62,443.0769,12.296332436069743,2.2364,13.4624,0.099,3.8701,5.8567,1.9846,14.9001,79.79,18.23,1.47,7.4353,0.5534,7.8347,4.4925,1.8423,0.1745,0.0375,18.1087,6.442412798062999,0.14302658582855907,2.8106638673898345,0.06054419870243839,2.4319067696012056,20.767445814275415,523.3110000000001,1.7483,15.390000000000002,0.6164999999999999,5.3345,0.18730000000000002,2.8874999999999993,28.50255,0.0131,2.5982,0.0298,0.0146,48.9072
-1.0,3082.45,2199.3334,1.2414,100.5544,1.5553,0.0245,-0.0111,202.2491,12.4225,405.7057,0.9597,191.8873,12.4771,1.3928,-3797.5,259.0,1.2847,1.9985,7.3712,66.6889,2.6667,0.245,84.8723,8.755,64.0838,65.43819999999997,86.5867,78.27,3.578,359.9673,127.9145,724.4909,1.2942,142.0882,629.97,197.1704,4.594,4.865,2891.0,0.9318,-8.7491,354.9727,10.9091,99.1655,27.9609,28.7491,35.3973,689.0936,147.8709,602.0091,59.5211,-0.01,0.0006,-0.0116,-0.0066,0.0087,-0.0471,0.0024,7.0341,0.1299,0.991,1822.7262,0.1968,8594.4,0.1041,-0.0112,0.0205,-0.0444,0.46218068097754483,0.9486,767.3358,0.991,57.6772,0.6011,0.9786,6.4168,15.83,3.777,15.9,15.83,1.05,0.6294,3.085,-0.4731,0.7489,2.3415,1006.1613,141.0,99.1,66.4,78.8,728.433,1.0232,0.1256,0.0553,0.0643,0.0217,7.4684,13.03,6.728,0.0202,0.45,0.0326,745.0,655.0,0.169,0.108,0.195,1.9,0.662,0.9299,0.1314,0.572,0.2684,0.8816,0.601,0.2059,5.91,11.91,45.562,0.197,12.45,9.16,20.979,23.612,0.0706,0.0265,0.0844,0.067,0.0509,0.0678,0.059,0.1245,2.5896,0.092,0.0009,81.2722,0.0249,1181.7998,0.0263,0.0165,0.06920955871785875,0.0257,120.4468,2.179,0.0308,0.3027,0.0465,5.9714,23.7349,32.1344,18.604,0.3087,3.0017,0.0471,4.2145,0.138,0.0113,310.3464,155.59,697.9926,305.2595,0.073,0.0478,0.0834,0.5487,0.0465,0.2279,0.3303,0.0546,0.1131,4.8942,0.1959,4.9523,0.0548,1.9358,4.1195,12.9148,0.0626,2.607,2.4048,5.9617,7.4479,0.0205,0.0124,0.0366,0.0337,0.0121,0.0367,0.0288,0.065,0.8192,0.0283,0.0003,25.7636,0.0094,406.8589,0.013609899793575783,0.009,42.0305,0.6605,0.0093,0.1028,0.0163,6.6344,1.7597,6.3509,3.215,2.4241,3.5829,71.5595,64.9361,8.0757,104.8907,1.6583,2.0999,3.6066,2.3427,39.3417,252.8958,13.1543,5.4041,2.6454,2.8491,60.0,57.9592,19.0206,1.0956,1.5009,0.8926,0.2327,3.4003,5.8477,2.3755,15.9097,4.1594,1.8906,23.1079,9.842500000000001,1.8058,7.1093,44.5265,3.0444,14.5221,39.67,704.6787,191.3357,577.5862,771.2121,783.815,125.3985,0.0,36.8157,1.3085,3.7848,0.0881,4.4588,12.633,0.0,30.4762,0.0,12.522030566768208,2.7071,15.6967,0.1228,3.7779,4.7169,1.9846,14.9001,80.42,19.49,1.54,8.9166,0.5847,43.575,4.7668,1.9149,0.1745,0.0375,18.1087,7.59,0.0703,3.4484,0.0313,2.9011,10.5839,523.3110000000001,1.7483,15.390000000000002,0.6164999999999999,5.3345,0.18730000000000002,2.8874999999999993,28.50255,0.0135,2.6798,0.0298,0.0146,48.9072
-1.0,3088.82,2183.4556,1.1048,102.6978,1.3296,-0.0011,0.0007,202.6471,4.0536,405.261,0.9775,192.4975,12.4882,1.3874,-6000.5,1345.5,0.974,1.881,4.9877,68.9222,2.3222,0.1833,84.8178,8.7947,63.9947,65.9507,87.1254,76.52,2.859,357.0309,126.2355,718.941,1.0549,139.2955,622.5618,58.5185,4.632,4.891,2849.0,0.9329,15.64135,357.5864,10.3618,112.8936,9.4782,13.3418,17.0797,701.8613,142.6036,613.0836,106.8289,-0.0363,-0.0298,-0.0879,0.057850000000000006,-0.0136,-0.0301,-0.0299,7.2375,0.1308,0.9882,1841.0643,0.19,8488.5099,-0.0126,-0.04,0.0302,0.0352,0.4667,0.9462,731.1757,0.9909,57.9243,0.5885,0.9615,6.3937,15.75,3.276,15.78,15.74,0.9082,0.5489,3.136,0.0,0.771,2.3592,1001.0291,101.0,80.9,40.3,65.1001,742.1091,0.5975,0.1639,0.0543,0.0569,0.0256,7.9749,6.721,18.244,0.0122,0.59,0.1084,1657.0,255.0,0.139,0.1,0.123,3.5,0.162,0.7164,0.1177,0.6437,0.2449,0.7352,1.012,0.1536,7.44,8.21,21.392,0.986,5.07,9.36,7.728,54.526,0.1362,0.0641,0.0398,0.0672,0.0934,0.0296,0.0933,0.0392,4.2081,0.088,0.0017,135.0078,0.0236,1756.8994,0.0274,0.0215,0.120188138292432,0.0236,158.7111,3.3278,0.0492,0.3193,0.06,3.3889,28.3768,28.6526,11.3213,0.2134,2.5917,0.0592,2.1375,0.162,0.0368,787.0352,322.0445,4384.1171,105.0413,0.0603,0.0416,0.0584,1.1222,0.0291,0.0479,0.2614,0.0478,0.0773,5.2537,0.3469,2.4657,0.0538,2.3852,2.5889,6.3278,0.3105,2.5621,3.3552,2.2492,16.6343,0.0429,0.0272,0.0185,0.0303,0.0262,0.0123,0.0487,0.0169,1.3867,0.0259,0.0006,51.5407,0.0074,556.2034,0.0233,0.0068,46.74,0.9795,0.0131,0.1171,0.021,5.4086,1.0643,4.5917,2.6191,1.5177,2.9815,77.0342,54.0784,12.3275,164.29784999999998,4.5018,1.2446,4.7245,7.8127,162.7198,18.9521,14.271,5.3163,2.466,5.0782,34.4498,54.0,3.5298,0.8446,1.3381,1.0059,0.6795,5.3581,16.3029,1.1182,14.5575,5.3412,1.3187,36.5559,3.5904,9.5157,12.0556,53.4917,1.1011,15.2609,51.0405,374.9484,75.4562,76.4505,132.7058,218.0479,310.2244,131.3233,58.1435,2.5223,3.6814,0.1736,7.3331,12.4264,0.0,62.6959,688.3721,26.600115265074077,2.495,21.7063,0.1227,5.7451,4.9936,2.5433,8.8973,74.998,15.14,1.26,6.3555,0.5134,27.4871,3.6717,1.68,0.4906,0.1528,37.851,5.14,0.1417,2.2204,0.0526,1.9819,18.8467,533.1773,2.3063,9.93,0.2199,3.6157,0.079,1.8624,9.5334,0.0122,2.4668,0.02,0.0237,118.3047
-1.0,3090.42,2265.1889,1.4715,100.3889,1.3167,0.0428,0.023,202.1463,4.7155,415.6802,0.9758,191.9762,12.4882,1.4039,-3929.0,-296.25,1.329,2.0093,7.3018,68.2222,2.8556,0.2351,84.8178,8.7947,63.9947,65.9507,87.1254,76.52,2.859,356.2345,126.4109,718.9079,1.1163,139.1218,621.7673,52.0676,4.632,4.891,2849.0,0.9329,15.64135,357.5345,10.2716,115.1173,5.8827,11.2936,15.0708,703.8371,143.2327,615.8845,126.2978,-0.07164999999999999,-0.0038,-0.0804,0.057850000000000006,0.0288,-0.0092,-0.0164,7.0558,0.1394,0.9906,1747.538,0.1562,8945.4,0.0095,0.0028,0.0137,0.0698,0.4338,0.9509,757.1042,0.9907,58.4191,0.5941,0.9631,6.325,15.75,3.276,15.78,15.74,0.9082,0.5489,3.136,0.0,0.771,2.3592,1001.0291,153.0,79.7,32.0,78.7998,306.486,0.4208,0.146,0.11930000000000002,0.10045,0.0277,8.2054,6.937,18.234,0.0137,0.59,0.0681,296.0,1297.0,0.097,0.11,0.089,2.3,0.358,0.7164,0.1177,0.6437,0.2449,0.7352,0.99,0.2037,6.27,9.27,32.61,1.149,4.94,5.49,7.848,93.429,0.16345,0.10470000000000002,0.0412,0.0695,0.0935,0.1301,0.0926,0.0441,3.1044,0.0683,0.0007,50.5529,0.0147,1142.5005,0.0156,0.0091,0.120188138292432,0.022,94.6902,2.0419,0.026,0.3646,0.06,3.3889,33.5037,28.0466,10.0285,0.1302,2.1668,0.0588,2.0595,0.162,0.025,131.0328,50.1622,627.7967,550.8789,0.0445,0.0452,0.0444,0.9391,0.0263,0.1474,0.2614,0.0478,0.0773,6.8114,0.2619,1.8788,0.0665,2.0103,2.4841,9.7137,0.3223,1.6273,1.807,2.2001,28.3148,0.045450000000000004,0.0455,0.0183,0.032,0.0262,0.054,0.0441,0.0203,0.8973,0.024,0.0003,15.1484,0.0047,322.435,0.02801905827358544,0.0064,26.5207,0.6707,0.0076,0.1286,0.021,5.4086,1.0643,6.9263,2.5789,1.2638,3.4787,17.6108,28.5952,11.0881,147.112,4.3865,1.4003,4.7245,4.8485,37.4396,437.8059,7.2987,5.4747,1.2189,3.3713,21.0117,31.8998,10.5698,0.8446,1.3381,1.0059,0.6795,6.288,15.3072,0.7975,18.2461,4.5068,1.4909,62.6301,3.5904,11.1861,12.2571,83.9743,1.115,18.3601,73.9752,186.9642,0.0,86.3891,152.2801,451.3443,0.0,269.7248,43.9971,4.0185,2.8463,0.0723,2.8928,9.3865,871.8563,77.2118,0.0,26.600115265074077,2.3146,12.5069,0.1299,3.4952,5.7645,2.5433,8.8973,74.136,10.6,1.7,5.1243,0.723,39.1755,2.6394,2.2931,0.4946,0.085,48.9498,6.559286337916601,0.13909506750000197,2.6557039214257596,0.05895471780605957,2.483478014525881,21.37835894113858,533.8209,2.2711,10.27,0.1299,3.6182,0.0448,1.9239,5.7214,0.0086,1.7284,0.0372,0.0358,96.3971
-1.0,3031.9,2191.9,1.5291,98.1244,1.4989,-0.0042,-0.0009,199.629,11.7405,427.7605,0.9657,190.1654,12.4743,1.4103,-3614.5,2229.0,1.2697,1.9872,7.2952,66.0889,2.4333,0.1847,85.6591,8.8249,64.1536,65.8859,86.8889,67.04687599678358,3.404749163361183,359.0836,128.6882,724.8342,1.2861,139.9209,627.6927,182.7571,4.594,4.865,2891.0,0.9318,-8.2255,352.8782,10.8644,100.4627,28.095450000000003,28.2255,37.532,687.3022,144.9518,598.2927,89.8602,0.0038,-0.0339,-0.0277,0.0035,-0.0175,-0.0174,0.0273,7.5844,0.1309,0.9848,1778.933,0.1548,8929.2,0.1354,-0.0056,-0.0336,0.0589,0.4812021795428163,0.9423,768.9496,0.9911,57.6821,0.6082,0.9667,6.1302,15.771246952858014,4.00365837979895,15.812232955942687,15.737592263031322,1.1765183080454014,0.6758515443342127,3.147237549285991,-0.8069971342982432,0.7570050524846144,2.345548491602272,1007.0303939597503,126.0,136.3,106.2,72.0,209.1749,0.5324,0.0605,0.0443,0.0594,0.0145,9.4068,9.472,8.863,0.0133,0.2,0.0431,531.0,17919.5,0.194,0.049,0.095,1.8,0.344,0.5398,0.0739,0.5831,0.2794,0.9636,0.548,0.1918,5.68,13.68,65.281,0.45,7.12,5.86,14.55,66.937,0.0462,0.0576,0.0301,0.1004,0.045,0.0787,0.0908,0.0948,4.5725,0.0722,0.0022,91.8998,0.0289,1240.0,0.0174,0.0087,0.04118119493195649,0.0207,127.9472,2.1536,0.0367,0.3718,0.07167789624631277,3.7811625292957602,32.1671,42.2659,29.6075,0.1717,1.8711,0.025,3.1433,0.0555,0.0126,218.977,257.5285,226.8751,8994.62525,0.0813,0.0264,0.0444,0.6071,0.0369,0.1238,0.2005,0.0277,0.1273,4.7156,0.1849,5.171,0.0567,1.7286,4.3365,25.7881,0.1278,1.9896,1.5544,4.422,18.4256,0.0138,0.0261,0.0135,0.0457,0.0136,0.0435,0.0469,0.0511,1.7273,0.0226,0.0008,30.122,0.0095,415.2441,0.006345647545965887,0.0056,44.2329,0.6926,0.0117,0.1213,0.024295728821767844,6.834021848436281,1.1902042270543578,5.5214,4.4955,4.3978,3.2848,10.8002,34.8193,4.0362,80.6783,2.072,1.3796,1.6033,3.0525,14.0822,878.8110999999999,15.2786,2.4657,1.3022,2.7236,36.9863,56.3177,10.0916,0.6302,0.8374,0.9089,0.2146,3.6677,6.201,2.5398,14.9117,4.0594,2.1794,35.7201,9.842500000000001,4.142,11.9746,24.2177,2.117,13.502,74.4902,0.0,181.2746,361.8018,0.0,449.7143,521.0904,347.571,60.288,2.7493,3.0067,0.2261,5.166,18.6391,0.0,76.815,0.0,7.319170667719343,2.1961,16.6392,0.1272,3.7336,6.0644,3.078673201041389,9.957955243015938,79.08,17.19,1.38,7.5693,0.6208,19.6937,4.3156,1.7451,0.2173,0.0388,22.6253,5.78,0.1667,2.3882,0.0791,2.2109,18.4387,523.3110000000001,1.7483,15.390000000000002,0.6164999999999999,5.3345,0.18730000000000002,2.8874999999999993,28.50255,0.0134,2.6734,0.0201,0.0083,41.3784
-1.0,3029.16,2265.1889,1.4715,100.3889,1.4527,-0.0077,-0.0098,201.701,4.7764,405.1486,0.9747,191.5649,12.4967,1.4248,-3992.25,1436.5,0.9835,1.8807,5.1437,61.2556,2.7778,0.2154,85.4507,9.3851,63.8228,65.7258,86.2213,78.68,3.576,367.7991,129.4245,736.0885,1.2873,141.8691,639.0927,206.6325,4.703,4.975,2808.0,0.9337,15.64135,367.1182,10.1555,117.5436,13.0754,11.8809,18.6476,717.4409,141.3555,626.0173,112.1437,-0.0715,0.0046,-0.0802,0.0533,-0.0251,-0.0125,-0.0165,6.0182,0.1297,0.9901,1851.4578,0.2112,9136.34,0.025,0.0344,-0.0288,0.0026,0.4713,0.9437,795.0289,0.9904,58.5485,0.5936,0.9766,6.3353,15.75,3.276,15.78,15.74,0.9082,0.5489,3.136,0.0,0.771,2.3592,1001.0291,119.0,92.5,124.4,78.7998,306.486,0.4208,0.0997,0.0452,0.0479,0.0271,8.933,5.718,12.19,0.0133,0.58,0.0337,578.0,155.0,0.096,0.085,0.106,3.0,0.264,0.3607,0.0731,0.6595,0.3247,0.7643,0.697,0.1546,5.15,7.02,76.08,1.048,7.13,5.44,10.971,75.943,0.1548,0.0474,0.038,0.0601,0.1086,0.0464,0.0971,0.0244,6.2967,0.0729,0.0005,143.5756,0.1223,1349.0996,0.0165,0.0102,0.120188138292432,0.0263,145.3537,2.2055,0.0243,0.4376,0.06,3.3889,30.9957,28.8708,36.2012,0.1302,2.1668,0.0358,2.0727,0.1573,0.0111,251.8152,202.3512,386.719,71.9097,0.0415,0.0357,0.0462,0.8876,0.023,0.0872,0.1427,0.0304,0.1044,5.2147,0.2393,1.6574,0.0502,1.6932,2.2328,23.5987,0.3008,1.9083,2.2368,2.9428,20.5705,0.045450000000000004,0.0197,0.0165,0.0258,0.0333,0.0191,0.0492,0.0111,2.0794,0.0228,0.0001,40.025,0.0353,489.105,0.0222,0.0093,53.1108,0.6514,0.0067,0.1355,0.021,5.4086,1.0643,5.3672,3.0537,4.9371,3.4787,17.6108,28.5952,6.863,119.7145,3.0088,1.3617,4.6412,2.3666,21.1911,10.7901,9.7611,4.5195,2.0608,4.8975,54.0,38.9892,5.6585,0.4221,0.7788,1.0333,0.1966,4.8994,15.3371,0.7439,12.0072,3.6301,1.0984,36.819,3.6593,10.3196,12.9399,54.5298,1.5292,14.6237,67.7193,216.5035,53.8789,74.961,203.633,184.8606,773.7052,147.8788,104.6277,2.5443,3.0844,0.0491,7.7547,57.9168,237.9009,118.77044999999998,0.0,26.600115265074077,2.7851,18.2828,0.0895,3.767,6.9078,2.5433,8.8973,80.48,17.33,1.14,8.3166,0.496,56.0172,4.3101,1.4165,0.3155,0.0593,33.199,8.54,0.1689,3.2612,0.0747,3.2849,23.416,533.3118,2.3907,7.01,0.3682,2.3605,0.0961,1.3144,15.4001,0.0129,2.6025,0.0201,0.0083,41.3784
-1.0,3040.63,2174.8666,1.0455,103.6,1.5867,0.0086,0.0286,194.3909,4.6731,403.3538,0.9696,184.3224,12.4278,1.4224,-1938.5,594.75,0.67205,1.7109999999999996,1.5433,67.0222,2.4778,0.2103,85.0716,8.6942,64.3976,65.9335,86.8448,76.33,2.325,359.8745,125.4382,722.101,1.3565,143.4391,628.7518,198.1607,4.641,4.88,2864.0,0.9326,8.6673,357.3545,10.4155,114.1055,10.7382,11.3327,18.5853,703.5157,146.5536,618.0136,109.3882,-0.0296,-0.0169,-0.037,-0.0188,0.0432,-0.0192,-0.0013,7.8804,0.1299,0.9894,1831.0923,0.1515,9327.4499,0.0411,0.0791,-0.1195,-0.099,0.460838940407736,0.946,806.075,0.9905,59.0693,0.5928,0.9669,6.2496,15.73,3.776,15.76,15.74,1.031,0.6741,3.41,-0.3311,0.7025,2.3403,1001.2992,122.0,107.6,85.5,59.5,533.891,0.4845,0.23175000000000004,0.0789,0.0465,0.0241,8.5334,3.759,12.64,0.0142,0.39,0.0753,2060.5,1254.0,0.277,0.21200000000000002,0.498,1.6,0.135,0.9265,0.1267,0.4491,0.3082,0.9837,0.585,0.1078,4.5,15.87,48.378,0.461,15.91,2.88,20.012,58.279,0.0643,0.0824,0.0746,0.0317,0.0554,0.0653,0.0942,0.1029,2.6285,0.0432,0.0021,129.7219,0.0523,1091.0,0.03,0.0173,0.0768111607707398,0.0182,114.6321,4.3757,0.0458,0.2277,0.0373,4.1601,32.9927,34.4512,28.6872,0.1512,4.1378,0.08085,1.1652,0.1166,0.0223,912.5788,562.8794,2246.457,688.7745,0.12369999999999999,0.09505000000000002,0.2273,0.5954,0.035,0.0366,0.3341,0.0542,0.0568,4.6593,0.1945,6.6879,0.0397,1.5639,4.1632,15.2533,0.1365,0.8654,1.3506,6.0451,23.7398,0.0195,0.0346,0.0372,0.0158,0.015,0.0301,0.049,0.0527,0.9276,0.0155,0.0007,46.0294,0.015,364.563,0.016201515109490736,0.007,38.8267,1.4617,0.0145,0.0862,0.0124,7.1895,1.2895,5.4399,3.5387,3.3563,2.7358,51.3738,46.3425,16.1177,80.4393,3.1337,1.4659,3.1381,5.2952,212.0196,210.8449,23.078450000000004,10.417850000000001,7.544649999999999,2.3873,28.2511,54.1997,3.8574,1.0891,1.4577,0.6974,0.299,4.0959,5.6362,3.1101,7.9504,3.1372,2.524,24.4135,5.0769,4.4261,5.1356,148.1633,2.8446,11.5465,53.2772,217.3674,409.441,85.6178,294.485,151.07,489.3506,0.0,33.3553,3.0021,1.8342,0.2081,7.0844,34.5151,372.043,76.5957,470.5882,17.012718008207756,1.9187,14.221,0.0698,7.4077,3.6441,1.5921,9.0894,80.306,15.54,1.58,6.9851,0.6301,4.8269,3.8789,1.9675,0.1108,0.0347,11.6186,6.87,0.1817,2.8,0.0742,2.6104,24.9979,529.3927,2.1345,11.79,0.2879,4.1245,0.0949,2.2271,13.4859,0.0136,2.7252,0.0277,0.0318,114.7497
-1.0,3039.93,2246.4889,1.0997,103.3222,1.5414,-0.0095,-0.0167,193.9698,8.1787,412.8356,0.9698,183.9833,12.4278,1.409,-1363.875,-4759.3333,1.2893,1.984,7.0857,60.9111,2.9667,0.2589,85.6626,9.1502,64.1871,66.6125,87.85059999999999,72.29,3.958,350.5936,129.0073,720.1594,1.3649,148.3145,627.9155,181.4109,4.612,4.927,2832.0,0.9342,3.8509,349.57,10.5515,112.8582,16.4146,16.1491,21.2791,698.8803,149.0727,611.5009,116.4947,-0.0539,-0.0319,-0.0279,0.0065,-0.0024,-0.0099,0.0389,6.3517,0.127,0.9722,1769.3696,0.1674,8172.39,-0.0177,0.0093,0.0183,-0.0184,0.44192158458384734,0.9501,631.7283,0.9909,58.6585,0.5956,0.9772,6.2266,15.78,3.62,15.83,15.83,0.9933,0.6314,3.361,0.0473,0.7509,2.3532,1006.4114,69.0,75.0,40.7,87.1003,864.425,0.415,0.0986,0.0656,0.0574,0.0182,6.016,4.381,8.558,0.0135,0.39,0.0436,527.0,7092.0,0.077,0.054,0.191,3.6,0.442,0.6135,0.0636,0.4658,0.2945,0.7314,0.408,0.1826,7.25,19.77,58.6,0.429,17.45,10.24,29.101,28.378,0.0622,0.0363,0.0345,0.0991,0.0998,0.1195,0.0943,0.0789,5.015,0.0726,0.0037,112.9465,0.0393,1354.1001,0.0161,0.0162,0.052161520033415454,0.0199,145.4958,2.4838,0.0351,0.3938,0.0437,4.0441,18.3083,28.2608,13.0903,0.1616,3.4016,0.0292,1.508,0.1166,0.0132,261.3899,113.0262,4709.3376,3623.8462,0.0335,0.0242,0.0805,1.1516,0.0347,0.1416,0.2261,0.0244,0.0427,5.469,0.1078,10.4385,0.0505,2.432,6.0617,20.434,0.1132,2.7903,3.1029,8.8043,7.3007,0.0189,0.017,0.0144,0.0447,0.0307,0.0621,0.0478,0.0383,1.7017,0.0229,0.0014,40.437,0.0145,463.1301,0.013081748681527392,0.0062,49.3507,0.8311,0.0108,0.1297,0.0131,5.5066,1.1227,3.2016,2.4672,1.6627,3.906427332733898,77.0342,37.7415,6.3969,53.5658,2.073,1.3959,3.1381,3.0916,298.58439999999996,149.0125,5.9725,2.7218,2.6956,5.9103,47.191,40.5579,13.838,0.7162,0.6953,0.7257,0.6795,5.2882,7.736,4.8441,13.3795,4.8883,3.1485,32.3024,5.7506,4.0658,8.5949,106.3078,4.1639,6.0868,24.3599,115.3989,123.9966,355.5157,0.0,0.0,954.9367,202.8278,78.9544,1.2598,3.0264,0.3805,6.3834,23.4571,0.0,99.389,0.0,11.833978132543443,2.0915,23.0314,0.099,4.2343,6.3239,1.8575,9.0242,80.358,15.55,1.49,7.2787,0.5661,24.2058,3.8498,1.8542,0.1745,0.0375,18.1087,10.62,0.1297,4.3654,0.0518,4.0117,25.1366,529.3927,2.1345,11.79,0.2879,4.1245,0.0949,2.2271,13.4859,0.0105,2.0903,0.0277,0.0318,114.7497
-1.0,2922.94,2193.1555,1.2752,101.1111,1.5024,-0.0039,0.0008,199.6448,9.4702,404.7365,0.971,190.2458,12.5698,1.4094,-2838.5,492.25,0.6873,1.7109999999999996,2.4405,65.2,2.2333,0.1917,84.7166,8.8388,64.1968,65.9055,85.73010000000001,76.67,4.07,359.0655,125.0091,721.2181,1.3577,143.46,627.5345,244.7669,4.551,4.78,2908.0,0.9326,-13.713149999999999,353.8554,11.0379,94.5763,27.869,33.141349999999996,38.7128,682.5053,155.9973,599.6655,171.74984999999998,0.0031,0.0078,-0.0088,-0.0265,-0.0219,-0.0471,0.0129,7.3497,0.1336,0.9848,1789.4793,0.1895,8734.73,-0.0271,0.1181,0.0454,0.1658,0.44484857526346433,0.9504,771.9225,0.9909,58.3945,0.6005,0.9644,6.2476,15.821251359503568,3.5474845369354346,15.828989927082858,15.818073508619499,1.0227057376996425,0.6138116168681583,3.2623109024605843,-0.05896188978444972,0.7860801804807918,2.3297248310923204,1008.690724023836,69.0,151.8,129.1,68.2,342.6111,0.1298,0.09,0.0653,0.0661,0.0203,10.1484,9.609,7.955,0.0134,0.8700000000000001,0.0486,2060.5,843.0,0.277,0.21200000000000002,0.498,2.0,0.07,0.8333,0.0324,0.585,0.3804,1.013,0.586,0.1333,4.98,10.71,58.502,0.266,13.22,9.81,23.412,54.994,0.1261,0.0911,0.1103,0.0541,0.0911,0.1089,0.105,0.093,4.7973,0.0597,0.0022,120.9603,0.0501,626.8994,0.0292,0.0302,0.06321540172520412,0.0136,65.7394,2.8538,0.0276,0.404,0.0704547699198203,3.54524963687303,17.7312,53.556,47.1104,0.0473,1.8617,0.0259,3.0085,0.2202,0.018,912.5788,562.8794,1893.876,353.958,0.12369999999999999,0.09505000000000002,0.2273,0.6285,0.0272,0.0197,0.3058,0.0156,0.0962,4.2296,0.2081,5.1677,0.0377,1.601,2.9284,20.1627,0.0733,2.9081,2.8817,6.5926,15.0118,0.0401,0.0417,0.0511,0.0276,0.0292,0.0514,0.0519,0.0458,1.516,0.0206,0.0008,40.1228,0.0144,247.8346,0.01951582517403366,0.0055,24.4221,0.9737,0.01,0.1362,0.024972563847696222,6.452816809612671,1.1565136200551984,3.1695,5.1934,5.2087,3.1097,29.2175,10.1822,5.9906,101.4658,1.9655,1.3778,6.94175,3.4454,137.1147,171.2544,23.078450000000004,10.417850000000001,7.544649999999999,3.0675,22.3881,39.1304,1.9405,0.9836,0.3666,0.9113,0.3464,4.3947,6.3675,2.541,9.8182,3.4713,1.7067,23.9011,5.4841,2.4099,8.1614,47.4361,3.4303,8.7293,25.9596,0.0,163.9226,616.5242,343.6007,498.3982,223.0483,719.5358,65.2714,3.9494,2.4906,0.2284,6.7595,26.4495,608.5642,87.3016,201.5748,17.032148573217647,1.4297,8.5163,0.0539,4.8872,6.4663,3.017530980703773,9.205060321281834,74.08101076927468,17.499594296484926,1.2011469741748027,8.011027172518546,0.5379202234832525,50.21921990958092,4.320256329404507,1.653234396850166,0.5777,0.0863,59.3942,8.56,0.2048,3.609,0.0773,3.2961,26.4531,535.1736,2.4707,9.84,0.3066,3.4939,0.0893,1.8387,12.4093,0.0118,2.3527,0.0277,0.0318,114.7497
-1.0,3046.33,2172.3666,1.3622,97.2633,1.5409,-0.0097,0.0043,199.6455,3.8361,399.7667,0.9685,189.4584,12.5088,1.4143,-6375.125,-369.75,1.2717,1.9898,7.2535,64.8,2.6,0.2258,85.0716,8.6942,64.3976,65.9335,86.8448,76.33,2.325,360.2545,127.6627,724.7882,1.3139,143.1682,631.0855,181.1225,4.600580812353741,4.845913164783351,2877.648574624999,0.9314200117828569,-6.4836,355.7182,10.8747,101.1791,26.6791,26.4836,34.5138,690.2744,147.5091,604.4064,128.4138,-0.0356,0.0188,-0.01,-0.0316,-0.0277,-0.0259,0.0379,7.1259,0.1394,0.9673,1832.5502,0.1499,9393.38,0.0777,-0.0102,0.0255,0.1135,0.44948361876856113,0.9531,822.519,0.9908,57.7407,0.5959,0.9601,6.4596,15.7,3.428,15.75,15.68,0.894,0.594,3.158,0.7569,0.786,2.3712,1009.6011,122.0,101.4,87.5,60.2,394.104,0.4287,0.074,0.0424,0.0503,0.0216,9.3605,5.057,12.181,0.0167,0.54,0.0434,663.0,2047.0,0.133,0.093,0.109,3.7,0.254,0.9265,0.1267,0.4491,0.3082,0.9837,0.665,0.1034,6.55,10.7,64.863,0.437,7.29,6.67,14.181,87.419,0.0319,0.0157,0.0979,0.0636,0.0408,0.0801,0.1191,0.115,5.9088,0.112,0.013699999999999999,82.363,0.0423,747.0,0.0206,0.0178,0.053074217858625095,0.0457,88.9313,4.3197,0.0182,0.4152,0.0586,3.1537,32.9927,33.302,27.6841,0.158,2.5122,0.0273,1.7276,0.1465,0.0118,307.0814,195.6672,3727.4711,947.9843,0.0594,0.0428,0.054,1.1303,0.0616,0.0918,0.3341,0.0542,0.0568,4.1415,0.2005,5.2074,0.0297,1.9939,3.3823,20.2536,0.1232,2.2382,1.8064,4.344,25.7383,0.0106,0.0072,0.043,0.0319,0.0113,0.0345,0.056,0.0537,2.0006,0.0347,0.0046,24.5222,0.0128,256.6161,0.011802099375184305,0.018000000000000002,32.6888,1.2159,0.0059,0.1374,0.0226,4.3522,0.9721,5.4399,3.3286,3.4377,2.7712,22.4904,31.4696,4.8024,131.8269,3.047,1.7213,4.317,3.0701,116.1602,553.6173,10.458,4.674,1.5027,5.7099,100.0,93.0118,7.7471,1.0891,1.4577,0.6974,0.299,3.1922,6.5172,2.5654,7.8702,4.575,1.6955,35.8117,5.826166325597219,4.0185,13.5601,27.3248,2.0544,7.8537,68.076,89.4811,115.4412,639.196,129.2417,289.1697,459.4021,303.2301,82.92,2.7982,4.6272,1.3944999999999999,4.4944,28.2438,0.0,115.3488,0.0,12.293090752883815,4.7935,10.8121,0.0713,7.4813,6.4281,2.4714,7.8983,78.12548360237007,17.0585721381025,1.2757133777519418,7.672328391501574,0.5441377713869417,58.03800161531543,4.235044506264667,1.6359390465670172,0.3304274661869657,0.07999669951934961,31.32372473023738,4.06,0.0671,1.6958,0.0329,1.535,9.9956,523.3110000000001,1.7483,15.390000000000002,0.6164999999999999,5.3345,0.18730000000000002,2.8874999999999993,28.50255,0.0146,2.8921,0.0277,0.0318,114.7497
-1.0,3081.07,2180.1556,1.2579,98.1289,1.5048,-0.0108,0.007,203.2749,13.4292,408.6389,0.9668,193.2584,12.4771,1.3882,-4070.5,-982.0,1.351,2.0063,7.4362,65.3,2.3,0.2078,84.9052,9.7997,64.2828,65.43819999999997,87.5241,78.25,2.773,359.3564,127.5545,723.2811,1.3023,141.3882,628.2991,192.1395,4.594,4.865,2891.0,0.9318,-11.2182,352.8982,10.9927,96.3364,28.095450000000003,31.2182,39.6995,683.5816,147.7518,596.9864,116.2105,-0.0233,0.0382,0.0158,0.0174,-0.0191,-0.031,0.0352,7.0776,0.1417,0.9902,1884.6219,0.1634,9001.7399,-0.1298,0.0084,-0.0213,-0.1533,0.46293686040795434,0.9451,792.3948,0.9909,57.7968,0.602,0.9781,6.376,15.77828786362054,4.059927841144314,15.860010569552628,15.740457311194202,1.1925349812477062,0.6659909740681882,3.2145926475823177,-0.7062946971817445,0.7266717859347094,2.357656860636579,1005.8938194789686,200.0,89.6,62.4,52.2,547.576,1.0612,0.0324,0.0458,0.0338,0.0305,10.288,11.262,5.22,0.0187,0.45,0.0767,619.0,2713.0,0.178,0.081,0.082,3.1,0.402,1.0498,0.1917,0.6582,0.4115,1.0181,0.685,0.1848,6.42,10.67,84.5,0.245,9.5,7.81,17.001,91.041,0.0415,0.0466,0.0729,0.0882,0.0616,0.0835,0.0345,0.1017,3.127,0.0753,0.0017,101.4521,0.0648,1644.8994,0.0369,0.0249,0.07381627840990546,0.0148,190.7465,2.1928,0.0409,0.2694,0.07256755635803752,3.995400721978637,41.8382,32.6558,21.3097,0.36060000000000003,1.6224,0.0107,4.3338,0.138,0.0268,289.5748,161.5488,469.9081,1298.6626,0.0855,0.0367,0.0376,0.9785,0.044,0.1268,0.3814,0.0715,0.0856,4.2605,0.2379,4.8712,0.0491,1.9237,3.6441,29.6545,0.0794,2.5358,2.6676,5.3179,29.1985,0.0106,0.0196,0.0338,0.0395,0.0178,0.0378,0.0145,0.0531,0.9892,0.0232,0.0005,30.7084,0.0182,533.87,0.01036803791235568,0.0054,64.4288,0.644,0.0133,0.093,0.02534099235193131,6.408191596892307,1.21936281574946,9.053150000000002,2.9081,2.4366,2.3943,30.0452,64.9361,2.1531,83.8621,1.2774,1.9383,3.6066,5.5229,25.6725,276.2729,13.1754,4.0374,1.1027,4.7473,47.8261,66.8984,11.9029,1.2364,1.9562,1.0239,0.2751,3.5647,5.7152,2.3478,14.1941,4.5407,1.6982,43.9785,9.842500000000001,2.2287,8.7713,30.3391,2.4871,11.4258,78.3415,178.1116,187.1486,559.1125,353.6419,437.7457,111.3801,288.7154,44.1813,4.941799999999999,3.1452,0.1698,5.3832,39.6562,804.8485,65.2361,0.0,12.896323106059631,1.5676,24.0722,0.1369,3.794,4.2256,3.1103450742520167,10.028523952003821,81.02190381455256,16.977897296157398,1.3059414272549188,7.625145910332598,0.5520848798416529,49.096881003450925,4.211218817303459,1.572575082164901,0.1923,0.0382,20.6225,7.39,0.1138,2.7874,0.0471,2.8154,16.7745,534.9591,1.8002,8.29,0.2435,2.9696,0.0651,1.5497,13.5286,0.0098,1.9607,0.0277,0.0318,114.7497
-1.0,3049.31,2265.1889,1.4715,100.3889,1.531,0.0006,0.0028,198.6113,15.4785,422.5091,0.9712,188.2991,12.4882,1.3971,-4426.75,-1744.0,1.2717,2.0083,7.1963,67.1556,2.6556,0.2416,84.8178,8.7947,63.9947,65.9507,87.1254,76.52,2.859,358.36,126.3636,721.6081,1.2842,143.4945,628.2182,187.7816,4.632,4.891,2849.0,0.9329,15.64135,356.3536,10.2766,114.7864,7.38,11.5773,17.7542,703.8539,149.6982,620.8382,77.2441,-0.0622,-0.0249,-0.089,0.057850000000000006,0.0239,-0.028,-0.0315,7.2876,0.1258,0.9858,1849.31,0.2026,8865.8101,-0.0333,-0.0056,0.0516,-0.0041,0.4633,0.9504,758.1528,0.9908,58.0664,0.5994,0.9637,6.386,15.71,3.617,15.79,15.76,1.026,0.623,3.042,0.0473,0.7388,2.3596,1000.9017,82.0,78.4,84.9,78.7998,306.486,0.4208,0.0855,0.072,0.0657,0.0177,5.3391,10.018,7.999,0.0143,0.59,0.0646,167.0,3036.0,0.177,0.069,0.074,2.7,0.333,0.7164,0.1177,0.6437,0.2449,0.7352,0.63,0.1961,6.45,6.87,53.654,0.454,4.01,9.33,11.781,115.689,0.138,0.09,0.0427,0.0639,0.1063,0.0447,0.0684,0.0372,2.4239,0.0713,0.0034,200.7946,0.0728,1513.9004,0.0133,0.012,0.120188138292432,0.0161,131.1136,2.701,0.0267,0.3823,0.0625,5.1125,23.4326,27.3514,30.3511,0.1302,2.1668,0.0251,3.1326,0.162,0.0237,78.6824,196.0466,396.1123,1395.0226,0.0823,0.0321,0.0319,0.9167,0.0528,0.1165,0.2614,0.0478,0.0773,5.2979,0.2032,1.7279,0.0681,2.2578,1.7101,16.9151,0.1433,2.6515,3.2725,3.2967,38.9701,0.0432,0.0373,0.0195,0.0296,0.0296,0.019,0.0376,0.0167,0.9272,0.0217,0.0011,60.0374,0.0232,450.9248,0.02801905827358544,0.0046,40.6066,0.8183,0.0077,0.13,0.0224,5.1188,1.6137,3.8094,2.5711,3.4599,3.4787,17.6108,28.5952,5.5846,64.7218,1.8932,1.4744,4.7245,4.6216,19.6758,174.0826,13.9178,3.4358,1.0283,4.0205,52.7197,62.9255,10.1583,0.8446,1.3381,1.0059,0.6795,4.7187,15.3129,0.6948,15.2686,4.4949,1.0936,28.5726,3.5904,4.4178,9.0952,54.3358,1.6738,39.095,149.7707,221.7535,64.7482,71.8381,119.0703,186.6388,244.504,118.189,33.2607,1.6698,3.0342,0.3498,10.8578,35.9583,0.0,116.5829,0.0,26.600115265074077,1.6947,17.2938,0.1078,4.6515,5.9863,2.6477,11.2407,78.35,13.86,1.01,6.195,0.4616,47.602,3.3481,1.2891,0.0926,0.0236,9.4814,6.4991280393144875,0.1522233454650441,2.5687027339058206,0.06329705385673966,2.478184300348705,21.632976235098578,531.6718,2.3956,10.26,0.3566,3.5301,0.0966,1.9298,14.8871,0.0174,3.49,0.0095,0.0184,192.2985
-1.0,3011.49,2183.4556,1.1048,102.6978,1.6227,0.0062,0.0194,198.9,14.0894,416.6665,0.9711,188.5834,12.4882,1.399,-3761.0,1433.0,0.987,1.87,5.0585,61.7444,2.5778,0.2053,85.4507,9.3851,63.8228,65.7258,86.2213,78.68,3.576,356.3391,125.6173,717.2746,1.0725,138.8264,620.7827,57.3378,4.632,4.891,2849.0,0.9329,15.64135,354.9909,10.4092,110.09,3.3254,15.5273,19.7605,697.5141,152.3764,617.4573,83.5832,-0.07164999999999999,0.0033,-0.0891,0.0544,0.0368,-0.0261,-0.0334,8.5895,0.1315,0.9901,1851.4578,0.2049,8972.6301,-0.1825,0.0809,0.0807,-0.1606,0.4666,0.9447,764.1613,0.9908,58.3019,0.5966,0.9698,6.2651,15.71,3.617,15.79,15.76,1.026,0.623,3.042,0.0473,0.7388,2.3596,1000.9017,119.0,189.2,187.1,65.1001,742.1091,0.5975,0.1388,0.0688,0.0879,0.018,5.2047,9.928,8.803,0.0141,0.59,0.0216,592.0,206.0,0.085,0.057,0.158,3.4,0.166,0.3607,0.0731,0.6595,0.3247,0.7643,0.81,0.1597,6.63,7.01,21.942,0.392,9.74,9.79,11.242,108.347,0.1133,0.058,0.0353,0.0384,0.16685000000000003,0.1154,0.0767,0.0321,2.9388,0.0738,0.0005,143.5756,0.1196,1114.1006,0.0325,0.0219,0.0987,0.0279,115.5196,2.1089,0.0261,0.3211,0.0625,5.1125,30.9957,68.4419,69.6508,0.2134,2.5917,0.0401,3.1837,0.162,0.0067,242.5385,201.6538,93.2631,98.5934,0.0398,0.0253,0.0697,1.0321,0.0186,0.0516,0.1427,0.0304,0.1044,5.7258,0.2996,2.0899,0.0531,1.8999,2.2725,7.3958,0.1287,2.9291,3.4126,3.3387,37.1489,0.0342,0.0238,0.0146,0.0184,0.0466,0.0472,0.0411,0.0134,0.9267,0.0235,0.0001,40.025,0.037,350.9091,0.0184,0.0086,40.734,0.6784,0.0084,0.1178,0.0224,5.1188,1.6137,5.3672,6.2826,7.3722,2.9815,77.0342,54.0784,8.5537,70.4645,2.1127,1.4541,4.7245,1.544,5.3443,14.3754,8.612,3.0481,3.1235,5.5066,42.6724,27.2727,3.5567,0.4221,0.7788,1.0333,0.1966,5.6519,16.9403,0.8629,14.8877,4.7757,1.1292,38.2679,3.5904,3.7659,10.4369,292.8947,1.6117,20.4777,129.6278,138.3817,45.4724,43.0856,395.359,313.3741,294.1515,96.0359,34.2138,1.6736,3.0647,0.0491,7.7547,58.3719,733.0544,100.7557,468.9655,21.1593,2.953,15.1172,0.096,3.6173,5.1251,2.6477,11.2407,78.29269350057126,17.307886234892,1.271908587179337,8.049805061413313,0.5440074464561901,66.9667029199233,4.273828158163265,1.6148574998885832,0.108,0.0298,11.7468,6.42969099783459,0.1425299814024806,2.602163845682189,0.05668829114826858,2.4645106703148807,21.11361769458137,529.06,2.3468,8.19,0.2909,2.8864,0.0934,1.548,12.3938,0.011,2.2104,0.0095,0.0184,192.2985
-1.0,2913.15,2232.5889,1.67,104.1067,1.5115,-0.01,0.0053,198.4355,10.179,405.2096,0.9806,189.242,12.5724,1.4154,-1363.875,-428.0,0.67205,1.7109999999999996,1.1174500000000007,60.5,2.3333,0.2003,85.0922,9.2007,64.2199,66.505,87.85059999999999,74.57,1.946,360.4791,125.1555,722.2621,0.979,138.8882,624.5227,125.48,4.537,4.758,2910.0,0.9238,5.1345,355.8036,11.0416,94.5763,27.5963,33.141349999999996,40.4495,681.8126,150.8327,596.9264,80.6014,-0.07164999999999999,0.0142,-0.07,0.0121,0.0031,-0.0368,-0.0343,7.384,0.1254,0.9905,1859.3656,0.1596,9010.52,0.0539,0.0009,-0.0413,0.045,0.4426,0.95,787.6015,0.9908,57.82,0.6028,0.9786,6.0291,15.75,3.276,15.78,15.74,0.9082,0.5489,3.136,0.0,0.771,2.3592,1001.0291,161.0,148.7,164.3,60.5,245.0861,0.5144,0.1151,0.0475,0.0527,0.0068,12.2263,9.111,7.63,0.0049,0.35,0.0261,2060.5,1712.0,0.277,0.21200000000000002,0.498,2.9,0.064,0.5969,0.1513,0.5896,0.3715,0.8207,0.522,0.0802,5.15,15.3,11.905,0.328,30.17,18.43,36.252,109.291,0.1217,0.0328,0.055,0.0657,0.0826,0.0388,0.0496,0.0555,3.2301,0.0385,0.0005,108.5968,0.0486,807.9004,0.0105,0.0103,0.120188138292432,0.0159,82.8212,3.1925,0.024,0.3684,0.06,3.3889,38.1511,62.3882,61.8203,0.1837,1.7272,0.0417,3.3129,0.097,0.0076,912.5788,562.8794,1831.0,856.0,0.12369999999999999,0.09505000000000002,0.2273,0.8916,0.0376,0.0192,0.2118,0.058,0.0694,5.3251,0.1792,6.3227,0.0248,1.5021,4.2669,4.4824,0.0862,5.248349999999999,4.9586,10.0303,35.8165,0.0342,0.0141,0.0281,0.03,0.0243,0.0171,0.0214,0.0276,1.1403,0.0154,0.0002,32.999,0.0165,320.3671,0.02801905827358544,0.0049,32.602,0.9371,0.0089,0.1256,0.021,5.4086,1.0643,7.0088,5.1044,6.457,2.7099,14.2718,30.8039,7.6151,89.5078,1.883,0.5029,2.7839,1.8462,298.58439999999996,400.0,23.078450000000004,10.417850000000001,7.544649999999999,4.7934,38.5714,53.411,1.8364,0.7015,1.6445,0.9181,0.6748,4.7298,4.051,2.9114,8.1892,3.708,2.4499,9.4876,4.8714,2.9706,17.2001,109.3262,5.317,43.7804,135.5945,162.7549,40.6066,93.8907,682.6446,0.0,134.7826,161.8076,43.7445,2.0735,1.6059,0.0479,5.8405,30.4669,355.9395,103.3333,0.0,26.600115265074077,1.6782,10.5156,0.1135,5.5214,6.1098,2.5433,8.8973,79.902,22.99,1.22,10.97,0.5209,62.2981,5.6738,1.5269,0.1633,0.0431,16.93,6.436974936866707,0.1698598828361577,2.8296076073251824,0.07335263739602749,2.45858262684731,22.75151748139782,530.9282,2.1959,11.78,0.4565,4.089,0.1262,2.2188,20.7877,0.0094,1.8687,0.0199,0.0107,53.6369
-1.0,3080.26,2265.1889,1.4715,100.3889,1.5035,0.0046,0.0041,199.0475,14.4227,415.8519,0.9712,188.7698,12.4882,1.3932,-3894.0,-136.25,1.2877,1.9935,7.1567,67.8111,2.8111,0.2139,84.8178,8.7947,63.9947,65.9507,87.1254,76.52,2.859,356.5082,130.3327,724.4752,1.0314,137.2945,624.1354,61.734,4.632,4.891,2849.0,0.9329,15.64135,356.4891,10.2359,115.1391,3.0204,15.1936,19.4876,704.9876,149.8864,621.5145,92.6162,-0.056,-0.01,-0.0927,0.057850000000000006,0.0332,-0.0182,-0.0383,7.8344,0.1394,0.9906,1747.538,0.1516,8624.16,-0.01,0.0056,0.0419,0.0968,0.4598,0.9375,711.8674,0.9904,58.9434,0.5872,0.9619,6.3893,15.71,3.617,15.79,15.76,1.026,0.623,3.042,0.0473,0.7388,2.3596,1000.9017,153.0,80.8,51.3,78.7998,306.486,0.4208,0.1473,0.0694,0.0676,0.0181,5.3001,9.314,4.631,0.0142,0.59,0.0679,352.0,632.0,0.114,0.041,0.073,2.3,0.123,0.7164,0.1177,0.6437,0.2449,0.7352,0.839,0.0882,10.6,12.69,28.619,0.882,3.57,10.66,10.229,84.057,0.1419,0.085,0.0397,0.0644,0.0819,0.0907,0.0931,0.0462,2.5661,0.0683,0.0007,50.5529,0.0312,1752.2998,0.021,0.0118,0.0545,0.0474,227.4573,2.2831,0.0228,0.3395,0.0625,5.1125,33.5037,27.4011,17.873,0.1302,2.1668,0.0528,3.1867,0.162,0.0236,157.6283,144.7999,462.0483,259.3317,0.0521,0.0186,0.0315,0.8536,0.0266,0.0456,0.2614,0.0478,0.0773,7.6145,0.259,2.5953,0.0288,2.8189,3.4717,7.9602,0.2519,3.064,3.0639,2.8067,28.3456,0.0426,0.0348,0.0172,0.0284,0.0254,0.0382,0.046,0.0218,1.0511,0.024,0.0003,15.1484,0.0095,507.1351,0.0086,0.0133,69.4655,0.7406,0.0072,0.1193,0.0224,5.1188,1.6137,6.9263,2.6232,2.0302,3.4787,17.6108,28.5952,9.7971,64.5786,1.1136,1.458,4.7245,4.875,27.9147,463.8532,8.8526,2.0567,1.02,3.3918,32.0158,38.8052,3.6894,0.8446,1.3381,1.0059,0.6795,6.659,15.3453,1.0401,8.5501,7.7206,2.0332,46.3586,3.5904,8.6167,9.9532,118.1968,1.4509,28.6441,90.7584,253.4494,63.1149,69.4902,89.5143,273.1928,511.5385,120.5479,32.7543,4.0185,2.8463,0.0723,2.8928,20.596,0.0,45.0704,0.0,11.8498,5.0564,31.9522,0.135,3.8734,5.3129,2.6477,11.2407,73.65,12.46,1.15,5.6941,0.4991,10.3379,3.0934,1.5614,0.4946,0.085,48.9498,6.380259037773521,0.14463704738333358,2.603342776052883,0.06153496183698709,2.4322522123946544,21.497417408811007,529.8373,2.3027,12.5,0.2525,4.32,0.0783,2.3592,10.9671,0.0142,2.8818,0.0199,0.0107,53.6369
-1.0,3070.5,2209.9222,1.3918,99.0811,1.3609,-0.0003,-0.0046,208.2673,17.8597,422.9505,0.9537,198.736,12.4882,1.389,-3754.25,1422.25,1.003,1.853,5.0678,64.0,2.3111,0.1804,85.4507,9.3851,63.8228,65.7258,86.2213,78.68,3.576,355.5673,125.6609,717.4775,1.0665,138.4718,619.7,57.9013,4.632,4.891,2849.0,0.9329,15.64135,356.8936,10.3543,113.2791,7.4273,12.3818,16.218,701.2595,142.1,612.2727,128.1464,-0.07164999999999999,-0.008,-0.1092,0.0534,0.0706,-0.027,-0.0416,7.2146,0.1318,0.9638,1853.9026,0.1866,9292.8499,0.0201,-0.0149,0.0272,0.0352,0.4632,0.9368,806.2008,0.9909,58.7707,0.6003,0.9733,6.2579,15.69,3.663,15.7,15.66,0.9318,0.6207,3.081,0.1419,0.7454,2.362,995.2842,96.0,79.3,110.9,40.1001,219.9441,0.4615,0.0663,0.0484,0.074,0.0264,12.5193,15.976000000000003,8.964,0.0267,0.59,0.0515,336.0,227.0,0.056,0.03,0.091,3.0,0.117,0.3607,0.0731,0.6595,0.3247,0.7643,1.005,0.1793,13.65,7.35,16.792,0.505,4.26,8.18,8.387,86.831,0.16345,0.0839,0.0316,0.0733,0.0877,0.0459,0.066,0.0308,3.1632,0.0405,0.0119,157.5287,0.0271,1505.4004,0.0121,0.0145,0.0418,0.0234,118.0962,3.2082,0.0433,0.3135,0.0591,3.0244,19.2792,25.787,38.8917,0.1588,1.8251,0.0229,4.96435,0.162,0.0162,160.0125,59.2565,214.2014,101.6608,0.0253,0.0141,0.0405,0.8958,0.0237,0.046,0.1427,0.0304,0.1044,4.9451,0.2892,2.3025,0.0538,3.7494,2.2352,6.5247,0.1506,2.5224,3.4051,2.5081,25.5562,0.045450000000000004,0.035,0.0145,0.032,0.0235,0.0217,0.0344,0.0158,1.1117,0.0145,0.0043,46.2791,0.0076,433.6474,0.0069,0.0066,34.8357,1.0464,0.0126,0.1076,0.0215,5.9467,0.9444,4.3126,2.5826,4.5467,1.8145,12.987,33.1559,4.8719,96.4908,2.1194,2.7999,4.7245,3.7106,12.4126,15.9606,5.5833,1.619,1.7957,4.6875,34.6154,40.4557,2.5095,0.4221,0.7788,1.0333,0.1966,4.3733,16.083,0.9191,16.8098,9.8576,1.1861,29.0011,3.5904,4.8772,11.6262,57.3562,1.196,13.3243,67.7592,260.3288,189.819,67.1245,164.117,64.9912,244.2183,74.0385,43.8444,1.7448,1.6654,1.2397,8.4971,14.5464,849.8168,92.2034,0.0,9.0197,2.4944,14.6485,0.0758,5.4589,5.0098,2.5039,7.8238,75.48269465666274,16.965771057234473,1.203091422753827,7.829874744788822,0.5082103613711979,61.892162814341525,4.2289905397039504,1.6070837132634581,0.108,0.0298,11.7468,2.7,0.1009,1.1379,0.0436,1.0364,17.4419,530.9864,2.3854,7.93,0.1562,2.4933,0.0556,1.4934,6.5484,0.0126,2.5203,0.0199,0.0107,53.6369
-1.0,2960.18,2213.7667,1.0685,98.1978,1.4581,0.0002,0.0004,208.633,18.303900000000002,421.8025,0.9573,199.1236,12.532307404182465,1.4293,-3657.6667,1596.25,0.9945,1.8835,5.1668,66.2556,2.8,0.2144,85.4138,9.97415,64.2949,66.2426,87.489,63.93999999999998,4.819,359.0318,130.14,728.4936,1.3082,143.3682,632.54,231.8816,4.551,4.78,2908.0,0.9326,15.64135,358.0727,10.4315,110.7264,18.47,19.4136,27.3648,701.1288,145.2709,614.07,96.519,-0.07164999999999999,-0.0609,-0.038,0.057850000000000006,0.0937,-0.012,0.0317,7.829,0.1335,0.9707,1686.76,0.184,8028.82,0.1391,0.0651,0.0333,0.0121,0.4653,0.933,680.0452,0.9904,57.9568,0.5932,0.967,6.2173,15.69,3.663,15.7,15.66,0.9318,0.6207,3.081,0.1419,0.7454,2.362,995.2842,117.0,115.3,116.2,62.0,911.277,0.2373,0.0501,0.0565,0.049,0.0216,12.7064,15.976000000000003,9.948,0.0216,0.5652196970012398,0.0505,168.0,114.0,0.134,0.065,0.173,3.4,0.141,0.7461,0.1276,0.5853,0.404,0.9077,0.625,0.1467,4.97,10.99,47.348,0.415,14.48,4.22,19.744,74.468,0.16345,0.0155,0.0462,0.0691,0.1316,0.0678,0.1082,0.0965,2.6479,0.0857,0.0115,142.3853,0.0779,1454.7002,0.0197,0.0092,0.120188138292432,0.0369,141.5329,3.8545,0.0228,0.3854,0.0591,3.0244,30.3453,38.1762,41.299,0.0738,2.9315,0.0211,4.96435,0.15094566932452735,0.0153,85.5117,332.6584,1235.7416,53.7424,0.0562,0.0266,0.0763,1.0513,0.0299,0.0435,0.3026,0.0498,0.0847,4.4596,0.199,5.2036,0.0441,1.5865,3.8731,16.8424,0.1445,1.3302,1.9625,6.24,19.6276,0.0428,0.0073,0.0242,0.0322,0.0386,0.0293,0.0532,0.049,0.9281,0.0259,0.0036,42.5973,0.0293,530.4277,0.0236,0.012,49.2905,1.1213,0.0072,0.1355,0.0215,5.9467,0.9444,5.3879,3.895,4.7243,2.8007,54.2637,22.2135,3.4359,99.9701,2.3584,2.2588,4.609943292728616,3.5367,65.8343,7.1417,13.4741,3.451,3.3483,5.1316,21.4286,46.6321,3.0092,0.8735,1.1639,0.9103,0.2119,3.7462,5.594,2.4337,11.213,3.4666,1.7374,20.419,5.4841,3.9783,6.9812,78.3975,2.816,9.8885,77.1537,191.0769,32.1911,182.0817,170.4387,72.3393,897.9253,304.6567,33.8218,3.0701,3.5251,1.1849,8.4413,42.3508,0.0,70.6306,400.0,26.600115265074077,3.9552,20.8123,0.0954,6.6506,6.1988,2.5039,7.8238,81.312,21.85,1.12,10.0909,0.429,70.1083,5.3197,1.3774,0.1492,0.034,15.0943,11.969999999999999,0.3257,4.532500000000001,0.1352392452747727,4.638249999999999,34.9682,541.7199999999999,2.1543,15.390000000000002,0.6164999999999999,5.3345,0.18730000000000002,2.8874999999999993,28.50255,0.0176,3.4962,0.0189,0.0137,72.3776
-1.0,2960.65,2265.1889,1.4715,100.3889,1.5748,-0.0062,-0.0024,197.6366,15.0233,418.0322,0.971,187.2925,12.4967,1.3939,-3881.0,1435.25,0.9808,1.8678,5.0655,61.7667,2.6111,0.2049,85.4507,9.3851,63.8228,65.7258,86.2213,78.68,3.576,358.2964,129.5355,724.9507,1.3135,141.8909,629.7227,164.3819,4.625,4.901,2834.0,0.9331,15.64135,357.2364,10.2375,117.2009,14.18,12.3345,18.6255,706.3253,141.1055,615.5427,113.5464,-0.07164999999999999,-0.0084,-0.0878,0.057850000000000006,0.0269,-0.0139,-0.0167,7.6742,0.1326178594104076,0.9877,1807.8376,0.1674,8967.0801,0.0151,-0.0335,0.0143,-0.1069,0.4598,0.9374,759.0628,0.9907,58.7854,0.5871,0.9747,6.339,15.71,3.617,15.79,15.76,1.026,0.623,3.042,0.0473,0.7388,2.3596,1000.9017,129.0,225.9,141.6,78.7998,306.486,0.4208,0.23175000000000004,0.0955,0.055,0.0176,5.6705,11.655,7.857,0.0138,0.58,0.0638,552.0,216.0,0.095,0.065,0.146,3.7,0.246,0.3607,0.0731,0.6595,0.3247,0.7643,0.789,0.2237,7.3,7.12,100.53,0.851,6.07,7.61,10.778,54.048,0.1558,0.0666,0.0238,0.041,0.1255,0.0726,0.1136,0.0436,3.9848,0.0486,0.0046,137.7446,0.0834,1091.5,0.0221,0.0122,0.0463,0.0404,117.5403,2.3694,0.0468,0.4285,0.0625,5.1125,31.8096,72.0048,42.0662,0.1302,2.1668,0.08085,3.461,0.1573,0.0244,226.7532,261.5754,231.9224,88.7933,0.0398,0.0294,0.0643,1.1045,0.0274,0.0728,0.1427,0.0304,0.1044,5.2551,0.2789,1.8371,0.0599,1.8985,2.4146,32.9322,0.2712,2.4092,2.7752,2.8513,16.0614,0.0389,0.0281,0.0098,0.02,0.0361,0.0302,0.0589,0.0203,1.2602,0.0156,0.0013,41.0868,0.0236,412.3618,0.008,0.0113,39.8104,0.7927,0.0139,0.1359,0.0224,5.1188,1.6137,5.7804,7.6301,5.8124,3.4787,17.6108,28.5952,16.1177,77.5796,1.8795,1.4215,4.6412,4.5777,13.1409,15.0496,9.6865,3.4801,2.8822,5.9903,42.1277,41.4859,5.2778,0.4221,0.7788,1.0333,0.1966,4.7168,14.745,0.8405,17.0314,5.1448,1.1307,61.1564,4.1134,8.3126,11.7576,42.8069,1.5259,11.5089,47.5999,183.5911,55.5,46.697,136.9527,269.3878,817.2662,261.4693,51.9251,2.170948649850805,1.9901,0.4621,7.6193,49.8146,508.3333,101.4634,0.0,10.0733,4.3137,15.4849,0.0831,4.0307,6.759,2.6477,11.2407,80.836,23.57,1.73,11.458299999999996,0.8075,76.7016,5.7436,2.1401,0.1475,0.0283,15.7758,6.326618456531338,0.15480898414401575,2.5335998088483134,0.0644575525607076,2.437151227778939,21.294345820839986,529.8309,2.319,9.6,0.3488,2.9717,0.1098,1.8119,15.0423,0.0168,3.3898,0.0313,0.0208,66.4172
-1.0,3000.46,2191.9,1.5291,98.1244,1.4051,-0.0276,-0.0093,199.3181,12.9074,432.9016,0.9735,189.8525,12.4371,1.4148,-3507.75,1416.5,0.9692,1.8753,4.9733,65.7333,3.0,0.2124,85.2575,9.094,64.235,66.6677,87.85059999999999,63.93999999999998,4.839,359.2809,128.6127,725.682,1.3193,141.5982,629.4918,204.5062,4.581,4.809,2894.0,0.9332,15.64135,357.8927,10.1436,117.6391,8.2148,10.9736,18.2111,707.4709,146.8536,622.3855,69.5018,-0.0456,-0.0292,-0.0291,0.057850000000000006,0.0172,-0.0519,0.0365,8.3549,0.138,0.9875,1839.6873,0.192,8246.59,0.0991,-0.0028,0.0576,0.1807,0.4592,0.9385,712.1443,0.9906,58.9968,0.5872,0.9667,6.1984,15.7,3.428,15.75,15.68,0.894,0.594,3.158,0.7569,0.786,2.3712,1009.6011,119.0,81.4,125.4,72.0,209.1749,0.5324,0.1009,0.0448,0.0599,0.0232,12.3524,7.907,4.985,0.0122,0.5,0.0426,302.0,108.0,0.106,0.083,0.076,2.8,0.162,0.6491,0.1001,0.5695,0.4025,0.6695,0.643,0.154,5.64,11.42,54.521,0.505,13.2,7.93,24.347,124.799,0.1476,0.063,0.0397,0.0843,0.0874,0.077,0.0596,0.0924,3.6057,0.0323,0.003,149.9529,0.0448,1044.2998,0.0249,0.0153,0.0623,0.0407,117.2917,4.2815,0.018,0.3804,0.0586,3.1537,31.0204,24.8073,42.0083,0.1717,1.8711,0.03,2.2835,0.1392,0.0131,138.3652,265.8276,1176.4221,45.3468,0.0473,0.0359,0.0356,0.8588,0.0246,0.0485,0.2391,0.0369,0.0519,4.6683,0.1986,5.1015,0.0396,1.8784,3.7952,17.1489,0.1478,2.378,3.0126,7.6548,38.849,0.0385,0.0262,0.0193,0.0378,0.0243,0.0318,0.025,0.0484,1.1054,0.0125,0.0009,44.8463,0.013,322.8824,0.0091,0.0117,37.462,1.4345,0.0068,0.1263,0.0226,4.3522,0.9721,5.433,2.7129,4.9701,3.2848,10.8002,34.8193,7.181,61.2596,1.1515,1.2562,4.0202,3.0118,76.4023,7.6244,10.9363,4.4261,1.5282,4.2596,30.0,42.364,3.5359,0.7613,1.1012,0.8866,0.6795,3.5348,5.7537,2.4541,11.672,3.9831,1.8142,26.6598,5.4007,4.9785,3.6042,160.6856,3.4414,47.129650000000005,172.49815,323.5955,57.0911,289.1938,120.5621,447.0247,114.7809,253.1507,43.1563,1.739,1.3381,0.3076,8.151,23.3572,0.0,42.5721,0.0,13.5649,4.3419,16.4702,0.0907,7.2571,6.1375,2.4714,7.8983,79.964,16.86,1.07,8.5397,0.4384,80.3388,4.1786,1.3381,0.2782,0.0504,29.7801,11.969999999999999,0.1361,4.532500000000001,0.0556,4.6173,16.3114,535.1718,2.4874,8.14,0.3811,2.8505,0.1206,1.521,15.3228,0.0138,2.7796,0.0313,0.0208,66.4172
-1.0,2946.86,2220.7111,0.9747,103.0567,1.4039,0.0088,0.0169,206.3514,5.9532,400.1708,0.9569,195.9582,12.452868131585369,1.3786,-4844.75,1569.75,0.9807,1.8895,5.136,66.9778,2.5556,0.2024,85.4138,9.97415,64.2949,66.2426,87.489,63.93999999999998,4.819,357.2573,121.6891,715.1313,1.3846,144.2518,623.1982,218.2229,4.527,4.731,2906.0,0.933,15.64135,356.3673,10.3957,109.4255,11.4437,12.2636,19.7743,695.357,145.9618,611.7545,70.3528,-0.0031,-0.0689,-0.0533,0.0141,0.0156,-0.0133,0.0138,7.6201,0.1383,0.9887,1732.4919,0.147,8974.06,0.0577,-0.0614,0.0192,0.194,0.4638,0.9428,776.2969,0.9867000000000001,58.2189,0.6052,0.9778,6.4227,15.75,3.276,15.78,15.74,0.9082,0.5489,3.136,0.0,0.771,2.3592,1001.0291,73.0,189.4,218.8,70.3999,461.856,0.4237,0.0737,0.0436,0.0502,0.0294,10.4052,4.914,12.22,0.022,0.5679255104637964,0.0331,623.0,122.0,0.108,0.104,0.184,3.5,0.258,0.7461,0.1276,0.5853,0.404,0.9077,0.705,0.1734,3.85,10.95,74.872,0.881,15.55,4.24,19.644,63.8,0.0531,0.031,0.0474,0.0576,0.056,0.0555,0.0929,0.0646,5.8003,0.0491,0.0021,97.454,0.051,1213.0996,0.0369,0.0238,0.0249,0.0353,119.4514,2.8887,0.0298,0.2844,0.06,3.3889,18.4157,67.036,60.7583,0.1094,2.9957,0.0236,1.4042,0.132694865276265,0.0121,262.1558,229.9993,2102.0717,57.6332,0.0444,0.0445,0.0814,1.1454,0.0322,0.0682,0.3026,0.0498,0.0847,3.9228,0.2104,4.9924,0.0542,1.273,3.5879,22.7447,0.2588,1.3332,1.4958,5.8291,18.9698,0.0175,0.0154,0.0198,0.0291,0.0148,0.025,0.0515,0.0307,1.8711,0.0176,0.0007,32.2861,0.0146,391.5284,0.005,0.0113,38.9202,0.8745,0.0093,0.098,0.021,5.4086,1.0643,3.2118,6.4272,8.8438,3.1702,43.3731,43.4704,5.2498,82.5441,3.0537,2.3024,4.2700567596964305,2.3974,99.5923,7.7719,11.012,5.5041,3.5826,5.2256,39.1304,43.9627,5.4996,0.8735,1.1639,0.9103,0.2119,2.9782,6.5002,2.4857,12.5212,2.6689,1.7571,34.3099,5.0374,8.4746,8.4532,135.8833,2.825,21.0087,90.6858,0.0,37.0592,108.0675,395.7597,355.2,701.1321,469.8182,76.1176,1.3739,2.0142,0.2141,5.6251,34.6685,0.0,85.3333,290.9091,5.3696,3.7438,15.3873,0.25379999999999997,4.9618,4.4279,2.5433,8.8973,80.64,18.04,1.19,7.5238,0.4881,107.5166,4.5109,1.4757,0.3106,0.0578,32.7151,8.56,0.1116,3.698,0.041,3.2243,15.6303,534.1436,1.6744,8.3,0.2425,2.8582,0.066,1.5539,14.4851,0.018,3.607,0.0194,0.0223,115.1055
-1.0,2831.91,2171.9,1.3811,99.22,1.3985,-0.0092,0.0044,199.4706,13.4953,426.9365,0.9736,190.0165,12.4867,1.4077,-6375.125,1488.5,0.9723,1.882,4.9585,61.6444,3.3,0.2324,84.5407,9.1638,64.2232,66.7256,87.85059999999999,74.21,2.963,363.1909,129.0027,729.5193,0.9785,137.5982,629.7918,60.7121,4.603,4.866,2899.0,0.932,15.64135,362.51,10.3776,113.8309,12.7836,15.1718,20.2521,709.2672,140.6673,617.0082,117.7513,-0.0368,0.0031,-0.0303,0.057850000000000006,0.0204,-0.0539,0.0129,7.0435,0.1274,0.9875,1839.6873,0.1893,8242.48,-0.0663,-0.0372,0.0207,-0.0855,0.4661,0.9537,717.0246,0.9906,59.0609,0.5917,0.9702,6.2776,15.7,3.428,15.75,15.68,0.894,0.594,3.158,0.7569,0.786,2.3712,1009.6011,127.0,227.5,152.3,44.8,169.5431,0.4018,0.1141,0.0658,0.0534,0.0237,12.343,10.699,9.097,0.0123,0.51,0.0764,392.0,38.0,0.113,0.08,0.244,4.3,0.236,0.5614,0.0776,0.6004,0.3236,0.6467,0.661,0.116,6.78,15.66,24.779,0.271,20.52,6.69,29.055,46.068,0.16,0.0704,0.0504,0.0781,0.0859,0.0886,0.0522,0.0639,5.6375,0.0542,0.003,149.9529,0.0394,1412.2002,0.0369,0.0126,0.0252,0.0457,142.923,2.6602,0.0157,0.3829,0.0586,3.1537,31.3971,67.7566,47.0601,0.1579,1.8979,0.0362,3.5045,0.1455,0.0254,161.0756,331.9693,4806.8896,17.5404,0.048,0.0344,0.1015,1.2084,0.0275,0.0684,0.2238,0.033,0.0915,4.1939,0.243,6.6302,0.0338,2.1173,5.0683,7.0689,0.1009,1.9875,2.3911,8.3992,15.4796,0.045450000000000004,0.0292,0.0223,0.0359,0.027,0.0362,0.024,0.0309,1.9562,0.0173,0.0009,44.8463,0.014,488.1202,0.006,0.0133,51.8491,0.8706,0.0049,0.1327,0.0226,4.3522,0.9721,5.8347,8.0334,6.2573,2.0627,9.3573,29.0909,8.159,79.2796,2.1308,1.2645,4.0843,5.4246,155.5882,2.5529,11.6225,4.2508,4.9208,6.9755,27.2727,36.9981,5.1651,0.6641,0.8463,0.9349,0.6795,3.885,6.3952,3.0759,11.8517,4.9274,2.4865,40.8139,5.6673,2.6114,3.5491,160.518,4.0965,7.2774,39.1231,434.8565,66.9998,257.9686,121.6929,434.3137,96.7563,494.3907,80.0372,1.2557,2.2227,0.3076,8.151,20.8063,628.0374,64.6809,760.0,5.4052,4.7877,19.9328,0.1099,4.5041,6.099,2.4714,7.8983,81.374,20.35,1.54,9.1084,0.6726,40.1712,5.084,1.8925,0.3311,0.0895,32.8864,4.51,0.1182,1.6637,0.0436,1.6911,19.0844,533.7727,2.3508,9.7,0.3356,3.349,0.0899,1.8173,14.2763,0.0144,2.8552,0.012,0.0082,68.6662
-1.0,2872.4,2172.3666,1.3622,97.2633,1.4876,0.0018,0.0094,203.3075,3.636,404.9856,0.9606,193.4424,12.589312318748776,1.3599999999999999,-2537.25,1169.5,0.9593,1.8858,4.9002,65.4333,3.0333,0.1926,85.2575,9.094,64.235,66.6677,87.85059999999999,63.93999999999998,4.839,357.4382,124.7418,718.1612,1.3494,143.9164,626.0964,202.8707,4.527,4.731,2906.0,0.933,15.64135,353.3091,10.6765,109.3536,15.6664,15.3882,22.1592,696.002,147.7673,610.43,110.6751,-0.07164999999999999,0.0034,-0.0482,0.057850000000000006,-0.0017,-0.0188,0.024,7.0722,0.1307,0.9824,1894.2798,0.2051,9013.3401,-0.1388,0.0177,0.0985,-0.2305,0.4668,0.9379,756.9467,0.9907,58.5897,0.5932,0.9769,6.3935,15.7,3.428,15.75,15.68,0.894,0.594,3.158,0.7569,0.786,2.3712,1009.6011,122.0,218.8,162.4,60.2,394.104,0.4287,0.0474,0.0411,0.0404,0.0258,10.2539,2.716,15.64,0.0194,0.5976437888571624,0.0574,532.0,124.0,0.112,0.061,0.225,2.5,0.126,0.6491,0.1001,0.5695,0.4025,0.6695,0.713,0.1652,5.27,9.84,48.028,0.315,16.04,4.77,18.109,49.227,0.158,0.0653,0.032,0.0823,0.0785,0.0651,0.0964,0.0847,3.1745,0.0738,0.013699999999999999,99.7692,0.0275,713.8994,0.0321,0.0274,0.0471,0.0435,98.413,2.9365,0.0272,0.2871,0.0586,3.1537,31.3694,76.9113,54.4456,0.158,2.5122,0.0184,0.9087,0.09986628335808148,0.0201,235.0736,256.6663,2513.9575,52.1121,0.0472,0.0284,0.0967,0.911,0.0315,0.0389,0.2391,0.0369,0.0519,3.7815,0.2136,4.3593,0.0499,1.9151,2.5623,14.1366,0.0952,1.4501,1.4651,5.245,15.9182,0.0431,0.0283,0.0154,0.039,0.025,0.027,0.0442,0.0359,1.1999,0.0235,0.0046,32.6442,0.008,238.5464,0.0075,0.0156,28.4175,0.9873,0.0071,0.1008,0.0226,4.3522,0.9721,5.7363,7.6173,6.2276,2.7712,22.4904,31.4696,3.1864,74.6975,3.8619,2.0198,3.9412463139224343,4.2332,224.9286,10.6028,11.6758,3.2348,4.5916,3.8207,23.0769,38.9498,2.7591,0.7613,1.1012,0.8866,0.6795,4.2609,6.798,2.1044,12.24,3.6619,1.5716,23.6742,5.0374,2.9504,8.2759,102.3847,2.6019,10.1317,44.4788,200.5235,60.3233,170.8355,85.4712,0.0,511.4058,352.5494,44.8871,3.0612,3.0647,1.3944999999999999,5.2669,13.3944,751.9726,73.0097,0.0,10.0997,4.6335,13.0013,0.0877,5.012,4.4909,2.4714,7.8983,82.884,17.64,1.54,7.8268,0.7114,51.3158,4.4152,1.858,0.128,0.0293,13.7543,9.4,0.1438,4.0002,0.0517,3.5448,23.2934,536.7136,2.4272,7.09,0.3834,2.4813,0.1143,1.321,15.7964,0.012,2.3869,0.0322,0.0132,40.8703
-1.0,3054.78,2171.9,1.3811,99.22,1.4321,-0.0114,0.0026,199.6391,13.0316,425.6525,0.9726,190.1848,12.5698,1.4173,-4319.5,-5755.5,1.2942,1.983,7.046,62.9667,2.7333,0.235,85.2575,9.094,64.235,66.6677,87.85059999999999,63.93999999999998,4.839,357.2864,123.3918,718.251,1.3783,146.5464,627.2245,240.1576,4.551,4.78,2908.0,0.9326,15.64135,355.7791,10.3868,111.1073,8.2381,12.2845,18.9827,699.2683,152.1,618.9864,82.6962,-0.0602,-0.0038,-0.047,0.0488,0.0067,-0.0097,0.0275,7.9712,0.1406,0.9894,1799.6569,0.1892,8182.9,-0.0082,-0.0725,0.069,0.1431,0.4729,0.95,682.8184,0.9908,58.4256,0.6009,0.9645,6.25,15.7,3.428,15.75,15.68,0.894,0.594,3.158,0.7569,0.786,2.3712,1009.6011,119.0,72.2,131.5,44.8,169.5431,0.4018,0.0786,0.0461,0.0456,0.025,12.4384,12.839,4.826,0.0129,0.8700000000000001,0.0605,1270.0,17919.5,0.107,0.101,0.079,3.5,0.448,0.6491,0.1001,0.5695,0.4025,0.6695,0.515,0.1158,3.48,9.49,64.467,0.382,16.17,6.78,21.418,91.075,0.1298,0.0723,0.0252,0.14704999999999996,0.0902,0.0556,0.0811,0.0707,3.0105,0.0758,0.0014,63.011,0.0479,629.1997,0.024,0.025,0.120188138292432,0.0358,64.9718,2.4444,0.0233,0.4275,0.0586,3.1537,30.9957,27.8663,42.8075,0.1579,1.8979,0.0267,3.433,0.2202,0.02,547.3855,193.1638,2132.4806,8529.1801,0.0455,0.0418,0.0332,1.0512,0.0577,0.1538,0.2391,0.0369,0.0519,4.2139,0.1669,4.2394,0.0367,1.2255,2.7631,19.6314,0.1033,1.8705,2.3123,6.0285,33.9468,0.038,0.0308,0.0111,0.06770000000000001,0.0243,0.0231,0.0434,0.0341,1.1963,0.0256,0.0005,20.1124,0.0173,197.3558,0.02801905827358544,0.0101,20.9774,0.7758,0.0078,0.1471,0.0226,4.3522,0.9721,5.3672,2.3635,5.3042,2.0627,9.3573,29.0909,5.4883,98.5218,1.1338,1.331,6.94175,4.2716,116.5413,314.4992,8.2673,5.0933,1.1212,5.5585,47.561,80.8511,13.7391,0.7613,1.1012,0.8866,0.6795,4.0444,6.0134,2.1206,8.4003,2.3747,1.513,26.8436,5.4841,3.6777,3.6091,196.2824,3.0629,40.7596,110.132,215.7714,78.9086,331.9149,184.6469,823.7037,831.7949,257.5592,37.7679,2.4885,3.194,0.1438,3.5013,25.3068,538.358,27.8607,461.5385,26.600115265074077,3.7712,9.5152,0.1228,4.1837,6.8393,2.4714,7.8983,81.002,17.11,1.35,8.16,0.5537,71.6408,4.2717,1.6666,0.3155,0.0593,33.199,11.969999999999999,0.076,4.532500000000001,0.0335,4.638249999999999,8.8252,537.0518,1.8363,8.1,0.2206,2.7748,0.053,1.5082,12.0111,0.0117,2.3373,0.0325,0.0073,22.4197
-1.0,3086.88,2171.9,1.3811,99.22,1.4639,-0.0091,-0.0063,202.7572,12.7841,416.9489,0.96,192.4571,12.469,1.3931,-5798.5,1440.25,0.9753,1.888,4.9937,63.6444,3.1889,0.2123,84.5407,9.1638,64.2232,66.7256,87.85059999999999,74.21,2.963,363.6282,134.4555,737.5661,1.2657,138.3927,636.4764,205.0552,4.649,4.89,2870.0,0.9343,15.64135,362.1936,10.1985,118.2418,16.9794,16.2136,21.1535,716.4126,140.7055,621.1409,55.6441,-0.07164999999999999,-0.0048,0.0083,0.057850000000000006,-0.0106,-0.0267,-0.0011,7.4798,0.1316,0.9847,1829.0059,0.1926,9061.3801,0.0436,-0.0595,0.0505,0.0246,0.4673,0.9491,758.1489,0.9867000000000001,55.9866,0.5902,0.9799,6.3572,15.71,3.617,15.79,15.76,1.026,0.623,3.042,0.0473,0.7388,2.3596,1000.9017,87.0,105.7,123.3,44.8,169.5431,0.4018,0.0798,0.0341,0.0481,0.0263,6.434,9.96,11.322,0.0195,0.45,0.0376,385.0,112.0,0.126,0.094,0.058,3.5,0.135,0.5614,0.0776,0.6004,0.3236,0.6467,0.405,0.1011,3.69,15.37,72.277,0.57,15.9,7.62,23.243,40.991,0.1524,0.0434,0.0345,0.0379,0.1027,0.0381,0.0814,0.0627,3.8865,0.0869,0.0042,164.0906,0.0714,986.0,0.0143,0.0131,0.120188138292432,0.0242,91.4969,7.013000000000001,0.0181,0.2047,0.0625,5.1125,23.6336,34.4478,42.2246,0.1579,1.8979,0.0292,2.7316,0.1432,0.0113,188.0257,296.3376,2242.9734,51.4871,0.0531,0.0391,0.0292,1.1047,0.0252,0.0432,0.2238,0.033,0.0915,4.8339,0.1128,6.0052,0.0325,1.3289,4.5598,20.5752,0.1915,2.111,2.2716,7.0936,10.938,0.0447,0.0185,0.0165,0.0163,0.0255,0.0156,0.0418,0.0264,1.287,0.0266,0.0013,53.9414,0.0205,299.9536,0.0158,0.0073,27.5504,2.1109999999999998,0.0063,0.0735,0.0224,5.1188,1.6137,3.9375,3.4242,5.1464,2.0627,9.3573,29.0909,5.4513,77.9093,2.7154,2.0322,3.609,2.6968,93.8346,7.7764,12.9198,4.9788,1.1615,5.4993,18.8153,41.9152,2.9573,0.6641,0.8463,0.9349,0.6795,4.3231,5.7045,2.8022,7.9841,2.6663,2.4149,35.2476,5.1235,5.589,4.2878,93.6429,3.2444,21.7446,73.6664,170.9359,43.9382,453.8922,143.4608,359.434,304.2991,0.0,51.96,2.1284,3.6768,0.4271,8.9716,37.081,717.1533,49.8168,387.5,26.600115265074077,2.5468,12.0685,0.25379999999999997,11.90745,3.2198,2.6477,11.2407,75.568,16.44,0.89,7.5256,0.3607,37.8553,4.1094,1.1777,0.128,0.0293,13.7543,6.084108855077102,0.21917598893279575,2.1622115476827455,0.08026914634959233,2.3310711356733,20.05892620142797,536.3864,2.4386,7.57,0.3447,2.6985,0.1162,1.4113,14.1369,0.026000000000000006,5.175,0.0349,0.0146,41.7833
-1.0,2913.42,2220.7111,0.9747,103.0567,1.5242,0.0221,0.0153,199.3755,4.4125,404.9075,0.9731,188.6416,12.4743,1.3998,-3898.75,-322.5,1.3017,1.9937,7.3165,68.3333,2.8333,0.2387,84.3324,8.9336,64.2529,65.43819999999997,86.8595,76.69,2.678,349.8955,132.3673,722.7813,0.9657,141.5964,623.8591,134.8945,4.61,4.876,2836.0,0.934,15.64135,350.6236,10.5147,112.9673,10.2527,19.4,25.2665,697.5148,150.0155,613.6064,96.7362,0.0004,-0.0108,-0.0594,0.0178,0.0944,-0.0079,-0.0361,7.8443,0.1417,0.9896,1840.4916,0.1928,8249.0901,-0.2265,0.0074,0.1126,-0.1748,0.4674,0.9329,703.4418,0.9908,57.818,0.6134,0.9638,6.3545,15.7,3.865,15.72,15.64,1.012,0.6156,3.18,-0.1419,0.6925,2.3756,998.6588,123.0,129.3,185.9,70.3999,461.856,0.4237,0.142,0.0478,0.0303,0.0142,9.4131,4.246,16.973,0.0111,0.2,0.0378,702.0,1297.0,0.138,0.105,0.2,2.3,0.351,0.8976,0.0835,0.5916,0.3702,0.8671,0.291,0.0754,6.69,23.14,16.738,0.333,17.18,9.69,29.045,47.702,0.0386,0.1029,0.0838,0.0694,0.0566,0.0775,0.0802,0.0441,2.7923,0.0662,0.0035,125.0173,0.045,1239.0,0.0335,0.0305,0.0705,0.0311,131.5,2.4227,0.055,0.3561,0.0608,3.4953,32.0878,44.8705,53.6418,0.1094,2.9957,0.0475,1.3615,0.0555,0.0147,296.1948,135.9764,247.9158,568.4743,0.0638,0.0442,0.0838,0.8471,0.0377,0.1169,0.3181,0.0383,0.0971,5.5196,0.0875,10.5455,0.0228,2.2327,7.5382,5.7832,0.1029,2.6225,2.5959,8.7928,15.0133,0.0113,0.0435,0.0382,0.0287,0.0193,0.0347,0.0437,0.021,0.9109,0.0227,0.0012,41.2161,0.0126,357.3749,0.0196,0.0085,38.3295,0.7245,0.0156,0.131,0.0191,5.366,1.2596,5.4262,4.4381,7.6261,3.1702,43.3731,43.4704,9.3164,96.2276,4.1918,1.1393,1.6033,2.699,14.1071,402.1705,10.6011,5.2665,2.7335,3.3659,45.8824,47.3464,10.4378,1.0644,0.9342,0.9207,0.2252,5.0758,7.1846,4.79,7.8041,4.7247,3.7092,12.4082,5.2478,3.167,7.5951,167.565,4.1641,8.8018,49.3114,0.0,481.4035,116.9334,317.9775,82.0975,0.0,122.1607,35.5964,4.941799999999999,2.7883,0.3537,6.7926,23.3573,0.0,118.77044999999998,0.0,15.0909,3.3358,18.6938,0.1201,4.1902,5.6044,2.5586,8.439,78.274,13.84,1.08,6.4651,0.4194,75.7432,3.3728,1.3798,0.2035,0.0402,21.0162,7.65,0.2382,3.0011,0.0844,2.8718,34.1139,530.7191,2.5798,6.1,0.3432,1.9274,0.1011,1.1494,13.3049,0.0151,3.0289,0.0139,0.0139,99.4503
-1.0,3039.57,2197.8445,1.1799,99.6667,1.5847,0.0283,0.0118,199.0997,6.0177,408.9852,0.9745,189.0227,12.52167411735674,1.3981,-3701.0,1566.25,0.99,1.8718,5.0742,67.4,3.0667,0.2024,85.4579,8.6667,64.2122,66.0973,86.9255,63.93999999999998,4.866,356.4082,123.9809,717.193,1.3714,144.8755,625.2645,227.311,4.527,4.731,2906.0,0.933,15.64135,355.0227,10.3085,113.7318,7.3481,10.2491,16.2643,700.9287,149.1618,617.9164,72.7867,-0.0134,0.0026,-0.0534,-0.0055,0.026,-0.004,0.0377,6.6835,0.1361,0.9898,1769.2292,0.2004,9226.67,0.115,0.0,-0.0055,0.0264,0.4629,0.9455,794.5335,0.9867000000000001,58.3584,0.6017,0.9763,6.4661,15.71,3.617,15.79,15.76,1.026,0.623,3.042,0.0473,0.7388,2.3596,1000.9017,200.0,63.3,65.4,43.5,564.6161,0.4678,0.0667,0.0818,0.0513,0.0143,5.3252,3.526,10.983,0.0109,0.5909554979849556,0.0652,389.0,45.0,0.109,0.114,0.192,2.8,0.051,0.9365,0.132,0.4569,0.2885,0.8603,0.692,0.1633,4.86,10.03,54.653,0.363,11.99,7.72,21.494,113.343,0.0517,0.0687,0.0621,0.0793,0.0504,0.0649,0.1163,0.0754,3.6519,0.0438,0.0019,180.9717,0.0654,896.0996,0.0215,0.0123,0.028,0.0228,94.7529,3.2859,0.06409999999999999,0.4863,0.0625,5.1125,45.32809999999999,21.8038,25.4458,0.1624,1.5758,0.0226,1.1761,0.11610821827027358,0.019,159.7561,300.9729,501.6048,21.6852,0.047,0.0468,0.0785,0.9247,0.029,0.0168,0.3615,0.0519,0.0767,3.8059,0.209,4.4095,0.0419,1.6491,2.6101,18.1854,0.0924,2.1414,2.549,6.0401,38.6479,0.016,0.0281,0.0263,0.0361,0.0134,0.027,0.059,0.0401,1.1445,0.0142,0.0005,54.7458,0.0223,281.6907,0.0057,0.007,28.6701,0.9748,0.0203,0.1585,0.0224,5.1188,1.6137,9.053150000000002,2.0825,2.5312,1.9792,29.5937,39.6478,4.209,58.5935,2.6854,1.1213,4.118669430761983,4.6599,30.2621,2.8731,11.0101,6.0906,3.7838,4.1543,16.3043,42.9748,1.0973,1.0959,1.5234,0.7115,0.1857,3.9,6.7591,2.2103,11.909,3.3546,1.6041,24.0433,5.0374,3.5214,2.8048,163.1707,3.0665,36.3109,155.7193,384.5653,62.3412,148.5714,919.4983,249.3756,0.0,200.1327,54.6409,3.8812,1.8046,0.1935,10.2288,32.65,0.0,118.77044999999998,0.0,6.0442,2.4099,11.9256,0.25379999999999997,5.6305,7.5213,2.6477,11.2407,80.19,23.21,2.11,10.5881,0.88615,59.1136,5.7646,2.6313,0.1475,0.0283,15.7758,7.87,0.1073,2.9959,0.0396,2.9683,15.445,533.3509,2.1114,8.09,0.2669,2.9137,0.1004,1.5168,12.64,0.0184,3.6827,0.0139,0.0139,99.4503
-1.0,2958.13,2197.8667,1.1988,100.2811,1.5497,-0.0019,0.0029,199.0418,13.6445,406.2111,0.9616,189.5602,12.4371,1.4235,-4639.0,-4328.75,1.2735,1.9775,6.9972,63.3556,2.6111,0.2111,83.8746,9.2658,64.3328,66.594,87.85059999999999,73.32,2.051,349.8909,129.5745,720.7486,1.4107,149.6173,629.0827,227.3633,4.567,4.824,2856.0,0.9324,15.64135,349.5436,10.6448,113.5691,17.4936,16.0055,23.4847,697.2639,148.4764,611.5891,95.784,-0.07164999999999999,-0.0037,-0.0623,0.057850000000000006,0.0255,-0.017,-0.028,6.394,0.1406,0.9894,1799.6569,0.1942,8481.16,0.1283,0.0623,0.0096,0.0761,0.473,0.9312,703.1421,0.9902,58.0752,0.6001,0.961,6.6311,15.75,3.276,15.78,15.74,0.9082,0.5489,3.136,0.0,0.771,2.3592,1001.0291,119.0,223.3,152.5,48.5999,347.549,0.972,0.0667,0.046,0.0583,0.0188,5.3158,7.21,10.156,0.0175,0.5,0.0403,259.0,17919.5,0.155,0.079,0.09,3.7,0.251,0.6716,0.1856,0.5349,0.3241,0.6378,0.266,0.1905,6.15,19.98,47.331,0.327,21.71,7.53,32.512,99.12,0.1404,0.0751,0.028,0.0923,0.1232,0.0812,0.0831,0.0467,5.3481,0.0747,0.0014,63.011,0.0757,462.1992,0.0288,0.0198,0.0273,0.0314,47.786,4.0029,0.0254,0.342,0.06,3.3889,30.9957,65.4764,52.3545,0.3053,1.7457,0.0282,2.4707,0.1392,0.012,129.2878,195.3885,878.2722,8994.62525,0.0646,0.0338,0.0459,1.1035,0.0299,0.0942,0.2601,0.0812,0.0753,5.4282,0.0776,10.0152,0.0544,1.7978,5.8495,14.4988,0.1047,2.0661,2.2091,9.9533,28.9268,0.0397,0.0319,0.0115,0.0403,0.0327,0.034,0.046,0.0233,1.866,0.0227,0.0005,20.1124,0.0216,146.8258,0.0053,0.0107,14.6657,1.1508,0.0091,0.1156,0.021,5.4086,1.0643,5.3672,7.5487,6.1354,2.2112,18.4079,64.9361,4.3041,52.842,2.5002,1.8212,4.0202,2.8296,42.5954,667.9988,12.1712,3.9949,1.2862,5.8401,34.4681,45.0,7.6382,0.8007,2.0033,0.8315,0.6795,5.2102,7.1542,4.6477,13.5047,4.1105,3.1761,20.8174,5.1858,3.0719,7.8631,124.1024,4.6628,21.928,103.4828,178.8962,50.8033,148.2731,144.9199,318.1195,488.1057,166.9348,83.643,2.4885,3.1469,0.1438,3.5013,38.9571,0.0,66.7932,477.6119,5.7689,3.3683,6.7961,0.0939,6.8926,5.0552,2.5433,8.8973,80.022,19.12,1.2,8.4693,0.5347,73.6993,4.7689,1.4996,0.3155,0.0593,33.199,3.6,0.0637,1.4724,0.0275,1.3899,8.049,534.8827,2.57,8.42,0.2889,2.983,0.0787,1.5742,11.2414,0.009,1.7936,0.0139,0.0139,99.4503
-1.0,2928.16,2210.6111,1.2577,102.9356,1.4453,-0.0126,0.0152,198.8602,4.7513,406.291,0.9519000000000001,188.5676,12.5698,1.3922,-4055.25,-37.0,1.2793,2.019,7.3323,70.1667,2.5444,0.2131,84.3585,8.7495,64.2234,65.9449,86.7325,78.13,4.063,365.2182,136.0782,738.7691,0.8443,134.4564,635.7527,136.6066,4.638,4.87,2892.0,0.9291,15.64135,363.4091,10.4077,112.8691,16.6345,23.2091,29.5358,709.2333,142.84,619.1182,107.0949,-0.0473,0.0071,-0.0792,0.0516,0.0861,-0.0114,-0.0399,7.1952,0.1345,0.9848,1778.933,0.1595,9439.44,0.1043,0.0028,-0.0694,-0.0498,0.4709,0.9317,837.1784,0.9915,59.3593,0.5757999999999998,0.9803,6.1599,15.7,3.865,15.72,15.64,1.012,0.6156,3.18,-0.1419,0.6925,2.3756,998.6588,61.0,131.1,106.5,69.3999,888.629,1.0612,0.0698,0.0491,0.0442,0.04285,9.3702,6.881,21.472,0.02935,0.8700000000000001,0.0451,203.0,1423.0,0.19,0.064,0.297,2.9,0.442,0.9352,0.0935,0.4883,0.26,0.9184,0.271,0.0757,5.78,17.32,21.826,0.244,16.99,8.53,23.259,55.369,0.1167,0.0864,0.0783,0.0763,0.0705,0.0689,0.0981,0.0328,4.3907,0.038,0.0022,91.8998,0.0325,1779.9004,0.0177,0.0143,0.0459,0.031,152.7655,2.5798,0.0297,0.4159,0.0608,3.4953,15.9558,47.6054,41.1768,0.36060000000000003,4.1378,0.0288,2.3722,0.2202,0.0134,93.6425,241.1602,961.3464,659.6327,0.0827,0.0291,0.1219,0.8352,0.0485,0.1495,0.3493,0.0383,0.1666,5.6383,0.0925,6.2614,0.0231,1.7839,5.2656,6.7092,0.0797,2.6285,2.8154,7.5401,14.7701,0.0362,0.0365,0.0326,0.034,0.0194,0.0315,0.0479,0.0134,1.775,0.0132,0.0008,30.122,0.0115,523.8284,0.0077,0.009,43.2309,0.8331,0.0088,0.133,0.0191,5.366,1.2596,2.8234,4.4772,4.2208,3.1394,75.0121,64.9361,4.8296,144.8244,5.2849,3.05365,6.94175,3.2424,50.5764,0.0,14.8525,3.1699,4.0506,4.133,35.3712,63.8165,12.9244,1.1086,1.0684,0.7603,0.2056,4.9724,5.4234,2.8725,8.9669,4.2988,2.7243,15.9773,4.5908,2.3444,4.3325,102.137,3.2795,10.1527,51.7009,246.8535,120.9237,96.3688,136.7273,80.0697,862.4176,82.2571,61.0223,2.6764,1.6183,0.2261,5.166,20.4001,0.0,78.0045,0.0,9.7547,3.3297,18.2477,0.0641,4.3461,6.7521,2.5586,8.439,82.146,18.55,2.16,9.2407,0.814,73.1841,4.5677,2.6295,0.4962,0.0792,51.1223,6.070183420616192,0.17763004745060615,2.5388361924108738,0.07166830824306503,2.3619865065751124,21.07399657043258,532.7255,1.8964,9.6,0.1361,3.4224,0.047,1.802,7.1763,0.016,3.1882,0.0049,0.0144,255.5817
-1.0,2951.2,2181.1555,0.9454,101.3611,1.4634,-0.0094,0.0006,201.8303,12.7948,407.8339,0.9714,191.5555,12.5849,1.3987,-6176.0,1526.0,0.971,1.8893,5.146,64.6556,3.0556,0.2129,85.4138,9.97415,64.2949,66.2426,87.489,63.93999999999998,4.819,361.1309,127.6155,722.6056,0.9815,137.1018,625.8482,57.6871,4.581,4.809,2894.0,0.9332,15.64135,356.9891,10.3822,111.3291,8.01,16.2864,21.8375,700.7682,149.52,617.8382,78.3459,-0.0598,-0.0644,-0.0272,0.057850000000000006,0.0699,-0.0143,0.0219,6.8413,0.1306,0.9888,1728.4036,0.1546,9065.4699,0.0246,-0.0186,-0.041,0.022,0.4657,0.9389,790.9846,0.9903,59.2643,0.6086,0.9679,6.1384,15.71,3.617,15.79,15.76,1.026,0.623,3.042,0.0473,0.7388,2.3596,1000.9017,125.0,124.3,154.4,63.5,399.29,0.26,0.0644,0.0564,0.10045,0.0097,6.2907,8.296,12.423,0.0068,0.28,0.0435,674.0,69.0,0.095,0.102,0.173,2.9,0.155,0.7461,0.1276,0.5853,0.404,0.9077,0.901,0.1849,7.56,11.64,30.112,0.42,15.24,5.19,20.135,105.256,0.161,0.10470000000000002,0.0383,0.0706,0.0989,0.1108,0.0777,0.1126,3.5945,0.0748,0.0022,157.2263,0.0405,825.2002,0.0153,0.0107,0.120188138292432,0.0251,69.7173,2.8646,0.0159,0.3651,0.0625,5.1125,33.1282,44.5465,52.8754,0.081,2.4709,0.0239,2.6971,0.0814,0.0127,297.0874,264.0543,4129.4075,31.1876,0.0444,0.0424,0.0794,0.9084,0.0284,0.0618,0.3026,0.0498,0.0847,5.8419,0.261,4.7975,0.0543,2.2102,3.9168,9.3108,0.1377,1.5798,1.5165,5.9229,30.5178,0.045450000000000004,0.0455,0.0171,0.0357,0.0303,0.0593,0.0382,0.0586,1.1733,0.0233,0.0007,51.3328,0.0111,218.0668,0.015,0.0083,18.9372,0.9145,0.0046,0.12,0.0224,5.1188,1.6137,5.6721,4.2118,6.3833,2.9113,40.3827,27.5014,4.4006,64.8387,3.0461,0.6964,2.2249,3.1093,157.432,4.5216,9.7837,5.399,3.3618,4.4853,26.1818,41.8058,3.3105,0.8735,1.1639,0.9103,0.2119,5.3776,7.0446,2.2847,18.8421,5.5141,1.8599,52.1988,5.4007,4.0454,8.9105,190.2617,2.8733,46.3803,134.3478,269.2589,180.5986,259.5588,163.9113,158.5122,543.3566,514.1553,52.541,4.941799999999999,3.1196,0.22,9.0966,26.1782,0.0,68.5714,0.0,25.9798,2.6731,8.814,0.1235,4.8337,5.9472,2.6477,11.2407,81.918,17.25,1.81,7.6035,0.7445,84.3079,4.3064,2.2095,0.3259,0.0726,34.4987,6.563235874983328,0.15300103400733997,2.6596557499672864,0.06318659704783883,2.5023646117159144,19.1979618452262,529.1618,2.386,8.26,0.3699,2.9867,0.1141,1.561,15.5013,0.0123,2.4551,0.0049,0.0144,255.5817
-1.0,3046.34,2178.1444,1.226,101.0956,1.4443,0.0008,-0.0059,202.9989,11.7968,401.278,0.9596,192.7129,12.5698,1.3882,-2423.0,1238.25,0.9682,1.8845,5.0185,62.2111,3.2333,0.205,84.5407,9.1638,64.2232,66.7256,87.85059999999999,74.21,2.963,363.57,129.8655,730.2308,0.9913,139.4482,632.8836,56.6306,4.603,4.866,2899.0,0.932,15.64135,362.6673,10.2576,114.1573,10.7936,15.7082,21.5957,708.6351,145.2655,622.09,121.3034,-0.0695,0.0026,-0.024,0.057850000000000006,-0.1081,-0.0232,0.0284,8.0887,0.1306,0.9893,1780.9914,0.1942,8529.3901,-0.0838,0.0502,0.0714,-0.1603,0.4726,0.94,727.9479,0.9904,59.1723,0.6035,0.9624,6.4235,15.71,3.617,15.79,15.76,1.026,0.623,3.042,0.0473,0.7388,2.3596,1000.9017,77.0,172.7,249.0,61.5,306.759,0.0797,0.1125,0.0214,0.0601,0.027,6.3709,15.976000000000003,9.053,0.0193,0.8700000000000001,0.04,2060.5,324.0,0.115,0.085,0.164,2.6,0.125,0.5614,0.0776,0.6004,0.3236,0.6467,0.777,0.1184,8.29,15.37,24.708,0.569,14.62,5.32,25.999,85.446,0.1296,0.0514,0.0253,0.0801,0.1051,0.0703,0.0802,0.0815,3.3115,0.0738,0.002,136.4214,0.0353,1135.6006,0.0233,0.0231,0.120188138292432,0.0206,118.4347,2.3568,0.0304,0.4644,0.0625,5.1125,20.3137,68.3007,79.1147,0.0256,2.0861,0.0363,4.7352,0.2202,0.0127,912.5788,338.4977,625.1352,132.7036,0.0518,0.0369,0.0694,1.0018,0.0186,0.0427,0.2238,0.033,0.0915,6.0972,0.2653,5.6058,0.0355,2.6831,4.4876,7.5269,0.1734,1.937,2.5832,7.3923,21.0402,0.0389,0.0261,0.0117,0.0381,0.0341,0.0329,0.0386,0.0451,1.0326,0.0235,0.0005,39.5914,0.0102,413.823,0.0192,0.0086,42.3057,0.7311,0.0102,0.154,0.0224,5.1188,1.6137,3.5472,5.6691,10.7921,2.8235,28.5486,6.4988,7.7893,156.1014,2.256,2.0111,6.94175,2.8821,56.5415,26.166,11.8771,4.5105,3.2679,4.1793,27.8351,24.878,2.7098,0.6641,0.8463,0.9349,0.6795,4.8959,6.2911,2.7404,11.9412,5.9449,2.4286,43.6301,5.6673,5.5471,5.0632,135.4504,3.6689,7.7077,70.4399,186.4748,178.1629,333.75,159.5597,65.0173,345.6897,287.2247,40.9396,1.0716,3.0647,0.2023,7.6599,18.1779,641.6667,118.77044999999998,666.6667,26.600115265074077,2.1873,16.2697,0.1396,3.9829,7.2297,2.6477,11.2407,74.18,21.46,0.94,9.3535,0.3813,50.8477,5.3051,1.2672,0.128,0.0293,13.7543,6.15,0.2717,2.4117,0.1055,2.343,37.3879,536.0627,2.3428,9.72,0.2309,3.4589,0.0794,1.8132,9.8559,0.0167,3.3295,0.0364,0.0166,45.6835
-1.0,3015.7101112001333,2232.5889,1.67,104.1067,1.5166,-0.0141,0.009,202.8416,15.2822,422.8612,0.9609,192.4255,12.5088,1.4028,-3410.75,-158.0,1.2848,1.97,7.1593,64.7111,2.4,0.2103,85.2575,9.094,64.235,66.6677,87.85059999999999,63.93999999999998,4.839,357.2545,127.77,722.3498,1.3325,144.85,629.8745,185.6799,4.551,4.78,2908.0,0.9326,15.64135,355.4445,10.3343,113.2827,12.1563,14.4873,22.1353,700.2145,148.9909,617.7182,87.7166,-0.0299,0.0032,-0.0294,0.0271,0.0956,-0.056650000000000006,0.0227,7.1876,0.1387,0.9882,1825.8466,0.1893,8394.1499,0.092,-0.0158,-0.0124,-0.046,0.4702,0.9581,719.0445,0.9867000000000001,57.8978,0.6056,0.9648,6.2784,15.7,3.865,15.72,15.64,1.012,0.6156,3.18,-0.1419,0.6925,2.3756,998.6588,167.0,141.98547412164402,72.0,60.5,245.0861,0.5144,0.1372,0.0481,0.0537,0.0287,6.6757,8.427,6.842,0.0203,0.54,0.0295,793.0,9300.0,0.098,0.084,0.183,2.6,0.334,0.6491,0.1001,0.5695,0.4025,0.6695,0.659,0.1467,5.24,8.31,99.998,0.739,13.73,7.87,22.323,69.563,0.0539,0.07,0.0644,0.0889,0.063,0.0753,0.0542,0.0983,4.9871,0.0319,0.0011,127.7295,0.0201,1798.6997,0.0171,0.0099,0.0641,0.0289,166.4523,2.0821,0.0256,0.4303,0.0608,3.4953,37.6206,46.84599876273692,23.2658,0.1837,1.7272,0.0391,2.8399,0.1465,0.01,328.8539,196.8474,259.1774,5132.9889,0.0433,0.0381,0.0821,0.9198,0.0273,0.1024,0.2391,0.0369,0.0519,4.3933,0.2364,4.6159,0.0431,1.6542,2.647,28.7676,0.2019,2.1839,2.9055,6.8825,24.754,0.0151,0.0323,0.0307,0.0396,0.0194,0.0368,0.0243,0.0482,1.5695,0.0128,0.0004,39.3058,0.0072,580.7433,0.0169,0.0086,52.4217,0.6881,0.0092,0.1487,0.0191,5.366,1.2596,7.4832,4.739710813887448,2.5622,2.7099,14.2718,30.8039,9.0466,55.1427,1.618,2.1082,4.317,2.1001,16.536,0.0,7.6279,4.264,2.5561,4.0179,37.5,40.412,9.8999,0.7613,1.1012,0.8866,0.6795,3.2554,6.5117,2.2445,11.0099,3.6175,1.3193,53.855,5.4841,7.151,2.454,112.9453,3.188,15.4779,79.3042,180.117,107.7337,302.381,232.687,78.7657,94.7967,433.5171,69.3855,2.5226,1.3492,0.109,6.9956,10.6174,386.3415,77.2727,0.0,13.6335,3.0154,23.1491,0.25379999999999997,3.5963,6.8541,2.5586,8.439,80.386,20.78,1.72,9.8987,0.7623,54.393,5.1693,2.1397,0.0996,0.0211,10.6336,4.1,0.1174,1.6412,0.0531,1.5676,18.6262,535.7082,2.1497,7.77,0.2937,2.7984,0.09,1.4504,13.663,0.0106,2.1178,0.0231,0.0102,44.122
-1.0,2985.11,2220.7111,0.9747,103.0567,1.474,0.0024,0.0069,206.4474,5.8117,401.2955,0.9561,196.1343,12.5698,1.417,-3935.75,-1957.75,1.3013,1.9817,7.141,63.9444,2.6667,0.2194,83.8746,9.2658,64.3328,66.594,87.85059999999999,73.32,2.051,362.4218,128.41,728.3413,1.2961,141.5264,632.3582,200.3361,4.603,4.866,2899.0,0.932,15.64135,360.1555,10.3079,115.1164,13.69,13.2936,20.443,707.8983,143.3964,618.6682,99.4299,-0.0626,0.0071,-0.0407,0.057850000000000006,0.092,-0.0236,0.0261,7.4894,0.1322,0.9696,1879.8917,0.1959,8892.8699,-0.0126,-0.026,-0.0255,0.0241,0.4693,0.9504,759.3098,0.9904,59.0053,0.6098,0.9634,6.2911,15.75,3.276,15.78,15.74,0.9082,0.5489,3.136,0.0,0.771,2.3592,1001.0291,119.0,183.9,169.3,70.3999,461.856,0.4237,0.0714,0.0301,0.0684,0.0337,10.5074,4.392,9.939,0.0245,0.8700000000000001,0.0346,717.0,2375.0,0.126,0.069,0.063,4.1,0.221,0.6716,0.1856,0.5349,0.3241,0.6378,0.483,0.1412,2.24,11.37,57.232,0.501,11.37,7.67,21.718,52.125,0.1619,0.0587,0.0272,0.0941,0.0926,0.0684,0.1007,0.0788,2.6709,0.0765,0.0068,102.2213,0.0807,816.7002,0.0161,0.014,0.0462,0.004,78.7776,2.2854,0.0243,0.3511,0.06,3.3889,30.9957,54.8439,58.0494,0.1094,2.9957,0.0302,1.4469,0.2202,0.0105,329.8428,63.4849,1042.4226,1143.0971,0.0546,0.0306,0.0263,1.1609,0.0254,0.0859,0.2601,0.0812,0.0753,4.8126,0.1373,4.893,0.0393,0.7474,3.5667,17.3679,0.1461,2.2732,2.0686,6.5759,17.2026,0.045450000000000004,0.0265,0.0117,0.0413,0.025,0.0363,0.0514,0.0409,0.8402,0.0255,0.0021,35.933,0.0248,240.6775,0.0087,0.0015,23.7551,0.6862,0.0074,0.1216,0.021,5.4086,1.0643,5.3672,6.1606,6.7809,3.1702,43.3731,43.4704,4.844,75.5713,2.4767,2.5645,6.94175,2.4446,59.5566,121.3127,9.683,3.4818,0.8822,6.4118,30.0,42.8354,6.6546,0.8007,2.0033,0.8315,0.6795,3.7001,6.417,2.402,10.8971,1.5827,1.798,28.568,5.6673,4.8603,4.6301,83.0533,3.068,10.5064,52.4239,258.7812,107.7064,231.062,127.5921,74.368,426.2434,301.6268,35.6633,1.5126,3.2166,0.6984,5.4376,41.2259,0.0,54.6185,485.7143,9.8355,0.4183,10.3749,0.1341,3.8732,5.5816,2.5433,8.8973,81.5758191298536,17.258642453577718,1.3724010771080155,7.857670409826112,0.5553695404146055,63.27914368198018,4.25237542873559,1.649079477102092,0.5777,0.0863,59.3942,5.92,0.0929,2.1909,0.0366,2.2818,12.452,532.4836,2.2079,11.5,0.3543,4.0972,0.1139,2.1597,16.0474,0.0191,3.8234,0.0231,0.0102,44.122
-1.0,2943.58,2171.9,1.3811,99.22,1.4046,-0.008,0.004,199.0794,11.4788,404.3473,0.9733,189.8842,12.5698,1.4044,-4010.5,-208.25,1.3055,1.9945,7.394,65.7778,2.8889,0.2193,84.1874,9.97415,64.7132,66.2535,87.5105,79.48,2.419,354.2973,155.4282,756.1597,1.0766,135.4082,645.1336,180.5083,4.607,4.828,2875.0,0.934,8.9136,356.8273,10.0098,124.3418,21.6236,31.0864,41.2374,714.9223,142.3409,623.51,108.3442,-0.0472,-0.0026,-0.0577,0.057850000000000006,0.004,-0.0054,-0.0138,6.6285,0.1306,0.9838,1790.8771,0.1631,8527.2501,0.1834,-0.0372,-0.0483,0.0849,0.4618,0.9291,737.8589,0.9903,59.0911,0.5918,0.9647,6.3426,15.74,3.316,15.77,15.73,1.087,0.574,3.323,-0.3311,0.7681,2.3684,1004.2506,146.0,174.4,122.1,44.8,169.5431,0.4018,0.0847,0.04,0.0349,0.0189,12.1786,10.932,6.076,0.0131,0.8700000000000001,0.0433,210.0,1078.0,0.062,0.114,0.199,3.4,0.522,0.6385,0.1324,0.4191,0.3423,1.0308,0.495,0.1266,6.91,12.8,96.66,1.06,16.87,12.58,23.023,77.994,0.1191,0.0532,0.0969,0.0555,0.0785,0.054,0.0682,0.037,5.6366,0.0851,0.0024,79.571,0.0396,606.5996,0.0221,0.0092,0.120188138292432,0.0169,74.8559,2.3293,0.04,0.3776,0.0561,3.6619,36.4612,53.1509,46.352,0.1579,1.8979,0.0243,3.3414,0.2202,0.0133,109.1402,143.1712,568.0807,471.3586,0.0254,0.0503,0.091,1.0826,0.0366,0.1772,0.2445,0.0528,0.1371,4.0809,0.135,6.1812,0.0403,2.143,3.4384,25.4783,0.2818,3.6673,4.5467,7.115,29.974,0.0373,0.0229,0.0453,0.0247,0.0238,0.0225,0.0307,0.0195,1.8101,0.0265,0.0008,24.4087,0.0114,195.2599,0.024,0.005,24.6514,0.709,0.0107,0.1308,0.0188,5.9881,1.1828,6.749,5.9248,4.8597,2.0627,9.3573,29.0909,6.0303,95.2363,1.5027,1.3431,6.94175,3.0846,33.911,517.6471,4.7491,5.7157,2.6914,5.1689,34.6154,54.7112,15.1417,0.7584,1.2446,0.6476,0.3063,3.8329,7.3989,3.0191,11.7615,5.1031,1.9841,53.5488,1.7163,10.5896,4.4555,78.0168,3.2204,17.5016,71.9873,252.5311,53.8189,96.2289,131.1065,0.0,0.0,268.1159,85.0358,4.941799999999999,3.5477,0.2476,4.4431,24.3017,331.5315,93.9683,0.0,26.600115265074077,1.8161,10.145,0.0972,3.9418,5.9531,2.3691,9.1201,82.03,21.84,2.17,9.3309,0.88615,71.1596,5.4045,2.9958,0.0706,0.0218,7.2369,10.17,0.3378481311764915,4.3253,0.1352392452747727,3.9014,38.05341532073962,533.3209,2.4315,5.95,0.4257,1.9688,0.1156,1.1157,17.5068,0.0094,1.8788,0.0254,0.0145,56.8579
-1.0,2992.89,2183.4556,1.1048,102.6978,1.4649,0.0309,-0.0068,199.6813,18.1408,411.6088,0.9721,189.3467,12.41130681632892,1.4188,-4084.75,-414.5,1.273,1.977,7.1273,68.2556,2.4667,0.1807,85.324,9.6272,64.1596,66.2984,87.0383,65.55,4.682,358.81,128.69,723.9348,1.2678,139.75,627.25,202.5994,4.594,4.865,2891.0,0.9318,8.9418,352.39,10.9368,97.6318,28.095450000000003,31.0582,39.9438,683.991,147.5964,597.6182,99.6563,-0.0272,-0.0095,-0.0239,0.0059,0.0764,-0.0184,0.0252,7.7721,0.135,0.9676,1805.8033,0.1516,10084.500049999999,0.0926,0.0307,-0.0371,-0.0234,0.4673,0.9479,871.2042,0.9867000000000001,55.8172,0.6073,0.9672,6.158,15.65,3.785,15.73,15.65,0.9838,0.632,3.066,-0.1419,0.7193,2.3695,997.0102,61.0,185.8,170.1,65.1001,742.1091,0.5975,0.0472,0.1083,0.0572,0.0165,9.3441,15.976000000000003,5.571,0.0128,0.6017474772599254,0.0328,460.0,941.0,0.116,0.046,0.173,2.8,0.463,0.357,0.1151,0.5534,0.2904,0.8667,0.616,0.1294,5.23,12.28,57.901,0.241,7.39,4.07,18.603,47.595,0.0373,0.0793,0.0674,0.0718,0.0422,0.073,0.0719,0.1007,3.7635,0.089,0.0046,129.1049,0.0442,678.0,0.0146,0.0223,0.0748,0.036,65.5316,4.9052,0.0357,0.3785,0.0603,3.74,15.9779,67.6594,57.8709,0.2134,2.5917,0.0182,4.96435,0.17669467618851958,0.0091,230.26,137.3496,374.7972,409.2697,0.0487,0.0213,0.0863,0.8383,0.0515,0.1526,0.1433,0.0484,0.0811,5.1314,0.1738,5.5903,0.04,1.5603,3.7498,17.9715,0.072,1.4479,1.6523,5.7588,17.9518,0.0121,0.037,0.0331,0.0333,0.0113,0.0378,0.0391,0.0552,1.286,0.0274,0.0019,48.4591,0.0156,232.4264,0.0144,0.0104,23.175,1.434,0.011,0.1237,0.0219,5.8917,1.0516,2.8739,6.208,6.8549,2.9815,77.0342,54.0784,3.2221,96.903,1.3535,1.3188,5.398038225694336,2.3125,21.7149,227.0205,9.1123,2.3268,2.4273,4.1022,68.9189,104.6125,13.9505,0.4184,1.1956,0.8625,0.1706,4.0049,4.4914,2.9784,10.2107,3.7424,1.9577,28.5791,9.842500000000001,2.2036,6.5655,24.9394,2.7198,8.8177,47.7592,136.8807,125.0296,300.4184,719.8294,95.5497,390.7609,400.0,48.4232,1.6302,3.8261,0.4724,7.1494,29.1424,0.0,118.77044999999998,751.5152,16.0079,3.7972,7.522,0.25379999999999997,8.788,6.1463,2.5432,9.6001,81.284,19.88,1.18,8.4922,0.5261,111.2295,4.9527,1.4517,0.7074,0.1702,71.5633,8.33,0.0682,3.4916,0.0265,3.1273,10.3422,528.6918,2.3251,10.2401,0.2349,3.7078,0.0703,1.9369,10.1049,0.0128,2.5522,0.0216,0.0115,53.3157
-1.0,2962.27,2171.9,1.3811,99.22,1.5385,0.0329,-0.001,199.2753,11.7113,399.6304,0.9734,189.0711,12.4371,1.4119,-3748.25,1033.75,0.909,1.779,3.1443,67.1778,2.4556,0.1959,85.2487,9.97415,64.3085,65.43819999999997,87.3997,76.73,3.761,353.8218,156.3645,757.4636,1.0418,133.4045,643.5909,221.3352,4.607,4.828,2875.0,0.934,6.9918,359.1645,9.8965,123.3564,24.1545,33.0082,42.99620000000001,713.3935,136.9155,619.4364,131.3675,-0.0573,0.0051,-0.0401,0.0515,0.0853,-0.0281,0.0248,6.9348,0.1417,0.9611,1781.2788,0.1908,9519.65,0.0266,0.0586,0.0466,0.053,0.4716,0.9281,806.0594,0.9909,57.8646,0.596,0.9798,6.1354,15.7,3.865,15.72,15.64,1.012,0.6156,3.18,-0.1419,0.6925,2.3756,998.6588,90.0,174.5,127.0,44.8,169.5431,0.4018,0.0505,0.0803,0.0525,0.017,9.3205,8.088,9.479,0.0115,0.5,0.0398,2060.5,247.0,0.073,0.041,0.098,1.9,0.091,0.8007,0.2042,0.5715,0.3486,0.9168,0.575,0.1294,5.29,12.16,79.569,0.747,16.06,9.03,20.922,92.528,0.1442,0.0805,0.0842,0.0999,0.0913,0.0649,0.0835,0.1192,4.3771,0.0532,0.013699999999999999,115.6429,0.0256,1484.2002,0.0105,0.0103,0.1185,0.052199999999999996,124.8815,2.899,0.0313,0.4048,0.0608,3.4953,23.8239,54.9356,42.489,0.1579,1.8979,0.0169,2.3381,0.1392,0.0169,912.5788,329.3047,81.9202,104.0717,0.0352,0.0194,0.0404,0.661,0.0334,0.0289,0.3217,0.078,0.073,4.291,0.1521,6.0191,0.0481,1.6546,3.6579,21.1963,0.251,2.4399,3.0069,7.0221,27.1116,0.0441,0.0342,0.0375,0.0451,0.0215,0.029,0.042,0.0652,1.4798,0.0164,0.0046,41.6824,0.0074,496.4602,0.0212,0.0155,37.0839,0.9334,0.0098,0.1404,0.0191,5.366,1.2596,4.2156,5.8908,5.0895,2.0627,9.3573,29.0909,3.2825,69.0617,2.3719,1.1821,4.0202,2.8168,4.0552,23.8936,8.0308,2.3047,3.1168,2.8283,36.6516,50.5389,2.5829,0.9393,2.0281,0.8887,0.2887,3.9116,7.5976,2.8999,12.4252,3.9654,1.8894,35.9496,1.7163,7.5481,6.3718,66.4885,2.9327,14.1933,70.4345,251.5482,135.0671,249.2826,177.217,76.0844,297.153,480.1611,63.1172,4.941799999999999,2.3668,1.3944999999999999,6.4921,13.4082,895.6522,58.1498,634.9206,25.1305,5.5677,15.4928,0.0981,5.0099,6.5978,2.5586,8.439,73.0,16.86,0.3,7.1917,0.1241,61.1192,4.0981,0.411,0.2605,0.0557,27.1584,5.14,0.1664,2.1613,0.0692,1.9723,22.3384,533.2491,2.002,8.98,0.1733,2.7725,0.0521,1.684,8.6565,0.0176,3.4972,0.022,0.0388,248.3173
-1.0,3043.67,2222.3222,1.5099,99.6944,1.537,-0.0013,0.0006,197.9708,9.6926,415.1418,0.9724,187.1847,12.4659,1.4058,-6375.125,157.5,1.2923,1.9827,7.264,67.5778,2.3333,0.1939,85.324,9.6272,64.1596,66.2984,87.0383,65.55,4.682,360.7791,135.0991,734.619,0.8577,137.4282,633.3064,118.7257,4.561,4.845,2915.0,0.9269,15.64135,360.5718,10.5246,111.7027,17.1728,23.3964,29.6268,704.9922,143.8591,616.1336,96.2355,-0.0324,0.0023,-0.0744,0.0,0.09,-0.035,-0.022,7.3307,0.1307,0.9881,1752.2363,0.1575,8610.0701,0.0075,-0.0065,0.0707,0.1067,0.4708,0.9401,738.8354,0.9867000000000001,57.5436,0.6027,0.9784,6.3832,15.79,3.609,15.85,15.8,0.9176,0.6274,3.565,0.6623,0.6956,2.3403,1012.1967,122.0,133.8,120.0,52.8,176.234,0.3227,0.0836,0.0841,0.0442,0.0166,5.0778,8.113,2.02,0.0096,0.3,0.033,492.0,825.0,0.191,0.132,0.153,2.2,0.369,0.357,0.1151,0.5534,0.2904,0.8667,0.426,0.092,5.13,15.0,28.137,0.497,12.08,3.08,19.196,65.262,0.0951,0.0576,0.0606,0.0878,0.0873,0.0584,0.0793,0.0393,2.4197,0.0874,0.0017,114.1484,0.0305,833.7002,0.0153,0.0197,0.021,0.0263,82.7498,5.1939,0.0232,0.3797,0.0699,2.3331,31.3694,50.5633,43.9004,0.0977,2.5104,0.0289,2.3361,0.0675,0.0106,249.8059,176.6831,5823.189049999999,359.843,0.0892,0.0577,0.0716,0.687,0.0185,0.1309,0.1433,0.0484,0.0811,5.4277,0.157,5.1878,0.0264,1.559,4.4646,9.8037,0.1447,0.9455,1.1574,5.6627,19.4851,0.0297,0.0263,0.0277,0.0406,0.0264,0.0239,0.0454,0.018,1.0576,0.0277,0.0005,38.2852,0.009,299.1349,0.0046,0.0102,26.6749,1.704,0.0067,0.1262,0.0262,2.7696,0.8687,5.7363,4.396,4.7653,2.3759,10.4966,21.371,5.4393,83.7027,0.4866,0.9888,2.4066,2.3466,194.5997,523.8095,14.7804,6.6574,2.1063,3.2555,38.5714,34.0401,10.8437,0.4184,1.1956,0.8625,0.1706,4.5818,6.5359,2.4098,10.7315,3.7329,2.3685,23.6992,4.7337,4.7223,7.2693,70.3439,2.7229,13.2963,67.8149,293.5185,289.4472,118.0504,0.0,64.9069,226.4097,178.8396,33.0076,3.0612,3.6899,0.1748,6.5144,19.3402,0.0,77.1084,0.0,4.4628,2.7983,11.2,0.163,9.026,5.949,2.9848,6.3787,82.644,18.94,1.51,9.2137,0.5761,46.1751,4.7254,1.8271,0.128,0.0293,13.7543,6.57,0.1632,3.2368,0.0798,2.4983,20.7532,534.6418,2.1732,10.89,0.3306,3.1054,0.099,2.0369,15.2143,0.0202,4.0449,0.0241,0.0086,35.555
-1.0,3024.46,2222.3333,1.315,100.3989,1.5374,-0.0131,-0.0007,209.85114999999996,5.6793,417.4052,0.9566,200.1544,12.424853001758295,1.4083,-3705.5,-639.25,1.2432,1.9933,7.033,63.1444,2.9111,0.2421,85.8965,9.2405,64.0502,66.4353,87.85059999999999,74.19,2.634,363.7509,131.8391,734.6738,1.2778,140.6218,636.2118,203.354,4.638,4.87,2892.0,0.9291,15.64135,361.0618,10.6816,108.3645,24.1954,23.4745,32.6465,702.0274,142.59,612.0164,101.9654,-0.0608,-0.0103,-0.0351,0.0073,0.0877,-0.0284,0.0167,7.6451,0.1315,0.9901,1851.4578,0.2002,9188.72,0.0182,0.0632,0.0602,0.0611,0.4678,0.9469,767.9018,0.9867000000000001,55.696299999999994,0.601,0.9752,6.1337,15.81,3.628,15.89,15.74,1.035,0.6217,3.133,-0.0946,0.761,2.3583,1007.05,119.0,62.5,108.5,52.5999,235.735,0.5134,0.0449,0.0591,0.0516,0.0254,9.8515,10.151,11.984,0.0206,0.5391581042579237,0.0499,1909.0,2160.0,0.14,0.115,0.1,3.2,0.322,0.5928,0.1211,0.5421,0.4071,0.8008,0.545,0.1392,5.93,14.27,23.836,0.541,15.66,5.36,19.965,72.58,0.1374,0.0917,0.0315,0.0747,0.0747,0.0647,0.0684,0.0877,3.8502,0.0472,0.0005,143.5756,0.0153,1327.8008,0.0133,0.0143,0.120188138292432,0.0188,122.959,4.9091,0.034,0.3297,0.0746,2.7458,29.5394,22.4729,34.7908,0.1889,1.5756,0.0151,3.4455,0.20814359596337717,0.0164,890.0589,233.9288,773.9942,1031.2812,0.0677,0.0497,0.0426,1.0014,0.0277,0.1099,0.241,0.043,0.0372,5.0727,0.2058,5.4207,0.0533,2.0332,4.4771,6.9824,0.159,1.3822,1.6143,6.279,21.0398,0.0397,0.0378,0.0129,0.0343,0.0264,0.0265,0.0367,0.0494,1.2688,0.0158,0.0001,40.025,0.0055,476.9458,0.02801905827358544,0.0055,37.7032,1.4158,0.0109,0.1111,0.0269,3.892,0.8531,5.4073,2.0665,4.3957,2.3669,13.6983,39.0401,2.9204,164.29784999999998,2.8711,2.1512,4.729339297245517,3.5453,45.0951,337.896,11.2608,5.7695,1.4219,5.0677,51.5267,30.5645,9.8001,0.6901,1.3104,0.8464,0.6795,4.635,5.6508,2.4208,10.8945,4.217,2.243,11.7214,4.5908,5.0648,6.2567,64.7229,2.8439,10.9189,71.181,226.0101,190.0518,212.9722,0.0,73.7953,240.6332,525.1497,50.3614,1.6736,1.9403,0.0491,7.7547,7.6449,961.3445,118.77044999999998,364.7059,26.600115265074077,1.9802,16.0123,0.25379999999999997,8.8862,5.3756,3.165,6.7186,81.518,14.96,1.37,6.5567,0.5793,74.6972,3.6778,1.6806,0.7933,0.1494,84.391,1.69,0.1024,0.739,0.0364,0.6363,13.908,536.4745,2.1084,9.61,0.1815,3.3143,0.0599,1.7913,8.6062,0.0113,2.267,0.0241,0.0086,35.555
-1.0,3032.81,2239.4223,1.5397,98.3356,1.4974,-0.0046,-0.0002,201.6839,16.8343,426.7663,0.9781,192.1317,12.5022,1.4055,-3737.6667,-1463.25,1.278,2.0232,7.2305,65.4778,3.1,0.2556,84.8178,8.7947,63.9947,65.9507,87.1254,76.52,2.859,361.9427,139.8664,745.7312,1.2585,139.3873,641.1964,195.2785,4.574,4.795,2878.0,0.9188,15.64135,357.8591,10.1459,129.0582,8.7877,10.8082,17.4684,728.2628,149.2,636.1173,69.8455,-0.0078,-0.0069,-0.0759,0.0088,-0.0108,-0.0082,-0.0251,7.4786,0.1397,0.9904,1856.3238,0.1832,9332.7599,-0.025,0.0381,0.0215,0.0361,0.4679,0.9428,816.0562,0.9901,57.1135,0.5894,0.9777,6.2927,15.74,3.901,15.75,15.74,1.021,0.6256,3.018,-0.3784,0.7429,2.3471,1004.4356,93.0,63.6,94.1,60.7,257.913,0.9199,0.1385,0.0278,0.0531,0.018,9.0725,13.159,7.693,0.0058,0.37,0.062,206.0,3978.0,0.136,0.088,0.228,2.8,0.115,0.7164,0.1177,0.6437,0.2449,0.7352,0.637,0.1069,9.31,24.98,44.061,0.433,19.74,7.01,32.644,83.052,0.0654,0.0429,0.0476,0.0761,0.0411,0.0835,0.1083,0.0429,6.515,0.0372,0.0017,148.7946,0.0466,2154.5,0.0122,0.0146,0.120188138292432,0.0185,219.563,1.8931,0.0412,0.4288,0.0734,3.2236,27.3743,21.1481,34.0496,0.2685,1.5307,0.0391,3.8284,0.1029,0.0206,105.56,394.0621,731.0611,1754.8174,0.0636,0.0361,0.101,0.9782,0.0147,0.0443,0.2614,0.0478,0.0773,5.9941,0.2293,10.8187,0.0333,2.8645,7.2014,14.2069,0.1232,1.6351,1.6093,9.8758,28.5913,0.0162,0.0201,0.02,0.0355,0.0131,0.0342,0.0529,0.0226,1.9955,0.0141,0.0006,52.3565,0.0144,575.8496,0.0195,0.0068,58.8472,0.6511,0.0135,0.1392,0.0275,5.2856,1.0148,4.2406,2.0971,3.7124,2.7105,12.9126,59.7459,9.2491,78.1679,1.8026,0.5947,2.9595,4.412,37.296,271.8606,10.6416,4.3494,3.1533,4.2763,25.8065,16.4348,3.4513,0.8446,1.3381,1.0059,0.6795,5.0146,9.4233,4.7887,8.4949,6.6792,3.8958,22.5632,5.2947,4.2677,7.4153,224.6334,4.4825,37.4184,118.9082,838.4615,38.9381,100.2305,468.3761,771.3626,0.0,170.7463,87.1147,1.6459,1.5311,0.176,8.0155,25.4325,0.0,88.665,741.4634,26.600115265074077,1.9671,26.9054,0.0641,3.3146,6.8146,3.1272,8.2326,75.456,14.44,1.12,6.9594,0.4481,58.2625,3.6414,1.4843,0.1454,0.0332,15.2751,4.52,0.1494,2.0382,0.063,1.7138,22.5185,531.9991,2.3672,8.46,0.4406,2.9183,0.1473,1.5902,18.6118,0.0149,3.0137,0.0241,0.0086,35.555
-1.0,3020.12,2196.6555,1.2188,101.89,1.3642,-0.0167,0.0033,197.5256,12.6505,415.3988,0.9785,187.3814,12.3376,1.3866,-3836.0,-4279.0,1.2695,1.9705,7.0473,61.8778,2.4667,0.1917,85.7375,9.0998,64.0107,66.6946,87.85059999999999,63.93999999999998,5.041,359.2164,129.36,724.8805,1.3229,140.7009,629.2773,228.9245,4.581,4.809,2894.0,0.9332,10.08,353.6182,10.9064,99.44,28.095450000000003,29.92,40.5205,684.36,147.8373,600.8955,69.05,-0.0555,-0.0699,0.0108,0.0427,0.0888,-0.0155,-0.0051,7.3404,0.1309,0.9654,1883.8012,0.1479,8796.0601,0.0463,0.0037,-0.026,0.0341,0.4612,0.9288,746.198,0.9909,58.9691,0.5979,0.9794,6.3224,15.79,3.609,15.85,15.8,0.9176,0.6274,3.565,0.6623,0.6956,2.3403,1012.1967,95.0,153.2,144.3,64.0999,480.957,0.1297,0.1204,0.0515,0.0531,0.0105,13.8792,15.976000000000003,15.485,0.0056,0.18,0.0282,1132.0,12405.0,0.101,0.084,0.171,3.6,0.519,0.9046,0.0954,0.6261,0.3587,0.7054,0.603,0.1724,6.9,14.72,55.242,0.32,8.19,5.39,16.308,90.726,0.1399,0.056,0.0405,0.0184,0.0703,0.0465,0.0947,0.0709,3.9058,0.0338,0.0076,80.6482,0.0411,484.5996,0.0138,0.0083,0.0337,0.011,53.7374,2.9052,0.0273,0.2363,0.0699,2.3331,25.2271,52.0909,55.9576,0.0405,1.4215,0.0442,4.9016,0.0571,0.0093,511.4224,276.7303,1096.6838,5683.9636,0.047,0.0417,0.083,1.3293,0.0508,0.1627,0.3349,0.0405,0.0703,4.9691,0.1969,4.632,0.0464,2.0871,4.6107,21.85,0.0987,1.8701,2.1199,5.5468,27.2456,0.041,0.0238,0.0187,0.0086,0.0207,0.02,0.0499,0.0351,1.2989,0.013,0.0027,28.2867,0.0124,165.1933,0.0066,0.0035,17.8064,0.9797,0.0093,0.0834,0.0262,2.7696,0.8687,4.1453,5.0726,5.9709,2.9181,45.1098,10.6427,8.8257,139.3863,3.7277,0.5697,1.459,2.0302,66.2669,289.9042,7.9559,4.2629,2.4265,5.8179,44.5946,75.6522,15.8506,1.0551,1.0486,0.9781,0.6795,3.6691,6.0915,2.185,13.0319,4.904,2.3392,24.1311,5.4007,2.9341,6.3355,28.8565,2.383,42.497,131.3917,252.1005,168.1682,169.5853,164.7335,52.3796,609.0032,0.0,53.2091,2.7493,1.4306,0.7879,4.2811,27.7649,402.4242,82.243,0.0,7.3114,1.1852,7.2015,0.1051,4.9266,3.7377,2.9848,6.3787,72.314,17.07,0.87,7.6483,0.3395,45.7537,4.2018,1.2031,0.4962,0.0792,51.1223,9.18,0.3378481311764915,3.4527,0.1352392452747727,3.7397,38.05341532073962,533.7818,2.4911,10.21,0.3855,3.6026,0.0945,1.9128,15.4743,0.0085,1.7146,0.0201,0.0379,188.2987
-1.0,2955.3,2191.9,1.5291,98.1244,1.4125,-0.0003,0.014,198.4576,12.5444,415.0011,0.9716,189.2721,12.4247,1.4071,-2017.0,-166.25,1.2577,1.9843,7.0875,61.8333,2.9556,0.2507,85.8965,9.2405,64.0502,66.4353,87.85059999999999,74.19,2.634,352.5591,157.35,755.7444,0.7279,128.4982,638.4073,138.854,4.607,4.828,2875.0,0.934,3.9055,357.9018,9.9616,121.2555,18.7055,33.141349999999996,42.99620000000001,709.9713,140.5445,619.7018,123.2862,-0.0283,0.0135,-0.0607,0.0288,0.0147,-0.0271,-0.0339,7.6291,0.1297,0.9901,1851.4578,0.1952,8802.4499,0.0,0.0,0.0,0.0,0.4694,0.9435,759.1619,0.9867000000000001,57.7094,0.607,0.9797,6.1199,15.7,3.428,15.75,15.68,0.894,0.594,3.158,0.7569,0.786,2.3712,1009.6011,68.0,126.6,170.6,72.0,209.1749,0.5324,0.0662,0.0389,0.0372,0.0211,13.0942,10.881,4.868,0.014,0.52,0.0441,266.0,1393.0,0.071,0.123,0.059,3.3,0.424,0.5928,0.1211,0.5421,0.4071,0.8008,0.561,0.1158,7.04,11.85,41.082,0.82,8.66,3.18,18.268,88.236,0.054,0.0351,0.0543,0.065,0.0657,0.0484,0.0649,0.0129,3.8077,0.0432,0.0005,143.5756,0.0441,672.2002,0.0164,0.0112,0.0182,0.0328,75.6066,5.2692,0.0273,0.4066,0.0586,3.1537,17.9793,50.0412,59.5962,0.1717,1.8711,0.0211,3.1115,0.1452,0.0189,123.6888,201.6538,2878.8541,611.3795,0.038,0.0532,0.0248,1.0909,0.0216,0.1315,0.241,0.043,0.0372,4.3009,0.1554,5.9099,0.0347,1.962,3.3187,12.82,0.2488,0.8625,1.8328,5.4315,27.5414,0.0164,0.0183,0.025,0.0296,0.018,0.0208,0.0358,0.006,1.365,0.0169,0.0001,40.025,0.013,215.8971,0.0038,0.0111,24.6323,1.7077,0.0092,0.1354,0.0226,4.3522,0.9721,3.0944,4.2838,6.9347,3.2848,10.8002,34.8193,4.6868,86.7402,1.173,1.4389,4.1852,3.1377,261.4279,837.8947,5.645,6.1988,0.8325,5.3369,43.985,26.3298,12.6597,0.6901,1.3104,0.8464,0.6795,4.0249,5.9104,2.8727,15.9031,5.4787,1.8562,29.5865,1.7163,8.2316,5.7812,46.2966,2.5731,12.4782,71.5701,190.6864,38.3607,107.1281,228.0755,329.2517,239.9261,38.1093,49.9103,2.5443,1.7835,0.0491,7.7547,22.5932,0.0,61.7647,885.7143,3.8763,3.4791,9.9592,0.25379999999999997,9.1305,6.644,2.4714,7.8983,80.788,22.77,0.49,9.7263,0.1878,104.4842,5.5788,0.6065,0.1609,0.0356,16.9402,7.53,0.0647,3.1899,0.0243,2.8612,9.0351,534.8573,2.4009,9.05,0.3143,3.3063,0.0918,1.692,13.0895,0.013,2.591,0.0201,0.0379,188.2987
-1.0,3100.44,2239.4223,1.5397,98.3356,1.543,0.0059,-0.0057,200.121,2.8173,415.4615,0.9716,189.5527,12.5022,1.3898,-3910.25,-1160.25,1.2517,2.0003,7.213,68.4333,2.9556,0.2186,84.8178,8.7947,63.9947,65.9507,87.1254,76.52,2.859,361.3609,140.4145,746.4299,1.2688,140.2864,642.0618,200.9845,4.574,4.795,2878.0,0.9188,15.64135,359.5236,10.1048,127.0673,7.3818,13.3473,20.6385,725.7914,149.3273,635.9182,55.4152,-0.0139,0.0102,-0.0754,0.0268,-0.109,-0.015,-0.002,7.3983,0.1307,0.9864,1861.5607,0.1986,8886.1802,0.1097,0.0177,0.014,0.0168,0.4681,0.9455,744.2175,0.9903,58.0013,0.5894,0.9762,6.2304,15.7,3.653,15.74,15.7,1.272,0.6641,3.193,0.3311,0.7636,2.3524,1001.6031,101.0,100.5,35.4,60.7,257.913,0.9199,0.0521,0.0636,0.0498,0.0096,9.0984,3.996,11.0,0.0122,0.37,0.0715,293.0,2054.0,0.153,0.102,0.206,2.5,0.288,0.7164,0.1177,0.6437,0.2449,0.7352,0.807,0.158,10.9,23.6,46.985,1.071,18.87,5.61,36.014,49.938,0.1159,0.0485,0.062,0.0621,0.0627,0.1142,0.0399,0.0495,1.8069,0.0662,0.0015,124.2751,0.0438,1200.4004,0.0288,0.0169,0.0255,0.0144,119.7303,1.9704,0.0576,0.438,0.0874,4.0441,28.3768,29.5942,10.8727,0.2685,1.5307,0.0224,1.3178,0.1029,0.0273,157.5108,209.6481,1032.2565,871.0401,0.0769,0.0454,0.0883,0.8703,0.0407,0.0896,0.2614,0.0478,0.0773,7.4134,0.2385,10.8403,0.0423,3.3941,7.219,14.3842,0.302,1.7883,2.1596,10.8715,16.0646,0.0272,0.0206,0.0279,0.0292,0.0197,0.057,0.0188,0.0223,0.7218,0.0238,0.0005,35.9658,0.0132,373.3484,0.0065,0.0043,34.642,0.688,0.0194,0.1406,0.0302,4.1066,1.4085,4.5917,3.2415,1.3155,2.7105,12.9126,59.7459,3.3766,141.8393,2.6477,1.2541,2.9595,5.1431,53.8073,177.0308,12.2229,5.0994,2.856,3.6532,27.0677,55.821,8.5482,0.8446,1.3381,1.0059,0.6795,6.3787,7.9764,4.7465,12.4559,7.7698,3.6757,23.3774,5.2947,10.5989,8.6332,255.6286,4.962,47.129650000000005,90.1161,835.3153,123.5669,82.3607,234.3378,104.7466,265.5574,0.0,24.4231,2.6005,2.7971,0.1511,6.6759,22.0285,0.0,79.661,0.0,5.4427,1.5191,16.0881,0.0525,3.3972,7.0307,3.7152,10.1533,75.132,16.65,1.44,7.1179,0.6424,46.2832,4.0078,1.9166,0.4906,0.1528,37.851,7.33,0.1343,3.0834,0.0578,2.7889,17.6666,532.3064,2.5503,8.6801,0.3008,2.8702,0.0917,1.6306,11.7957,0.0162,3.235,0.0201,0.0379,188.2987
-1.0,2976.48,2232.5889,1.67,104.1067,1.4306,0.0383,-0.0045,198.2496,5.0234,403.6461,0.9738,188.5969,12.4247,1.391,-2124.0,-145.0,1.2868,1.993,7.309,66.9333,2.9889,0.2091,84.3324,8.9336,64.2529,65.43819999999997,86.8595,76.69,2.678,349.6536,131.9727,721.5494,0.9369,140.6464,622.2727,135.0966,4.575,4.848,2859.0,0.93,15.64135,349.7164,10.7172,109.6591,17.3827,22.3136,27.4474,694.102,145.5145,604.89,102.8341,-0.0171,-0.088,-0.0786,0.0242,0.0873,-0.0053,-0.042,7.9277,0.1323,0.9896,1840.4916,0.1953,8396.56,-0.1922,0.0381,0.169,-0.2342,0.4671,0.9455,718.4797,0.9904,59.6378,0.6111,0.9647,6.3867,15.81,3.628,15.89,15.74,1.035,0.6217,3.133,-0.0946,0.761,2.3583,1007.05,108.0,154.2,142.7,60.5,245.0861,0.5144,0.1079,0.0759,0.0907,0.0177,7.535,5.065,8.066,0.0111,0.52,0.0577,347.0,2384.0,0.111,0.126,0.23,1.9,0.419,0.8976,0.0835,0.5916,0.3702,0.8671,0.541,0.0656,6.6,22.27,22.844,0.338,18.71,6.35,30.681,61.393,0.0499,0.0526,0.0425,0.0609,0.0614,0.0373,0.1246,0.017,3.6015,0.0758,0.0035,125.0173,0.0347,1551.0996,0.0363,0.033,0.0353,0.0175,138.9958,2.1781,0.0595,0.3835,0.0746,2.7458,30.0347,51.1318,48.8326,0.1837,1.7272,0.038,1.9586,0.1452,0.0183,142.3713,50.2419,3532.2951,1178.2388,0.0516,0.0532,0.1021,0.6671,0.0224,0.151,0.3181,0.0383,0.0971,5.7063,0.1472,10.5065,0.0196,2.1069,7.1423,6.6908,0.0819,1.8931,1.6606,9.4289,20.6123,0.0134,0.0222,0.0227,0.0268,0.0169,0.0203,0.0668,0.0084,1.2094,0.0242,0.0012,41.2161,0.0097,454.4931,0.0053,0.0059,42.99,0.6441,0.0188,0.131,0.0269,3.892,0.8531,4.8495,5.1806,5.7012,2.7099,14.2718,30.8039,7.5421,100.8289,1.9983,1.1415,4.1852,4.148,298.58439999999996,0.0,8.6264,6.3221,3.1468,2.8386,30.1115,31.5622,12.5004,1.0644,0.9342,0.9207,0.2252,4.8705,7.8956,4.8072,7.0069,4.6926,3.5788,16.9094,5.2322,3.1538,5.2618,107.6358,4.4202,11.6177,59.701,291.3869,116.3717,77.4317,253.5226,42.714,0.0,40.5244,45.4297,1.8893,3.1519,0.3537,6.7926,17.7592,0.0,113.0667,585.3659,7.5473,1.8506,19.3458,0.1473,3.6522,6.0039,3.165,6.7186,72.928,25.505000000000003,2.17,11.458299999999996,0.88615,132.9463,6.362449999999999,2.9958,0.1745,0.0375,18.1087,6.64912916326636,0.1501505632817088,2.807515169682069,0.0588596189058441,2.5299281046076603,20.681113404219108,526.4382,2.4025,8.52,0.3505,3.0246,0.1086,1.6184,14.5906,0.0082,1.63,0.0153,0.0134,87.6631
-1.0,3056.5,2220.4444,1.368,100.5189,1.4402,-0.018,-0.0013,202.7691,5.2075,408.731,0.9636,193.1185,12.4659,1.4235,-3999.75,-6064.75,1.2673,1.9705,7.0695,61.6778,2.7778,0.2276,83.8746,9.2658,64.3328,66.594,87.85059999999999,73.32,2.051,363.0891,133.9436,735.1052,1.3038,142.8764,639.9091,201.2086,4.638,4.87,2892.0,0.9291,15.0182,358.8636,10.6677,108.9618,25.4591,24.9818,33.8496,701.2556,146.6245,614.45,97.2005,-0.0437,-0.0015,-0.0473,0.0033,0.0905,-0.023,-0.0261,7.0121,0.1315,0.9865,1825.4156,0.1545,8613.2899,0.0065,0.014,0.0623,0.1023,0.4611,0.9417,724.9895,0.9867000000000001,55.8807,0.6127,0.96,6.5545,15.81,3.628,15.89,15.74,1.035,0.6217,3.133,-0.0946,0.761,2.3583,1007.05,119.0,90.9,146.6,53.6001,185.265,0.4569,0.0662,0.0471,0.046,0.0158,6.6398,5.039,13.806,0.0152,0.3,0.0258,878.0,9814.0,0.15,0.104,0.324,5.3,0.265,0.6716,0.1856,0.5349,0.3241,0.6378,0.574,0.2126,6.1,11.53,52.453,0.346,10.93,4.47,18.504,63.873,0.0598,0.0643,0.0299,0.0836,0.0589,0.0548,0.076,0.056,3.8162,0.099,0.0033,129.2296,0.0199,1066.2002,0.0153,0.0149,0.120188138292432,0.0304,122.2161,2.1255,0.06409999999999999,0.2823,0.0746,2.7458,29.5394,29.6348,45.088,0.1523,2.5583,0.0248,1.6946,0.0675,0.008,385.1401,235.8679,1587.7467,4145.8691,0.0704,0.0552,0.145,1.4403,0.0373,0.0866,0.2601,0.0812,0.0753,4.593,0.1915,5.4333,0.0542,2.1435,3.2052,15.8274,0.1258,1.2882,1.2042,6.0743,21.8458,0.0147,0.0268,0.0123,0.0379,0.0181,0.0251,0.0412,0.024,1.5386,0.0304,0.001,41.5396,0.0072,350.1385,0.02801905827358544,0.0099,37.4094,0.7269,0.0204,0.1099,0.0269,3.892,0.8531,5.4073,2.974,5.9087,2.4139,11.3153,33.3981,4.5965,96.7634,3.3778,1.5756,2.4066,1.8097,84.1303,161.8204,11.8367,5.2778,4.5831,7.862050000000002,43.2,52.2949,8.0845,0.8007,2.0033,0.8315,0.6795,4.1891,4.808,2.404,16.305,4.2694,1.8018,26.069,4.5908,3.2434,6.7547,42.9315,2.6387,17.0474,65.7127,136.8225,140.9315,176.7442,0.0,60.5692,330.4348,214.3541,54.4234,1.6736,4.0589,0.3316,7.0795,12.8858,522.807,62.5793,0.0,26.600115265074077,3.2315,16.8576,0.25379999999999997,3.8037,4.307,3.165,6.7186,81.33,15.36,1.63,7.138,0.6653,74.6662,3.7552,2.0042,0.7933,0.1494,84.391,8.09,0.1901,3.2666,0.0747,3.0482,25.3161,534.0064,2.4764,9.57,0.3005,3.1047,0.1117,1.7921,12.1324,0.0153,3.0545,0.0338,0.0119,35.2148
-1.0,3017.5,2183.4556,1.1048,102.6978,1.47,-0.0092,0.0083,209.85114999999996,5.8718,420.8003,0.9563,200.15634999999997,12.4659,1.4119,-4494.5,-6779.0,1.2737,2.0303,7.352,69.3333,2.6222,0.1774,84.3585,8.7495,64.2234,65.9449,86.7325,78.13,4.063,361.3036,128.3655,725.6008,0.9441,139.1009,628.77,140.995,4.571,4.847,2904.0,0.9302,15.64135,357.8155,10.8499,104.1591,22.9055,24.2064,30.2922,695.3086,143.89,605.8645,88.9655,-0.0425,0.0099,-0.0695,0.0006,0.0851,0.0003,-0.0415,7.3253,0.1341,0.9676,1805.8033,0.1553,10084.500049999999,0.1914,-0.0279,-0.054,0.0329,0.4737,0.9276,889.5813,0.9867000000000001,55.696299999999994,0.5757999999999998,0.9798,6.3703,15.81,3.628,15.89,15.74,1.035,0.6217,3.133,-0.0946,0.761,2.3583,1007.05,70.0,181.0,179.7,65.1001,742.1091,0.5975,0.0946,0.0394,0.0365,0.0257,9.733,7.286,13.186,0.021,0.3,0.0517,579.0,17552.0,0.06,0.049,0.138,2.3,0.336,0.9352,0.0935,0.4883,0.26,0.9184,0.655,0.1004,3.99,12.28,29.741,0.52,11.28,6.29,16.48,50.619,0.0461,0.0462,0.1074,0.0605,0.0633,0.0534,0.0683,0.0477,3.7151,0.089,0.0046,129.1049,0.0709,599.0,0.0217,0.0097,0.120188138292432,0.0078,50.9205,4.8794,0.06409999999999999,0.3921,0.0746,2.7458,19.0952,79.1519,62.7825,0.2134,2.5917,0.0364,2.2255,0.0675,0.016,262.4481,153.7495,1073.1687,7964.89,0.0281,0.0226,0.0621,0.8276,0.0489,0.1032,0.3493,0.0383,0.1666,4.0226,0.2365,5.4041,0.0357,1.3364,3.7839,8.8675,0.1529,1.7625,1.5317,4.9362,13.7979,0.0126,0.0196,0.0443,0.0253,0.0178,0.0265,0.0371,0.021,1.1789,0.0274,0.0019,48.4591,0.0189,181.5014,0.02801905827358544,0.0029,15.2258,1.4381,0.0204,0.1346,0.0269,3.892,0.8531,3.1272,5.9983,6.8215,2.9815,77.0342,54.0784,6.4352,124.0842,3.1336,2.1936,2.4066,3.6646,57.7372,258.9172,4.7105,2.4135,1.877,3.3173,45.7627,79.4615,9.5611,1.1086,1.0684,0.7603,0.2056,3.2244,6.5049,2.5134,10.6375,2.8684,1.953,21.0937,4.6673,4.7927,9.8023,49.2459,2.3702,14.4191,56.8974,108.4387,81.6615,87.113,0.0,62.7313,0.0,115.009,50.7168,0.8947,3.8261,0.4724,7.1494,45.669,466.0661,89.6861,0.0,26.600115265074077,0.8419,5.5728,0.25379999999999997,8.8842,6.1552,3.165,6.7186,81.896,13.91,0.67,5.4206,0.2568,120.4405,3.4843,0.8181,0.2058,0.038,22.7192,4.04,0.191,1.5665,0.0737,1.5249,25.9372,531.6346,2.3149,8.3,0.2815,2.7495,0.0945,1.5612,12.1582,0.0082,1.624,0.0208,0.0149,71.5753
-1.0,2924.23,2196.6555,1.2188,101.89,1.3872,-0.0089,0.0028,197.6882,12.6325,414.5268,0.9604,187.2226,12.4247,1.4086,-5096.75,-2458.5,1.2412,2.0173,7.0305,63.2778,2.8222,0.2358,85.6626,9.1502,64.1871,66.6125,87.85059999999999,72.29,3.958,364.5536,132.8036,736.3145,1.2704,141.4727,638.83,196.9259,4.638,4.87,2892.0,0.9291,10.2109,359.7209,10.7789,103.0145,25.7227,29.7891,39.6865,696.6279,150.3718,613.1073,109.3441,-0.0619,-0.0448,-0.0648,0.0418,0.0872,-0.0244,-0.0311,7.0002,0.14920000000000003,0.9879,1765.7697,0.1888,8869.57,0.1005,0.026,-0.0432,0.0048,0.466,0.9402,763.7677,0.9903,59.0759,0.5887,0.9735,6.1175,15.79,3.609,15.85,15.8,0.9176,0.6274,3.565,0.6623,0.6956,2.3403,1012.1967,200.0,264.0,246.0,64.0999,480.957,0.1297,0.1229,0.0373,0.0284,0.0231,5.3491,9.41,7.103,0.0166,0.52,0.0805,591.0,4580.0,0.206,0.146,0.232,3.8,0.313,0.6135,0.0636,0.4658,0.2945,0.7314,0.568,0.1636,6.24,16.99,47.613,0.371,17.84,14.45,30.704,117.528,0.13,0.0492,0.0388,0.0492,0.0738,0.0258,0.0947,0.039,4.4626,0.0621,0.0023,112.108,0.0346,1321.5,0.0159,0.0104,0.0191,0.0308,104.5364,3.4781,0.047,0.3495,0.0699,2.3331,39.7319,85.1493,75.3749,0.0405,1.4215,0.0458,2.8275,0.1452,0.0313,257.6436,107.0296,1943.7007,2274.9408,0.0953,0.0653,0.0983,1.2235,0.0408,0.0962,0.2261,0.0244,0.0427,5.1929,0.1983,5.9225,0.0517,1.712,4.4315,12.1714,0.0988,3.8281,4.4047,8.8139,33.0896,0.0405,0.0228,0.0185,0.023,0.0221,0.0117,0.0515,0.0182,1.3405,0.0253,0.0008,37.695,0.0103,407.5895,0.0047,0.0084,34.072,1.0405,0.0163,0.1123,0.0262,2.7696,0.8687,9.053150000000002,9.028,9.7182,2.9181,45.1098,10.6427,8.8594,74.4901,1.7135,1.7284,4.1852,5.7136,85.0934,186.2925,16.5962,7.2376,3.2999,6.0053,31.8898,53.4402,9.6738,0.7162,0.6953,0.7257,0.6795,4.9759,4.8116,2.7222,12.8788,4.4107,2.6595,24.1781,4.5908,3.4419,7.863,69.3551,4.4075,17.7485,107.4845,209.995,134.8869,75.9846,176.5286,29.5702,387.3211,125.4019,63.7491,4.941799999999999,2.5681,0.228,6.349,18.3413,0.0,93.3333,800.0,4.0933,3.2721,13.6869,0.0489,5.8874,5.7127,2.9848,6.3787,81.756,19.05,1.61,9.1163,0.6061,81.0664,4.7381,1.9693,0.3013,0.0729,33.7804,6.604435783172783,0.13885015132975373,2.8058735308219793,0.05479056471818643,2.4819841600718213,21.19773949821056,532.6609,2.1807,11.39,0.6164999999999999,3.8566,0.18730000000000002,2.1383,28.50255,0.0115,2.292,0.0058,0.0169,255.5817
-1.0,3023.86,2172.3666,1.3622,97.2633,1.4712,-0.015,0.0056,199.5552,10.0725,406.1241,0.9741,190.1786,12.4743,1.4089,-3916.25,884.75,0.8938,1.8005,3.3085,66.0556,2.3667,0.1933,84.7166,8.8388,64.1968,65.9055,85.73010000000001,76.67,4.07,359.0955,129.4836,725.8835,1.3138,142.5836,631.1627,176.2176,4.594,4.865,2891.0,0.9318,-13.713149999999999,352.5709,11.1129,94.5763,28.095450000000003,33.141349999999996,42.99620000000001,678.9608,148.6427,591.5455,116.1185,-0.0284,0.0089,-0.0084,0.0037,-0.0236,-0.056650000000000006,0.035,7.3495,0.1302,0.9899,1838.962,0.1923,8981.22,-0.0514,0.0019,0.0304,0.1395,0.4739042349124942,0.9467,757.9842,0.9902,59.5307,0.5949,0.9757,6.352,15.854946453583231,3.258414544542368,15.894129178106226,15.820574773613437,1.0761787965140273,0.5518041484663518,3.2310412872150156,-0.11331767511442425,0.7495568046681118,2.3324922596740225,1006.585710288219,90.0,160.1,156.8,60.2,394.104,0.4287,0.0765,0.0228,0.0511,0.0141,10.0135,8.374,8.905,0.0095,0.2,0.0652,2060.5,250.0,0.077,0.052,0.094,2.6,0.104,0.8333,0.0324,0.585,0.3804,1.013,0.619,0.1627,4.22,12.8,84.727,0.256,9.09,10.84,18.155,101.635,0.088,0.056,0.12045,0.0597,0.075,0.0842,0.0931,0.0983,3.5778,0.08,0.0009,147.9226,0.0401,1177.4004,0.0319,0.03420000000000001,0.06293074966514595,0.0194,143.7206,2.2393,0.0496,0.2867,0.07141055854857425,3.8835506377796447,23.8239,59.7073,57.2154,0.158,2.5122,0.0277,2.6569,0.0555,0.0223,912.5788,362.3189,140.4644,126.1649,0.0344,0.0231,0.0384,0.8308,0.0342,0.0305,0.3058,0.0156,0.0962,4.9213,0.1915,4.788,0.0559,1.5372,4.6647,27.3267,0.0861,3.625,3.0699,5.3973,33.0829,0.0283,0.0243,0.055099999999999996,0.0304,0.0228,0.0466,0.0392,0.05,1.2725,0.0252,0.0003,45.8845,0.0126,412.5997,0.011530423224974577,0.0071,49.8452,0.7165,0.0159,0.1042,0.024848801571005094,6.954905662518968,1.28595035825107,4.2156,5.2946,6.4451,2.7712,22.4904,31.4696,5.1997,83.1369,2.1927,0.9767,1.6033,4.6264,8.6562,28.2566,8.6154,2.8881,2.8412,3.9361,33.8028,50.6897,2.8558,0.9836,0.3666,0.9113,0.3464,3.7845,6.302,2.3504,12.3872,2.9597,2.028,48.0809,9.842500000000001,2.3036,12.0888,22.9446,2.6739,20.1396,87.527,309.3826,192.6053,712.8358,0.0,357.158,154.2668,280.8571,48.6809,2.8425,3.3766,0.0884,8.0438,20.8314,0.0,52.0179,0.0,13.29120983705447,2.0516,18.9609,0.1153,3.7615,4.5136,3.053308555870374,10.033731561478415,75.198,12.26,0.69,5.612,0.2811,74.3983,3.097,0.9176,0.2605,0.0557,27.1584,9.22,0.136,4.1037,0.0505,3.4792,17.8027,523.4991,1.8204,6.43,0.2673,2.3013,0.0848,1.2283,14.6817,0.01,1.989,0.0058,0.0169,255.5817
-1.0,3020.46,2242.2444,1.4215,99.9944,1.4845,-0.0079,-0.0004,200.0653,3.4456,415.2112,0.9709,190.3154,12.4961,1.4032,-3602.25,-4353.5,1.2675,1.9682,7.0653,63.9,2.5444,0.196,83.8746,9.2658,64.3328,66.594,87.85059999999999,73.32,2.051,363.69,133.5045,734.1486,0.9593,139.0027,636.1973,63.6046,4.603,4.866,2899.0,0.932,15.64135,361.5309,10.3071,115.7209,12.64,17.7836,23.5906,710.5581,146.3055,623.5573,108.4902,-0.0347,0.0008,-0.0423,0.0389,0.0817,-0.0075,0.0419,6.8252,0.1297,0.9905,1853.1865,0.1601,8705.1401,0.0341,0.0512,0.0021,0.1012,0.4668,0.9511,753.0848,0.9907,59.1721,0.5962,0.9647,6.47,15.72,3.937,15.77,15.74,1.097,0.656,3.085,-0.0473,0.7304,2.3497,1000.0948,84.0,182.6,187.1,81.4001,741.21,1.0612,0.0732,0.0415,0.0412,0.0149,9.6035,4.58,16.523,0.0101,0.56,0.064,180.0,10875.0,0.151,0.125,0.167,3.6,0.51,0.6716,0.1856,0.5349,0.3241,0.6378,0.728,0.1219,6.08,9.27,13.551,0.69,11.41,5.35,23.2,69.369,0.0521,0.0688,0.0315,0.0713,0.0521,0.0684,0.0878,0.1163,5.3646,0.0765,0.0008,150.7551,0.0147,930.5996,0.0173,0.0107,0.0224,0.0214,91.3962,1.9131,0.0379,0.4916,0.0831,3.72,22.0976,66.3046,70.1645,0.36060000000000003,2.2961,0.0332,1.607,0.1496,0.0226,74.6458,228.3979,336.4297,4983.8197,0.07,0.0518,0.0792,1.0392,0.0419,0.1751,0.2601,0.0812,0.0753,4.0774,0.1924,6.2297,0.0324,1.8983,2.8634,3.7145,0.1918,1.6577,1.6664,6.3973,25.9468,0.0167,0.0282,0.0144,0.0346,0.0145,0.0281,0.0463,0.0527,2.0901,0.0255,0.0003,52.9757,0.0046,296.3329,0.0051,0.0063,28.1738,0.6253,0.0115,0.1606,0.0314,5.3196,1.2374,3.8965,6.0454,7.5509,3.6303,43.711,64.9361,4.931,132.9217,3.9794,1.0448,4.4814,4.563,21.5143,249.799,11.9132,6.3508,2.3637,5.6338,74.6725,56.6327,15.5752,0.8007,2.0033,0.8315,0.6795,3.2775,6.1496,2.9313,12.7068,4.374,1.4571,21.3051,5.6673,6.6944,7.2761,90.2687,3.265,15.2394,63.9403,149.982,119.1342,168.3589,133.9116,83.6953,0.0,277.7313,78.6005,2.5443,3.2166,0.0805,8.1349,9.2119,613.6201,104.2424,421.8182,4.8043,2.2538,12.1362,0.0963,3.2332,7.5984,3.5363,9.4854,76.2171157298763,17.267252764090163,1.2813086376432978,7.626386398055932,0.5113458736831733,64.00605291902963,4.2673731984088965,1.6687568609979824,0.5777,0.0863,59.3942,4.96,0.2317,2.1829,0.0987,1.9353,22.6166,523.3110000000001,2.4894,15.390000000000002,0.4809,5.3345,0.177,2.8874999999999993,19.3194,0.0138,2.7605,0.0058,0.0169,255.5817
-1.0,3035.71,2222.3222,1.5099,99.6944,1.3325,0.0067,0.0098,202.5176,6.1052,402.1135,0.9594,192.7696,12.4371,1.3981,-3895.5,5889.0,1.292,1.9685,7.132,63.3778,2.6889,0.2209,83.8746,9.2658,64.3328,66.594,87.85059999999999,73.32,2.051,360.7909,126.2727,725.7848,1.3641,148.5018,635.5655,210.1446,4.641,4.88,2864.0,0.9326,15.64135,357.3909,10.6033,112.1091,16.1428,14.1636,19.9565,705.8283,149.9227,619.4227,59.5782,-0.0502,0.0018,-0.067,-0.0014,-0.0852,-0.0093,-0.0527,7.2412,0.1322,0.9903,1871.286,0.1586,8589.3499,0.1626,-0.0549,-0.0237,0.0636,0.4549,0.9503,739.4041,0.9867000000000001,57.2036,0.5961,0.9601,6.6311,15.7,3.653,15.74,15.7,1.272,0.6641,3.193,0.3311,0.7636,2.3524,1001.6031,119.0,67.7,101.9,52.8,176.234,0.3227,0.0844,0.0424,0.0371,0.0216,6.7214,3.932,16.379,0.0199,0.5,0.0655,570.0,14794.0,0.115,0.088,0.164,5.1,0.23,0.6716,0.1856,0.5349,0.3241,0.6378,0.397,0.0774,5.09,8.96,51.688,0.182,11.2,4.2,23.457,35.433,0.0623,0.0461,0.0241,0.0532,0.0527,0.0961,0.1044,0.0381,4.8162,0.0765,0.0014,154.059,0.0155,726.7002,0.0206,0.0134,0.1115,0.0257,77.9423,5.3078,0.0212,0.3454,0.0874,4.0441,30.9957,26.1535,30.9622,0.0977,2.5104,0.0328,1.3044,0.1392,0.0239,242.0708,96.8642,742.8506,7398.8299,0.0556,0.0367,0.0823,1.4763,0.0343,0.0875,0.2601,0.0812,0.0753,4.7194,0.1368,6.3071,0.0225,1.4489,3.4697,14.2391,0.0559,1.3482,1.8744,7.0344,10.414,0.0188,0.0195,0.0124,0.0251,0.017,0.0504,0.055,0.019,1.5833,0.0255,0.0005,46.3545,0.006,245.8919,0.0156,0.008,26.0117,1.7387,0.0067,0.1132,0.0302,4.1066,1.4085,5.3672,2.2301,3.9692,2.3759,10.4966,21.371,6.334,64.4043,4.0732,2.0754,4.0202,4.6872,43.332,251.2141,8.9009,4.4704,2.2995,7.862050000000002,59.5041,43.008,7.0856,0.8007,2.0033,0.8315,0.6795,3.9885,4.3715,2.9175,5.6775,3.4276,1.4098,24.5964,5.0769,1.7165,4.9059,69.381,3.3233,38.862,59.4731,124.2273,122.688,79.3438,0.0,112.7934,0.0,72.2275,66.5114,1.5126,3.2166,0.1379,8.2328,9.7459,861.0442,46.9751,569.4915,24.5079,2.7007,10.5412,0.25379999999999997,9.2788,5.0969,3.7152,10.1533,76.85873030348213,16.97432418338185,1.2685747325057342,7.553674554936518,0.5138134889342145,59.251564338093736,4.213752489150311,1.6104473597189235,0.1456,0.0334,15.8112,3.64,0.094,1.5278,0.0416,1.3827,13.3978,535.6018,2.0446,11.32,0.2306,3.9875,0.0752,2.1135,11.2782,0.0255,5.1526,0.0058,0.0169,255.5817
-1.0,2917.86,2178.1444,1.226,101.0956,1.4704,0.0024,0.0124,197.6029,4.111,397.7479,0.97,186.8457,12.4371,1.3962,-3795.6667,1481.25,0.9855,1.8835,5.1567,67.6556,3.0889,0.2052,85.4579,8.6667,64.2122,66.0973,86.9255,63.93999999999998,4.866,357.5382,124.9809,719.4866,1.3589,145.7036,628.2227,198.1275,4.527,4.731,2906.0,0.933,15.64135,355.9845,10.396,110.94,15.3845,14.0409,21.3459,698.1407,145.9136,612.8382,84.4158,-0.0461,0.0027,-0.0331,0.057850000000000006,-0.0721,-0.0475,0.0446,6.4821,0.1274,0.9853,1849.4837,0.2034,8429.3201,-0.0258,-0.0009,0.0012,-0.0745,0.4713,0.9586,717.1922,0.9905,58.6701,0.5958,0.9744,6.2275,15.7,3.653,15.74,15.7,1.272,0.6641,3.193,0.3311,0.7636,2.3524,1001.6031,127.0,110.9,87.1,61.5,306.759,0.0797,0.0815,0.056,0.0495,0.0215,8.4854,3.516,14.492,0.0147,0.5,0.0866,131.0,28.0,0.092,0.078,0.133,3.7,0.112,0.9365,0.132,0.4569,0.2885,0.8603,0.592,0.1403,6.97,8.38,50.085,0.573,11.49,5.08,19.49,93.799,0.1596,0.0552,0.0516,0.0841,0.084,0.0861,0.0474,0.0888,4.7471,0.0542,0.0045,150.0721,0.0886,995.0005,0.0369,0.011,0.0667,0.0218,96.4305,2.296,0.0255,0.4254,0.0874,4.0441,31.3971,39.7131,33.8221,0.0256,2.0861,0.031,1.3716,0.1392,0.026,55.4527,262.5432,648.665,13.4009,0.0398,0.0336,0.0577,1.037,0.0218,0.0379,0.3615,0.0519,0.0767,3.7323,0.1871,4.571,0.05,2.0312,2.6279,13.1301,0.1774,1.3659,2.0364,6.1354,29.1152,0.0418,0.0244,0.0265,0.0414,0.0255,0.0452,0.0198,0.0471,1.4941,0.0173,0.0015,46.9563,0.0244,293.3331,0.0141,0.0079,29.2123,0.6859,0.0079,0.133,0.0302,4.1066,1.4085,5.8347,3.8007,3.4968,2.8235,28.5486,6.4988,5.5428,85.5266,3.6435,1.5155,4.0202,6.2038,33.9071,1.8903,9.3354,4.1412,2.5791,5.4689,19.4245,32.1603,2.3896,1.0959,1.5234,0.7115,0.1857,3.7003,6.1769,2.2554,10.3278,4.7837,1.3339,25.2792,5.0374,5.5117,6.2466,74.6856,2.7917,11.8576,111.1154,346.2978,141.9936,253.8868,121.8385,119.5003,99.7895,199.1031,73.233,1.2557,2.2227,0.4614,8.1143,43.548,0.0,64.1711,0.0,14.1537,2.2713,13.4456,0.085,3.9133,6.8313,3.7152,10.1533,81.39,19.48,1.57,8.5329,0.7366,82.7319,4.8644,1.929,0.3311,0.0895,32.8864,4.74,0.0858,1.8711,0.0336,1.8339,10.8972,531.3545,2.438,6.29,0.3894,2.1771,0.1027,1.1838,15.9735,0.026000000000000006,5.2102,0.0058,0.0169,255.5817
-1.0,3044.46,2178.1444,1.226,101.0956,1.3714,0.0037,0.007,197.7226,13.1215,405.3276,0.9796,187.7887,12.5849,1.3889,-3100.5,1451.0,0.9595,1.8888,4.979,63.5778,3.3333,0.2327,84.5407,9.1638,64.2232,66.7256,87.85059999999999,74.21,2.963,362.8373,128.5527,729.7445,1.2876,143.1736,634.5636,208.6389,4.603,4.866,2899.0,0.932,15.64135,361.5173,10.3363,112.4391,15.2672,16.1136,23.7582,705.9863,145.34,619.2964,120.9955,-0.0564,-0.0078,-0.0261,0.057850000000000006,-0.0021,-0.0423,0.052,6.9109,0.1274,0.9875,1839.6873,0.1767,8474.25,0.0229,-0.0149,0.0216,0.0024,0.4651,0.9512,742.1122,0.9905,58.9705,0.5993,0.9703,6.2027,15.74,3.901,15.75,15.74,1.021,0.6256,3.018,-0.3784,0.7429,2.3471,1004.4356,89.0,74.7,109.0,61.5,306.759,0.0797,0.1399,0.0396,0.0459,0.006,8.2914,5.24,4.02,0.0051,0.28,0.0762,691.0,134.0,0.09,0.104,0.138,4.0,0.206,0.5614,0.0776,0.6004,0.3236,0.6467,0.579,0.1637,2.78,14.04,59.777,0.271,18.53,6.0,24.508,29.324,0.1282,0.0841,0.0377,0.0653,0.1041,0.0349,0.0461,0.0981,2.9401,0.0799,0.003,149.9529,0.0565,1857.2002,0.017,0.0133,0.058,0.0439,188.29,2.3168,0.0246,0.3322,0.0734,3.2236,26.8857,23.0563,37.7421,0.0256,2.0861,0.0491,1.6883,0.0814,0.0231,282.5684,327.1605,1063.5116,61.8601,0.0438,0.0441,0.0597,1.1584,0.0234,0.0596,0.2238,0.033,0.0915,4.3832,0.1641,6.3297,0.0501,1.0163,4.1175,18.6391,0.0841,1.9873,2.3398,7.5672,11.5561,0.0395,0.0367,0.0195,0.0326,0.0317,0.0166,0.0191,0.0461,0.9341,0.0257,0.0009,44.8463,0.0192,724.6519,0.0089,0.0168,70.5821,0.7061,0.0093,0.1224,0.0275,5.2856,1.0148,4.1794,2.4536,4.3642,2.8235,28.5486,6.4988,10.2015,39.9346,0.9918,0.5256,2.2249,5.4857,74.8266,9.235,9.3799,5.5063,2.7716,6.2915,21.0,30.9456,4.5014,0.6641,0.8463,0.9349,0.6795,3.7923,6.4643,2.9018,12.7114,1.9417,2.2125,28.6509,5.6673,2.6218,5.4252,121.3711,3.4715,12.9853,24.2356,227.1539,87.1277,249.9522,177.4747,0.0,108.9835,188.6538,42.5432,1.2557,3.2523,0.3076,8.151,32.0029,622.2222,83.3747,0.0,12.474,4.6142,25.3722,0.1305,3.9287,5.3559,3.1272,8.2326,77.97721787735051,17.230844643598044,1.2838110040001147,7.993510829068096,0.5274985093570124,61.57004789335222,4.24354096408021,1.6265182634758675,0.5777,0.0863,59.3942,8.0,0.1373,3.3835,0.0503,3.2826,16.9639,531.6273,2.2843,11.73,0.3447,4.2207,0.12,2.2064,15.0908,0.0183,3.627,0.0058,0.0169,255.5817
-1.0,2959.65,2171.9,1.3811,99.22,1.4523,-0.0032,0.0093,198.3949,3.0397,427.7382,0.9705,188.6829,12.5698,1.4177,-2798.0,1538.75,0.9842,1.8873,5.187,67.3111,2.5667,0.203,85.4138,9.97415,64.2949,66.2426,87.489,63.93999999999998,4.819,360.1927,127.1355,721.4682,0.9439,136.67,623.9982,68.7539,4.581,4.809,2894.0,0.9332,15.64135,358.2218,10.3365,110.1718,10.0091,16.9636,23.0148,698.4534,145.5955,613.9891,65.2635,-0.0474,0.0171,-0.0353,0.057850000000000006,-0.0823,0.0054,0.0387,7.8111,0.1353,0.9636,1881.9657,0.1608,8716.89,-0.0419,-0.0242,0.0522,-0.0927,0.4707,0.9416,756.0871,0.9907,58.9202,0.5972,0.9691,6.1809,15.7,3.653,15.74,15.7,1.272,0.6641,3.193,0.3311,0.7636,2.3524,1001.6031,125.0,232.5,222.2,44.8,169.5431,0.4018,0.0431,0.042,0.0499,0.0234,8.6258,3.584,14.027,0.0139,0.8700000000000001,0.0903,484.0,24.0,0.137,0.109,0.074,3.3,0.199,0.7461,0.1276,0.5853,0.404,0.9077,0.719,0.1343,4.45,14.15,22.902,0.838,12.51,6.77,24.196,73.966,0.1308,0.0329,0.0684,0.0562,0.0906,0.0824,0.1179,0.0842,2.324,0.0654,0.0131,138.3851,0.0412,1576.8003,0.0246,0.0175,0.0568,0.0314,160.6057,2.3795,0.0349,0.4002,0.0874,4.0441,31.1663,85.9179,71.0416,0.1579,1.8979,0.0146,1.3907,0.2202,0.0279,207.2768,335.9379,2069.6275,10.9354,0.0563,0.0448,0.032,1.0553,0.0193,0.0597,0.3026,0.0498,0.0847,5.6844,0.2131,5.5001,0.0378,1.4323,4.3682,6.4675,0.2764,2.1155,3.0014,7.108,24.5195,0.0369,0.0144,0.0323,0.0284,0.0284,0.0401,0.0544,0.0434,0.8995,0.0205,0.0046,49.5449,0.0133,600.7324,0.0113,0.0122,60.1804,0.7726,0.0116,0.1323,0.0302,4.1066,1.4085,5.8044,7.8557,8.623,2.0627,9.3573,29.0909,2.9676,117.9053,3.2793,1.4308,6.94175,6.3725,169.0136,1.5597,13.9192,5.7756,1.4266,4.9026,35.0649,27.0936,4.2465,0.8735,1.1639,0.9103,0.2119,5.5304,8.6207,2.7633,14.2273,3.256,2.2676,33.3101,5.4007,8.1072,8.4777,124.9861,3.4642,46.6331,113.3343,275.9858,131.996,159.0941,137.5202,100.1519,0.0,217.7117,29.7531,2.0688,2.6906,1.3638,7.3532,25.619,0.0,56.0886,0.0,12.0668,3.333,21.2417,0.0815,4.0385,6.4742,3.7152,10.1533,81.518,19.16,1.82,9.1432,0.7867,114.6547,4.7722,2.2326,0.3463,0.0644,35.3519,2.34,0.1264,1.1631,0.0502,0.8982,17.565,531.8255,2.0893,7.95,0.4383,2.9281,0.1203,1.4949,20.9802,0.0141,2.8074,0.0058,0.0169,255.5817
-1.0,2936.3,2181.1555,0.9454,101.3611,1.3809,-0.0025,-0.0149,197.7873,10.7997,405.0256,0.9744,188.3271,12.5386,1.4071,-4245.0,1396.75,0.9737,1.8785,4.9505,63.8444,3.2667,0.2141,84.5407,9.1638,64.2232,66.7256,87.85059999999999,74.21,2.963,362.9736,130.1091,729.8999,1.0037,140.15,633.2327,60.0603,4.603,4.866,2899.0,0.932,15.64135,362.5582,10.3173,112.8509,12.5572,17.2582,22.7338,707.1661,145.2664,620.6755,105.0945,-0.0401,-0.0682,-0.0365,0.057850000000000006,0.065,-0.0159,0.0177,6.1047,0.1337,0.9683,1798.3583,0.1681,8969.7399,0.0059,-0.0549,-0.0389,-0.0719,0.4712,0.9454,771.7988,0.9905,59.1747,0.5889,0.9643,6.4027,15.79,3.609,15.85,15.8,0.9176,0.6274,3.565,0.6623,0.6956,2.3403,1012.1967,94.0,133.3,153.3,63.5,399.29,0.26,0.0974,0.0421,0.0414,0.0147,9.0212,8.023,19.293,0.0094,0.23,0.0548,367.0,108.0,0.08,0.076,0.115,3.8,0.104,0.5614,0.0776,0.6004,0.3236,0.6467,0.745,0.1271,5.84,12.72,16.807,0.574,14.14,6.61,21.549,61.973,0.1244,0.0571,0.0316,0.0844,0.0965,0.0761,0.0994,0.1137,4.3407,0.0509,0.0024,72.5948,0.0425,1061.1992,0.0204,0.018,0.0421,0.0197,106.2281,2.8937,0.0176,0.4928,0.0699,2.3331,25.5771,48.8354,51.4013,0.081,2.4709,0.0303,2.3593,0.063,0.0208,168.8481,285.5058,622.7493,52.5571,0.0327,0.0329,0.053,1.1126,0.0208,0.0311,0.2238,0.033,0.0915,4.8832,0.2871,6.6792,0.0392,1.6582,3.7588,5.2835,0.1443,2.0671,2.1602,6.4622,22.1917,0.0351,0.0262,0.015,0.0381,0.0274,0.0433,0.0517,0.0614,1.5573,0.0188,0.0009,20.4368,0.0132,296.811,0.0072,0.0068,33.8471,0.9281,0.0058,0.1534,0.0262,2.7696,0.8687,4.1605,4.5397,6.1983,2.9113,40.3827,27.5014,7.0534,74.2889,4.7634,0.9691,1.8343,3.8925,31.119,7.7322,8.2157,4.0458,2.323,5.952,27.551,35.9626,2.2751,0.6641,0.8463,0.9349,0.6795,4.3447,7.0018,3.1299,12.6662,4.167,2.0087,27.9836,5.6673,5.5635,7.2308,112.6044,3.0472,18.9352,58.9688,309.8381,140.9877,230.9166,133.2643,117.0319,624.1758,642.3729,71.1039,2.0937,2.1145,0.2439,4.0367,25.3108,827.5862,46.9636,189.8305,8.9296,2.0873,13.7637,0.0518,4.8901,7.6969,2.9848,6.3787,73.084,20.08,0.9,10.0572,0.343,70.9438,4.9624,1.2315,0.3431,0.073,37.1908,5.62,0.1898,2.1479,0.0765,2.1508,23.0494,535.1736,2.4707,9.84,0.3066,3.4939,0.0893,1.8387,12.4093,0.016,3.1484,0.0058,0.0169,255.5817
-1.0,3001.41,2224.4778,1.2834,101.8267,1.5668,-0.0074,-0.0074,202.3423,12.2894,407.8117,0.9607,192.2742,12.5816,1.3955,-4445.75,1417.75,0.9848,1.8815,5.0388,65.9556,2.9333,0.1973,86.1197,9.043,63.8744,65.8445,86.5358,78.68,2.096,361.0745,140.1782,743.6618,1.2794,137.7755,639.0282,208.5955,4.676,4.941,2841.0,0.931,-9.2836,358.3055,10.5601,110.8945,22.15,29.2836,39.6517,704.0101,147.6782,616.8782,85.7849,-0.028,0.0115,-0.0436,-0.0065,-0.0088,-0.0228,-0.0012,7.5609,0.1286,0.982,1736.023,0.2026,9375.7899,-0.041,0.0409,-0.0021,0.0679,0.4487711568315027,0.9462,779.7311,0.9904,59.8628,0.5935,0.9665,6.226,15.81,3.877,15.84,15.78,1.097,0.6482,3.024,-0.615,0.7675,2.3407,1009.46,81.0,64.6,74.1,69.8999,193.213,0.1444,0.1105,0.0386,0.0455,0.0179,9.1314,5.243,4.04,0.0167,0.4,0.039,415.0,23.0,0.115,0.084,0.124,2.3,0.138,0.6523,0.1477,0.5788,0.3169,0.7077,0.562,0.183,9.12,25.58,67.276,0.339,22.45,10.29,28.28,89.844,0.0606,0.0746,0.0458,0.0619,0.0625,0.0725,0.091,0.0467,3.6893,0.0622,0.013699999999999999,214.1407,0.0769,2322.228871323444,0.0158,0.0114,0.053985777256488454,0.0154,69.8972,2.7883,0.0333,0.2902,0.0921,4.1005,21.1516,18.9025,24.3706,0.0402,2.5492,0.0337,1.8179,0.1026,0.0136,171.543,271.3798,950.5217,11.0868,0.0505,0.0352,0.0638,0.9632,0.0251,0.0523,0.2721,0.0539,0.1463,6.4762,0.1884,10.8672,0.0588,2.6862,8.3434,19.9056,0.1307,2.5349,2.7423,9.0482,32.8805,0.0174,0.0309,0.0196,0.026,0.0191,0.0338,0.0465,0.0201,1.3632,0.0206,0.0046,65.8109,0.0221,767.29565,0.010791701495797055,0.0055,21.3902,0.8664,0.011,0.1023,0.0336,3.8568,1.5012,3.6765,2.1523,2.8709,3.1423,19.4203,11.2533,7.0526,42.6629,0.9907,1.7361,3.1792,2.7941,48.2033,1.6223,11.6781,4.4645,2.4609,3.4872,23.8636,31.4189,2.9716,0.7574,1.6333,0.9062,0.2082,4.6611,8.7603,4.9684,14.3051,6.6195,4.003,32.2519,5.7675,3.2102,5.1581,101.3544,4.017,26.9478,104.7317,216.4769,397.8667,141.8911,968.0542,826.2108,398.6857,0.0,48.7944,2.0995,2.6045,1.3944999999999999,12.3351,37.9818,452.6055,118.77044999999998,618.1818,12.714221666207393,1.6304,8.9643,0.0901,4.6578,4.6606,3.935,10.7295,77.68776263981297,16.98621304138869,1.2492593076316703,7.953924747589597,0.5267745739773309,39.424957942187405,4.189588012103198,1.6100852602640188,0.5784,0.1201,57.5388,5.76,0.1452,2.3786,0.0595,2.2195,15.691,534.5045,2.4213,10.13,0.2431,3.5979,0.0833,1.8952,10.039,0.0165,3.2844,0.0058,0.0169,255.5817
-1.0,3072.73,2224.4778,1.2834,101.8267,1.4491,0.0015,-0.0036,202.4693,10.3889,402.1235,0.963,192.3068,12.5816,1.4071,-4781.3333,1568.75,0.9765,1.888,5.0425,65.8333,3.1111,0.2208,86.1197,9.043,63.8744,65.8445,86.5358,78.68,2.096,360.5664,138.93,742.4229,1.3221,138.3273,637.8236,204.9153,4.676,4.941,2841.0,0.931,-13.713149999999999,354.5373,10.9705,100.9964,28.095450000000003,33.141349999999996,42.99620000000001,692.4012,153.1991,608.7327,88.3503,-0.0248,0.028,-0.0296,0.0047,-0.0119,-0.0219,-0.0001,8.0649,0.1364,0.9829,1758.887,0.198,9314.2001,-0.0082,0.0326,-0.0664,-0.0032,0.4675198755162786,0.9261,777.1834,0.9903,59.8788,0.6051,0.9683,6.2363,15.81,3.877,15.84,15.78,1.097,0.6482,3.024,-0.615,0.7675,2.3407,1009.46,93.0,146.8,78.3,69.8999,193.213,0.1444,0.1367,0.0682,0.0607,0.0167,8.8686,6.351,8.864,0.0157,0.4,0.0606,330.0,127.0,0.07,0.056,0.145,3.8,0.096,0.6523,0.1477,0.5788,0.3169,0.7077,0.634,0.2318,5.4,23.99,62.771,0.137,21.2,6.23,28.048,76.651,0.0752,0.0499,0.0326,0.0387,0.0701,0.0501,0.0972,0.0367,3.366,0.0535,0.002,168.998,0.0646,609.5996,0.0173,0.0147,0.0637206927096661,0.0507,244.27409999999998,2.2746,0.0285,0.3379,0.0921,4.1005,23.4124,48.5581,24.972,0.0402,2.5492,0.0421,1.838,0.1026,0.0223,148.1517,134.8885,1736.0211,57.4536,0.0332,0.0258,0.0605,1.118,0.0283,0.031,0.2721,0.0539,0.1463,6.2982,0.2295,10.3165,0.0621,1.6865,7.4446,19.865,0.0465,1.6856,1.8844,9.1343,29.084,0.0237,0.0226,0.0143,0.0164,0.0239,0.0211,0.0513,0.0157,1.1409,0.0178,0.0005,53.6741,0.0188,155.1024,0.01182314830324073,0.018000000000000002,74.6111,0.7059,0.0086,0.121,0.0336,3.8568,1.5012,4.2104,4.7775,3.026,3.1423,19.4203,11.2533,9.4335,61.1325,2.2043,1.6353,3.1792,4.3059,68.4746,8.0956,7.1685,2.9661,2.8756,5.7722,22.5,39.4061,2.0691,0.7574,1.6333,0.9062,0.2082,5.1918,7.2051,4.4041,17.5297,3.9038,3.7612,30.6327,5.7675,1.2488,6.4458,72.8751,4.0508,29.3084,86.7581,303.3787,254.917,130.5228,0.0,420.1258,443.3295,0.0,41.737,2.0535,2.1757,0.1992,9.6082,32.6166,0.0,103.8674,731.4286,11.341661153358231,5.4705,33.17265000000001,0.1247,3.7986,5.4188,3.935,10.7295,74.144,13.13,0.41,5.8409,0.1491,38.6414,3.2704,0.553,0.1649,0.0405,17.4245,5.04,0.1864,2.3832,0.0713,1.932,20.1018,534.5045,2.4213,10.13,0.2431,3.5979,0.0833,1.8952,10.039,0.016,3.196,0.0058,0.0169,255.5817
-1.0,2989.63,2196.6555,1.2188,101.89,1.4921,-0.0113,0.0136,198.8279,12.0343,424.5715,0.9703,188.3518,12.5698,1.4117,-5198.5,1407.0,0.9715,1.8873,5.0235,62.9667,3.3444,0.2198,84.5407,9.1638,64.2232,66.7256,87.85059999999999,74.21,2.963,361.97,129.2255,729.4859,1.2735,143.0491,634.2445,196.5611,4.603,4.866,2899.0,0.932,15.64135,360.5254,10.3551,112.7864,16.67,16.4391,24.1144,705.3715,144.2627,617.5745,90.1894,-0.0509,-0.0332,-0.0494,0.057850000000000006,0.0049,-0.0184,0.0218,7.5721,0.1307,0.9879,1791.6509,0.1507,8868.1001,-0.0078,-0.014,0.0472,0.0454,0.4672,0.9516,750.6253,0.9908,58.9956,0.597,0.9641,6.4456,15.79,3.742,15.85,15.79,1.021,0.6737,3.149,0.0946,0.779,2.3505,1010.4211,77.0,154.5,144.5,64.0999,480.957,0.1297,0.1357,0.0372,0.10045,0.0246,11.4503,15.976000000000003,3.99,0.0155,0.8700000000000001,0.0342,497.0,127.0,0.129,0.094,0.099,3.6,0.237,0.5614,0.0776,0.6004,0.3236,0.6467,0.571,0.1139,4.0,12.48,72.961,0.37,10.63,6.04,21.725,69.988,0.1603,0.0521,0.0441,0.1262,0.0892,0.0869,0.0998,0.069,3.6709,0.0729,0.0014,118.7822,0.0207,1162.8994,0.0192,0.0182,0.0516,0.0107,101.7717,2.3197,0.0192,0.4505,0.0836,1.987,20.3137,57.4961,58.1612,0.0405,1.4215,0.0464,4.4441,0.2202,0.0119,203.2312,315.9888,5561.9403,59.2565,0.0548,0.0398,0.0442,1.0747,0.0202,0.0738,0.2238,0.033,0.0915,4.7793,0.1526,5.8079,0.0372,1.1426,3.328,20.053,0.1213,1.8819,2.1261,6.0943,21.6892,0.0424,0.0229,0.02,0.0555,0.0269,0.0453,0.0491,0.0329,1.2202,0.0228,0.0004,36.8602,0.0073,372.1781,0.0087,0.004,32.3582,0.7762,0.0062,0.1504,0.0286,3.0082,0.6652,3.5472,5.1679,6.1106,2.9181,45.1098,10.6427,9.0949,133.2444,0.9398,1.5945,6.94175,2.4247,254.8812,9.0263,13.2784,4.9808,1.9707,5.7173,17.9402,27.3003,5.1668,0.6641,0.8463,0.9349,0.6795,3.6384,5.8812,2.7685,8.9443,2.7962,1.9677,37.1187,5.6673,3.5731,8.3787,63.7675,3.0799,14.2926,77.6012,315.0473,0.0,255.2073,152.4949,0.0,543.1293,315.7895,48.479,3.0612,3.0844,0.1426,6.6298,13.7291,0.0,78.6885,0.0,11.0531,1.1231,13.5583,0.1093,3.9321,6.9893,3.5553,5.2422,76.7784668961076,17.33219087247581,1.2688916765924296,8.027949123601413,0.5175984503389126,65.78984887858863,4.2745051861579535,1.6350079927932815,0.5777,0.0863,59.3942,6.3,0.2508,2.5039,0.1041,2.4189,30.0429,539.0418,2.5479,8.84,0.5306,2.7997,0.1655,1.64,20.8257,0.0117,2.3099,0.0348,0.0109,31.2736
-1.0,3027.1,2222.3222,1.5099,99.6944,1.4149,-0.0041,0.0036,198.1227,11.1383,401.5993,0.9717,187.993,12.4743,1.4158,-2018.0,146.75,0.67205,1.7109999999999996,1.522,64.0778,2.1889,0.1834,84.0432,8.7487,64.3732,66.6566,87.85059999999999,63.93999999999998,5.041,349.6246,129.8027,718.6354,0.9483,141.1527,620.58,127.4061,4.575,4.848,2859.0,0.93,-8.3127,347.3764,11.1813,94.5763,28.095450000000003,33.141349999999996,42.99620000000001,667.8784,152.9109,588.1800000000002,84.3236,-0.0379,0.005,-0.0715,0.023,-0.012,-0.0063,-0.0425,6.8059,0.135,0.9871,1792.7109,0.1511,8162.8101,0.1408,0.0093,-0.0133,0.0995,0.4577,0.9355,703.8649,0.9906,59.7211,0.606,0.9642,6.4288,15.79,3.742,15.85,15.79,1.021,0.6737,3.149,0.0946,0.779,2.3505,1010.4211,123.0,187.4,160.0,52.8,176.234,0.3227,0.087,0.046,0.0349,0.0236,13.7554,10.106,13.865,0.0118,0.2,0.0288,2060.5,475.0,0.277,0.21200000000000002,0.498,3.1,0.1,0.879,0.1015,0.6257,0.3244,0.6083,0.269,0.1053,3.54,24.98,18.65,0.261,20.65,9.0,33.296,132.749,0.0723,0.0202,0.0522,0.0514,0.0483,0.0723,0.0785,0.0462,3.4055,0.089,0.0024,110.8754,0.031,783.8003,0.0213,0.012,0.0397,0.0332,78.6153,2.2562,0.0309,0.3778,0.0836,1.987,33.581,64.9371,57.2667,0.0977,2.5104,0.0275,3.3112,0.0555,0.0076,912.5788,562.8794,2334.6126,225.1124,0.12369999999999999,0.09505000000000002,0.2273,0.8997,0.0205,0.0326,0.3131,0.0388,0.0328,5.3704,0.0822,10.4239,0.0325,1.1828,7.4526,6.511,0.087,2.9389,2.5742,10.3886,39.5864,0.0178,0.0083,0.0223,0.0222,0.013,0.0409,0.0374,0.0204,1.1631,0.0274,0.0008,42.3575,0.0107,210.2521,0.0077,0.0093,23.3544,0.6768,0.0101,0.1288,0.0286,3.0082,0.6652,5.4976,6.1907,6.7383,2.3759,10.4966,21.371,6.1489,90.7322,3.4524,1.2177,1.6033,2.0321,208.7215,323.6797,23.078450000000004,10.417850000000001,7.544649999999999,4.8379,22.8426,27.2562,2.8447,1.0459,1.1601,0.972,0.6795,5.094,8.1354,4.8865,11.1096,2.5079,4.0253,14.6382,5.2322,2.3343,12.7009,53.2179,4.9853,47.129650000000005,157.428,190.9541,192.8401,71.8881,210.1713,603.7578,0.0,108.8339,50.0378,1.6302,3.8261,0.2421,6.1848,20.5154,676.0563,77.7494,0.0,8.6727,3.5459,11.1691,0.1422,3.7779,5.8773,3.5553,5.2422,80.634,21.06,2.17,9.1664,0.88615,44.4094,5.2051,2.7656,0.1137,0.0278,12.0875,8.86,0.2097,3.8706,0.0855,3.3347,24.2987,531.3073,2.3028,11.94,0.2735,4.3037,0.0768,2.2473,11.8756,0.0104,2.0955,0.0135,0.0153,112.8617
-1.0,2950.0,2196.6555,1.2188,101.89,1.4786,0.0017,-0.008,197.6278,12.4346,399.7357,0.9707,186.9752,12.4743,1.4201,-1363.875,167.75,0.67205,1.7109999999999996,1.1174500000000007,63.4889,2.5,0.2154,85.1197,9.1784,64.229,66.56,87.85059999999999,74.8,3.698,351.3018,133.9582,727.1951,1.3107,144.1209,629.3809,214.9024,4.575,4.848,2859.0,0.93,5.3382,348.7791,10.8893,99.2964,28.095450000000003,33.141349999999996,42.99620000000001,681.7939,152.4336,600.5091,81.5218,-0.0246,0.0004,-0.0655,0.005,0.0766,-0.0292,-0.0309,6.9457,0.1254,0.9897,1790.9915,0.151,8844.5601,-0.0011,-0.0465,0.0327,-0.021,0.4654,0.9432,779.8,0.9907,58.9744,0.5757999999999998,0.9663,6.3258,15.72,3.937,15.77,15.74,1.097,0.656,3.085,-0.0473,0.7304,2.3497,1000.0948,161.0,261.6,162.0,64.0999,480.957,0.1297,0.0989,0.0332,0.0362,0.0062,6.0907,5.561,9.541,0.0119,0.2,0.0413,2060.5,671.0,0.277,0.21200000000000002,0.498,2.3,0.096,0.6723,0.06,0.4614,0.2699,0.6609,0.579,0.1627,9.19,18.95,54.329,0.17,21.28,7.14,36.442,108.322,0.0674,0.0772,0.0588,0.0434,0.0426,0.0595,0.0919,0.0505,4.0314,0.0385,0.0009,110.9606,0.0315,1277.1006,0.0176,0.0185,0.0507,0.0145,136.3447,2.984,0.06409999999999999,0.3602,0.0831,3.72,38.1511,78.3531,63.4851,0.0405,1.4215,0.0371,1.7107,0.0555,0.0123,912.5788,562.8794,1976.5,335.5,0.12369999999999999,0.09505000000000002,0.2273,0.8667,0.0244,0.0336,0.2397,0.0291,0.0392,5.4647,0.1623,10.6706,0.0421,2.6989,6.0391,15.4432,0.0531,2.2569,3.1388,10.8915,33.6052,0.0162,0.0323,0.0253,0.0199,0.0118,0.0288,0.0376,0.0219,1.1525,0.0154,0.0003,39.8552,0.009,464.6786,0.0076,0.0052,53.0529,0.9994,0.0204,0.1237,0.0314,5.3196,1.2374,7.0088,8.8678,6.3795,2.9181,45.1098,10.6427,6.6886,44.7219,2.3868,1.2224,1.6033,2.9111,298.58439999999996,400.0,23.078450000000004,10.417850000000001,7.544649999999999,3.6227,24.0,35.2759,2.7596,0.7898,0.6535,0.7184,0.6795,5.1323,7.4351,4.9626,12.4145,6.3766,3.0109,25.2808,5.2322,1.5612,9.1746,73.705,5.345,37.145,132.8749,274.1927,213.9986,66.209,855.207,77.7016,314.188,163.1664,58.0412,2.0735,1.6059,0.0897,6.1955,20.8477,0.0,56.4706,400.0,10.8909,1.5353,17.4846,0.1097,5.0598,5.6934,3.5363,9.4854,80.226,22.16,1.53,11.2193,0.6714,88.5493,5.4714,1.9071,0.1633,0.0431,16.93,9.58,0.086,3.4674,0.0365,3.6269,11.4038,531.4036,2.291,12.21,0.4722,4.1053,0.1458,2.2977,20.6127,0.0101,2.0178,0.0055,0.0218,255.5817
-1.0,3095.5,2196.6555,1.2188,101.89,1.4785,-0.0205,-0.0057,197.5659,12.0865,407.8535,0.9791,187.4679,12.3376,1.4172,-5095.75,-3031.75,1.2612,1.964,6.9958,62.9889,2.7778,0.2347,85.7375,9.0998,64.0107,66.6946,87.85059999999999,63.93999999999998,5.041,360.46,132.2518,732.6516,1.2622,144.1127,636.8245,187.1063,4.561,4.845,2915.0,0.9269,15.64135,358.1818,10.3312,116.1264,14.8854,16.1255,24.9379,707.7137,147.6309,621.9391,93.2239,-0.0148,0.0154,-0.0801,-0.038,0.0763,-0.0192,-0.0456,7.4648,0.1365,0.9859,1720.2934,0.1878,8407.3801,0.0125,-0.0102,-0.0119,0.006,0.4584,0.958,610.7754,0.9907,58.9752,0.5959,0.9641,6.4544,15.79,3.609,15.85,15.8,0.9176,0.6274,3.565,0.6623,0.6956,2.3403,1012.1967,90.0,71.7,71.7,64.0999,480.957,0.1297,0.1227,0.0568,0.0503,0.01,13.8098,11.445,15.5,0.0052,0.18,0.055,602.0,3946.0,0.11,0.095,0.269,2.8,0.355,0.9046,0.0954,0.6261,0.3587,0.7054,0.672,0.1551,6.11,17.0,62.504,0.343,16.32,6.95,21.485,106.092,0.079,0.0744,0.0519,0.0475,0.16685000000000003,0.0657,0.1005,0.0168,4.4752,0.0399,0.0011,94.958,0.019,399.4004,0.0162,0.0092,0.0853,0.0245,50.4255,2.9045,0.0334,0.3463,0.0699,2.3331,27.5907,28.2778,24.7888,0.0405,1.4215,0.0448,3.9088,0.0571,0.0181,257.241,123.3653,2601.0008,1624.2671,0.0532,0.0417,0.1173,0.8796,0.0388,0.1018,0.3349,0.0405,0.0703,5.2167,0.2414,5.1773,0.046,1.786,4.3583,21.3043,0.1126,2.0142,2.4802,6.6879,35.251,0.0219,0.031,0.0239,0.0199,0.0485,0.0279,0.0525,0.0079,1.3659,0.014,0.0004,27.1412,0.0062,124.8753,0.0124,0.0071,18.6885,0.9906,0.0095,0.111,0.0262,2.7696,0.8687,4.0794,2.3163,2.9943,2.9181,45.1098,10.6427,8.2991,94.6928,3.8004,0.5262,1.459,3.8802,108.1097,130.1559,8.7215,4.8371,3.8452,4.4452,36.0,51.9886,10.4133,1.0551,1.0486,0.9781,0.6795,5.1518,5.482,2.4873,12.2882,4.2397,2.6695,33.4056,4.7337,3.3201,2.4026,109.6377,3.0358,21.5174,113.8034,535.5932,184.8447,59.3194,0.0,86.0511,522.7568,36.8623,59.9507,2.1985,1.6536,0.111,5.5199,10.1025,0.0,110.5691,0.0,18.6115,2.5582,8.256,0.1025,4.9249,5.3654,2.9848,6.3787,81.34427047708787,17.025119960458337,1.3314712192769653,7.820864980684992,0.5429254119884204,66.26986519470907,4.2000439475982985,1.6409442341227258,0.1923,0.0382,20.6225,5.09,0.1353,1.8153,0.0491,2.0464,18.3453,536.2418,2.4342,8.74,0.4067,3.1845,0.1398,1.6299,16.7075,0.0132,2.6501,0.0055,0.0218,255.5817
-1.0,3049.19,2222.3222,1.5099,99.6944,1.4599,0.0032,0.0067,202.3733,4.5888,400.9583,0.9602,192.607,12.4371,1.3926,-6202.25,1387.5,0.9825,1.8952,5.199,68.0444,2.9111,0.1987,85.4579,8.6667,64.2122,66.0973,86.9255,63.93999999999998,4.866,355.2582,121.9536,712.9419,1.3784,147.5482,624.76,199.9873,4.527,4.731,2906.0,0.933,15.64135,352.4336,10.5125,109.2964,9.6736,12.6573,20.2591,692.6828,153.3564,615.0864,63.0182,-0.0204,0.0079,-0.0418,-0.0303,-0.1012,-0.0149,-0.013,8.1773,0.1304,0.99,1744.9379,0.205,8783.97,0.0952,-0.04,-0.0018,0.0638,0.463,0.9435,741.6048,0.9867000000000001,56.9211,0.5962,0.9789,6.2822,15.7,3.653,15.74,15.7,1.272,0.6641,3.193,0.3311,0.7636,2.3524,1001.6031,90.0,103.4,114.9,52.8,176.234,0.3227,0.0804,0.0598,0.0522,0.0216,6.6466,5.56,20.153,0.0204,0.5,0.0438,241.0,126.0,0.108,0.076,0.179,2.5,0.12,0.9365,0.132,0.4569,0.2885,0.8603,0.698,0.1468,3.1,8.13,55.919,0.326,13.87,7.79,22.411,78.787,0.0481,0.0474,0.0294,0.0912,0.0713,0.0986,0.0809,0.1138,3.6492,0.0765,0.001,59.1705,0.0863,902.3008,0.0215,0.0161,0.0427,0.0326,110.9032,5.1503,0.0336,0.4607,0.0874,4.0441,27.5274,30.1393,43.3298,0.0977,2.5104,0.0269,1.9658,0.1392,0.0189,100.9042,294.9445,2537.4777,52.7478,0.0466,0.0319,0.0774,0.8353,0.0238,0.0375,0.3615,0.0519,0.0767,3.665,0.2001,4.3737,0.0522,0.9241,2.3969,16.3873,0.0897,2.3076,2.9837,6.7094,22.6573,0.0135,0.0216,0.0123,0.0402,0.0235,0.0518,0.0446,0.0619,1.2091,0.0255,0.0003,21.9815,0.0239,273.0445,0.0078,0.0097,31.1107,1.6756,0.0116,0.1492,0.0302,4.1066,1.4085,4.0918,3.3911,4.7751,2.3759,10.4966,21.371,5.5073,121.1641,5.0262,2.1221,4.0202,3.1487,80.8416,9.0811,10.9924,4.01,3.443,3.6741,24.0458,36.745,2.5706,1.0959,1.5234,0.7115,0.1857,2.8514,6.0351,2.1629,10.6523,2.101,1.3013,27.9613,5.0374,3.1011,3.1932,143.3794,3.2354,34.5203,125.0226,235.8566,135.139,218.1818,235.168,97.4308,544.7811,875.3846,44.6267,2.8074,3.2166,0.1055,3.391,42.101,0.0,85.7645,520.9302,9.2278,3.4564,14.9545,0.25379999999999997,9.0482,7.3333,3.7152,10.1533,74.258,21.59,1.42,9.387,0.5751,21.3738,5.3402,1.9122,0.1053,0.0296,10.2028,5.96,0.1468,2.3272,0.0621,2.2908,18.457,533.2282,2.3215,7.11,0.3043,2.3687,0.0924,1.3334,13.1074,0.0181,3.647,0.0055,0.0218,255.5817
-1.0,3050.47,2242.2444,1.4215,99.9944,1.5572,0.0003,-0.0031,202.5378,5.5943,420.9981,0.9588,192.0143,12.4247,1.3918,-4064.25,-1073.5,1.261,1.993,7.1455,63.0,2.9556,0.2593,85.8965,9.2405,64.0502,66.4353,87.85059999999999,74.19,2.634,359.4982,131.7636,729.5724,0.9278,140.3891,631.6509,136.864,4.571,4.847,2904.0,0.9302,15.64135,358.2782,10.5803,109.0655,17.26,22.6982,29.5,700.0724,147.0473,614.3909,101.0722,0.0083,0.0065,-0.0563,0.0267,0.0856,-0.0133,-0.0308,7.7453,0.1316,0.99,1862.9489,0.2042,8861.6799,0.0787,-0.013,-0.0145,0.0254,0.469,0.9452,762.1004,0.9904,58.3974,0.6088,0.9797,6.3393,15.68,3.736,15.71,15.68,1.021,0.628,3.196,0.0946,0.7453,2.3613,998.0332,183.0,173.4,173.3,81.4001,741.21,1.0612,0.0611,0.0408,0.0353,0.0202,7.098,7.017,8.613,0.0208,0.52,0.0353,2060.5,1981.0,0.173,0.103,0.208,3.1,0.359,0.5928,0.1211,0.5421,0.4071,0.8008,0.654,0.1489,12.85,14.46,39.463,0.757,12.48,3.82,18.551,47.949,0.0449,0.0617,0.0199,0.0714,0.0766,0.0742,0.1109,0.0285,3.6563,0.0869,0.0011,144.5028,0.111,1460.2998,0.0129,0.0098,0.120188138292432,0.0198,165.279,2.123,0.06409999999999999,0.4332,0.0896,4.0188,39.3653,68.778,65.7135,0.36060000000000003,2.2961,0.0188,2.0096,0.1452,0.0109,912.5788,130.4745,870.0105,861.7844,0.0805,0.0448,0.0904,0.9682,0.0523,0.1384,0.241,0.043,0.0372,5.4289,0.2119,4.8677,0.0368,3.4751,4.201,11.4529,0.2106,1.3938,1.8423,5.8388,14.3162,0.0129,0.0266,0.009,0.031,0.0227,0.0376,0.0522,0.0135,1.2914,0.0266,0.0003,42.2209,0.034,514.4996,0.0224,0.0074,53.9699,0.7126,0.0204,0.1421,0.0335,3.5029,1.3055,8.4645,5.6844,6.8898,3.6303,43.711,64.9361,3.9238,125.4318,2.0459,2.1742,4.1852,2.5327,49.7755,184.5366,13.7193,5.1681,2.9109,4.9206,37.218,56.2982,10.9152,0.6901,1.3104,0.8464,0.6795,5.0376,7.0201,2.2998,16.05,9.1531,2.2892,28.8337,4.6673,7.1548,6.0239,72.306,2.6499,12.3028,47.4404,544.2424,231.5197,126.9333,287.0258,86.6822,830.7116,92.6076,47.2069,2.1284,3.6768,0.1141,7.7567,54.3611,0.0,116.5563,0.0,26.600115265074077,2.0904,21.6873,0.0723,3.6354,6.8331,3.7964,9.7683,83.418,20.73,1.1,9.3027,0.4169,55.0754,5.1476,1.3187,0.128,0.0293,13.7543,5.79,0.1239,2.1269,0.0449,2.2029,18.9165,537.3973,2.0402,8.27,0.1878,2.9437,0.0505,1.5389,9.2038,0.0162,3.2048,0.0055,0.0218,255.5817
-1.0,2957.73,2224.4778,1.2834,101.8267,1.5637,-0.0137,-0.0048,202.688,6.0188,415.117,0.9733,192.1481,12.4216,1.4097,-1363.875,1406.25,0.9708,1.8915,5.0038,66.2222,2.4778,0.2067,84.8178,8.7947,63.9947,65.9507,87.1254,76.52,2.859,360.8982,140.8336,747.241,1.2569,140.8218,642.5536,212.6764,4.574,4.795,2878.0,0.9188,15.64135,360.0255,10.0944,127.0991,10.3014,13.7345,20.9603,726.2807,148.3345,635.4591,94.9146,-0.0433,-0.0022,-0.0269,0.0549,0.0317,-0.0214,0.0235,6.948,0.1375,0.9893,1780.9914,0.1617,8294.4,0.049,0.1097,-0.0008,0.0887,0.4707,0.9362,697.5983,0.9905,57.7811,0.6153,0.9776,6.1953,15.83,4.145,15.92,15.78,1.371,0.6614,3.032,0.1892,0.7678,2.3389,1008.8233,122.0,195.8,177.3,69.8999,193.213,0.1444,0.1201,0.051,0.0495,0.0103,9.0516,5.656,11.59,0.0074,0.38,0.0283,473.0,128.0,0.115,0.101,0.157,3.3,0.093,0.7164,0.1177,0.6437,0.2449,0.7352,0.625,0.113,7.74,27.09,40.121,1.145,17.21,5.42,35.889,57.42,0.1095,0.0275,0.047,0.0145,0.0944,0.1578,0.0749,0.1185,3.6873,0.099,0.002,136.4214,0.0243,1021.5005,0.0144,0.0073,0.120188138292432,0.0272,104.1434,4.7228,0.046,0.4059,0.0875,4.584,31.4495,69.3176,54.5049,0.0402,2.5492,0.0373,1.3662,0.0676,0.0078,218.355,303.1274,5823.189049999999,59.0614,0.053,0.0445,0.0783,1.0745,0.0307,0.0274,0.2614,0.0478,0.0773,6.0744,0.1953,11.3583,0.0336,2.2266,7.9442,10.7982,0.2927,1.8092,2.2252,11.2253,18.4923,0.0324,0.0117,0.022,0.006,0.0243,0.0871,0.0368,0.0561,1.1984,0.0304,0.0005,39.5914,0.0088,327.7506,0.02801905827358544,0.0102,37.7971,1.3676,0.0155,0.1314,0.0311,2.992,1.4348,5.6553,6.6199,6.867,3.1423,19.4203,11.2533,7.6804,93.9719,2.792,0.7613,3.0592,2.0076,0.0,9.1022,11.8465,5.3397,3.1376,4.9832,28.2511,48.871,2.02,0.8446,1.3381,1.0059,0.6795,5.0818,10.0331,5.1429,8.9889,5.4963,4.216,18.8648,5.2947,11.343,8.7255,167.0651,4.9415,15.3855,60.4965,252.7045,47.5573,53.8533,172.0861,497.3995,350.8197,504.2553,53.0708,1.9632,4.0589,0.2023,7.6599,15.0286,973.3333,58.5714,386.4407,26.600115265074077,2.9005,14.9289,0.1526,8.1736,6.5512,3.7407,11.1553,81.184,19.64,1.66,9.2579,0.708,58.971,4.8715,2.0447,0.128,0.0293,13.7543,7.31,0.2369,2.6333,0.0976,2.9521,35.0315,531.2291,2.4177,11.47,0.3232,3.7981,0.1055,2.1591,13.3699,0.0089,1.7666,0.0055,0.0218,255.5817
-1.0,2963.35,2222.0,1.3555,100.0144,1.4416,-0.0037,-0.0035,202.8599,3.5932,398.9811,0.9608,192.3604,12.4771,1.4027,-3760.0,916.0,0.907,1.7675,3.0332,65.3222,2.4111,0.2019,84.8723,8.755,64.0838,65.43819999999997,86.5867,78.27,3.578,358.4245,129.6445,726.0428,1.3226,141.6345,629.7036,242.2825,4.581,4.809,2894.0,0.9332,-13.713149999999999,353.1245,11.1102,94.5763,28.095450000000003,33.141349999999996,42.99620000000001,677.0191,148.0764,589.64,113.4075,-0.0376,0.0209,-0.0155,0.0198,-0.0045,-0.005,0.0399,6.9436,0.1279,0.9905,1773.4197,0.2114,8469.4201,0.0718,-0.0205,0.0315,0.0162,0.47289761111068684,0.9428,732.1565,0.9903,59.6475,0.5988,0.9675,6.2624,15.79,3.742,15.85,15.79,1.021,0.6737,3.149,0.0946,0.779,2.3505,1010.4211,74.0,183.2,179.3,52.8999,257.26,0.4713,0.08,0.0516,0.0324,0.0282,8.9668,4.637,19.205,0.0202,0.45,0.0445,2029.0,256.0,0.067,0.04,0.032,2.6,0.095,0.9299,0.1314,0.572,0.2684,0.8816,0.585,0.1711,4.73,10.49,73.94,0.243,11.04,11.18,19.621,63.192,0.1306,0.0476,0.12045,0.0657,0.0765,0.0833,0.15199999999999997,0.1288,4.3304,0.0954,0.0007,113.071,0.1014,1307.0005,0.0192,0.0119,0.06298442996385328,0.0176,128.3874,2.3059,0.0255,0.3793,0.0836,1.987,19.2296,56.6586,55.0121,0.1549,2.3226,0.0231,1.4306,0.138,0.0136,912.5788,328.0132,138.6819,108.4958,0.0293,0.0191,0.015,0.8043,0.0298,0.0318,0.3303,0.0546,0.1131,4.8407,0.1969,5.0914,0.0535,1.5471,3.3512,22.1118,0.0821,3.415,3.2349,5.6316,19.4358,0.0316,0.023,0.055099999999999996,0.0343,0.0229,0.0452,0.0771,0.0674,1.3067,0.0341,0.0003,39.7601,0.0291,516.0934,0.012589523948093699,0.0062,48.4964,0.6844,0.0106,0.1285,0.0286,3.0082,0.6652,3.3171,6.1822,7.0663,2.3807,15.7817,34.7666,5.5495,129.05,4.8135,2.1065,3.6066,3.1703,8.8564,27.9476,7.387,2.2631,1.055,3.9803,29.0323,35.1679,2.7058,1.0956,1.5009,0.8926,0.2327,3.8586,5.9085,2.4446,12.9338,3.3396,1.6659,30.5181,5.4007,2.1872,13.4782,27.5562,2.8981,17.0593,55.7212,347.3982,257.6455,423.871,387.3418,0.0,0.0,322.6049,62.3644,2.9524,3.9138,0.0747,6.3759,47.9551,515.9892,54.8885,0.0,13.458705531121751,1.8671,17.5355,0.1512,3.8659,6.0567,3.5553,5.2422,81.408,17.2,1.33,7.1189,0.5761,74.3869,4.2435,1.6337,0.7213,0.1946,53.157,4.6,0.0952,2.1479,0.0351,1.7494,14.6457,534.9591,1.8002,8.29,0.2435,2.9696,0.0651,1.5497,13.5286,0.0122,2.4516,0.0182,0.0187,102.894
-1.0,2983.27,2219.8222,1.2795,102.3356,1.5708,-0.0139,-0.0027,197.3481,11.5545,421.3891,0.972,187.1517,12.4796,1.3898,-5351.5,-2993.0,1.3295,2.013,7.46,65.0444,2.7778,0.2359,86.1197,9.043,63.8744,65.8445,86.5358,78.68,2.096,351.09,143.8927,738.4955,1.2183,141.5127,636.4955,202.6422,4.609,4.894,2830.0,0.9332,-7.5382,350.5927,10.4503,116.3545,21.0082,27.5382,36.8645,701.6311,148.54,615.4873,106.5328,0.0037,0.0306,-0.0649,0.0222,-0.0759,-0.0135,0.0446,5.9672,0.1311,0.9487999999999999,1853.4161,0.2074,9154.3898,0.1238,0.0474,-0.0922,-0.0314,0.45669108577061523,0.9401,776.9291,0.9905,56.0954,0.6109,0.9659,6.3468,15.83,4.145,15.92,15.78,1.371,0.6614,3.032,0.1892,0.7678,2.3389,1008.8233,139.0,60.7,102.4,74.9001,283.323,0.1237,0.1214,0.0628,0.0887,0.0235,10.1885,11.15,4.32,0.0127,0.51,0.0678,495.0,5232.0,0.063,0.132,0.128,2.5,0.43,0.6523,0.1477,0.5788,0.3169,0.7077,0.445,0.1447,4.12,21.73,50.462,0.361,21.54,5.51,31.413,84.175,0.0952,0.0449,0.0197,0.1179,0.0996,0.16729999999999995,0.0624,0.1048,4.6781,0.0634,0.013699999999999999,137.9384,0.0448,937.8008,0.0214,0.0245,0.06572562862265802,0.0251,74.0784,1.5538,0.0157,0.4395,0.0875,4.584,36.4136,21.0981,32.7367,0.0448,2.5765,0.0449,3.6836,0.1538,0.026,207.8565,182.7993,1793.8236,2171.4545,0.0286,0.06,0.0564,0.9029,0.0368,0.1642,0.2721,0.0539,0.1463,4.7816,0.1479,10.5846,0.0403,1.374,6.1582,14.0604,0.1208,1.4943,1.5438,9.9368,27.6425,0.0236,0.0193,0.009,0.0486,0.0288,0.0887,0.0342,0.047,1.5929,0.0183,0.0046,45.5658,0.0159,289.9466,0.01009040372990138,0.0105,22.2605,0.5367,0.0065,0.1534,0.0311,2.992,1.4348,6.3228,2.0347,4.06,3.3742,27.439,9.6657,7.7285,96.4996,1.0252,1.3085,4.0867,4.8778,78.9872,174.8079,4.7386,6.5574,1.7158,3.8435,32.4,40.2732,12.3903,0.7574,1.6333,0.9062,0.2082,4.7993,7.1303,4.6308,11.8789,2.9114,3.414,24.902,5.8809,3.4545,4.5464,102.5312,4.4771,11.7522,79.0132,0.0,363.5628,181.5941,447.8921,400.0,461.3678,234.8459,78.3963,1.9829,2.714,1.3944999999999999,7.4424,21.6078,0.0,66.4311,784.3137,12.5124156897805,2.673,9.5348,0.0676,2.7699,6.9242,3.7407,11.1553,82.994,17.63,0.93,7.9136,0.3677,60.8642,4.4111,1.1206,0.1649,0.0405,17.4245,4.51,0.1124,1.8389,0.047,1.7298,18.6258,534.5045,2.4213,10.13,0.2431,3.5979,0.0833,1.8952,10.039,0.0118,2.3728,0.0182,0.0187,102.894
-1.0,3095.06,2180.1556,1.2579,98.1289,1.5796,0.0103,-0.0029,199.63,5.7765,418.4673,0.9721,189.1017,12.4253,1.3599999999999999,-3670.5,19.0,1.3115,1.975,7.2512,64.0,3.2222,0.2537,85.1594,8.8741,64.1363,65.9312,86.4828,74.27,3.513,356.0418,123.4118,719.3697,1.0156,142.8773,622.3309,116.779,4.642,4.886,2846.0,0.9275,4.3109,355.48,10.8505,107.7227,10.3099,15.6891,18.6087,700.761,150.14,613.3427,116.8756,0.0102,0.0152,0.021,-0.0319,0.0063,-0.056650000000000006,-0.0017,6.8604,0.1289,0.9924,1817.7872,0.1495,8569.65,0.1679,0.0251,-0.0617,0.24300000000000002,0.452366596043033,0.9397,739.8998,0.991,57.4682,0.5969,0.98,6.3045,15.81,3.628,15.89,15.74,1.035,0.6217,3.133,-0.0946,0.761,2.3583,1007.05,99.0,154.2,211.5,52.2,547.576,1.0612,0.101,0.0913,0.0549,0.0256,12.6193,5.613,12.814,0.0125,0.49,0.0466,422.0,444.0,0.13,0.11,0.033,3.5,0.304,0.7393,0.0978,0.6276,0.3417,0.7608,0.35,0.0952,7.79,23.25,32.001,0.323,12.01,9.4,30.011,69.76,0.1023,0.0724,0.0522,0.0132,0.0919,0.0498,0.0584,0.058,4.7469,0.099,0.0015,100.2177,0.0409,1066.0,0.0356,0.0136,0.05940380492612696,0.0398,120.4547,2.5006,0.0346,0.4065,0.0746,2.7458,24.6061,44.732,77.0345,0.36060000000000003,1.6224,0.0382,1.6593,0.1402,0.0154,183.4966,62.3779,824.4952,202.2375,0.0717,0.0537,0.0137,1.092,0.0401,0.1206,0.2667,0.0415,0.078,6.32,0.104,10.1559,0.026,2.4006,6.963,9.7802,0.1081,2.2766,2.34,8.6836,26.2294,0.0266,0.0309,0.0214,0.0064,0.0301,0.0222,0.0282,0.0258,1.7561,0.0305,0.0005,32.4074,0.0133,372.7807,0.011090516338079438,0.0123,45.0206,0.7654,0.0112,0.1395,0.0269,3.892,0.8531,4.5185,4.9821,8.4785,2.3943,30.0452,64.9361,6.394,97.1688,3.0621,1.2833,3.9436,3.4607,48.1951,0.0,9.9123,5.5696,0.4551,5.4687,27.931,47.3062,9.1905,0.8681,1.1022,0.9785,0.5377,5.5949,7.9571,4.8052,9.3725,5.4522,3.736,27.403,6.1223,2.9768,10.1743,116.4899,4.2826,9.5139,59.6874,0.0,448.9922,62.7824,288.4268,787.3518,91.5361,0.0,69.1918,2.0952,4.1052,0.1536,5.5132,27.389,504.8724,118.77044999999998,0.0,12.149232672501917,4.2385,16.2799,0.0631,4.3512,6.4478,3.165,6.7186,75.69593917071325,17.004894149737712,1.2432365963894136,7.50392543715011,0.5410613909813469,64.45595927080782,4.2242390934588885,1.6371029068911644,0.6711,0.1946,47.1809,6.388891986434916,0.186149533543395,2.537079670950514,0.07363100769016698,2.412075537104937,21.278619800705847,530.17,2.1279,11.18,0.2652,3.933,0.0803,2.1088,12.4612,0.0141,2.8599,0.0182,0.0187,102.894
-1.0,2999.18,2222.3222,1.5099,99.6944,1.4635,0.0001,0.0047,198.2386,11.792,420.1566,0.9641,188.3014,12.542534878190606,1.41,-3479.0,1502.0,0.9775,1.9033,5.1925,66.7111,2.8889,0.2012,85.4138,9.97415,64.2949,66.2426,87.489,63.93999999999998,4.819,358.2591,127.3373,722.1884,1.3458,141.4236,627.02,230.8992,4.551,4.78,2908.0,0.9326,15.64135,356.4036,10.1586,116.4536,10.4873,10.8836,17.7568,704.4316,143.6755,616.5327,76.6549,-0.0135,-0.068,-0.0428,-0.0329,-0.1026,-0.0182,0.037,6.7762,0.1353,0.9822,1822.5785,0.1634,9177.5701,0.0789,-0.0074,0.0851,0.121,0.4585,0.9465,781.0648,0.9907,57.9104,0.607,0.9656,6.2558,15.79,3.609,15.85,15.8,0.9176,0.6274,3.565,0.6623,0.6956,2.3403,1012.1967,118.0,149.7,172.2,52.8,176.234,0.3227,0.0939,0.0499,0.0565,0.0176,4.9153,13.912,7.554,0.0127,0.6499223627738164,0.0784,599.0,55.0,0.074,0.07,0.051,2.3,0.178,0.7461,0.1276,0.5853,0.404,0.9077,0.485,0.0989,4.98,10.54,66.228,0.74,17.21,5.98,18.782,91.526,0.0775,0.0494,0.0325,0.0893,0.1243,0.0956,0.1042,0.0673,4.8584,0.035,0.0031,139.5775,0.0399,1129.9004,0.0237,0.0168,0.0933,0.0265,108.4292,2.1983,0.06409999999999999,0.3746,0.0699,2.3331,32.1752,57.5674,63.4522,0.0977,2.5104,0.0277,3.9061,0.0994411663673554,0.0271,247.8266,334.6431,1750.219,25.5473,0.0351,0.0294,0.0241,0.7753,0.0328,0.06,0.3026,0.0498,0.0847,4.594,0.1411,4.8101,0.0308,1.6633,3.3906,21.3435,0.248,1.8159,1.8122,5.8267,29.3798,0.0208,0.0217,0.0152,0.0444,0.0291,0.0477,0.0558,0.0275,2.0919,0.0116,0.001,45.3788,0.0114,384.7782,0.0148,0.0091,34.2084,0.6299,0.0204,0.1285,0.0262,2.7696,0.8687,5.413,4.9914,6.7248,2.3759,10.4966,21.371,6.4162,117.9783,1.7979,1.3212,4.890728377044113,5.5631,116.6427,3.6618,7.5703,3.6779,0.9822,3.4477,34.6154,57.6477,3.8203,0.8735,1.1639,0.9103,0.2119,3.6007,6.7223,2.4417,7.3491,3.5213,1.681,28.6826,5.4841,7.2844,4.2592,164.1035,2.6663,31.7482,119.4,571.9557,162.1001,208.7668,377.453,93.1774,571.7421,182.0149,71.6987,2.0688,1.4595,0.3193,7.6582,24.4271,685.7143,66.5169,0.0,20.3548,2.802,13.8822,0.1117,3.796,5.9884,2.9848,6.3787,81.548,20.59,1.55,9.5606,0.7115,47.5305,5.0669,1.9007,0.1631,0.0359,16.8093,5.7,0.127,2.2627,0.045,2.1443,18.5945,532.5973,2.0612,8.7,0.2955,3.0409,0.0894,1.6335,14.338,0.0166,3.3397,0.0336,0.0153,45.3701
-1.0,2939.56,2242.2444,1.4215,99.9944,1.4313,0.0022,0.0085,201.9255,5.7457,419.8092,0.97,192.2461,12.4827,1.424,-6375.125,40.0,1.3015,2.0083,7.352,67.9778,2.5889,0.204,85.794,8.7599,63.9715,65.9194,86.838,79.42,1.886,354.9291,130.5191,724.3986,1.323,144.4009,629.8491,220.0315,4.528,4.777,2907.0,0.9301,15.64135,352.8745,10.7107,106.38,23.2691,24.1391,32.8478,691.5508,147.3255,606.58,107.8445,0.0164,-0.0031,-0.0435,0.0198,0.0849,-0.0189,-0.0588,7.246,0.137,0.9706,1710.6147,0.2114,8863.28,-0.23135,0.0911,0.0553,-0.24175000000000002,0.4704,0.919,687.4476,0.9901,55.8499,0.5972,0.9797,6.0793,15.68,3.736,15.71,15.68,1.021,0.628,3.196,0.0946,0.7453,2.3613,998.0332,148.0,112.1,96.9,81.4001,741.21,1.0612,0.0951,0.0418,0.0405,0.0223,6.8604,7.908,12.317,0.0152,0.42,0.0522,1863.0,873.0,0.041,0.032,0.073,1.4,0.437,0.8929,0.0973,0.5785,0.3503,0.7153,0.597,0.1059,7.15,12.64,53.884,0.291,10.48,4.49,19.055,73.248,0.0748,0.0778,0.0911,0.0519,0.0451,0.0618,0.0488,0.0369,2.8595,0.0894,0.0079,107.2256,0.1153,824.5996,0.0369,0.03420000000000001,0.120188138292432,0.0376,56.3163,1.7951,0.0258,0.4113,0.0896,4.0188,34.726,46.7019,36.0109,0.36060000000000003,2.2961,0.0331,2.3477,0.127,0.018,845.2847,181.9292,5823.189049999999,416.0793,0.0187,0.0153,0.0309,0.4353,0.0609,0.1828,0.3274,0.0384,0.1583,3.9193,0.2247,6.0981,0.0351,2.1513,3.3771,18.4639,0.0817,1.4581,1.9967,5.8576,26.3512,0.019,0.0341,0.0386,0.0261,0.0137,0.0305,0.0221,0.0188,1.0981,0.0278,0.0023,35.2281,0.0315,214.0809,0.02801905827358544,0.0103,15.2729,0.5353,0.0088,0.1372,0.0335,3.5029,1.3055,6.4806,3.8135,3.7882,3.6303,43.711,64.9361,6.6445,137.6327,2.934,1.5639,3.3647,3.6665,205.032,0.0,3.1502,1.5934,0.9929,2.0595,34.7639,98.0392,12.6982,1.0407,1.1106,0.9043,0.362,3.3584,4.4131,2.8798,8.0061,4.9515,2.0068,24.4892,5.3192,2.7169,5.8846,45.0382,2.7554,14.9377,67.92,456.9683,448.415,119.3103,228.1378,72.813,258.543,62.7551,39.4633,2.5556,3.8062,0.8118,6.2682,54.5181,0.0,86.8035,334.6939,26.600115265074077,4.091,8.1921,0.0695,3.2141,6.7662,3.7964,9.7683,80.142,18.45,1.66,8.8969,0.7195,56.0051,4.512,2.0713,0.1343,0.0391,13.9158,8.73,0.1001,3.3193,0.0413,3.3449,15.0223,534.2527,1.9665,9.08,0.1497,3.0504,0.049,1.6996,7.6104,0.0147,2.9019,0.0199,0.0117,58.5665
-1.0,3052.82,2186.2667,1.2723,103.5633,1.4891,-0.0007,-0.0088,202.7228,2.4472,412.4277,0.974,191.9561,12.5098,1.3811,-3972.0,1497.5,0.9865,1.8942,5.146,70.2444,2.6333,0.1947,84.818,8.6309,64.2144,65.9697,86.7969,78.31,2.408,360.5227,148.9018,755.7826,1.0834,134.4973,643.9218,210.7175,4.589,4.857,2880.0,0.9341,-3.2509,361.4355,9.9095,125.6509,11.1138,23.2509,32.6343,723.1483,147.0755,634.1618,69.7495,-0.0299,0.0096,-0.0322,0.0025,0.032,-0.0335,0.0292,7.2,0.138,0.9873,1861.4446,0.2013,9150.2299,-0.0464,0.0837,0.0078,-0.0819,0.4493625141195765,0.9447,792.7484,0.9907,58.9346,0.591,0.97,6.2083,15.79,3.742,15.85,15.79,1.021,0.6737,3.149,0.0946,0.779,2.3505,1010.4211,98.0,74.3,84.8,65.0,313.986,0.1351,0.23175000000000004,0.0529,0.0488,0.018,8.3051,2.492,12.072,0.0111,0.41,0.0394,198.0,51.0,0.092,0.054,0.033,2.6,0.129,0.9737,0.1305,0.5099,0.3314,0.8317,0.247,0.0865,6.1,20.96,56.751,0.738,16.08,3.72,23.663,93.124,0.1068,0.0349,0.032,0.0857,0.0741,0.0845,0.0839,0.0646,5.8604,0.0438,0.0016,121.8027,0.0534,1499.0,0.0238,0.0222,0.03924614420878625,0.0194,124.7869,2.9933,0.0362,0.2213,0.0836,1.987,24.3907,20.8911,29.3242,0.0413,2.0299,0.07,0.8076,0.1137,0.0157,87.3284,326.1966,565.8987,21.1739,0.0394,0.0253,0.0149,0.8531,0.0331,0.052,0.3588,0.0526,0.1081,4.8207,0.0758,7.346,0.0284,1.6726,5.8379,21.2544,0.2028,1.0653,1.9793,7.3221,30.5784,0.0272,0.0155,0.0146,0.0429,0.0215,0.0461,0.0445,0.0328,1.8131,0.0142,0.0005,42.6832,0.0164,470.6675,0.01446555852004382,0.0057,43.649,0.9729,0.0126,0.0761,0.0286,3.0082,0.6652,4.3775,2.4338,3.358,2.9731,28.8395,10.6183,16.1177,101.8314,2.9271,1.1404,3.2774,2.8565,33.3837,3.4057,9.3259,2.8507,0.6413,3.7014,37.9747,46.7466,2.7674,1.148,1.5117,0.7941,0.3166,4.0524,4.8891,3.3265,7.983,4.5354,3.2551,26.9323,5.1071,7.4474,3.4222,144.6852,3.2722,47.129650000000005,133.5122,356.8922,182.2454,266.1491,0.0,264.0625,250.6348,221.4857,81.395,1.739,1.8046,0.1655,6.5435,26.529,0.0,118.77044999999998,320.0,12.106003032976819,2.0507,15.741,0.0696,5.0791,3.5638,3.5553,5.2422,73.544,17.61,0.83,8.7864,0.346,64.0216,4.3273,1.1286,0.5784,0.1201,57.5388,9.9,0.0918,4.3444,0.0384,3.7793,11.9065,531.03,2.2599,9.08,0.2787,3.1635,0.0784,1.7099,12.3326,0.015,2.9976,0.0228,0.0299,131.2543
-1.0,2914.47,2181.6111,1.2484,104.1478,1.5568,-0.0214,-0.0043,202.4492,2.9634,414.3435,0.9738,191.935,12.4371,1.3974,-4318.5,-2849.0,1.2927,1.9718,6.9772,61.2222,2.6889,0.2276,85.6626,9.1502,64.1871,66.6125,87.85059999999999,72.29,3.958,359.8591,126.8045,724.4406,1.3603,144.1355,630.7991,205.9546,4.641,4.88,2864.0,0.9326,0.2309,356.3909,10.7128,107.0355,16.7373,19.7691,28.0695,696.3711,150.6355,614.0618,90.4021,-0.0215,0.0267,-0.0292,-0.0101,-0.068,-0.0304,0.043,7.033,0.1255,0.9675,1786.5706,0.1486,9007.04,-0.029,-0.0149,0.0441,0.0447,0.457065043490835,0.9451,642.7469,0.9894,59.7038,0.5976,0.9789,6.5004,15.79,3.609,15.85,15.8,0.9176,0.6274,3.565,0.6623,0.6956,2.3403,1012.1967,94.0,65.8,150.9,63.2002,231.09,0.1032,0.0967,0.0598,0.0518,0.0266,9.0671,5.088,11.863,0.0111,0.5,0.0818,565.0,4138.0,0.131,0.052,0.168,3.5,0.262,0.6135,0.0636,0.4658,0.2945,0.7314,0.48,0.1096,5.05,15.51,61.241,0.533,14.93,6.54,22.341,57.036,0.1124,0.0569,0.0712,0.0701,0.0708,0.1382,0.0813,0.1181,4.1126,0.103,0.0043,88.7832,0.0229,962.2002,0.0152,0.0148,0.058851841453751,0.0295,105.2803,2.9372,0.0244,0.2018,0.0699,2.3331,23.5637,20.2462,51.0825,0.0412,2.2926,0.0319,1.6187,0.1392,0.028,249.2861,174.9026,2564.232,1967.6658,0.061,0.024,0.0717,1.207,0.0355,0.0867,0.2261,0.0244,0.0427,5.0611,0.1701,6.1246,0.0293,1.7496,4.9158,17.7541,0.1441,2.1771,1.9081,6.3553,18.5826,0.0288,0.0308,0.0314,0.0323,0.0227,0.0572,0.0426,0.0558,1.4555,0.0325,0.0015,31.2473,0.0079,307.7812,0.010426931666197814,0.0091,33.2696,0.941,0.0086,0.0754,0.0262,2.7696,0.8687,4.2603,2.2577,6.055,2.897,21.3302,8.2656,6.2116,164.29784999999998,2.8631,1.143,4.0202,5.8567,127.1506,145.2439,10.1334,2.6373,2.4078,5.7169,40.9091,49.6582,8.1909,0.7162,0.6953,0.7257,0.6795,4.0849,5.8357,2.9413,8.0569,3.5037,2.4588,29.7352,5.0769,4.9753,8.8288,89.2021,3.2082,14.8656,63.0915,522.7907,199.6491,240.2742,700.9901,203.1606,267.6543,274.8109,58.4758,1.7524,4.2774,0.4442,4.9695,15.3909,737.6947,65.1163,0.0,12.74928420245297,3.1237,16.3797,0.25379999999999997,4.9197,3.1046,2.9848,6.3787,73.306,16.66,1.01,8.4877,0.4212,57.7663,4.0639,1.3778,0.4161,0.0757,44.248,9.65,0.1287,3.7929,0.0616,3.66,18.6842,534.5873,2.1965,6.99,0.3379,2.4866,0.1078,1.3075,15.382,0.0136,2.7633,0.0228,0.0299,131.2543
-1.0,3045.7,2184.8778,1.016,102.5333,1.5859,-0.0139,-0.0085,198.1573,4.2038,411.9064,0.9595,188.7051,12.5563,1.4214,-2991.75,-1969.75,1.2615,1.9922,7.2628,71.1222,1.9556,0.1491,85.2804,9.2436,64.2175,66.5097,87.1213,67.38,3.26,352.0436,144.3427,743.6965,1.2954,144.5464,640.9327,208.988,4.609,4.894,2830.0,0.9332,-1.5664,350.1182,11.069,102.7764,28.095450000000003,33.141349999999996,42.99620000000001,691.1704,153.0118,605.9064,110.8899,-0.0136,0.0059,-0.009,0.0411,-0.0858,-0.0167,0.0061,6.8543,0.135,0.9893,1833.091,0.1566,8746.32,0.0452,-0.0484,-0.0987,-0.1262,0.4726,0.949,766.1571,0.9901,57.1943,0.6,0.9783,6.2631,15.76,3.093,15.77,15.8,0.8893,0.606,3.423,0.1419,0.8434,2.3997,1004.8728,91.0,184.3,226.1,76.7,558.185,0.4409,0.0507,0.0555,0.0424,0.02,4.0335,4.956,20.043,0.0177,0.49,0.0571,481.0,14006.0,0.068,0.126,0.269,3.7,0.561,0.7612,0.1256,0.558,0.2509,0.9558,0.41,0.1158,7.1,23.69,73.596,0.273,21.99,9.73,27.459,75.287,0.16345,0.0295,0.0933,0.1034,0.0936,0.0927,0.0781,0.0452,6.1038,0.0679,0.0014,130.3582,0.0456,1187.2998,0.0252,0.0186,0.120188138292432,0.0221,131.3842,2.4838,0.0303,0.3873,0.0993,4.2332,28.1707,79.1736,76.9355,0.153,2.1479,0.0217,1.6787,0.1575,0.0187,247.4975,54.6588,871.6966,6067.372,0.0337,0.0554,0.1115,1.0244,0.0425,0.178,0.3138,0.0509,0.0906,5.7831,0.1462,10.915,0.0407,2.2704,7.0668,24.8618,0.0736,2.9778,3.1338,8.5175,23.0882,0.045450000000000004,0.0134,0.0435,0.0535,0.0283,0.0489,0.0407,0.0226,1.9418,0.0248,0.0004,41.27,0.0148,398.4763,0.0234,0.0087,43.8062,0.6548,0.0079,0.137,0.0386,6.1702,1.2397,4.0381,6.0512,9.2054,3.5105,58.0929,43.3916,3.1969,117.8928,4.8659,1.843,3.9024,4.0208,65.1458,711.0547,5.3904,6.3245,3.7038,5.2023,76.7045,88.5246,16.3812,0.8926,1.3586,0.8689,0.1267,5.7209,8.3967,4.7448,8.9372,4.9119,3.6962,35.2154,5.8809,2.4663,7.1904,62.7814,3.9728,11.1184,67.8935,0.0,58.2716,0.0,227.668,108.042,466.9656,736.9565,89.0495,1.6302,2.7702,0.137,7.1114,29.0889,0.0,117.2237,538.4615,26.600115265074077,2.3294,17.1485,0.041,4.3427,6.184,4.1391,11.4437,73.164,19.17,1.01,8.0983,0.3733,42.6289,4.7003,1.3805,0.7074,0.1702,71.5633,5.12,0.298,2.2269,0.1148,1.9805,38.05341532073962,530.5818,2.2833,11.58,0.5262,3.8397,0.1506,2.1825,23.0452,0.0188,3.7138,0.0082,0.0184,223.6518
-1.0,3057.03,2184.8778,1.016,102.5333,1.4549,-0.0125,-0.0196,201.0679,18.303900000000002,429.0356,0.9579,191.4285,12.5563,1.3864,-3636.25,-838.25,1.249,2.008,7.2973,68.8556,2.7,0.1898,84.9798,8.3754,63.8874,66.2622,87.0578,79.06,3.313,350.5018,140.2118,733.5702,1.276,144.9755,635.6891,224.2298,4.602,4.871,2825.0,0.9331,14.6455,349.6055,10.3846,114.8573,16.1127,25.3545,34.5155,699.0546,155.1136,619.5764,71.7043,-0.013,-0.0128,0.0058,0.0456,-0.081,-0.0245,0.0122,6.5434,0.1258,0.9697,1848.3966,0.2107,8546.0399,0.1227,0.0056,-0.0574,0.0516,0.4803,0.9497,728.7669,0.9902,57.4904,0.5955,0.9767,6.2824,15.74,2.723,15.75,15.73,0.9744,0.5065,3.531,0.7569,0.83,2.4067,1005.8207,81.0,90.2,107.3,76.7,558.185,0.4409,0.23175000000000004,0.0599,0.0704,0.0234,8.5184,15.976000000000003,8.618,0.021,0.49,0.0677,1020.0,2582.0,0.095,0.066,0.095,1.4,0.362,0.6635,0.0673,0.5499,0.364,0.6922,0.352,0.0851,9.23,15.04,48.22,0.353,20.83,4.66,29.965,91.178,0.1588,0.0685,0.0389,0.1156,0.0944,0.0866,0.0793,0.0621,2.4961,0.0713,0.0086,122.8352,0.1254,760.6992,0.016,0.0206,0.0503,0.0226,72.3516,2.7749,0.0248,0.518,0.1069,2.129,21.1516,30.5985,36.9528,0.153,2.1479,0.08085,4.96435,0.1575,0.0265,554.631,113.9985,1832.7628,1199.2816,0.052,0.0307,0.0417,0.464,0.0328,0.1269,0.2532,0.0253,0.1054,5.337,0.0972,10.0971,0.0247,2.8984,4.859,12.1959,0.1159,1.5036,1.9075,9.0095,28.9436,0.0423,0.0317,0.0169,0.0579,0.0272,0.0473,0.0434,0.0323,0.9571,0.0217,0.0031,38.1886,0.0374,211.8838,0.0098,0.0085,22.3476,0.7681,0.009,0.1719,0.0386,5.8848,0.7013,3.6765,2.9506,4.3469,3.5105,58.0929,43.3916,16.1177,114.1793,2.0087,2.1942,3.9024,4.8825,121.9938,308.0227,7.6061,3.2869,1.3019,2.0332,44.4444,47.4239,10.6764,0.7808,0.8037,0.8607,0.315,4.7247,6.9181,4.3073,6.6698,6.3666,2.3659,21.5047,5.8811,3.3993,5.2239,129.2765,4.2865,47.129650000000005,127.1584,0.0,118.6661,0.0,207.0459,106.9136,323.0143,509.0164,38.1468,1.6698,3.0342,0.8905,6.6455,63.31987047269746,0.0,97.7778,0.0,10.4794,2.3842,9.928,0.0555,4.8268,8.2448,4.443,5.7516,72.766,9.8,0.21,4.2509,0.0856,65.5816,2.3773,0.2886,0.4844,0.118,39.2586,3.29,0.1632,1.2549,0.0592,1.2786,24.2088,535.0645,2.2855,5.7,0.3433,2.0622,0.1023,1.0653,15.0191,0.0126,2.4798,0.0195,0.0121,62.1248
-1.0,2969.52,2221.9444,1.5296,99.2678,1.4519,-0.0206,0.0026,198.8842,3.6676,405.2775,0.973,188.9295,12.5022,1.4034,-6121.25,-6678.0,1.2745,1.9783,7.1145,63.2556,2.6222,0.2039,85.7375,9.0998,64.0107,66.6946,87.85059999999999,63.93999999999998,5.041,359.5891,139.9045,745.329,1.2673,141.26,640.7536,203.0802,4.574,4.795,2878.0,0.9188,9.6745,359.7082,10.7876,109.5791,24.4318,30.3255,39.7935,705.5355,147.0345,616.3218,118.799,-0.0363,-0.0602,-0.0802,0.0273,-0.0817,-0.0192,-0.0056,6.9062,0.1349,0.9903,1838.6787,0.162,8901.58,0.0263,0.0456,0.0122,0.0642,0.4632,0.9432,793.5619,0.9904,60.6762,0.5954,0.9783,6.2586,15.76,3.093,15.77,15.8,0.8893,0.606,3.423,0.1419,0.8434,2.3997,1004.8728,96.0,163.6,125.5,59.5,326.111,0.3041,0.1141,0.0462,0.0467,0.0161,9.0139,5.317,20.393,0.0106,0.37,0.0675,550.0,12480.0,0.127,0.113,0.157,3.5,0.421,0.9046,0.0954,0.6261,0.3587,0.7054,0.201,0.1489,5.64,26.08,57.546,0.276,20.44,11.47,32.544,66.443,0.16345,0.0285,0.031,0.0401,0.0711,0.0982,0.0819,0.0455,5.7424,0.0997,0.001,113.3219,0.0455,1369.0,0.0133,0.011,0.0324,0.0353,150.5569,2.6468,0.0262,0.3763,0.0993,4.2332,24.3177,56.7706,49.0395,0.099,1.4077,0.0351,1.861,0.1029,0.0193,261.0037,158.1442,5481.2439,5843.7396,0.0596,0.0518,0.0648,1.2531,0.0468,0.1261,0.3349,0.0405,0.0703,5.585,0.0709,11.256,0.0438,1.5751,7.5796,15.1476,0.0845,3.3819,3.4158,9.3224,21.611,0.0421,0.013,0.0129,0.0184,0.0251,0.0458,0.0417,0.0198,2.4141,0.0299,0.0003,38.1222,0.0127,543.8642,0.0073,0.0139,55.6965,0.7583,0.0081,0.1251,0.0386,6.1702,1.2397,4.3225,5.5093,4.9278,2.6778,21.0164,19.8827,7.8586,144.9708,5.0319,1.0869,2.9595,4.8113,184.7825,186.8823,9.9647,5.7121,2.2068,5.5331,64.8305,74.0599,12.8098,1.0551,1.0486,0.9781,0.6795,4.8861,9.2206,4.9337,11.7509,3.9926,4.0702,28.3366,5.2947,2.5585,9.9289,83.6615,4.6127,6.3848,55.9289,512.4183,60.2219,49.9688,260.1418,120.1958,425.4545,808.8889,83.1486,1.6311,4.1856,0.098,6.1632,28.0613,0.0,118.77044999999998,669.3878,6.9937,3.7478,18.9723,0.0749,4.3621,6.0125,4.1391,11.4437,73.814,19.33,0.82,8.9693,0.3875,58.8457,4.7555,1.1109,0.4962,0.0792,51.1223,5.61,0.0984,2.4557,0.0392,2.1307,14.3717,537.2082,2.4297,8.01,0.423,2.9007,0.161,1.491,17.4104,0.0125,2.4863,0.0075,0.014,185.5679
-1.0,2892.37,2184.8778,1.016,102.5333,1.458,0.0063,-0.0133,200.4383,12.7227,416.5171,0.9577,190.726,12.5549,1.4074,-4487.5,427.25,1.2803,1.9903,7.2815,67.6333,2.7333,0.2247,84.9798,8.3754,63.8874,66.2622,87.0578,79.06,3.313,349.6218,143.9973,738.3333,1.2493,145.3373,638.9564,228.6971,4.602,4.871,2825.0,0.9331,9.8418,351.1918,10.4143,113.8391,23.5091,30.1582,40.4755,697.8578,150.4164,615.4473,55.5256,-0.0149,0.0207,-0.0298,0.034,-0.075,-0.011,-0.0331,6.8317,0.1349,0.9831,1712.9528,0.159,8302.3,-0.0052,-0.0586,0.0135,-0.0205,0.472,0.9317,706.4036,0.9905,60.3448,0.5957,0.9774,6.3073,15.74,2.723,15.75,15.73,0.9744,0.5065,3.531,0.7569,0.83,2.4067,1005.8207,106.0,106.0,164.8,76.7,558.185,0.4409,0.0913,0.0651,0.0663,0.0234,8.4404,10.421,8.616,0.022,0.56,0.0517,608.0,660.0,0.083,0.073,0.116,2.0,0.289,0.6635,0.0673,0.5499,0.364,0.6922,0.421,0.0859,5.49,16.69,56.635,0.37,18.27,5.84,31.331,68.382,0.151,0.0456,0.1002,0.0597,0.0592,0.0912,0.0584,0.0447,5.5027,0.0436,0.0034,163.0231,0.0226,655.3003,0.0123,0.0122,0.0193,0.0158,72.7452,1.7796,0.028,0.5022,0.1069,2.129,28.6378,41.5186,56.122,0.153,2.1479,0.0325,3.1358,0.1648,0.0159,273.675,70.6258,1985.3984,292.968,0.0445,0.0326,0.0575,0.6344,0.0452,0.1107,0.2532,0.0253,0.1054,4.8314,0.1339,10.0639,0.0268,1.5571,5.2594,14.7574,0.109,1.6645,2.1846,9.8948,21.5229,0.0411,0.0213,0.0443,0.0257,0.0196,0.0426,0.024,0.0205,2.191,0.0142,0.001,49.2158,0.0068,230.1904,0.0042,0.0047,22.513,0.6626,0.0093,0.1693,0.0386,5.8848,0.7013,4.923,3.6648,6.5472,3.5105,58.0929,43.3916,6.262,81.9085,2.0686,2.3008,4.4604,3.6762,92.3677,154.4763,6.4831,3.6679,1.5931,2.9571,43.9024,76.1128,8.4202,0.7808,0.8037,0.8607,0.315,4.7051,6.8682,4.4262,6.8781,3.7774,2.6121,24.7642,5.8811,3.5528,4.5064,77.7146,4.4896,47.129650000000005,123.1539,0.0,80.2464,200.3356,174.1497,121.6,530.9091,134.9434,80.5459,1.7045,1.7999,0.3496,9.5171,14.2249,0.0,68.046,647.619,4.0831,1.6991,10.298,0.0627,2.9491,7.9626,4.443,5.7516,80.632,15.76,1.2,8.19,0.5571,69.8277,3.9262,1.4882,0.3259,0.0726,34.4987,1.79,0.1607,0.6978,0.078,0.6904,22.8057,535.1564,2.2877,5.72,0.435,1.8879,0.14,1.0688,19.0155,0.0096,1.8953,0.0215,0.0101,47.0849
-1.0,3026.77,2181.6111,1.2484,104.1478,1.4059,-0.0083,0.0059,196.5244,13.1655,411.0683,0.9722,186.2659,12.4771,1.404,-2847.25,866.5,0.6873,1.7109999999999996,2.3273,63.3889,2.7,0.2191,84.8723,8.755,64.0838,65.43819999999997,86.5867,78.27,3.578,359.1873,128.4209,724.4843,1.2939,140.4082,628.0164,191.3938,4.594,4.865,2891.0,0.9318,-5.8682,353.92,10.8611,102.5527,26.6782,25.8682,33.58,690.9043,144.8655,601.3382,91.8406,-0.0397,0.0194,-0.0122,0.0102,-0.0255,-0.0498,0.0338,7.9495,0.1362,0.988,1685.8514,0.1615,9263.4101,0.0453,-0.0223,0.0127,0.0354,0.4717807041663522,0.936,777.0694,0.9905,59.5197,0.5919,0.9776,6.4266,15.74,3.901,15.75,15.74,1.021,0.6256,3.018,-0.3784,0.7429,2.3471,1004.4356,70.0,150.5,148.9,63.2002,231.09,0.1032,0.0498,0.0527,0.0575,0.019,8.1456,15.976000000000003,6.759,0.0117,0.45,0.0729,2060.5,1307.0,0.277,0.21200000000000002,0.498,2.5,0.101,0.9299,0.1314,0.572,0.2684,0.8816,0.68,0.1675,3.6,10.13,61.388,0.793,12.96,7.08,17.036,58.333,0.1147,0.0468,0.0718,0.0795,0.0932,0.0197,0.0543,0.1095,5.1622,0.0963,0.013699999999999999,182.4956,0.0862,639.5996,0.017,0.0097,0.07939262288678331,0.026,67.2026,2.2528,0.0184,0.2416,0.0734,3.2236,18.7521,58.4798,55.1088,0.0412,2.2926,0.0178,4.0923,0.138,0.0244,912.5788,562.8794,1899.735,590.041,0.12369999999999999,0.09505000000000002,0.2273,0.7913,0.0289,0.0288,0.3303,0.0546,0.1131,4.7371,0.2181,4.8046,0.0452,1.3365,3.6119,21.5555,0.2342,2.1704,1.7733,4.7516,16.596,0.032,0.0219,0.0368,0.0369,0.0269,0.009,0.0256,0.0578,1.7497,0.0302,0.0046,58.0575,0.0313,214.1252,0.01624444703538337,0.0088,22.3352,0.6708,0.0067,0.0867,0.0275,5.2856,1.0148,3.1908,4.9723,6.0178,2.897,21.3302,8.2656,3.5422,121.7496,1.6443,1.2075,3.6066,5.1924,136.6933,150.8367,23.078450000000004,10.417850000000001,7.544649999999999,3.9439,25.9259,43.8134,2.8795,1.0956,1.5009,0.8926,0.2327,3.7251,6.9459,2.4192,12.9463,2.564,1.613,32.0742,9.842500000000001,7.3013,14.7729,48.5789,2.4658,11.1627,63.5155,288.6896,318.3673,651.6393,917.0972,77.1037,109.0909,324.4444,64.9368,1.0281,3.9238,1.3944999999999999,10.8251,53.3925,0.0,79.5411,900.0,16.533815017391685,2.7782,8.6482,0.143,3.785,3.7588,3.1272,8.2326,79.374,15.67,1.01,6.9765,0.4145,85.4042,3.8871,1.2725,0.7213,0.1946,53.157,6.552339307014349,0.13843326017245491,2.8540656607541823,0.054528233365511644,2.504021986938251,21.423038346456856,523.3110000000001,1.7483,15.390000000000002,0.6164999999999999,5.3345,0.18730000000000002,2.8874999999999993,28.50255,0.0228,4.5331,0.0337,0.0219,64.8236
-1.0,2999.01,2217.7556,1.2793,105.31,1.5554,-0.0127,0.0041,199.3222,3.3901,400.1254,0.9712,188.8075,12.4796,1.4016,-4065.5,-1871.75,1.2745,2.009,7.4137,65.3556,2.5889,0.217,86.1197,9.043,63.8744,65.8445,86.5358,78.68,2.096,352.3191,142.9055,736.8024,1.2544,141.4764,636.7009,200.9677,4.609,4.894,2830.0,0.9332,-12.1373,350.8291,10.6289,110.7682,25.3682,32.1373,41.9354,694.867,149.7355,611.3327,120.7762,-0.0209,-0.0006,-0.0588,-0.004,-0.0069,-0.018,0.0186,7.4649,0.133,0.9878,1824.7066,0.1939,9101.3,-0.0181,0.0288,0.0022,0.0595,0.4604292395117422,0.9441,803.7863,0.9907,55.732,0.5927,0.979,6.213,15.74,2.723,15.75,15.73,0.9744,0.5065,3.531,0.7569,0.83,2.4067,1005.8207,98.0,61.0,114.6,63.9001,488.1899,0.76,0.0759,0.0323,0.044,0.0242,6.8445,2.029,12.253,0.0146,0.51,0.0996,1238.0,434.0,0.088,0.089,0.327,2.0,0.247,0.6523,0.1477,0.5788,0.3169,0.7077,0.562,0.0729,10.94,16.82,51.982,0.331,15.19,6.33,26.009,66.498,0.0852,0.0434,0.0548,0.0953,0.076,0.1208,0.0741,0.052,5.0956,0.0705,0.0019,160.2888,0.0328,2216.8999,0.0142,0.0116,0.06134148183252483,0.0174,212.1006,1.3286,0.0297,0.3949,0.1069,2.129,23.8196,22.2371,35.8556,0.2206,1.831,0.0289,0.6524,0.1538,0.035,524.1084,115.9094,906.9838,192.7648,0.041,0.0379,0.164,0.6839,0.0352,0.0887,0.2721,0.0539,0.1463,6.3078,0.1999,10.0686,0.0268,3.5747,5.2593,17.102,0.1005,1.7559,1.885,8.6131,19.1204,0.0229,0.0201,0.023,0.0461,0.0223,0.062,0.0381,0.0245,1.7868,0.0221,0.0007,50.4965,0.0123,682.8875,0.013065607122334304,0.0069,63.8893,0.4191,0.01,0.1273,0.0386,5.8848,0.7013,4.3985,2.034,4.6827,2.8813,36.1798,59.41,4.8797,59.8509,3.0623,1.5056,4.0867,7.1026,45.8,23.1869,6.9047,4.4301,4.4107,3.0602,42.4893,40.553,7.1091,0.7574,1.6333,0.9062,0.2082,4.8791,6.7247,4.3796,5.8077,7.7327,2.6417,25.8658,5.8809,3.1142,4.9924,59.8782,3.743,8.253,55.0589,407.2901,211.1922,162.0748,0.0,0.0,412.2392,279.5699,68.2607,1.5034,2.9911,0.1875,8.7844,16.9061,466.3317,63.8037,0.0,13.723188845892984,1.8472,26.3877,0.0722,2.384,6.356,4.443,5.7516,73.938,10.85,1.01,4.9646,0.4172,69.4971,2.624,1.366,0.3709,0.0655,40.593,4.4,0.0775,1.8972,0.0303,1.6856,12.1581,534.5045,2.4213,10.13,0.2431,3.5979,0.0833,1.8952,10.039,0.014,2.7845,0.0078,0.0112,143.3273
-1.0,3072.75,2221.9444,1.5296,99.2678,1.4704,-0.0159,0.0082,198.4669,4.4656,406.2116,0.9745,189.0652,12.548,1.3968,-3404.75,-882.0,1.2705,2.0055,7.305,69.8778,2.6778,0.2146,85.794,8.7599,63.9715,65.9194,86.838,79.42,1.886,357.8373,146.97,748.9484,0.9191,133.1164,637.9236,66.6486,4.589,4.857,2880.0,0.9341,12.8364,362.4082,9.8876,119.8064,13.1981,27.1636,35.2117,713.7366,142.5109,624.7255,82.3918,-0.0322,0.0,-0.0801,0.0211,-0.0828,-0.0217,-0.0183,6.4477,0.1375,0.9904,1801.5735,0.2067,8886.48,0.0458,-0.0214,0.0125,0.0688,0.4591,0.9429,754.8288,0.9905,58.9718,0.597,0.9781,6.1868,15.74,2.723,15.75,15.73,0.9744,0.5065,3.531,0.7569,0.83,2.4067,1005.8207,122.0,79.4,42.4,59.5,326.111,0.3041,0.0913,0.0554,0.0339,0.0064,8.4538,5.559,13.693,0.0064,0.2,0.0215,1322.0,2774.0,0.112,0.036,0.126,1.9,0.382,0.8929,0.0973,0.5785,0.3503,0.7153,0.448,0.1568,8.74,18.97,23.161,1.005,10.44,5.33,23.435,53.602,0.1007,0.0422,0.0258,0.1035,0.0892,0.0779,0.0927,0.0588,4.9217,0.099,0.0005,125.3065,0.0949,1716.0996,0.0158,0.0127,0.120188138292432,0.0253,170.0169,4.7034,0.0306,0.3238,0.1069,2.129,31.4495,28.8473,15.2521,0.099,1.4077,0.0323,2.0765,0.0572,0.0066,584.9732,237.7351,305.0195,1277.7342,0.0486,0.0165,0.0593,0.7259,0.038,0.1283,0.3274,0.0384,0.1583,4.6985,0.126,7.0678,0.0451,2.8096,5.8662,7.4124,0.3681,1.7375,1.6875,7.2229,18.8631,0.0336,0.0192,0.0117,0.0432,0.0272,0.0389,0.0456,0.0266,1.6238,0.0304,0.0002,35.7669,0.0268,565.5117,0.02801905827358544,0.0082,51.6489,1.3107,0.0109,0.1133,0.0386,5.8848,0.7013,5.6553,2.584,1.6427,2.6778,21.0164,19.8827,6.209,124.4839,3.3709,0.6586,1.5939,1.5357,20.677,314.5125,8.8154,1.7951,1.7248,2.719,37.3444,49.4045,10.9886,1.0407,1.1106,0.9043,0.362,4.6781,5.1439,3.0014,17.0572,6.5657,2.9737,34.7509,5.1071,10.1642,4.1484,79.1021,3.2834,35.5113,65.0574,313.0976,133.65,129.1732,423.5015,94.0821,427.1889,320.8731,76.3325,1.9632,4.0589,0.053,6.9554,45.9087,0.0,81.106,0.0,26.600115265074077,2.6794,22.5239,0.1118,7.9756,5.233,4.443,5.7516,79.10303290973302,17.172301386657356,1.3139180369568495,7.806009011950514,0.5544845605237756,54.55294256340995,4.240633570823499,1.628425080112643,0.108,0.0298,11.7468,11.11,0.2394,4.0863,0.0903,4.5533,33.001,533.2418,2.4157,6.58,0.3535,2.1365,0.1221,1.234,14.6325,0.026000000000000006,5.21645,0.0078,0.0112,143.3273
-1.0,3090.97,2218.7889,1.2043,98.2667,1.5129,-0.0152,-0.0038,198.9612,10.6658,409.2243,0.9578,189.285,12.5563,1.4021,-5189.25,-464.75,1.2628,2.0215,7.376,68.3444,2.4,0.1697,84.9798,8.3754,63.8874,66.2622,87.0578,79.06,3.313,350.7018,143.0255,736.7293,1.2395,144.3564,638.0836,220.0616,4.602,4.871,2825.0,0.9331,9.4982,350.5255,10.4951,112.5236,23.9927,30.5018,40.6543,696.075,151.0418,614.0909,75.7131,0.0011,-0.0302,-0.0358,0.0178,-0.0033,-0.0314,-0.0162,8.0896,0.1268,0.9894,1795.1792,0.187,8729.75,0.0341,-0.014,-0.0618,0.0413,0.4578,0.9688,722.5893,0.99,56.1333,0.5912,0.9782,6.2879,15.75,3.51,15.78,15.79,0.9933,0.6278,3.287,0.2365,0.8374,2.3954,1003.8518,81.0,97.5,137.9,66.2998,392.708,0.8241,0.1049,0.0447,0.0436,0.0232,9.1375,8.441,7.418,0.0209,0.49,0.0668,894.0,1269.0,0.143,0.097,0.178,1.8,0.388,0.6635,0.0673,0.5499,0.364,0.6922,0.564,0.1013,9.04,16.12,42.613,0.185,14.07,6.07,29.751,92.255,0.0468,0.077,0.081,0.0603,0.0745,0.0247,0.1187,0.049,3.0604,0.0729,0.0021,156.2135,0.0189,1230.3999,0.0134,0.0195,0.120188138292432,0.0176,116.4228,1.7372,0.0333,0.4784,0.1079,3.2025,21.1516,30.4886,47.6555,0.2628,1.9355,0.0361,2.6603,0.1575,0.0251,484.5596,178.3524,1860.5932,580.7216,0.0604,0.0455,0.0935,0.5659,0.0371,0.1281,0.2532,0.0253,0.1054,3.9338,0.1742,10.3256,0.0324,2.7623,4.3691,13.7916,0.0609,2.0137,2.8938,8.7005,28.8666,0.0132,0.032,0.0376,0.0266,0.0247,0.0114,0.0543,0.0255,1.0715,0.0232,0.0006,48.6883,0.0061,378.284,0.02801905827358544,0.0067,35.957,0.6039,0.0085,0.1555,0.04,5.5788,1.2482,3.6765,3.1543,5.5839,2.9881,24.2061,64.9361,6.9338,79.1407,1.8127,2.1797,3.9024,4.7665,78.7204,273.05,11.3245,4.7984,2.4132,2.6337,79.1667,67.1906,11.1866,0.7808,0.8037,0.8607,0.315,3.6954,6.8379,4.534,8.1753,6.2623,2.5263,19.3641,5.8811,1.7627,5.3322,58.6429,4.2741,38.1575,121.8481,0.0,110.9111,168.4358,418.3924,754.1985,377.4245,302.9366,37.8314,1.7352,3.1297,0.2114,8.7018,10.115,0.0,61.5385,0.0,26.600115265074077,1.8189,16.1119,0.0537,3.0947,7.6088,4.5063,8.5967,72.66,10.48,1.67,4.4968,0.714,110.6969,2.5441,2.2984,0.4844,0.118,39.2586,4.62,0.1358,1.7119,0.0572,1.7873,21.8333,534.9627,2.342,6.01,0.3576,2.0467,0.0962,1.1234,15.2689,0.01,1.9957,0.0419,0.0098,23.3511
-1.0,2964.85,2218.7889,1.2043,98.2667,1.4377,-0.0126,-0.0008,199.641,9.3781,412.8914,0.9613,189.8894,12.5563,1.4042,-3830.25,373.0,1.2858,2.0133,7.3143,70.4,2.5222,0.213,84.9798,8.3754,63.8874,66.2622,87.0578,79.06,3.313,351.0318,140.2982,734.2508,1.2808,145.93,637.26,220.6915,4.602,4.871,2825.0,0.9331,15.1073,352.4473,10.3203,115.4055,20.8473,24.8927,34.6316,699.6193,148.56,616.4127,61.7889,-0.0396,-0.0237,-0.0539,-0.0016,-0.0144,-0.006,-0.0131,6.9913,0.1389,0.9879,1858.0592,0.1913,8578.8001,0.0647,-0.0419,-0.0199,0.0316,0.4741,0.9459,739.9606,0.9903,61.3557,0.601,0.9777,6.2883,15.75,3.51,15.78,15.79,0.9933,0.6278,3.287,0.2365,0.8374,2.3954,1003.8518,84.0,101.4,134.1,66.2998,392.708,0.8241,0.13,0.0384,0.0312,0.0204,8.8744,12.479,9.685,0.0186,0.49,0.0332,197.0,801.0,0.12,0.065,0.137,1.7,0.194,0.6635,0.0673,0.5499,0.364,0.6922,0.504,0.1227,8.02,19.93,48.691,0.369,23.08,8.14,30.447,90.445,0.0429,0.0829,0.0321,0.0459,0.0416,0.0177,0.1126,0.0964,3.322,0.0459,0.0013,124.1028,0.0285,1650.7002,0.0131,0.0077,0.120188138292432,0.0198,162.3473,2.3642,0.0255,0.5081,0.1079,3.2025,22.8573,35.714,45.3373,0.2628,1.9355,0.0441,3.5792,0.1575,0.0101,90.4986,111.6796,606.6951,331.8042,0.0599,0.0298,0.0605,0.6364,0.043,0.0696,0.2532,0.0253,0.1054,5.0504,0.1526,11.0069,0.0431,2.6678,5.311,15.6665,0.1324,2.1434,2.7767,9.3525,32.2519,0.0131,0.0344,0.0146,0.0208,0.0126,0.0078,0.0541,0.0422,0.9733,0.0149,0.0005,37.3969,0.0097,475.0943,0.0201,0.0068,46.2118,0.7433,0.0094,0.1691,0.04,5.5788,1.2482,3.8604,3.4201,5.3784,2.9881,24.2061,64.9361,9.0424,133.0655,2.3457,1.9393,3.9024,2.3673,34.6714,214.7453,9.3331,3.2286,1.8731,2.4148,39.6476,66.1972,5.7711,0.7808,0.8037,0.8607,0.315,4.5124,8.4819,5.229,9.5772,5.4958,3.1275,22.0629,5.8811,3.5755,4.0033,110.7099,4.3519,41.3195,146.3774,108.2991,148.0357,85.0788,0.0,122.9167,0.0,735.8779,47.5156,1.944,1.8803,0.1361,6.6792,14.8901,320.8333,93.8462,853.3333,25.712,2.0971,21.94,0.1,3.8533,8.0806,4.5063,8.5967,74.028,13.33,0.59,6.4317,0.2299,66.2186,3.3752,0.797,0.0907,0.0268,9.3697,2.45,0.1879,0.954,0.0799,0.9469,28.2854,534.6009,2.2614,5.65,0.264,2.0208,0.0775,1.0569,11.6751,0.0194,3.8942,0.0419,0.0098,23.3511
-1.0,2908.06,2221.9444,1.5296,99.2678,1.4435,-0.0119,-0.0013,200.4927,6.3614,418.3739,0.9687,190.5918,12.5022,1.4007,-3067.0,-1681.0,1.27,1.9865,7.1235,61.3222,3.1,0.2489,85.8965,9.2405,64.0502,66.4353,87.85059999999999,74.19,2.634,360.0991,137.7564,742.7582,1.2903,142.4936,640.3491,200.871,4.574,4.795,2878.0,0.9188,15.64135,359.6691,10.4564,115.5491,15.0791,22.2073,31.3063,711.4519,150.0518,625.27,78.1558,-0.0233,0.0035,-0.09,0.0336,0.091,-0.0332,0.0089,6.8433,0.1306,0.9896,1787.9799,0.1895,8842.07,0.1297,0.0028,0.0138,0.1416,0.4573,0.9422,752.2854,0.991,60.6068,0.598,0.9635,6.443,15.73,3.18,15.78,15.77,0.9271,0.5815,3.425,0.0,0.8764,2.4244,1014.2878,77.0,204.5,169.8,59.5,326.111,0.3041,0.0725,0.0568,0.0703,0.0192,8.2835,5.498,10.033,0.0145,0.37,0.031,789.0,5230.0,0.169,0.143,0.132,1.8,0.46,0.5928,0.1211,0.5421,0.4071,0.8008,0.319,0.1546,4.53,28.37,43.19,0.351,26.99,9.87,33.188,103.294,0.0937,0.0738,0.0364,0.0774,0.0903,0.0511,0.0665,0.0674,4.2776,0.0432,0.0011,126.1464,0.0409,1044.0996,0.0325,0.0295,0.120188138292432,0.0177,105.6893,3.8473,0.0205,0.3693,0.1179,3.0933,20.3137,64.7074,52.5496,0.099,1.4077,0.0242,1.9539,0.1029,0.0121,357.167,199.9056,2057.5978,2387.8908,0.083,0.0659,0.0597,0.5954,0.0276,0.1708,0.241,0.043,0.0372,6.2823,0.1155,10.8105,0.0422,1.4696,8.1791,14.1966,0.1348,2.5839,3.0591,10.4464,40.3464,0.0317,0.0324,0.0187,0.0354,0.0258,0.0228,0.037,0.0358,1.4164,0.0169,0.0004,35.9167,0.0108,349.3343,0.02801905827358544,0.0062,39.2042,1.0419,0.0059,0.1259,0.042,3.1434,0.8555,3.5472,7.0322,6.8882,2.6778,21.0164,19.8827,5.0223,86.428,2.3981,1.4992,2.9595,2.2124,148.4187,311.1243,13.3071,7.1986,1.853,2.9353,35.4839,33.3482,13.9483,0.6901,1.3104,0.8464,0.6795,5.6346,7.673,4.8273,11.9788,3.1791,4.4304,21.5014,5.2947,3.3568,8.7322,178.9896,4.6648,33.5842,132.1642,401.6073,161.1354,86.0,268.6501,56.1384,200.4521,757.3034,62.5082,1.0716,1.7835,0.1129,7.0552,21.5727,0.0,118.77044999999998,0.0,26.600115265074077,1.879,14.0491,0.0616,6.3479,5.7318,4.8629,8.5745,73.68,16.54,1.04,8.0918,0.4067,49.8073,4.1218,1.4115,0.128,0.0293,13.7543,7.56,0.1566,3.4745,0.0633,2.8641,21.8501,534.3564,2.5551,9.53,0.3139,3.2732,0.123,1.7834,12.284,0.0095,1.8872,0.024,0.0115,47.8123
-1.0,2949.65,2184.8778,1.016,102.5333,1.5186,-0.0048,-0.0042,197.6454,4.9655,405.0443,0.9728,188.2137,12.5506,1.4168,-3032.5,-6780.0,1.2635,1.9772,7.1355,63.3778,2.6222,0.2167,85.7375,9.0998,64.0107,66.6946,87.85059999999999,63.93999999999998,5.041,357.3855,126.2627,720.8284,1.3175,143.9909,627.6391,181.2381,4.632,4.891,2849.0,0.9329,15.64135,354.8255,10.5052,109.0555,12.36,17.2073,24.8429,695.9855,151.3982,615.2791,99.5868,-0.023,-0.057,-0.0807,0.0423,0.0712,-0.012,-0.0263,6.7223,0.1299,0.9848,1778.933,0.1586,9094.1799,0.0551,0.0242,0.0015,0.0541,0.4645,0.9697,800.7777,0.9905,59.1327,0.5903,0.9647,6.4672,15.73,3.18,15.78,15.77,0.9271,0.5815,3.425,0.0,0.8764,2.4244,1014.2878,118.0,126.8,155.4,76.7,558.185,0.4409,0.1108,0.0386,0.0446,0.0057,3.9577,4.471,16.747,0.0061,0.36,0.0284,1312.0,11217.0,0.135,0.079,0.175,3.0,0.582,0.9046,0.0954,0.6261,0.3587,0.7054,0.771,0.2423,6.98,6.22,75.765,0.673,13.41,4.89,9.11,134.531,0.1177,0.0653,0.0422,0.0593,0.0963,0.0531,0.0848,0.0658,2.2406,0.0363,0.0022,91.8998,0.0442,1078.7998,0.0138,0.0133,0.120188138292432,0.0167,118.6143,4.4998,0.028,0.3705,0.1179,3.0933,31.2321,45.7184,50.2589,0.153,2.1479,0.0394,1.6287,0.0947,0.0091,540.2422,177.2388,1792.2917,4756.8297,0.0573,0.0393,0.0778,0.9135,0.0518,0.1833,0.3349,0.0405,0.0703,5.4789,0.2475,1.7179,0.0683,1.8152,1.716,20.7952,0.2251,1.4228,1.7621,2.3959,45.3898,0.0352,0.0282,0.0202,0.026,0.0273,0.0219,0.0444,0.0343,0.7273,0.0131,0.0008,30.122,0.0147,376.5218,0.0195,0.0055,42.1403,1.2712,0.0088,0.1287,0.042,3.1434,0.8555,5.3852,4.2988,6.6551,3.5105,58.0929,43.3916,7.2963,90.0421,4.1346,0.6266,2.8684,2.0031,143.413,165.4425,10.6846,3.9954,2.4525,4.7335,34.322,65.5385,17.9513,1.0551,1.0486,0.9781,0.6795,4.6448,15.5232,0.7465,18.3901,4.8475,0.991,41.8041,3.5904,6.4064,15.46,108.495,1.3089,38.1567,135.0892,512.5749,196.6867,73.5048,227.5587,74.5525,708.142,249.9525,33.3306,3.0021,1.5445,0.2261,5.166,27.896,905.5319,118.77044999999998,0.0,26.600115265074077,1.7233,14.8124,0.0993,7.6097,5.7292,4.8629,8.5745,81.986,18.12,2.17,8.169,0.88615,64.4028,4.5321,2.8542,0.2173,0.0388,22.6253,6.626260680610495,0.14091387234920758,2.6783469338777817,0.06265302139167353,2.523529422219342,22.38470399567929,536.1964,2.0946,12.55,0.307,4.456,0.101,2.3406,14.6582,0.026000000000000006,5.21645,0.0059,0.0126,213.7714
-1.0,2954.44,2221.9444,1.5296,99.2678,1.4767,-0.0073,0.0146,198.4958,4.6105,418.5487,0.9691,188.5717,12.5037,1.4145,-3071.5,171.5,0.67205,1.7109999999999996,2.1807,65.5111,2.0111,0.1866,84.0432,8.7487,64.3732,66.6566,87.85059999999999,63.93999999999998,5.041,360.0164,140.6427,746.1255,1.2739,141.7736,642.4327,214.1869,4.574,4.795,2878.0,0.9188,4.6609,358.58,10.9106,105.3036,28.095450000000003,33.141349999999996,42.99620000000001,700.65,149.83,613.7136,118.4215,-0.0159,0.0102,-0.027,0.057850000000000006,0.0918,-0.0164,0.0,7.912,0.1438,0.9711,1828.5711,0.1521,9125.6601,-0.0645,0.0279,0.1036,0.0054,0.4604,0.9478,786.9781,0.9906,59.057,0.5996,0.9611,6.4665,15.76,3.093,15.77,15.8,0.8893,0.606,3.423,0.1419,0.8434,2.3997,1004.8728,95.0,123.4,97.5,59.5,326.111,0.3041,0.088,0.0828,0.0573,0.0199,9.1331,5.239,17.965,0.0159,0.52,0.0309,2060.5,326.0,0.277,0.21200000000000002,0.498,2.1,0.09,0.879,0.1015,0.6257,0.3244,0.6083,0.433,0.1377,8.36,21.07,26.421,0.37,20.96,12.26,27.871,64.225,0.1292,0.0836,0.0521,0.024,0.0928,0.0719,0.1046,0.0377,3.1549,0.0472,0.0057,91.5863,0.0257,851.7998,0.0169,0.03420000000000001,0.0711,0.018,88.2369,4.5285,0.0275,0.357,0.0993,4.2332,28.7735,42.776,38.0079,0.099,1.4077,0.0341,1.6915,0.153,0.0087,912.5788,562.8794,2047.8155,159.5044,0.12369999999999999,0.09505000000000002,0.2273,0.6353,0.0339,0.0338,0.3131,0.0388,0.0328,5.8307,0.1598,10.8918,0.04,2.5136,6.73,9.7531,0.1028,3.1379,3.1868,8.4624,21.0678,0.0386,0.035,0.0247,0.011,0.0273,0.0294,0.0585,0.0182,0.9389,0.0153,0.002,29.9882,0.0099,323.1108,0.0144,0.0058,33.2619,1.283,0.0077,0.1331,0.0386,6.1702,1.2397,4.3127,4.1768,3.7836,2.6778,21.0164,19.8827,5.9592,113.633,4.2922,1.6433,4.1588,2.183,134.0713,190.0875,23.078450000000004,10.417850000000001,7.544649999999999,3.2056,64.6409,57.3556,2.6132,1.0459,1.1601,0.972,0.6795,4.697,7.4159,4.7903,10.8127,5.8967,3.2797,12.3355,5.2947,3.3912,8.1859,72.9828,3.9779,8.7642,54.2343,810.6667,207.5729,89.0538,124.1575,78.3011,636.8341,0.0,39.875,2.6321,1.9924,0.5912,5.0086,16.9014,0.0,118.77044999999998,0.0,15.4374,1.8954,11.2121,0.0976,7.6681,5.5203,4.1391,11.4437,74.11,15.76,1.04,7.1819,0.4787,41.1603,3.9258,1.4033,0.1139,0.0294,12.4295,2.6,0.181,0.9709,0.0706,0.9954,31.0985,534.5045,2.4213,10.13,0.2431,3.5979,0.0833,1.8952,10.039,0.0112,2.223,0.0254,0.016,62.9443
-1.0,3018.0,2248.4222,1.4905,102.6444,1.5792,0.0016,0.0177,198.6815,4.4432,401.3819,0.9519000000000001,189.3171,12.5486,1.3869,-3003.25,1566.25,0.9825,1.8877,5.1963,65.3111,3.2556,0.2188,85.4579,8.6667,64.2122,66.0973,86.9255,63.93999999999998,4.866,357.4373,126.3309,721.0289,1.3665,145.4373,629.2055,212.4051,4.527,4.731,2906.0,0.933,15.64135,356.1791,10.3575,112.3818,13.4282,13.9491,22.4251,698.6038,147.2164,615.7773,91.8302,-0.035,0.0034,-0.0461,0.053,-0.0046,-0.0209,0.0759,6.7355,0.1307,0.9872,1742.8618,0.1546,8975.48,-0.2211,0.0102,0.1342,-0.2305,0.4557,0.9466,753.5002,0.9905,59.0375,0.5892,0.9796,6.3736,15.73,3.18,15.78,15.77,0.9271,0.5815,3.425,0.0,0.8764,2.4244,1014.2878,77.0,165.1,187.4,39.5,219.5129,0.486,0.1134,0.0562,0.10045,0.04285,4.243,4.135,18.319,0.02935,0.44,0.0438,441.0,177.0,0.117,0.086,0.178,3.2,0.16,0.9365,0.132,0.4569,0.2885,0.8603,0.708,0.169,4.24,11.07,78.839,0.376,12.7,4.41,20.408,80.087,0.0604,0.0386,0.0325,0.0503,0.0776,0.0719,0.0788,0.086,4.5954,0.0738,0.0019,156.3097,0.0209,646.7002,0.0341,0.03420000000000001,0.120188138292432,0.029,94.2674,4.7237,0.024,0.4297,0.1179,3.0933,20.3137,56.2996,67.7186,0.1789,1.638,0.0404,1.5653,0.1094,0.0181,193.3055,255.9323,1221.0532,79.8681,0.0492,0.0374,0.0781,1.0018,0.0197,0.056,0.3615,0.0519,0.0767,4.2122,0.2421,4.6118,0.0497,1.4203,2.9954,20.5479,0.1218,1.7253,1.9336,6.2219,28.0711,0.0211,0.0192,0.0163,0.0283,0.0201,0.0296,0.0429,0.0362,1.5458,0.0235,0.0006,53.4101,0.007,259.0139,0.02801905827358544,0.0086,30.1957,1.3065,0.0083,0.1442,0.042,3.1434,0.8555,3.5472,5.4705,8.0774,1.7568,15.4743,32.6039,7.1808,93.0639,4.564,3.05365,3.5064,3.161,95.5298,11.3009,11.9084,4.5557,3.4255,4.8996,27.6451,25.1397,3.4102,1.0959,1.5234,0.7115,0.1857,4.1238,6.1584,2.2797,12.3665,2.9153,1.7594,37.1173,5.0374,3.6302,4.7961,94.5769,2.9213,34.6218,87.2121,172.7565,57.8061,109.0515,146.4842,0.0,377.9376,113.3817,68.226,3.0612,3.0647,0.1968,8.9686,13.5298,0.0,118.77044999999998,0.0,26.600115265074077,3.0654,12.5106,0.1102,8.0011,6.7417,4.8629,8.5745,73.14155496908347,17.562104269418025,1.2070544709410589,7.863827168845311,0.4838721921296647,65.99567390908985,4.3318724551950805,1.6475260686082323,0.5777,0.0863,59.3942,11.969999999999999,0.2984,4.532500000000001,0.1329,4.5852,29.0954,532.2736,2.1116,9.98,0.3901,3.3933,0.1184,1.875,18.4745,0.009,1.7924,0.0254,0.016,62.9443
-1.0,2929.2,2234.6111,1.2049,98.7567,1.5884,0.0097,0.0031,197.0611,4.023,409.6585,0.9714,187.3587,12.5506,1.4116,-4947.75,250.0,1.2368,1.998,7.0533,62.7444,3.0556,0.2574,85.8965,9.2405,64.0502,66.4353,87.85059999999999,74.19,2.634,356.69,146.9,751.5639,1.25,141.7445,645.3345,235.2164,4.53,4.785,2885.0,0.9172,15.64135,357.0127,10.2714,124.0673,13.4854,22.8327,31.2675,720.2964,150.7691,631.8491,77.3667,-0.0186,-0.0085,-0.0835,0.03,-0.0007,-0.0507,-0.0016,6.2952,0.1304,0.9908,1799.6903,0.15,8661.2899,0.0237,-0.0149,-0.0181,0.0716,0.4634,0.9658,752.1419,0.9899,60.4814,0.5947,0.9634,6.4661,15.76,3.987,15.85,15.83,1.163,0.6738,3.085,-0.0946,0.7536,2.3408,1002.6104,68.0,111.7,157.6,73.3999,669.364,0.6016,0.1116,0.0596,0.0588,0.0062,4.2523,5.796,16.062,0.0064,0.36,0.0552,334.0,820.0,0.159,0.123,0.119,2.3,0.435,0.5928,0.1211,0.5421,0.4071,0.8008,0.658,0.0909,8.02,24.13,54.595,0.37,17.54,7.52,31.354,148.258,0.1133,0.10470000000000002,0.0603,0.0824,0.0856,0.0246,0.0495,0.0303,7.2824,0.0774,0.0004,94.207,0.0172,625.5,0.026,0.0202,0.0496,0.0052,64.736,2.1034,0.0289,0.3911,0.0881,3.3945,17.9793,45.4769,54.9108,0.1944,1.876,0.0322,1.789,0.0947,0.0198,189.1197,260.2006,1690.0492,362.7984,0.0722,0.0608,0.0606,0.8647,0.0315,0.1457,0.241,0.043,0.0372,6.4075,0.2028,10.9954,0.0308,2.7941,7.7716,14.5607,0.1077,1.8321,2.1091,9.6056,45.8219,0.0345,0.0455,0.0306,0.0363,0.0233,0.0112,0.0215,0.0145,2.4849,0.0245,0.0001,30.1533,0.0061,229.6915,0.0095,0.0016,22.1476,0.5998,0.0096,0.1331,0.0336,5.5494,1.0931,3.0944,3.8133,6.338,3.2847,42.0939,49.9291,7.0258,144.0716,3.9208,0.6562,2.8684,3.9125,81.1884,328.0,12.8563,6.1562,1.6872,3.6657,22.9091,37.678,13.0244,0.6901,1.3104,0.8464,0.6795,4.8866,7.8897,4.8349,7.2698,5.6581,3.7391,23.2105,6.1996,3.6022,6.2063,130.0665,4.3529,43.5935,172.49815,609.7545,155.8397,98.6826,285.7501,0.0,97.7295,0.0,107.56075,2.8074,3.2187,0.0357,5.2346,11.4705,439.1304,113.6364,0.0,10.6962,0.5376,8.6069,0.1008,3.4778,6.0492,3.7654,9.0943,80.012,18.1,0.83,7.8275,0.3005,70.0277,4.4751,1.0373,0.3155,0.0593,33.199,5.67,0.1467,2.3307,0.0654,2.3378,21.9991,537.6355,2.1349,7.98,0.4176,2.7707,0.116,1.4843,19.563,0.0115,2.303,0.0254,0.016,62.9443
-1.0,3071.09,2248.4222,1.4905,102.6444,1.6138,0.0146,0.008,199.309,4.6595,427.4906,0.9718,189.7143,12.5698,1.3678,-2739.5,1465.75,0.9863,1.891,5.1348,65.8444,3.1,0.2009,85.4579,8.6667,64.2122,66.0973,86.9255,63.93999999999998,4.866,361.0118,128.5682,724.2001,0.9381,137.8255,627.4055,66.6605,4.544,4.782,2910.0,0.933,15.64135,357.1145,10.2579,116.2964,6.1218,12.2718,16.8014,707.3987,150.5236,623.9345,86.5559,-0.0271,0.0049,-0.0411,0.037,0.0322,-0.0163,0.0323,6.8277,0.1297,0.9893,1780.9914,0.2025,9037.5001,-0.047,-0.026,0.0202,-0.013,0.4617,0.9474,768.111,0.9901,61.014,0.598,0.9778,6.312,15.76,3.987,15.85,15.83,1.163,0.6738,3.085,-0.0946,0.7536,2.3408,1002.6104,119.0,85.2,118.0,39.5,219.5129,0.486,0.23175000000000004,0.0916,0.0529,0.0259,13.006,5.834,9.368,0.013,0.8700000000000001,0.0257,617.0,153.0,0.086,0.093,0.023,2.3,0.09,0.9365,0.132,0.4569,0.2885,0.8603,0.45,0.1373,6.65,19.03,27.462,0.232,16.37,8.38,26.124,125.942,0.1307,0.0739,0.0408,0.0841,0.0979,0.0241,0.0832,0.0812,4.7558,0.0768,0.002,136.4214,0.0373,1089.5996,0.0135,0.0167,0.026,0.0127,122.0382,2.9223,0.0171,0.4252,0.0881,3.3945,30.9957,27.9448,40.8367,0.1789,1.638,0.08085,1.9787,0.2202,0.0089,258.6877,249.4701,1147.3159,77.6676,0.036,0.0385,0.0115,0.8904,0.0249,0.0259,0.3615,0.0519,0.0767,4.5623,0.1569,5.2925,0.0484,2.3699,5.321,10.5086,0.0758,2.2865,2.997,6.8936,37.3192,0.039,0.0306,0.0176,0.0401,0.027,0.0105,0.0419,0.0415,1.6189,0.0247,0.0005,39.5914,0.0148,393.4718,0.0057,0.0035,43.86,0.8299,0.0065,0.1367,0.0336,5.5494,1.0931,5.3672,2.7743,4.6803,1.7568,15.4743,32.6039,16.1177,125.2053,2.1914,1.3395,6.94175,1.8782,89.5419,10.4383,8.7199,4.918,0.4479,3.4931,32.2581,44.3031,1.9247,1.0959,1.5234,0.7115,0.1857,4.2769,5.359,2.3973,14.6356,4.8249,3.0331,41.1968,4.8682,2.2617,3.2417,267.4067,3.693,29.5892,145.5036,481.6214,99.4616,204.6229,264.863,74.9029,512.0,251.3932,69.6548,2.5443,3.1781,0.2023,7.6599,18.4263,0.0,118.77044999999998,971.4286,5.6322,1.34,15.8881,0.1786,4.7895,6.7364,3.7654,9.0943,75.85175721660758,17.01122292606519,1.2790009691978819,8.003805223470184,0.5347983806102528,61.060780767289806,4.205471516604488,1.680512644367196,0.5777,0.0863,59.3942,11.969999999999999,0.2491,4.532500000000001,0.0997,4.638249999999999,31.08,535.1318,2.381,9.69,0.1778,3.4043,0.0523,1.8108,7.4657,0.013,2.6058,0.0254,0.016,62.9443
-1.0,3033.95,2248.4222,1.4905,102.6444,1.3868,-0.0023,0.0035,197.5779,5.2679,423.2805,0.9789,187.7066,12.3376,1.393,-4492.0,1539.0,0.964,1.8947,5.0805,67.8222,2.3667,0.1907,84.818,8.6309,64.2144,65.9697,86.7969,78.31,2.408,358.0045,139.66,739.0731,1.1684,142.4736,640.1382,237.3025,4.579,4.815,2901.0,0.9331,-13.1245,356.4682,10.6763,106.5355,28.095450000000003,33.1245,42.99620000000001,695.1625,145.3982,608.4018,107.2195,-0.0211,0.0133,-0.0465,-0.0357,-0.0427,-0.0191,0.0441,7.3686,0.1256,0.9681,1846.5282,0.2015,9077.3699,-0.0091,0.0474,0.053,0.0096,0.4617599822747924,0.9491,788.2239,0.991,58.6861,0.5863,0.979,6.1548,15.73,3.18,15.78,15.77,0.9271,0.5815,3.425,0.0,0.8764,2.4244,1014.2878,92.0,175.9,98.6,39.5,219.5129,0.486,0.0827,0.0428,0.0346,0.0092,6.6847,5.476,9.076,0.0049,0.18,0.036,319.0,124.0,0.076,0.056,0.208,3.1,0.092,0.9737,0.1305,0.5099,0.3314,0.8317,0.321,0.1161,2.92,10.72,31.955,0.518,12.24,5.05,19.939,52.752,0.0478,0.0668,0.0486,0.0636,0.038,0.097,0.066,0.0653,4.3578,0.0392,0.013699999999999999,90.3362,0.1254,797.4004,0.013,0.0178,0.05710491705853765,0.0203,74.5063,2.9185,0.0286,0.4409,0.1179,3.0933,16.2057,66.0745,33.7532,0.1789,1.638,0.0304,1.9032,0.0571,0.0154,146.5159,259.7709,1245.5668,53.9011,0.0393,0.0253,0.0893,0.9458,0.0326,0.0345,0.3588,0.0526,0.1081,3.7293,0.114,5.9688,0.0327,0.9269,3.1353,10.5968,0.1452,1.3416,1.3899,5.6432,18.1129,0.0137,0.0293,0.0213,0.0291,0.011,0.0398,0.0355,0.0325,1.4661,0.0136,0.0046,32.9314,0.0374,229.3688,0.01190849117221323,0.0065,23.2931,0.9755,0.0087,0.1475,0.042,3.1434,0.8555,4.1719,5.7977,3.9355,1.7568,15.4743,32.6039,5.9635,103.9502,2.1442,0.5047,1.459,2.5815,65.5165,8.0572,7.8838,2.9555,4.0941,4.5708,33.8028,59.2657,1.9828,1.148,1.5117,0.7941,0.3166,3.3687,4.4537,2.7847,9.9335,2.0495,1.6746,13.4659,5.7736,4.8519,8.4479,38.5678,2.8683,7.4281,49.2,226.6746,188.9675,136.8478,106.5358,227.4326,345.5497,148.0726,59.1407,1.5925,1.5947,1.3944999999999999,4.8922,63.31987047269746,0.0,118.77044999999998,643.1373,11.746970470665618,2.1338,9.4524,0.065,4.9731,7.163,4.8629,8.5745,76.476,22.45,0.83,10.6287,0.3742,68.986,5.4814,1.0853,0.5784,0.1201,57.5388,4.98,0.0877,2.0902,0.0382,1.8844,15.4662,535.3736,2.3921,8.97,0.2503,3.2348,0.0751,1.6755,10.4655,0.0085,1.6953,0.0254,0.016,62.9443
-1.0,3075.87,2248.4222,1.4905,102.6444,1.5442,-0.0108,0.006,202.3061,4.5056,419.2395,0.9768,192.4006,12.3376,1.4086,-4419.75,-3614.0,1.2657,1.9773,7.1952,63.3111,2.8222,0.2396,83.8465,8.8945,64.3323,66.5574,87.85059999999999,74.84,2.869,362.9364,131.0155,730.5831,0.985,137.6745,631.6264,55.4585,4.621,4.851,2889.0,0.9343,-10.8745,356.9364,10.9415,100.1409,26.4028,30.8745,38.597,691.9861,148.1464,605.2236,127.2911,-0.0112,-0.0399,-0.0457,0.0225,-0.0062,-0.022,-0.0185,6.6509,0.1372,0.9897,1790.9915,0.1494,9047.4899,-0.0322,0.0251,0.0212,0.013,0.48057749751002277,0.9435,796.9036,0.9907,58.566,0.5868,0.9791,6.381,15.76,3.093,15.77,15.8,0.8893,0.606,3.423,0.1419,0.8434,2.3997,1004.8728,96.0,94.0,39.2,39.5,219.5129,0.486,0.0734,0.045,0.0483,0.0089,6.9659,5.129,16.696,0.0066,0.18,0.0516,240.0,8750.0,0.067,0.026,0.1,3.1,0.202,0.703,0.1592,0.4688,0.2211,0.7648,0.734,0.1257,5.3,12.85,26.852,0.367,12.48,6.62,20.624,60.483,0.0529,0.0685,0.0272,0.0235,0.0466,0.063,0.0794,0.0638,4.6513,0.0526,0.0009,110.9606,0.0317,1006.4004,0.0179,0.0092,0.0657698566668635,0.0295,110.6351,5.0108,0.0315,0.4902,0.0993,4.2332,19.2281,35.5998,13.4108,0.1789,1.638,0.0232,1.6426,0.0571,0.0161,115.5058,562.8794,1388.6971,4170.8635,0.0276,0.0131,0.041,0.9636,0.0485,0.0728,0.2546,0.0769,0.0867,5.0754,0.2865,6.4882,0.0441,2.0363,3.7553,7.4801,0.1095,1.9131,2.031,5.7777,16.0958,0.0155,0.0296,0.0127,0.0108,0.0145,0.026,0.0454,0.0289,1.5788,0.0143,0.0003,39.8552,0.0088,319.2044,0.010871072584605979,0.0091,35.0666,1.3826,0.0133,0.1603,0.0386,6.1702,1.2397,4.3672,3.056,1.5668,1.7568,15.4743,32.6039,4.7533,113.8352,3.9825,0.6741,1.459,3.6662,74.6875,242.114,5.2933,1.315,1.3898,4.8965,28.3465,58.859,6.2082,0.8384,1.7894,0.7287,0.6795,4.8493,5.6177,3.1219,12.7627,3.8496,2.0344,48.4181,5.575,3.3542,9.8062,47.2677,2.9804,10.6539,47.5155,473.643,328.1437,51.3661,206.8239,0.0,360.9091,345.7995,69.9346,1.8222,2.2559,0.0897,6.1955,21.1973,897.561,41.6185,948.1481,13.046743615023448,3.1244,13.8831,0.1414,8.5559,7.6821,4.1391,11.4437,79.654,16.48,1.01,6.9453,0.4094,21.8654,4.1098,1.268,0.2173,0.0388,22.6253,6.503706239539873,0.1422291140897197,2.640448152110282,0.056101171411350625,2.4807690114113186,21.746993931417425,535.3736,2.3921,8.97,0.2503,3.2348,0.0751,1.6755,10.4655,0.0245,4.8782,0.0254,0.016,62.9443
-1.0,2846.07,2234.6111,1.2049,98.7567,1.5622,0.0167,-0.0117,198.117,14.0406,414.3115,0.9798,187.4852,12.5724,1.3944,-3767.25,486.0,1.28,2.0183,7.4145,68.1556,2.7222,0.2164,84.818,8.6309,64.2144,65.9697,86.7969,78.31,2.408,357.0282,146.0818,746.8239,0.9895,134.4755,637.5855,60.6239,4.603,4.833,2892.0,0.9317,-13.3573,360.4473,10.32,112.7245,21.1246,33.141349999999996,41.8842,704.9397,143.2891,616.4609,98.2862,0.0004,0.0134,-0.0387,-0.0016,-0.0251,-0.0244,0.0154,6.8672,0.1357,0.9902,1797.7321,0.1871,9021.67,0.0189,-0.0121,-0.0033,0.0009,0.4622192868495628,0.9674,793.3551,0.9904,59.8198,0.5956,0.9688,6.2039,15.76,3.987,15.85,15.83,1.163,0.6738,3.085,-0.0946,0.7536,2.3408,1002.6104,63.0,157.5,95.4,73.3999,669.364,0.6016,0.1347,0.11930000000000002,0.10045,0.0094,14.2079,9.1,6.481,0.0056,0.31,0.0419,311.0,531.0,0.14,0.097,0.09,2.2,0.33,0.9737,0.1305,0.5099,0.3314,0.8317,0.479,0.2047,8.82,15.63,26.87,0.615,16.97,5.11,22.655,61.81,0.0427,0.0556,0.0297,0.0755,0.0486,0.0107,0.0732,0.0301,6.5023,0.0459,0.001,152.7609,0.0386,1673.9004,0.0129,0.0077,0.05798925587891296,0.0135,166.9013,2.7531,0.0144,0.4289,0.0881,3.3945,17.3769,49.4711,34.289,0.1944,1.876,0.0503,2.6071,0.0891,0.0174,132.9997,147.613,276.3131,224.0937,0.0586,0.0435,0.0392,0.7248,0.0495,0.1062,0.3588,0.0526,0.1081,5.0243,0.1388,6.5417,0.0518,2.2284,4.499,8.1919,0.1718,1.8194,2.0307,6.9578,21.3393,0.0129,0.0236,0.013,0.0353,0.013,0.0048,0.039,0.0153,2.1357,0.0147,0.0003,46.308,0.0119,482.2634,0.011090008572085402,0.0053,50.5498,0.8609,0.0056,0.1442,0.0336,5.5494,1.0931,2.8904,5.5339,3.7938,3.2847,42.0939,49.9291,8.6224,64.8119,1.5643,0.5712,2.4657,3.0078,16.0595,109.2593,10.9375,4.8061,1.2138,3.2279,33.0612,68.3778,9.4196,1.148,1.5117,0.7941,0.3166,4.4506,4.7302,3.1935,20.6837,6.5588,2.4514,44.3225,5.6354,5.9593,4.4267,80.333,3.2137,11.9843,62.8878,0.0,122.5344,195.0904,0.0,42.6295,299.6929,195.4545,94.6861,2.285,1.8695,0.1026,8.4974,20.6354,500.813,84.5666,0.0,12.377793059855183,1.3925,21.0374,0.0846,4.6022,6.9128,3.7654,9.0943,76.27,23.44,1.63,9.9808,0.6849,28.4328,5.7163,2.1372,0.5784,0.1201,57.5388,4.98,0.0877,2.0902,0.0382,1.8844,15.4662,536.0109,2.2047,6.11,0.3094,1.9061,0.0838,1.1399,14.0347,0.0104,2.0567,0.0171,0.0173,100.9102
-1.0,2916.54,2256.1222,1.4656,106.3122,1.5496,0.0106,0.0001,198.1241,4.4218,405.6806,0.9778,188.2466,12.5724,1.4053,-4785.25,1500.75,0.9715,1.901,5.0938,68.0444,1.8556,0.1398,85.1572,9.8481,64.5164,66.3923,86.8388,64.83,2.635,359.3109,108.8464,704.7953,1.412,148.6555,616.8127,196.1918,4.591,4.801,2895.0,0.9339,-2.2809,354.8409,11.1587,94.5763,28.095450000000003,22.2809,26.5902,678.2051,146.8818,588.2882,101.3941,-0.0088,-0.021,-0.0628,-0.0006,-0.0297,-0.0307,-0.0182,6.7159,0.1311,0.9616,1854.9557,0.1883,9136.1001,0.0541,-0.0186,0.0121,-0.0261,0.45320860890246084,0.9341,804.8687,0.9906,58.9531,0.5946,0.9779,6.3412,15.73,3.18,15.78,15.77,0.9271,0.5815,3.425,0.0,0.8764,2.4244,1014.2878,200.0,133.9,169.3,54.5999,290.545,0.4628,0.0906,0.0409,0.0367,0.0095,6.7475,4.163,15.108,0.0061,0.31,0.0269,387.0,38.0,0.079,0.069,0.14,3.1,0.173,0.6506,0.26130000000000003,0.7019,0.4381,1.0407,0.46,0.1075,2.75,13.82,43.476,0.375,11.87,8.93,17.949,81.878,0.0443,0.0225,0.0292,0.0496,0.0515,0.0591,0.0919,0.0428,3.4119,0.0624,0.013699999999999999,147.3008,0.0392,1881.8003,0.0162,0.0073,0.054934862849814275,0.0198,192.7825,4.9696,0.0179,0.281,0.1179,3.0933,45.32809999999999,46.3676,53.6056,0.1754,2.1138,0.0264,1.5661,0.0891,0.0093,189.4789,231.3185,1726.4529,17.2892,0.0339,0.0325,0.0604,1.037,0.0426,0.0511,0.2566,0.0985,0.1456,4.1319,0.1365,5.5436,0.0364,0.9442,3.7936,13.6734,0.1102,2.469,1.2299,5.246,23.7318,0.014,0.01,0.0134,0.0236,0.0166,0.0247,0.0488,0.019,1.2509,0.0175,0.0046,43.4399,0.012,547.4018,0.01047910928293104,0.0058,55.4085,1.3638,0.0058,0.1014,0.042,3.1434,0.8555,9.053150000000002,4.5911,6.8249,2.4201,23.6943,31.579,5.8466,94.1468,3.7241,0.6189,2.4657,1.9134,86.1815,2.5321,8.1318,3.6297,2.7485,4.5558,59.2814,79.4118,3.7358,0.764,2.9167,1.0879,0.1742,3.721,6.2565,2.6796,7.6165,1.8499,2.2405,22.1599,5.4057,3.3606,14.8096,41.6134,2.6465,17.3649,80.7522,501.273,61.2662,79.0123,0.0,199.3255,299.5925,234.8422,50.8033,1.9829,2.578,1.3944999999999999,7.9409,20.8147,323.5457,89.3204,0.0,11.924491159970419,2.1212,23.952,0.1291,8.4298,4.4309,4.8629,8.5745,81.014,13.84,0.98,6.5313,0.3977,67.3247,3.4517,1.2097,0.5784,0.1201,57.5388,4.98,0.0877,2.0902,0.0382,1.8844,15.4662,532.67,2.2124,8.8,0.2212,3.174,0.0732,1.6521,9.9979,0.0104,2.0934,-0.0012,0.022,0.0
-1.0,2997.07,2256.1222,1.4656,106.3122,1.4779,0.0052,-0.0013,198.3858,3.6439,404.3204,0.9737,188.8705,12.5724,1.382,-3406.75,-156.25,1.3013,2.0035,7.3912,69.9333,2.7333,0.1984,84.818,8.6309,64.2144,65.9697,86.7969,78.31,2.408,356.5855,126.18,718.4844,1.0574,138.7591,621.5245,58.5086,4.632,4.891,2849.0,0.9329,0.3764,354.3164,10.7052,106.5564,14.6145,19.6236,24.847,693.6374,146.0373,606.91,109.2861,-0.041,0.0202,-0.03,0.0107,-0.0314,-0.029,-0.0016,7.0173,0.1387,0.9681,1846.5282,0.1661,8579.55,0.055,0.053,-0.0007,0.0445,0.4664010493780213,0.949,764.0386,0.9902,58.1833,0.5988,0.9799,6.2519,15.76,3.093,15.77,15.8,0.8893,0.606,3.423,0.1419,0.8434,2.3997,1004.8728,80.0,191.4,190.0,54.5999,290.545,0.4628,0.0988,0.0304,0.0739,0.0083,6.6444,5.893,16.87,0.0065,0.31,0.0301,476.0,1021.0,0.126,0.11,0.165,2.1,0.359,0.9737,0.1305,0.5099,0.3314,0.8317,0.942,0.1449,6.16,6.67,18.755,0.421,6.0,4.6,8.613,82.978,0.0728,0.0582,0.033,0.0767,0.0735,0.0203,0.0912,0.0348,4.9992,0.0583,0.013699999999999999,90.3362,0.0274,953.8003,0.0176,0.0116,0.06743035216622245,0.024,103.1838,1.8584,0.0219,0.4695,0.0993,4.2332,22.3738,64.0325,65.0641,0.1754,2.1138,0.0303,1.5525,0.0891,0.0115,209.1746,88.6153,78.0571,443.1135,0.0569,0.0509,0.0796,0.6946,0.0474,0.1175,0.3588,0.0526,0.1081,5.3784,0.2578,2.1474,0.0449,1.9518,2.0597,5.7756,0.15,1.7175,1.6239,2.3543,26.0031,0.0203,0.0259,0.0165,0.0332,0.0243,0.0088,0.047,0.0149,1.3661,0.0177,0.0046,32.9314,0.007,284.7672,0.010069743669129261,0.0071,30.5132,0.6045,0.0085,0.1569,0.0386,6.1702,1.2397,3.6223,6.3862,7.4712,2.4201,23.6943,31.579,6.685,161.7219,4.1724,0.6665,2.4657,2.1817,5.0782,653.44,9.683,5.4904,2.2324,3.0029,29.2683,69.5409,10.2761,1.148,1.5117,0.7941,0.3166,5.0282,14.9707,0.8517,13.7064,4.4394,1.0732,32.0551,3.5904,3.9327,14.7621,41.0551,1.2417,8.2696,75.9273,177.7506,124.0277,255.6667,688.5246,64.6497,313.9415,0.0,71.2412,0.9019,2.3672,1.3944999999999999,4.8922,16.499,0.0,69.0647,519.2982,12.55212048904977,2.5313,13.5051,0.0655,3.194,7.5103,4.1391,11.4437,75.4,15.35,0.67,6.9991,0.2829,61.6322,3.8272,0.8886,0.1649,0.0405,17.4245,3.77,0.1972,1.5038,0.0702,1.5494,30.8869,523.3110000000001,2.4357,15.390000000000002,0.6164999999999999,5.3345,0.18730000000000002,2.8874999999999993,28.50255,0.0116,2.3055,-0.0012,0.022,0.0
-1.0,3028.65,2228.0555,1.2244,100.2256,1.4554,-0.0267,0.0027,202.9727,9.87,406.5015,0.9611,193.0317,12.469,1.41,-1978.75,289.5,0.67205,1.7109999999999996,1.564,65.5778,2.0333,0.1806,85.6591,8.8249,64.1536,65.8859,86.8889,63.93999999999998,4.181535570211334,358.5445,126.0773,721.4786,1.3808,144.9164,629.5382,238.6452,4.551,4.78,2908.0,0.9326,-10.1291,351.7982,10.9085,95.9482,27.2246,30.1291,39.6821,681.7965,154.5673,602.3136,71.6381,-0.0344,-0.0366,-0.0047,0.0419,0.0166,-0.0139,0.0325,6.7781,0.1345,0.987,1832.2865,0.1556,8701.0799,0.0065,-0.0279,-0.0106,0.0712,0.4664440350576067,0.9482,750.9807,0.9908,58.6488,0.5996,0.9648,6.3447,15.79,3.742,15.85,15.79,1.021,0.6737,3.149,0.0946,0.779,2.3505,1010.4211,96.0,96.6,37.7,47.3,144.1389,0.2699,0.0951,0.0335,0.0403,0.028,8.7925,11.499,9.419,0.0203,0.45,0.0602,2060.5,621.0,0.277,0.21200000000000002,0.498,1.8,0.112,0.5398,0.0739,0.5831,0.2794,0.9636,0.512,0.1625,3.47,14.39,64.202,0.316,16.44,9.17,22.219,92.952,0.1336,0.06,0.0374,0.0521,0.1003,0.0728,0.1086,0.071,2.8209,0.129,0.0014,69.1223,0.0465,1759.5,0.0159,0.0121,0.08305294084502068,0.0284,170.8552,2.2468,0.031,0.408,0.0836,1.987,19.2281,35.615,12.7128,0.0763,1.9517,0.0325,3.7321,0.1432,0.0193,912.5788,562.8794,2288.9531,336.0402,0.12369999999999999,0.09505000000000002,0.2273,0.634,0.0225,0.0414,0.2005,0.0277,0.1273,4.313,0.1698,4.6868,0.0438,1.1012,3.6277,20.3636,0.0876,2.5497,2.9454,6.3082,31.9702,0.0324,0.0275,0.0159,0.0281,0.0315,0.0414,0.054,0.033,0.9838,0.0456,0.0004,22.445,0.014,553.5949,0.01372447023673376,0.0088,52.1534,0.6787,0.0106,0.1338,0.0286,3.0082,0.6652,4.3672,3.1895,1.5356,2.1229,7.9331,22.0467,6.5341,116.5046,2.3171,2.1091,3.609,4.2673,208.4649,214.5078,23.078450000000004,10.417850000000001,7.544649999999999,2.7448,44.2623,40.9846,3.1855,0.6302,0.8374,0.9089,0.2146,4.3677,6.2819,2.1804,11.7662,2.3945,2.2858,26.9027,5.4841,2.8968,6.7432,60.3868,3.2589,21.1989,129.7522,388.4427,600.0,0.0,239.2011,439.2157,782.7027,218.4615,41.6177,2.6764,5.3773,0.139,3.7725,29.9208,324.8322,86.7725,0.0,17.127036404486,2.9925,22.7509,0.0758,3.831,6.4299,3.5553,5.2422,81.122,18.4,1.04,8.6245,0.4572,51.8195,4.5034,1.282,0.2173,0.0388,22.6253,6.432344517747693,0.17653071432099973,2.666173597726716,0.06779092823010094,2.444001319450248,22.233862913677086,528.6918,2.3251,10.2401,0.2349,3.7078,0.0703,1.9369,10.1049,0.0109,2.1789,0.0077,0.0204,255.5817
-1.0,2943.34,2234.6111,1.2049,98.7567,1.6081,0.0143,-0.0146,197.8468,11.8339,402.5961,0.9793,187.2184,12.3376,1.4128,-3851.5,1551.25,0.9718,1.8885,5.0263,68.9444,2.1111,0.1557,85.1572,9.8481,64.5164,66.3923,86.8388,64.83,2.635,361.0209,145.9273,750.0627,0.8654,131.5273,638.4755,60.7971,4.609,4.87,2887.0,0.9331,-11.4709,362.7418,10.3777,114.4564,19.1,31.4709,39.091,710.9717,142.1773,619.3755,102.5681,-0.0365,-0.0239,-0.0204,-0.0036,-0.0229,0.0007,0.0271,7.3698,0.1311,0.9616,1854.9557,0.1935,9184.7201,0.0232,0.0205,0.0043,0.0037,0.47853421512325744,0.9304,823.9463,0.9907,59.0736,0.5995,0.9782,6.2984,15.76,3.987,15.85,15.83,1.163,0.6738,3.085,-0.0946,0.7536,2.3408,1002.6104,200.0,141.3,196.5,73.3999,669.364,0.6016,0.23175000000000004,0.11930000000000002,0.0967,0.009,14.3522,9.09,15.32,0.0055,0.18,0.0745,342.0,103.0,0.079,0.063,0.027,3.0,0.103,0.6506,0.26130000000000003,0.7019,0.4381,1.0407,0.444,0.0765,6.53,16.07,18.603,0.448,12.63,3.66,18.833,54.347,0.0696,0.0418,0.0402,0.039,0.0676,0.0673,0.0542,0.1055,2.276,0.0537,0.013699999999999999,147.3008,0.0518,1264.2998,0.0122,0.0095,0.049455878562187305,0.0169,104.1973,4.6749,0.0112,0.2384,0.0881,3.3945,45.32809999999999,52.4216,69.4953,0.1944,1.876,0.08085,3.047,0.0571,0.0258,142.205,247.4582,627.0813,42.8826,0.0349,0.0282,0.0111,0.9126,0.0384,0.0342,0.2566,0.0985,0.1456,5.4805,0.1268,5.9548,0.026,1.7452,5.1572,5.8714,0.1226,1.1583,1.4221,5.6455,17.8484,0.0242,0.0206,0.0183,0.0169,0.0232,0.0275,0.0225,0.0558,0.8822,0.017,0.0046,43.4399,0.0153,452.8839,0.01031950479657089,0.0049,38.0981,1.3006,0.0035,0.086,0.0336,5.5494,1.0931,9.053150000000002,4.8007,7.9074,3.2847,42.0939,49.9291,16.1177,76.8132,3.8053,0.5578,1.459,5.2761,36.4014,6.6398,8.1297,3.336,0.5372,4.3513,56.8421,89.2934,2.2333,0.764,2.9167,1.0879,0.1742,4.6092,4.2693,2.7932,8.8451,4.9647,2.5169,30.5985,4.9149,4.3169,4.8141,66.1255,2.6489,9.8094,52.9863,190.6523,337.7778,191.411,0.0,294.2077,0.0,388.9401,30.8825,1.9829,2.2241,1.3944999999999999,7.9409,26.7564,0.0,118.77044999999998,0.0,11.793425774682936,1.8174,12.6461,0.1168,7.9137,3.7858,3.7654,9.0943,81.37,13.02,1.28,6.1305,0.4833,102.7861,3.2491,1.5731,0.5784,0.1201,57.5388,9.65,0.1908,3.4517,0.0872,3.9278,26.3243,535.3736,2.3921,8.97,0.2503,3.2348,0.0751,1.6755,10.4655,0.0109,2.1937,0.0077,0.0204,255.5817
-1.0,3022.71,2220.7111,0.9747,103.0567,1.4976,0.0056,-0.0011,199.6705,11.8975,420.7429,0.9728,189.6189,12.5088,1.4107,-3438.25,-543.75,1.2913,1.9918,7.2575,67.8,2.8333,0.2238,85.0716,8.6942,64.3976,65.9335,86.8448,76.33,2.325,361.0445,129.1218,725.1605,1.0454,139.0109,629.1773,62.5171,4.57,4.823,2909.0,0.9284,3.8964,357.6555,10.4632,113.0182,11.4237,16.1036,21.9235,703.237,147.08,617.7536,109.1006,-0.0042,0.0218,0.0263,-0.0036,0.009,-0.052,0.0291,7.4819,0.1302,0.9854,1749.9655,0.1921,9444.11,-0.1079,-0.0158,0.0855,0.24300000000000002,0.4599653710576317,0.9364,809.4251,0.9904,56.2286,0.6023,0.9621,6.4137,15.69,3.663,15.7,15.66,0.9318,0.6207,3.081,0.1419,0.7454,2.362,995.2842,69.0,127.5,102.7,70.3999,461.856,0.4237,0.0887,0.0343,0.043,0.0253,13.1197,10.403,10.182,0.0127,0.54,0.0602,2060.5,1869.0,0.146,0.086,0.092,1.8,0.248,0.9265,0.1267,0.4491,0.3082,0.9837,0.92,0.213,9.59,11.35,38.705,0.396,9.44,7.13,15.73,64.67,0.1072,0.0511,0.1013,0.0192,0.0619,0.0529,0.0429,0.16615,2.5855,0.0925,0.006,150.7789,0.0955,854.5,0.0369,0.03420000000000001,0.07153923267511292,0.021,104.674,4.192,0.0329,0.4426,0.0591,3.0244,17.7312,40.2531,33.9358,0.1094,2.9957,0.0363,3.6909,0.1465,0.0217,912.5788,274.5621,257.1191,803.6477,0.0652,0.0369,0.0394,0.6124,0.0394,0.075,0.3341,0.0542,0.0568,4.9096,0.2878,4.772,0.076,2.6275,4.2723,13.3528,0.1259,1.9653,1.6182,4.6021,22.2832,0.0311,0.0228,0.0428,0.0091,0.0186,0.024,0.0209,0.08248588237179322,1.0922,0.0281,0.0016,46.92,0.0285,270.3487,0.012191906583968673,0.007,32.4246,1.2345,0.0101,0.1447,0.0215,5.9467,0.9444,3.1695,4.2181,4.0899,3.1702,43.3731,43.4704,5.9227,87.4389,2.42,1.307,4.317,4.2661,14.8331,343.7241,11.3069,4.3178,1.2677,2.6549,31.7647,59.8808,7.4289,1.0891,1.4577,0.6974,0.299,3.861,5.2121,2.3202,20.379,6.8987,1.8039,61.9111,4.7164,3.7847,5.1496,82.6356,2.2368,13.3516,59.2756,0.0,228.3799,73.1429,0.0,586.1496,82.5,609.4583,34.5568,2.8425,3.9098,0.609,8.6161,49.7265,0.0,64.9652,0.0,13.988003309133758,2.2381,12.9319,0.1568,7.4552,6.9013,2.5039,7.8238,81.606,15.57,1.56,6.9424,0.6363,50.9416,3.9029,1.9116,0.1343,0.0391,13.9158,6.519393304437156,0.13943233533770802,2.5536574852578413,0.057754863044972515,2.4849338859177648,21.550240666098134,530.5091,2.3854,11.18,0.2455,4.1318,0.0661,2.1074,10.2908,0.0161,3.225,0.0077,0.0204,255.5817
-1.0,3035.2,2221.9444,1.5296,99.2678,1.4616,-0.0018,0.0097,200.4544,9.5362,404.1228,0.97,190.7828,12.5506,1.416,-5291.0,-6264.3333,1.2748,1.991,7.4108,65.5889,2.5111,0.1932,85.0856,8.6324,64.1658,66.0701,87.0354,76.99,3.057,354.1627,149.2782,753.512,1.2287,143.7973,647.2382,200.135,4.529,4.779,2877.0,0.9154,0.4836,357.4636,10.7736,109.7618,28.095450000000003,33.141349999999996,42.99620000000001,703.5857,147.2464,614.4718,107.1394,-0.0011,-0.0172,-0.072,0.0545,-0.0013,-0.0066,-0.0153,7.4112,0.135,0.9885,1697.3016,0.1765,8343.17,-0.0638,-0.0586,0.0079,0.0202,0.4552,0.9563,725.5256,0.9906,58.8927,0.5811,0.9645,6.4417,15.74,2.723,15.75,15.73,0.9744,0.5065,3.531,0.7569,0.83,2.4067,1005.8207,126.0,178.6,153.5,59.5,326.111,0.3041,0.0981,0.0407,0.0232,0.0088,8.4382,4.881,13.055,0.0086,0.36,0.036,722.0,15250.0,0.12,0.094,0.144,1.5,0.427,0.9192,0.0847,0.432,0.2087,0.8673,0.279,0.12,4.78,28.43,52.272,0.341,14.03,11.4,27.693,95.509,0.1443,0.0466,0.0665,0.0657,0.0799,0.0313,0.0814,0.053,3.365,0.0936,0.0044,104.9111,0.0816,1688.3003,0.018,0.0195,0.120188138292432,0.0394,182.2041,4.6215,0.0255,0.3632,0.1069,2.129,33.5026,61.3437,61.4244,0.099,1.4077,0.0378,1.6381,0.0947,0.011,334.0245,121.2903,1254.3415,8366.8997,0.0635,0.0441,0.0642,0.5667,0.0327,0.1513,0.3614,0.0335,0.0941,5.4037,0.0972,11.3662,0.0367,1.6521,8.293,17.8152,0.1125,3.2049,3.307,8.519,26.0308,0.0413,0.0208,0.0305,0.0334,0.0243,0.013,0.0388,0.025,1.2821,0.0282,0.0016,41.7807,0.0266,570.4695,0.02801905827358544,0.012,62.5798,1.2913,0.0072,0.1285,0.0386,5.8848,0.7013,5.6668,5.8843,5.7659,2.6778,21.0164,19.8827,6.7118,51.184,3.2305,0.8832,2.8684,2.5451,57.9286,243.4417,9.4136,4.7212,1.9431,2.287,39.823,58.4819,12.4878,1.0803,0.9814,0.6733,0.3727,4.4528,7.4023,5.0919,9.7672,3.3241,4.3925,26.1184,5.1236,3.1651,6.0586,42.8183,3.936,9.3356,89.1446,0.0,112.4925,91.2817,146.7401,0.0,0.0,345.8401,45.4038,1.6302,3.8838,0.4448,6.1811,46.2474,0.0,118.77044999999998,393.6508,26.600115265074077,4.1157,25.1134,0.1136,7.8473,5.6384,4.443,5.7516,81.798,18.08,2.05,8.8828,0.836,55.5145,4.3695,2.5062,0.3004,0.0557,32.2583,6.577116808633076,0.1751657997360376,2.6800678355693996,0.07035522149236428,2.5026023048883603,22.959221499870203,534.5918,2.397,6.98,0.2972,2.3009,0.1027,1.3057,12.4002,0.0127,2.5273,0.0104,0.0221,211.6182
-1.0,3024.74,2171.8111,1.4598,104.7444,1.4957,-0.0119,0.0129,197.284,14.6304,409.4658,0.9666,187.1937,12.6202,1.409,-6375.125,1887.0,1.311,1.999,7.38,66.7,2.0222,0.1838,85.597,8.5155,64.004,66.2008,87.1407,78.67,2.422,347.9773,164.5955,764.7395,0.9495,132.34,644.9127,66.9881,4.658,4.912,2816.0,0.9359,10.0236,354.8082,9.678249999999997,134.6191,13.1382,29.9764,38.1045,726.635,142.3473,631.7745,107.8617,0.0237,-0.0585,-0.0058,0.0213,-0.0731,-0.0164,0.0278,7.457,0.1349,0.9729,1761.9102,0.1544,8578.82,-0.1126,0.013,0.0172,-0.0637,0.4713,0.9459,752.3592,0.9915,59.0444,0.5962,0.9652,6.3238,15.72,4.147,15.77,15.72,1.168,0.6819,3.132,-0.1892,0.7138,2.3314,998.641,83.0,188.3,150.3,76.2,285.4481,0.1896,0.0792,0.0692,0.0393,0.0285,5.2064,7.604,9.537,0.017,0.59,0.0464,608.0,17134.0,0.06,0.098,0.128,2.6,0.452,0.8383,0.0494,0.4621,0.2392,0.8146,0.511,0.2571,9.75,19.09,37.368,0.883,20.84,10.02,33.789,51.623,0.0996,0.0546,0.0306,0.1154,0.0585,0.0889,0.0973,0.0546,4.6576,0.0997,0.0028,101.0912,0.0502,1035.0996,0.0234,0.0132,0.0752,0.0309,120.1796,3.7118,0.0321,0.4727,0.0862,3.2395,18.5523,64.896,58.4694,0.0605,2.6446,0.025,2.3643,0.168,0.0133,268.5542,127.3172,5823.189049999999,7714.937,0.027,0.0478,0.0587,0.7348,0.0526,0.1636,0.3234,0.0229,0.0913,5.3995,0.1648,11.1382,0.0721,3.1507,6.1275,10.6769,0.29,2.9552,3.1311,10.2138,17.7812,0.0289,0.0263,0.0125,0.0484,0.0204,0.0479,0.054,0.0239,1.4812,0.0299,0.001,35.7538,0.016,338.4203,0.0179,0.0098,35.9172,0.9458,0.0106,0.1589,0.0322,2.4339,0.8967,3.8379,6.2253,5.8858,3.5086,28.3396,12.9891,5.2952,51.9741,2.3291,1.7585,4.675,3.2939,202.3619,878.8110999999999,4.5767,4.9025,1.7344,3.8981,69.2308,94.1354,13.2603,0.9794,0.5804,0.722,0.2984,4.9572,7.8556,5.0116,25.522399999999998,7.3674,2.9601,55.783,6.1651,9.1575,5.2741,158.6218,4.6501,14.9588,47.8604,419.6998,82.4773,0.0,274.8092,121.6558,594.1985,196.0503,62.4595,1.6311,4.1856,0.285,5.7376,32.4903,494.6136,60.1626,0.0,15.9645,3.2634,15.9737,0.0548,6.2865,7.4749,3.6967,8.5163,79.988,20.6,1.06,9.4734,0.4507,59.8757,5.0769,1.3252,0.6766,0.1777,64.609,4.94,0.0923,1.9887,0.039,1.8806,14.7968,533.8218,2.097,8.14,0.2694,3.003,0.0745,1.5248,12.8472,0.0143,2.8837,0.0112,0.0191,170.4645
-1.0,3109.01,2171.8111,1.4598,104.7444,1.603,-0.0158,0.0097,197.6224,9.9939,411.0956,0.9705,187.5394,12.6202,1.3956,-3998.25,325.5,1.294,2.0265,7.3732,67.7222,2.6111,0.2053,84.533,8.872,64.1215,66.178,87.0389,77.67,3.141,349.8855,163.1527,762.8816,0.936,129.0682,642.1064,66.6973,4.658,4.912,2816.0,0.9359,8.0636,353.3564,9.8645,131.2164,13.46,31.9364,39.8719,723.0096,144.0736,628.6464,112.3767,0.0145,0.0118,-0.0405,0.0055,-0.0772,-0.0143,0.0362,7.3367,0.134406598707991,0.9871,1763.0268,0.2398,9122.5701,-0.1212,-0.0688,-0.0741,-0.026,0.4626,0.9354,785.8987,0.9905,58.6494,0.5974,0.9727,6.3057,15.72,4.147,15.77,15.72,1.168,0.6819,3.132,-0.1892,0.7138,2.3314,998.641,135.0,103.3,46.6,76.2,285.4481,0.1896,0.0993,0.0551,0.037,0.0234,5.1788,8.116,6.994,0.0139,0.59,0.1123,2060.5,869.0,0.094,0.061,0.186,1.7,0.461,0.636,0.0783,0.5035,0.2196,0.7917,0.506,0.2067,11.43,24.33,26.423,0.53,17.7,6.23,32.145,98.901,0.0815,0.0418,0.0539,0.0602,0.0871,0.0743,0.1348,0.13,4.0369,0.1053,0.0023,124.1927,0.1254,1071.2998,0.0273,0.0154,0.0216,0.0317,101.5976,2.3724,0.0282,0.4297,0.0862,3.2395,32.4496,37.5213,15.3095,0.0605,2.6446,0.034,2.7247,0.168,0.0453,912.5788,165.135,751.2844,411.9745,0.0458,0.0277,0.081,0.574,0.0463,0.1608,0.2548,0.0331,0.1242,4.4058,0.1538,11.0742,0.0604,4.0539,8.1986,7.7267,0.1672,1.9205,2.3096,9.9979,29.3176,0.0244,0.0174,0.0236,0.0306,0.0261,0.0401,0.0637,0.0682,1.3333,0.0327,0.0009,42.0521,0.0374,316.8993,0.0053,0.0112,29.4809,0.7004,0.0095,0.1456,0.0322,2.4339,0.8967,6.0584,3.3226,1.8736,3.5086,28.3396,12.9891,6.1945,81.2095,1.7013,1.4282,4.675,8.0445,43.519,266.9739,7.2643,3.0101,2.5226,2.5103,72.766,56.9805,13.5292,0.7524,0.8831,0.7852,0.3695,3.8012,5.9454,4.4411,22.0897,8.8558,3.7891,39.6163,6.1651,5.3728,4.2068,131.5005,4.446,12.1978,88.0084,560.3782,65.9046,148.7644,0.0,96.2124,939.3728,359.447,55.0232,2.2583126828155295,4.4784,0.2348,7.0443,63.31987047269746,0.0,56.7164,529.7297,4.6622,3.3878,12.9276,0.0659,4.0451,6.814,3.6967,8.5163,82.532,13.98,1.06,6.9145,0.5083,42.2785,3.4192,1.2844,0.7942,0.1527,82.0961,2.78,0.0895,1.1324,0.0372,1.0578,14.389,535.7864,2.1227,7.23,0.4387,2.5711,0.1357,1.3494,20.6678,0.0146,2.9722,0.0112,0.0191,170.4645
-1.0,2956.64,2139.2667,1.3699,102.2522,1.384,-0.015,0.0095,197.9232,12.7786,406.3874,0.9703,187.8247,12.5547,1.3705,-2691.25,-3721.0,1.2818,1.9995,7.2357,63.7556,2.3667,0.2141,84.2845,9.2362,64.1557,66.3788,87.2687,63.93999999999998,4.447,348.9155,147.3873,741.1929,1.1908,140.5391,636.8418,222.1455,4.595,4.879,2827.0,0.9334,2.0427,349.9909,10.619,109.43,27.8945,33.141349999999996,42.99620000000001,692.501,149.5264,608.9473,91.1287,0.0326,-0.0564,-0.0067,0.0187,-0.065,-0.0135,0.039,6.9757,0.135,0.9881,1810.9804,0.1904,9905.5399,0.0153,0.0316,0.0591,-0.0774,0.4603,0.9138,849.7613,0.9903,59.8751,0.5941,0.9759,6.2804,15.72,4.147,15.77,15.72,1.168,0.6819,3.132,-0.1892,0.7138,2.3314,998.641,80.0,205.5,164.2,83.0,184.906,0.1841,0.2229,0.0547,0.0381,0.0192,4.945,12.119,4.697,0.0143,0.51,0.0193,439.0,8259.0,0.098,0.086,0.083,2.3,0.393,0.7659,0.0916,0.6146,0.4004,0.8861,0.425,0.1147,5.93,18.82,72.901,0.28,15.35,7.44,32.397,81.433,0.1216,0.0488,0.0468,0.0765,0.0766,0.0911,0.0763,0.0592,2.414,0.0454,0.0016,160.5303,0.0604,720.7002,0.0241,0.0133,0.0805,0.0199,73.778,2.5838,0.0544,0.4524,0.0862,3.2395,19.9287,72.6384,57.7692,0.0536,1.6909,0.08085,3.7225,0.1487,0.0066,192.5141,66.7651,1481.8249,4030.1273,0.0521,0.0443,0.0375,0.7282,0.0478,0.162,0.2861,0.0371,0.1029,5.3712,0.1314,10.279,0.0344,2.0571,6.1025,18.7193,0.0838,2.3376,3.1244,10.1607,22.6595,0.0316,0.0221,0.0206,0.0359,0.0212,0.0468,0.0435,0.0252,0.7754,0.0148,0.0005,47.6656,0.0206,236.13,0.0108,0.0075,24.934,0.8534,0.017,0.1557,0.0322,2.4339,0.8967,3.5921,6.9505,6.7402,3.8798,16.4603,13.4388,16.1053,94.838,1.1558,1.4775,4.0622,1.406,111.2866,221.9565,7.6458,4.3011,1.1471,3.6075,46.4789,66.7878,11.8421,0.9087,0.9915,0.958,0.0938,5.1159,5.4279,4.3902,9.6344,4.2195,2.9552,32.8168,7.7588,2.6368,6.2414,55.0286,4.6783,22.9605,89.3604,373.364,70.7503,0.0,410.5863,140.2078,565.1852,151.7949,34.6055,1.6298,1.9096,0.1637,8.8643,31.752,0.0,101.8182,0.0,17.4812,2.1724,8.6822,0.0759,4.3154,7.2041,3.6967,8.5163,79.91,19.31,0.45,8.6802,0.1751,83.2593,4.7675,0.5631,0.4723,0.1055,48.3013,6.52957797224335,0.16437829941906254,2.6235012848972694,0.0670075926102809,2.480616520275336,21.4518268474719,531.0818,2.3445,9.0,0.4321,3.0876,0.1178,1.6947,18.4287,0.0149,3.0214,0.0112,0.0191,170.4645
-1.0,3024.15,2191.7889,1.3808,106.6711,1.6035,0.0023,0.0114,200.2513,6.0457,422.7032,0.9667,190.1539,12.6202,1.4185,-4187.25,289.5,1.2813,1.9995,7.3028,67.4,2.5,0.2174,86.4478,8.8287,63.9006,66.2532,87.0337,78.11,3.708,348.2436,164.82920000000001,767.9395,0.9567,132.0464,647.4518,67.4524,4.658,4.912,2816.0,0.9359,15.64135,351.4918,9.678249999999997,138.46505,11.9518,22.6,30.1062,737.8334,139.4464,635.5,100.6862,0.0407,-0.0053,-0.0283,0.0293,-0.0822,-0.056650000000000006,0.0214,7.1716,0.1386,0.9885,1702.088,0.1911,9309.2001,-0.1676,-0.0019,0.0687,-0.24175000000000002,0.4674,0.9402,800.7351,0.9908,57.0914,0.5769,0.9753,6.2251,15.75,4.484,15.8,15.77,1.172,0.693,3.043,-0.1419,0.7085,2.3275,1003.243,93.0,96.1,59.9,74.2,300.74,0.1646,0.0938,0.0494,0.0443,0.0277,3.507,4.563,16.036,0.0161,0.59,0.0381,2060.5,11575.0,0.184,0.068,0.168,2.2,0.631,0.7997,0.127,0.6414,0.3904,0.8191,0.411,0.1396,12.48,26.03,20.977,0.57,20.38,7.46,38.385,68.74,0.0983,0.0315,0.0394,0.0891,0.0699,0.0648,0.1113,0.1135,5.6687,0.0893,0.0011,86.6066,0.0268,549.5996,0.0369,0.0197,0.0593,0.0253,45.7927,2.3776,0.0303,0.3418,0.0831,4.0485,25.045,29.7162,16.5552,0.0519,2.7482,0.0354,1.9647,0.168,0.0119,912.5788,149.4222,1057.1917,5083.6795,0.0813,0.0289,0.0734,0.745,0.0311,0.1902,0.3256,0.0452,0.1113,4.9574,0.1269,11.139,0.0438,3.695,6.6875,6.8459,0.2095,2.0392,2.5051,11.4764,23.5044,0.0256,0.0132,0.0178,0.0483,0.0208,0.0321,0.0505,0.0507,1.7819,0.0282,0.0003,31.1384,0.0087,185.6846,0.0116,0.0069,15.3331,0.7192,0.0085,0.1187,0.0316,2.988,1.2764,4.1278,3.1778,2.3758,3.3854,26.5344,11.9196,5.8497,75.4748,3.7937,1.6608,4.675,2.6888,60.2543,0.0,14.361,3.4009,2.3005,3.2641,56.0,42.7695,18.317,0.9251,1.4387,1.0037,0.2356,4.8931,6.5924,4.5918,14.5955,9.4512,4.0204,31.099,6.1651,5.909,7.6161,170.5182,5.2024,18.7144,68.2715,241.7089,66.4207,315.1194,238.7703,78.8561,119.6131,531.6159,79.0436,2.0929,3.7252,0.109,5.0883,14.0048,836.0743,118.77044999999998,0.0,12.6951,2.6902,5.7188,0.0788,4.1645,5.4905,3.5699,10.2768,73.0,14.17,0.59,6.6202,0.2244,77.4348,3.5074,0.8082,0.7942,0.1527,82.0961,3.71,0.086,1.4161,0.0352,1.411,14.4582,532.5227,2.0369,9.62,0.5405,3.3152,0.169,1.8065,26.5334,0.026000000000000006,5.21645,0.0112,0.0191,170.4645
-1.0,2997.41,2139.2667,1.3699,102.2522,1.4845,-0.0326,0.0097,197.5258,13.377,405.1345,0.9702,187.1461,12.5547,1.4034,-4607.5,251.25,1.2815,1.992,7.4408,64.7333,2.6222,0.2159,85.0856,8.6324,64.1658,66.0701,87.0354,76.99,3.057,349.0164,145.2045,738.7508,1.2157,143.5327,637.7536,221.0059,4.595,4.879,2827.0,0.9334,3.28,349.6991,10.7093,108.4845,28.095450000000003,33.141349999999996,42.99620000000001,691.3782,150.5927,608.7764,90.2338,0.0394,-0.0078,-0.0144,0.0097,-0.0772,-0.0136,0.0215,7.8823,0.1253,0.9894,1831.0923,0.1499,8609.75,-0.0735,-0.0688,-0.0039,-0.0036,0.4638,0.9496,733.3636,0.9905,60.168,0.595,0.978,6.3067,15.72,4.147,15.77,15.72,1.168,0.6819,3.132,-0.1892,0.7138,2.3314,998.641,123.0,147.7,146.1,83.0,184.906,0.1841,0.0867,0.0743,0.0253,0.0198,4.9582,13.248,15.04,0.0143,0.51,0.0573,236.0,14290.0,0.11,0.166,0.247,2.0,0.341,0.9192,0.0847,0.432,0.2087,0.8673,0.351,0.1252,5.03,17.92,59.778,0.298,14.91,7.34,23.787,40.598,0.0899,0.0607,0.0762,0.1025,0.0702,0.0807,0.0767,0.0607,4.981,0.0884,0.0021,129.7219,0.0398,867.7002,0.0188,0.0086,0.0174,0.0243,75.3553,1.9722,0.03,0.4881,0.0862,3.2395,33.581,54.4143,50.8308,0.0536,1.6909,0.0298,3.8989,0.1487,0.0234,112.5152,295.3093,1477.072,6434.4377,0.0597,0.076,0.1151,0.7071,0.0346,0.1167,0.3614,0.0335,0.0941,4.9891,0.1002,9.8817,0.0366,1.6653,5.3593,17.8098,0.0945,1.8783,1.9675,8.3093,13.8253,0.0224,0.0271,0.0343,0.0483,0.0206,0.0435,0.0409,0.0257,1.6117,0.0299,0.0007,46.0294,0.0134,321.6983,0.0039,0.0078,26.8851,0.7155,0.0091,0.1654,0.0322,2.4339,0.8967,5.4976,4.9276,6.0836,3.8798,16.4603,13.4388,5.8404,99.0357,3.7123,1.478,4.0622,4.0835,65.6538,0.0,8.5837,8.3333,3.3196,3.0896,34.322,47.7097,9.657,1.0803,0.9814,0.6733,0.3727,4.2777,6.1637,4.1858,10.2982,3.5044,2.8099,27.0481,7.7588,2.7826,6.5908,51.4542,3.4405,13.1411,44.992,228.245,91.4501,713.0435,721.8509,104.4998,563.9706,282.9837,63.1915,2.3552,3.5795,0.2081,7.0844,26.5702,0.0,118.77044999999998,475.6757,3.7564,2.5619,10.2753,0.105,3.2778,7.7402,3.6967,8.5163,80.52,19.24,2.09,8.5141,0.878,45.3438,4.7532,2.5956,0.3877,0.0815,39.8805,4.95,0.0967,2.0382,0.039,1.9086,12.6244,534.9427,1.9155,6.6,0.2942,2.2951,0.09,1.2338,15.3597,0.0123,2.456,0.0217,0.0244,112.5819
-1.0,3030.17,2220.7111,0.9747,103.0567,1.515,0.0031,0.0097,203.0877,10.7258,395.2285,0.9614,192.5654,12.469,1.4063,-1938.0,562.75,0.67205,1.7109999999999996,1.5295,66.5444,2.5778,0.2047,85.0716,8.6942,64.3976,65.9335,86.8448,76.33,2.325,360.1236,126.4473,721.657,1.0529,140.5827,627.1536,62.9568,4.557235892331038,4.7812782775012135,2889.3324274568004,0.9287199744897703,9.2527,357.8082,10.3757,115.7,7.3772,10.7473,15.1094,706.5476,146.2682,619.7764,105.8581,0.0051,-0.0372,-0.011,0.0128,-0.0035,-0.0103,0.045,7.2764,0.1299,0.9713,1794.519,0.1524,8733.7801,0.1039,-0.0065,-0.0102,0.07,0.4611915387069554,0.9533,759.1379,0.9907,59.2866,0.599,0.9619,6.4417,15.7,3.865,15.72,15.64,1.012,0.6156,3.18,-0.1419,0.6925,2.3756,998.6588,66.0,223.9,160.7,70.3999,461.856,0.4237,0.0521,0.0456,0.0461,0.027,6.4854,9.258,10.668,0.0197,0.45,0.0608,2060.5,1207.0,0.277,0.21200000000000002,0.498,2.0,0.057,0.9265,0.1267,0.4491,0.3082,0.9837,0.95,0.1571,6.08,11.17,23.413,0.865,8.54,4.46,15.135,62.577,0.0766,0.0592,0.0571,0.0663,0.0681,0.0858,0.0815,0.0851,3.2445,0.0432,0.0034,133.6759,0.0251,415.7002,0.0155,0.0101,0.07831067647334924,0.0039,25.3475,2.3909,0.0213,0.4323,0.0608,3.4953,17.7517,73.6961,61.7016,0.1094,2.9957,0.017,2.4049,0.1432,0.0222,912.5788,562.8794,2248.8837,653.2061,0.12369999999999999,0.09505000000000002,0.2273,0.6346,0.0263,0.0232,0.3341,0.0542,0.0568,3.9714,0.27,4.6309,0.0428,2.3853,3.6775,6.299,0.2491,1.3676,1.6286,4.5695,17.8134,0.0244,0.0275,0.0246,0.0335,0.0222,0.041,0.045,0.0388,0.9762,0.0155,0.0013,41.9217,0.0088,115.7383,0.016253648510317784,0.0014,8.7769,0.8059,0.0084,0.1412,0.0191,5.366,1.2596,2.9867,7.389,6.2795,3.1702,43.3731,43.4704,3.439,86.3151,2.6992,2.0482,3.609,4.3213,214.0867,214.4825,23.078450000000004,10.417850000000001,7.544649999999999,3.0055,23.2759,39.5765,1.6339,1.0891,1.4577,0.6974,0.299,4.0153,7.7186,2.1737,14.9237,4.3249,1.7811,37.189,6.349777722137377,8.3368,4.7537,115.7614,2.1421,12.0761,59.114,0.0,577.561,601.3605,532.2912,0.0,787.4396,189.0061,44.589,3.0021,1.8342,0.3495,7.4491,16.4593,583.3935,95.5975,0.0,17.655438228981392,0.4092,3.339,0.0433,4.0328,6.7107,2.5586,8.439,80.052,16.43,1.19,7.6185,0.4752,56.3658,4.1001,1.4865,0.4962,0.0792,51.1223,6.385377038799059,0.13790263968695823,2.5865264880293344,0.053829409091411234,2.4404627437801283,22.27742338644846,534.9591,1.8002,8.29,0.2435,2.9696,0.0651,1.5497,13.5286,0.0221,4.4393,0.0217,0.0244,112.5819
-1.0,2967.4,2290.9442999999997,1.7719,96.9967,1.5334,-0.0185,0.0126,198.6616,4.4001,404.9213,0.9615,189.2402,12.4278,1.3906,-2003.75,231.25,0.67205,1.7109999999999996,1.4937,64.7889,2.1222,0.1874,85.6591,8.8249,64.1536,65.8859,86.8889,63.93999999999998,4.269154623946291,363.1255,134.13,735.5917,1.2903,142.2082,639.4636,189.1719,4.581,4.838,2901.0,0.9307,-13.713149999999999,356.2209,10.9652,96.7709,28.095450000000003,33.141349999999996,42.99620000000001,687.9336,151.3527,604.3445,80.1643,-0.0036,-0.032,-0.0518,0.0013,0.0099,-0.018,-0.0093,6.5408,0.1358,0.9903,1838.6787,0.1491,9383.1398,0.0111,-0.0019,-0.0309,-0.0007,0.4627890660522562,0.9402,832.3449,0.9908,58.3884,0.6027,0.9674,6.2205,15.76,4.66,15.81,15.8,1.459,0.7232,3.09,0.0482,0.6955,2.3026,992.5579,61.0,161.8,125.5,61.2,500.1289,0.7099,0.1189,0.067,0.0459,0.024,5.2612,4.268,16.215,0.0176,0.39,0.0547,2060.5,519.0,0.277,0.21200000000000002,0.498,1.8,0.108,0.5398,0.0739,0.5831,0.2794,0.9636,0.617,0.2426,7.55,11.5,86.685,0.162,11.54,10.09,25.139,87.687,0.109,0.0673,0.0297,0.0354,0.06,0.0443,0.0769,0.0654,4.2435,0.0437,0.001,113.3219,0.024,1163.7002,0.0155,0.0159,0.0765979651923526,0.0272,116.6109,4.5366,0.042,0.417,0.072,1.6573,15.9558,56.686,48.1091,0.2501,3.101,0.0383,1.5133,0.1166,0.0199,912.5788,562.8794,2318.4202,270.9802,0.12369999999999999,0.09505000000000002,0.2273,0.7184,0.031,0.037,0.2005,0.0277,0.1273,4.5489,0.2039,5.8501,0.0626,2.2163,3.3612,22.9124,0.0433,3.0528,3.4187,7.4984,26.2387,0.0325,0.0288,0.013,0.0166,0.0174,0.0188,0.0424,0.0327,1.4748,0.0143,0.0003,38.1222,0.0073,432.7349,0.013116227716011269,0.0104,43.7238,1.5096,0.0148,0.144,0.0246,2.0545,0.564,2.8234,5.4526,4.9157,2.656,26.9195,40.0643,7.7542,96.998,4.0045,1.8287,3.1381,3.9337,209.0081,224.4324,23.078450000000004,10.417850000000001,7.544649999999999,2.7783,32.9843,51.7487,3.1002,0.6302,0.8374,0.9089,0.2146,4.3979,5.8003,2.8263,18.8041,5.3091,1.7984,45.8234,5.3092,1.4774,5.4148,32.8596,3.6543,29.8674,109.3841,0.0,594.2605,68.3728,0.0,447.4747,427.2222,699.4652,64.8771,1.546,1.8695,0.098,6.1632,16.1078,0.0,33.383,0.0,16.946570010619748,2.8951,14.0099,0.1022,7.7696,6.7042,3.127,4.4466,82.676,23.75,1.52,10.8908,0.5793,69.9169,5.7476,1.8385,0.5784,0.1201,57.5388,5.08,0.1954,2.46,0.0785,1.9479,24.4914,531.9955,2.2473,9.03,0.3492,2.9407,0.102,1.6974,15.5379,0.011,2.1936,0.0123,0.0128,104.0012
-1.0,3067.34,2177.1667,1.0125,104.9322,1.4833,-0.0101,0.013,198.7597,4.9195,407.3818,0.9727,188.6334,12.5549,1.4122,-4081.25,1606.5,0.9918,1.8818,5.1137,64.9,3.0222,0.2131,86.1197,9.043,63.8744,65.8445,86.5358,78.68,2.096,351.9191,143.5536,738.9739,1.2412,143.3855,638.8582,205.097,4.609,4.894,2830.0,0.9332,-9.4964,351.0,10.5359,114.0573,23.77,29.4964,37.1656,701.8083,150.0309,615.0882,52.9231,0.0131,0.0109,-0.0536,-0.0073,0.0033,-0.0276,0.024,6.276,0.1254,0.9874,1786.3082,0.1701,9010.7899,0.0338,-0.027,-0.0865,-0.0986,0.45650087822581786,0.9423,780.9308,0.9915,60.179,0.5993,0.9782,6.3367,15.76,4.66,15.81,15.8,1.459,0.7232,3.09,0.0482,0.6955,2.3026,992.5579,93.0,180.5,73.7,86.0,548.047,0.4706,0.0614,0.0711,0.0374,0.0205,5.3281,6.768,18.2,0.0122,0.56,0.0428,374.0,93.0,0.119,0.067,0.191,4.6,0.185,0.6523,0.1477,0.5788,0.3169,0.7077,0.453,0.1123,6.08,19.7,49.021,0.348,19.24,8.62,31.069,33.26,0.0579,0.0333,0.0237,0.1047,0.0427,0.0342,0.1046,0.0455,5.2508,0.0573,0.0017,76.1748,0.0244,938.2002,0.0199,0.0214,0.05947672694713202,0.0216,101.0518,3.6951,0.0266,0.4831,0.072,1.6573,22.5153,55.1283,25.1367,0.137,3.4449,0.0195,1.9512,0.1648,0.0172,163.0951,259.8339,724.5129,43.1625,0.0491,0.028,0.0838,1.3657,0.0297,0.0636,0.2721,0.0539,0.1463,4.9675,0.1496,10.6219,0.0337,1.9826,6.1557,17.9204,0.1018,2.3868,2.9289,9.4202,9.2599,0.0173,0.0153,0.0109,0.051,0.012,0.0145,0.0542,0.0222,1.7562,0.0198,0.0005,22.6707,0.0086,243.3514,0.01001757116222263,0.0066,26.1304,1.006,0.0081,0.1585,0.0246,2.0545,0.564,4.2048,5.8846,2.9521,3.906427332733898,56.5219,46.4746,4.1396,137.5762,4.4676,1.2526,4.4604,3.0335,43.4181,5.789,11.999,3.5605,3.735,7.0878,36.3971,42.7007,3.9859,0.7574,1.6333,0.9062,0.2082,4.896,7.8855,4.7171,9.0439,4.2403,3.0836,23.9014,5.8809,3.303,4.3487,80.9423,4.427,19.0322,62.8459,443.4658,125.4237,195.2448,587.9518,0.0,378.6425,189.5833,83.6635,1.6743,2.3965,0.1687,4.2644,14.3249,0.0,86.8217,0.0,11.711706515579257,2.2927,12.9399,0.0556,6.1401,7.6234,3.127,4.4466,72.9,21.16,0.38,10.3947,0.1456,36.6028,5.253,0.5213,0.3709,0.0655,40.593,3.06,0.0788,1.3045,0.0289,1.1709,12.5106,534.5045,2.4213,10.13,0.2431,3.5979,0.0833,1.8952,10.039,0.0188,3.7529,0.0165,0.0129,78.1942
-1.0,3074.63,2223.4,1.2479,105.7289,1.5679,-0.0197,0.01,203.0076,5.1365,406.8667,0.9712,193.6548,12.3376,1.3919,-3744.0,-394.0,1.251,1.9755,7.0335,65.4444,2.9111,0.2199,83.8465,8.8945,64.3323,66.5574,87.85059999999999,74.84,2.869,363.5718,130.3482,730.4395,1.0287,136.2509,630.1709,57.1392,4.608,4.856,2888.0,0.9308,-7.9627,360.4909,10.7698,102.3855,14.8954,27.9627,30.2755,700.1641,152.3991,615.2755,171.6598,-0.0127,-0.0782,-0.0323,0.0194,0.0059,-0.0187,0.0,7.3566,0.1291,0.973,1854.6326,0.1484,9019.7198,-0.0366,0.0419,0.0191,0.0398,0.45091808866684935,0.9397,659.6154,0.9907,59.7698,0.6043,0.9807,6.1637,15.76,4.66,15.81,15.8,1.459,0.7232,3.09,0.0482,0.6955,2.3026,992.5579,82.0,129.7,117.4,84.6001,583.262,1.0531,0.0716,0.0925,0.0538,0.0106,7.1681,3.645,17.403,0.0079,0.18,0.0531,426.0,928.0,0.116,0.024,0.141,3.2,0.175,0.703,0.1592,0.4688,0.2211,0.7648,1.074,0.30280000000000007,5.12,11.4,34.003,0.489,10.39,8.25,18.197,57.606,0.0501,0.0492,0.0289,0.0211,0.0339,0.0269,0.0737,0.0649,2.0882,0.0349,0.0085,131.1289,0.0243,599.0,0.0161,0.0106,0.06571834148019406,0.0186,57.877,2.4837,0.0402,0.4264,0.072,1.6573,25.1587,39.2188,39.2427,0.3248,2.9109,0.0271,1.0684,0.0571,0.0176,210.8876,236.6523,421.7756,387.5693,0.0541,0.0114,0.07,0.9435,0.0389,0.0627,0.2546,0.0769,0.0867,3.8465,0.3203,6.3186,0.0849,1.5936,3.5676,10.5975,0.1429,2.1831,2.1221,5.1405,17.7121,0.0135,0.0216,0.0139,0.0089,0.0109,0.0118,0.0391,0.0267,0.7685,0.0143,0.0031,42.2989,0.0075,193.7369,0.008903478148205655,0.0069,20.3978,0.8076,0.0137,0.1398,0.0246,2.0545,0.564,3.7164,4.2184,4.6243,3.805,52.786,64.9361,4.5667,70.9621,4.2773,0.8142,1.459,3.8143,27.297,235.533,9.2726,1.2149,2.0047,4.8896,51.5267,63.2137,5.2799,0.8384,1.7894,0.7287,0.6795,3.2978,6.8355,2.951,25.522399999999998,3.7578,1.809,59.5091,5.5977,4.5405,10.3823,69.7529,2.599,10.0958,33.5582,394.1003,0.0,65.2241,174.7986,454.0084,394.6452,0.0,28.3859,1.8585,1.4456,0.8726,7.0703,16.4015,493.0233,118.77044999999998,728.8889,12.709499163084255,1.9822,8.7744,0.1076,4.1554,6.9176,3.127,4.4466,81.44666357679503,16.873437712192338,1.3419509293691798,7.585915994601282,0.5636875972821203,55.12854823369468,4.17344706537093,1.644487059230335,0.5777,0.0863,59.3942,6.703686915232741,0.16069778720337244,2.786525096164098,0.06619069927047927,2.5044556411239145,21.045246739096733,535.3736,2.3921,8.97,0.2503,3.2348,0.0751,1.6755,10.4655,0.0205,4.1529,0.0105,0.0198,188.2466
-1.0,2992.92,2146.8555,1.0638,106.8833,1.3479,0.0306,-0.0106,199.9538,7.1587,397.5708,0.9611,189.7407,12.5547,1.4004,-5767.0,-498.0,1.269,1.9552,7.0542,62.8778,2.6111,0.2344,85.7375,9.0998,64.0107,66.6946,87.85059999999999,63.93999999999998,5.041,350.0391,145.8445,739.8484,1.2223,139.8018,635.6855,226.9638,4.595,4.879,2827.0,0.9334,1.1173,350.0927,10.7943,106.9618,28.095450000000003,33.141349999999996,42.99620000000001,690.559,149.6636,606.7182,104.4045,0.0209,-0.0001,-0.0178,0.0183,0.0046,-0.0073,0.0169,7.4015,0.134,0.9634,1816.0286,0.1539,10084.500049999999,0.0078,-0.0381,-0.0221,-0.0774,0.4654,0.9512,889.5813,0.9903,60.0184,0.5994,0.9784,6.3357,15.76,4.66,15.81,15.8,1.459,0.7232,3.09,0.0482,0.6955,2.3026,992.5579,75.0,156.1,128.5,85.0,314.578,0.4034,0.051,0.0555,0.0523,0.0222,3.7506,6.773,13.431,0.0157,0.51,0.0391,616.0,17919.5,0.155,0.037,0.195,3.1,0.342,0.9046,0.0954,0.6261,0.3587,0.7054,0.566,0.091,9.76,19.99,72.234,0.156,15.31,11.12,25.696,46.237,0.1086,0.1041,0.0963,0.109,0.0669,0.0691,0.0781,0.0585,2.8277,0.0409,0.013699999999999999,81.8126,0.0412,1156.7002,0.019,0.0073,0.0262,0.0359,100.5366,2.5113,0.0325,0.5265,0.072,1.6573,19.0317,57.4002,47.1684,0.1322,3.084,0.018,1.8992,0.1487,0.0108,285.3781,231.9847,1484.3686,8994.62525,0.0791,0.0158,0.0832,1.0183,0.0436,0.1208,0.3349,0.0405,0.0703,5.8851,0.2028,10.9136,0.0283,3.0622,6.3756,21.3356,0.0524,2.9697,3.3817,8.4484,15.3209,0.0268,0.0443,0.0399,0.0497,0.0221,0.0285,0.0376,0.0266,0.9195,0.0131,0.0046,25.8338,0.01,381.0545,0.0053,0.0123,32.3783,0.8656,0.0102,0.1643,0.0246,2.0545,0.564,3.3971,5.2156,4.7478,3.906427332733898,34.2851,37.9267,3.7836,94.6118,3.3783,1.6361,4.0622,2.7906,54.0836,0.0,12.2143,1.8923,2.7643,4.9302,53.617,62.7014,10.5952,1.0551,1.0486,0.9781,0.6795,5.128,7.4806,5.1248,7.4479,6.9813,3.1446,31.8262,7.7588,1.4452,5.0205,52.8527,3.721,8.9501,44.2864,518.6866,155.8967,612.3596,366.3244,0.0,0.0,345.6425,38.2048,1.8655,1.7344,1.3944999999999999,4.505,26.7904,0.0,118.77044999999998,0.0,5.623,3.7793,10.9236,0.0916,4.1842,8.3103,3.127,4.4466,82.6,22.83,0.88,10.5845,0.376,97.3612,5.616,1.0654,0.2058,0.038,22.7192,6.539210452835978,0.1478142456835356,2.6099896148874517,0.05800470946288652,2.4808207555121182,21.186092786727105,537.9418,1.9847,9.91,0.2269,3.335,0.0762,1.8422,11.4341,0.0097,1.9486,0.0009,0.0242,0.0
-1.0,2896.63,2165.6222,1.3366,105.9356,1.4281,0.0055,-0.0119,198.8053,4.2628,412.501,0.9678,188.3627,12.6202,1.3891,-4088.0,-970.0,1.3168,1.993,7.284,67.7333,2.7111,0.2166,85.597,8.5155,64.004,66.2008,87.1407,78.67,2.422,348.6382,164.82920000000001,770.0184,0.9664,129.6,647.28,61.7534,4.658,4.912,2816.0,0.9359,8.3918,352.2655,9.7511,137.4336,14.5664,31.6082,39.8602,730.1582,143.0145,632.7136,108.1842,-0.0223,-0.0017,-0.0161,-0.0021,0.0742,-0.0336,0.0195,6.8459,0.1252,0.9879,1858.0592,0.1899,8560.3601,-0.0323,0.0102,0.0164,-0.0731,0.465,0.9493,736.7044,0.9901,56.4349,0.5991,0.9733,6.2349,15.73,2.948,15.79,15.74,0.8798,0.5923,3.533,-0.0946,0.8487,2.3907,1001.8904,84.0,174.0,131.8,64.2,194.098,0.2479,0.1254,0.062,0.0372,0.0327,8.595,5.978,17.173,0.0161,0.59,0.0696,912.0,969.0,0.184,0.072,0.262,2.3,0.434,0.8383,0.0494,0.4621,0.2392,0.8146,0.52,0.2359,9.49,23.77,38.988,0.87,29.05,8.72,44.2729,104.314,0.0388,0.024,0.0642,0.0619,0.038,0.0655,0.1033,0.043,5.9009,0.05,0.0013,124.1028,0.0623,1469.9004,0.0174,0.017,0.0454,0.0299,156.028,2.2262,0.0346,0.3736,0.1008,3.621,22.8573,53.9919,46.9106,0.0729,2.6876,0.0458,1.8966,0.168,0.0213,421.7851,247.7531,978.3684,435.4806,0.0873,0.036,0.1095,0.7089,0.0523,0.1452,0.3234,0.0229,0.0913,5.9989,0.1658,11.1679,0.0839,3.2364,7.4491,13.9677,0.2783,2.376,3.3902,13.0826,32.947,0.0108,0.0115,0.0305,0.0285,0.011,0.0319,0.0533,0.0182,1.9312,0.0161,0.0005,37.3969,0.0172,478.9758,0.0084,0.0092,51.1259,0.7043,0.0107,0.1297,0.0343,3.8185,1.2968,3.8604,6.007,5.1676,2.9645,20.367,18.5458,8.7811,140.2359,4.1631,1.6657,4.675,5.0119,52.275,99.8969,13.9738,3.6126,3.5969,3.3957,51.6393,81.2724,12.7622,0.9794,0.5804,0.722,0.2984,5.8399,5.4957,4.6107,24.4088,7.3225,3.6723,63.135,6.1651,8.9221,11.089,199.432,6.0635,19.3073,96.4226,173.8449,43.3018,384.472,0.0,88.2749,307.2119,219.9488,86.1964,1.5977,2.0389,0.1361,6.6792,32.7998,326.1391,68.6695,0.0,9.7632,3.1535,21.1792,0.0357,3.9448,5.9915,4.2162,9.8505,74.053584453222,17.262838452143203,1.2124907528879103,8.082335947199297,0.48919296499553,63.74061334921836,4.278856740041222,1.6400944689412875,0.108,0.0298,11.7468,3.71,0.0975,1.3428,0.0383,1.4093,17.3685,533.9245,2.134,7.87,0.3639,2.7079,0.1064,1.474,17.0534,0.0141,2.8528,0.0123,0.0094,76.4584
-1.0,3054.13,2192.6889,1.3923,102.1067,1.4005,0.0056,-0.0192,195.1023,10.1975,417.5535,0.981,184.6438,12.3376,1.4057,-5278.75,-878.75,1.29,1.9723,7.1762,63.9889,3.0444,0.2357,83.8465,8.8945,64.3323,66.5574,87.85059999999999,74.84,2.869,362.91,130.7782,729.4822,1.0296,139.35,633.0382,56.1534,4.608,4.856,2888.0,0.9308,-13.713149999999999,356.3364,11.0064,95.2464,28.095450000000003,33.141349999999996,42.2686,687.2136,151.7173,603.3,107.8485,0.0154,-0.0314,-0.0475,-0.0243,-0.001,-0.023,-0.0067,7.4801,0.1345,0.9654,1883.8012,0.1495,9046.94,0.035,0.0307,0.0,0.0755,0.4549247379524364,0.9457,753.7949,0.9906,58.5944,0.5898,0.9764,6.3625,15.72,4.518,15.77,15.71,1.314,0.7328,3.269,0.1892,0.6489,2.3171,1007.1389,96.0,101.1,45.4,61.7,342.1119,0.1252,0.0905,0.0786,0.0345,0.0082,11.8515,4.42,5.079,0.005,0.18,0.0484,794.0,2210.0,0.16,0.082,0.141,3.6,0.213,0.703,0.1592,0.4688,0.2211,0.7648,1.189,0.1179,12.4,15.53,6.613,0.231,9.17,10.09,18.834,57.046,0.0435,0.049,0.0391,0.0171,0.0443,0.0704,0.0946,0.0511,3.7188,0.129,0.0076,80.6482,0.0272,1428.1006,0.015,0.0147,0.06956287526051652,0.0214,138.663,5.0098,0.0227,0.5049,0.0758,4.3617,19.2281,34.9789,15.0626,0.0409,2.2396,0.0287,1.642,0.0571,0.0171,334.372,173.0402,1609.4319,909.3508,0.0728,0.039,0.0653,1.1308,0.0261,0.0662,0.2546,0.0769,0.0867,5.7133,0.3526,6.3936,0.0368,3.7202,5.3223,2.2345,0.0782,3.0728,2.2634,5.5419,17.76,0.0138,0.0224,0.0163,0.0081,0.0103,0.0393,0.0457,0.0226,1.1493,0.0456,0.0027,28.2867,0.0079,391.685,0.006464357118663866,0.0067,40.0528,1.3848,0.007,0.1661,0.026,3.3223,1.4083,4.3672,3.3103,1.8079,2.8139,30.2489,8.992,6.4622,43.3442,1.2164,0.507,1.459,3.4438,73.7675,251.4936,12.4031,4.1577,1.9648,5.626,29.562,33.5219,6.4005,0.8384,1.7894,0.7287,0.6795,4.3289,7.356,2.9764,11.448,8.8985,2.4533,11.7767,5.5977,2.0988,10.2366,30.8358,2.7406,21.0192,52.8945,283.157,0.0,36.0,181.9302,0.0,411.3043,759.8513,49.7161,2.6764,5.3773,0.7879,4.2811,18.1788,0.0,118.77044999999998,0.0,12.858426246301827,2.2608,18.3953,0.1334,8.55,7.9352,3.2719,11.4921,77.59144158525106,17.1605829705933,1.2620304492712469,8.042239947846763,0.521485706465536,45.81377125180246,4.263744792501204,1.6298669006479185,0.5777,0.0863,59.3942,6.491650065650707,0.15103277198658147,2.643559552589477,0.05899249561696446,2.4713316039983018,21.086165308799696,538.5064,2.5244,8.11,0.333,2.6391,0.1069,1.506,13.19,0.0226,4.5414,0.0123,0.0094,76.4584
-1.0,3031.39,2280.8222,0.6815,101.9111,1.5362,-0.0088,0.0039,199.4963,3.0095,392.5352,0.9583,189.9427,12.4322,1.3987,-1363.875,1615.5,0.9637,1.8895,5.112,62.6778,2.6778,0.2174,86.3416,9.219,64.0969,65.8265,86.336,77.9,2.163,350.1782,149.9127,743.4202,1.2644,129.3409,629.4318,125.4345,4.567,4.804,2833.0,0.9354,9.6564,352.5309,10.1654,119.5691,15.2927,30.3436,39.4515,703.9686,142.0391,614.1391,76.5991,0.0166,-0.0348,-0.068,0.0239,-0.0903,-0.0085,-0.0168,7.265,0.1351,0.9907,1793.7857,0.1614,9027.0001,-0.0171,-0.0344,-0.061,-0.1349,0.4651,0.9494,794.8422,0.9898,55.696299999999994,0.5992,0.9774,6.304,15.72,2.831,15.75,15.8,1.087,0.4951,3.253,0.7096,0.806,2.3911,1009.3044,87.0,80.9,51.9,49.3,329.133,0.1278,0.1403,0.053,0.0313,0.0237,9.467,3.711,19.538,0.0226,0.52,0.022,1736.0,75.0,0.108,0.07,0.178,3.2,0.152,0.7865,0.1347,0.5479,0.3375,0.7062,0.474,0.1067,10.0,19.33,81.165,0.911,26.4,2.98,32.086,91.207,0.096,0.0494,0.0359,0.0402,0.0719,0.0859,0.1094,0.0519,5.4762,0.0388,0.0009,76.2649,0.0359,859.2998,0.0339,0.0251,0.0701,0.017,76.7409,1.9484,0.0233,0.5402,0.1012,1.761,23.9573,24.6265,17.7492,0.0475,1.5597,0.0493,1.3102,0.1563,0.0065,849.4368,395.5261,5823.189049999999,34.8186,0.0455,0.0293,0.0808,0.9692,0.0224,0.0453,0.2922,0.049,0.0687,6.1242,0.166,10.2018,0.0298,2.7743,5.4816,25.0609,0.237,0.9023,1.1406,9.7379,29.5959,0.0311,0.0213,0.0157,0.0167,0.0211,0.045,0.0548,0.0234,1.8844,0.0126,0.0003,22.6798,0.0101,293.6269,0.01,0.0057,24.9279,0.6722,0.0073,0.1719,0.0355,3.0276,0.5479,3.9067,2.6687,1.9712,2.1615,29.2372,18.76,9.1332,123.3114,4.9774,2.3584,4.1827,1.5765,0.0,4.6425,11.2062,3.7047,3.482,5.1055,33.61,32.652,3.2528,0.9109,1.4607,0.8548,0.1908,5.2887,6.9307,4.5978,8.4405,7.7315,3.071,64.707,6.701,8.9618,8.9153,172.6315,4.5579,27.8933,119.0706,577.8781,149.3575,59.1176,300.601,95.0747,0.0,308.4695,75.3772,2.812,1.6119,0.0906,4.2516,22.2487,0.0,37.5,864.8649,15.0641,1.7904,9.6549,0.0883,3.6078,8.5692,4.2338,4.9654,73.576,23.33,1.53,9.6782,0.622,146.2962,5.8066,2.0795,0.1661,0.0403,17.045,6.247645602825361,0.08005032646404994,2.519707373389645,0.03474871080284142,2.415112565861878,17.205125603957246,529.2545,1.7725,9.09,0.2502,3.0562,0.0719,1.7175,14.1153,0.016,3.2178,0.0123,0.0094,76.4584
-1.0,2981.95,2205.2889,1.2733,98.8056,1.4334,0.0056,0.0012,195.5076,4.0633,409.7165,0.9718,185.0777,12.4047,1.3986,-6155.25,-3084.5,1.2698,2.0057,7.38,69.9,2.4333,0.2109,84.3232,8.5218,64.2803,66.1861,87.0459,78.42,3.645,352.1318,152.7964,749.8995,0.9,125.9727,630.9009,65.6619,4.596,4.837,2870.0,0.9293,13.7,353.7409,10.1538,126.4964,7.8629,26.3,30.7798,719.1197,144.2791,624.5164,43.5471,-0.0266,0.0059,-0.0517,0.008,-0.0728,-0.0145,0.0566,7.7683,0.1314,0.9809,1812.6325,0.1888,9301.6298,0.051,-0.0205,-0.0609,0.0692,0.476,0.9396,810.9034,0.9903,57.0012,0.5889,0.9683,6.2398,15.84,4.467,15.92,15.88,1.753,0.7352,3.197,0.1892,0.6926,2.2935,1012.5756,92.0,94.2,172.7,58.3,468.7301,0.5377,0.1075,0.0562,0.0417,0.0274,11.7755,2.251,8.411,0.0142,0.6,0.0324,466.0,8807.0,0.126,0.088,0.123,1.3,0.544,0.8705,0.1031,0.5282,0.3729,0.8096,0.685,0.1694,10.78,21.93,27.733,0.381,12.36,5.21,35.923,30.081,0.097,0.0377,0.0312,0.093,0.0585,0.0787,0.0768,0.0948,2.9194,0.0559,0.0028,163.6858,0.0312,1746.9995,0.0132,0.0316,0.087,0.0176,192.3662,2.0479,0.041,0.4414,0.0855,3.1058,22.8062,32.6617,54.9822,0.1775,2.2417,0.0395,0.8225,0.169,0.0111,197.8501,332.7692,3824.294,4207.2081,0.0589,0.0384,0.0505,0.4583,0.0365,0.1633,0.3146,0.0448,0.1021,7.0901,0.1993,9.6949,0.0441,3.1123,6.1993,7.541,0.1282,1.4326,2.0612,10.6538,10.5442,0.0298,0.0164,0.0165,0.0416,0.0191,0.0451,0.0422,0.0519,0.9506,0.0166,0.001,50.4251,0.0108,507.0761,0.0173,0.0062,53.947,0.795,0.0128,0.1494,0.0291,4.4111,1.1345,4.1633,3.159,7.5763,2.6436,28.751,42.23,7.4994,55.3987,2.0529,1.457,4.8369,2.3187,133.0409,285.5244,9.9232,4.3874,1.6667,1.8598,57.5342,55.9536,16.4444,1.0323,1.2102,0.8217,0.243,5.5292,6.6036,4.5313,18.8241,8.5574,3.476,42.2361,6.0687,3.7523,7.3915,157.194,4.9954,26.6496,69.0769,364.9189,65.5367,179.971,733.5423,108.0302,528.7435,167.4172,37.5816,2.7397,2.3027,0.2896,9.0303,16.5536,0.0,68.0851,0.0,18.2799,1.873,23.7225,0.0856,3.5928,7.0738,3.7275,8.7017,72.78,12.06,0.91,5.2851,0.3326,59.2127,3.0201,1.2503,0.1454,0.0332,15.2751,6.401599126764542,0.14832390357100897,2.5728625001486805,0.0655010824228724,2.445694882294246,21.01277300792106,534.84,1.4942,10.18,0.2467,3.2179,0.0704,1.9034,16.5142,0.0156,3.1457,0.0123,0.0094,76.4584
-1.0,2977.98,2212.7111,1.3848,101.93,1.431,0.009,0.0033,208.1239,14.0538,423.2695,0.9707,198.2823,12.4578,1.3943,-3327.75,1378.25,0.9775,1.8878,5.0635,67.5667,2.8333,0.1932,86.4863,8.828,63.9349,66.2347,87.0137,77.17,2.547,349.8373,129.1018,717.1216,1.3426,144.92,623.8591,167.9829,4.622,4.883,2821.0,0.9363,6.5191,348.35,10.4561,115.6209,12.7346,13.4809,20.1394,696.9823,147.1536,611.1245,114.271,0.0207,0.0068,-0.0288,0.0217,-0.0216,-0.025,-0.0318,6.8271,0.1256,0.9761,1886.8436,0.1683,8967.6602,0.0363,-0.0065,-0.0263,-0.2073,0.45500652608735037,0.9462,775.285,0.9909,58.0855,0.5915,0.9785,6.3498,15.82,4.782,15.92,15.93,1.39,0.7308,3.126,-0.1892,0.6492,2.31,1012.0811,130.0,96.3,189.0,47.0,262.639,0.1014,0.1343,0.0499,0.0398,0.011,4.3689,9.407,10.587,0.0077,0.3,0.0283,220.0,99.0,0.112,0.084,0.18,3.4,0.107,0.7217,0.0828,0.6793,0.3869,0.7397,0.478,0.1237,9.05,14.24,40.685,0.348,14.46,2.98,28.234,81.251,0.0781,0.0305,0.0334,0.0475,0.059,0.1131,0.0647,0.0353,5.9588,0.0737,0.0083,136.9537,0.0233,1947.5,0.0307,0.0244,0.05574668117724463,0.0246,198.3038,4.6305,0.0262,0.4693,0.0767,2.8628,33.2167,38.0454,59.1813,0.0325,2.3525,0.0441,2.8955,0.0755,0.0096,101.7296,325.4443,560.6837,47.1478,0.0476,0.0344,0.0889,0.9887,0.0242,0.0403,0.295,0.0313,0.1363,5.1286,0.1614,8.8256,0.0395,2.4181,4.1071,13.9328,0.0938,1.1286,1.9311,9.1799,22.8794,0.021,0.015,0.0143,0.0239,0.0188,0.0634,0.0325,0.019,1.9822,0.0219,0.0029,47.6599,0.0067,591.8866,0.012945613546928404,0.0094,63.4325,1.2525,0.0083,0.1496,0.0263,3.1672,0.8069,5.798,3.2337,7.9257,2.1241,24.716,7.3253,9.385,66.9355,2.5012,0.7954,2.4081,2.0304,38.0437,7.183,11.4578,4.4497,3.5549,5.0321,24.7059,37.7803,2.3002,0.8345,0.9374,1.0625,0.4354,4.8394,6.3128,4.0052,9.2123,6.2448,2.2826,24.2197,6.6629,3.3282,6.2099,113.5491,4.0509,19.822,71.1038,377.4086,148.7805,164.7875,272.3601,523.0058,259.3186,111.0936,87.2824,1.7514,3.2003,0.8468,7.2584,13.8623,887.2727,70.7483,0.0,12.170647274064013,2.601,25.5782,0.133,7.9719,7.3909,3.32,7.8932,75.75939577890313,16.94991889185515,1.2194197403749578,7.657858994167607,0.504147613083596,63.99257778832776,4.210885480400199,1.611156588162839,0.5147,0.148,40.469,4.84,0.1467,1.9874,0.0533,1.927,22.9171,535.21,2.1136,7.97,0.2182,2.8698,0.0641,1.4891,10.3231,0.0157,3.0935,0.0123,0.0094,76.4584
-1.0,3072.35,2212.7111,1.3848,101.93,1.5101,0.0061,0.0093,207.1451,13.4022,426.6365,0.9684,197.2039,12.4578,1.4067,-3808.75,-367.3333,1.2995,2.0068,7.3145,67.4222,1.6444,0.1314,84.1154,9.2281,64.081,66.4082,86.9417,63.93999999999998,5.041,350.9345,131.8018,717.2904,0.971,135.1073,617.8436,56.0427,4.594,4.85,2824.0,0.9359,5.3118,348.2118,10.3578,117.1136,10.2716,14.6882,18.8275,698.4629,143.2855,608.6109,108.954,0.0275,0.0187,-0.0278,-0.0096,-0.0097,-0.0164,-0.0338,7.6638,0.1364,0.9672,1830.7801,0.1982,8716.3799,0.0318,0.0363,-0.035,-0.0928,0.46019355138910534,0.9479,725.8186,0.9917,58.7289,0.5969,0.9726,6.1107,15.82,4.782,15.92,15.93,1.39,0.7308,3.126,-0.1892,0.6492,2.31,1012.0811,80.0,182.3,101.8,47.0,262.639,0.1014,0.23175000000000004,0.0463,0.0325,0.0112,4.6453,7.502,7.356,0.0082,0.3,0.0637,754.0,15412.0,0.197,0.079,0.098,1.9,0.496,0.8535,0.0896,0.5157,0.4241,0.7737,0.805,0.1291,6.35,18.67,18.424,0.289,16.08,2.73,29.784,85.089,0.0675,0.0247,0.0332,0.0482,0.0732,0.1246,0.1117,0.0501,2.4812,0.0535,0.0095,127.6801,0.0684,913.7002,0.0211,0.0143,0.040135834931995296,0.0299,97.7812,3.9789,0.0235,0.4165,0.0767,2.8628,22.8837,58.1032,37.2925,0.0325,2.3525,0.08085,2.3832,0.0755,0.0227,396.3992,299.0847,1141.4842,8622.3993,0.0819,0.0373,0.0449,0.5585,0.0454,0.1561,0.3143,0.0401,0.1204,5.145,0.2366,9.8561,0.0432,2.009,6.1219,7.4846,0.079,0.9797,1.1861,9.5252,30.0579,0.022,0.0116,0.0138,0.0218,0.0196,0.0684,0.0553,0.0239,0.8857,0.0178,0.0036,43.2614,0.0192,311.4579,0.009184257465681626,0.0109,33.1679,1.0685,0.0079,0.1379,0.0263,3.1672,0.8069,3.7612,5.9336,3.9893,2.1241,24.716,7.3253,16.1177,55.976,1.7242,0.8462,2.4081,4.5269,63.0391,0.0,15.1597,3.9367,1.3398,2.8181,79.0541,118.6813,14.5157,1.0147,0.9705,0.8048,0.2481,4.773,7.534,4.4243,13.2985,4.7,3.0218,32.8749,6.2321,2.7902,6.5321,156.548,4.2642,15.9177,78.0963,245.6779,198.3936,173.3813,763.4941,0.0,683.1804,148.0059,32.3755,2.0535,2.1757,0.9844,6.9741,34.5089,0.0,68.6275,0.0,10.135567126461071,3.1538,13.4718,0.0377,6.7751,6.8152,3.32,7.8932,78.18,12.16,1.22,5.1685,0.4759,22.9106,3.044,1.5605,0.5147,0.148,40.469,8.68,0.1363,3.4228,0.0564,3.4535,17.055,532.7,2.3601,10.46,0.1936,3.7087,0.0595,1.9636,8.2046,0.0103,2.0499,0.0123,0.0094,76.4584
-1.0,2998.59,2184.8889,1.0124,103.1656,1.3933,-0.0229,-0.0137,199.5091,8.0805,391.3714,0.9575,189.1438,12.6202,1.3941,-1363.875,1546.25,0.9765,1.8982,5.1543,64.0333,3.0667,0.2228,85.5455,9.2655,63.8677,65.769,86.4804,63.93999999999998,3.923,348.2382,163.6618,762.9169,0.9557,131.6055,643.5055,65.5317,4.658,4.912,2816.0,0.9359,7.7745,351.3873,10.0843,131.4364,17.3355,32.2255,39.9106,723.0064,143.3464,626.17,113.0845,-0.0227,0.0244,0.002,0.0387,-0.0957,-0.0226,0.0167,7.8504,0.1249,0.9785,1846.5844,0.1652,9214.3999,-0.0251,-0.0874,-0.0098,-0.0821,0.4649,0.9361,816.6838,0.9905,59.5606,0.6056,0.9726,6.2515,15.82,4.782,15.92,15.93,1.39,0.7308,3.126,-0.1892,0.6492,2.31,1012.0811,81.0,69.2,110.5,54.2,411.217,0.5892,0.1334,0.0616,0.0593,0.0326,9.3099,6.749,7.611,0.0236,0.59,0.0421,325.0,105.0,0.105,0.083,0.154,2.0,0.129,0.6627,0.1444,0.6033,0.3108,0.8366,0.438,0.1225,9.87,24.86,26.71,0.267,19.7,5.67,35.549,61.09,0.0875,0.0345,0.0344,0.1088,0.1217,0.0806,0.0963,0.075,5.5314,0.048,0.01,132.1343,0.0346,1397.5,0.0187,0.0105,0.120188138292432,0.0197,138.2738,2.2021,0.0332,0.3906,0.0767,2.8628,22.7229,25.161,34.1063,0.1772,2.0024,0.041,1.7158,0.168,0.0154,137.0654,309.8015,4970.6234,46.8357,0.0452,0.0349,0.0693,0.7681,0.0273,0.0436,0.2484,0.0539,0.1416,5.3347,0.1315,10.9457,0.0386,3.5412,7.5209,7.7177,0.0849,2.093,2.3905,10.8733,15.6595,0.0231,0.0146,0.0159,0.0484,0.0323,0.0413,0.0473,0.0346,2.0938,0.0154,0.0035,47.1897,0.01,416.4311,0.0219,0.0068,39.7881,0.6543,0.0099,0.1324,0.0263,3.1672,0.8069,3.6701,2.3078,4.318,2.4807,41.8407,58.2004,9.5745,83.5225,1.9447,2.4641,4.675,3.0235,0.0,6.7906,10.7527,4.3724,2.9878,3.1234,32.6087,35.4613,2.7598,0.7747,1.5584,0.9446,0.1371,4.8358,7.6194,4.6862,12.8179,7.4997,3.8632,40.7589,6.1651,2.6477,7.4028,113.6396,4.9168,16.6184,54.0215,384.7845,51.3584,0.0,314.5787,84.1995,427.051,449.1018,70.4603,1.9209,1.945,1.0173,7.1556,20.9559,156.1338,106.383,408.5106,26.600115265074077,2.1076,16.9311,0.0708,3.6972,6.2474,3.32,7.8932,73.134,24.68,0.47,10.3649,0.2257,30.4649,6.0587,0.6426,0.4442,0.0758,45.6897,4.51,0.1285,1.613,0.0532,1.6974,23.1477,532.7482,2.2585,5.83,0.2146,1.8628,0.0666,1.0943,9.504,0.008,1.6071,0.0123,0.0094,76.4584
-1.0,2855.96,2187.4444,1.0997,104.13,1.4969,-0.0171,0.003,198.6198,6.8777,412.6033,0.9641,188.8074,12.4069,1.3952,-4046.5,-1342.75,1.2555,2.02,7.2545,69.3778,2.3556,0.19,86.4478,8.8287,63.9006,66.2532,87.0337,78.11,3.708,355.4536,135.1673,729.7375,0.9997,134.9736,625.5945,54.7118,4.616,4.845,2845.0,0.9315,15.64135,355.8836,10.2412,119.0691,6.8205,16.0982,20.7358,709.0017,145.2736,620.2264,31.767350000000008,-0.001,0.0276,-0.0228,0.0195,-0.0804,-0.056650000000000006,0.0567,7.6839,0.1329,0.9869,1787.3023,0.1538,8827.4899,0.0176,-0.0167,-0.0983,-0.0858,0.4734,0.9402,705.7114,0.9903,58.1861,0.6007,0.9711,6.2682,15.88,3.024,15.91,15.91,0.8987,0.5233,3.276,0.0,0.8123,2.366,1014.2044,99.0,190.3,148.5,49.5,786.75,0.5293,0.0432,0.0623,0.0622,0.0214,5.3311,2.863,10.809,0.0161,0.59,0.0416,1161.0,2273.0,0.121,0.075,0.119,2.8,0.535,0.7997,0.127,0.6414,0.3904,0.8191,0.846,0.1866,14.22,21.6,26.248,0.437,13.05,10.79,38.227,5.359,0.0934,0.0822,0.0925,0.144,0.0737,0.0971,0.0165,0.0502,4.6704,0.0353,0.001,151.3417,0.0189,1260.2998,0.024,0.0149,0.120188138292432,0.0356,62.9005,2.6172,0.0245,0.4164,0.0932,3.3912,29.2648,64.462,48.3745,0.1884,3.762,0.0163,1.0645,0.1685,0.0153,498.2372,59.8247,529.6694,1091.6963,0.0512,0.0353,0.0544,0.8614,0.0389,0.1467,0.3256,0.0452,0.1113,7.5297,0.2965,8.7644,0.0652,3.8329,6.1632,8.0517,0.1588,3.3115,3.6495,12.0632,2.0569,0.0318,0.0338,0.0382,0.0602,0.0204,0.0498,0.0071,0.0241,1.5334,0.0132,0.0003,45.9104,0.0063,417.9963,0.0268,0.014,25.1314,0.9193,0.007,0.1391,0.0347,3.5452,1.0632,4.5249,6.6633,5.847,2.2629,77.0342,48.1286,2.8861,41.6271,2.6197,1.6721,4.7554,2.9846,27.7771,169.2795,9.6376,3.7129,1.6404,4.0359,55.1887,67.3684,15.4918,0.9251,1.4387,1.0037,0.2356,6.5466,5.4007,3.7503,18.6646,10.5354,3.4527,47.975,5.9115,4.2671,11.5059,191.3347,5.3917,21.3861,22.7761,0.0,267.9707,630.8872,378.0699,120.7711,19.4175,88.4971,60.782,1.2796,1.4623,0.0963,8.4676,12.2926,0.0,106.136,0.0,26.600115265074077,3.7909,8.9131,0.0701,4.4979,6.6433,3.9396,8.9504,76.374,18.87,1.99,8.3886,0.8424,26.9344,4.6844,2.6056,0.3311,0.0895,32.8864,6.4333871748943645,0.15135540786247145,2.6872159812852985,0.061466821207426,2.4392938111518268,21.49898881745886,534.9527,2.2757,6.87,0.3027,2.4053,0.103,1.2842,13.3006,0.0129,2.5889,0.0123,0.0094,76.4584
-1.0,2962.13,2211.3889,1.6569,101.9133,1.4659,0.0055,-0.0135,197.8149,4.083,411.4099,0.9576,187.4609,12.46,1.4009,-3048.75,-401.6667,1.2988,2.0177,7.455,66.5778,2.5667,0.2067,86.3857,8.8513,63.7749,66.2673,87.0205,76.23,3.417,349.6127,129.1118,714.6909,1.0882,141.5991,620.3236,51.6106,4.581,4.808,2824.0,0.9367,-0.3327,349.0036,10.6186,108.7791,12.69,20.3327,25.0247,689.6662,149.8509,607.6336,89.3219,-0.0092,-0.0431,-0.0789,-0.0092,-0.0252,-0.022,0.0673,7.655,0.1246,0.9776,1722.3379,0.1969,9431.8,-0.0546,-0.0595,0.17079999999999998,0.0984,0.48783674736066573,0.9337,802.1254,0.991,58.5221,0.6034,0.98,6.3457,15.9,2.923,15.92,15.87,0.8514,0.5103,3.334,0.0946,0.8115,2.3632,1013.8456,80.0,124.2,143.4,60.6001,261.88,0.4151,0.1305,0.079,0.0633,0.0272,4.8965,4.211,6.071,0.0204,0.61,0.0246,674.0,582.0,0.09,0.117,0.193,1.6,0.444,0.9174,0.1717,0.5225,0.4191,0.7129,0.777,0.127,6.7,15.39,21.286,0.242,19.01,6.04,31.626,80.437,0.0827,0.0822,0.0659,0.0567,0.0597,0.0982,0.1253,0.0839,4.3601,0.0601,0.0051,119.9645,0.0324,2322.228871323444,0.0261,0.0284,0.06396989580318535,0.0369,223.1353,3.5798,0.0467,0.6295,0.0936,3.5581,22.3738,46.5391,48.5814,0.1164,1.7199,0.0497,1.2574,0.1748,0.0101,301.8447,113.5646,1547.4005,320.589,0.0403,0.0522,0.0838,0.6119,0.0414,0.1382,0.3387,0.0665,0.1535,5.1327,0.2718,10.1545,0.0396,2.091,4.2743,6.9541,0.0777,1.8388,1.4527,9.9541,25.9755,0.0265,0.0343,0.0316,0.0241,0.0186,0.0509,0.0568,0.0344,1.4677,0.0185,0.0016,36.4725,0.0104,767.29565,0.012951818504309725,0.0155,77.1157,1.0879,0.0154,0.2034,0.0319,4.0632,1.1995,3.6223,4.1929,5.6436,2.7404,14.8508,25.0544,8.9022,103.1349,1.4757,2.1312,4.8957,1.756,108.1755,144.8963,6.9297,5.7985,2.5889,2.4032,46.7532,60.4839,12.7172,1.062,1.9395,0.8193,0.2693,5.0055,9.0929,4.4983,11.6706,4.7317,2.481,41.2434,6.3312,2.279,8.7149,149.8036,4.5857,16.2763,90.0529,902.5921,200.7326,71.8631,645.4054,388.9109,570.1934,124.6194,56.9579,1.6851,2.4793,0.5246,6.9652,16.4712,669.2194,103.5971,475.0,13.454069092414585,3.9483,27.818,0.0544,6.117,9.9204,3.962,9.7436,75.536,14.38,0.77,6.6188,0.31,65.0222,3.595,1.0194,0.5147,0.148,40.469,2.51,0.0845,1.0654,0.0328,0.9526,13.7067,537.2691,2.0028,7.07,0.2218,2.4569,0.0657,1.3159,11.0755,0.0249,4.9537,0.0123,0.0094,76.4584
-1.0,3051.32,2205.2889,1.2733,98.8056,1.4845,-0.0178,0.0084,199.9896,13.6157,424.7793,0.9712,189.8715,12.4069,1.4071,-3482.5,-209.25,1.248,2.0075,7.3187,69.6111,2.3667,0.1999,84.3232,8.5218,64.2803,66.1861,87.0459,78.42,3.645,356.5773,142.1118,740.3371,1.2454,134.6182,633.3073,189.6764,4.596,4.837,2870.0,0.9293,15.64135,357.4073,10.0515,122.89,11.2793,19.2218,26.2905,714.0466,143.0082,623.3055,31.767350000000008,0.002,-0.0011,-0.015,0.0208,-0.0894,-0.056650000000000006,0.0366,7.0461,0.1369,0.9872,1792.1586,0.2065,8691.92,-0.0058,-0.0326,-0.0147,-0.0162,0.4636,0.9608,727.6978,0.99,58.4819,0.594,0.9781,6.258,15.88,3.024,15.91,15.91,0.8987,0.5233,3.276,0.0,0.8123,2.366,1014.2044,84.0,101.0,105.5,58.3,468.7301,0.5377,0.1012,0.0598,0.0425,0.0255,7.1907,10.724,6.144,0.0152,0.59,0.0291,1244.0,690.0,0.157,0.153,0.162,2.1,0.289,0.8705,0.1031,0.5282,0.3729,0.8096,0.427,0.1204,5.69,22.81,56.881,0.875,21.35,8.52,45.993,16.671,0.0939,0.0584,0.0588,0.105,0.0596,0.1135,0.0674,0.0806,2.8076,0.0665,0.0027,220.7158,0.1254,950.6997,0.02,0.009,0.0312,0.022,96.358,2.8196,0.0304,0.3805,0.0932,3.3912,22.7183,32.6446,34.5069,0.1775,2.2417,0.0324,3.2512,0.1685,0.0091,549.2828,161.1356,846.9815,302.9085,0.0743,0.0675,0.0676,0.7008,0.0376,0.1095,0.3146,0.0448,0.1021,6.0295,0.1095,9.2858,0.0381,1.7496,6.8159,18.2878,0.3401,2.6693,5.0254,12.8863,6.4636,0.0281,0.0274,0.0261,0.0473,0.0215,0.0589,0.0294,0.0366,1.0448,0.019,0.0008,67.7268,0.0374,339.0597,0.0077,0.0083,30.8665,0.9225,0.0092,0.1274,0.0347,3.5452,1.0632,3.7811,3.31,4.281,2.6436,28.751,42.23,6.8172,78.7619,1.4464,1.5615,4.7554,2.066,55.8794,329.7491,12.5801,7.6214,2.2135,3.0168,50.7042,54.03,8.7335,1.0323,1.2102,0.8217,0.243,5.6313,5.0664,4.1807,9.6691,4.2268,3.6017,29.9884,6.0687,8.7051,7.405,189.285,6.4412,47.129650000000005,66.1474,0.0,118.8199,698.8353,287.056,126.993,100.223,220.2186,39.8465,1.8986,2.8027,0.2698,12.3156,63.31987047269746,0.0,81.6327,640.0,6.7199,2.2926,13.2415,0.0835,4.8213,6.0797,3.9396,8.9504,73.824,16.95,0.73,7.3139,0.3207,46.7221,4.251,0.9888,0.6588,0.1208,63.2168,9.03,0.1111,3.5897,0.0447,3.3598,17.8461,531.97,2.2792,7.87,0.4433,2.7978,0.1324,1.4794,19.4477,0.0122,2.4475,0.0298,0.0116,38.9781
-1.0,3104.4,2205.4667,1.1295,105.56,1.378,-0.0219,-0.0019,199.8895,12.7494,413.0471,0.9594,190.2723,12.4069,1.3978,-3648.25,-1183.75,1.2835,1.9875,7.285,67.6556,2.4444,0.2006,84.3232,8.5218,64.2803,66.1861,87.0459,78.42,3.645,355.1036,144.9936,743.2701,1.2433,134.3136,634.4109,198.3839,4.596,4.837,2870.0,0.9293,15.64135,354.0555,10.0899,129.2536,7.5146,15.74,18.2764,724.9937,147.0227,630.3318,171.74984999999998,0.0094,-0.0061,-0.0133,-0.0041,-0.0096,-0.0216,0.0303,6.8753,0.1324,0.9906,1821.7649,0.2106,8630.1,0.0884,0.0121,-0.0146,0.0568,0.4656,0.9455,728.9824,0.9907,59.1981,0.5956,0.9778,6.2089,15.88,2.969,15.9,15.91,0.894,0.5066,3.286,0.3784,0.8269,2.3805,1016.5611,81.0,93.4,96.8,48.6001,1015.8822,0.668,0.106,0.1003,0.0589,0.0238,9.3893,10.691,10.396,0.0232,0.59,0.0651,799.0,2676.0,0.117,0.111,0.229,1.7,0.524,0.8705,0.1031,0.5282,0.3729,0.8096,0.479,0.189,7.32,17.86,52.515,0.343,13.38,7.22,40.9301,59.326,0.0498,0.0538,0.0838,0.0868,0.0497,0.094,0.0952,0.0891,5.667,0.0811,0.0013,57.2885,0.1011,671.7002,0.0191,0.0138,0.0333,0.0331,96.9132,2.1539,0.0292,0.4321,0.0954,4.4243,21.1516,30.3982,33.2032,0.2271,4.0725,0.0391,3.2802,0.1685,0.025,345.3572,562.8794,407.5605,1149.2161,0.0582,0.0468,0.0984,0.4503,0.0425,0.1601,0.3146,0.0448,0.1021,6.0407,0.1452,9.669,0.0545,2.1303,5.7608,15.4209,0.093,2.1868,3.3238,12.1361,16.1045,0.015,0.0257,0.0443,0.0379,0.0159,0.0477,0.0493,0.0461,1.7894,0.0253,0.0004,16.6061,0.0293,217.9415,0.0066,0.0124,30.9341,0.6362,0.0098,0.1479,0.0345,2.6309,1.3283,3.6765,3.0086,3.8623,2.2036,77.0342,59.14,7.692,83.8552,2.5169,2.421,4.7554,4.6586,23.2988,226.0612,9.1157,5.5849,3.1434,2.5127,61.3636,63.3241,15.7953,1.0323,1.2102,0.8217,0.243,4.945,5.0623,4.4559,15.1992,5.4499,2.8152,26.4714,6.0687,3.3994,9.199,178.0521,5.6456,9.9698,30.1483,532.2645,0.0,653.8606,0.0,976.6234,440.2312,293.817,82.425,1.3593,3.4549,0.1332,3.1447,48.0174,0.0,118.77044999999998,0.0,7.1623,3.501,13.2943,0.1223,3.6385,6.9596,4.0096,12.3364,72.846,10.86,0.9,5.3573,0.3306,127.4609,2.6248,1.2355,0.4844,0.118,39.2586,6.448312492915085,0.1560262205660977,2.68232708814893,0.05771078047754892,2.4714332065143183,21.180781652804782,531.8709,2.2561,9.75,0.4074,3.4097,0.1457,1.8332,18.0566,0.0178,3.5614,0.0298,0.0116,38.9781
-1.0,2892.99,2216.9556,1.4472,105.0367,1.5094,-0.0027,-0.0015,199.1247,5.2595,417.0943,0.9595,188.8493,12.46,1.4108,-4171.0,-247.75,1.2702,2.0032,7.2435,66.2556,2.7,0.2276,84.8399,8.5266,64.0317,66.192,86.924,78.1,3.021,350.3791,126.8427,713.6077,1.3663,143.9555,621.1773,172.6091,4.622,4.883,2821.0,0.9363,6.7073,348.5955,10.378,113.55,10.9753,13.2927,19.3876,694.2201,149.3382,611.4836,102.0356,0.0223,0.0256,-0.0394,0.0094,-0.0251,-0.0207,-0.0228,7.7319,0.135,0.9905,1774.9142,0.2289,9393.0299,-0.0307,-0.0298,0.0477,0.1095,0.46073493375147145,0.9365,815.659,0.9912,58.092,0.5989,0.975,6.4191,15.9,2.923,15.92,15.87,0.8514,0.5103,3.334,0.0946,0.8115,2.3632,1013.8456,100.0,173.0,109.9,49.3999,216.465,0.1285,0.0716,0.0358,0.0519,0.0239,5.1833,4.685,5.335,0.0181,0.61,0.0544,486.0,2686.0,0.127,0.071,0.11,2.3,0.317,0.8251,0.1052,0.5321,0.2951,0.6651,0.362,0.1486,6.08,16.51,20.734,0.302,12.93,3.09,31.013,107.685,0.0888,0.051,0.0277,0.0567,0.0669,0.0861,0.0775,0.0364,3.6764,0.0636,0.0007,97.1527,0.1254,1536.2998,0.0181,0.0157,0.06384884788702375,0.0171,162.1613,3.4858,0.0229,0.4729,0.0936,3.5581,30.007,57.2997,37.553,0.037,1.9432,0.0228,1.6595,0.1748,0.0217,224.9126,261.4281,482.4721,1260.7152,0.0593,0.0302,0.052,0.9002,0.0371,0.0898,0.3098,0.0413,0.1115,5.4263,0.1029,8.9216,0.0456,2.3549,4.4875,6.9661,0.0869,1.2301,1.9735,9.9858,34.3259,0.0232,0.0232,0.0117,0.0278,0.0198,0.041,0.0415,0.0185,1.6286,0.0193,0.0002,33.03,0.0374,403.068,0.011637675003248131,0.0058,45.5986,1.0484,0.0073,0.1524,0.0319,4.0632,1.1995,4.5924,5.98,4.7119,2.2283,23.8611,8.8801,4.7437,89.0777,1.2791,1.8841,4.8957,3.8587,26.924,0.0,9.998,3.5442,1.5186,3.4714,40.7407,50.0977,9.6106,0.9725,1.2343,0.831,0.3808,4.986,6.3859,4.2218,10.8765,4.2235,2.6579,12.0121,6.6629,2.91,7.5826,117.81,4.4673,30.5748,105.5367,398.3179,119.2285,143.9086,712.1756,342.6866,374.8489,159.2998,47.549,3.4803,2.6935,0.0709,5.4737,63.31987047269746,0.0,90.9953,975.0,12.580495143040379,1.8263,19.881,0.0615,6.0004,7.3666,3.962,9.7436,75.026,9.26,0.75,3.6518,0.3329,40.843,2.3267,0.9997,0.5147,0.148,40.469,3.65,0.1316,1.4992,0.0561,1.3637,21.8281,523.3110000000001,2.0687,15.390000000000002,0.2813,5.3345,0.0787,2.8874999999999993,13.5991,0.0147,2.9463,0.0298,0.0116,38.9781
-1.0,2995.76,2230.0333,1.5739,99.0522,1.5573,0.0019,0.0117,200.2163,9.3836,427.7007,0.9651,190.3062,12.6063,1.3772,-6375.125,-1503.75,1.2428,1.9885,7.2575,68.0,2.3111,0.1953,85.564,9.7484,63.7678,66.4937,87.0605,63.93999999999998,2.746,348.6518,131.2,716.3416,0.9614,134.85,614.7018,54.663,4.592,4.834,2835.0,0.9348,15.64135,348.5336,10.2517,120.9264,5.1368,10.2736,13.7158,702.6257,143.8236,613.2836,116.3367,-0.0211,-0.0102,-0.066,0.0371,-0.0835,-0.0171,-0.0236,7.9092,0.139,0.965,1852.5078,0.1921,8505.6201,0.0381,0.026,0.0282,-0.0163,0.4657,0.9321,721.4109,0.9903,58.2861,0.5931,0.979,6.2742,15.88,3.024,15.91,15.91,0.8987,0.5233,3.276,0.0,0.8123,2.366,1014.2044,76.0,85.7,53.1,64.7998,228.498,0.1528,0.0978,0.0522,0.0309,0.022,6.4481,7.792,14.112,0.0159,0.59,0.0929,163.0,2140.0,0.132,0.071,0.093,2.2,0.399,0.8054,0.2068,0.6932,0.3907,0.7981,0.561,0.0739,7.03,21.55,19.638,0.275,11.3,4.01,36.411,60.046,0.109,0.044,0.0383,0.0455,0.0792,0.0946,0.1002,0.0619,3.6625,0.0265,0.0119,149.4552,0.0564,1202.0996,0.0175,0.0146,0.0322,0.052199999999999996,115.5834,2.7376,0.0243,0.5196,0.0932,3.3912,22.2261,27.4112,16.9214,0.0532,2.0831,0.0355,2.2616,0.1692,0.0309,67.9675,360.8481,5823.189049999999,982.2177,0.0665,0.0331,0.0422,0.7483,0.0457,0.1293,0.3198,0.0847,0.0536,6.1614,0.2076,9.5181,0.024,2.3064,6.3247,5.6974,0.0951,1.2407,1.5042,10.6512,19.6021,0.0292,0.0189,0.0161,0.0197,0.0235,0.0502,0.0502,0.0263,1.1183,0.0106,0.004,44.6387,0.0174,415.6742,0.0064,0.018000000000000002,39.9852,0.9355,0.0073,0.1678,0.0347,3.5452,1.0632,3.4405,2.8607,2.102,2.9058,13.6933,9.7087,6.2803,83.0382,3.2995,1.6433,4.6802,6.748,283.2324,142.3109,10.6216,3.5705,1.2814,3.2353,95.1923,73.2082,11.618,0.9413,2.1214,1.0871,0.0947,6.0978,6.8216,4.3936,7.6833,5.2132,3.5058,35.9256,6.1587,2.6825,8.9311,219.9816,5.1821,7.3933,51.614,515.8237,163.5688,68.9655,213.4411,113.2256,586.8228,262.0106,46.3068,2.0858,1.1084,1.2317,8.0677,29.3828,0.0,65.3846,857.1429,6.9152,5.5677,16.0218,0.0784,4.6969,8.281,3.9396,8.9504,77.75,12.33,0.99,6.3152,0.4024,131.4429,3.0302,1.2733,0.4397,0.0728,44.8745,6.3325707016765,0.09859546346291978,2.4950157821914605,0.03805695210460214,2.410924114660418,18.602988593783103,534.82,1.8025,7.72,0.2666,2.6278,0.0775,1.4435,14.7886,0.0137,2.7801,0.0298,0.0116,38.9781
-1.0,3034.34,2179.0445,1.5552,95.4256,1.4281,0.0049,0.0092,204.2667,7.3072,403.0785,0.9657,194.6004,12.6278,1.4204,-4952.75,857.0,1.2737,1.9815,7.2968,68.8111,1.7556,0.1383,85.597,8.5155,64.004,66.2008,87.1407,78.67,2.422,350.46,134.4755,720.7386,1.0129,134.2527,619.1882,46.7809,4.592,4.834,2835.0,0.9348,11.4855,347.0527,10.699,105.9609,13.8864,28.5145,36.4489,684.2897,152.2882,605.3018,101.1303,0.0069,0.0198,-0.0541,0.0098,-0.0834,-0.0243,-0.0098,7.1896,0.128,0.9621,1880.0826,0.1989,8666.16,0.0894,-0.0251,-0.0976,-0.1001,0.4677,0.9461,736.1205,0.9904,59.5555,0.5936,0.9758,6.3216,15.94,2.992,15.97,15.96,1.187,0.5126,3.345,0.5677,0.838,2.3646,1012.1633,96.0,105.1,22.0,45.9001,338.7909,0.3868,0.1227,0.0636,0.0591,0.0294,4.3685,10.371,13.125,0.0177,0.55,0.0303,920.0,6984.0,0.154,0.052,0.348,2.4,0.587,0.8383,0.0494,0.4621,0.2392,0.8146,0.834,0.2754,10.37,26.23,28.231,0.227,14.44,2.69,31.047,70.252,0.084,0.0548,0.0527,0.0634,0.058,0.0839,0.0565,0.0664,3.1293,0.0696,0.0133,72.2695,0.0353,1150.4004,0.0197,0.0198,0.120188138292432,0.0384,123.7012,2.1952,0.02,0.5014,0.0963,2.866,24.5517,35.8069,7.9768,0.1088,1.8081,0.038,3.0178,0.1672,0.0102,383.3305,183.7281,815.7661,3982.9351,0.0721,0.0231,0.1488,0.9117,0.0825,0.2113,0.3234,0.0229,0.0913,6.2639,0.3146,9.4364,0.0854,3.0016,7.1216,9.1996,0.0625,1.0467,1.3691,9.8484,23.3064,0.0268,0.0248,0.0246,0.0271,0.0199,0.0432,0.0268,0.0285,1.025,0.0211,0.0039,23.9581,0.011,312.7745,0.0176,0.0112,33.5185,0.698,0.0057,0.1658,0.0348,3.5528,0.9957,4.2984,3.4637,0.836,2.1064,16.7038,24.8743,8.592,141.9289,3.2562,1.8298,4.3555,2.1324,35.0109,814.9358,12.0903,2.6243,4.7692,3.4878,96.8354,159.51774999999998,17.6206,0.9794,0.5804,0.722,0.2984,5.5242,6.5737,4.3947,25.522399999999998,7.7242,4.2362,60.3473,6.1587,2.1217,6.5779,103.9868,4.5371,28.6787,69.4668,0.0,295.4178,117.2988,592.2144,100.5694,232.9897,681.0256,43.5261,1.797,2.9147,1.381,3.844,17.7544,0.0,62.3377,0.0,26.600115265074077,4.0571,16.8045,0.0715,3.686,7.9313,4.0715,8.0982,74.472,14.55,0.48,6.4765,0.2051,20.7664,3.5949,0.6445,0.3183,0.0586,33.4076,6.334605851309868,0.14807262424170217,2.6293881173961475,0.05805036406027955,2.4088392119644344,21.7585230419434,533.3809,1.5992,9.33,0.1733,3.4068,0.0483,1.7492,10.8388,0.0128,2.5829,0.0298,0.0116,38.9781
-1.0,3075.76,2185.9333,1.629,98.6822,1.451,-0.0129,-0.0106,203.9864,10.8725,406.2164,0.9689,194.298,12.4322,1.3999,-2987.5,-2141.75,1.2797,1.9537,7.2033,69.9222,2.2,0.1992,86.4478,8.8287,63.9006,66.2532,87.0337,78.11,3.708,352.7027,133.6127,724.3352,1.0983,138.1555,624.4709,45.3065,4.655,4.915,2819.0,0.9337,15.64135,353.4045,10.2875,121.9255,8.0949,11.6873,14.9671,709.3681,141.9718,617.3018,102.6198,-0.0186,0.0149,-0.0794,-0.0099,-0.1012,-0.0234,-0.0297,6.3306,0.13166993593128745,0.986,1803.6909,0.1868,8614.2999,0.081,-0.0195,0.0023,-0.0009,0.4609,0.9407,743.8116,0.9904,59.8286,0.5934,0.9783,6.4612,15.94,2.992,15.97,15.96,1.187,0.5126,3.345,0.5677,0.838,2.3646,1012.1633,93.0,62.5,136.3,60.3,220.325,0.4348,0.0702,0.0546,0.0485,0.0261,4.2552,7.926,10.037,0.0152,0.52,0.1141,370.0,3282.0,0.097,0.088,0.203,2.5,0.477,0.7997,0.127,0.6414,0.3904,0.8191,0.694,0.1656,10.15,23.48,17.268,0.193,17.86,5.5,34.538,62.101,0.1123,0.0564,0.0879,0.0583,0.0575,0.1069,0.0549,0.051,2.939,0.0458,0.0022,66.1121,0.0444,862.7002,0.0168,0.0128,0.0338,0.0287,93.3253,4.7525,0.0233,0.4501,0.0963,2.866,25.045,22.703,47.0176,0.1338,1.9511,0.0221,2.2437,0.1563,0.0386,160.4211,91.7292,2547.0334,1398.2294,0.042,0.0381,0.0992,0.7328,0.0418,0.1437,0.3256,0.0452,0.1113,5.9969,0.2394,9.9974,0.0552,2.9964,7.1839,5.9008,0.0589,1.7616,1.9728,10.355,20.3507,0.0342,0.0265,0.0384,0.0269,0.0209,0.0546,0.0242,0.0237,0.9187,0.0138,0.0006,18.6157,0.0147,292.5917,0.0071,0.0086,34.9726,1.2819,0.0082,0.1495,0.0348,3.5528,0.9957,4.1278,2.032,5.4705,2.7585,13.275,26.6905,4.838,72.8992,2.4708,1.5714,4.1827,8.1482,199.8661,153.2392,7.5796,4.5042,2.8182,3.5754,40.9091,59.7323,13.7808,0.9251,1.4387,1.0037,0.2356,5.0808,9.8194,4.6001,15.0749,7.3468,3.76,38.1138,7.2156,1.8761,7.0535,220.6329,4.8688,20.2848,60.5156,604.1695,130.3293,73.472,583.3862,105.6846,234.365,171.4286,46.4259,2.237270916544423,1.9213,0.2221,3.6654,23.7439,600.0,118.77044999999998,0.0,7.3379,3.0466,12.5469,0.0965,7.9435,6.9665,4.0715,8.0982,74.366,15.44,1.08,7.0825,0.4241,32.9322,3.8053,1.4523,0.4397,0.0728,44.8745,6.270103171085844,0.1410553699571859,2.5595379011843074,0.05592940134592368,2.4009822417882725,21.290740740641596,533.8691,2.0721,7.48,0.3119,2.7214,0.0921,1.4011,15.0505,0.0115,2.32,0.0298,0.0116,38.9781
-1.0,3043.05,2205.2889,1.2733,98.8056,1.4538,0.0161,0.0071,199.3215,7.4024,411.3634,0.971,188.7182,12.3741,1.4214,-5217.5,-720.75,1.2995,1.9972,7.3477,66.1222,2.5111,0.1918,85.0856,8.6324,64.1658,66.0701,87.0354,76.99,3.057,356.4573,134.36,729.7639,1.3134,138.9045,629.7218,174.0261,4.623,4.845,2831.0,0.9331,13.7255,352.8882,10.7622,108.0855,21.5991,26.2745,35.0597,694.7042,147.1491,608.1227,105.0482,-0.0322,-0.0038,-0.0525,0.0399,-0.0966,-0.0158,0.0483,7.501,0.135,0.9673,1832.5502,0.1557,9295.5601,0.0676,0.0233,-0.0861,-0.0829,0.4599,0.9429,832.1991,0.9901,57.2344,0.5978,0.9761,6.3026,15.94,2.992,15.97,15.96,1.187,0.5126,3.345,0.5677,0.838,2.3646,1012.1633,61.0,189.7,206.2,58.3,468.7301,0.5377,0.105,0.0635,0.0627,0.0273,7.3688,3.963,11.601,0.0162,0.57,0.0511,203.0,369.0,0.212,0.089,0.28,2.5,0.453,0.9192,0.0847,0.432,0.2087,0.8673,0.592,0.1354,5.49,16.28,71.259,0.352,18.1,6.24,29.705,112.937,0.0947,0.0351,0.0682,0.089,0.0619,0.0986,0.0801,0.1217,3.9145,0.0936,0.013699999999999999,82.363,0.0328,460.7002,0.0166,0.0141,0.120188138292432,0.0195,49.4541,2.5663,0.0261,0.4702,0.0963,2.866,15.9779,81.1222,70.2781,0.1775,2.2417,0.037,1.4226,0.1626,0.0144,96.0642,116.8204,3390.5816,170.3122,0.108,0.0392,0.1222,0.8829,0.0579,0.1609,0.3614,0.0335,0.0941,4.6523,0.1552,9.0585,0.0391,1.6074,5.2821,22.1401,0.0962,1.8992,1.9095,9.5735,31.4365,0.0285,0.0167,0.0308,0.0423,0.0209,0.05,0.0412,0.0639,1.7203,0.0282,0.0046,24.5222,0.0111,137.3776,0.02801905827358544,0.0063,17.6953,0.8937,0.0096,0.1614,0.0348,3.5528,0.9957,2.8739,6.2339,8.3605,2.6436,28.751,42.23,7.2225,53.537,2.8201,1.6698,4.6064,3.5951,138.8404,51.1967,16.314,4.4561,3.8107,3.7809,31.8584,82.9085,13.5242,1.0803,0.9814,0.6733,0.3727,4.4634,6.1253,4.0868,10.3055,3.9524,2.5853,40.9473,5.9605,3.2707,6.5319,83.7998,4.2759,20.5337,107.5097,294.4995,169.5652,169.6046,155.1135,102.0968,508.5714,251.8365,52.1863,1.6302,3.8838,1.3944999999999999,4.4944,21.0512,0.0,92.6503,0.0,26.600115265074077,2.0707,5.9426,0.0739,4.4838,7.4612,4.0715,8.0982,81.18,19.4,0.56,8.959,0.2159,117.0585,4.8392,0.6898,0.7074,0.1702,71.5633,6.473895821441455,0.12833174711064707,2.542958503960861,0.05100525925193347,2.4883077864573693,20.264091181072907,535.9764,2.2302,7.22,0.2863,2.4928,0.0951,1.3471,12.8366,0.0121,2.4041,0.0015,0.0207,0.0
-1.0,2940.5,2205.2889,1.2733,98.8056,1.358,-0.0024,-0.0143,200.3236,6.4351,392.4189,0.9648,189.9724,12.3741,1.4191,-4766.5,1610.0,0.9955,1.8895,5.1878,66.2778,2.6778,0.2089,86.3239,9.5642,63.9038,65.7964,86.4047,74.48,2.888,353.1836,145.0536,742.4136,1.3018,134.6264,632.8636,190.9225,4.616,4.845,2845.0,0.9315,15.64135,353.0745,10.2366,123.9209,11.9646,21.1327,26.8975,715.5162,145.2027,622.1982,50.9631,-0.0097,-0.0276,-0.0458,0.0144,-0.1117,-0.0205,0.0462,6.7266,0.1357,0.9902,1797.7321,0.1944,8739.0301,-0.0073,0.0177,0.0563,0.0238,0.4721,0.9399,668.8231,0.9902,57.9283,0.5989,0.9737,6.1877,15.94,2.992,15.97,15.96,1.187,0.5126,3.345,0.5677,0.838,2.3646,1012.1633,106.0,141.8,93.2,58.3,468.7301,0.5377,0.0779,0.0526,0.0512,0.0189,4.7601,3.457,8.368,0.0167,0.57,0.0308,243.0,96.0,0.135,0.088,0.328,4.1,0.119,0.4828,0.2394,0.7379,0.4946,0.9187,0.56,0.136,9.53,19.98,51.811,0.521,15.71,7.28,33.574,21.924,0.1168,0.047,0.0591,0.0837,0.0735,0.0744,0.0978,0.0965,3.091,0.0396,0.001,152.7609,0.0619,1543.7002,0.0155,0.0247,0.0503,0.0323,187.72,2.8063,0.0234,0.48,0.0963,2.866,31.5426,40.4239,34.2275,0.1775,2.2417,0.0268,1.0029,0.1626,0.0111,117.9898,258.2187,2023.7552,43.9469,0.0552,0.0402,0.1389,1.6746,0.0325,0.0364,0.1969,0.0985,0.1032,6.6952,0.1947,9.8175,0.0372,2.8604,6.1939,16.9837,0.1451,2.106,3.0745,10.6504,5.9375,0.0299,0.0223,0.0307,0.0349,0.0233,0.0403,0.0479,0.0509,1.0945,0.013,0.0003,46.308,0.0204,423.3299,0.0131,0.0104,52.0344,0.9369,0.0079,0.154,0.0348,3.5528,0.9957,4.7286,4.8223,3.8172,2.6436,28.751,42.23,5.7364,53.7211,2.1324,1.7329,4.6064,2.1682,89.9192,5.9627,13.561,4.6573,6.3226,6.1861,29.8755,46.4362,2.549,0.5593,2.5033,1.1547,0.1625,5.7307,7.542,4.451,10.4485,7.0789,3.1571,27.1372,5.9115,5.0896,6.1733,131.304,4.6923,14.1878,43.0194,0.0,106.1547,182.8509,510.6383,66.5921,475.9124,208.7615,45.9516,1.6211,1.6269,0.1026,8.4974,31.8274,849.8925,37.594,0.0,10.6609,3.4321,28.0672,0.0702,4.8445,7.7569,4.0715,8.0982,74.888,22.28,0.69,9.8882,0.3235,19.9053,5.5602,0.9214,0.1898,0.0391,19.874,5.32,0.2812,2.7974,0.1113,2.0077,33.7022,531.5982,1.5656,8.55,0.263,2.78,0.0832,1.6084,16.8002,0.0143,2.876,0.0334,0.0206,61.6014
-1.0,3065.36,2211.3889,1.6569,101.9133,1.5337,-0.001,-0.0018,198.7876,7.0078,403.4078,0.9735,189.3602,12.4578,1.3951,-3654.6667,1290.75,0.9718,1.9065,5.2238,70.5333,2.1111,0.1596,85.0841,8.6406,63.7959,66.0053,86.6776,77.83,2.543,360.6273,125.2927,724.0145,1.3259,144.9727,630.8927,145.7182,4.618,4.88,2866.0,0.9282,5.5782,357.7355,10.6467,110.8709,16.9545,14.4218,21.4764,702.5381,145.3318,613.9382,103.5615,-0.0231,-0.0188,-0.0886,0.057850000000000006,-0.1097,-0.0284,-0.0611,7.0557,0.1275,0.9865,1779.2903,0.1827,8346.5001,0.0407,0.0121,0.0034,-0.0464,0.4639,0.9308,693.6673,0.9908,58.8901,0.5795,0.9775,6.3018,15.94,2.992,15.97,15.96,1.187,0.5126,3.345,0.5677,0.838,2.3646,1012.1633,101.0,247.3,233.1,60.6001,261.88,0.4151,0.0601,0.0397,0.0448,0.0091,6.489,3.005,13.797,0.0064,0.3,0.0539,450.0,84.0,0.1,0.098,0.103,3.4,0.174,0.7007,0.1539,0.6574,0.341,0.5904,0.326,0.1126,4.84,18.6,84.493,0.4,18.89,4.13,30.052,57.954,0.1087,0.0501,0.038,0.0494,0.0889,0.0788,0.0813,0.036,4.1603,0.1074,0.013699999999999999,88.6595,0.0274,530.8003,0.0187,0.0116,0.120188138292432,0.0516,68.8777,3.7445,0.0207,0.3961,0.0963,2.866,27.5865,75.716,71.6716,0.1164,1.7199,0.019,1.0517,0.0755,0.0198,198.8674,256.6203,828.5538,38.2481,0.0432,0.0404,0.0473,1.0654,0.0273,0.0487,0.2743,0.0593,0.1222,6.0111,0.1207,9.6041,0.0314,1.7488,6.3412,29.126,0.1296,1.301,1.6138,9.8111,18.3694,0.0329,0.022,0.017,0.0244,0.0273,0.0412,0.0439,0.0162,1.5678,0.0311,0.0046,25.7039,0.0097,175.5534,0.028,0.0149,20.7451,1.3193,0.007,0.1265,0.0348,3.5528,0.9957,4.4389,8.0676,10.7773,2.7404,14.8508,25.0544,3.9186,42.8807,3.4201,0.6601,2.4081,3.8636,43.0135,6.5078,10.2907,5.1403,1.9718,4.8204,33.1579,58.9136,3.6904,0.8235,1.7812,1.0305,0.6795,4.9109,6.425,4.3822,8.4949,3.3386,2.9482,57.9838,5.2592,3.757,7.2697,111.4157,4.2776,6.6983,55.961,469.927,154.749,55.7719,138.9334,71.8159,286.0158,58.9439,58.9641,1.9604,4.5618,1.3944999999999999,4.9829,15.0086,479.5866,75.5906,0.0,26.600115265074077,5.5435,9.9295,0.1052,6.3585,6.2862,4.0715,8.0982,73.828,16.83,0.65,6.6302,0.2384,79.3358,4.1328,0.8804,0.1927,0.0369,15.2895,11.969999999999999,0.1447,4.532500000000001,0.0527,4.638249999999999,17.1388,529.6709,2.4583,11.36,0.5263,3.9365,0.1473,2.1447,21.411,0.0163,3.2621,0.0279,0.0123,44.1754
-1.0,2912.76,2233.7666,0.9501,100.7256,1.4029,0.0174,-0.0023,198.8363,9.7333,418.6612,0.9792,188.4922,12.4527,1.3943,-4373.25,1260.25,0.9692,1.8988,5.0717,68.1778,2.6444,0.1838,86.3857,8.8513,63.7749,66.2673,87.0205,76.23,3.417,349.1064,127.3236,710.8149,1.0098,137.7309,614.1609,55.7722,4.575,4.84,2822.0,0.9378,5.9945,347.5373,10.4118,113.3182,8.3309,14.0055,16.1776,694.6373,145.9936,606.8491,56.5452,-0.0269,0.0179,-0.0345,0.0123,0.0056,-0.0218,-0.0429,6.5132,0.135,0.9893,1887.7862,0.198,8989.4,0.0785,0.0549,-0.1387,0.1042,0.4828833741810159,0.9447,782.4293,0.9905,59.9411,0.5952,0.978,6.1628,15.82,2.942,15.85,15.83,1.035,0.5474,3.531,1.608,0.7987,2.3704,1005.6244,200.0,112.4,151.8,87.1003,470.703,0.2627,0.2258,0.065,0.0459,0.0059,4.5888,4.135,6.127,0.0042,0.35,0.07,419.0,156.0,0.15,0.097,0.224,1.9,0.097,0.9174,0.1717,0.5225,0.4191,0.7129,0.849,0.1954,10.95,21.81,21.759,0.323,11.93,9.37,27.641,19.904,0.0733,0.0416,0.022,0.0558,0.0614,0.0896,0.0908,0.0693,3.0689,0.0737,0.0013,143.4893,0.0463,2121.0,0.0201,0.0214,0.06462466837683178,0.0175,240.9647,3.6637,0.0279,0.2924,0.0978,3.7035,45.32809999999999,41.52,49.4722,0.0774,2.3804,0.08085,1.2914,0.1009,0.0253,214.3523,308.4773,1943.9466,81.7246,0.0615,0.0422,0.1007,0.6476,0.0253,0.0367,0.3387,0.0665,0.1535,6.5219,0.242,9.466,0.062,3.6439,5.7479,6.9166,0.0996,2.7327,1.9515,8.6752,6.5379,0.02,0.0189,0.0093,0.0271,0.0163,0.0459,0.046,0.0355,0.9729,0.0219,0.0004,45.8021,0.0135,687.5344,0.009032105272130423,0.0059,74.7644,1.2349,0.0092,0.1092,0.0333,4.0192,1.2963,9.053150000000002,3.8589,6.1196,3.906427332733898,26.556,27.6491,16.0957,42.4831,1.4635,0.4302,2.8106,5.0233,107.9746,12.3785,15.4759,5.1086,4.4166,2.7868,37.8151,38.0895,2.1012,1.062,1.9395,0.8193,0.2693,5.6201,10.9799,4.3733,19.3526,7.9503,3.5512,39.0141,7.0363,3.1022,6.4332,143.2016,3.9792,11.7249,35.2002,272.9346,618.59025,161.8564,497.166,0.0,416.0367,161.4444,47.1177,3.4803,3.2003,0.1294,7.6009,23.3582,0.0,0.0,528.8136,11.882853573396584,1.8478,30.797,0.1344,6.1121,4.7449,4.1259,10.6569,81.218,14.08,1.39,6.6585,0.6142,101.3962,3.5044,1.7114,0.312,0.0696,31.5183,1.77,0.1193,0.6673,0.0556,0.7141,17.9031,535.9227,1.911,8.65,0.1435,3.1242,0.0437,1.614,7.508,0.0161,3.187,0.0095,0.0162,170.5841
-1.0,3091.71,2233.7666,0.9501,100.7256,1.521,0.0075,-0.0127,197.8643,7.661,410.6937,0.9674,187.5795,12.46,1.4004,-1945.0,-874.75,1.287,2.0082,7.2517,68.3222,2.5222,0.2116,84.8399,8.5266,64.0317,66.192,86.924,78.1,3.021,351.8145,135.0636,723.3689,1.3141,140.1645,627.0427,180.623,4.622,4.883,2821.0,0.9363,2.7764,348.9273,10.3476,117.84,15.03,17.2236,24.1247,699.2442,145.2455,612.0127,90.1501,-0.0053,0.0422,-0.0252,0.0027,0.0062,-0.0532,-0.0569,6.8788,0.1308,0.986,1792.727,0.2067,9473.2602,-0.0406,0.0316,-0.0002,0.136,0.44704876332670573,0.944,813.8807,0.9905,59.9533,0.5913,0.9761,6.3502,15.82,2.942,15.85,15.83,1.035,0.5474,3.531,1.608,0.7987,2.3704,1005.6244,153.0,186.1,150.7,87.1003,470.703,0.2627,0.0944,0.0999,0.0514,0.0204,3.4005,3.526,14.431,0.0145,0.61,0.0687,547.0,2157.0,0.132,0.113,0.076,2.1,0.332,0.8251,0.1052,0.5321,0.2951,0.6651,0.593,0.143,6.4,22.02,51.939,0.306,14.19,3.28,28.118,56.871,0.0712,0.0614,0.08,0.0661,0.079,0.0808,0.0713,0.0264,4.6158,0.0662,0.0025,120.4895,0.0584,1837.5996,0.0216,0.0134,0.04821296858779711,0.0223,168.0757,3.5579,0.0165,0.5038,0.0978,3.7035,33.5037,55.2929,49.8847,0.0774,2.3804,0.0269,1.1462,0.1748,0.0262,231.147,177.1826,4640.3235,961.3381,0.0662,0.0569,0.0335,0.7807,0.0212,0.1023,0.3098,0.0413,0.1115,6.4494,0.1584,8.9317,0.0432,2.2148,5.6826,14.019,0.0911,1.0026,1.6237,9.0753,20.0844,0.0192,0.0316,0.0367,0.0273,0.0283,0.0393,0.0342,0.0122,1.5153,0.0238,0.0007,37.1975,0.0231,530.7541,0.011470080158400661,0.0082,46.5864,1.2492,0.0054,0.1605,0.0333,4.0192,1.2963,6.9263,6.0193,5.9122,3.906427332733898,26.556,27.6491,6.2063,46.0253,3.5138,1.4949,4.8957,4.9045,298.58439999999996,246.5847,10.2564,5.6268,1.048,3.0737,47.5771,27.8887,9.8425,0.9725,1.2343,0.831,0.3808,6.2817,6.1971,4.0076,10.8795,4.5661,3.5117,28.7555,6.6629,2.9572,7.2386,94.4113,4.0212,17.0609,63.0848,0.0,271.3812,262.5621,0.0,0.0,134.0226,46.4176,67.1011,2.5223,2.7971,0.2511,6.721,28.2318,0.0,0.0,988.2353,11.985859869644479,2.3622,20.6512,0.1135,5.9345,7.933,4.1259,10.6569,73.548,12.74,1.39,6.1033,0.5522,21.6917,3.1766,1.8899,0.1485,0.0312,15.9891,7.5,0.116,2.8915,0.0475,2.8243,19.0012,532.7,2.3601,10.46,0.1936,3.7087,0.0595,1.9636,8.2046,0.0127,2.5175,0.0315,0.0164,51.9199
-1.0,2907.96,2225.5889,1.6,97.2756,1.5356,0.0043,-0.0008,198.1369,5.1309,415.138,0.9665,188.1401,12.46,1.4008,-5091.75,1639.5,1.2793,1.995,7.301,69.2,2.3111,0.1797,86.3857,8.8513,63.7749,66.2673,87.0205,76.23,3.417,350.8209,129.83,716.5855,1.0323,138.82,619.4709,57.4534,4.581,4.808,2824.0,0.9367,2.6173,350.5964,10.4862,112.4473,10.1573,17.3827,21.7381,694.8475,146.27,609.3136,98.3306,0.0035,0.0219,-0.0466,0.0395,0.0009,-0.0333,0.0227,7.3057,0.1249,0.9845,1827.9181,0.1794,8971.8201,-0.1186,-0.0335,0.0572,0.1333,0.47610925972520346,0.9489,751.0438,0.9909,59.3328,0.6002,0.9799,6.4203,15.82,2.942,15.85,15.83,1.035,0.5474,3.531,1.608,0.7987,2.3704,1005.6244,78.0,109.1,121.2,87.1003,288.714,0.5815,0.0983,0.0384,0.0666,0.0279,4.3365,4.051,8.713,0.0162,0.61,0.0742,411.0,13046.0,0.109,0.141,0.201,1.8,0.492,0.9174,0.1717,0.5225,0.4191,0.7129,0.752,0.1539,9.35,15.67,25.213,0.35,17.96,5.92,32.355,56.976,0.0695,0.0241,0.0242,0.0985,0.1135,0.0592,0.0704,0.0673,4.3232,0.0519,0.0014,54.6012,0.0163,1503.6001,0.0369,0.03420000000000001,0.04743866274940184,0.0129,148.0803,3.7871,0.0276,0.6112,0.0978,3.7035,20.9737,41.1761,42.7626,0.1779,1.9767,0.0331,1.3401,0.1748,0.0229,194.6561,227.3192,1799.2979,6095.3069,0.0508,0.0585,0.1033,0.6205,0.0564,0.1758,0.3387,0.0665,0.1535,5.068,0.2406,9.5205,0.0471,2.9115,5.0829,7.3415,0.0924,1.7305,1.8891,9.9995,18.3395,0.0214,0.0113,0.0103,0.0437,0.0363,0.0318,0.0371,0.034,1.4996,0.017,0.0005,17.3523,0.0053,464.2379,0.00692998371587235,0.0036,47.4064,1.2527,0.0093,0.1951,0.0333,4.0192,1.2963,3.5829,3.7518,4.9686,3.906427332733898,15.2741,36.3468,6.4014,78.9529,2.0988,1.6741,4.8957,5.2935,66.5586,795.7304,8.5206,7.0677,2.753,2.6012,51.9231,89.0538,14.573,1.062,1.9395,0.8193,0.2693,4.7118,9.4662,4.5294,14.9133,6.7353,2.5296,43.8843,6.3312,3.3377,7.737,176.8191,4.6564,11.5596,57.9433,0.0,48.2482,211.4868,287.3872,0.0,211.5702,295.8242,59.1752,1.9209,2.1109,0.1434,2.9871,9.1022,0.0,68.8372,0.0,9.416964429188477,1.3547,19.7166,0.1193,6.3828,9.5201,4.1259,10.6569,72.9,18.51,0.88,9.1441,0.375,65.0688,4.7041,1.2071,0.5147,0.148,40.469,3.51,0.1797,1.4667,0.0733,1.3266,28.3328,537.2809,2.0931,6.8,0.2055,2.3023,0.0615,1.2656,9.8177,0.0141,2.8249,0.044,0.0133,30.2219
-1.0,2971.15,2185.9333,1.629,98.6822,1.4355,0.0135,-0.0063,203.0964,12.3751,417.7334,0.9687,193.0892,12.6063,1.3975,-2348.75,1514.5,0.9768,1.8935,5.1655,61.7222,3.0444,0.214,85.482,9.3998,64.2033,66.3747,87.2029,65.12,2.939,350.4218,146.2918,741.8553,1.262,136.1118,632.8255,208.6126,4.638,4.863,2824.0,0.9341,15.64135,350.4836,9.9994,133.5918,4.3998,12.7,19.1593,722.696,147.5091,631.5845,71.1919,-0.0186,-0.0268,-0.061,-0.0086,-0.1033,-0.0204,-0.0177,6.3537,0.1389,0.9902,1842.4701,0.1931,8519.59,0.0168,-0.0623,-0.0694,-0.103,0.4723,0.9342,738.9962,0.9906,58.339,0.5965,0.9746,6.3283,15.77,2.632,15.83,15.83,0.9744,0.4541,3.341,0.7569,0.823,2.3834,1011.6333,80.0,113.7,148.2,60.3,220.325,0.4348,0.1212,0.0504,0.0294,0.0259,5.9743,8.095,17.032,0.0151,0.59,0.0529,420.0,49.0,0.125,0.083,0.173,4.3,0.315,0.5095,0.1872,0.5517,0.3155,0.8867,0.247,0.1237,8.0,16.95,44.362,0.362,13.75,5.53,35.041,97.098,0.0357,0.0399,0.026,0.0671,0.0569,0.1122,0.064,0.0508,3.5372,0.0459,0.0009,71.1246,0.0377,1240.8003,0.0261,0.0181,0.0555,0.0475,119.2563,3.8049,0.0499,0.3964,0.0795,2.7454,20.7374,41.9214,51.4822,0.1338,1.9511,0.039,2.4737,0.1692,0.014,180.394,299.8504,3028.1649,27.16,0.0513,0.0346,0.0806,1.2765,0.0253,0.0953,0.1989,0.0786,0.0872,5.4985,0.0898,9.2875,0.0355,2.4149,5.3619,16.8329,0.1235,2.1234,2.5777,10.634,27.619,0.0116,0.0168,0.0121,0.0303,0.0158,0.0591,0.033,0.0252,1.2167,0.0149,0.0003,24.5357,0.0123,374.8742,0.0124,0.0132,36.77,1.158,0.0156,0.133,0.0286,4.5224,1.1,3.5984,3.8268,5.988,2.7585,13.275,26.6905,8.4428,65.4137,4.0772,1.5638,4.6802,3.7882,278.5737,3.2354,12.7975,4.3834,3.3491,6.9667,26.2774,38.3178,6.7802,0.596,1.9916,0.8593,0.1327,4.6515,5.9538,4.2045,9.8052,5.8775,2.6785,21.2653,5.7868,3.6202,7.3058,293.3152,4.8487,35.2958,136.3891,191.6136,141.4894,110.0,659.2324,108.6157,314.1104,286.6008,55.6715,1.944,1.8803,0.0955,3.8603,19.5321,0.0,111.3924,597.0149,11.7604,5.0886,16.1376,0.1447,6.5221,6.2636,3.3361,7.4873,76.178,19.11,0.9,9.2603,0.4025,66.5451,4.7004,1.1814,0.0907,0.0268,9.3697,6.202235758018577,0.13100206917740861,2.4775217987271514,0.04998930131273566,2.382722742127936,20.608576261945345,529.2827,2.2933,9.74,0.544,3.5759,0.1529,1.8402,23.7218,0.0133,2.6884,0.0222,0.0048,21.6559
-1.0,3076.52,2197.6444,0.7865,99.9211,1.5059,0.0218,0.0018,201.7841,8.2955,420.5541,0.9794,191.4966,12.4578,1.3937,-4349.75,1322.0,0.9703,1.8973,5.1212,70.9556,2.5,0.1753,85.0841,8.6406,63.7959,66.0053,86.6776,77.83,2.543,360.5082,123.7427,722.0706,1.3307,145.0627,629.3136,149.9365,4.618,4.88,2866.0,0.9282,5.4191,358.0082,10.7021,109.1618,17.0436,14.5809,21.3926,700.678,145.1,612.27,113.8052,0.001,-0.0247,-0.0999,-0.0001,-0.0764,-0.03,-0.0609,7.7367,0.131,0.9715,1786.6951,0.1635,8943.67,0.1434,0.0446,-0.086,0.0247,0.4665,0.9504,774.7865,0.9905,59.9019,0.5975,0.969,6.1933,15.77,2.632,15.83,15.83,0.9744,0.4541,3.341,0.7569,0.823,2.3834,1011.6333,159.0,65.1,66.7,61.1001,449.614,0.0848,0.0851,0.0627,0.0511,0.0086,7.0202,4.067,12.48,0.0048,0.3,0.0692,219.0,134.0,0.117,0.085,0.253,2.1,0.139,0.7007,0.1539,0.6574,0.341,0.5904,0.452,0.1588,5.14,21.78,83.106,0.371,19.56,5.71,30.416,97.409,0.0992,0.0715,0.0317,0.0616,0.0769,0.0837,0.078,0.0436,4.1694,0.047,0.0052,135.495,0.0372,1075.0996,0.0132,0.0191,0.0377,0.014,120.8724,3.8077,0.0487,0.3193,0.0795,2.7454,37.8656,22.8815,21.2984,0.0281,2.0781,0.0237,1.3574,0.0755,0.0245,102.7116,298.4376,1468.0771,57.6194,0.0479,0.0363,0.1083,0.8516,0.0263,0.0455,0.2743,0.0593,0.1222,6.3502,0.1332,10.0161,0.0501,1.6862,7.1915,24.4915,0.119,1.5467,1.773,9.3732,26.5842,0.0304,0.0338,0.0153,0.0255,0.0237,0.0468,0.0419,0.0184,1.6201,0.0138,0.0018,46.4661,0.0135,326.8983,0.0058,0.0057,35.5566,1.2808,0.014,0.1125,0.0286,4.5224,1.1,6.917,2.116,2.6652,2.7803,36.0547,10.785,5.651,49.0263,2.9675,0.4864,2.4081,4.9645,69.5672,10.1362,12.0587,4.4802,4.9402,2.9596,40.0,41.0646,2.99,0.8235,1.7812,1.0305,0.6795,5.5533,7.6611,4.4734,11.9322,3.5433,3.4609,55.4275,5.2592,3.4666,6.6324,114.7644,4.3409,6.6869,85.5928,0.0,130.534,61.6308,0.0,109.5908,260.2168,71.6222,53.8913,1.679,1.9282,0.531,7.5836,22.734,0.0,44.3243,883.3333,8.0774,1.4741,15.6007,0.077,6.3566,5.1549,3.3361,7.4873,83.21,18.84,0.65,8.7466,0.2513,59.5894,4.5905,0.7812,0.1732,0.0405,17.5662,6.86,0.1796,2.623,0.0905,2.7688,28.1308,530.9864,2.4457,11.13,0.26,4.0124,0.0653,2.0961,10.6314,0.0144,2.8593,0.0287,0.0149,51.8065
-1.0,2999.86,2197.6444,0.7865,99.9211,1.4785,-0.0004,-0.0113,202.323,7.9176,415.7125,0.9694,191.9819,12.46,1.3998,-5063.0,2711.5,1.3037,1.986,7.2758,67.6667,1.9333,0.1499,84.1154,9.2281,64.081,66.4082,86.9417,63.93999999999998,5.041,360.5391,127.5482,726.9352,1.2867,145.1609,633.2482,111.2949,4.618,4.88,2866.0,0.9282,5.9136,358.6573,10.4909,113.4618,16.2737,14.0864,21.0896,705.8455,144.8555,616.9745,91.3808,-0.0135,0.0059,-0.0781,-0.0041,-0.0941,-0.0274,-0.0264,7.0743,0.1343,0.9616,1854.9557,0.1723,8375.0199,0.0275,0.0056,0.0623,0.0371,0.4644,0.9267,630.0971,0.9906,59.4039,0.6027,0.9663,6.2667,15.77,2.632,15.83,15.83,0.9744,0.4541,3.341,0.7569,0.823,2.3834,1011.6333,130.0,183.6,127.3,61.1001,449.614,0.0848,0.1404,0.0609,0.0443,0.0273,7.1154,4.111,7.269,0.0168,0.61,0.0558,2060.5,8983.0,0.095,0.097,0.087,2.4,0.452,0.8535,0.0896,0.5157,0.4241,0.7737,0.689,0.2117,5.16,23.58,42.028,0.32,20.1,5.62,30.837,59.305,0.1151,0.0602,0.0191,0.0446,0.0801,0.0712,0.0774,0.0328,3.5557,0.0624,0.013699999999999999,147.3008,0.0521,687.6997,0.0176,0.0171,0.0294,0.0376,71.2889,2.3274,0.0432,0.2885,0.0795,2.7454,33.2167,61.9572,46.1362,0.0281,2.0781,0.0487,1.5012,0.1748,0.0208,912.5788,189.9129,2040.0887,6351.9402,0.045,0.0503,0.0432,0.8367,0.0287,0.1583,0.3143,0.0401,0.1204,6.8395,0.2022,9.5821,0.0627,1.5762,7.1927,13.9785,0.0953,1.506,1.8823,9.8043,16.1167,0.0297,0.0305,0.0082,0.0221,0.0279,0.033,0.0425,0.0171,1.1553,0.0175,0.0046,43.4399,0.0192,214.5224,0.0059,0.0125,22.7529,0.8258,0.0132,0.1003,0.0286,4.5224,1.1,5.798,6.1203,5.5641,2.7803,36.0547,10.785,9.4958,51.9221,1.7486,1.7296,4.8957,3.99,88.9986,331.2926,7.2867,4.8842,1.1958,3.5468,82.7586,48.0356,13.0753,1.0147,0.9705,0.8048,0.2481,6.0964,6.2329,4.4026,16.449,3.5547,3.7237,37.7627,5.2592,3.0503,8.0468,123.5125,4.3688,10.4302,64.8987,854.9675,115.3257,57.1246,0.0,75.6642,282.7397,124.2424,50.2622,3.6473,2.578,1.3944999999999999,7.9409,30.2437,539.645,57.4713,0.0,6.3266,4.0537,11.314,0.095,3.918,4.604,3.3361,7.4873,82.288,15.6,1.63,7.6603,0.7147,44.7165,3.9102,1.9809,0.1454,0.0332,15.2751,6.29,0.2043,2.3574,0.0869,2.3472,32.7574,529.5091,2.5085,11.37,0.3764,3.8883,0.1128,2.1473,15.0058,0.0124,2.455,0.0265,0.0083,31.4679
-1.0,2992.52,2197.6444,0.7865,99.9211,1.4703,0.0275,-0.0061,201.9097,7.6963,421.8317,0.9795,191.5835,12.4578,1.402,-5049.3333,1323.75,0.9845,1.896,5.1855,70.0444,2.2889,0.1758,85.0841,8.6406,63.7959,66.0053,86.6776,77.83,2.543,361.2464,125.2664,724.0532,1.284,144.32,630.8327,147.1985,4.618,4.88,2866.0,0.9282,5.3782,358.3818,10.6291,110.6445,16.7854,14.6218,21.6961,702.3571,145.0209,614.0473,109.5763,0.001,-0.0157,-0.0967,0.0096,-0.0907,-0.0233,-0.0376,7.9782,0.1318,0.9874,1801.128,0.19,8570.25,-0.0285,-0.0121,0.0257,0.0905,0.4705,0.9357,641.8758,0.9907,59.801,0.5999,0.9786,6.4424,15.77,2.632,15.83,15.83,0.9744,0.4541,3.341,0.7569,0.823,2.3834,1011.6333,80.0,67.5,125.0,61.1001,449.614,0.0848,0.1317,0.0539,0.0543,0.0098,7.1261,4.698,14.627,0.0049,0.3,0.0433,311.0,126.0,0.151,0.076,0.218,3.4,0.188,0.7007,0.1539,0.6574,0.341,0.5904,0.514,0.1579,6.42,19.38,85.692,0.275,16.19,5.31,28.692,95.191,0.1105,0.0492,0.0208,0.0666,0.0679,0.0937,0.0767,0.0398,4.2394,0.0444,0.0042,132.916,0.04,1450.9004,0.0126,0.0121,0.1008,0.0445,142.2916,3.8117,0.0308,0.3465,0.0795,2.7454,20.7374,20.0393,37.216,0.0281,2.0781,0.0406,1.4249,0.0755,0.0141,142.673,377.7701,1369.2452,58.094,0.062,0.0315,0.0911,1.0126,0.0185,0.0668,0.2743,0.0593,0.1222,6.272,0.1507,9.5968,0.0426,2.0535,6.1713,29.9517,0.0947,1.4828,2.0034,9.0395,30.9935,0.0326,0.0203,0.0098,0.0287,0.0239,0.0503,0.0425,0.0211,1.4959,0.0159,0.0013,42.7792,0.0128,451.7354,0.0137,0.0129,44.1088,1.2653,0.0109,0.1264,0.0286,4.5224,1.1,3.5984,2.2556,5.0604,2.7803,36.0547,10.785,8.9574,61.0425,3.4675,0.499,2.4081,3.0877,48.4816,9.5184,15.3377,4.0084,4.204,4.8541,30.5825,33.5651,4.0146,0.8235,1.7812,1.0305,0.6795,4.8499,6.4423,4.3421,12.2964,4.4484,3.0721,58.2153,5.2592,2.5872,6.2814,96.4527,4.0851,18.7597,86.8719,0.0,546.6667,68.8372,704.083,103.2791,328.8317,105.9215,53.1372,1.7448,1.8022,0.4257,7.3796,21.0619,0.0,34.7826,0.0,21.4328,4.7568,22.1681,0.0969,6.374,5.3779,3.3361,7.4873,75.55755569119958,17.133916728927257,1.196042224388145,7.981966313127358,0.501872258178754,58.3365979767977,4.230398700418604,1.62361620832318,0.228,0.0478,23.3263,4.21,0.1442,1.9412,0.0599,1.6766,15.8034,530.0736,2.563,9.1,0.2041,3.25,0.0638,1.7167,7.9639,0.0093,1.8502,0.0214,0.0127,59.384
-1.0,3109.02,2197.6444,0.7865,99.9211,1.4406,0.0156,-0.0068,201.7606,8.6333,421.0477,0.9794,191.4175,12.4527,1.3998,-6115.25,-6693.75,1.3225,1.984,7.342,62.5111,2.8333,0.2417,85.9034,9.2171,64.0491,65.9275,86.2908,63.93999999999998,5.041,359.2818,153.7436,759.1936,0.9463,129.3945,642.42,58.5077,4.601,4.828,2902.0,0.9257,-11.2309,360.6545,10.2362,122.5127,15.0091,31.2309,39.0971,720.0965,144.2436,627.4109,82.3819,-0.0074,0.0344,-0.0718,-0.0009,-0.0898,-0.0323,-0.0369,7.4038,0.1402,0.9907,1757.5277,0.19,8594.8001,0.0034,-0.0019,0.0002,-0.0063,0.4649,0.9493,726.0543,0.9907,58.3624,0.5997,0.9787,6.1458,15.77,2.632,15.83,15.83,0.9744,0.4541,3.341,0.7569,0.823,2.3834,1011.6333,79.0,212.0,195.6,61.1001,449.614,0.0848,0.0848,0.0485,0.0496,0.0082,7.0466,4.264,10.747,0.0046,0.35,0.0335,738.0,17919.5,0.097,0.106,0.396,2.2,0.336,0.795,0.1095,0.4956,0.3436,0.8384,0.759,0.1963,10.63,11.64,20.671,0.815,20.72,9.13,23.955,90.704,0.0898,0.0392,0.0723,0.0445,0.0776,0.0907,0.0699,0.0593,6.4476,0.14894999999999997,0.0009,82.9525,0.033,800.3994,0.0094,0.0253,0.120188138292432,0.0227,73.0357,3.207,0.0315,0.2312,0.0795,2.7454,22.2733,69.7475,59.8935,0.0281,2.0781,0.0302,1.12,0.1009,0.0128,317.2605,562.8794,5349.0769,8820.758,0.045,0.0501,0.1774,0.7524,0.0316,0.1183,0.2921,0.0399,0.1186,5.2961,0.2201,5.3155,0.0621,3.0696,3.6698,7.5792,0.2255,2.9824,4.0249,7.3534,29.9226,0.0267,0.0185,0.0311,0.0204,0.0218,0.049,0.0317,0.0275,2.1523,0.04725,0.0003,27.2383,0.0104,259.9151,0.0175,0.0089,24.0345,0.8699,0.0104,0.0843,0.0286,4.5224,1.1,3.5619,6.8189,7.9122,2.7803,36.0547,10.785,5.8866,49.3903,2.5524,0.4656,2.8106,2.3968,190.0822,288.7171,7.3346,5.3427,5.3936,3.5194,21.1765,39.3103,9.4787,0.9255,1.1879,0.7738,0.1406,4.2362,5.184,2.4538,20.7397,8.2152,1.8119,35.3304,2.0939,7.9619,4.6363,138.0497,3.3266,19.5795,110.1018,0.0,113.8707,61.9346,0.0,101.0022,216.7442,160.9227,87.0841,2.7824,6.2731,0.0866,4.7198,17.3447,0.0,87.2093,0.0,26.600115265074077,2.3925,10.0593,0.0412,5.495,3.762,3.3361,7.4873,77.326,12.15,1.02,5.5618,0.3775,97.8515,2.9845,1.3191,0.7693,0.1441,78.3125,6.344199881308113,0.1398694073866051,2.4363978457268356,0.05485232553644759,2.4519743286493725,21.240677345521167,529.4427,2.5058,6.14,0.3933,1.9025,0.1148,1.1597,15.6949,0.0102,2.0404,0.0327,0.0144,44.1766
-1.0,2954.1,2179.0445,1.5552,95.4256,1.4685,0.0016,0.0004,201.7063,6.1833,401.8106,0.9662,191.719,12.6063,1.3933,-3583.25,-94.25,1.297,2.0115,7.4387,67.2333,3.0111,0.2489,86.106,8.7879,63.9266,65.9625,86.7106,76.05,2.287,351.1664,148.5664,744.4897,1.2204,129.2109,628.9436,212.6306,4.638,4.863,2824.0,0.9341,-1.8473,352.3909,10.5885,106.7191,21.3618,33.141349999999996,42.99620000000001,691.924,148.4718,607.5818,79.1018,0.0098,-0.0328,-0.0769,0.0354,-0.0978,-0.0186,-0.0253,7.3555,0.1302,0.9679,1812.2783,0.1989,8322.5299,-0.0664,-0.0307,-0.1087,0.025,0.4716,0.9376,635.5314,0.9906,57.5427,0.5967,0.9783,5.9926,15.79,2.778,15.79,15.83,1.002,0.4767,3.317,0.0,0.8187,2.4,1012.0556,127.0,83.4,86.7,45.9001,338.7909,0.3868,0.0639,0.0439,0.033,0.0222,4.3485,2.41,23.313,0.0163,0.59,0.0326,578.0,836.0,0.139,0.102,0.176,2.1,0.367,0.7367,0.1184,0.4407,0.2412,0.9064,0.31,0.0887,6.71,18.48,37.08,0.305,21.94,4.75,31.467,131.751,0.0816,0.0423,0.1034,0.043,0.0991,0.0901,0.0551,0.013,3.2398,0.0764,0.006,94.8435,0.0619,1050.8994,0.0207,0.0216,0.0446,0.0224,113.8202,2.2808,0.0138,0.2801,0.0811,2.0618,33.896,26.6427,28.19,0.1088,1.8081,0.0213,0.7851,0.1692,0.0105,244.0669,110.4125,390.1746,393.7574,0.0706,0.0443,0.0731,0.6461,0.0435,0.1406,0.2818,0.0464,0.1352,6.1053,0.1117,9.1161,0.0284,1.8033,6.624,13.2374,0.0781,1.4427,2.151,9.961,44.6298,0.0249,0.0185,0.045,0.0198,0.0305,0.0405,0.0225,0.0064,1.1313,0.0252,0.0018,30.1592,0.019,395.7498,0.0079,0.0073,44.2174,0.6744,0.0048,0.0893,0.0295,4.3076,0.7521,5.6363,2.8232,3.4821,2.1064,16.7038,24.8743,4.3513,38.9761,5.802,1.6916,4.6802,2.3405,23.5261,878.8110999999999,10.717,5.0708,2.366,3.1235,49.8155,53.8393,10.4661,0.8556,1.3475,0.6894,0.3322,5.1514,5.479,4.0612,7.2652,5.1931,2.9383,17.4387,5.7868,2.8805,7.9274,102.7068,4.5478,40.5024,166.5587,834.7826,235.9833,55.9168,279.9435,92.1739,296.2366,51.4851,44.0464,1.767,3.1817,0.6239,5.2334,31.1057,0.0,108.9974,921.2121,9.4629,2.3929,17.9095,0.0752,3.9637,4.6868,3.3789,5.5865,80.44,17.91,1.39,7.6801,0.5159,77.2544,4.5016,1.728,0.29,0.0604,30.6277,3.15,0.1675,1.1246,0.0695,1.1897,24.7408,528.8918,2.2461,9.11,0.3237,3.0365,0.0962,1.7225,14.4103,0.013,2.5797,0.0131,0.0129,98.1126
-1.0,3006.22,2185.9333,1.629,98.6822,1.4557,-0.0085,-0.0119,199.6664,10.1,408.6915,0.9688,189.4768,12.6063,1.3971,-4155.3333,1517.5,0.9798,1.893,5.1535,68.9,2.7111,0.1847,86.4478,8.8287,63.9006,66.2532,87.0337,78.11,3.708,356.1609,146.4636,745.0116,1.2245,130.9291,633.5536,212.2979,4.596,4.837,2870.0,0.9293,15.64135,355.5818,9.884,131.8936,9.5036,14.57,18.3175,726.6941,139.2282,626.7036,49.7583,0.0014,0.0078,-0.0651,0.0132,-0.0925,-0.016,-0.0246,7.647,0.1261,0.99,1832.4027,0.1893,8997.22,0.0631,-0.0419,-0.0083,0.0445,0.4681,0.9329,707.0493,0.991,57.9516,0.5969,0.9765,6.2552,15.79,2.778,15.79,15.83,1.002,0.4767,3.317,0.0,0.8187,2.4,1012.0556,100.0,146.0,199.2,60.3,220.325,0.4348,0.0817,0.0679,0.0477,0.0266,9.6265,9.478,12.366,0.0166,0.59,0.0681,484.0,30.0,0.102,0.072,0.18,1.7,0.133,0.7997,0.127,0.6414,0.3904,0.8191,0.313,0.1477,6.95,17.1,36.555,0.899,10.09,7.6,38.759,29.485,0.0591,0.0615,0.0282,0.0619,0.0556,0.0962,0.0631,0.1003,3.0084,0.0684,0.0007,119.543,0.0371,756.4004,0.0158,0.0257,0.0878,0.045,79.8553,4.137,0.0416,0.3097,0.0811,2.0618,30.007,46.7456,71.0586,0.1338,1.9511,0.0352,2.7019,0.1692,0.0247,213.6734,286.2464,755.3392,12.2882,0.0447,0.0297,0.0879,0.6164,0.0227,0.0432,0.3256,0.0452,0.1113,5.6444,0.0856,9.4958,0.0526,1.9937,5.6936,12.2075,0.3523,2.1546,2.8945,11.5662,10.1645,0.0129,0.0258,0.0141,0.0353,0.0136,0.0491,0.0336,0.0502,0.95,0.0217,0.0002,32.9607,0.0098,241.4663,0.0124,0.0135,28.0365,1.393,0.0116,0.1118,0.0295,4.3076,0.7521,4.5924,4.8566,8.8227,2.7585,13.275,26.6905,5.6126,93.8416,3.0258,1.7144,4.6802,4.8716,34.9912,1.9769,10.4108,3.8035,3.4928,2.4673,33.1967,28.7004,2.8341,0.9251,1.4387,1.0037,0.2356,4.8995,6.1312,4.0523,12.0617,5.3082,2.6991,17.2187,6.0687,9.0955,10.4706,106.1707,5.3336,27.7069,59.2565,0.0,211.704,95.1332,422.2117,104.0281,394.375,407.7236,39.3411,1.5865,2.8973,0.0711,6.5238,19.5719,0.0,46.1825,800.0,18.7544,4.8211,11.2942,0.1441,7.1387,4.9516,3.3789,5.5865,74.67,10.11,0.72,3.6048,0.2682,65.7149,2.5407,0.9642,0.1454,0.0332,15.2751,6.405052504409244,0.1452966501118493,2.69462080563728,0.05910820335769042,2.4594640555400247,20.874095263519113,531.6709,2.2584,7.79,0.4943,2.8158,0.1275,1.4652,21.885,0.0154,3.085,0.0131,0.0129,98.1126
-1.0,3088.73,2185.9333,1.629,98.6822,1.3731,0.0056,-0.0015,203.3401,12.4201,424.5263,0.9677,193.3351,12.4322,1.3903,-4306.25,-6436.5,1.273,2.0038,7.3762,67.9667,1.8,0.151,85.597,8.5155,64.004,66.2008,87.1407,78.67,2.422,351.3391,138.5418,730.9825,1.3224,139.9673,629.8482,127.1398,4.567,4.804,2833.0,0.9354,15.4555,351.2709,10.3745,113.9973,15.2427,24.5445,33.2277,697.7547,149.3373,614.6055,78.2523,-0.0037,0.0046,-0.0859,0.0011,-0.1084,-0.056650000000000006,-0.033,6.9554,0.1365,0.99,1744.9379,0.2001,8803.1401,0.0492,-0.0158,-0.0965,0.047,0.4659,0.9296,740.1573,0.9905,59.6857,0.6,0.976,6.3588,15.77,2.632,15.83,15.83,0.9744,0.4541,3.341,0.7569,0.823,2.3834,1011.6333,90.0,89.6,96.7,60.3,220.325,0.4348,0.0711,0.066,0.0425,0.028,5.2072,8.327,17.449,0.0163,0.52,0.0491,1994.0,8715.0,0.221,0.139,0.197,2.5,0.545,0.8383,0.0494,0.4621,0.2392,0.8146,0.746,0.1235,10.62,17.26,84.952,0.256,20.3,6.98,29.906,77.873,0.0534,0.0485,0.0536,0.049,0.0409,0.0877,0.0649,0.0339,5.3462,0.0774,0.001,59.1705,0.035,755.2998,0.0185,0.0149,0.0447,0.0307,90.8094,2.1745,0.0274,0.4485,0.0795,2.7454,27.5907,31.0427,32.3562,0.1338,1.9511,0.0306,2.5674,0.1563,0.0201,912.5788,67.7003,1284.1678,6162.4356,0.0978,0.0624,0.0855,0.7697,0.0589,0.1797,0.3234,0.0229,0.0913,5.8376,0.1981,9.6832,0.04,2.8061,5.4629,24.1652,0.0886,1.8921,2.0954,9.723,25.2494,0.0143,0.0222,0.026,0.0221,0.0112,0.0414,0.028,0.0148,1.563,0.0245,0.0003,21.9815,0.0119,271.8205,0.007,0.0094,31.4512,0.6689,0.0098,0.1412,0.0286,4.5224,1.1,4.0794,2.9009,4.0648,2.7585,13.275,26.6905,5.1781,67.0446,4.1102,1.6824,4.1827,3.5296,66.9028,135.3997,17.3606,6.937,2.6707,3.6783,38.8889,135.7616,15.9341,0.9794,0.5804,0.722,0.2984,5.6925,7.4201,4.3004,9.3412,7.5875,2.7403,65.59535,6.701,2.4676,8.7458,133.178,4.286,30.4911,99.5153,0.0,293.0514,57.0431,0.0,80.8668,110.2804,102.5719,76.8648,2.1985,3.2187,0.1055,3.391,17.5106,0.0,52.4345,0.0,9.5943,3.3013,12.2689,0.1325,3.6433,7.0533,3.3361,7.4873,73.926,20.78,0.95,8.5647,0.4724,58.9705,5.1744,1.2851,0.1447,0.0343,15.0107,6.360823426877652,0.15252227627790757,2.5049277197210973,0.06232413507352229,2.409312044855974,22.854873361990094,535.7309,1.7132,9.77,0.2093,3.6041,0.063,1.8237,12.2194,0.013,2.6037,0.0131,0.0129,98.1126
-1.0,2948.42,2204.9223,1.5138,100.4322,1.3906,-0.0018,-0.0008,199.7718,7.6365,414.5512,0.9624,190.2681,12.6108,1.4053,-2982.25,1353.5,0.9897,1.894,5.2242,65.1333,2.8222,0.1953,84.7297,8.5177,64.1615,66.2409,87.0024,77.14,3.595,353.6582,148.6827,745.1489,0.9484,130.1609,632.5018,52.0189,4.623,4.845,2831.0,0.9331,-12.0473,354.3864,10.3644,116.6355,9.4168,32.0473,38.5498,706.5991,153.3655,624.3873,90.194,-0.001,0.0082,-0.0425,0.0351,-0.0043,-0.0461,-0.0092,7.6668,0.1271,0.9899,1887.9633,0.1899,8473.6401,0.0056,-0.0409,-0.0242,-0.1156,0.4818714319802906,0.9439,748.049,0.9867000000000001,57.6475,0.5971,0.9664,6.366,15.79,2.778,15.79,15.83,1.002,0.4767,3.317,0.0,0.8187,2.4,1012.0556,77.0,142.3,92.3,52.0,200.118,0.554,0.0547,0.0317,0.0493,0.0218,7.8571,5.079,11.85,0.0195,0.57,0.0318,592.0,190.0,0.126,0.074,0.189,1.5,0.13,0.7104,0.0996,0.5617,0.2119,0.7185,0.818,0.1106,6.64,24.55,20.033,0.288,20.55,11.03,38.256,124.245,0.0645,0.0469,0.12045,0.14704999999999996,0.1142,0.1017,0.0284,0.0922,3.7132,0.0334,0.0022,100.1504,0.0339,1705.6997,0.024,0.0133,0.05668821516007805,0.0354,171.9803,2.2988,0.024,0.4896,0.0811,2.0618,21.9835,48.6863,36.2322,0.2063,1.4999,0.0218,1.7938,0.1659,0.0136,255.6748,322.4194,1997.4611,91.5296,0.054,0.0322,0.0831,0.5454,0.0313,0.0457,0.2702,0.0391,0.0941,8.8849,0.2721,9.3517,0.037,2.1902,7.3968,6.8288,0.0856,3.3689,3.6943,11.6662,35.1695,0.0251,0.0221,0.055099999999999996,0.06770000000000001,0.0368,0.0532,0.013,0.0447,1.2144,0.0107,0.0007,34.8431,0.0092,489.4797,0.010566795530565755,0.0127,50.0644,0.7824,0.0085,0.1658,0.0295,4.3076,0.7521,3.6717,4.8263,3.7757,2.3584,11.1943,36.5967,3.9336,66.5099,2.8585,2.0226,4.5199,2.265,148.0761,14.0377,12.7305,3.9071,3.6177,2.303,35.4331,55.2901,2.7804,0.8384,1.1689,0.8754,0.3206,7.2075,7.479,4.0373,11.6568,5.1014,3.8814,38.511,5.9605,2.7788,8.8738,218.227,5.4141,21.5559,137.7531,0.0,149.7207,373.6471,325.472,0.0,61.5718,0.0,48.4316,1.8094,1.3989,0.2212,5.3047,17.833,909.4017,99.5475,927.2727,11.705834036174728,3.7466,22.9905,0.25379999999999997,3.9876,7.6913,3.3789,5.5865,79.856,13.6,0.78,6.6512,0.35,51.082,3.3379,0.9768,0.3709,0.0655,40.593,6.64,0.0957,2.6721,0.035,2.5137,15.3192,535.4118,1.555,7.77,0.1599,2.6848,0.0507,1.4512,10.2845,0.0164,3.2771,-0.0034,0.0093,255.5817
-1.0,2958.39,2231.9556,1.0208,102.5344,1.4881,-0.0054,-0.0037,199.0452,5.8573,416.4335,0.9676,189.1091,12.6159,1.4029,-4581.25,1294.75,0.9742,1.8878,5.1058,67.5889,2.7333,0.1813,84.7297,8.5177,64.1615,66.2409,87.0024,77.14,3.595,353.2682,134.3691,727.7956,1.0593,139.7709,627.4082,50.4659,4.623,4.845,2831.0,0.9331,-10.2673,352.57,10.7702,104.1018,12.8882,30.2673,35.9269,691.8687,157.8482,614.52,87.58,0.0037,-0.0296,-0.0119,0.0107,-0.0147,-0.0187,-0.0114,7.8852,0.1286,0.9863,1913.8017,0.1964,9213.1399,-0.0042,-0.0037,0.0123,0.0036,0.46890945198163325,0.9673,780.9182,0.9892,55.7947,0.5933,0.9699,6.3752,15.79,2.778,15.79,15.83,1.002,0.4767,3.317,0.0,0.8187,2.4,1012.0556,81.0,68.5,76.0,52.0,618.105,0.6895,0.0527,0.0471,0.0362,0.0313,11.3528,4.303,8.274,0.0184,0.6,0.0636,455.0,298.0,0.108,0.062,0.124,1.5,0.203,0.7104,0.0996,0.5617,0.2119,0.7185,0.656,0.2099,9.28,24.19,24.847,0.306,24.46,9.71,39.306,87.291,0.076,0.0455,0.0684,0.0663,0.0563,0.0806,0.0903,0.0472,4.4976,0.0625,0.0033,113.2328,0.059,1505.4004,0.0192,0.0121,0.06167289475923077,0.0103,197.2717,2.8546,0.026,0.4747,0.0811,2.0618,21.1516,20.9611,26.2677,0.2104,3.1415,0.0192,1.2751,0.1665,0.0243,200.711,344.7211,1059.3509,142.4462,0.0464,0.0274,0.0508,0.5231,0.0306,0.0588,0.2702,0.0391,0.0941,7.7594,0.1702,9.2051,0.0564,2.7463,6.8221,5.7902,0.0811,2.7426,3.4162,10.9878,26.223,0.0204,0.0203,0.0305,0.029,0.0209,0.0414,0.0437,0.0239,1.8778,0.019,0.0011,43.4979,0.0173,452.4451,0.013528880772168246,0.0036,61.2146,0.8484,0.0097,0.1633,0.0295,4.3076,0.7521,3.6765,2.3154,3.0658,2.3298,52.1565,64.9361,3.5413,73.4642,1.9869,1.9028,4.7559,4.5341,54.5703,23.016,11.0855,3.2843,2.4286,2.2193,21.9512,55.1471,4.3433,0.8384,1.1689,0.8754,0.3206,7.6656,7.4571,4.4269,19.8158,6.6394,3.8555,49.2352,5.9605,2.8412,9.5868,189.786,5.6811,23.5374,99.67,0.0,136.1257,554.8117,525.8611,548.2993,481.6,414.0351,57.0382,2.0995,2.5774,0.3318,5.9166,30.0499,691.4286,57.4163,0.0,12.44001944115477,1.0683,25.2615,0.1148,5.1163,7.4465,3.3789,5.5865,72.894,8.64,0.38,3.6047,0.1566,146.2962,2.1024,0.5213,0.6026,0.1256,66.3603,4.98,0.0877,2.0902,0.0382,1.8844,15.4662,534.7509,1.5983,6.68,0.1023,2.3302,0.0327,1.2492,6.3989,0.0151,3.0084,-0.0034,0.0093,255.5817
-1.0,3025.01,2177.3222,1.3101,101.1478,1.4476,-0.0234,-0.0001,199.2029,11.8878,407.0764,0.9803,189.1684,12.4527,1.395,-3790.75,1541.25,0.98,1.8758,5.0345,63.9222,3.3778,0.2264,85.9034,9.2171,64.0491,65.9275,86.2908,63.93999999999998,5.041,351.3118,133.5582,723.0295,1.3269,139.8309,624.7009,203.8375,4.595,4.847,2823.0,0.9368,1.1591,349.3691,10.3024,114.7173,14.6254,18.8409,26.7301,696.2995,145.9891,610.0755,98.9695,0.0245,-0.0007,-0.0765,-0.0079,-0.0771,-0.0139,-0.0443,7.5459,0.1302,0.9888,1852.0592,0.1987,8835.5701,-0.0338,0.0242,0.027,-0.0713,0.463,0.9464,677.3252,0.9909,59.1447,0.6082,0.9674,6.3065,15.84,4.036,15.88,15.82,1.092,0.6774,3.037,-0.2838,0.758,2.3101,1003.854,200.0,49.2,93.4,46.3999,264.955,0.1939,0.1066,0.0725,0.0558,0.0085,8.6014,7.152,17.489,0.0053,0.35,0.0629,497.0,47.0,0.098,0.069,0.043,3.4,0.093,0.795,0.1095,0.4956,0.3436,0.8384,0.371,0.1129,5.65,18.13,35.153,0.447,23.89,4.2,32.181,96.396,0.0825,0.0516,0.0407,0.0308,0.0707,0.0886,0.1011,0.0435,3.5275,0.0438,0.0043,107.6855,0.0366,1900.5,0.012,0.0211,0.120188138292432,0.0134,186.3373,3.686,0.0264,0.2638,0.0778,4.3742,45.32809999999999,17.4504,28.8864,0.0586,1.6927,0.0357,2.0607,0.1009,0.0197,227.1319,207.3491,862.1065,19.6702,0.0454,0.0326,0.0185,1.0244,0.0179,0.0298,0.2921,0.0399,0.1186,5.1284,0.1245,9.7091,0.0331,1.6031,5.1372,12.4981,0.1297,1.3268,1.9594,10.3276,30.0567,0.024,0.0234,0.0174,0.0141,0.0236,0.0491,0.0473,0.0205,1.0779,0.0142,0.0014,32.5293,0.0109,636.5427,0.0247,0.0046,59.9804,1.226,0.0083,0.1044,0.0271,5.2764,1.3342,9.053150000000002,1.6264,3.5864,2.1311,24.322,14.8011,7.3637,60.1624,4.2962,0.5357,2.8106,4.5082,53.525,3.0495,10.0,3.6785,0.8541,5.319,14.8026,22.9637,2.0022,0.9255,1.1879,0.7738,0.1406,5.0952,6.2295,4.3763,8.5077,4.0406,2.9022,17.2456,6.372,4.3388,8.4643,163.3454,4.6217,26.6228,97.3997,337.2509,89.5056,40.2746,892.8177,114.8412,724.7312,98.3051,46.7475,1.6133,1.8046,0.4363,5.8144,18.4402,0.0,56.6372,0.0,26.600115265074077,1.4181,27.5108,0.0982,6.2323,4.183,3.3695,11.6144,81.364,21.3,2.1,9.5787,0.88615,58.029,5.3267,2.581,0.3311,0.0895,32.8864,3.47,0.124,1.3818,0.0485,1.3985,17.8226,529.1691,2.1248,8.07,0.1564,2.3093,0.0481,1.525,7.362,0.0184,3.6896,-0.0034,0.0093,255.5817
-1.0,2908.04,2185.9333,1.629,98.6822,1.5221,-0.0175,0.0086,202.8708,6.1263,398.5726,0.9593,192.4506,12.371,1.3841,-4624.0,-90.25,1.2825,1.9885,7.3117,65.8222,3.0889,0.2583,84.9715,8.6013,64.0262,66.2377,86.9247,76.97,4.019,355.7818,133.7491,729.381,1.3807,143.56,633.0909,211.8837,4.608,4.85,2829.0,0.9337,15.64135,356.2673,10.371,112.3536,16.91,21.3955,31.416,697.965,147.56,616.1809,60.7595,-0.0025,-0.0015,-0.0351,0.0025,0.0206,-0.0281,0.0255,6.531,0.1348,0.9895,1854.7794,0.192,8628.13,-0.0434,-0.0316,0.1069,0.0541,0.4696,0.9464,728.7467,0.9905,59.2055,0.6021,0.9773,6.2962,15.75,2.943,15.79,15.73,1.04,0.5237,3.325,0.0,0.799,2.3971,1012.4722,80.0,144.3,123.6,60.3,220.325,0.4348,0.0917,0.068,0.044,0.029,6.0124,3.141,18.842,0.0206,0.51,0.0522,814.0,345.0,0.058,0.081,0.177,1.9,0.54,1.0039,0.0452,0.5476,0.3005,0.7709,0.541,0.0694,10.02,14.31,40.761,0.764,21.25,4.86,30.032,82.503,0.0649,0.0746,0.0253,0.0776,0.1136,0.1418,0.0999,0.0812,5.6224,0.0399,0.0018,98.6211,0.0493,837.0005,0.018,0.0317,0.024,0.026,84.6771,2.4249,0.0216,0.478,0.0835,4.3991,21.2352,48.4222,46.272,0.1338,1.9511,0.0334,1.1418,0.1557,0.0171,332.5041,148.7982,2826.027,153.5933,0.0267,0.0331,0.0832,0.5954,0.0394,0.1777,0.3668,0.0207,0.0807,5.3069,0.1671,8.9992,0.0196,3.0962,4.1301,11.9089,0.2324,1.3015,1.7009,9.9882,28.5328,0.0173,0.0308,0.0108,0.0408,0.0316,0.0727,0.0498,0.0443,1.5741,0.014,0.0005,33.3433,0.0158,221.567,0.0058,0.0076,22.5637,0.8377,0.0087,0.1604,0.0285,2.1008,1.3983,3.6495,4.9621,4.9552,2.7585,13.275,26.6905,6.0244,51.271,4.7274,2.1505,4.1225,3.77,130.0389,382.2715,4.5224,4.0734,2.4208,2.8866,45.3237,41.8065,15.6607,1.1815,0.5252,0.8553,0.1928,5.0649,5.5253,4.0319,5.0269,6.9797,2.2603,19.2374,5.8273,7.3667,6.079,125.6654,4.3028,47.129650000000005,135.7861,0.0,0.0,221.2928,0.0,689.1859,356.1497,318.0157,86.0872,2.2255,1.6536,0.1781,5.3171,25.6642,0.0,73.6196,847.0588,5.111,2.752,11.6196,0.0877,4.0958,7.5925,3.485,10.9645,74.194,22.26,0.92,10.7358,0.3677,45.9201,5.4468,1.24,0.1122,0.0298,11.483,2.67,0.0409,1.0459,0.0173,1.0073,6.0266,534.7382,1.4832,9.32,0.2223,3.2399,0.0651,1.7429,14.9904,0.0115,2.2928,0.0261,0.008,30.7439
-1.0,3061.98,2197.2667,1.3257,104.1722,1.3595,0.0063,-0.0034,202.8766,5.0594,393.6977,0.9673,192.1608,12.4896,1.4089,-5042.0,-1629.25,1.3053,2.033,7.4532,63.4889,2.4444,0.2197,85.9034,9.2171,64.0491,65.9275,86.2908,63.93999999999998,5.041,350.5273,135.8436,721.107,1.0544,133.1609,619.5318,56.6389,4.563,4.791,2830.0,0.9364,0.7218,347.8864,10.3835,116.5655,11.0918,19.2782,23.4212,697.6858,143.9882,608.44,99.016,0.0282,-0.0457,-0.0484,0.0201,0.0061,-0.0212,-0.0069,6.7663,0.1389,0.9899,1794.4239,0.1898,8846.3501,0.095,0.0381,-0.0254,-0.0541,0.4602,0.9417,751.9979,0.9867000000000001,58.6355,0.6038,0.9765,6.2098,15.84,4.434,15.91,15.9,1.172,0.778,3.332,-0.5677,0.7025,2.3038,1005.6298,87.0,102.0,111.0,48.5,187.858,0.1972,0.1082,0.0757,0.0577,0.0316,6.3572,1.983,12.149,0.0179,0.8700000000000001,0.0269,1084.0,6788.0,0.087,0.083,0.19,2.7,0.483,0.795,0.1095,0.4956,0.3436,0.8384,0.431,0.1521,9.77,21.68,23.196,0.292,19.07,5.73,31.315,67.32,0.0841,0.058,0.0365,0.0534,0.0528,0.16729999999999995,0.0966,0.0747,3.6537,0.0325,0.0038,120.5249,0.0224,1963.6001,0.0146,0.0113,0.0443,0.0325,189.6606,4.9013,0.0262,0.412,0.0729,3.6465,25.239,32.79,38.7919,0.0594,2.0741,0.0414,0.6743,0.1923,0.009,456.7173,55.4437,3395.8317,3190.6164,0.0381,0.0411,0.093,0.9701,0.0542,0.1627,0.2921,0.0399,0.1186,5.5683,0.1487,9.2844,0.0483,2.7021,6.4864,7.1324,0.093,1.7288,2.3044,9.9527,23.5341,0.0238,0.0238,0.0167,0.0225,0.02,0.0759,0.0489,0.0325,1.2901,0.0112,0.0011,39.8526,0.0077,688.9789,0.0078,0.0099,64.9919,1.5743,0.0078,0.1347,0.0254,4.2601,1.3366,3.8991,3.3312,4.7337,2.2073,20.6164,14.8775,7.959,39.1946,3.0859,1.8486,6.94175,1.9121,117.2749,416.6334,6.6654,4.0826,2.5492,4.2527,40.9091,68.2853,13.8926,0.9255,1.1879,0.7738,0.1406,5.1351,7.251,4.3414,14.4216,7.337,3.4994,40.9542,6.7564,2.8122,7.6438,171.9288,4.4884,11.6596,67.989,298.4254,319.5592,110.3306,262.7683,0.0,456.1983,0.0,53.9979,3.6,1.3564,0.3791,6.7166,11.7829,0.0,56.1743,741.4634,9.6229,3.4502,25.2209,0.25379999999999997,8.359,6.6354,3.1646,9.5858,77.316,18.21,1.1,7.5127,0.4,95.2308,4.4826,1.4227,0.588,0.0989,61.233,7.22,0.2281,3.0508,0.0944,2.6875,27.9462,528.7264,2.4341,6.34,0.3004,2.1203,0.0983,1.1991,12.3428,0.0114,2.3265,0.0235,0.0184,78.5378
-1.0,2959.2,2181.1555,1.3711,103.1456,1.4737,0.0046,-0.003,200.4098,10.9579,412.0222,0.9629,190.0384,12.6316,1.4153,-3292.75,1498.75,0.9755,1.8893,5.1018,68.8222,2.7,0.1912,84.9715,8.6013,64.0262,66.2377,86.9247,76.97,4.019,355.1664,143.3055,740.613,1.2941,134.3873,632.8591,219.6966,4.608,4.85,2829.0,0.9337,12.1609,354.1255,10.4369,115.4664,18.8173,27.8391,37.9497,702.6633,144.45,614.0418,106.4898,-0.0111,0.008,-0.011,0.0471,0.0215,-0.0024,0.0367,7.8942,0.1383,0.9915,1800.4917,0.168,8814.2,-0.0453,-0.0456,0.0019,0.0341,0.4762,0.9493,767.9245,0.9904,59.6289,0.6034,0.9755,6.2353,15.75,2.943,15.79,15.73,1.04,0.5237,3.325,0.0,0.799,2.3971,1012.4722,143.0,107.7,152.7,47.7,387.684,0.1105,0.1155,0.0846,0.052,0.0263,5.1895,7.57,19.253,0.018,0.5,0.064,310.0,83.0,0.113,0.073,0.102,2.0,0.182,1.0039,0.0452,0.5476,0.3005,0.7709,0.489,0.0768,5.59,21.65,60.393,0.322,16.78,4.15,29.189,75.031,0.0908,0.0636,0.0967,0.0953,0.0751,0.1333,0.0519,0.1146,2.5083,0.0851,0.0012,148.652,0.1254,1499.1997,0.022,0.0127,0.0653,0.0251,154.2081,2.1821,0.0243,0.5769,0.0835,4.3991,27.7474,40.2201,52.0736,0.0314,1.9253,0.0398,2.4169,0.153,0.0184,141.2291,255.0743,1403.5399,34.913,0.0475,0.0311,0.0424,0.622,0.0264,0.0546,0.3668,0.0207,0.0807,5.7847,0.1576,9.3991,0.0223,1.5481,5.8164,17.4115,0.1003,1.2584,1.7179,9.4018,23.8436,0.0325,0.0289,0.0412,0.0424,0.0241,0.0643,0.0243,0.0563,0.9189,0.0265,0.0003,49.1085,0.0374,475.0719,0.0121,0.0095,45.529,0.6673,0.0087,0.1842,0.0285,2.1008,1.3983,6.48,3.6395,6.1286,2.1869,38.3584,8.0582,7.8374,69.0825,4.6728,1.867,3.9583,4.5206,95.0573,5.5379,11.5838,3.864,1.9993,2.906,25.9259,36.6066,3.9233,1.1815,0.5252,0.8553,0.1928,5.6171,6.3501,4.1513,5.9311,4.1596,3.421,27.4893,5.8273,3.0852,6.7985,89.1733,4.154,15.3663,70.4584,818.4789,245.323,764.9995,159.3423,620.0,0.0,312.4744,31.7737,1.3739,3.5477,0.118,8.2562,63.31987047269746,425.9958,60.1073,685.7143,13.7092,2.6487,20.0812,0.0841,3.6595,9.2517,3.485,10.9645,72.698,16.6,0.92,7.6359,0.3865,64.1819,4.1606,1.2655,0.1741,0.0429,17.5409,5.79,0.1377,2.5492,0.0578,2.2013,22.1356,534.0745,1.4351,8.07,0.2545,2.6667,0.0689,1.511,17.7352,0.0127,2.5305,0.0154,0.0271,176.0329
-1.0,2981.08,2177.3222,1.3101,101.1478,1.419,-0.0296,0.0073,199.0364,11.5007,425.2327,0.97,189.4197,12.47,1.3907,-4564.0,-737.0,1.3562,1.9832,7.3323,69.6778,2.4222,0.2011,85.5361,8.536,63.9167,66.2273,86.7687,63.93999999999998,5.041,361.3409,125.6209,725.4843,1.2979,146.0855,633.0473,116.6695,4.618,4.88,2866.0,0.9282,5.7855,358.89,10.526,111.4064,14.9737,14.2145,21.1888,704.2955,147.7773,618.0736,69.5428,-0.0029,-0.014,-0.0512,0.0184,-0.0701,-0.012,-0.0418,6.879,0.1401,0.9841,1777.2005,0.1584,7930.09,0.0355,0.0381,-0.0855,0.014,0.4626,0.9474,687.3775,0.9912,58.4862,0.5908,0.9793,6.3614,15.84,4.036,15.88,15.82,1.092,0.6774,3.037,-0.2838,0.758,2.3101,1003.854,131.0,57.0,47.1,46.3999,264.955,0.1939,0.1306,0.0662,0.0427,0.0249,7.1496,9.784,11.051,0.0153,0.5,0.0813,922.0,1751.0,0.066,0.04,0.165,1.9,0.279,0.9858,0.1277,0.4761,0.4484,0.6217,0.695,0.1558,11.18,20.37,87.53,0.427,22.45,7.94,30.634,81.765,0.0704,0.059,0.0582,0.0549,0.0516,0.0966,0.0808,0.045,3.0642,0.042,0.0011,127.166,0.0472,476.8003,0.0107,0.0158,0.0203,0.0392,41.4401,2.8511,0.0154,0.5767,0.0778,4.3742,33.4829,20.8592,17.1035,0.0586,1.6927,0.0479,2.8599,0.1652,0.0263,406.1546,109.8529,1473.4997,778.5358,0.029,0.018,0.0758,0.6852,0.0293,0.0944,0.3641,0.0512,0.0969,6.8729,0.1918,10.129,0.0572,3.2763,5.9989,27.7626,0.1091,1.936,2.3159,9.2598,28.087,0.0175,0.0266,0.026,0.0245,0.0128,0.0486,0.0398,0.0228,1.0709,0.0131,0.0004,47.5158,0.0141,136.906,0.0054,0.0161,12.3326,0.7766,0.0044,0.1918,0.0271,5.2764,1.3342,5.908,1.9121,1.8,2.1311,24.322,14.8011,9.2034,85.0729,2.5988,1.5816,4.0096,5.8459,67.4847,237.5848,4.8664,2.0169,2.2503,2.7268,41.2844,42.7624,8.3667,1.1525,1.4958,0.7449,0.2077,5.9611,7.3714,4.7989,12.0004,7.6531,3.2178,65.59535,5.2592,4.0566,5.8884,149.9299,4.3496,26.6885,117.5751,0.0,101.5491,107.2266,281.1989,137.8523,673.3333,107.5912,44.5444,2.2996,1.7425,0.112,7.1554,29.8029,240.5328,56.9444,839.0244,4.3849,4.1337,6.0287,0.0564,4.8749,9.0652,3.3695,11.6144,81.126,16.15,1.31,7.2588,0.5915,14.2541,3.9677,1.6148,0.1339,0.0362,13.6884,6.495083387398986,0.18100222401551144,2.4983354634833557,0.07092685664523615,2.461837964891187,21.094916332869424,532.5527,2.1698,10.24,0.1243,3.5111,0.0395,1.9228,5.7281,0.0151,3.0124,0.0154,0.0271,176.0329
-1.0,2985.06,2177.3222,1.3101,101.1478,1.4245,-0.0056,-0.0089,202.6486,12.5732,418.4331,0.9576,192.3831,12.46,1.3979,-3931.0,1551.25,0.9945,1.8805,5.1365,66.2778,3.0333,0.2053,85.3625,8.5952,64.0145,66.2273,86.7997,63.93999999999998,5.041,363.4227,142.0764,745.7112,1.0432,136.33,641.8291,48.6603,4.566,4.808,2909.0,0.9271,14.4382,360.2564,10.4473,116.5145,15.9709,25.5618,32.4142,713.297,149.0873,625.8582,100.1372,-0.0191,0.01,-0.0592,-0.0268,-0.0998,0.0007,0.0683,8.2943,0.1324,0.9883,1773.9976,0.1909,9276.4399,0.0634,-0.0084,-0.1209,-0.0161,0.4644,0.9447,795.6297,0.9867000000000001,56.1345,0.5952,0.9626,6.3924,15.82,4.387,15.9,15.9,1.191,0.7393,3.267,-0.4258,0.7423,2.307,1004.895,79.0,171.3,128.4,46.3999,264.955,0.1939,0.1355,0.0482,0.0381,0.024,5.8605,7.357,3.989,0.0227,0.47,0.0304,750.0,101.0,0.115,0.087,0.098,2.5,0.196,0.8576,0.1268,0.4657,0.293,0.6545,0.909,0.2286,10.92,8.01,16.476,0.59,17.46,7.06,20.076,117.983,0.066,0.038,0.0881,0.1052,0.16685000000000003,0.107,0.0424,0.1398,2.8398,0.042,0.0125,75.0271,0.0309,860.9004,0.0132,0.0204,0.120188138292432,0.0322,85.7441,2.9754,0.0264,0.4118,0.0792,3.4877,22.2733,56.549,48.5001,0.0586,1.6927,0.0445,2.2879,0.1544,0.0113,324.3116,267.7791,788.1057,42.547,0.047,0.0355,0.0415,0.8452,0.0258,0.0554,0.355,0.0474,0.1424,5.2764,0.2747,5.7179,0.0643,3.2181,2.276,4.4394,0.1582,1.8986,2.4998,6.2286,32.8182,0.0222,0.017,0.0405,0.0492,0.0485,0.0536,0.019,0.0781,1.0986,0.0125,0.0038,24.4027,0.0079,302.2575,0.0265,0.0098,30.4512,1.1593,0.0085,0.1415,0.0262,6.8091,1.2059,3.5619,5.7386,5.1159,2.1311,24.322,14.8011,9.5121,58.5134,0.9533,2.3757,3.7721,2.1768,48.1811,6.5109,11.5636,4.6264,1.9079,3.772,32.967,39.9351,4.2048,1.0047,1.4749,0.7275,0.2732,4.6117,7.9605,2.7067,21.9132,8.01,1.248,33.8592,2.1864,5.6474,5.7933,109.3238,2.8145,15.764,117.8214,345.068,74.255,177.7027,0.0,107.2682,0.0,204.6852,34.2379,2.1905,1.7242,1.2605,4.2293,16.2038,463.6364,73.5254,0.0,26.600115265074077,3.4093,10.7769,0.25379999999999997,5.3005,6.442,3.4319,9.4229,77.42029973087637,16.88986500413387,1.220495263675668,7.600985280333885,0.5180271354451378,77.53756199448665,4.186071569578933,1.5861756830544649,0.1124,0.0284,11.6369,2.98,0.2203,1.1613,0.0796,1.1122,28.5436,533.4982,2.3658,8.42,0.4071,2.7845,0.1393,1.5783,17.2084,0.0095,1.8958,0.0154,0.0271,176.0329
-1.0,3043.17,2195.7666,1.3663,101.46,1.4925,-0.0074,-0.0043,198.7317,11.3532,411.2249,0.9698,188.1097,12.4469,1.4107,-3971.0,-3287.6667,1.2928,1.9988,7.3807,69.8333,2.0333,0.1617,86.4465,8.6527,63.9211,66.1517,86.9642,77.24,2.914,349.7855,125.1336,710.1216,1.1007,139.7627,614.6818,50.8397,4.596,4.797,2823.0,0.9353,11.6964,346.2073,10.9812,96.83,18.8891,28.3036,32.0454,678.0763,152.7555,595.7927,48.2616,-0.0272,-0.0164,-0.0647,0.0127,-0.094,-0.0219,0.0278,6.7133,0.1387,0.9835,1816.785,0.1845,9173.3499,-0.0502,-0.0902,0.073,0.097,0.4681,0.942,791.1522,0.9907,59.5289,0.6038,0.9782,6.4102,15.84,4.434,15.91,15.9,1.172,0.778,3.332,-0.5677,0.7025,2.3038,1005.6298,132.0,76.4,100.5,54.2,191.267,0.1012,0.1353,0.0421,0.0693,0.0243,5.3554,8.508,3.886,0.0142,0.49,0.0256,507.0,3549.0,0.104,0.125,0.181,2.3,0.496,1.026,0.1637,0.489,0.2871,0.8246,0.205,0.2754,4.71,24.67,34.074,0.268,14.8,4.69,30.097,19.849,0.1078,0.10470000000000002,0.0339,0.1048,0.0741,0.0986,0.0947,0.0971,6.179,0.0513,0.0028,112.0713,0.0291,1020.9004,0.0176,0.0179,0.0225,0.0413,141.1277,4.8269,0.0322,0.6221,0.0729,3.6465,32.9244,22.8793,34.7013,0.0375,1.4571,0.041,2.6804,0.1635,0.0099,214.8278,151.1908,893.7207,1936.8558,0.0545,0.0543,0.0744,0.7874,0.0424,0.2054,0.3774,0.0609,0.1092,6.0657,0.0691,9.1907,0.0678,1.6982,6.7292,10.221,0.0691,1.4403,1.2312,9.3108,5.6316,0.0321,0.0455,0.0149,0.05,0.02,0.0451,0.0474,0.0462,2.3187,0.017,0.0008,35.1274,0.0087,282.5489,0.0049,0.0122,36.0755,1.5435,0.0119,0.1984,0.0254,4.2601,1.3366,5.7944,2.5105,4.0463,2.4684,18.8384,7.4051,9.0653,74.9394,0.945,1.4633,3.9367,1.814,52.9086,107.9489,8.0449,6.2539,2.4523,3.2936,54.0984,76.0825,14.1795,1.1869,1.8918,0.765,0.1964,5.2575,6.4651,4.5989,25.0237,3.37,4.0135,65.59535,6.6461,2.4405,7.9831,78.3522,4.4386,10.5212,41.1279,396.1415,214.4821,162.041,583.1776,104.9215,433.4096,349.9099,92.041,0.9019,2.0892,0.2812,6.1687,15.7568,0.0,118.77044999999998,354.6392,4.8034,4.3812,17.8382,0.1861,8.1084,9.7043,3.1646,9.5858,81.506,10.63,1.57,4.9966,0.6387,58.6091,2.6741,1.9262,0.123,0.0341,13.0508,6.4819610148517794,0.1460896060433364,2.689223961018544,0.05968906491688178,2.4688868365596166,21.62790566031587,532.8891,2.2839,9.15,0.3949,3.4328,0.1041,1.717,17.2918,0.012,2.3974,0.0154,0.0271,176.0329
-1.0,3056.95,2195.7666,1.3663,101.46,1.4493,0.0176,-0.0025,200.2559,8.9373,422.4767,0.9552,190.4327,12.4469,1.4108,-3741.25,-2464.75,1.3173,1.999,7.357,69.7889,2.3111,0.1737,87.4809,8.6829,65.0056,66.5518,86.9236,63.93999999999998,4.97,350.7745,119.1064,704.5502,1.0522,142.3927,612.2736,54.4623,4.617,4.879,2819.0,0.9369,15.64135,347.1682,10.9718,97.1609,12.9954,21.9455,25.0574,679.4928,154.9491,599.2782,54.8094,-0.013,0.0192,-0.0486,0.01,-0.0967,-0.056650000000000006,0.0191,7.3505,0.1319,0.9888,1862.8531,0.1889,8923.91,-0.0797,-0.0214,-0.0082,-0.0096,0.4784,0.9488,773.7631,0.9908,59.3097,0.5989,0.9642,6.4224,15.84,4.434,15.91,15.9,1.172,0.778,3.332,-0.5677,0.7025,2.3038,1005.6298,131.0,65.7,100.2,54.2,191.267,0.1012,0.0812,0.0611,0.0496,0.0301,5.8674,3.136,16.614,0.0215,0.49,0.0438,1280.0,6560.0,0.147,0.133,0.133,2.9,0.327,0.6262,0.0562,0.3712,0.2162,0.7079,0.54,0.1469,8.69,15.06,29.953,0.129,17.62,4.44,31.27,27.791,0.0503,0.0555,0.0525,0.14704999999999996,0.0394,0.0987,0.0689,0.0574,4.6782,0.0292,0.0012,100.0942,0.0255,898.0996,0.0249,0.0176,0.0435,0.0313,92.7363,3.5311,0.0357,0.512,0.0729,3.6465,31.9114,23.6147,33.4448,0.0375,1.4571,0.0247,1.0001,0.1635,0.0141,533.7271,562.8794,743.8433,3088.5914,0.0603,0.0616,0.0602,0.9943,0.0324,0.1094,0.2998,0.0213,0.1109,5.2245,0.1895,9.0712,0.0371,2.6427,4.7939,7.8811,0.0421,1.266,1.3872,9.6259,7.8289,0.0134,0.0288,0.0239,0.06770000000000001,0.0114,0.0468,0.0293,0.0248,1.5023,0.0111,0.0004,29.5415,0.0085,250.5164,0.0106,0.0093,24.7656,1.2181,0.0147,0.1673,0.0254,4.2601,1.3366,6.0079,2.1492,3.9298,2.4684,18.8384,7.4051,5.6027,35.089,3.9325,2.2488,3.9367,3.1033,48.1657,266.1528,11.1596,6.6533,1.8078,4.1554,60.5769,62.1881,9.7612,0.7158,0.6474,0.4682,0.4236,5.4422,7.1365,4.3413,13.9598,6.1028,2.4597,54.9977,6.656,1.1757,8.769,135.5862,4.602,14.4431,50.7048,387.2955,306.6298,333.3333,394.2464,102.0419,117.5768,300.5236,63.6457,2.6544,1.2288,0.126,5.3732,13.5141,0.0,118.77044999999998,0.0,9.0982,3.2987,11.9851,0.1175,5.9537,7.9726,3.1646,9.5858,76.37834422349623,17.578221098126054,1.2654149952480154,8.2511712250129,0.5495752002972865,66.51883519947737,4.304702702373405,1.6330340616274297,0.1888,0.049,19.4765,4.66,0.1354,1.7858,0.0512,1.7315,16.7402,523.3110000000001,2.2395,15.390000000000002,0.6125,5.3345,0.165,2.8874999999999993,27.35,0.0145,2.8682,0.0123,0.027,220.0378
-1.0,3050.29,2185.8111,1.3714,102.6422,1.4808,-0.0107,-0.005,200.5169,10.9913,415.6168,0.9594,190.2472,12.5078,1.4074,-1363.875,1536.75,0.9655,1.8952,5.1422,68.5667,2.0778,0.143,83.8879,9.1757,64.3159,66.5922,86.9721,67.17,3.967,362.0909,140.7591,745.0176,0.955,139.2491,642.0991,63.8875,4.56,4.816,2914.0,0.925,15.64135,364.8518,10.1365,121.4645,10.9861,19.2945,24.1262,720.8914,145.9818,632.2982,118.953,-0.0156,0.0055,-0.0703,0.0009,-0.0817,-0.0216,-0.0406,6.9547,0.1366,0.9487999999999999,1863.9632,0.1891,8805.3899,-0.0326,-0.0363,0.0378,0.1306,0.4631,0.9111999999999999,647.8381,0.9867000000000001,56.5165,0.5921,0.9637,6.4564,15.82,4.387,15.9,15.9,1.191,0.7393,3.267,-0.4258,0.7423,2.307,1004.895,90.0,88.2,96.5,52.2002,126.846,0.1021,0.1061,0.0393,0.0387,0.0211,5.9345,15.455,6.066,0.0196,0.58,0.0427,1827.0,131.0,0.116,0.095,0.127,2.1,0.154,0.5922,0.1025,0.4757,0.2374,0.8575,0.742,0.1795,11.55,11.0,22.264,0.888,13.59,12.08,21.657,88.506,0.1038,0.0683,0.0448,0.0575,0.0728,0.0891,0.0709,0.0524,4.5909,0.0768,0.013699999999999999,110.5027,0.0229,1118.3003,0.0198,0.0181,0.0345,0.052199999999999996,132.3473,3.9961,0.0539,0.5509,0.0792,3.4877,27.5907,31.2187,31.9989,0.0394,1.3579,0.0371,4.316,0.1666,0.0154,846.0475,148.8276,5823.189049999999,54.5428,0.0514,0.0403,0.0556,0.7969,0.0253,0.0479,0.2589,0.0368,0.1076,7.2747,0.2368,4.6512,0.0491,3.9842,3.6771,6.6248,0.3098,3.3922,4.095,6.4762,29.8074,0.0298,0.0291,0.02,0.0269,0.0171,0.0443,0.0361,0.0268,1.3661,0.0247,0.0046,36.2227,0.0079,367.686,0.0065,0.018000000000000002,39.9895,1.0656,0.0152,0.1843,0.0262,6.8091,1.2059,4.0794,2.8915,4.0165,2.3881,12.7433,7.4461,7.1652,140.6116,1.4595,2.0394,4.6371,3.0375,0.0,8.5245,12.0145,5.0125,2.4697,3.0627,48.1283,51.049,3.308,0.7059,1.1172,0.7396,0.2334,5.5511,9.6548,2.3153,18.793,8.2945,1.7131,34.8488,1.9508,8.7604,4.8903,123.7018,3.0042,21.7304,74.4042,664.32,147.3571,81.8214,0.0,109.1243,328.6211,128.9846,66.0121,2.2701,3.1781,1.3944999999999999,5.9284,12.1236,0.0,39.0746,0.0,7.4508,5.5677,20.4291,0.25379999999999997,7.0707,8.5328,3.4319,9.4229,75.146,19.41,1.24,8.0135,0.4638,69.4439,4.8082,1.6501,0.2345,0.0475,24.455,6.3156901859683545,0.13710269386507332,2.6347893447302733,0.055160186563919675,2.4235486392359746,18.314605013209437,523.3110000000001,2.4312,15.390000000000002,0.6164999999999999,5.3345,0.18730000000000002,2.8874999999999993,26.782,0.0138,2.7856,0.0123,0.027,220.0378
-1.0,3079.9,2178.7333,0.7367,101.4922,1.5145,0.0345,-0.0064,200.0306,8.6903,411.4949,0.9573,190.5988,12.4753,1.4074,-2615.75,1547.5,0.978,1.9037,5.1958,61.0667,3.5111,0.2232,85.9034,9.2171,64.0491,65.9275,86.2908,63.93999999999998,5.041,350.0382,132.4282,718.7252,1.0857,136.3055,618.7718,51.593,4.563,4.791,2830.0,0.9364,1.1273,349.24,10.4334,113.5555,11.1018,18.8727,24.2043,694.5209,144.8745,607.67,112.019,-0.0041,-0.0079,-0.0353,0.0121,-0.093,-0.0207,0.0433,6.3905,0.1357,0.9686,1840.2843,0.1742,8728.38,0.0302,-0.0037,0.0069,0.0192,0.4649,0.9603,658.8925,0.9905,59.5222,0.5887,0.9747,6.2872,15.83,4.425,15.85,15.79,1.21,0.7419,3.261,-0.5677,0.6887,2.3038,1004.9778,63.0,82.9,115.1,47.0999,224.705,0.0958,0.0461,0.0467,0.0533,0.0331,9.7031,3.198,11.622,0.0235,0.64,0.0494,384.0,162.0,0.094,0.057,0.083,3.0,0.217,0.795,0.1095,0.4956,0.3436,0.8384,0.772,0.1117,8.3,19.35,16.336,0.252,20.28,11.54,30.96,90.529,0.0939,0.0815,0.0283,0.075,0.0691,0.0857,0.0749,0.0862,7.2824,0.0445,0.0085,164.4166,0.0366,1539.2998,0.0082,0.0104,0.0263,0.0196,144.1272,2.2751,0.0246,0.4342,0.0787,3.3945,17.3769,27.3287,36.8376,0.0333,1.9727,0.0172,1.207,0.1819,0.015,171.6787,274.4113,2862.6019,68.2862,0.0387,0.0246,0.0353,0.893,0.0167,0.0761,0.2921,0.0399,0.1186,5.2077,0.2545,10.0646,0.0383,2.6784,5.665,4.847,0.0765,3.1612,2.5724,9.8146,23.9566,0.0315,0.0342,0.0124,0.0378,0.0233,0.0396,0.0401,0.0472,2.217,0.0142,0.003,50.2293,0.0123,446.5893,0.005,0.0052,42.4255,0.6783,0.0074,0.1574,0.0263,5.897,1.2353,2.8904,2.6916,4.6722,2.1618,21.6195,13.0099,3.0439,36.7998,2.8243,2.4515,5.1301,3.5128,237.7903,10.4685,9.6115,2.9941,1.5975,4.9127,22.7848,20.1593,4.6439,0.9255,1.1879,0.7738,0.1406,4.8566,11.4779,4.9691,10.2847,6.0893,3.1272,31.6632,6.7564,2.4153,6.8865,182.673,4.4577,12.0823,80.8158,0.0,154.1371,212.3142,572.5531,92.2001,362.7119,198.9613,107.56075,2.285,1.8035,0.8783,8.9343,20.9842,0.0,43.3666,0.0,5.6507,2.0368,21.8742,0.0703,3.8223,6.9061,3.4181,8.1554,75.9,18.0,0.93,8.036,0.3765,86.5741,4.4267,1.2253,0.4442,0.0758,45.6897,6.330566467155248,0.11977088131081179,2.579722095512106,0.04934941248683217,2.4162912061348383,20.350605982657683,531.5309,1.8496,7.54,0.2747,2.663,0.0977,1.4186,14.8499,0.0137,2.7444,0.0123,0.027,220.0378
-1.0,3016.16,2185.8111,1.3714,102.6422,1.5198,0.0064,-0.0012,199.0302,13.8365,419.3459,0.9688,188.3898,12.4469,1.4163,-5833.0,1549.5,0.9825,1.892,5.1478,71.7222,2.3111,0.1417,87.4809,8.6829,65.0056,66.5518,86.9236,63.93999999999998,4.97,364.9445,129.4736,734.9184,1.3564,146.47,640.8882,195.4163,4.633,4.886,2866.0,0.9227,15.64135,362.0564,10.817,105.8809,21.8055,23.5927,31.6904,703.228,151.1455,619.0827,116.1142,-0.0268,0.0052,-0.0681,0.0497,-0.089,-0.0149,-0.0383,7.0038,0.1348,0.9879,1836.552,0.1949,9236.9602,-0.0124,0.0707,0.0477,0.0115,0.4704,0.9461,720.0469,0.9905,59.4864,0.587,0.9704,6.2173,15.84,4.434,15.91,15.9,1.172,0.778,3.332,-0.5677,0.7025,2.3038,1005.6298,90.0,86.9,139.8,52.2002,126.846,0.1021,0.0867,0.0246,0.0443,0.0255,5.425,12.667,4.752,0.0153,0.49,0.0423,410.0,99.0,0.127,0.107,0.098,2.8,0.248,0.6262,0.0562,0.3712,0.2162,0.7079,0.645,0.143,8.04,20.86,68.735,0.232,18.04,6.31,31.095,49.077,0.1274,0.049,0.0355,0.0902,0.0951,0.092,0.0702,0.0861,4.5377,0.0472,0.0022,182.1221,0.0318,979.7998,0.0162,0.0163,0.0873,0.0172,147.2404,4.0322,0.0234,0.5194,0.0729,3.6465,27.5274,25.2965,46.3656,0.0394,1.3579,0.0355,4.351,0.1635,0.0151,170.7913,316.2346,1605.8234,50.915,0.0542,0.0447,0.045,0.9365,0.0296,0.0831,0.2998,0.0213,0.1109,6.7371,0.1999,10.471,0.0463,2.5518,6.5032,19.6809,0.0685,1.7039,1.5886,9.9553,17.4921,0.0411,0.0218,0.0155,0.0379,0.0274,0.0455,0.0389,0.0371,1.3533,0.0158,0.0007,54.2373,0.0102,289.1514,0.013,0.005,39.1589,1.2682,0.0089,0.172,0.0254,4.2601,1.3366,4.0918,2.8811,5.8689,2.3881,12.7433,7.4461,5.7048,91.548,1.1332,1.5751,3.9367,2.9866,61.4435,6.3892,12.9262,5.6554,1.9037,3.904,43.2692,52.2353,5.3388,0.7158,0.6474,0.4682,0.4236,6.2174,7.2138,4.6968,10.5425,5.4892,3.2549,35.1736,5.8683,2.1448,6.4506,82.7315,4.4217,9.7511,42.2662,475.484,154.3307,132.4037,191.3,103.4289,469.5652,224.951,64.7888,2.2255,1.9403,0.2273,9.9165,16.3365,0.0,118.77044999999998,378.9474,18.5482,1.8169,20.4487,0.0854,6.7783,8.3543,3.1646,9.5858,75.44754678398017,17.385107826073902,1.2199475819227967,8.055460979181202,0.5162743460735422,71.65505187483708,4.280716797421264,1.6007076727373903,0.2813,0.0604,29.3353,10.27,0.2211,4.0153,0.0879,3.8132,29.4844,532.6864,2.3328,7.62,0.2654,2.4419,0.0784,1.4305,11.3765,0.0135,2.7036,0.0123,0.027,220.0378
-1.0,2972.78,2197.2667,1.3257,104.1722,1.4777,0.0324,-0.0037,200.1786,10.0227,424.9582,0.9587,190.8074,12.4104,1.4048,-2496.75,1349.75,0.9655,1.8785,4.9908,70.4444,2.3111,0.1764,85.0841,8.6406,63.7959,66.0053,86.6776,77.83,2.543,357.7273,128.4764,726.1268,1.056,139.8736,626.0773,53.4877,4.615,4.867,2863.0,0.9278,5.4018,358.1845,10.4415,113.8782,10.2603,14.5982,19.9951,706.1317,145.1373,617.2,136.7928,-0.0239,0.0075,-0.061,-0.0173,-0.0888,-0.0435,-0.0381,7.4303,0.1361,0.9902,1797.7321,0.1616,9070.58,-0.0703,-0.0056,0.0415,0.0443,0.4672,0.9312,690.4501,0.9902,58.1356,0.5972,0.9663,6.2869,15.83,4.425,15.85,15.79,1.21,0.7419,3.261,-0.5677,0.6887,2.3038,1004.9778,88.0,108.3,102.5,48.5,187.858,0.1972,0.1544,0.0769,0.0598,0.0336,9.9117,4.662,15.592,0.0235,0.54,0.0894,230.0,175.0,0.12,0.077,0.068,3.2,0.151,0.7007,0.1539,0.6574,0.341,0.5904,0.641,0.1664,6.62,18.28,26.464,0.296,14.76,4.62,32.015,84.43,0.0557,0.0539,0.0498,0.0571,0.0765,0.0902,0.1013,0.0709,3.9224,0.05,0.001,152.7609,0.0266,662.7002,0.0202,0.0156,0.0254,0.0239,82.2055,2.689,0.0312,0.4487,0.0787,3.3945,23.7868,41.0256,34.1498,0.0594,2.0741,0.0517,1.4495,0.1594,0.0267,104.2385,342.1797,1523.0556,80.8636,0.0519,0.0352,0.0324,0.9235,0.0299,0.0406,0.2743,0.0593,0.1222,6.1648,0.1683,9.8302,0.052,2.0159,6.5824,7.6351,0.0984,1.6328,1.4809,9.6049,27.8768,0.0146,0.0239,0.0237,0.0249,0.0166,0.0424,0.048,0.03,1.4077,0.0161,0.0003,46.308,0.0087,193.8457,0.0057,0.0106,24.3781,0.9143,0.0104,0.1454,0.0263,5.897,1.2353,3.932,3.6431,4.0777,2.2073,20.6164,14.8775,10.4484,46.5143,3.6691,2.4481,4.3512,6.3645,126.164,12.9654,12.4288,4.099,1.3625,4.5426,43.2692,57.2418,3.2703,0.8235,1.7812,1.0305,0.6795,5.7446,7.8692,4.5765,15.7569,4.7329,2.9198,49.4768,5.7575,2.8349,7.2358,143.8558,4.5339,15.3363,61.7211,232.5678,148.7923,93.5682,443.3176,101.6052,232.7398,186.0892,52.7897,3.2324,2.0389,0.1026,8.4974,16.4812,191.2644,94.6565,0.0,5.4348,2.5646,11.9061,0.0746,4.6253,7.1376,3.4181,8.1554,76.35955617915931,17.25177220771835,1.231708604938857,7.984699333092196,0.5109114578102167,63.259600987358475,4.258733764104448,1.6171085911748924,0.228,0.0478,23.3263,6.294616072581825,0.15503564318523963,2.543477360694487,0.06583479657044694,2.4044924160931536,20.23748034642207,533.2682,1.8703,8.77,0.2088,3.0605,0.0625,1.6446,11.1645,0.0179,3.6279,0.0123,0.027,220.0378
-1.0,2872.01,2244.1111,0.9197,100.8067,1.436,-0.0057,0.0101,202.3023,9.1503,418.1526,0.9687,192.3578,12.4337,1.4091,-1787.0,421.0,1.3025,2.0232,7.344,66.6889,2.9333,0.2262,85.1817,8.6211,63.9846,66.1702,86.955,77.92,2.514,348.6836,115.2955,699.8139,0.9934,143.4136,607.3927,63.7273,4.617,4.879,2819.0,0.9369,15.64135,346.2427,10.9013,102.1564,9.9963,13.1391,16.6703,683.1436,148.9973,597.3964,119.3816,-0.0108,-0.0064,0.0004,0.0099,-0.0876,-0.0174,0.0336,7.1898,0.1389,0.9879,1858.0592,0.1913,8223.26,0.0093,0.0632,0.0185,-0.0159,0.4655,0.935,702.2514,0.9906,59.6506,0.6102,0.9775,6.3083,15.83,4.425,15.85,15.79,1.21,0.7419,3.261,-0.5677,0.6887,2.3038,1004.9778,84.0,137.2,114.7,54.3,301.194,0.2973,0.224,0.0542,0.0573,0.0215,8.9732,5.518,10.166,0.0162,0.49,0.0278,505.0,1129.0,0.22,0.054,0.109,2.5,0.559,0.631,0.0928,0.5188,0.3157,0.8079,0.211,0.1079,7.85,21.42,25.754,0.225,16.0,5.41,27.637,97.969,0.0629,0.0449,0.022,0.0812,0.0499,0.0846,0.0763,0.0744,5.655,0.0459,0.0013,124.1028,0.034,1599.2002,0.0088,0.0117,0.0211,0.0262,154.4897,2.1237,0.0319,0.6224,0.0787,3.3945,22.8573,39.5405,33.2247,0.1157,1.8732,0.0773,1.7065,0.1571,0.0099,224.515,280.3859,1750.3099,472.8319,0.0977,0.0253,0.0477,0.8521,0.0342,0.2032,0.231,0.0354,0.1079,5.689,0.0636,9.0699,0.0318,2.1349,6.5268,7.5799,0.0665,1.5936,1.0264,8.762,23.4903,0.0162,0.0216,0.0108,0.0361,0.0151,0.0424,0.0423,0.0356,1.9197,0.0149,0.0005,37.3969,0.0112,498.4958,0.0049,0.0085,49.2235,0.6628,0.0122,0.199,0.0263,5.897,1.2353,3.8604,4.7771,4.4628,2.4197,17.9632,32.3291,15.5989,60.3042,2.4312,1.6729,3.9409,1.9743,189.0879,268.171,16.8906,2.669,1.4842,3.7488,44.3182,41.5521,16.4272,0.7408,1.0765,0.8108,0.2094,4.9701,8.2831,4.1868,10.8658,5.4737,3.5265,40.4128,6.656,2.064,5.149,160.0584,4.0456,16.8278,82.0637,583.0823,78.634,0.0,504.9968,96.5753,439.1367,221.4286,78.6531,1.944,1.8803,0.1361,6.6792,17.7695,0.0,43.7659,0.0,4.5321,2.8064,21.9992,0.1249,3.5603,9.8656,3.4181,8.1554,74.608,15.33,1.0,6.5688,0.4092,9.0855,3.8642,1.3403,0.0907,0.0268,9.3697,3.39,0.1287,1.4425,0.055,1.2835,20.8713,523.3110000000001,2.2891,15.390000000000002,0.6164999999999999,5.3345,0.18730000000000002,2.8874999999999993,28.50255,0.0186,3.7157,0.0137,0.0066,48.5023
-1.0,3008.98,2197.6444,0.7865,99.9211,1.4025,-0.0365,0.0008,199.003,10.887,416.0875,0.9687,189.0515,12.4786,1.3948,-3714.5,-663.25,1.3077,2.0152,7.448,64.0333,2.7667,0.2204,85.5455,9.2655,63.8677,65.769,86.4804,63.93999999999998,3.923,349.06,141.3509,730.1293,1.3038,136.03,626.4409,162.1806,4.537,4.778,2859.0,0.9309,15.64135,347.4664,10.0897,125.1218,10.5689,16.2291,22.9026,707.2267,144.4109,616.9991,120.7068,-0.0241,-0.0695,-0.0723,-0.0244,-0.0876,-0.0291,-0.0505,7.601,0.1324,0.9711,1828.5711,0.1514,9412.2001,0.0122,0.1023,0.0049,0.0377,0.466,0.9464,801.634,0.9905,59.7553,0.6039,0.9768,6.3101,15.84,4.036,15.88,15.82,1.092,0.6774,3.037,-0.2838,0.758,2.3101,1003.854,95.0,197.9,119.7,61.1001,449.614,0.0848,0.0562,0.0578,0.0569,0.0249,6.2536,9.555,21.857,0.0148,0.6,0.0538,432.0,614.0,0.164,0.087,0.048,2.1,0.345,0.6627,0.1444,0.6033,0.3108,0.8366,0.612,0.0971,10.13,17.43,46.429,0.728,21.39,7.75,39.947,51.024,0.16345,0.0414,0.0215,0.0426,0.16685000000000003,0.0949,0.088,0.0354,3.0134,0.0679,0.0057,91.5863,0.0246,888.0996,0.012,0.0179,0.0632,0.0254,91.7325,3.6444,0.06409999999999999,0.615,0.0778,4.3742,28.7735,55.811,45.6405,0.0281,2.0781,0.0216,3.0395,0.1746,0.0223,207.882,150.3604,231.5016,275.1259,0.072,0.0407,0.025,0.7483,0.0244,0.1123,0.2484,0.0539,0.1416,6.8046,0.2148,9.7953,0.0333,3.2322,5.7548,15.4385,0.2043,2.3909,2.9542,11.9452,16.3084,0.045450000000000004,0.0176,0.0099,0.0194,0.0485,0.0484,0.0451,0.0188,1.1613,0.0228,0.002,29.9882,0.008,264.9256,0.0092,0.0079,26.4345,1.2425,0.0204,0.1976,0.0271,5.2764,1.3342,4.3127,6.577,4.7433,2.7803,36.0547,10.785,4.0072,87.7652,5.253,1.5329,4.8082,3.8572,13.6223,92.5744,12.5406,4.3171,0.6445,3.2795,25.3012,33.1149,9.9293,0.7747,1.5584,0.9446,0.1371,5.5291,7.2515,4.6296,7.4502,7.4469,2.7824,28.628,6.1236,7.2153,9.8384,202.3861,5.6484,15.0582,42.271,0.0,53.009,58.9212,0.0,108.3333,302.1459,70.0643,39.6448,2.7948,2.8797,0.5912,5.0086,16.2592,0.0,47.8261,421.8182,13.5668,2.6853,11.4432,0.1155,6.0988,9.7463,3.3695,11.6144,73.646,16.85,0.64,7.5832,0.295,47.9204,4.2048,0.869,0.1139,0.0294,12.4295,3.85,0.1631,1.6413,0.0723,1.4568,23.2704,532.8455,1.6887,8.71,0.1703,2.8026,0.0561,1.6346,10.0828,0.0169,3.4009,0.0376,0.0306,81.5102
-1.0,2821.23,2244.1111,0.9197,100.8067,1.484,0.0045,-0.0019,201.4136,8.4048,410.0511,0.9601,191.6132,12.4753,1.4155,-3489.0,1371.5,0.9888,1.8978,5.15,68.4222,2.8,0.188,86.4863,8.828,63.9349,66.2347,87.0137,77.17,2.547,363.0727,145.5518,754.2983,1.2411,141.2491,649.8736,201.0459,4.577,4.781,2913.0,0.9264,-0.84,361.7036,10.0891,124.7118,15.5709,20.84,30.0404,724.2579,147.8873,634.3027,77.0597,0.0093,0.0172,-0.0076,0.0295,0.0097,-0.0278,0.0286,6.9105,0.1302,0.9871,1819.8672,0.2063,8655.8501,0.1134,-0.026,-0.0555,-0.024,0.45513427093108505,0.9309,748.6378,0.9904,58.2193,0.5984,0.9764,6.327,15.84,4.434,15.91,15.9,1.172,0.778,3.332,-0.5677,0.7025,2.3038,1005.6298,99.0,159.3,135.9,54.3,301.194,0.2973,0.0545,0.0568,0.0741,0.0292,7.4872,7.753,15.858,0.021,0.64,0.0275,373.0,132.0,0.118,0.088,0.123,2.6,0.135,0.7217,0.0828,0.6793,0.3869,0.7397,0.681,0.1869,8.61,13.08,87.74,0.975,28.95,10.73,27.549,89.997,0.0929,0.0189,0.0237,0.0829,0.1053,0.0894,0.0753,0.0988,4.9866,0.0236,0.0016,127.7813,0.0532,488.0996,0.0369,0.03420000000000001,0.05433380015426337,0.0066,49.2623,2.9924,0.024,0.4797,0.0729,3.6465,29.2648,56.4434,47.6875,0.1157,1.8732,0.0202,2.3506,0.1819,0.0117,155.0849,284.5224,1368.7676,54.7814,0.0515,0.0375,0.0523,0.7902,0.0258,0.0397,0.295,0.0313,0.1363,6.9261,0.2565,5.4954,0.0524,2.8454,3.6663,25.2141,0.2757,3.1707,4.2073,7.7759,28.1892,0.0235,0.0079,0.011,0.04,0.0321,0.0435,0.0384,0.0517,1.7365,0.0097,0.0005,40.2071,0.0148,151.6226,0.01126326767603395,0.0024,15.1181,1.0131,0.0089,0.1416,0.0254,4.2601,1.3366,4.5249,5.6465,5.3296,2.4197,17.9632,32.3291,3.6725,92.2447,3.8673,2.19,5.1301,1.9414,84.0069,9.6245,11.9343,4.6371,2.3883,3.7999,28.5714,45.2128,2.9154,0.8345,0.9374,1.0625,0.4354,5.5113,9.3712,2.8033,15.0611,6.0956,2.0127,43.6418,2.1487,9.6639,7.4091,185.9241,3.8038,36.8804,116.7886,996.2466,40.6889,0.0,356.496,921.6495,271.1071,345.1528,72.16,1.6133,0.971,0.1644,7.0215,25.8021,0.0,60.0375,828.5714,11.079970154791882,0.7077,6.5803,0.0784,5.1399,7.5811,3.1646,9.5858,74.878,23.89,1.33,10.6764,0.5495,54.7781,5.8567,1.7762,0.3459,0.0817,37.6034,3.48,0.1135,1.4137,0.0457,1.3105,16.7751,535.7282,2.1451,7.49,0.2494,2.691,0.0684,1.3981,11.6249,0.0185,3.7041,0.0135,0.0114,84.4337
-1.0,3073.67,2244.1111,0.9197,100.8067,1.4596,0.0034,0.0057,202.0653,7.4945,403.1773,0.9669,192.0718,12.46,1.376,-4342.5,-2004.0,1.3032,2.035,7.366,69.0556,2.2111,0.1616,85.597,8.5155,64.004,66.2008,87.1407,78.67,2.422,346.6073,130.7273,716.5169,1.3693,143.74,621.0745,175.0643,4.537,4.778,2859.0,0.9309,15.64135,345.9509,10.4921,116.1536,10.3545,14.5736,21.5935,694.9234,148.6155,610.72,112.6115,-0.01,-0.0315,-0.0607,0.0157,-0.0927,-0.0169,-0.0318,7.4803,0.1374,0.9886,1733.5523,0.1887,8418.5601,-0.0792,-0.0437,0.0638,0.0617,0.4627,0.9364,704.8514,0.9906,59.6888,0.5964,0.9765,6.2909,15.83,4.425,15.85,15.79,1.21,0.7419,3.261,-0.5677,0.6887,2.3038,1004.9778,124.0,280.4,219.9,54.3,301.194,0.2973,0.0893,0.0596,0.0469,0.0254,9.5361,4.941,5.445,0.0186,0.47,0.128,1266.0,3603.0,0.187,0.113,0.211,2.9,0.507,0.8383,0.0494,0.4621,0.2392,0.8146,0.219,0.1861,5.57,15.82,73.243,0.497,19.08,6.12,37.558,61.128,0.049,0.0333,0.0467,0.0654,0.049,0.0812,0.0967,0.0568,3.7668,0.0713,0.0018,52.4263,0.0324,620.4004,0.0218,0.0145,0.120188138292432,0.0341,64.7705,3.9059,0.0543,0.5856,0.0787,3.3945,33.7619,91.0567,74.3502,0.1157,1.8732,0.032,1.4899,0.1544,0.045799999999999993,637.3353,108.3036,1499.1737,1685.3148,0.0861,0.0469,0.0873,1.0126,0.0325,0.1683,0.3234,0.0229,0.0913,5.4919,0.0684,9.3999,0.0605,1.7547,4.9378,23.4324,0.1352,1.7786,2.2852,10.9254,23.1753,0.014,0.0147,0.0205,0.0274,0.0126,0.0436,0.0514,0.027,1.2895,0.022,0.0006,13.5869,0.0115,199.7589,0.02801905827358544,0.0092,22.4446,1.3456,0.0164,0.1867,0.0263,5.897,1.2353,5.6366,9.1226,9.3595,2.4197,17.9632,32.3291,6.118,65.9287,1.3505,1.9286,3.7721,9.13815,72.7922,179.7904,14.3487,5.5528,2.8645,4.1995,31.6583,64.3741,14.7703,0.9794,0.5804,0.722,0.2984,4.7979,5.7065,4.4025,13.5936,3.875,2.5472,41.8378,6.1236,4.7369,9.1172,184.268,5.4046,13.548,54.2822,491.5361,68.4833,107.6986,311.8536,87.618,573.8872,178.7569,50.3558,2.4021,3.0351,0.1772,3.0242,17.1469,0.0,57.7049,868.0851,26.600115265074077,3.6383,9.1892,0.1206,6.5437,9.3095,3.4181,8.1554,81.704,12.35,2.17,5.1499,0.88615,101.2669,3.0768,2.7049,0.4946,0.085,48.9498,6.373901041480136,0.14623398551568453,2.6168408469994846,0.06013673613670781,2.4456991900228786,21.73852653511055,534.79,1.6127,9.23,0.1145,3.3318,0.034,1.7259,7.1019,0.0105,2.0884,0.0135,0.0114,84.4337
-1.0,3012.98,2243.7778,1.816,102.0978,1.44,-0.0281,-0.0044,202.9595,8.7225,422.8784,0.9608,193.527,12.5018,1.4041,-6375.125,1564.0,0.96,1.8835,5.059,71.2444,2.0,0.1348,85.482,9.3998,64.2033,66.3747,87.2029,65.12,2.939,350.5073,131.5245,719.3159,0.9733,135.9036,617.9355,53.1731,4.592,4.834,2835.0,0.9348,15.64135,350.6927,10.3647,118.1382,5.3233,13.3864,17.8522,701.4637,145.7164,614.5473,97.1983,0.0242,-0.0077,-0.0376,0.0217,-0.0957,-0.0332,0.0435,8.0253,0.1361,0.9879,1858.0592,0.1879,8625.08,0.019,-0.0614,0.0672,0.0484,0.4659,0.9503,744.2076,0.9904,58.4718,0.5831,0.9791,6.1955,15.83,4.281,15.91,15.92,1.267,0.7424,3.267,-0.3784,0.7463,2.2928,1003.5358,88.0,86.5,132.4,74.2,351.526,0.4695,0.1772,0.11930000000000002,0.0398,0.0251,6.2747,5.655,14.842,0.0179,0.35,0.0366,313.0,51.0,0.115,0.07,0.102,3.2,0.092,0.5095,0.1872,0.5517,0.3155,0.8867,0.792,0.2109,7.52,18.23,20.34,0.262,12.03,5.89,28.409,62.36,0.1017,0.0703,0.0257,0.0736,0.0934,0.1127,0.0654,0.091,6.6052,0.05,0.0013,124.1028,0.031,1149.7002,0.0165,0.0137,0.120188138292432,0.0133,106.3976,2.8317,0.0209,0.485,0.0781,2.606,23.7868,25.1446,46.3175,0.1406,1.6857,0.0543,1.763,0.0949,0.0135,127.9336,283.7973,5823.189049999999,22.2261,0.0496,0.0309,0.046,1.069,0.0272,0.0356,0.1989,0.0786,0.0872,5.5287,0.2457,8.5952,0.0625,2.6668,5.8961,5.6059,0.0665,1.7255,1.5959,9.388,20.8183,0.0329,0.0324,0.011,0.0374,0.0253,0.0624,0.0362,0.0388,2.1128,0.0161,0.0005,37.3969,0.0086,352.7287,0.0248,0.004,29.9127,0.9455,0.0073,0.161,0.0265,3.9318,0.848,3.932,2.8709,5.2996,3.3069,23.3895,25.8517,12.3059,64.8327,3.5098,1.8677,2.7996,2.6045,189.6863,3.2609,11.9792,3.7165,2.0162,4.4916,30.0,67.5185,1.9765,0.596,1.9916,0.8593,0.1327,4.6504,6.2574,3.9055,21.6742,5.5333,2.9501,38.2524,6.1587,2.5278,6.1538,225.9889,4.05,16.2813,64.1575,419.8142,86.1256,195.4847,431.1598,117.7638,196.988,209.1954,82.305,3.2324,2.0389,0.1361,6.6792,16.5198,441.9355,45.478,363.6364,26.600115265074077,1.4024,14.2968,0.0853,4.8428,7.8284,3.4056,6.7063,77.20834644161555,16.890393550754656,1.2343415274185041,7.847039562164311,0.5010032779150821,64.7991713775057,4.182458478760791,1.6136191447905053,0.9412,0.1514,95.8686,4.24,0.132,1.7291,0.0526,1.5857,14.8451,531.0027,2.4523,9.98,0.4337,3.6685,0.1489,1.8795,17.6843,0.0191,3.8122,0.0135,0.0114,84.4337
-1.0,3072.31,2176.6334,1.3828,100.4622,1.4378,-0.0282,0.0012,199.986,11.0353,413.1905,0.9737,189.915,12.4749,1.3821,-3677.75,402.25,1.3202,1.9755,7.2743,69.3778,2.7444,0.1962,85.5361,8.536,63.9167,66.2273,86.7687,63.93999999999998,5.041,361.1691,146.9227,750.7487,0.9565,133.17,641.2618,59.4553,4.55,4.794,2910.0,0.9228,-6.5391,362.0491,10.2241,120.3836,13.6636,26.5391,33.0144,717.7344,145.1655,627.5982,109.9912,-0.0024,-0.0022,-0.0985,-0.0237,-0.0898,-0.0093,-0.0544,7.3351,0.1254,0.9904,1853.8926,0.1923,9515.9101,-0.0698,-0.0716,0.0744,-0.0135,0.4709,0.9413,825.7933,0.9909,57.9911,0.6041,0.9797,6.265,15.82,4.387,15.9,15.9,1.191,0.7393,3.267,-0.4258,0.7423,2.307,1004.895,143.0,265.1,155.4,46.5,279.9641,0.1232,0.1273,0.0716,0.0378,0.0218,8.8387,5.674,13.478,0.0131,0.57,0.0673,808.0,354.0,0.047,0.035,0.41,2.0,0.398,0.9858,0.1277,0.4761,0.4484,0.6217,0.763,0.2006,12.6,17.09,14.658,0.762,16.5,11.12,23.144,97.224,0.0794,0.0392,0.0366,0.1055,0.16685000000000003,0.0761,0.1069,0.0396,3.0996,0.0648,0.0008,124.5254,0.0262,903.0,0.0126,0.0167,0.0515,0.0183,88.7617,4.7311,0.0348,0.3863,0.0792,3.4877,35.396,81.8467,52.227,0.0373,1.4421,0.0448,1.8293,0.1631,0.0226,373.368,163.3082,495.9209,164.4169,0.0219,0.0165,0.1771,0.6723,0.0503,0.1129,0.3641,0.0512,0.0969,6.6604,0.2584,5.0614,0.0557,3.8098,4.8724,4.8179,0.244,3.3343,3.8958,6.9523,27.5685,0.0236,0.0187,0.0184,0.0453,0.0485,0.0372,0.0528,0.0197,1.059,0.0179,0.0002,45.5048,0.0082,255.8951,0.0126,0.0058,28.4827,1.2689,0.0107,0.1283,0.0262,6.8091,1.2059,6.2861,8.6287,6.7314,2.1363,22.0027,8.9068,8.8537,51.4169,3.2619,1.3414,4.5692,4.8709,29.4474,88.005,3.5599,1.7717,5.6363,2.8828,80.1619,76.9536,12.1589,1.1525,1.4958,0.7449,0.2077,5.5542,9.2906,2.327,20.976,9.4616,2.6651,24.6538,1.9815,7.453,4.8512,120.7588,3.2246,13.5632,88.3925,0.0,62.8205,107.1066,0.0,84.7203,0.0,72.7273,42.2577,2.7102,2.634,0.0837,6.717,13.6385,0.0,33.7079,332.4675,10.945,1.9438,10.7487,0.0854,8.1584,6.1656,3.4319,9.4229,80.092,14.74,0.9,6.3348,0.3392,98.0024,3.6368,1.1237,0.1339,0.0362,13.6884,6.42,0.2013,2.4878,0.0725,2.4091,29.5851,532.3182,2.275,10.19,0.5441,3.3573,0.1508,1.9143,23.9171,0.0196,3.9151,0.0135,0.0114,84.4337
-1.0,2968.02,2197.2667,1.3257,104.1722,1.5193,-0.0212,-0.0044,202.6334,9.6914,428.4552,0.9717,193.1885,12.4492,1.4084,-1776.25,-3761.3333,1.335,1.996,7.2925,67.1778,2.4111,0.1849,85.6608,9.5713,64.1016,66.437,86.8261,64.39,2.501,351.2655,133.8318,720.2424,1.0745,132.66,617.7573,48.9271,4.563,4.791,2830.0,0.9364,0.1518,350.3255,10.3049,113.9836,11.4203,19.8482,24.7192,695.5233,143.4045,607.7136,102.2772,0.0189,0.0049,-0.0547,0.0011,-0.0881,-0.0183,-0.01,7.6998,0.1327,0.9671,1831.864,0.2129,9618.9899,0.09,-0.0493,-0.0063,0.0735,0.4682,0.9334,816.0923,0.9904,58.6862,0.6014,0.9748,6.1499,15.83,4.281,15.91,15.92,1.267,0.7424,3.267,-0.3784,0.7463,2.2928,1003.5358,140.0,166.9,128.4,48.5,187.858,0.1972,0.0808,0.0565,0.0374,0.01,5.9443,4.433,15.345,0.0076,0.34,0.0374,2060.5,7809.0,0.116,0.055,0.126,1.4,0.485,0.6791,0.1233,0.6064,0.3812,0.799,0.799,0.1519,13.78,19.07,17.742,0.352,15.78,6.2,33.48,69.028,0.0836,0.0482,0.0476,0.0469,0.0862,0.1043,0.0979,0.0615,2.3309,0.0763,0.0068,86.8746,0.1125,803.7998,0.0133,0.0159,0.0323,0.0193,65.7491,3.0006,0.0429,0.3836,0.0781,2.606,35.4954,53.3965,47.4768,0.0594,2.0741,0.0295,1.5268,0.0901,0.0108,912.5788,303.4956,5823.189049999999,4338.6178,0.0523,0.0231,0.0688,0.5094,0.0286,0.1586,0.254,0.0553,0.0801,8.5149,0.3,9.6137,0.0487,4.202,6.0918,5.2068,0.1024,2.0268,2.2212,10.4391,22.9344,0.0239,0.0211,0.0225,0.0196,0.0223,0.0511,0.051,0.0308,0.7522,0.0241,0.003,33.2321,0.033,254.8374,0.0056,0.0061,19.6203,0.9455,0.0124,0.1283,0.0265,3.9318,0.848,6.2402,5.6233,5.1478,2.2073,20.6164,14.8775,5.3181,45.7418,3.5815,0.7827,2.7311,2.6591,0.0,207.6125,8.6891,2.7555,1.7278,2.084,58.0645,54.0865,14.1422,0.7928,1.2882,0.946,0.2093,7.2623,8.0624,4.5207,14.1347,10.3875,3.087,36.2621,6.7564,3.4158,7.5625,138.1748,4.8136,11.7581,67.4911,443.2074,67.9352,85.7404,0.0,118.4218,533.515,618.0905,30.272,1.7152,3.1991,0.7039,4.7424,52.8229,0.0,47.5524,739.6226,6.9012,2.067,8.0566,0.0771,5.113,6.238,3.4056,6.7063,80.872,19.24,2.17,8.1088,0.88615,52.2381,4.7058,2.7574,0.1339,0.0362,13.6884,4.19,0.1714,2.1462,0.0652,1.6876,28.6511,534.96,1.8846,10.03,0.1762,3.3391,0.0551,1.8749,9.3484,0.0096,1.908,0.0135,0.0114,84.4337
-1.0,3111.93,2176.6334,1.3828,100.4622,1.5183,-0.0161,0.0004,202.2468,12.3885,404.9158,0.9726,191.9109,12.4661,1.3979,-3965.25,1523.75,0.9883,1.8878,5.1353,68.2,2.1556,0.1558,85.6608,9.5713,64.1016,66.437,86.8261,64.39,2.501,360.5918,128.0155,726.8645,1.0627,138.6664,627.2736,53.5979,4.615,4.867,2863.0,0.9278,2.8245,359.8855,10.5182,110.84,11.9663,17.1755,23.8635,703.0011,144.5818,615.3073,132.7608,-0.0189,-0.0184,-0.0692,-0.0023,-0.0843,-0.0295,-0.0454,8.4996,0.131,0.9715,1786.6951,0.1644,8407.1301,0.0061,0.0651,0.0301,0.0188,0.477,0.9492,725.3973,0.9905,59.4937,0.5954,0.9676,6.2593,15.82,4.387,15.9,15.9,1.191,0.7393,3.267,-0.4258,0.7423,2.307,1004.895,159.0,87.5,101.5,46.5,279.9641,0.1232,0.1211,0.0509,0.0534,0.0078,6.0258,9.419,8.3,0.0073,0.31,0.0296,375.0,135.0,0.092,0.066,0.163,3.0,0.123,0.6791,0.1233,0.6064,0.3812,0.799,0.825,0.2464,7.91,29.28,31.241,0.496,22.9,6.74,33.526,108.43,0.0712,0.0488,0.0515,0.0467,0.0577,0.0598,0.0845,0.015,1.8042,0.047,0.0052,135.495,0.0366,807.1006,0.0099,0.0088,0.0665,0.0164,105.9208,3.7111,0.0336,0.3102,0.0792,3.4877,37.8656,28.9177,33.6967,0.0373,1.4421,0.0376,3.3034,0.0744,0.0089,167.7905,314.4406,300.4035,67.6431,0.0443,0.0279,0.0768,1.1292,0.0448,0.0415,0.254,0.0553,0.0801,7.7646,0.2362,9.4685,0.0641,2.4559,8.1208,7.8775,0.1535,2.1723,1.2039,10.2816,33.5179,0.0205,0.0207,0.0213,0.0257,0.0164,0.0319,0.046,0.0076,0.784,0.0138,0.0018,46.4661,0.012,264.419,0.0146,0.0065,33.8906,1.2342,0.0115,0.1131,0.0262,6.8091,1.2059,6.917,2.8118,4.1244,2.1363,22.0027,8.9068,7.9758,76.0305,2.0498,0.7485,2.4867,2.1153,17.9812,8.8597,9.3094,3.4962,3.1741,4.3988,41.7526,80.2425,2.6479,0.7928,1.2882,0.946,0.2093,8.281549999999998,4.2182,4.1774,23.1867,5.7043,4.6678,58.2877,5.7575,4.7156,8.0296,191.3703,4.769,12.6001,81.6732,376.8442,90.7485,67.4855,0.0,70.9161,286.1981,33.0639,21.2264,1.679,1.9282,0.531,7.5836,22.2432,711.1111,36.0,560.0,13.9499,1.7322,14.6018,0.0638,6.2378,4.9564,3.4319,9.4229,83.066,12.82,1.16,6.0755,0.4842,93.0388,3.1309,1.3965,0.1732,0.0405,17.5662,6.3345335828937435,0.12952373823940896,2.5503419500292486,0.054018582914489605,2.415930386426297,20.889716086787075,535.2782,1.807,8.92,0.3104,3.0908,0.0914,1.6664,17.177,0.0147,2.9438,0.0135,0.0114,84.4337
-1.0,2957.97,2243.7778,1.816,102.0978,1.442,0.0183,0.0023,202.0149,9.559,422.7669,0.965,192.1177,12.4786,1.3962,-4335.0,1503.0,0.9952,1.883,5.1237,70.1222,2.2889,0.1746,84.3575,8.531,64.2467,66.3319,87.0242,77.59,3.893,351.8664,129.3127,719.8077,1.0777,138.2282,619.4073,50.2306,4.655,4.915,2819.0,0.9337,12.1818,350.7245,10.8692,101.4945,12.0333,27.8182,30.5016,689.3062,156.5527,608.7718,125.1848,0.0395,0.0437,-0.0603,0.0365,-0.0836,0.0108,-0.047,6.889,0.1349,0.987,1778.8166,0.1631,8321.28,0.0075,-0.0605,-0.0254,0.0836,0.4765,0.9295,667.6864,0.9911,58.1097,0.6033,0.9794,6.4465,15.83,4.425,15.85,15.79,1.21,0.7419,3.261,-0.5677,0.6887,2.3038,1004.9778,136.0,264.2,228.3,74.2,351.526,0.4695,0.0972,0.0451,0.0411,0.0248,9.7708,4.933,14.336,0.0188,0.6,0.0281,598.0,87.0,0.087,0.078,0.146,2.3,0.197,0.8708,0.0529,0.5231,0.2941,0.8196,0.691,0.1163,8.26,26.31,13.886,0.24,14.74,5.31,33.263,71.344,0.0895,0.0429,0.12045,0.0492,0.0812,0.0768,0.0786,0.0622,3.6369,0.0436,0.0023,148.3832,0.0433,1072.8003,0.0127,0.0094,0.0444,0.0443,73.5334,2.9236,0.0225,0.6526,0.0787,3.3945,34.6445,76.3894,80.6521,0.1406,1.6857,0.0416,1.686,0.1746,0.0097,278.8564,307.8966,175.12,41.6573,0.0363,0.0334,0.068,0.8843,0.0295,0.0678,0.3131,0.0196,0.1132,5.8436,0.1938,9.3726,0.0346,2.3972,7.5923,4.6707,0.0708,1.5608,1.2586,9.8881,20.8056,0.0312,0.0185,0.055099999999999996,0.0205,0.0256,0.0398,0.0339,0.0297,1.1619,0.0142,0.0008,47.2526,0.0137,373.0643,0.0121,0.0157,26.7037,0.8722,0.0076,0.1915,0.0263,5.897,1.2353,6.2396,8.9318,9.1909,3.3069,23.3895,25.8517,6.7408,51.6058,3.391,1.944,4.8082,2.0097,8.0507,5.7884,8.7415,4.1423,2.8495,3.28,17.4757,47.5493,4.2476,1.0323,0.62,0.8142,0.2858,5.0616,9.6742,4.3227,10.7913,5.9756,4.2476,27.6445,7.2156,2.2081,7.7837,122.4936,4.8256,10.8627,56.9909,226.3674,134.0625,81.592,222.3135,91.8386,731.1628,132.2701,52.7931,1.7045,1.7999,0.2285,8.3417,26.554,221.8289,87.8981,504.6154,9.3099,4.7654,11.0132,0.058,5.0312,10.1232,3.4181,8.1554,81.794,22.39,1.64,10.0868,0.7597,54.9471,5.4295,2.005,0.3106,0.0578,32.7151,6.275244943506228,0.15974245430006326,2.6004396383292034,0.06338561501572856,2.4149242782678817,21.108188248468952,538.1409,1.715,5.93,0.17,2.0174,0.0504,1.1019,9.911,0.0144,2.832,0.0333,0.0125,37.5668
-1.0,2850.33,2177.3222,1.3101,101.1478,1.4067,-0.0234,0.0029,199.8134,14.4533,425.7982,0.9699,190.182,12.4337,1.38,-3713.25,1606.5,0.9733,1.8797,5.0455,70.5111,2.0444,0.1624,84.87,9.4832,64.23,66.4374,87.3382,65.34,3.102,350.7336,130.1482,720.3716,1.3717,141.8173,622.6991,210.5202,4.594,4.83,2828.0,0.9354,15.64135,349.8236,10.5164,109.7091,12.7282,20.4391,27.7378,692.6338,150.4382,609.9709,80.1561,-0.0001,-0.0113,-0.0513,0.0048,-0.0777,-0.0425,0.0206,7.1025,0.1357,0.99,1832.4027,0.1976,8906.5,-0.001,-0.0809,-0.0369,-0.2156,0.4682,0.9487,766.4387,0.9867000000000001,56.9238,0.5955,0.9787,6.2021,15.85,4.304,15.9,15.87,1.168,0.7292,3.195,-0.4258,0.7135,2.3128,1004.167,84.0,173.7,154.0,46.3999,264.955,0.1939,0.129,0.0491,0.0414,0.023,5.3824,11.197,14.072,0.0146,0.49,0.0475,373.0,73.0,0.119,0.072,0.155,3.7,0.121,0.6371,0.1478,0.5819,0.3782,0.9871,0.349,0.0986,3.77,18.86,40.796,0.286,25.56,3.75,30.128,97.632,0.0879,0.0641,0.1186,0.1364,0.0737,0.0923,0.1038,0.1498,5.9017,0.044,0.0007,119.543,0.0732,990.3994,0.0317,0.019,0.120188138292432,0.0168,103.9807,4.3748,0.0436,0.4116,0.0676,5.0273,22.8573,60.2764,49.1398,0.0586,1.6927,0.0389,3.7169,0.1571,0.0163,180.4263,318.0115,745.6435,35.1236,0.0493,0.0313,0.0635,1.1952,0.0235,0.0405,0.2501,0.0613,0.1104,5.0632,0.0924,9.3192,0.032,1.2023,5.9771,13.5564,0.0942,1.2045,1.7863,9.6498,33.7035,0.0243,0.0274,0.0508,0.0647,0.0193,0.0486,0.0472,0.0668,2.1215,0.0142,0.0002,32.9607,0.0214,344.2619,0.0164,0.0062,35.4958,1.166,0.0147,0.1347,0.0234,4.7086,1.6095,3.8604,6.094,5.9912,2.1311,24.322,14.8011,9.1704,77.4703,3.3049,1.507,3.9409,3.4413,45.8359,4.544,12.2271,3.8303,3.072,5.2474,58.6957,40.6293,2.6163,0.7507,1.5588,0.906,0.1937,4.6645,6.4311,4.2763,7.1895,2.6584,3.0288,19.3787,6.4645,2.7196,7.0277,200.814,4.3498,23.7724,121.8023,0.0,113.4011,265.8869,0.0,118.8285,244.0917,727.1845,83.0932,2.285,1.7972,0.0711,6.5238,37.0562,534.2707,63.621,229.8851,26.600115265074077,1.7716,13.5667,0.25379999999999997,7.6854,6.6365,2.9215,12.1929,78.0185198803241,17.082346173505304,1.2642414156743993,8.019114110727884,0.5446344241216998,76.85965060470272,4.240231769476641,1.6386907792633267,0.4075,0.0853,40.3321,6.277704841311269,0.15855626373537454,2.535221229453551,0.06017608834204062,2.40732415477941,20.798717800809776,529.1055,2.34,11.1,0.3658,4.1178,0.1251,2.0979,15.6336,0.014,2.776,0.0333,0.0125,37.5668
-1.0,2927.46,2243.7778,1.816,102.0978,1.4896,0.0064,-0.0013,201.8293,8.5018,404.1486,0.9665,191.8423,12.4104,1.4049,-3835.75,-1883.75,1.288,1.9868,7.2935,68.1556,1.8778,0.1599,88.2693,8.9416,65.0056,66.595,86.9601,63.93999999999998,5.041,349.6918,136.0618,723.0823,1.0271,135.3655,621.1191,51.6172,4.61,4.849,2802.0,0.9366,-1.1609,348.4955,10.3625,114.9009,10.5221,21.1609,26.3122,696.7701,148.57,611.9664,87.9872,0.0377,0.0052,-0.0672,0.0166,-0.0977,-0.0033,-0.0473,7.3452,0.1306,0.9683,1798.3583,0.157,8962.4,0.0015,-0.0009,-0.0038,0.0211,0.4689,0.9524,702.0433,0.9904,60.2053,0.6032,0.9659,6.3596,15.83,4.425,15.85,15.79,1.21,0.7419,3.261,-0.5677,0.6887,2.3038,1004.9778,94.0,211.8,222.6,74.2,351.526,0.4695,0.0739,0.0465,0.0355,0.0248,9.0497,8.458,4.999,0.0185,0.54,0.0256,273.0,3574.0,0.116,0.086,0.188,2.7,0.398,0.6556,0.0736,0.4272,0.1287,0.8217,0.759,0.2036,12.29,27.06,14.826,0.285,19.38,3.63,29.288,127.189,0.0869,0.0433,0.0839,0.0484,0.0785,0.0807,0.0613,0.0639,4.6392,0.0627,0.0024,72.5948,0.0346,1679.5996,0.0089,0.0105,0.0328,0.0288,182.0638,3.8124,0.0443,0.6272,0.0787,3.3945,26.6583,68.8602,74.207,0.1406,1.6857,0.0285,2.3475,0.1594,0.0095,129.9548,215.0262,1306.5523,1478.2288,0.0565,0.0416,0.0809,0.8633,0.0748,0.1272,0.276,0.0289,0.1424,8.134,0.2573,9.212,0.0526,4.0691,7.2556,4.726,0.0814,1.1178,1.7384,9.1611,42.7782,0.0291,0.0223,0.0394,0.0218,0.0227,0.0434,0.0262,0.029,1.5938,0.0206,0.0009,20.4368,0.0095,610.9617,0.0066,0.0086,65.5092,1.2428,0.0137,0.2037,0.0263,5.897,1.2353,4.2034,7.2349,9.0312,3.3069,23.3895,25.8517,4.9611,99.4846,1.2369,1.9099,4.3512,1.8237,69.6604,189.7279,9.0062,4.3287,2.5776,3.9615,69.2308,155.7331,11.9787,0.7121,0.8235,0.5459,0.2369,5.8909,6.1884,4.1241,19.8277,9.0791,4.3567,28.723,6.3246,2.7503,5.1175,184.1837,4.2034,31.2571,144.554,230.5804,98.0747,72.0774,472.1805,82.6209,0.0,135.0951,63.1592,4.941799999999999,2.6054,0.2439,4.0367,22.0497,770.6422,73.6,0.0,6.9973,3.0253,25.9334,0.1298,6.3324,9.8618,3.4181,8.1554,74.526,25.505000000000003,0.95,11.458299999999996,0.3627,75.2273,6.362449999999999,1.2747,0.3106,0.0578,32.7151,7.8,0.1166,3.3892,0.0423,2.9212,16.0059,531.0218,2.4,8.94,0.2924,3.0447,0.0947,1.6835,12.1846,0.016,3.1859,0.0181,0.008,44.2988
-1.0,3055.21,2177.3222,1.3101,101.1478,1.4929,-0.0252,0.0112,199.6727,12.4003,411.5736,0.9715,189.6356,12.4969,1.4112,-3076.25,1636.5,0.9885,1.9053,5.2818,62.9556,3.1,0.2281,85.2666,9.2433,64.0385,65.9047,86.4157,75.03,3.197,347.4118,138.7682,727.191,1.3157,141.8282,628.0082,173.9305,4.537,4.778,2859.0,0.9309,15.64135,347.2909,10.334,117.3982,8.8552,21.37,28.1907,699.0003,155.5755,620.2645,91.8831,-0.0035,-0.0064,-0.0928,-0.0043,-0.079,-0.0062,-0.034,6.4887,0.1302,0.9906,1864.3441,0.239,8700.58,-0.0233,-0.0326,0.0625,-0.0573,0.4751,0.9454,749.2668,0.9906,59.6983,0.61,0.9668,6.3845,15.82,4.387,15.9,15.9,1.191,0.7393,3.267,-0.4258,0.7423,2.307,1004.895,172.0,174.2,79.7,46.3999,264.955,0.1939,0.0881,0.0585,0.0492,0.0249,8.6282,11.842,16.281,0.015,0.48,0.046,96.0,93.0,0.123,0.077,0.214,2.6,0.145,0.6107,0.0876,0.4808,0.3138,0.837,0.535,0.1695,9.13,18.97,41.814,0.237,14.66,4.19,32.217,132.704,0.0739,0.0399,0.0373,0.0657,0.0886,0.0837,0.0919,0.048,2.5304,0.0236,0.001,117.9059,0.1254,1168.7998,0.0098,0.0166,0.0381,0.0424,118.6413,3.7485,0.0453,0.4428,0.0792,3.4877,38.4333,54.5612,29.2691,0.0586,1.6927,0.0299,3.7141,0.1458,0.0153,40.4259,253.5999,3319.7792,42.6028,0.055,0.0318,0.0935,0.8126,0.0229,0.0548,0.2364,0.0393,0.1151,5.8716,0.1498,10.1893,0.0605,2.6285,5.7686,12.8146,0.0796,1.3427,2.2051,9.8748,36.3747,0.0221,0.0178,0.0161,0.0286,0.0206,0.0406,0.0492,0.023,0.9991,0.0097,0.0004,45.6904,0.0374,359.4085,0.0076,0.0132,38.3601,1.2305,0.0148,0.1621,0.0262,6.8091,1.2059,7.8418,5.7017,3.3526,2.1311,24.322,14.8011,5.9014,95.4979,3.9558,1.5398,3.8409,3.261,258.139,5.6829,12.4431,4.0415,4.0517,4.1299,29.0323,34.6322,3.0778,0.7162,0.9479,0.7508,0.1448,5.754,6.8604,4.8007,12.882,6.4374,3.0207,24.0406,6.1236,2.2934,7.2062,165.5524,4.609,23.7884,144.427,0.0,66.5555,70.8165,0.0,105.9158,0.0,141.1765,38.9973,1.6133,0.971,0.1009,6.3243,63.31987047269746,0.0,85.8639,0.0,8.0221,4.4845,15.8343,0.1262,6.2791,6.9356,3.4319,9.4229,80.052,22.46,1.28,10.8109,0.6027,17.1359,5.5962,1.599,0.3311,0.0895,32.8864,6.486802846263344,0.13774436969277845,2.6031349067788865,0.055049593558684495,2.4722628635038086,19.68916368870842,526.3709,2.3553,7.82,0.2678,2.7988,0.0841,1.4856,11.3698,0.0166,3.3177,0.0149,0.0076,51.3704
-1.0,3045.21,2243.7778,1.816,102.0978,1.5032,-0.0042,0.0021,202.8679,9.4744,428.9045,0.9589,193.4376,12.46,1.4229,-3845.0,1464.75,0.9782,1.8895,5.0947,72.9222,2.0667,0.1313,84.87,9.4832,64.23,66.4374,87.3382,65.34,3.102,364.0227,137.3227,739.7588,1.119,135.1109,636.4564,45.0921,4.566,4.808,2909.0,0.9271,15.64135,359.42,10.4453,118.0345,11.0509,19.2882,25.5875,714.1714,147.9509,625.4055,99.246,0.0076,0.0104,-0.0494,0.0401,-0.0916,-0.0159,0.0353,7.0763,0.1307,0.99,1862.9489,0.2028,9304.59,0.018,-0.0605,0.0071,0.0871,0.4689,0.9388,729.943,0.991,58.1458,0.6037,0.9679,6.2863,15.83,4.281,15.91,15.92,1.267,0.7424,3.267,-0.3784,0.7463,2.2928,1003.5358,77.0,94.8,51.2,74.2,351.526,0.4695,0.0904,0.0593,0.0532,0.0277,6.3112,4.602,8.524,0.0209,0.61,0.0534,513.0,73.0,0.089,0.065,0.142,3.6,0.187,0.6371,0.1478,0.5819,0.3782,0.9871,0.921,0.3005,10.73,11.66,24.424,0.302,15.56,9.31,20.249,132.343,0.1056,0.0523,0.0507,0.0611,0.064,0.0958,0.0998,0.0953,4.3944,0.0662,0.0011,144.5028,0.063,1217.2998,0.016,0.0119,0.0448,0.02,144.9016,2.7598,0.0262,0.6329,0.0781,2.606,20.3137,31.7276,14.8406,0.1406,1.6857,0.0308,1.5474,0.1748,0.0144,213.3893,280.5974,1103.1709,33.9841,0.0368,0.0271,0.0633,1.0768,0.0377,0.0555,0.2501,0.0613,0.1104,6.3369,0.2879,5.3515,0.0835,3.7921,3.7965,6.9864,0.1064,2.9501,2.9548,6.236,39.9423,0.0315,0.0245,0.0219,0.0309,0.0218,0.0501,0.0481,0.0498,1.5357,0.0229,0.0003,42.2209,0.0198,505.5803,0.0078,0.0076,57.255,0.8255,0.0084,0.2016,0.0265,3.9318,0.848,3.5472,3.1131,1.9991,3.3069,23.3895,25.8517,6.0139,48.5732,1.9874,2.1837,4.8957,3.7493,66.502,4.9838,9.0979,3.4401,2.7872,4.9368,77.4194,85.2792,4.0165,0.7507,1.5588,0.906,0.1937,5.0574,10.1804,2.546,25.522399999999998,7.9416,1.832,54.1647,2.1864,2.8913,6.4812,140.8025,2.8353,18.0649,133.3484,0.0,88.87,123.6842,159.5761,104.6423,628.6614,269.7806,62.0997,3.0612,2.7619,0.1141,7.7567,31.069,869.4064,39.8385,849.2308,9.5516,2.1292,19.8511,0.1144,4.7464,10.0683,3.4056,6.7063,78.54772997651158,17.119663795226035,1.2490647936517236,7.71658413817518,0.5316311610035009,63.19462083271569,4.222470409796084,1.6192126015600492,0.1124,0.0284,11.6369,6.533112745344687,0.15490937513337685,2.690014691794839,0.06126637285373979,2.4880484498236126,20.546581597975806,533.1318,2.5132,8.62,0.2862,2.9736,0.1106,1.6169,11.3894,0.0124,2.4797,0.0195,0.0154,78.789
-1.0,3000.39,2197.2667,1.3257,104.1722,1.4701,-0.0003,0.0026,202.4717,8.8499,426.3853,0.9737,193.0565,12.4496,1.3969,-3426.75,-1189.0,1.2702,1.998,7.3373,69.3889,2.4,0.2044,84.3232,8.5218,64.2803,66.1861,87.0459,78.42,3.645,359.4309,154.8464,762.4385,0.9393,132.7227,647.0,56.9815,4.601,4.828,2902.0,0.9257,-11.9682,361.9655,10.3263,122.8782,18.6255,31.9682,40.3963,722.0423,143.5309,628.3745,110.874,-0.0202,-0.0033,-0.0736,0.0018,-0.0883,-0.0267,-0.0412,7.0525,0.1361,0.9869,1787.3023,0.1612,8847.7,-0.0267,0.0,-0.0352,-0.1136,0.4659,0.9487,768.202,0.99,58.3673,0.5931,0.9765,6.2185,15.83,4.281,15.91,15.92,1.267,0.7424,3.267,-0.3784,0.7463,2.2928,1003.5358,200.0,51.4,67.1,48.5,187.858,0.1972,0.1104,0.0686,0.0376,0.0091,6.0121,6.249,12.697,0.0065,0.26,0.0873,531.0,2972.0,0.184,0.1,0.207,0.9,0.269,0.8705,0.1031,0.5282,0.3729,0.8096,0.727,0.1545,8.4,17.06,22.477,0.637,15.22,6.76,21.97,105.864,0.1016,0.0465,0.0293,0.0278,0.0796,0.0925,0.0985,0.0319,3.5432,0.0438,0.001,151.3417,0.0337,671.4004,0.0161,0.0176,0.0856,0.0118,65.4207,2.8127,0.0463,0.3498,0.0781,2.606,45.32809999999999,14.3745,22.203,0.0594,2.0741,0.033,1.7817,0.0708,0.0266,223.4055,106.5911,303.0098,1288.3594,0.0891,0.0427,0.0881,0.3371,0.0514,0.0859,0.3146,0.0448,0.1021,6.2281,0.2614,5.9678,0.0396,2.38,4.7092,6.7119,0.192,1.9613,2.6016,6.7517,37.6506,0.0259,0.0192,0.0123,0.0124,0.0215,0.0522,0.0509,0.0137,1.1725,0.0142,0.0003,45.9104,0.0102,214.5078,0.0119,0.0035,22.4527,0.9314,0.0149,0.1176,0.0265,3.9318,0.848,9.053150000000002,1.7131,2.5991,2.2073,20.6164,14.8775,7.5095,70.6109,2.9778,0.666,2.0884,6.249,19.1143,249.9579,14.4853,5.005,2.8212,1.297,54.1667,75.8152,7.8847,1.0323,1.2102,0.8217,0.243,4.7214,6.4903,2.6805,16.4533,6.329,2.6368,39.4462,2.0939,6.1687,6.7791,81.7161,3.0428,18.4236,95.4814,502.8147,131.6348,37.7717,0.0,104.7269,368.9139,77.3802,50.2401,3.8812,1.8046,0.0963,8.4676,20.918,0.0,37.276,0.0,18.375,1.2466,8.5161,0.0769,4.819,5.6257,3.4056,6.7063,80.242,23.17,1.89,10.9479,0.8336,56.774,5.7479,2.3554,0.1475,0.0283,15.7758,6.298693910384009,0.13621122401785432,2.602995378106275,0.06015034809298869,2.382715967564301,20.862470652093286,534.4582,2.3295,6.99,0.3557,2.4631,0.1155,1.3079,15.2681,0.0185,3.7299,0.0195,0.0154,78.789
-1.0,2970.87,2185.8111,1.3714,102.6422,1.5155,-0.0045,0.0027,199.9475,6.812,409.155,0.9621,190.3313,12.4969,1.4084,-6375.125,1571.0,0.9595,1.916,5.2155,63.9778,2.6667,0.2161,85.5455,9.2655,63.8677,65.769,86.4804,63.93999999999998,3.923,348.5318,132.5064,718.4028,1.3092,140.5173,621.5555,134.8997,4.567,4.804,2833.0,0.9354,15.64135,346.1664,10.5723,109.3509,17.9019,23.1555,31.7791,686.6237,148.1364,603.6536,76.4775,-0.0027,-0.0671,-0.0758,0.0023,-0.091,-0.0124,-0.0313,6.9873,0.1358,0.9861,1874.2109,0.1498,8424.7201,-0.0035,-0.04,-0.0317,0.0971,0.4804,0.9248,728.7793,0.9914,58.7409,0.6041,0.9682,6.3787,15.85,4.557,15.89,15.89,1.267,0.7377,3.126,-0.9934,0.6764,2.3052,1004.96,113.0,165.1,140.6,52.2002,126.846,0.1021,0.0722,0.0582,0.05,0.0205,6.1988,3.837,22.422,0.0189,0.48,0.0635,426.0,87.0,0.106,0.073,0.131,3.3,0.121,0.6627,0.1444,0.6033,0.3108,0.8366,0.429,0.1856,8.98,14.52,88.009,0.246,17.82,3.62,30.506,73.814,0.0631,0.0512,0.0296,0.0819,0.0497,0.1134,0.0962,0.067,5.0547,0.0437,0.0039,120.4108,0.0167,571.0005,0.0291,0.0118,0.0825,0.0279,62.0972,4.2127,0.0337,0.5888,0.0732,4.96,30.0114,55.1233,52.8954,0.0394,1.3579,0.0274,1.0552,0.1458,0.0218,199.8157,285.201,4342.4721,37.674,0.0513,0.036,0.0586,1.2029,0.035,0.0436,0.2484,0.0539,0.1416,5.6722,0.1313,8.802,0.0633,2.6892,4.4169,25.7303,0.0855,1.0987,1.8965,9.8391,26.0769,0.0151,0.0219,0.0139,0.0349,0.0149,0.058,0.05,0.0345,1.5521,0.0143,0.0014,39.5154,0.006,211.0085,0.0208,0.0087,24.1071,1.1287,0.0107,0.1861,0.0244,5.1735,1.846,5.2681,5.5573,5.3854,2.3881,12.7433,7.4461,4.7642,56.3271,5.4801,1.9672,3.8409,4.506,152.2492,5.5379,11.0474,3.81,2.5117,5.158,30.0,45.347,2.5845,0.7747,1.5584,0.9446,0.1371,4.8776,5.9318,3.979,14.1769,6.3907,2.3361,65.2403,6.701,2.3268,7.8646,99.5428,4.4429,20.631,96.5172,0.0,102.8629,108.0831,0.0,124.547,775.8065,213.8867,72.3403,1.546,1.8695,0.3936,6.4246,11.1174,412.2271,57.9439,948.8372,17.1682,3.0204,8.5207,0.0578,7.1717,9.2314,3.1758,12.8413,81.466,16.64,2.17,8.1278,0.8589,68.8649,4.1511,2.8233,0.1791,0.0429,18.9025,4.14,0.1249,1.9529,0.0543,1.5636,18.0015,531.1618,1.7323,6.97,0.2079,2.5969,0.0626,1.3122,12.0001,0.0097,1.9337,0.0165,0.0286,173.4377
-1.0,3087.45,2243.7778,1.816,102.0978,1.3993,0.0042,-0.0103,202.2886,9.8855,423.9415,0.9563,192.8784,12.4337,1.3923,-4265.25,-6948.5,1.327,2.0155,7.3297,66.5444,2.5778,0.2001,85.3625,8.5952,64.0145,66.2273,86.7997,63.93999999999998,5.041,360.6127,141.65,745.0489,1.061,137.09,639.3527,49.0752,4.566,4.808,2909.0,0.9271,14.0382,361.3627,10.432,115.6882,12.1109,25.9618,32.567,712.4819,150.1909,627.2418,103.3936,-0.0046,0.0203,-0.0571,0.04,-0.0785,-0.0146,0.0721,7.242,0.1311,0.9902,1797.7321,0.1673,8799.04,0.006,-0.0763,-0.0241,-0.0171,0.4685,0.9486,770.5694,0.9903,59.8783,0.6026,0.9622,6.3952,15.83,4.281,15.91,15.92,1.267,0.7424,3.267,-0.3784,0.7463,2.2928,1003.5358,92.0,206.7,99.3,74.2,351.526,0.4695,0.126,0.0608,0.0334,0.0295,6.0259,5.032,11.082,0.0219,0.49,0.0438,571.0,17919.5,0.086,0.093,0.315,2.1,0.321,0.8576,0.1268,0.4657,0.293,0.6545,0.965,0.1419,12.88,11.91,13.222,0.397,11.79,4.1,18.372,122.676,0.111,0.0428,0.0172,0.0718,0.0766,0.0979,0.0829,0.1264,4.3589,0.044,0.001,152.7609,0.0244,1279.2998,0.0084,0.0151,0.0292,0.0232,150.5753,2.2021,0.0227,0.4718,0.0781,2.606,16.2057,68.1462,31.8259,0.1406,1.6857,0.041,1.6791,0.1571,0.0148,311.4814,562.8794,866.2384,8899.192,0.0404,0.039,0.14,0.6894,0.0384,0.1204,0.355,0.0474,0.1424,7.6137,0.3675,5.5373,0.0403,3.9683,4.2297,3.7194,0.1223,1.4096,1.6505,5.559,39.6698,0.0298,0.0179,0.0089,0.0336,0.0254,0.0446,0.0447,0.0569,1.5243,0.0142,0.0003,46.308,0.0078,350.3215,0.0058,0.0066,42.1219,0.6765,0.0072,0.1523,0.0265,3.9318,0.848,4.1719,6.6948,3.9667,3.3069,23.3895,25.8517,9.0045,50.9031,2.614,2.2858,3.9409,3.1459,45.2494,275.5559,6.4808,4.6142,4.2976,3.1558,65.9483,65.4636,9.389,1.0047,1.4749,0.7275,0.2732,5.5045,8.0974,2.5209,13.3692,9.3953,1.8628,26.9423,2.1864,3.8056,6.578,97.3506,2.5786,18.2185,118.6495,0.0,121.9373,125.7443,191.5898,124.7929,566.5148,175.4337,60.1884,1.9827,1.7972,0.1026,8.4974,14.6168,0.0,30.9524,370.7317,6.2332,2.4434,19.5408,0.1083,3.6776,7.3772,3.4056,6.7063,76.072,18.81,0.98,8.728,0.4486,58.0324,4.5993,1.2883,0.4442,0.0758,45.6897,6.164507313878043,0.17076542078432763,2.4035306076609135,0.06867997939927727,2.366018436272907,22.891955975266292,531.4909,2.3698,10.5,0.2966,3.3302,0.0798,1.9756,12.5144,0.0199,3.9748,0.0165,0.0286,173.4377
-1.0,3054.45,2243.7778,1.816,102.0978,1.4193,0.0015,0.0015,201.6701,10.7648,419.093,0.9638,191.6488,12.4869,1.3987,-2576.0,1582.75,0.9688,1.886,5.0813,63.7778,3.2889,0.2284,86.3239,9.5642,63.9038,65.7964,86.4047,74.48,2.888,353.9364,130.1173,720.8821,1.0836,136.4591,620.5127,46.2815,4.655,4.915,2819.0,0.9337,15.64135,354.4191,10.3482,118.5182,7.5638,11.5991,14.406,706.4761,142.0918,615.0291,103.3687,-0.0045,0.016,-0.0643,0.0142,-0.1037,-0.0207,-0.0275,8.1258,0.1246,0.9892,1871.8602,0.1916,8848.07,-0.0243,-0.0214,0.0587,0.0635,0.4635,0.9509,768.9381,0.9905,59.9637,0.6051,0.9788,6.4561,15.83,4.425,15.85,15.79,1.21,0.7419,3.261,-0.5677,0.6887,2.3038,1004.9778,96.0,110.0,33.5,74.2,351.526,0.4695,0.1378,0.0466,0.0479,0.0255,8.9272,9.029,4.588,0.0196,0.61,0.0331,2060.5,70.0,0.14,0.077,0.089,3.3,0.099,0.4828,0.2394,0.7379,0.4946,0.9187,1.04,0.2191,10.05,25.87,20.138,0.385,9.73,5.08,27.876,119.772,0.0743,0.0551,0.0651,0.0567,0.0701,0.0939,0.1015,0.0655,2.6587,0.0428,0.0024,87.8,0.028,835.7998,0.0102,0.0115,0.0354,0.0154,91.4019,3.5587,0.0273,0.3399,0.0787,3.3945,24.5517,37.4797,12.1443,0.1406,1.6857,0.0488,2.4959,0.18,0.0103,912.5788,348.7476,1666.3643,32.3561,0.0576,0.0334,0.041,1.1487,0.0314,0.0322,0.1969,0.0985,0.1032,6.6127,0.3095,9.3644,0.0633,3.1706,7.1638,5.2332,0.1107,1.6887,1.7684,9.259,32.9141,0.0263,0.0248,0.0286,0.0258,0.0222,0.0508,0.0523,0.0317,0.9727,0.015,0.0007,27.1854,0.0095,239.4276,0.0071,0.0062,27.9647,1.2373,0.0101,0.121,0.0263,5.897,1.2353,4.2984,3.6013,1.3709,3.3069,23.3895,25.8517,9.7088,83.8751,1.0947,2.0383,4.8851,2.3686,132.8416,4.4227,14.4516,4.0827,1.7515,5.1742,18.2432,39.3969,2.1169,0.5593,2.5033,1.1547,0.1625,5.5773,5.8486,4.2671,20.2184,7.3648,4.1691,43.512,7.2156,3.7205,5.5856,128.6387,3.9458,24.781,115.8687,0.0,114.6126,88.1804,494.3147,90.5497,489.7467,237.9655,32.7193,2.4245,1.8062,0.2432,4.6905,14.594,0.0,41.4458,0.0,7.6429,1.6241,11.8868,0.1181,5.9348,5.265,3.4181,8.1554,76.37625463117297,16.719486945201457,1.2081170880517365,7.569389684443174,0.5090972277225347,62.84367399720491,4.168775297437919,1.5901205138092909,0.9412,0.1514,95.8686,6.198491855717417,0.16897671084525487,2.482393420735378,0.06515023415770949,2.3873332611323246,21.401018558459768,529.9355,2.1598,7.43,0.1953,2.6491,0.0559,1.4021,9.0446,0.0153,3.0703,0.0165,0.0286,173.4377
-1.0,2988.52,2183.5777,1.705,100.4478,1.4305,0.0001,-0.0054,199.9116,7.0778,410.3098,0.9607,190.2728,12.4969,1.3954,-4612.5,1495.75,0.9785,1.8877,5.109,68.2,2.6667,0.182,85.1712,8.5405,64.1314,66.2364,86.8378,76.57,3.732,351.5391,131.3118,721.6987,1.3193,140.8691,623.72,143.0328,4.567,4.804,2833.0,0.9354,15.64135,350.7273,10.4595,113.4945,14.0055,17.8173,22.1373,699.5614,145.4927,609.7145,53.1891,-0.0167,-0.0361,-0.0737,-0.021,-0.1022,-0.0243,-0.0389,7.1502,0.1299,0.9681,1822.7499,0.1891,9028.9699,0.0045,0.0233,-0.0225,0.0689,0.4679,0.9471,770.8132,0.9907,59.6908,0.5892,0.9776,6.3896,15.85,4.557,15.89,15.89,1.267,0.7377,3.126,-0.9934,0.6764,2.3052,1004.96,91.0,80.1,100.7,61.3999,183.1801,0.2431,0.0912,0.0643,0.0451,0.0209,5.3414,3.769,19.788,0.0189,0.48,0.0349,891.0,137.0,0.102,0.073,0.334,2.5,0.112,0.7716,0.078,0.569,0.2765,0.7661,0.434,0.1579,7.07,17.46,85.298,0.348,15.09,3.78,31.197,20.582,0.1308,0.0292,0.0348,0.0534,0.083,0.0915,0.1053,0.0258,3.7178,0.0359,0.0037,50.4583,0.0351,971.7998,0.0129,0.0156,0.0262,0.0422,113.9504,3.1377,0.0384,0.6334,0.0732,4.96,24.8764,24.4763,33.8327,0.0825,1.8804,0.0335,1.1063,0.1458,0.0103,424.2047,164.6633,891.6556,60.972,0.0452,0.0304,0.1375,0.691,0.0372,0.0429,0.3216,0.0319,0.1561,5.2143,0.131,9.5249,0.0475,1.8941,5.0909,29.0445,0.0878,1.2686,1.3505,9.5674,7.257,0.0331,0.0151,0.0172,0.024,0.0239,0.0441,0.0537,0.0121,1.3974,0.0118,0.0014,16.3251,0.0117,262.7848,0.0052,0.0127,31.835,0.8501,0.0119,0.201,0.0244,5.1735,1.846,4.1019,2.6803,4.3937,2.8119,10.3812,14.2577,6.3756,53.2509,4.8227,1.9653,3.8409,2.499,42.9051,9.1593,10.4241,3.867,6.5375,3.6657,48.75,63.1868,2.4039,0.9059,0.9131,0.8872,0.1561,5.1459,7.4327,4.3097,11.9719,5.0188,2.7993,59.6353,6.701,3.3271,7.7537,107.7438,4.4595,11.3249,38.6959,784.1139,58.2834,72.4559,395.2381,89.5084,433.3333,66.2813,51.9954,1.5391,1.5014,0.3866,2.7682,18.5451,0.0,64.7975,0.0,5.6091,4.4563,14.7831,0.0699,5.2567,9.9126,3.1758,12.8413,78.964,21.17,1.41,9.3655,0.6123,21.7375,5.1637,1.7856,0.588,0.0989,61.233,6.263122714364907,0.1374718946661266,2.5488590222726764,0.056152456610340976,2.429279028471819,20.690868950885168,534.1545,1.6889,9.88,0.3116,3.4917,0.0812,1.8497,18.4482,0.0095,1.9072,0.0274,0.0142,51.9067
-1.0,3033.29,2244.1111,0.9197,100.8067,1.3669,-0.0005,0.0017,202.6728,7.3121,413.5223,0.9695,192.6094,12.6278,1.4072,-1457.25,1653.0,0.9852,1.8893,5.1408,63.0556,3.0778,0.2371,86.3239,9.5642,63.9038,65.7964,86.4047,74.48,2.888,348.2927,139.4282,726.1773,0.9826,134.1409,621.8618,49.4171,4.592,4.834,2835.0,0.9348,9.1882,347.7236,10.646,108.6164,13.3354,30.8118,37.258,688.9193,152.1864,608.5264,111.4585,0.0029,-0.0399,-0.0708,0.0273,-0.0877,-0.0092,-0.0233,8.2836,0.1271,0.9877,1842.5068,0.1986,8981.2399,0.0156,-0.0456,-0.0084,0.0666,0.4653,0.9454,809.4099,0.9901,59.8003,0.5935,0.9715,6.1906,15.83,4.281,15.91,15.92,1.267,0.7424,3.267,-0.3784,0.7463,2.2928,1003.5358,113.0,196.8,166.4,54.3,301.194,0.2973,0.0993,0.0743,0.0594,0.0262,6.012,3.992,14.823,0.0153,0.55,0.1251,345.0,70.0,0.136,0.075,0.137,3.1,0.091,0.4828,0.2394,0.7379,0.4946,0.9187,0.775,0.1067,14.21,16.32,12.928,0.302,17.87,7.67,27.377,72.191,0.0518,0.0621,0.12045,0.0104,0.0593,0.1099,0.0776,0.0309,3.6122,0.0559,0.0017,118.1621,0.068,1236.6992,0.0122,0.0113,0.0202,0.0186,130.0181,2.1236,0.0568,0.5215,0.0781,2.606,28.1025,65.3526,51.7313,0.1157,1.8732,0.0369,1.3619,0.1672,0.045799999999999993,143.2271,236.4501,4273.0138,33.4166,0.0565,0.0307,0.0569,0.9787,0.0279,0.0272,0.1969,0.0985,0.1032,6.9848,0.2762,10.0419,0.0326,4.57715,4.9218,3.8157,0.1079,2.3942,2.3097,8.6321,21.9373,0.014,0.0264,0.055099999999999996,0.0044,0.0166,0.0587,0.0329,0.0135,1.258,0.0169,0.0007,41.2804,0.0214,418.4395,0.0042,0.006,43.9185,0.6628,0.0168,0.1659,0.0265,3.9318,0.848,5.4089,6.488,6.4315,2.4197,17.9632,32.3291,7.2644,54.5945,3.5846,1.5739,4.3555,8.8901,298.58439999999996,4.2347,13.8036,3.9698,2.665,4.9163,29.2419,35.8482,1.9539,0.5593,2.5033,1.1547,0.1625,5.9519,9.5461,4.6522,10.8574,10.5933,2.6244,26.161,6.1587,2.8367,6.4999,134.0039,3.9739,8.3401,64.7694,0.0,308.9552,14.6893,216.9182,125.3493,848.0874,132.7605,43.6064,1.8094,2.3632,0.1713,6.4131,34.2291,0.0,45.152,538.7755,4.346,1.9702,16.0633,0.0644,3.5512,8.4234,3.4056,6.7063,83.074,15.11,0.83,7.5048,0.4136,65.5771,3.7787,0.9991,0.1103,0.0268,11.6115,6.41682717556649,0.13852137697384834,2.6472129840712375,0.05345480359651858,2.42473784287462,19.89177856831885,530.0118,1.7527,10.32,0.169,3.1342,0.0645,1.9471,9.641,0.026000000000000006,5.21645,0.0274,0.0142,51.9067
-1.0,3076.5,2178.7333,0.7367,101.4922,1.415,-0.0062,-0.0032,199.4865,7.1454,413.6892,0.973,189.8439,12.4492,1.3753,-5047.25,1590.5,0.9682,1.8987,5.1482,67.4556,2.1778,0.1499,85.6608,9.5713,64.1016,66.437,86.8261,64.39,2.501,350.0873,132.3436,717.1376,1.0465,134.3455,616.7764,45.8665,4.584,4.814,2823.0,0.936,1.5018,347.7791,10.3865,113.8455,9.0364,18.4982,23.6088,693.5288,147.1064,608.7309,92.2238,0.0242,0.0622,-0.0538,-0.005,-0.0964,-0.0004,-0.0304,7.0405,0.1283,0.9849,1763.6142,0.1908,8785.9699,0.0085,-0.0465,0.02,0.0046,0.4607,0.9455,746.8328,0.9867000000000001,58.7165,0.5861,0.9615,6.4489,15.85,4.557,15.89,15.89,1.267,0.7377,3.126,-0.9934,0.6764,2.3052,1004.96,96.0,206.0,76.9,47.0999,224.705,0.0958,0.0794,0.0562,0.0401,0.0061,5.4716,3.403,17.025,0.0058,0.34,0.0621,292.0,82.0,0.091,0.061,0.171,3.4,0.185,0.6791,0.1233,0.6064,0.3812,0.799,0.693,0.2582,10.2,22.0,26.747,0.306,19.64,6.77,39.334,83.344,0.0854,0.0415,0.1047,0.0522,0.0756,0.0835,0.0878,0.048,2.9715,0.0392,0.0017,92.8213,0.046,1447.5996,0.0091,0.0226,0.061,0.0381,138.9973,5.1109,0.0193,0.4283,0.0732,4.96,27.85,67.754,27.608,0.0333,1.9727,0.0223,1.1619,0.0901,0.0224,120.8674,322.409,645.4458,38.7341,0.039,0.0289,0.0769,1.0088,0.0352,0.0561,0.254,0.0553,0.0801,6.0561,0.2387,9.2067,0.0731,3.5008,7.2872,8.2958,0.0981,2.0387,2.7398,11.5895,29.155,0.0247,0.0198,0.0461,0.0232,0.0248,0.0468,0.0393,0.0234,1.0068,0.0133,0.0005,28.9089,0.0125,483.1388,0.009,0.014,45.882,1.5838,0.0057,0.1579,0.0244,5.1735,1.846,4.2467,6.6959,3.0106,2.1618,21.6195,13.0099,5.6113,47.6253,4.1154,0.5936,2.7311,4.5124,27.4209,5.1556,9.3984,3.2126,3.3215,5.0404,50.5102,71.3862,3.9444,0.7928,1.2882,0.946,0.2093,6.267,5.4102,4.1106,24.6676,7.5924,3.5669,58.3148,6.7525,2.9461,11.6649,217.343,5.6716,46.3167,90.3715,352.7104,83.6272,97.026,0.0,86.6407,0.0,158.0247,42.2059,2.0267,1.6238,0.1733,5.2631,24.0874,0.0,61.4357,464.0,13.2466,4.0278,18.6116,0.25379999999999997,8.7043,6.6417,3.1758,12.8413,75.60648334510375,17.077980804700463,1.2141241626082928,7.484511700228988,0.5155201780322685,64.12215509109359,4.219043742870331,1.6087546412906597,0.228,0.0478,23.3263,6.278469560633636,0.14483537269836563,2.5978394877553512,0.05676673827894359,2.3967662811212014,20.675128864422053,532.8855,1.8536,8.85,0.2376,3.2846,0.0783,1.6608,12.8166,0.017,3.3918,0.0274,0.0142,51.9067
-1.0,3038.25,2244.1111,0.9197,100.8067,1.3989,0.0127,0.0069,198.9344,8.6844,422.2485,0.9595,189.2407,12.47,1.3955,-2547.25,-334.75,1.2902,1.9998,7.2695,67.4222,2.4556,0.1744,85.6608,9.5713,64.1016,66.437,86.8261,64.39,2.501,350.9227,130.4018,714.4361,0.9684,133.3536,614.6782,55.0406,4.594,4.85,2824.0,0.9359,2.5027,349.0373,10.3235,112.9045,8.3872,17.4973,22.1827,692.2534,145.5055,607.4473,60.9133,-0.013,-0.0166,-0.0951,0.0196,-0.0835,-0.0245,-0.0065,8.2877,0.1342,0.9671,1831.864,0.2154,9434.9,-0.0057,-0.0251,-0.0102,-0.0942,0.4624,0.9383,788.5671,0.9909,58.2938,0.5925,0.9677,6.2104,15.85,4.557,15.89,15.89,1.267,0.7377,3.126,-0.9934,0.6764,2.3052,1004.96,81.0,188.5,186.6,54.3,301.194,0.2973,0.0807,0.0582,0.0467,0.0212,7.0608,3.738,17.466,0.0199,0.5,0.0437,921.0,3062.0,0.094,0.102,0.29,2.5,0.453,0.6791,0.1233,0.6064,0.3812,0.799,1.02,0.1619,10.1,27.14,16.249,0.59,14.11,4.85,32.494,42.699,0.0707,0.0462,0.0287,0.1197,0.0485,0.0807,0.0946,0.0545,2.7874,0.0527,0.0068,86.8746,0.1254,567.7002,0.0212,0.0188,0.0292,0.024,66.3672,3.8183,0.0422,0.2495,0.0732,4.96,22.5407,66.551,59.9519,0.1157,1.8732,0.0247,1.1524,0.1652,0.0148,387.6123,489.6832,2823.8003,1301.2741,0.0417,0.0468,0.1346,0.8614,0.0396,0.1718,0.254,0.0553,0.0801,6.7768,0.3315,10.0918,0.0426,3.5392,7.2679,5.1547,0.1617,1.3225,1.5987,9.8616,16.4887,0.0187,0.0199,0.0128,0.0508,0.0161,0.0421,0.0491,0.0229,1.0532,0.0145,0.003,33.2321,0.0374,217.7276,0.0064,0.0089,21.3444,1.0729,0.0131,0.0861,0.0244,5.1735,1.846,3.7176,6.2042,7.9813,2.4197,17.9632,32.3291,5.7688,43.0429,4.1364,2.073,4.0096,3.1329,264.7954,878.8110999999999,7.2854,5.1006,3.9893,3.708,44.7964,82.5478,13.7194,0.7928,1.2882,0.946,0.2093,5.9956,8.4048,4.7313,16.7179,7.5738,4.4153,29.5218,6.2321,5.7151,7.2805,168.2325,4.6939,40.2102,70.098,542.542,104.7025,125.8675,247.8441,96.6178,385.336,832.0611,33.633,2.3853,2.1759,0.7039,4.7424,63.31987047269746,0.0,32.7177,0.0,6.3073,2.5539,8.4162,0.0513,6.55,4.0169,3.1758,12.8413,78.03,17.4,1.32,7.8393,0.6415,52.8677,4.2938,1.6917,0.1339,0.0362,13.6884,6.365315459376265,0.14013679731800152,2.5426221324556657,0.055303143680397834,2.411512654367516,20.77639961701621,532.7391,2.4119,8.88,0.3556,3.1318,0.1102,1.6669,14.7426,0.0157,3.1246,0.0274,0.0142,51.9067
-1.0,2989.91,2244.1111,0.9197,100.8067,1.4984,-0.0068,0.001,202.2274,7.7447,408.7099,0.9653,192.2067,12.46,1.3946,-4678.5,-507.75,1.2917,2.0337,7.3937,68.0444,2.3111,0.1696,83.8879,9.1757,64.3159,66.5922,86.9721,67.17,3.967,363.1091,142.6218,748.8992,1.2133,141.6336,647.3645,197.8404,4.561,4.767,2897.0,0.9266,15.64135,332.7900000000001,11.195750000000004,138.46505,28.095450000000003,32.896,42.99620000000001,720.2259,135.88494999999995,641.9645,80.8901,0.0089,-0.0229,-0.0571,0.0408,-0.078,-0.0227,0.017,7.5489,0.1297,0.99,1829.6212,0.1994,8903.9602,-0.0108,-0.0344,-0.0094,-0.008,0.4805,0.9486,771.871,0.9916,58.9588,0.604,0.978,6.2951,15.83,4.281,15.91,15.92,1.267,0.7424,3.267,-0.3784,0.7463,2.2928,1003.5358,101.0,121.8,54.2,54.3,301.194,0.2973,0.0909,0.0446,0.0543,0.0314,5.9442,4.454,18.551,0.0188,0.47,0.0356,833.0,1938.0,0.101,0.139,0.188,3.2,0.427,0.5922,0.1025,0.4757,0.2374,0.8575,0.531,0.1189,10.36,7.3,60.048,1.5694999999999997,32.160000000000004,18.43,50.50850000000001,150.014,0.0455,0.045,0.0334,0.0539,0.049,0.0781,0.069,0.0944,4.5876,0.0893,0.0015,122.3684,0.0396,1270.2998,0.0108,0.0134,0.0585,0.0214,118.6373,4.0329,0.0223,0.6243,0.0781,2.606,29.3585,39.4515,19.2911,0.1157,1.8732,0.0365,1.3851,0.1544,0.0115,379.0712,245.3316,1830.9022,795.7308,0.0509,0.0602,0.0902,0.9501,0.0391,0.1376,0.2589,0.0368,0.1076,5.4855,0.1886,4.9342,0.0329,2.7442,2.0972,15.9335,0.45265,5.248349999999999,6.425799999999999,15.979750000000005,50.93910000000001,0.0134,0.0221,0.0159,0.0242,0.0119,0.0402,0.0358,0.0444,1.4905,0.0274,0.0005,46.3249,0.0104,422.3617,0.0155,0.0062,39.4799,1.0761,0.0086,0.2022,0.0265,3.9318,0.848,4.6448,4.0737,2.1043,2.4197,17.9632,32.3291,6.0663,57.5101,4.5389,1.9481,3.7721,2.5542,86.9509,381.6839,7.8189,6.8347,2.5427,4.7028,73.5577,66.6448,12.5478,0.7059,1.1172,0.7396,0.2334,4.31,9.5848,2.334,9.7999,7.3146,1.1277,30.3517,2.2418,15.138300000000001,17.537999999999997,222.9631,7.166999999999998,47.129650000000005,172.49815,510.1612,160.4278,94.3132,120.2085,100.0961,304.6358,555.2941,60.7717,2.6214,3.7597,0.1562,6.6882,19.8594,310.275,59.4354,778.3784,12.1854,2.2519,15.3701,0.0843,6.8403,9.9167,3.4056,6.7063,76.024,21.39,1.97,9.5487,0.731,88.0641,5.1924,2.5913,0.588,0.0989,61.233,8.706823136127056,0.15772403628852058,3.545478357354196,0.041139619038263825,3.2619861192216577,21.08391727756868,523.3110000000001,2.3483,15.390000000000002,0.6164999999999999,5.3345,0.18730000000000002,2.8874999999999993,28.50255,0.0128,2.5449,0.0239,0.0149,62.5617
-1.0,3061.24,2243.7778,1.816,102.0978,1.3971,0.03,0.0118,200.8026,12.0802,412.3925,0.9787,190.7405,12.4492,1.4082,-3898.0,-6821.5,1.265,2.0257,7.427,69.9222,1.9667,0.1681,86.4863,8.828,63.9349,66.2347,87.0137,77.17,2.547,352.1136,139.7345,730.4007,1.3576,135.4509,627.2991,156.3219,4.588,4.827,2830.0,0.9334,0.7591,350.5191,10.2992,120.4936,16.2241,19.2409,25.8222,704.5785,141.7873,612.8,102.5403,-0.013,0.0078,-0.0083,0.0081,0.0197,-0.0207,-0.0101,6.5391,0.1418,0.9869,1914.049,0.193,9399.92,0.0405,-0.0214,-0.0215,0.1009,0.45496036330525436,0.9434,810.9578,0.9909,57.9154,0.5939,0.9666,6.3191,15.83,4.281,15.91,15.92,1.267,0.7424,3.267,-0.3784,0.7463,2.2928,1003.5358,136.0,43.7,61.9,74.2,351.526,0.4695,0.0561,0.0568,0.0459,0.0093,7.3197,12.862,16.809,0.0049,0.34,0.0846,1065.0,8164.0,0.134,0.145,0.133,2.3,0.268,0.7217,0.0828,0.6793,0.3869,0.7397,0.519,0.087,6.61,23.24,53.888,0.375,22.85,8.02,39.626,90.515,0.0769,0.0458,0.0463,0.0442,0.0927,0.0887,0.0856,0.0331,2.5587,0.0438,0.0026,107.3938,0.0424,806.9004,0.0209,0.0147,0.05930894152015398,0.0145,55.3395,2.9022,0.0194,0.3878,0.0781,2.606,34.4617,14.7487,19.723,0.1406,1.6857,0.0193,3.465,0.0901,0.0326,445.972,168.1378,294.0521,3667.6536,0.0612,0.0657,0.0628,0.6942,0.0187,0.0769,0.295,0.0313,0.1363,5.9401,0.17,9.5452,0.027,2.2333,6.6997,17.3751,0.1018,2.3183,3.2196,11.6718,25.1384,0.025,0.0218,0.019,0.0206,0.0289,0.043,0.0475,0.0178,0.7874,0.0142,0.0008,33.727,0.0139,258.2371,0.016400703135781028,0.0054,21.9412,0.906,0.0067,0.1315,0.0265,3.9318,0.848,6.0503,1.4275,2.2638,3.3069,23.3895,25.8517,4.0154,106.4719,4.076,0.5011,2.7311,6.0041,18.3684,119.6804,10.5929,7.1578,1.7908,3.2894,35.5932,30.3371,7.8284,0.8345,0.9374,1.0625,0.4354,5.1517,7.9794,4.4344,6.4113,4.88,3.7048,34.4725,7.2076,3.6411,10.5566,140.8399,5.6241,16.5601,88.2726,590.1199,427.0396,534.139,0.0,450.2538,413.5266,326.9136,39.1297,2.3187,1.8046,0.2637,5.6108,21.9403,309.067,56.6802,0.0,13.770853580857187,1.5323,6.824,0.0853,5.0111,6.1363,3.4056,6.7063,80.008,21.03,1.46,8.9078,0.6784,81.5002,5.2496,1.8248,0.3557,0.0675,38.5978,4.98,0.0877,2.0902,0.0382,1.8844,15.4662,532.9491,2.2987,10.41,0.2227,3.8819,0.0705,1.9533,9.6884,0.0124,2.4773,0.0313,0.0292,93.1579
-1.0,3054.84,2185.8111,1.3714,102.6422,1.4049,0.0389,-0.0147,202.3304,11.5524,426.3345,0.9576,192.7451,12.46,1.4079,-2851.25,1519.5,0.9763,1.9058,5.1392,68.5444,2.8444,0.1886,85.4451,8.5788,63.9261,66.2147,86.8039,76.55,3.473,363.6073,129.7827,734.9502,1.3223,144.4136,637.8036,202.4699,4.633,4.886,2866.0,0.9227,15.64135,361.5018,10.8296,105.4618,23.1445,24.3209,31.4614,703.4888,147.6955,614.6591,42.5795,0.0264,0.0187,-0.0777,-0.022,-0.0951,-0.0186,-0.0087,7.6475,0.1324,0.975,1811.1446,0.214,9135.0302,0.0675,-0.0605,-0.0221,0.0572,0.4676,0.9245,786.8812,0.9916,58.7322,0.609,0.9784,6.3485,15.82,4.501,15.84,15.82,1.366,0.7445,3.173,-0.0473,0.6785,2.303,1002.6611,79.0,174.0,137.9,52.2002,126.846,0.1021,0.1292,0.0367,0.0462,0.0299,9.0228,7.932,13.251,0.0226,0.61,0.0515,522.0,142.0,0.124,0.078,0.131,4.0,0.153,0.8274,0.1079,0.6305,0.3533,0.6734,0.557,0.2099,7.31,20.2,107.891,0.138,16.4,5.26,31.7209,25.5,0.0572,0.0703,0.0704,0.1135,0.0542,0.1129,0.0679,0.0528,2.4998,0.064,0.013699999999999999,85.0941,0.1186,942.0,0.0123,0.0134,0.0455,0.052199999999999996,78.2402,4.0213,0.0143,0.3904,0.0683,4.2477,22.2733,57.5661,50.3361,0.0394,1.3579,0.0393,3.1388,0.1748,0.0174,217.1658,271.2961,1910.504,63.2324,0.0534,0.0378,0.0537,1.2269,0.0261,0.0464,0.3166,0.0436,0.0989,6.4183,0.1744,10.8329,0.0611,2.1998,6.7551,36.1648,0.0481,1.5955,1.8914,9.9417,8.9574,0.0145,0.0324,0.0356,0.0467,0.0161,0.0581,0.0317,0.0258,0.7632,0.0205,0.0046,26.2967,0.034,288.4927,0.0084,0.018000000000000002,25.1842,1.085,0.005,0.1275,0.0219,4.8954,1.3798,3.5619,5.6959,5.5415,2.3881,12.7433,7.4461,9.1962,68.6613,3.1081,2.3585,4.8957,3.6586,156.8084,9.3452,12.7017,4.0929,2.549,5.8356,31.6406,43.4885,3.3038,0.9683,1.258,0.9863,0.1985,5.4812,7.6204,4.9527,15.8769,5.0618,3.1671,53.2874,5.8683,1.2743,6.884,70.8592,4.5091,24.5359,59.888,216.9234,301.3934,146.0746,245.8747,118.7171,365.5451,608.6455,32.6882,2.1905,2.7778,1.3944999999999999,4.6984,55.4366,0.0,40.4938,480.0,9.7416,5.5677,9.9431,0.0598,6.8468,6.1495,2.9646,11.1525,77.198,14.29,1.39,6.9752,0.5968,78.5122,3.5086,1.8006,0.1339,0.0362,13.6884,2.26,0.0481,0.8269,0.0198,0.8551,7.65,532.9782,2.136,6.5,0.3882,2.2132,0.1304,1.2196,18.1731,0.0124,2.4611,0.0177,0.0184,104.4612
-1.0,3010.71,2243.7778,1.816,102.0978,1.4547,0.0285,-0.0017,201.4128,8.0322,421.6007,0.9681,191.5418,12.4469,1.414,-4659.25,1589.25,0.967,1.9095,5.1395,67.5222,2.8556,0.2129,85.4451,8.5788,63.9261,66.2147,86.8039,76.55,3.473,364.0636,140.6955,745.2515,0.9054,137.4918,642.2509,63.3966,4.561,4.767,2897.0,0.9266,15.64135,364.17,10.287,116.9373,13.9691,23.7582,30.5545,714.6969,147.1745,628.2818,88.1966,0.0015,-0.0309,-0.0488,0.0369,-0.0826,-0.0222,0.0758,7.9322,0.1299,0.9681,1759.6049,0.1881,8977.1799,0.1322,-0.0419,-0.0518,0.0296,0.466,0.9434,762.7615,0.991,58.2266,0.5915,0.9656,6.4564,15.8,4.631,15.86,15.85,1.149,0.7585,3.182,0.4258,0.6909,2.298,1003.6322,200.0,89.5,112.3,74.2,351.526,0.4695,0.0691,0.066,0.0568,0.0265,9.5231,5.692,18.564,0.0163,0.49,0.1134,379.0,185.0,0.09,0.064,0.199,2.6,0.135,0.8274,0.1079,0.6305,0.3533,0.6734,0.833,0.1568,8.95,10.0,18.459,0.89,18.2,9.15,19.935,100.628,0.114,0.0496,0.0307,0.1208,0.0772,0.087,0.0994,0.1277,3.2037,0.0359,0.013699999999999999,136.2438,0.0482,1732.8003,0.0237,0.0221,0.0429,0.0199,192.673,2.7778,0.0314,0.5808,0.0683,5.515,39.3671,31.3864,38.4023,0.1406,1.6857,0.0211,1.7404,0.1635,0.0431,154.9244,213.6391,1347.3553,78.5637,0.0407,0.0292,0.084,0.8671,0.0182,0.0461,0.3166,0.0436,0.0989,5.2618,0.2415,5.0657,0.0461,2.4289,3.4298,6.6582,0.2646,2.6557,3.165,6.1257,35.0196,0.0293,0.0211,0.0138,0.0563,0.0231,0.0501,0.0531,0.0663,1.2351,0.0118,0.0046,45.1966,0.0144,569.1669,0.0073,0.0068,58.2698,0.7829,0.0098,0.186,0.0203,4.5598,1.6097,9.053150000000002,2.9727,4.4687,3.3069,23.3895,25.8517,4.7502,70.8649,4.4032,1.687,3.9367,8.022,70.8054,11.6407,9.3071,3.3517,3.872,3.8506,24.5136,26.3048,2.9038,0.9683,1.258,0.9863,0.1985,4.0515,9.5241,2.5693,17.3212,6.5095,1.557,29.1167,2.2418,8.6517,6.0802,130.2879,2.7893,23.2068,114.0951,0.0,96.124,247.4142,209.1078,105.3907,448.2525,168.4141,40.3885,1.5391,1.5014,1.3944999999999999,7.7429,25.6443,918.4416,43.739,782.2222,9.2047,2.1147,25.2599,0.0646,4.7706,8.9958,2.974,14.1115,80.062,13.46,1.12,6.1877,0.5344,145.3911,3.3049,1.3989,0.588,0.0989,61.233,5.68,0.189,2.5871,0.0744,2.1189,24.523,532.01,2.3061,7.51,0.3486,2.5478,0.1208,1.4116,15.1177,0.0158,3.1364,0.0177,0.0184,104.4612
-1.0,2935.73,2201.5777,0.7679,99.9956,1.4732,-0.0009,0.0068,202.0686,12.8571,428.9675,0.9601,192.5153,12.4786,1.4105,-4457.75,833.75,1.2835,2.0107,7.4065,63.4111,3.0111,0.2596,85.5455,9.2655,63.8677,65.769,86.4804,63.93999999999998,3.923,356.5364,134.4418,726.7303,1.0414,131.9418,622.92,55.2807,4.655,4.915,2819.0,0.9337,10.3745,353.2118,10.7329,104.8164,12.569,29.6255,32.237,694.4933,153.7373,611.7655,130.5075,0.0007,0.0095,-0.0684,0.0006,-0.0887,-0.0092,-0.0324,7.13,0.1253,0.9674,1856.2581,0.156,8858.4201,0.0818,-0.0028,-0.0427,-0.0108,0.4787,0.9506,774.8513,0.9867000000000001,58.3608,0.595,0.9745,6.1945,15.82,4.501,15.84,15.82,1.366,0.7445,3.173,-0.0473,0.6785,2.303,1002.6611,93.0,158.3,176.0,53.8999,292.371,0.0645,0.0842,0.0548,0.0599,0.0289,9.1355,7.41,12.521,0.0211,0.6,0.0436,882.0,399.0,0.087,0.081,0.121,1.0,0.365,0.6627,0.1444,0.6033,0.3108,0.8366,1.276,0.2083,7.24,22.22,17.072,0.382,17.7,7.7,38.118,91.803,0.0519,0.0394,0.0716,0.0319,0.0355,0.0883,0.0696,0.0663,3.7659,0.089,0.0099,98.1949,0.0261,1169.1992,0.0112,0.0155,0.120188138292432,0.0144,109.4445,4.7457,0.0455,0.3442,0.0683,4.2477,23.0517,63.8558,61.571,0.0217,2.4246,0.0259,2.5465,0.1746,0.0127,394.0546,79.3011,1993.3239,176.6435,0.0416,0.0353,0.0522,0.31,0.0503,0.1179,0.2484,0.0539,0.1416,6.1148,0.3493,9.672,0.0601,2.5624,6.789,4.8349,0.1051,2.2509,2.3524,11.1067,25.5859,0.0135,0.0184,0.0344,0.0134,0.0103,0.0427,0.0364,0.0326,1.2669,0.0274,0.0035,31.0844,0.0085,412.3191,0.02801905827358544,0.0046,41.3576,1.4692,0.0158,0.1174,0.0219,4.8954,1.3798,4.2149,5.3922,6.8383,2.4482,29.9413,8.4061,5.7153,57.6336,2.9189,2.1957,4.8082,3.0918,92.0644,47.8561,6.7783,4.0283,1.6337,1.577,33.2103,52.7825,10.6448,0.7747,1.5584,0.9446,0.1371,6.0274,4.7827,4.4019,20.0034,5.4873,3.5671,30.8824,7.2156,3.5591,10.9907,140.8225,5.4886,5.3981,70.3431,0.0,48.672,46.6204,0.0,99.549,758.5831,204.3143,52.8178,2.3552,3.8261,1.0284,5.2899,16.7078,0.0,35.378,0.0,26.600115265074077,1.5186,14.1246,0.25379999999999997,8.1316,5.5573,2.9646,11.1525,74.042,16.96,0.57,7.6146,0.2163,77.9696,4.1392,0.7698,0.3004,0.0557,32.2583,6.55082904739868,0.1468754457977118,2.7556944655632103,0.05815697157105998,2.498965914214837,20.350652168342474,533.99,1.7577,6.96,0.1517,2.2284,0.0517,1.3034,8.6327,0.026000000000000006,5.21645,0.0121,0.0169,139.833
-1.0,3018.6,2243.7778,1.816,102.0978,1.4763,-0.0043,0.0067,200.4579,13.2563,424.6843,0.9721,190.8189,12.4496,1.4092,-3256.0,-5007.3333,1.2933,1.9845,7.2212,68.4111,1.8444,0.1359,88.2693,8.9416,65.0056,66.595,86.9601,63.93999999999998,5.041,350.3391,129.5455,717.9285,1.3678,141.8636,621.7482,199.6623,4.595,4.847,2823.0,0.9368,2.5045,350.6355,10.3602,112.05,12.1437,17.4955,23.7322,694.1964,146.9191,609.6045,90.7975,-0.0017,-0.0132,-0.0895,0.0079,-0.0682,-0.0192,-0.0316,8.2067,0.1283,0.9674,1893.0435,0.1575,9038.9201,-0.0305,0.0288,-0.0242,-0.0109,0.4678,0.9477,786.4948,0.9912,58.5373,0.6028,0.9668,6.3647,15.82,4.501,15.84,15.82,1.366,0.7445,3.173,-0.0473,0.6785,2.303,1002.6611,87.0,95.3,94.3,74.2,351.526,0.4695,0.1185,0.0722,0.0713,0.0101,9.0378,6.774,13.292,0.0073,0.26,0.0449,2060.5,5946.0,0.082,0.14,0.137,2.6,0.587,0.6556,0.0736,0.4272,0.1287,0.8217,0.448,0.1293,12.34,13.62,51.96,0.241,20.15,4.13,28.942,105.351,0.0915,0.0583,0.031,0.0864,0.0833,0.0857,0.0764,0.0325,3.8399,0.0991,0.0071,95.9432,0.0271,1128.6992,0.0159,0.0155,0.0563,0.0226,110.3241,3.1628,0.0194,0.5401,0.0683,4.2477,25.239,30.4936,31.7095,0.1406,1.6857,0.0435,2.215,0.0708,0.014,912.5788,222.6318,974.244,2978.1763,0.0393,0.0588,0.0564,0.8131,0.0247,0.2243,0.276,0.0289,0.1424,5.9336,0.1543,8.8665,0.0361,3.1965,4.0249,13.2656,0.0815,1.053,1.3249,8.9844,32.5218,0.0257,0.0267,0.0143,0.038,0.0263,0.0436,0.0395,0.0149,1.2162,0.03,0.0023,32.8103,0.0097,346.2212,0.009,0.0066,31.5386,0.8706,0.0072,0.1755,0.0219,4.8954,1.3798,3.8991,3.1571,3.9711,3.3069,23.3895,25.8517,8.0268,51.1003,3.1299,0.7516,2.0884,3.187,66.6462,118.7458,6.3406,7.0547,1.8972,3.8006,75.9036,55.1922,17.3173,0.7121,0.8235,0.5459,0.2369,5.3634,6.7467,3.9763,9.4557,8.6985,2.1906,26.0239,6.372,2.3262,8.2999,165.9303,4.1691,31.0719,116.0285,0.0,72.3774,96.5094,0.0,125.7059,397.9167,102.9295,46.7897,1.8706,4.1589,0.7308,5.0682,17.2159,0.0,71.3224,748.3871,12.0279,2.3876,14.0273,0.0804,5.403,8.4866,2.9646,11.1525,76.758,16.97,2.17,8.1118,0.88615,117.2513,4.1745,2.9958,0.588,0.0989,61.233,6.212888872377374,0.14674486979092813,2.3665351007910527,0.0551961227883799,2.400383279882612,22.9445797649102,532.0454,2.1206,9.81,0.2603,3.3548,0.0821,1.8438,12.2762,0.0154,3.0776,0.0121,0.0169,139.833
-1.0,2969.01,2194.6444,1.3259,101.9767,1.4389,0.0172,0.0286,198.8736,9.4397,430.1498,0.9768,189.282,12.4496,1.4085,-4206.25,144.25,1.2835,1.9952,7.323,68.1444,2.4111,0.2031,84.533,8.872,64.1215,66.178,87.0389,77.67,3.141,347.6155,131.4618,717.4818,1.3809,144.21,623.2873,158.1053,4.537,4.778,2859.0,0.9309,15.64135,346.0564,10.493,115.1727,12.2864,16.2891,22.928,694.5538,149.7718,611.0009,108.0841,-0.0393,-0.0103,-0.0665,-0.0117,-0.0741,-0.0248,-0.0658,7.2277,0.1288,0.9906,1864.3441,0.2076,8591.4699,-0.013,-0.0056,0.022,-0.026,0.4637,0.9435,735.2971,0.9908,59.4335,0.6043,0.9665,6.3295,15.82,4.21,15.87,15.85,1.569,0.7024,3.105,-0.0946,0.6955,2.3167,1014.2967,120.0,104.6,77.9,47.1001,135.99,0.1384,0.1012,0.11930000000000002,0.10045,0.0085,9.7196,4.273,21.696,0.0067,0.26,0.0341,712.0,1378.0,0.145,0.09,0.159,2.1,0.517,0.636,0.0783,0.5035,0.2196,0.7917,0.498,0.1483,9.45,15.24,57.795,0.229,17.75,6.21,32.5941,88.681,0.0738,0.0183,0.0365,0.0414,0.0469,0.0656,0.0853,0.1293,4.8081,0.076,0.001,117.9059,0.0956,1145.5996,0.0106,0.0149,0.0381,0.0316,104.1347,2.246,0.0235,0.3748,0.0774,2.166,30.3109,36.6637,26.4673,0.0409,1.7054,0.0365,1.2933,0.0708,0.0122,325.4346,51.7647,1226.888,615.7859,0.0695,0.0425,0.0737,0.6839,0.0206,0.1672,0.2548,0.0331,0.1242,5.4707,0.1532,9.4802,0.0432,2.6176,4.5586,16.7461,0.0823,1.7197,2.0723,9.9936,22.6686,0.0214,0.0083,0.0166,0.0196,0.0121,0.0291,0.0454,0.0583,1.5846,0.0249,0.0004,45.6904,0.0326,407.5229,0.007,0.0109,38.7281,0.6816,0.0063,0.1248,0.0248,4.5167,0.8411,5.4916,3.5231,3.0695,2.1461,13.6066,10.4371,7.0329,45.2661,5.0438,0.6843,2.0884,2.4245,59.4829,878.8110999999999,11.2972,4.5107,2.1712,3.0817,37.3272,30.5252,15.2883,0.7524,0.8831,0.7852,0.3695,5.4025,6.6331,4.4391,10.738,6.5529,2.4451,36.5548,6.1236,2.1824,7.7102,144.469,4.6928,11.4557,82.0481,187.9656,35.2431,62.2556,401.9282,88.4992,343.6052,196.4299,66.5236,2.8719,3.1653,0.1009,6.3243,46.0432,448.9642,56.9395,0.0,8.2241,3.3488,14.1623,0.1179,3.779,5.9222,3.3431,6.1986,77.7579091601952,17.29070828355111,1.2893319336951086,7.709204115473907,0.5429255204109564,55.70885596862211,4.30331251983582,1.6420696304563676,0.9412,0.1514,95.8686,11.37,0.2791,4.0807,0.1039,4.5967,38.05341532073962,535.5327,1.7027,7.83,0.1777,2.7747,0.0575,1.4621,10.4357,0.0105,2.1164,0.0121,0.0169,139.833
-1.0,2984.32,2214.7111,1.5899,103.9367,1.425,-0.0063,0.0076,201.1445,8.7953,418.8892,0.958,191.6549,12.4759,1.3826,-2256.0,1331.25,0.9652,1.9085,5.1777,69.4222,2.2111,0.1672,85.0841,8.6406,63.7959,66.0053,86.6776,77.83,2.543,359.7164,127.4318,726.7197,1.4401,146.7545,633.9027,178.9705,4.642,4.9,2801.0,0.9217,5.78,357.5282,10.4665,113.2118,14.6127,14.22,21.9792,704.7405,148.55,619.29,92.0797,-0.0277,-0.006,-0.0518,0.048,-0.0901,-0.0069,-0.0183,7.1666,0.1332,0.9852,1901.2027,0.2063,8771.5,0.0456,-0.0335,-0.0605,-0.0499,0.4507,0.95,746.2861,0.9902,57.3972,0.6032,0.9763,6.4264,15.82,4.461,15.9,15.9,1.154,0.7335,3.223,0.0,0.6383,2.3194,1005.3694,117.0,85.6,91.2,87.1003,280.9139,0.3822,0.0889,0.0438,0.063,0.0278,6.5534,4.364,11.53,0.0206,0.63,0.0976,178.0,20.0,0.099,0.065,0.047,3.6,0.146,0.7007,0.1539,0.6574,0.341,0.5904,0.317,0.1685,4.11,20.1,28.138,0.38,24.79,3.16,31.469,100.851,0.1037,0.0513,0.0318,0.0494,0.0781,0.1032,0.0852,0.027,2.3429,0.0317,0.003,74.317,0.1219,628.1992,0.0196,0.0207,0.120188138292432,0.0248,72.0214,2.6251,0.0293,0.444,0.0638,5.6151,28.3307,30.0155,31.2953,0.1529,1.4813,0.0275,1.1124,0.1847,0.0298,80.8512,266.5364,3842.4977,8.4212,0.0406,0.0287,0.0196,1.1032,0.0477,0.0474,0.2743,0.0593,0.1222,5.3361,0.1003,9.5494,0.0513,1.2673,6.462,7.5784,0.1116,1.1073,2.0687,10.0074,30.2938,0.034,0.0234,0.0146,0.0227,0.0241,0.0505,0.0468,0.0118,0.744,0.0111,0.001,26.642,0.0358,174.6103,0.02801905827358544,0.0075,20.7048,0.8903,0.0092,0.1449,0.0212,5.054,1.5939,5.4255,2.8683,3.5909,3.906427332733898,18.8043,24.0366,6.2385,49.6176,2.7525,2.1467,5.0497,7.0621,298.58439999999996,1.5023,10.2564,3.4058,0.9077,5.1857,45.2261,83.7209,3.1256,0.8235,1.7812,1.0305,0.6795,4.4424,5.5638,4.3665,11.7001,2.8006,3.1708,15.7221,5.3351,3.6306,7.0134,169.6468,4.4653,20.2733,109.5257,374.7064,156.5217,95.3668,162.6448,114.5076,0.0,147.7428,32.6924,2.1014,1.3214,0.3092,3.9089,59.0706,0.0,39.3296,911.1111,26.600115265074077,2.6122,9.6506,0.0665,4.5736,6.9091,2.7514,13.4081,79.11533073027428,16.88650226507473,1.2651982666866335,7.908447592055562,0.5209173560484119,58.258987833887055,4.161670869328304,1.6034019636419126,0.1423,0.0387,14.7029,6.4742046433441205,0.1279860267239342,2.521836728609915,0.04991814889789886,2.4555863646750113,19.60478961947296,531.0309,2.4452,9.62,0.3258,3.3909,0.1116,1.8116,13.3242,0.0245,4.8849,0.0121,0.0169,139.833
-1.0,3017.94,2194.6444,1.3259,101.9767,1.4246,-0.0184,0.007,203.3156,8.331,418.7187,0.9595,193.876,12.4753,1.4078,-3922.5,249.0,1.3055,2.0165,7.2668,63.9111,3.1111,0.2542,86.3416,9.219,64.0969,65.8265,86.336,77.9,2.163,350.7264,128.5345,713.722,1.074,138.2682,617.5291,53.2281,4.563,4.791,2830.0,0.9364,-0.18,347.2545,10.687,108.3545,14.9736,20.18,25.6726,688.0494,146.9464,602.5555,89.8725,-0.0149,-0.008,-0.0536,-0.0376,-0.0921,-0.0097,0.0225,7.3996,0.1302,0.9856,1772.3676,0.1982,9142.6801,0.0014,0.149,-0.0188,-0.0155,0.4553,0.9456,625.935,0.9905,59.2185,0.6101,0.976,6.2622,15.82,4.461,15.9,15.9,1.154,0.7335,3.223,0.0,0.6383,2.3194,1005.3694,159.0,143.9,136.9,47.1001,135.99,0.1384,0.0733,0.0931,0.0673,0.0277,6.8914,4.261,15.382,0.0197,0.64,0.0517,572.0,702.0,0.156,0.122,0.286,1.8,0.417,0.7865,0.1347,0.5479,0.3375,0.7062,0.945,0.1844,9.06,21.04,25.384,0.386,18.73,4.73,28.681,65.094,0.1165,0.0893,0.0514,0.0419,0.16685000000000003,0.1303,0.0588,0.09,1.7311,0.0894,0.0054,175.1882,0.0914,797.2998,0.0217,0.0248,0.0246,0.0273,68.085,3.4839,0.0301,0.5569,0.0638,5.6151,28.6566,54.0398,49.0293,0.0409,1.7054,0.0248,1.3358,0.1819,0.0165,259.5899,185.9391,699.8278,290.1448,0.0692,0.0546,0.1222,0.6314,0.0276,0.1285,0.2922,0.049,0.0687,7.9306,0.3684,9.3081,0.0536,2.6908,6.8662,7.6004,0.1187,1.5726,1.7899,8.6701,20.2259,0.0332,0.042,0.0235,0.0231,0.0485,0.0646,0.0281,0.0464,0.6045,0.0278,0.0017,52.0009,0.0274,267.3667,0.0057,0.0074,19.2859,0.9435,0.0102,0.1822,0.0212,5.054,1.5939,7.1384,4.7682,5.2072,2.1461,13.6066,10.4371,5.1454,51.1463,3.6736,2.0481,5.1301,3.6752,34.5188,281.9277,11.9494,6.0501,3.9357,2.8164,16.0714,40.5157,12.2347,0.9109,1.4607,0.8548,0.1908,7.0539,6.613,4.2231,17.1698,6.5525,3.4071,47.6891,6.7564,3.6119,6.894,125.0863,4.1685,10.1554,72.4292,779.9163,618.59025,78.1716,0.0,141.4767,609.3264,399.4083,23.394,2.8425,3.8062,0.5461,9.8844,46.1251,0.0,48.3112,213.3333,5.4034,2.8894,10.8773,0.0716,5.8831,8.8926,2.7514,13.4081,73.754,11.81,0.4,4.9058,0.1679,37.577,2.9788,0.5423,0.2005,0.0456,20.9776,6.32640692636716,0.14347998785288105,2.6538821843476814,0.061354393616215475,2.411863791433185,20.358974712114573,534.1218,1.9309,5.8,0.2288,2.0103,0.0686,1.0859,11.8492,0.02,3.971,0.0292,0.0197,67.4053
-1.0,2988.66,2194.6444,1.3259,101.9767,1.4459,-0.0408,0.0113,202.0238,8.3038,410.2354,0.9687,191.4424,12.4869,1.3843,-5014.5,1575.75,0.9703,1.9065,5.1818,63.3444,3.3111,0.2388,85.9034,9.2171,64.0491,65.9275,86.2908,63.93999999999998,5.041,361.4082,150.9745,758.3345,1.1146,136.2727,648.6555,208.7717,4.601,4.828,2902.0,0.9257,-8.6082,362.2109,10.2288,122.3664,22.8155,28.6082,38.5841,719.7504,141.2627,625.84,102.9166,-0.0242,-0.0201,-0.071,0.0086,-0.1008,-0.0192,-0.0562,7.2002,0.1268,0.9854,1833.0548,0.2357,9084.18,-0.0207,-0.0502,0.0099,0.0047,0.4698,0.9529,752.0224,0.9904,59.8073,0.5973,0.978,6.294,15.82,4.21,15.87,15.85,1.569,0.7024,3.105,-0.0946,0.6955,2.3167,1014.2967,81.0,65.2,122.8,47.1001,135.99,0.1384,0.1302,0.11930000000000002,0.10045,0.0255,7.6396,4.121,5.664,0.0159,0.61,0.0613,326.0,102.0,0.08,0.048,0.065,3.1,0.15,0.795,0.1095,0.4956,0.3436,0.8384,0.639,0.1608,6.82,9.02,44.949,0.783,17.37,7.07,20.516,49.148,0.0931,0.10470000000000002,0.0352,0.0522,0.0904,0.1361,0.0651,0.0403,3.6946,0.0729,0.0019,125.2896,0.1254,840.4004,0.0128,0.0165,0.049,0.0103,78.4616,3.5082,0.0314,0.3517,0.0774,2.166,21.1516,22.3909,39.1042,0.0409,1.7054,0.0427,1.3665,0.18,0.0215,137.2467,226.7809,4109.2524,43.9801,0.0357,0.0219,0.032,0.9248,0.0205,0.0463,0.2921,0.0399,0.1186,5.2263,0.2,5.0149,0.0502,2.2453,2.4386,13.5625,0.2788,2.2355,2.8893,6.6449,15.3408,0.0269,0.0455,0.0166,0.0239,0.0235,0.0699,0.034,0.0176,1.3148,0.0232,0.0007,39.7426,0.0374,298.8964,0.0098,0.0037,28.7521,1.2282,0.0087,0.1286,0.0248,4.5167,0.8411,3.6765,2.1816,4.8471,2.1461,13.6066,10.4371,9.005,49.6278,1.3807,1.6454,4.8851,4.4311,200.339,6.4731,8.2453,2.5177,1.2544,4.8939,24.1611,32.6664,3.2073,0.9255,1.1879,0.7738,0.1406,4.3358,6.3984,2.2531,14.4225,5.0047,1.3906,21.5302,2.0939,7.6548,5.5653,76.1325,2.8504,13.5788,47.7552,384.5121,154.1026,73.5211,0.0,135.0198,338.1818,71.7401,51.3126,1.7352,3.1297,0.196,6.835,63.31987047269746,0.0,41.3959,637.037,10.422,1.0836,10.4334,0.1433,5.8658,5.5885,3.3431,6.1986,72.696,11.76,1.35,5.494,0.5358,112.4121,2.8431,1.857,0.0926,0.0236,9.4814,6.580821491719861,0.13385051967406933,2.76122541264904,0.05510620465030777,2.5058998750550057,18.913522283475395,527.8727,2.2436,7.56,0.3092,2.698,0.0861,1.4322,13.7811,0.0179,3.5955,0.0292,0.0197,67.4053
-1.0,3002.46,2214.7111,1.5899,103.9367,1.4282,0.0005,-0.0113,199.7415,10.5132,426.5692,0.9702,189.447,12.4496,1.4129,-3281.25,336.0,1.2885,1.993,7.2575,65.2556,2.7778,0.2029,86.106,8.7879,63.9266,65.9625,86.7106,76.05,2.287,348.5909,129.0645,715.0969,1.3672,144.3364,621.9918,139.1972,4.567,4.804,2833.0,0.9354,15.64135,346.9236,10.536,111.7818,13.2909,17.2827,22.3699,692.727,149.9955,608.7009,45.8924,-0.0288,0.0047,-0.0552,-0.0017,-0.1302,-0.0125,0.0464,7.0491,0.1341,0.9835,1852.4962,0.1559,8177.06,-0.0418,0.0065,0.0137,0.0196,0.4756,0.9312,708.643,0.9904,58.1878,0.6062,0.9722,6.1594,15.82,4.461,15.9,15.9,1.154,0.7335,3.223,0.0,0.6383,2.3194,1005.3694,75.0,152.1,135.8,87.1003,280.9139,0.3822,0.0801,0.11930000000000002,0.10045,0.0258,9.7763,7.036,13.151,0.0092,0.26,0.0498,635.0,591.0,0.222,0.117,0.216,2.7,0.369,0.7367,0.1184,0.4407,0.2412,0.9064,0.483,0.1568,9.1,16.11,79.166,0.273,17.65,4.14,32.29,17.969,0.0715,0.0442,0.0618,0.0598,0.0388,0.0577,0.0811,0.0727,4.2116,0.089,0.0037,122.3145,0.0233,757.0996,0.0098,0.0117,0.0412,0.0472,59.9656,2.8157,0.0311,0.4095,0.0638,5.6151,19.0317,58.4162,48.7932,0.1529,1.4813,0.0243,2.6872,0.0708,0.0142,291.3147,188.1531,1421.3108,279.6271,0.1044,0.0541,0.091,0.9043,0.0343,0.1224,0.2818,0.0464,0.1352,6.2124,0.1575,9.0653,0.0481,2.6272,4.7892,26.7532,0.0857,1.3982,1.2552,9.5271,6.0918,0.0219,0.0196,0.03,0.0329,0.01,0.0245,0.0439,0.0383,1.3729,0.0274,0.0012,41.343,0.0085,255.2515,0.0087,0.018000000000000002,22.8292,0.9235,0.0098,0.1458,0.0212,5.054,1.5939,3.3971,5.0658,5.0424,3.906427332733898,18.8043,24.0366,5.6084,66.9255,3.083,0.948,2.0884,3.5219,94.9333,175.8929,17.2293,5.8705,2.9762,4.1376,25.2,56.6813,10.6833,0.8556,1.3475,0.6894,0.3322,5.9382,5.5089,4.3344,11.468,6.3047,2.5901,56.8733,6.701,2.5911,6.8168,132.7978,4.6613,12.1741,39.1547,248.4796,76.6696,108.3824,0.0,44.3249,648.8,156.7655,59.7474,0.8947,3.8261,0.38,6.6027,14.964,483.7209,23.8651,0.0,8.6687,5.0725,8.462,0.0643,4.8389,6.6476,2.7514,13.4081,82.594,23.96,0.7,10.8987,0.2765,104.7803,5.8886,0.8475,0.2058,0.038,22.7192,6.08,0.2954,2.2347,0.12,2.4274,38.05341532073962,533.3264,1.6541,8.88,0.2485,2.9245,0.0752,1.665,15.0265,0.026000000000000006,5.21645,0.0064,0.0188,255.5817
-1.0,2962.65,2214.7111,1.5899,103.9367,1.4738,-0.0213,0.0022,202.8253,7.8059,400.5496,0.9674,192.259,12.4469,1.3924,-3646.75,-438.75,1.3025,2.0245,7.4265,69.6889,2.5111,0.2088,84.533,8.872,64.1215,66.178,87.0389,77.67,3.141,350.7927,127.4964,715.6175,1.4166,144.0036,622.2927,217.6264,4.594,4.83,2828.0,0.9354,15.64135,348.3845,10.5762,107.52,13.4436,19.9764,27.0205,688.597,152.9445,608.8491,77.8574,-0.0119,-0.0108,-0.0428,0.0181,-0.116,-0.0294,0.041,7.5445,0.1418,0.9862,1773.857,0.2037,8844.3301,-0.0098,0.0307,-0.0171,-0.0004,0.4626,0.9696,742.3699,0.9867000000000001,58.5214,0.5957,0.9772,6.294,15.82,4.21,15.87,15.85,1.569,0.7024,3.105,-0.0946,0.6955,2.3167,1014.2967,119.0,62.4,93.2,87.1003,280.9139,0.3822,0.124,0.11930000000000002,0.10045,0.0299,6.484,3.645,16.023,0.0174,0.49,0.0529,439.0,1168.0,0.165,0.098,0.087,3.1,0.365,0.636,0.0783,0.5035,0.2196,0.7917,0.397,0.0988,8.23,11.73,47.71,0.186,20.6,3.46,29.185,85.516,0.0734,0.0738,0.0318,0.0795,0.0627,0.0781,0.0887,0.1407,3.2002,0.0338,0.002,122.2122,0.0327,1437.5,0.0072,0.0113,0.0364,0.0188,149.293,5.422,0.0413,0.5312,0.0774,2.166,31.0204,17.1745,28.0488,0.1529,1.4813,0.04,1.0502,0.1635,0.021,195.3237,143.7298,165.0341,564.7946,0.0726,0.0404,0.0381,0.8007,0.0438,0.101,0.2548,0.0331,0.1242,4.7587,0.1095,8.7029,0.0349,2.3458,3.1649,14.9369,0.0616,1.0201,1.6474,9.3366,24.1614,0.0223,0.0359,0.0144,0.038,0.0162,0.0337,0.0474,0.0757,1.3022,0.0113,0.0006,35.5875,0.0109,373.2817,0.0056,0.0057,39.4421,1.7421,0.0116,0.1737,0.0248,4.5167,0.8411,5.433,2.1062,3.6763,3.906427332733898,18.8043,24.0366,8.4138,46.6954,4.0002,1.7945,3.9367,3.8006,9.7621,266.2108,12.6679,4.8407,1.1715,4.4483,59.7345,64.1831,10.7279,0.7524,0.8831,0.7852,0.3695,4.5668,6.808,3.9661,6.9735,5.7151,1.885,21.9229,6.4645,1.7587,7.0406,153.2327,4.2383,16.4223,109.8367,617.7801,162.0198,185.8562,346.5285,67.3421,302.2147,343.1707,42.4183,2.3187,1.4054,0.2067,6.8896,16.0774,860.9524,51.2418,969.697,7.8593,1.9352,20.1103,0.25379999999999997,9.265,8.4404,3.3431,6.1986,79.75,21.72,0.78,10.2191,0.3679,23.6135,5.3767,0.9781,0.2782,0.0504,29.7801,4.76,0.1175,1.8397,0.0492,1.772,14.8211,532.9573,2.2141,7.91,0.2073,2.7512,0.0616,1.4842,9.3645,0.0073,1.4604,0.0064,0.0188,255.5817
-1.0,3021.41,2218.5778,0.8396,98.1311,1.504,-0.0376,-0.0025,202.4774,8.1235,415.0363,0.9786,192.3787,12.5071,1.4087,-3962.75,-323.5,1.2525,2.0128,7.3733,66.2556,2.5778,0.2157,84.3232,8.5218,64.2803,66.1861,87.0459,78.42,3.645,352.8082,132.6218,723.0861,1.3301,138.62,624.05,215.4604,4.594,4.83,2828.0,0.9354,15.64135,350.1691,10.4305,110.6,16.3736,22.0218,29.185,693.9011,146.9073,607.6764,87.4842,-0.0064,-0.0123,-0.0556,0.0152,-0.13235000000000002,-0.0272,-0.0442,7.7205,0.1389,0.9869,1769.1164,0.1899,8684.6301,-0.0002,-0.0019,-0.0424,-0.0165,0.4621,0.9226,743.0542,0.9867000000000001,55.696299999999994,0.5923,0.9783,6.0539,15.85,4.422,15.88,15.84,1.177,0.7184,3.1,0.5204,0.689,2.3078,1015.3522,80.0,79.1,137.2,76.2002,506.028,0.2631,0.0891,0.11930000000000002,0.10045,0.0124,6.8171,4.646,9.144,0.0065,0.4,0.033,899.0,1833.0,0.203,0.094,0.162,2.9,0.392,0.8705,0.1031,0.5282,0.3729,0.8096,0.284,0.1592,2.07,20.91,60.035,0.31,22.02,2.81,32.175,112.619,0.0726,0.10470000000000002,0.025,0.0828,0.0493,0.0779,0.0724,0.0706,3.522,0.0396,0.0021,154.9271,0.0314,802.5,0.0087,0.012,0.0328,0.0296,73.6449,3.1678,0.0292,0.3831,0.0768,4.1002,20.7374,29.2983,44.1051,0.0814,2.7713,0.0325,1.5109,0.1109,0.0095,376.2325,224.6069,699.8478,820.8209,0.092,0.0441,0.0713,0.8932,0.0483,0.1547,0.3146,0.0448,0.1021,5.0783,0.1052,9.8143,0.0431,0.6148,6.0571,18.9725,0.0894,0.8894,1.6209,9.9541,35.2556,0.0183,0.0455,0.0118,0.0376,0.0162,0.033,0.0392,0.0315,1.1104,0.013,0.0006,47.7519,0.0107,231.7011,0.0058,0.0088,23.1484,0.8342,0.0093,0.1273,0.024,5.9144,1.3597,3.5984,2.618,5.4679,3.4346,31.0014,31.3378,5.9244,57.1924,2.2032,0.6689,3.1982,2.3405,37.1964,566.6151,16.2076,4.6702,2.1971,4.377,65.9483,76.507,11.7287,1.0323,1.2102,0.8217,0.243,4.4302,6.1151,4.562,11.9705,1.4933,3.3507,27.8636,6.4645,2.9721,6.2387,134.4845,4.6368,47.129650000000005,128.7307,0.0,269.4639,148.8539,324.3421,55.4646,266.4213,159.8189,45.6181,1.944,1.6269,0.2132,8.7573,16.5331,500.0,57.0629,0.0,7.1084,3.2116,9.9111,0.25379999999999997,5.6917,6.3289,3.3281,9.3605,75.936,19.75,0.62,9.5199,0.2773,55.6289,4.8328,0.8165,0.0907,0.0268,9.3697,1.12,0.2955,0.479,0.1338,0.4238,24.6737,529.8873,2.3048,11.68,0.3384,3.8123,0.0959,2.2042,14.6828,0.014,2.8012,0.0197,0.0105,53.0253
-1.0,3073.81,2178.7333,0.7367,101.4922,1.3576,0.0,-0.0046,200.583,7.6969,414.8297,0.9652,190.5316,12.4337,1.4105,-4813.25,1488.5,0.9788,1.898,5.1763,66.1111,3.0778,0.2126,85.0856,8.6324,64.1658,66.0701,87.0354,76.99,3.057,362.3391,144.3791,751.4525,1.157,142.1745,648.8927,168.5527,4.584,4.833,2908.0,0.9249,15.64135,360.6882,10.2708,122.1118,13.3309,22.2673,30.2505,721.202,152.7618,635.5618,98.909,0.0008,-0.0661,-0.004,0.0086,-0.0781,-0.0241,0.046,6.9249,0.1299,0.987,1832.2865,0.1615,8825.3899,0.0217,-0.0419,0.0143,-0.0401,0.4675,0.9475,786.7626,0.9911,58.4911,0.6017,0.9713,6.2896,15.82,4.21,15.87,15.85,1.569,0.7024,3.105,-0.0946,0.6955,2.3167,1014.2967,125.0,250.1,222.6,47.0999,224.705,0.0958,0.0929,0.0495,0.0321,0.0325,9.8896,5.265,9.796,0.0194,0.49,0.0569,456.0,55.0,0.111,0.075,0.166,3.1,0.148,0.9192,0.0847,0.432,0.2087,0.8673,0.72,0.1603,7.37,10.07,88.506,0.555,11.34,10.42,19.145,120.121,0.1265,0.0574,0.0337,0.076,0.0658,0.0812,0.1058,0.0599,4.0015,0.0363,0.0014,69.1223,0.0742,1256.8994,0.0116,0.0149,0.0401,0.0269,132.1494,2.7246,0.0271,0.3617,0.0774,2.166,31.9982,79.903,68.5099,0.0333,1.9727,0.029,1.6683,0.1571,0.0175,188.0745,251.7949,1837.6146,24.0624,0.0466,0.0318,0.0749,0.9649,0.0206,0.0535,0.3614,0.0335,0.0941,6.0165,0.2358,5.0896,0.0492,2.1196,3.0937,26.7309,0.1639,2.633,3.2269,6.1578,41.3563,0.0385,0.0262,0.0143,0.0398,0.0208,0.0398,0.0538,0.0251,1.4041,0.0131,0.0004,22.445,0.0222,384.6973,0.0066,0.0101,42.8792,0.7384,0.0089,0.135,0.0248,4.5167,0.8411,5.5459,8.1365,7.9872,2.1618,21.6195,13.0099,6.843,68.4041,2.3614,2.0058,3.9409,4.034,84.0181,3.695,11.341,3.9515,3.207,4.6891,25.9928,25.8756,3.1638,1.0803,0.9814,0.6733,0.3727,5.5252,7.7297,2.4592,13.8545,5.1838,1.5519,52.5094,2.0431,5.4037,4.2993,85.0657,2.6546,24.5866,121.446,0.0,161.8041,0.0,761.2437,103.936,439.46,130.2882,57.7848,3.0021,1.5445,0.139,3.7725,45.9559,0.0,23.9748,480.0,8.5754,2.8388,16.7966,0.0521,4.6581,5.7503,3.3431,6.1986,79.172,19.69,1.27,8.1373,0.5428,54.7087,4.8166,1.6041,0.473,0.0825,48.6582,6.5681051812533395,0.14567666988234404,2.728515721787309,0.05993796862203235,2.5087921838160945,20.410151572667836,535.3509,2.0813,7.18,0.3771,2.3806,0.0967,1.3412,18.1169,0.0166,3.2976,0.0037,0.0141,255.5817
-1.0,3029.19,2214.7111,1.5899,103.9367,1.447,-0.0163,0.0286,199.3001,9.46,409.5174,0.9776,188.6861,12.4273,1.4007,-3764.75,-1305.25,1.2945,1.98,7.33,69.8444,2.3,0.1799,86.4465,8.6527,63.9211,66.1517,86.9642,77.24,2.914,348.4982,134.4545,720.1415,1.0596,137.3409,620.2936,47.1198,4.61,4.849,2802.0,0.9366,2.0373,347.8236,10.4549,116.4918,9.2163,17.9627,22.969,697.1725,146.7618,611.0773,130.1135,-0.0164,-0.0019,-0.0684,0.0439,-0.0648,-0.0191,-0.0489,7.4071,0.1318,0.9825,1843.9226,0.2058,9516.4601,0.0909,-0.0019,-0.0187,0.0706,0.4662,0.9382,800.216,0.9901,58.3077,0.6015,0.9798,6.3056,15.82,4.21,15.87,15.85,1.569,0.7024,3.105,-0.0946,0.6955,2.3167,1014.2967,96.0,83.5,90.5,87.1003,280.9139,0.3822,0.1383,0.11930000000000002,0.10045,0.0101,9.6752,13.08,12.348,0.0062,0.33,0.0937,524.0,1133.0,0.136,0.112,0.143,2.3,0.314,1.026,0.1637,0.489,0.2871,0.8246,1.125,0.2032,7.21,24.92,23.836,0.314,17.3,6.1,30.861,103.311,0.1236,0.0363,0.0245,0.0403,0.1436,0.0687,0.0773,0.0419,3.2364,0.0405,0.0046,70.6064,0.1254,564.4004,0.018,0.0169,0.0623,0.0193,53.8699,2.8052,0.0258,0.5878,0.0774,2.166,19.2792,27.5122,30.775,0.1529,1.4813,0.0476,3.626,0.0893,0.0289,222.8069,308.5799,414.4019,487.8793,0.062,0.0494,0.059,0.8819,0.0711,0.1,0.3774,0.0609,0.1092,7.4826,0.3406,9.3399,0.0619,2.3972,7.7859,6.7655,0.1041,1.9011,2.175,10.408,34.0111,0.0373,0.016,0.0102,0.018,0.0359,0.0315,0.0418,0.0174,0.938,0.0145,0.0013,23.2211,0.0374,188.3323,0.0087,0.0071,17.7925,0.9263,0.0082,0.1902,0.0248,4.5167,0.8411,4.3126,2.7565,3.6795,3.906427332733898,18.8043,24.0366,9.558,138.2664,3.0153,0.6342,2.6554,6.6897,23.3747,86.8033,10.506,5.6566,1.9509,3.293,82.6087,115.071,9.1828,1.1869,1.8918,0.765,0.1964,7.6299,9.1927,4.152,19.1789,5.2497,4.0175,50.5859,6.3246,3.0034,7.4855,187.7104,4.4266,18.0981,79.4006,751.6534,69.9759,58.9397,326.8744,106.0185,404.183,85.6851,43.694,1.7448,1.6654,0.4668,3.8291,62.5794,387.9484,87.7419,0.0,13.3691,2.0555,6.7319,0.0629,4.8111,9.3211,3.3431,6.1986,74.9382429676889,16.981846008515614,1.1760154346403893,7.765159173210654,0.465036949463276,62.78071532865746,4.218797348068661,1.6129192614343282,0.1124,0.0284,11.6369,5.2,0.1255,1.8412,0.0505,2.1007,18.5256,537.2809,2.0931,6.8,0.2055,2.3023,0.0615,1.2656,9.8177,0.0178,3.5803,0.0291,0.0237,81.3456
-1.0,3082.31,2194.6444,1.3259,101.9767,1.4173,-0.0066,-0.0093,202.8695,9.5456,427.0973,0.957,193.483,12.4104,1.3904,-4085.0,400.75,1.2592,2.018,7.2848,67.6222,2.4556,0.1674,83.8879,9.1757,64.3159,66.5922,86.9721,67.17,3.967,362.9709,130.4709,732.3429,0.9908,138.0309,631.4727,55.3011,4.657,4.896,2861.0,0.9242,1.4218,362.2136,10.5925,111.8927,13.9591,18.5782,24.6272,707.7157,143.4073,617.5136,117.1357,-0.0204,0.0358,-0.0604,0.0021,-0.1087,-0.032,-0.0359,7.8629,0.1293,0.9894,1738.2694,0.1945,8778.86,-0.0017,0.0121,0.0508,-0.0217,0.4682,0.926,751.0128,0.9867000000000001,57.2372,0.5992,0.961,6.4399,15.82,4.232,15.91,15.87,1.078,0.6802,3.116,-0.5204,0.6897,2.3128,1005.7904,96.0,96.8,33.6,47.1001,135.99,0.1384,0.0839,0.0467,0.0493,0.0314,6.7115,8.891,6.126,0.0239,0.54,0.0404,1172.0,939.0,0.177,0.092,0.134,1.9,0.463,0.5922,0.1025,0.4757,0.2374,0.8575,1.028,0.1314,9.35,26.36,17.484,0.413,21.47,8.86,34.305,55.568,0.0887,0.0552,0.1037,0.0427,0.0596,0.1018,0.1251,0.0352,3.2832,0.0665,0.0022,142.3677,0.0293,721.0996,0.0132,0.0175,0.120188138292432,0.0257,61.0218,4.0598,0.0268,0.4252,0.0624,2.4706,24.5517,33.5188,10.8742,0.0409,1.7054,0.0307,2.4834,0.1594,0.0149,552.8912,392.2559,1027.4483,445.7962,0.0818,0.0379,0.0652,0.6379,0.0428,0.1614,0.2589,0.0368,0.1076,7.5351,0.3355,10.6709,0.0382,2.9758,7.7436,4.4194,0.1391,2.554,2.0403,10.0565,19.5428,0.0275,0.0256,0.0441,0.0204,0.0149,0.0568,0.0563,0.0186,1.1875,0.0202,0.0007,44.7052,0.0096,213.2489,0.02801905827358544,0.0075,19.3846,1.089,0.0083,0.1406,0.021,6.7733,0.9231,4.2984,3.1405,1.367,2.1461,13.6066,10.4371,5.9198,93.142,1.4343,2.4973,4.3512,2.907,59.8776,234.3107,14.056,4.559,1.8395,2.8097,52.9412,72.2628,13.7023,0.7059,1.1172,0.7396,0.2334,6.2677,7.9251,4.7166,13.2657,6.7738,4.1744,31.616,5.8835,3.899,8.6154,153.8069,4.8473,9.7245,47.439,435.7384,400.726,70.6954,0.0,93.6523,390.9375,98.1185,41.7559,1.0824,2.8557,0.2217,8.1902,15.0766,0.0,41.0876,0.0,26.600115265074077,2.7724,8.1253,0.25379999999999997,7.0929,6.6032,2.6983,6.1686,73.632,15.56,0.75,7.5372,0.2924,45.7539,3.8031,1.0186,0.3183,0.0586,33.4076,2.19,0.1581,0.9356,0.0621,0.8252,26.5913,531.6236,2.5605,9.2,0.2181,3.1703,0.0817,1.7305,8.5168,0.0167,3.281,0.0291,0.0237,81.3456
-1.0,3067.43,2214.7111,1.5899,103.9367,1.3812,0.0031,-0.0046,199.5867,7.4439,405.6238,0.9559,189.9419,12.46,1.3974,-4169.0,410.0,1.332,1.9975,7.3763,63.8889,3.1444,0.2353,86.3239,9.5642,63.9038,65.7964,86.4047,74.48,2.888,362.1182,144.3518,747.6613,0.9247,135.3055,641.7755,58.611,4.561,4.767,2897.0,0.9266,14.9018,360.33,10.3225,119.2536,10.7173,25.0982,31.5354,716.1259,151.4745,631.0582,95.199,-0.0175,0.0038,-0.053,0.0244,-0.1301,-0.0256,0.0486,8.6678,0.1357,0.9874,1801.128,0.1833,8518.3601,0.0195,0.0149,-0.0571,-0.041,0.4688,0.9365,647.8563,0.9867000000000001,58.803,0.6013,0.9628,6.4413,15.82,4.232,15.91,15.87,1.078,0.6802,3.116,-0.5204,0.6897,2.3128,1005.7904,63.0,71.0,89.8,87.1003,280.9139,0.3822,0.1013,0.11930000000000002,0.10045,0.0229,9.8465,4.715,2.491,0.0253,0.61,0.0443,401.0,399.0,0.087,0.075,0.101,3.8,0.231,0.4828,0.2394,0.7379,0.4946,0.9187,1.038,0.134,7.06,6.65,23.387,0.459,15.0,9.87,19.883,134.791,0.061,0.0638,0.0385,0.1043,0.0557,0.0535,0.0877,0.1111,1.7365,0.044,0.0042,132.916,0.0347,1132.0005,0.0115,0.0133,0.1183,0.0394,112.0424,5.0344,0.0286,0.6253,0.0624,2.4706,17.3769,26.6127,29.4518,0.1529,1.4813,0.0402,1.5597,0.1748,0.0131,190.7677,187.6033,1316.5398,173.7642,0.0368,0.0349,0.0448,1.4478,0.0263,0.089,0.1969,0.0985,0.1032,5.925,0.2778,5.1048,0.04,2.5331,2.1739,7.8978,0.1595,2.9013,3.804,6.3144,40.2803,0.0175,0.0301,0.0177,0.0513,0.0158,0.0241,0.0465,0.0554,0.5819,0.0142,0.0013,42.7792,0.0108,356.4187,0.0166,0.0135,37.8829,1.6069,0.0087,0.2013,0.021,6.7733,0.9231,2.8904,2.3146,3.6399,3.906427332733898,18.8043,24.0366,7.3342,63.3404,0.6141,2.649,4.8957,3.1737,55.9127,97.3171,6.5315,3.7547,1.3693,5.9478,54.0636,34.8442,6.6929,0.5593,2.5033,1.1547,0.1625,6.1278,7.9597,2.4119,14.496,5.2178,1.0362,39.9021,2.2418,4.4466,4.5617,139.9602,2.7765,23.8203,141.5887,349.5702,113.0204,196.6997,228.5714,41.1301,342.2439,228.3659,20.0336,2.285,1.7972,0.4257,7.3796,18.944,0.0,34.6667,0.0,25.2256,4.2071,17.2943,0.25379999999999997,8.5615,9.7082,2.6983,6.1686,75.81,18.75,1.12,8.6266,0.4747,70.2065,4.613,1.4774,0.5391,0.1773,41.2733,6.305038948661115,0.15951141197779403,2.5824382273574757,0.06490249554239046,2.3937004038176566,21.24805059711892,526.8464,2.3356,7.06,0.5551,2.5601,0.1431,1.34,23.7686,0.0181,3.5963,0.0291,0.0237,81.3456
-1.0,2864.05,2224.0,1.5611,99.83,1.3743,-0.0005,0.0024,199.7633,7.7805,412.4576,0.9559,189.5561,12.4759,1.4,-6166.0,1351.5,0.959,1.8942,5.0405,69.6778,2.3778,0.1876,85.0841,8.6406,63.7959,66.0053,86.6776,77.83,2.543,350.3918,128.15,712.4365,1.0931,139.5991,618.1409,48.3122,4.563,4.791,2830.0,0.9364,4.4391,348.8091,10.3564,112.5891,7.7589,15.5609,20.3856,692.0508,149.91,611.3082,122.2761,-0.0271,-0.0085,-0.0598,0.0529,-0.0966,-0.0207,-0.0215,7.1352,0.1375,0.9897,1741.3956,0.1562,8855.1799,0.1258,-0.0372,-0.0705,-0.0073,0.4594,0.9529,761.4397,0.9905,58.9183,0.5972,0.9799,6.4278,15.82,4.461,15.9,15.9,1.154,0.7335,3.223,0.0,0.6383,2.3194,1005.3694,109.0,224.6,157.7,55.6001,235.875,0.5065,0.1039,0.0691,0.0538,0.0251,7.5174,4.599,20.615,0.0226,0.63,0.0316,219.0,96.0,0.083,0.069,0.295,3.8,0.131,0.7007,0.1539,0.6574,0.341,0.5904,0.97,0.2005,11.12,22.94,23.508,0.213,9.38,3.52,35.428,123.125,0.1079,0.0336,0.0424,0.0568,0.0692,0.0859,0.1037,0.0141,3.6879,0.0283,0.0013,110.0808,0.0393,968.6992,0.0139,0.03420000000000001,0.038,0.0131,100.777,2.4412,0.0167,0.6276,0.0638,5.6151,26.5607,67.365,59.647,0.1716,1.3873,0.036,1.3983,0.1847,0.0108,103.8408,189.7463,2693.7524,41.8927,0.0373,0.0286,0.1302,1.1476,0.0318,0.0405,0.2743,0.0593,0.1222,6.711,0.3014,9.5327,0.0537,3.7014,5.8722,7.1589,0.0617,1.1787,1.5976,10.2375,35.6247,0.0318,0.0154,0.0217,0.0242,0.0236,0.0448,0.0512,0.0063,1.2252,0.0116,0.0004,31.9223,0.0136,266.3465,0.0072,0.0037,29.0613,0.838,0.0062,0.2024,0.0212,5.054,1.5939,4.9212,7.842,6.224,2.5,15.62,32.4437,7.5604,59.109,4.9981,2.3645,5.0497,2.2544,104.8167,7.1032,8.6548,3.6426,5.8526,5.4537,46.2617,43.1872,2.8244,0.8235,1.7812,1.0305,0.6795,6.9208,6.8748,4.5552,18.3411,7.9657,3.7111,48.6585,6.7564,2.0567,7.5496,120.8935,5.1193,16.6131,100.6943,398.155,192.2747,94.9436,130.9211,88.9234,502.1792,65.4292,51.686,1.9643,1.1971,0.1344,6.3214,25.1862,690.5077,34.375,500.0,8.2695,1.3795,13.2351,0.0742,4.1433,9.7642,2.7514,13.4081,72.958,17.83,1.29,8.0073,0.4795,122.7312,4.4545,1.7681,1.0207,0.1946,100.8934,6.36981156183161,0.156779714282935,2.5992464607905754,0.061657220361939866,2.424222421154278,19.795945062166354,530.5527,2.5117,10.44,0.27,3.6356,0.1022,1.9678,10.7489,0.0197,3.9136,0.0291,0.0237,81.3456
-1.0,3024.14,2185.8111,1.3714,102.6422,1.461,0.003,-0.0042,196.9672,11.7446,416.823,0.9674,186.312,12.47,1.399,-4398.0,1635.5,0.9793,1.8965,5.1113,59.9889,3.2111,0.247,86.0209,9.2328,63.7799,65.7516,86.5146,75.31,2.353,351.6736,135.6036,721.9575,0.9972,135.4609,622.7382,51.4848,4.61,4.849,2802.0,0.9366,-13.713149999999999,347.6164,10.8851,100.2936,26.32,33.141349999999996,41.7353,680.2222,148.5082,596.4182,108.1186,-0.0047,0.0011,-0.0277,-0.046,-0.0063,-0.0061,0.0353,7.6987,0.1374,0.9886,1877.7071,0.2161,8759.3302,-0.0369,0.0158,-0.0253,0.042,0.4716234164980232,0.969,754.2908,0.9905,58.9473,0.5989,0.9686,6.246,15.84,4.434,15.91,15.9,1.172,0.778,3.332,-0.5677,0.7025,2.3038,1005.6298,135.0,165.0,197.8,52.2002,126.846,0.1021,0.0979,0.0402,0.0406,0.0263,4.9138,9.917,4.244,0.0161,0.5,0.0516,361.0,42.0,0.138,0.085,0.169,2.3,0.131,0.6917,0.1311,0.6505,0.3852,0.69,0.957,0.1066,13.76,20.57,9.773,0.271,21.02,7.91,29.493,94.312,0.0819,0.0477,0.0305,0.1079,0.16685000000000003,0.1112,0.0865,0.1452,3.5597,0.088,0.0028,112.1904,0.0925,1563.8003,0.0173,0.0115,0.06887842748222198,0.0164,156.0942,2.8618,0.0242,0.4587,0.0729,3.6465,26.1835,62.2453,62.371,0.0394,1.3579,0.0371,3.0448,0.1652,0.0207,169.4016,348.9999,1376.9339,20.4206,0.0603,0.0375,0.0769,0.8343,0.0323,0.0446,0.2892,0.0524,0.0431,6.9933,0.3099,9.8556,0.0359,3.7881,5.8261,3.802,0.0784,2.4154,1.997,9.4362,27.4418,0.0266,0.0209,0.0143,0.0473,0.0485,0.0605,0.0468,0.0734,1.2869,0.0259,0.0008,35.1426,0.0306,417.8324,0.008423486976124122,0.0049,41.5079,0.9218,0.0079,0.1467,0.0254,4.2601,1.3366,6.0356,5.4561,7.8961,2.3881,12.7433,7.4461,6.7011,84.4385,1.0182,1.6655,4.0096,3.6877,55.2751,2.568,14.0924,4.4819,3.3064,3.834,24.9135,29.9595,2.8186,0.8041,1.4195,1.0199,0.3058,6.688,8.7756,4.225,10.693,10.1579,3.3032,18.9823,6.3246,2.4896,8.0763,79.8632,4.3358,14.0901,87.2301,0.0,180.3403,390.2351,0.0,0.0,0.0,411.3314,46.2375,2.4021,3.6814,0.2816,5.9749,42.7901,442.3077,38.9294,0.0,12.209395677278533,1.6884,20.6942,0.0789,4.8548,7.3441,3.1646,9.5858,75.79977834660512,17.062037598564093,1.2306790253704845,8.068631542949774,0.4947397242533207,60.82713409690023,4.2404959956597015,1.6399924082318635,0.2263,0.0399,23.5326,4.98,0.0877,2.0902,0.0382,1.8844,15.4662,525.9545,2.4083,9.5,0.2715,3.2807,0.0925,1.8062,11.2731,0.0151,2.9882,0.0079,0.0111,140.6419
-1.0,3032.29,2218.5778,0.8396,98.1311,1.3526,-0.004,-0.0105,198.6184,7.4728,397.4025,0.9553,190.5818,12.4786,1.4071,-4075.0,-787.0,1.298,1.994,7.373,66.0667,2.4889,0.1918,85.564,9.7484,63.7678,66.4937,87.0605,63.93999999999998,2.746,351.3955,129.5082,716.1579,0.9834,134.1527,615.0564,51.1536,4.592,4.834,2835.0,0.9348,15.64135,349.7855,10.4465,116.8309,6.612,12.6773,15.8496,700.3083,143.8327,610.4491,104.7036,0.0292,-0.0046,-0.0605,0.0413,-0.1274,-0.029,-0.0438,7.9007,0.1374,0.9864,1861.5607,0.2095,8547.0101,-0.0468,-0.0167,0.0076,0.0577,0.4709,0.9397,716.8627,0.9867000000000001,55.696299999999994,0.6017,0.9689,6.1689,15.82,4.232,15.91,15.87,1.078,0.6802,3.116,-0.5204,0.6897,2.3128,1005.7904,124.0,253.1,183.2,76.2002,506.028,0.2631,0.0996,0.11930000000000002,0.10045,0.0082,9.6832,3.764,3.768,0.0244,0.6,0.0584,1444.0,922.0,0.123,0.047,0.157,2.1,0.401,0.8054,0.2068,0.6932,0.3907,0.7981,0.965,0.1423,9.56,23.29,14.878,0.238,13.68,5.7,28.359,38.521,0.0749,0.031,0.0433,0.0308,0.0599,0.0773,0.0967,0.0413,4.1234,0.0677,0.0015,124.2751,0.0975,640.2998,0.0121,0.0182,0.0519,0.0442,62.5024,4.3927,0.0307,0.3514,0.0624,2.4706,33.7619,83.3179,60.4051,0.0814,2.7713,0.0356,1.3546,0.1746,0.0208,667.1978,466.3864,310.353,443.3539,0.056,0.0219,0.0714,0.6442,0.0706,0.1465,0.3198,0.0847,0.0536,7.3823,0.3068,8.8142,0.0468,2.9397,7.5887,5.4969,0.0783,1.687,1.2709,9.0517,12.7855,0.0207,0.0143,0.0195,0.0145,0.0149,0.0355,0.0497,0.0178,1.3692,0.0258,0.0005,35.9658,0.0354,166.0486,0.0101,0.0125,16.7443,1.1876,0.0089,0.1199,0.021,6.7733,0.9231,5.6366,8.3468,7.7728,3.4346,31.0014,31.3378,7.3635,50.3692,0.9482,2.5527,4.8082,4.151,13.5215,117.1537,9.4761,2.3571,2.1294,3.1786,72.3214,95.4229,11.8421,0.9413,2.1214,1.0871,0.0947,6.6762,8.0381,4.0699,14.4708,7.1262,3.7866,29.0849,6.1587,2.2783,6.6335,206.8979,4.0495,15.5441,36.7905,256.3422,44.0811,50.9301,145.1242,60.675,333.736,94.1847,52.1901,2.4021,2.8427,0.1511,6.6759,46.5165,901.548,34.7826,0.0,11.0186,4.7019,8.7189,0.25379999999999997,7.908,5.6962,2.6983,6.1686,82.0,11.77,0.71,4.7492,0.2964,101.6733,2.9484,0.8659,0.4946,0.085,48.9498,6.296227097095707,0.15219230639542633,2.492298902159848,0.060680291170029405,2.41555735101477,21.71674805792935,533.26,2.5306,8.26,0.3934,2.8522,0.1313,1.549,15.5451,0.0152,3.0476,0.0277,0.0087,31.4497
-1.0,2968.06,2218.5778,0.8396,98.1311,1.4814,-0.0238,0.0286,200.6979,10.5176,419.1647,0.9776,190.6087,12.4273,1.4038,-5185.75,1522.5,0.9775,1.8912,5.1245,67.4333,2.5333,0.1763,84.742,9.2291,64.3409,66.4775,86.9273,65.15,2.88,349.7254,136.7573,723.1896,0.9787,133.2536,619.7364,58.9408,4.575,4.84,2822.0,0.9378,2.78,348.1064,10.2223,119.5373,7.0997,17.22,22.0706,701.119,146.7382,614.3818,113.4963,-0.0007,0.008,-0.0265,0.0283,0.0062,-0.0273,0.0344,7.4965,0.133,0.99,1816.5639,0.2201,8864.71,0.2196,0.0586,-0.1029,0.1037,0.4725036891048846,0.9476,776.1043,0.9913,59.127,0.5965,0.9763,6.2754,15.786955896799679,4.013687696279992,15.832235732802776,15.828999051616343,1.2452228025298733,0.6543386270543392,3.145890528401071,-0.4556786659474985,0.7216403144381052,2.338947719962657,1002.0667693290424,101.0,230.4,200.5,76.2002,506.028,0.2631,0.12,0.11930000000000002,0.10045,0.01,6.4679,5.413,7.928,0.0055,0.33,0.0643,286.0,86.0,0.091,0.056,0.203,2.9,0.113,0.6873,0.0543,0.6609,0.3812,0.8131,0.823,0.1575,14.625,21.03,27.196,0.189,17.62,5.51,36.413,97.922,0.0725,0.0611,0.0447,0.055,0.0875,0.0536,0.0825,0.1304,3.5562,0.0705,0.001,150.0806,0.1254,1131.2002,0.0198,0.0216,0.048467451351776436,0.0228,117.833,3.2656,0.0342,0.6059,0.07069767849929365,3.678960386881575,25.2045,82.0444,69.4489,0.0814,2.7713,0.0453,1.8559,0.0893,0.0243,139.2225,245.3914,2596.546,36.0139,0.0383,0.0259,0.083,0.9097,0.0325,0.0331,0.2831,0.0207,0.0822,7.006,0.2643,10.319,0.0493,4.2575,5.91,7.5432,0.0611,1.5489,1.2102,10.8845,26.3261,0.0231,0.0286,0.0192,0.0274,0.0286,0.0236,0.0433,0.0679,1.4286,0.0221,0.0003,47.3852,0.0374,384.414,0.013059537580859482,0.0074,38.26,0.8727,0.0113,0.1918,0.02356320758192189,6.513563468332176,1.2267159621150718,4.5252,7.7626,7.943,3.4346,31.0014,31.3378,8.1005,51.4659,1.8914,0.5652,2.6554,4.5839,113.2912,5.6486,9.3095,2.961,3.9614,4.3005,31.5789,62.3819,2.4288,0.811,0.5885,1.0272,0.2253,6.6738,8.4456,4.7469,16.0961,10.6208,3.3934,46.1412,7.0363,1.8489,10.5323,248.1784,5.1935,12.5411,86.2777,0.0,0.0,207.7432,309.0508,871.5447,302.1978,379.0698,47.4382,1.5034,2.9911,0.0961,8.2618,63.31987047269746,0.0,32.1168,241.2698,11.311728672491713,2.4092,15.1826,0.0867,5.523,9.6558,3.0076804661335705,9.586960558351562,73.714,16.61,1.38,6.5212,0.5464,81.9807,4.0033,1.8721,0.1001,0.0259,10.3089,5.48,0.1123,2.3527,0.0508,2.1963,16.6766,535.9227,1.911,8.65,0.1435,3.1242,0.0437,1.614,7.508,0.0147,2.9386,0.0188,0.0133,70.5588
-1.0,2988.95,2202.4333,1.6025,100.8067,1.47,-0.0102,-0.0073,199.3569,6.7033,416.5865,0.9658,189.4625,12.4969,1.398,-3463.0,439.75,1.2575,2.039,7.3687,63.4,3.2778,0.262,86.3416,9.219,64.0969,65.8265,86.336,77.9,2.163,351.1882,128.2736,716.0915,1.3829,139.9645,619.4264,213.6952,4.594,4.83,2828.0,0.9354,15.64135,349.8736,10.5338,106.4518,17.78,21.8218,29.871,686.2205,145.3209,601.6464,63.6225,-0.0162,0.0098,-0.046,0.0061,-0.1041,-0.0097,0.0551,7.4873,0.1246,0.9487999999999999,1795.2952,0.1533,9216.03,-0.0386,-0.0056,0.0276,-0.0159,0.4549,0.9295,780.5374,0.9907,58.1135,0.5931,0.9797,6.3782,15.82,2.942,15.85,15.83,1.035,0.5474,3.531,1.608,0.7987,2.3704,1005.6244,96.0,93.8,56.5,61.7,284.0809,0.3246,0.046,0.0498,0.036,0.0324,9.6405,4.205,11.92,0.0195,0.48,0.0351,722.0,999.0,0.105,0.045,0.121,2.6,0.452,0.7865,0.1347,0.5479,0.3375,0.7062,0.391,0.1112,3.43,19.52,74.548,0.349,23.8,2.98,28.849,104.855,0.0479,0.0572,0.05,0.0885,0.0639,0.1079,0.0238,0.0929,3.206,0.0389,0.013699999999999999,243.4284,0.0341,657.9004,0.0107,0.0121,0.0516,0.052199999999999996,100.6755,2.4796,0.025,0.45,0.0978,3.7035,24.5517,32.5235,14.4982,0.1125,1.7483,0.0173,1.1196,0.1458,0.0125,337.7548,142.4242,555.0393,412.9216,0.0432,0.0203,0.0563,0.7714,0.0675,0.1651,0.2922,0.049,0.0687,5.612,0.1475,8.8135,0.0393,0.9884,5.4447,20.8051,0.1155,0.9286,1.4972,9.177,31.3356,0.015,0.0241,0.0224,0.0468,0.0158,0.0544,0.0111,0.0508,1.2657,0.0147,0.0046,76.5225,0.012,234.7717,0.0088,0.018000000000000002,32.0552,0.7126,0.0083,0.1446,0.0333,4.0192,1.2963,4.2984,3.1382,2.1637,2.8014,17.9106,20.2551,3.1292,62.7306,2.8614,2.0216,3.8409,2.5086,34.4499,227.1745,8.3499,2.207,1.6421,4.1009,33.5593,81.6794,13.3421,0.9109,1.4607,0.8548,0.1908,5.0998,6.4394,4.1101,8.0388,2.4506,3.1513,34.8852,6.4645,3.3131,6.416,133.858,4.204,47.129650000000005,164.8082,296.365,178.75,192.2868,0.0,103.7001,244.7301,168.7557,42.8188,2.4245,1.636,1.3944999999999999,13.108349999999998,22.2297,357.1956,38.4,0.0,11.3521,5.5677,12.8982,0.0697,4.2669,7.0559,4.1259,10.6569,80.51558835738841,16.941989402308845,1.2852708869473903,7.7755589738073665,0.529164495470591,80.13822698885727,4.231109186894012,1.622708762974168,0.4075,0.0853,40.3321,5.16,0.3378481311764915,2.0725,0.1352392452747727,1.9404,38.05341532073962,525.9545,2.4083,9.5,0.2715,3.2807,0.0925,1.8062,11.2731,0.0082,1.6617,0.0188,0.0133,70.5588
-1.0,3052.43,2201.5777,0.7679,99.9956,1.2921,-0.0108,-0.002,199.7613,9.0687,409.9535,0.9779,189.9121,12.4496,1.4108,-3111.75,1574.0,0.9838,1.8905,5.1,66.7111,2.7,0.2033,85.1712,8.5405,64.1314,66.2364,86.8378,76.57,3.732,350.4355,124.0973,711.3808,1.4252,143.4555,617.9882,211.3636,4.594,4.83,2828.0,0.9354,15.64135,348.1755,10.6192,106.4709,13.1655,17.6264,25.0342,686.3466,150.1764,604.8227,100.5315,-0.0082,0.0017,-0.0475,0.0119,-0.1016,-0.0256,0.0377,7.6796,0.1254,0.9869,1769.1164,0.1987,8964.53,-0.0105,-0.013,-0.012,-0.015,0.4885,0.9418,753.3314,0.9867000000000001,58.4948,0.5973,0.9794,6.3301,15.77,2.824,15.81,15.8,1.068,0.4914,3.396,1.419,0.8284,2.3715,1004.5381,93.0,228.2,141.7,53.8999,292.371,0.0645,0.0875,0.0421,0.0531,0.0092,9.9304,10.408,9.097,0.007,0.26,0.0309,436.0,106.0,0.123,0.109,0.169,2.8,0.092,0.7716,0.078,0.569,0.2765,0.7661,0.275,0.0923,6.76,13.66,43.975,0.366,27.96,4.22,28.6,116.216,0.082,0.0589,0.0235,0.0903,0.0565,0.1141,0.062,0.1144,2.6391,0.0573,0.0021,154.9271,0.0321,839.0,0.0105,0.0132,0.0744,0.0346,97.3279,4.9142,0.0225,0.6388,0.0784,3.1673,22.5153,73.9366,42.4001,0.0217,2.4246,0.0276,2.8954,0.0708,0.011,199.8172,283.9413,1391.3163,48.5798,0.0535,0.0481,0.089,0.8477,0.0293,0.0274,0.3216,0.0319,0.1561,4.8209,0.0887,8.4406,0.0308,1.9466,3.9813,15.6162,0.1012,1.4516,1.562,9.3623,33.9379,0.027,0.0272,0.0097,0.0455,0.0152,0.058,0.0314,0.0596,0.9776,0.0198,0.0006,47.7519,0.0107,274.8373,0.0172,0.0113,31.5709,1.5547,0.0078,0.207,0.0256,6.3759,0.9045,4.2048,7.476,5.6988,2.4482,29.9413,8.4061,6.772,114.768,2.219,0.7148,2.0884,2.1917,103.1895,6.7344,12.5032,5.7657,3.3137,4.1972,25.9259,45.7377,1.982,0.9059,0.9131,0.8872,0.1561,4.0892,5.7536,3.8751,6.4772,4.7123,2.2104,20.8054,6.4645,3.4466,8.0961,212.3737,4.167,23.8072,115.6015,0.0,179.2998,190.1053,475.0394,112.2755,242.4242,303.6496,34.3657,1.6743,2.3965,0.2132,8.7573,16.1463,0.0,69.9259,0.0,15.225,3.6739,12.9197,0.25379999999999997,8.4011,10.0911,3.3071,7.7103,73.128,23.45,0.35,10.2173,0.1283,41.1167,5.8327,0.4786,0.1138,0.0253,11.6755,6.39,0.2149,2.4994,0.0859,2.5875,33.5237,532.4264,2.3599,8.21,0.245,3.0908,0.0755,1.542,10.3822,0.0147,2.9263,0.0188,0.0133,70.5588
-1.0,3031.44,2195.5333,1.4292,99.25,1.4715,0.004,-0.0103,202.0454,10.1117,422.1605,0.9701,192.154,12.4337,1.4033,-6375.125,1585.5,0.9792,1.9027,5.2395,62.7,3.2889,0.2348,85.2666,9.2433,64.0385,65.9047,86.4157,75.03,3.197,350.8609,118.9364,706.2091,1.4152,147.9245,617.7218,184.9849,4.609,4.843,2821.0,0.937,15.64135,348.0345,10.9075,103.4155,19.3609,15.5209,21.5763,684.6328,146.9109,598.3609,129.1426,-0.0073,-0.0053,-0.0457,0.0043,-0.1025,-0.0235,0.02,7.5182,0.1375,0.957,1843.2651,0.1882,8788.8501,0.0326,-0.0465,-0.0137,0.0155,0.4621,0.9354,756.1506,0.9902,59.9678,0.6025,0.972,6.2138,15.77,2.824,15.81,15.8,1.068,0.4914,3.396,1.419,0.8284,2.3715,1004.5381,89.0,222.2,191.2,55.5999,272.7679,0.3647,0.0648,0.0691,0.0769,0.0279,10.0254,4.088,12.65,0.0162,0.49,0.128,303.0,43.0,0.116,0.055,0.266,4.1,0.2,0.6107,0.0876,0.4808,0.3138,0.837,0.242,0.1335,3.92,19.51,40.408,0.189,16.57,6.59,31.399,75.124,0.0517,0.0493,0.0248,0.0768,0.0625,0.088,0.0713,0.1186,3.6816,0.0231,0.013699999999999999,99.4265,0.0204,1302.8008,0.01,0.0103,0.0555,0.0193,126.0427,2.138,0.0326,0.4226,0.0784,3.1673,24.2217,79.7954,73.6729,0.1097,1.8178,0.024,1.2185,0.1571,0.0457,144.5153,233.8269,3945.9961,18.4842,0.0529,0.0246,0.1333,1.1011,0.0245,0.0644,0.2364,0.0393,0.1151,5.8192,0.0865,9.0519,0.0389,1.5004,5.4785,12.7375,0.0638,1.9167,2.0023,10.0234,24.4265,0.0146,0.0234,0.0117,0.0408,0.0143,0.0437,0.0378,0.0593,1.2237,0.0098,0.0046,30.7554,0.0075,462.7722,0.0082,0.0066,47.6004,0.6586,0.0107,0.1366,0.0256,6.3759,0.9045,4.0016,7.3298,7.6866,2.5324,17.4659,25.5162,4.4038,40.4283,2.9965,1.6653,3.9409,9.13815,134.8875,2.7121,11.8458,2.8906,5.0768,6.5391,12.1622,30.2414,4.2789,0.7162,0.9479,0.7508,0.1448,5.4523,6.2302,4.1856,9.4315,2.65,3.1584,21.8439,6.0818,1.7327,6.9525,85.5848,4.5863,5.6207,58.1713,711.264,350.2664,168.0525,0.0,85.8746,303.4043,593.7422,48.9696,1.9643,0.9741,1.3944999999999999,5.394,10.8535,0.0,71.7428,640.0,12.0116,2.0656,16.669,0.1466,3.5652,6.8006,3.3071,7.7103,76.96209184915651,17.27504103532517,1.2417043479738328,7.994352235113172,0.49257647277056793,88.41008651417641,4.2628897049082894,1.6298972110216503,0.2163,0.0464,21.2957,7.73,0.0698,3.0847,0.0293,2.9208,11.0648,523.3110000000001,2.3704,15.390000000000002,0.6164999999999999,5.3345,0.18730000000000002,2.8874999999999993,26.5023,0.015,3.0051,0.0187,0.0108,58.0827
-1.0,2889.93,2238.5444,0.901,99.31,1.5386,-0.009,0.0057,202.3225,8.7894,403.5287,0.9569,192.035,12.5078,1.4014,-1363.875,1492.25,0.987,1.8885,5.0698,65.0,2.4222,0.2011,85.1817,8.6211,63.9846,66.1702,86.955,77.92,2.514,368.0555,128.7418,737.9322,1.3316,143.7373,640.5345,230.1945,4.683,4.962,2843.0,0.9238,15.64135,365.16,10.5865,109.4627,16.8836,19.2791,27.0269,710.9053,149.0282,623.6509,84.0164,0.0029,0.02,-0.0777,0.0453,-0.1001,-0.0275,-0.0334,6.8239,0.139,0.9894,1875.3806,0.158,8589.81,0.0795,-0.0363,-0.0402,-0.0663,0.4677,0.9712,747.5515,0.9906,58.7712,0.599,0.9803,6.2559,15.77,2.824,15.81,15.8,1.068,0.4914,3.396,1.419,0.8284,2.3715,1004.5381,87.0,233.2,129.6164748307944,80.2002,284.437,0.2501,0.1296,0.0719,0.0924,0.0322,9.4982,4.947,7.143,0.0238,0.58,0.067,620.0,239.0,0.132,0.096,0.254,3.0,0.148,0.631,0.0928,0.5188,0.3157,0.8079,0.366,0.1611,5.23,23.82,56.363,0.312,27.17,4.91,30.305,98.678,0.16345,0.0642,0.0861,0.0537,0.16685000000000003,0.0842,0.0494,0.0211,4.7641,0.0327,0.0016,137.5809,0.0445,1340.5,0.0194,0.0142,0.0217,0.0163,140.0935,2.9014,0.0277,0.4087,0.0784,3.1673,22.5053,72.1774,43.5116709502325,0.0882,0.9053,0.0424,1.5183,0.1666,0.0206,304.6134,306.4539,5823.189049999999,104.3915,0.0575,0.0448,0.1143,0.8292,0.0312,0.0489,0.231,0.0354,0.1079,6.0915,0.1255,10.3383,0.0426,1.6507,6.9813,18.5,0.0949,1.18,1.6127,9.6704,31.5217,0.045450000000000004,0.0313,0.0383,0.0242,0.0485,0.0457,0.025,0.009,1.5115,0.012,0.0005,43.1682,0.0118,371.5172,0.0047,0.0048,38.8685,0.9521,0.0094,0.1327,0.0256,6.3759,0.9045,3.9435,8.0694,5.135887363144662,3.5827,17.1436,27.7575,8.4232,56.2839,1.7701,2.4842,4.6371,4.7823,0.0,16.0161,13.3739,5.0834,5.0101,4.6154,37.156,47.2376,3.2103,0.7408,1.0765,0.8108,0.2094,5.8089,7.5422,4.5862,12.0952,3.6386,3.7188,24.4849,5.3865,2.9471,7.0435,160.9255,4.2629,12.6624,117.4509,0.0,175.0511,69.0675,474.6792,84.1369,179.7998,63.1264,69.8146,2.0858,1.3692,0.1635,7.3362,28.1672,0.0,63.3782,861.5385,4.6404,1.6797,18.7403,0.1056,4.9368,6.5338,3.3071,7.7103,73.102,17.85,0.65,7.8481,0.2993,146.2962,4.4372,0.8892,0.4397,0.0728,44.8745,6.347987844965931,0.12751987935226947,2.476971513722381,0.047761858385688666,2.4260680749205696,18.977010195047626,530.28,2.3134,12.4,0.1699,4.2715,0.0535,2.3384,7.3462,0.0125,2.4807,0.0187,0.0108,58.0827
-1.0,3020.25,2224.0,1.5611,99.83,1.4339,0.0032,-0.0067,198.7309,10.7885,417.0068,0.9706,188.3777,12.4896,1.3948,-4539.25,121.25,1.2752,2.0055,7.3762,68.2,2.8111,0.2304,84.9334,8.5459,64.1179,66.2647,86.6954,77.72,2.013,361.0827,126.8355,726.2395,1.4269,144.5518,632.47,196.7876,4.642,4.9,2801.0,0.9217,6.2045,358.7582,10.3977,113.04,11.4436,13.7955,21.3495,704.89,149.2282,621.0264,72.5352,-0.0318,-0.0188,-0.0501,0.057850000000000006,-0.1018,-0.036,-0.0183,6.0616,0.1277,0.9692,1853.4853,0.197,8624.67,-0.0807,0.1079,0.0413,-0.24175000000000002,0.4571,0.951,734.3476,0.9903,58.0779,0.6035,0.9759,6.3178,15.77,2.824,15.81,15.8,1.068,0.4914,3.396,1.419,0.8284,2.3715,1004.5381,149.0,76.3,116.4,55.6001,235.875,0.5065,0.1117,0.0432,0.0816,0.0256,9.6405,12.353,9.757,0.0127,0.8700000000000001,0.1082,2060.5,757.0,0.187,0.115,0.187,1.6,0.528,0.9273,0.1506,0.5927,0.396,0.5986,0.364,0.1824,6.57,19.02,26.553,0.278,21.9,6.18,31.0049,122.375,0.1015,0.0506,0.0454,0.046,0.1213,0.0917,0.15199999999999997,0.0384,4.8667,0.0952,0.0092,127.1517,0.0463,993.7002,0.0369,0.0219,0.120188138292432,0.0343,85.4153,2.9298,0.0332,0.4331,0.0784,3.1673,36.9695,27.9637,36.7281,0.1716,1.3873,0.0393,3.571,0.1923,0.0421,912.5788,237.0083,1377.8254,348.9951,0.0822,0.0557,0.0875,0.6062,0.0403,0.1921,0.3312,0.0536,0.1319,5.8126,0.1191,9.441,0.0516,1.9538,6.1786,8.1091,0.0873,1.6402,1.9429,9.8357,33.8074,0.0308,0.0233,0.0186,0.019,0.0301,0.0471,0.0789,0.0182,1.6877,0.0301,0.0038,43.6837,0.0137,346.8091,0.02801905827358544,0.0099,26.2948,0.9676,0.0123,0.1434,0.0256,6.3759,0.9045,6.5728,2.5263,4.7768,2.5,15.62,32.4437,7.7897,114.502,2.3398,1.3064,6.94175,7.7609,62.9179,624.3299,14.6638,5.7342,2.5352,2.346,32.0158,49.0357,15.566,1.0918,1.7625,0.9244,0.1629,4.8604,6.7962,4.2361,12.7802,4.5451,3.0073,13.4932,5.3351,2.6737,8.2537,191.3726,4.3986,28.4292,168.7112,318.869,324.8796,91.7706,180.7245,90.1007,502.5,209.2643,80.2878,1.5664,4.0584,0.9453,6.8601,23.4973,0.0,118.77044999999998,317.2414,26.600115265074077,3.6015,11.6315,0.0795,5.0446,6.8555,3.3071,7.7103,79.852,12.6,1.08,5.5119,0.5391,55.1214,3.114,1.3525,0.0926,0.0236,9.4814,7.17,0.1684,2.7558,0.0669,2.6798,28.1054,533.9673,2.3091,8.43,0.3138,3.0589,0.0981,1.5787,13.589,0.016,3.2343,0.0187,0.0108,58.0827
-1.0,3020.71,2201.5777,0.7679,99.9956,1.38,-0.0218,-0.0145,202.0491,10.7945,407.9686,0.9633,192.2313,12.46,1.3964,-3721.75,1514.25,0.979,1.8985,5.1668,70.4556,2.4333,0.1843,84.533,8.872,64.1215,66.178,87.0389,77.67,3.141,351.4582,120.5536,708.4602,1.4503,148.5873,620.5991,191.1538,4.609,4.843,2821.0,0.937,6.9082,345.84,11.1027,94.5763,28.095450000000003,33.0918,38.2357,670.2245,154.6945,588.1800000000002,110.8405,-0.0281,-0.0078,-0.0787,0.0006,-0.1135,-0.0339,-0.0369,7.4482,0.1211,0.9792,1904.1287,0.1659,9053.4298,-0.0548,0.0074,-0.0665,-0.1762,0.4755,0.9166,774.8408,0.9909,59.2717,0.597,0.9714,6.2074,15.77,2.824,15.81,15.8,1.068,0.4914,3.396,1.419,0.8284,2.3715,1004.5381,88.0,151.0,157.4,53.8999,292.371,0.0645,0.1231,0.11930000000000002,0.10045,0.0248,7.7949,8.06,6.625,0.018,0.47,0.0491,355.0,37.0,0.111,0.064,0.209,2.6,0.219,0.636,0.0783,0.5035,0.2196,0.7917,0.339,0.1288,6.83,18.1,48.43,0.125,17.95,10.94,25.6021,53.413,0.0537,0.10470000000000002,0.0382,0.0585,0.0928,0.0852,0.1122,0.0421,2.9208,0.0354,0.013699999999999999,161.1284,0.0391,694.0996,0.0318,0.0278,0.0351,0.0468,47.7709,3.6489,0.0375,0.4859,0.0784,3.1673,23.7868,54.3543,53.9406,0.0217,2.4246,0.0434,2.6159,0.1544,0.016,163.0549,284.5119,451.4121,15.7771,0.0454,0.0297,0.0909,0.9167,0.0287,0.0701,0.2548,0.0331,0.1242,5.71,0.1049,8.6219,0.0475,2.6608,5.1714,14.2042,0.0413,3.6748,2.9576,9.0116,16.4488,0.0152,0.0455,0.0156,0.0251,0.0223,0.0418,0.0546,0.0196,1.2577,0.0129,0.0046,49.8867,0.0113,229.7233,0.0076,0.0135,17.1503,1.224,0.0103,0.1603,0.0256,6.3759,0.9045,3.932,4.9988,6.3378,2.4482,29.9413,8.4061,8.9205,74.6673,1.6239,1.8717,3.7721,3.514,26.063,2.4435,11.3381,3.3711,4.0451,3.6903,36.9863,40.6872,4.7039,0.7524,0.8831,0.7852,0.3695,5.4373,6.3955,4.0301,8.8827,4.5966,2.9165,25.3356,6.0818,1.1258,14.0747,55.0567,3.8199,15.869,48.1891,191.3586,179.8221,74.3329,0.0,75.0495,331.2177,114.0921,39.2148,2.6422,1.4465,1.3944999999999999,8.4621,23.5923,0.0,62.3377,0.0,7.373,5.1055,6.1653,0.0641,6.1562,7.8282,3.3071,7.7103,73.67,21.98,1.29,10.8511,0.5619,64.5299,5.4262,1.7511,0.1898,0.0391,19.874,6.534724782529168,0.17636458364455984,2.692269026481555,0.0702015049351942,2.4788610123932617,20.422383572803056,534.5736,2.3528,7.35,0.3731,2.563,0.1017,1.3749,15.8567,0.0143,2.8311,0.0187,0.0108,58.0827
-1.0,2933.79,2195.5333,1.4292,99.25,1.4965,-0.0045,-0.0006,202.1785,9.9931,410.837,0.9589,191.9239,12.4322,1.402,-4870.5,-1804.0,1.3253,1.997,7.396,66.2444,2.7778,0.2228,86.106,8.7879,63.9266,65.9625,86.7106,76.05,2.287,351.1327,130.2891,719.799,1.3476,141.0464,622.4682,135.6245,4.567,4.804,2833.0,0.9354,15.64135,350.6927,10.4912,113.5545,13.0092,16.7345,20.6329,699.1661,146.5918,610.8391,45.4692,0.0114,-0.0535,-0.0641,0.0106,-0.0916,-0.0246,-0.033,7.6289,0.1335,0.9904,1801.9478,0.1636,8813.74,0.0202,-0.1042,0.0494,0.0681,0.4736,0.9508,776.0144,0.9908,58.5803,0.6,0.9673,6.3082,15.77,2.824,15.81,15.8,1.068,0.4914,3.396,1.419,0.8284,2.3715,1004.5381,80.0,181.9,126.7,55.5999,272.7679,0.3647,0.0815,0.0844,0.0735,0.0298,9.9606,7.881,9.839,0.0221,0.52,0.0259,974.0,4965.0,0.059,0.12,0.224,2.3,0.486,0.7367,0.1184,0.4407,0.2412,0.9064,0.416,0.0944,7.89,19.23,74.346,0.214,13.86,4.79,28.816,36.3,0.0956,0.045,0.045,0.0218,0.087,0.0919,0.1,0.0301,3.8493,0.0704,0.0006,61.0977,0.0357,1041.7002,0.0172,0.0148,0.0457,0.0163,142.3406,2.8365,0.0177,0.4669,0.0784,3.1673,19.9287,60.8063,43.2794,0.1097,1.8178,0.029,2.3873,0.1563,0.0089,427.0655,63.0945,3420.2254,2199.4789,0.0332,0.051,0.0972,0.7796,0.0495,0.163,0.2818,0.0464,0.1352,5.4597,0.1489,9.4058,0.0285,2.3763,5.0994,23.6236,0.0759,1.5431,1.6289,9.1462,11.4494,0.0319,0.0209,0.0188,0.0095,0.026,0.0482,0.0529,0.0129,1.3342,0.0237,0.0002,17.5528,0.0128,295.5831,0.0109,0.0048,39.2671,0.7525,0.0062,0.1605,0.0256,6.3759,0.9045,3.5921,6.2002,5.2405,2.5324,17.4659,25.5162,5.446,78.8645,2.3949,2.3045,4.1827,1.8495,168.3605,275.2217,4.452,6.009,3.0287,3.472,36.0,69.1272,14.0318,0.8556,1.3475,0.6894,0.3322,5.2715,7.1764,4.1054,7.0055,5.5939,3.0893,54.8175,6.701,2.0398,5.4159,106.5401,4.1215,19.937,79.8343,842.2907,192.926,34.0226,823.6686,100.3549,406.5041,91.0741,50.4564,3.0701,2.9212,0.0566,3.3906,21.8452,0.0,75.6219,228.5714,9.6586,1.7118,18.3425,0.0569,4.842,7.4013,3.3071,7.7103,79.528,17.84,0.76,8.064,0.2928,67.3323,4.4072,0.9556,0.4436,0.0822,47.2964,5.55,0.1219,2.3561,0.0532,2.0832,18.5608,532.7046,1.6932,9.48,0.3483,3.4009,0.09,1.7796,20.5733,0.0192,3.8071,0.0187,0.0108,58.0827
-1.0,3067.25,2214.7111,1.5899,103.9367,1.4043,-0.021,-0.0052,202.1406,12.7335,422.9645,0.9726,192.3724,12.4661,1.4001,-3503.0,-1830.25,1.3005,1.9828,7.383,68.5444,2.0556,0.1907,85.3625,8.5952,64.0145,66.2273,86.7997,63.93999999999998,5.041,360.1827,151.2455,757.9735,0.993,135.7673,647.1955,55.2168,4.601,4.828,2902.0,0.9257,-7.8309,362.16,10.2935,123.4145,18.1246,27.8309,35.2894,722.6842,143.4964,629.0709,114.075,-0.0337,0.0267,-0.064,-0.0011,-0.0987,-0.011,-0.0465,7.5574,0.1374,0.9864,1861.5607,0.196,8886.5501,0.0356,-0.0112,0.0176,0.0664,0.459,0.933,707.5662,0.9905,59.3844,0.5968,0.9682,6.3308,15.77,2.824,15.81,15.8,1.068,0.4914,3.396,1.419,0.8284,2.3715,1004.5381,124.0,241.9,222.0,87.1003,280.9139,0.3822,0.1385,0.0487,0.0559,0.0092,6.5295,12.843,7.639,0.0069,0.31,0.0767,1106.0,3604.0,0.092,0.121,0.088,1.8,0.607,0.8576,0.1268,0.4657,0.293,0.6545,0.816,0.1609,14.625,10.13,28.315,0.619,13.97,14.83,27.244,96.502,0.0746,0.0676,0.0649,0.044,0.0571,0.0863,0.0266,0.055,3.7138,0.0662,0.0015,124.2751,0.0586,641.0996,0.0137,0.0092,0.1198,0.0455,54.2448,2.0218,0.0379,0.5373,0.0784,3.1673,33.7619,96.9634,81.1714,0.1529,1.4813,0.0505,3.6003,0.0744,0.0272,513.038,68.3252,181.8882,1714.5593,0.038,0.0517,0.0417,0.527,0.0416,0.1989,0.355,0.0474,0.1424,7.1979,0.2858,5.8709,0.0636,4.57715,3.97,9.2796,0.218,4.4283,5.394,8.4191,26.1093,0.0223,0.0311,0.0317,0.0202,0.0159,0.0481,0.0115,0.0265,1.0296,0.0238,0.0005,35.9658,0.0181,188.713,0.0162,0.0129,16.1794,0.7331,0.0104,0.1668,0.0256,6.3759,0.9045,5.6366,7.8865,9.6015,3.906427332733898,18.8043,24.0366,9.8627,100.8596,1.8061,0.7137,2.4867,5.4803,11.5044,196.913,7.0742,6.1026,1.1919,2.626,72.973,78.6713,18.0018,1.0047,1.4749,0.7275,0.2732,5.7971,9.8912,2.8513,16.209,10.6208,1.5652,51.2797,2.0939,6.0135,7.3087,77.0777,3.7698,17.7641,84.5952,221.078,162.5977,68.7769,0.0,87.3924,240.724,118.216,49.1409,2.4021,2.7971,0.1511,6.6759,29.9036,256.8935,64.2487,0.0,26.109,4.8807,7.6664,0.0957,3.4046,8.4874,3.3071,7.7103,80.61227714803523,17.285784821111296,1.302894249541154,7.698142698842566,0.5265202610136159,71.64216964880353,4.26083206575088,1.5886572864783377,0.228,0.0478,23.3263,6.473419097130351,0.1551203447746052,2.604478572838107,0.06492170840405634,2.44611888177838,21.926184549086816,534.6436,2.339,8.35,0.3425,2.5471,0.1172,1.5618,14.6437,0.0154,3.0882,0.0187,0.0108,58.0827
-1.0,2973.52,2214.7111,1.5899,103.9367,1.428,-0.0169,0.0016,200.7819,11.1864,408.3481,0.9744,191.0457,12.4661,1.4004,-1876.75,80.75,1.296,2.0223,7.284,66.2667,2.8333,0.2207,85.5361,8.536,63.9167,66.2273,86.7687,63.93999999999998,5.041,348.0055,129.7118,714.4248,1.0099,135.3,613.0173,49.4915,4.594,4.85,2824.0,0.9359,0.5373,348.15,10.5393,110.2491,11.2243,19.4627,24.3275,690.0973,144.5727,602.9718,116.1343,-0.025,-0.0077,-0.0663,0.0109,-0.1286,-0.0077,-0.0383,8.6068,0.1283,0.9836,1807.54,0.1543,8526.5301,-0.021,-0.0493,0.0367,-0.0027,0.4691,0.952,746.688,0.9905,59.9068,0.6008,0.9666,6.2743,15.77,2.824,15.81,15.8,1.068,0.4914,3.396,1.419,0.8284,2.3715,1004.5381,141.0,95.0,114.7,87.1003,280.9139,0.3822,0.23175000000000004,0.11930000000000002,0.10045,0.0079,7.7185,13.586,10.378,0.0059,0.31,0.0662,370.0,911.0,0.086,0.086,0.128,3.3,0.413,0.9858,0.1277,0.4761,0.4484,0.6217,0.717,0.1637,7.12,23.69,24.972,0.329,19.3,6.03,32.498,98.73,0.0696,0.0594,0.0532,0.0627,0.0538,0.0686,0.0973,0.0625,2.5226,0.0648,0.0034,115.6295,0.0533,912.9004,0.0087,0.0127,0.120188138292432,0.0198,89.0928,3.6145,0.0422,0.3765,0.0784,3.1673,36.8516,27.9866,40.958,0.1529,1.4813,0.08085,3.6216,0.0744,0.0233,157.2903,240.7286,3190.9372,491.5075,0.0407,0.0394,0.0694,0.9566,0.052,0.1529,0.3641,0.0512,0.0969,3.7388,0.2283,9.445,0.049,2.352,6.9324,7.4801,0.1037,1.8461,1.3679,9.9714,36.8175,0.0206,0.025,0.0225,0.0281,0.0131,0.0294,0.0515,0.0267,1.0013,0.0179,0.001,35.6575,0.0154,275.1886,0.02801905827358544,0.0057,27.7498,1.2313,0.0126,0.1167,0.0256,6.3759,0.9045,6.2522,3.1949,4.7505,3.906427332733898,18.8043,24.0366,16.1177,121.4514,2.5415,0.6021,2.4867,4.7258,298.58439999999996,0.0,6.6358,4.2527,1.7573,4.9799,49.4118,79.7583,12.6558,1.1525,1.4958,0.7449,0.2077,3.0316,8.3262,4.3996,16.2056,5.2624,3.8645,50.4571,6.2321,3.1217,8.2812,171.9485,4.7092,17.2292,85.0137,278.609,90.411,94.5345,491.6048,53.3437,0.0,163.292,29.3097,2.1043,2.634,0.3431,6.3971,34.5387,536.1478,36.0265,558.4906,26.600115265074077,2.0787,11.9317,0.144,6.0336,6.001,3.3071,7.7103,77.0092718438203,17.01207841448875,1.2161749030306321,7.665944085579379,0.48834030379570503,61.00202256654293,4.21277296020827,1.6112249485253283,0.228,0.0478,23.3263,6.5148457494432295,0.13999939718919427,2.491506286651597,0.056317375189619184,2.4690565169210044,20.6493832059449,533.7055,1.8993,11.78,0.2684,3.9233,0.0787,2.2072,14.1308,0.0126,2.508,0.0187,0.0108,58.0827
-1.0,2999.81,2178.7333,0.7367,101.4922,1.4542,-0.0362,-0.0025,199.7665,7.5332,408.7915,0.9781,189.5953,12.4496,1.3908,-3699.0,1573.0,0.9855,1.8885,5.1638,66.4444,2.7778,0.206,85.1712,8.5405,64.1314,66.2364,86.8378,76.57,3.732,359.4009,150.5409,756.5746,1.0272,137.8545,647.7964,51.5484,4.566,4.808,2909.0,0.9271,3.1136,360.8418,10.6248,113.6545,23.1546,33.141349999999996,42.99620000000001,709.1935,150.1455,624.6418,110.0129,0.034,-0.013,-0.0734,0.0053,-0.13235000000000002,-0.0297,-0.0263,6.7468,0.1252,0.9786,1940.215,0.1706,8601.6601,0.0334,-0.0772,-0.0182,0.0889,0.4717,0.933,760.8487,0.9901,59.0588,0.5945,0.9679,6.4643,15.85,4.422,15.88,15.84,1.177,0.7184,3.1,0.5204,0.689,2.3078,1015.3522,80.0,163.6,172.5,47.0999,224.705,0.0958,0.1375,0.11930000000000002,0.10045,0.0107,9.6433,3.535,15.924,0.0061,0.26,0.0577,518.0,29.0,0.14,0.084,0.157,2.1,0.169,0.7716,0.078,0.569,0.2765,0.7661,1.042,0.1462,14.22,10.0,15.302,0.552,10.39,10.95,18.1039,84.497,0.0989,0.0939,0.0784,0.0855,0.0836,0.1075,0.0898,0.027,3.63,0.0459,0.0069,97.058,0.0347,1204.7002,0.0225,0.0132,0.0344,0.0273,122.6064,2.5935,0.0325,0.3615,0.0768,4.1002,20.7374,55.9745,63.0057,0.0333,1.9727,0.0485,1.1485,0.0708,0.023,224.5653,326.798,533.1585,13.4907,0.0588,0.0349,0.08,0.6307,0.02,0.0574,0.3216,0.0319,0.1561,6.8944,0.2731,4.9354,0.0505,4.4101,3.1675,4.1096,0.163,2.9671,3.4244,5.2536,27.4413,0.0296,0.0401,0.0353,0.0437,0.0257,0.046,0.0421,0.0126,1.3543,0.0147,0.0021,32.4206,0.0106,379.7923,0.0072,0.007,36.4246,0.8628,0.01,0.1339,0.024,5.9144,1.3597,3.5984,5.4537,6.9628,2.1618,21.6195,13.0099,9.4557,46.9257,3.8954,0.6224,2.0884,4.1509,20.3839,1.8436,14.206,4.448,3.0404,3.1605,32.4,35.4369,3.6178,0.9059,0.9131,0.8872,0.1561,7.0812,9.1005,2.3613,14.2377,10.3152,1.5437,29.6847,2.1864,5.1954,3.0971,44.8723,2.5528,7.7212,76.8064,291.0429,178.9424,116.5644,0.0,74.8216,302.1026,102.8571,53.8027,1.5977,1.8695,0.7002,5.0024,20.3329,158.5586,50.0,414.4578,7.3021,2.9218,16.1144,0.0721,4.3914,5.5916,3.3281,9.3605,76.5039357136023,17.148816119887226,1.2066417785323886,7.672887307004355,0.5049730491807367,78.26334791362197,4.220723929970205,1.5567652449846947,0.1124,0.0284,11.6369,7.06,0.1401,3.0112,0.0594,2.8564,21.2623,533.6318,2.2147,8.37,0.4917,2.8866,0.1232,1.5685,22.2006,0.0116,2.2845,0.0187,0.0108,58.0827
-1.0,3098.79,2214.7111,1.5899,103.9367,1.435,-0.0004,-0.0057,199.191,9.7065,422.7206,0.9602,190.1383,12.46,1.3602,-4697.6667,1521.0,0.9858,1.8807,5.1018,64.9667,2.2778,0.1771,85.1817,8.6211,63.9846,66.1702,86.955,77.92,2.514,350.8555,124.7318,712.7024,1.4149,144.3718,619.9591,218.8032,4.594,4.83,2828.0,0.9354,15.64135,348.7491,10.5217,109.9209,9.9073,14.8109,20.8456,691.8568,151.3818,610.0518,80.847,-0.0326,-0.0076,-0.0487,0.0172,-0.121,-0.026,0.0519,7.1745,0.1283,0.9666,1783.6993,0.1862,9080.7601,0.0089,0.0019,-0.0587,-0.0367,0.4704,0.9386,789.4391,0.9906,58.4781,0.6053,0.9802,6.2942,15.82,4.232,15.91,15.87,1.078,0.6802,3.116,-0.5204,0.6897,2.3128,1005.7904,119.0,209.2,135.4,87.1003,280.9139,0.3822,0.0869,0.11930000000000002,0.10045,0.0268,9.7056,10.878,8.786,0.021,0.47,0.0762,436.0,124.0,0.132,0.089,0.322,2.0,0.118,0.631,0.0928,0.5188,0.3157,0.8079,0.297,0.0897,3.86,17.51,40.141,0.205,24.56,3.47,28.083,114.975,0.0818,0.0601,0.0335,0.1088,0.085,0.0869,0.0908,0.1233,3.9964,0.0991,0.0055,95.3174,0.0337,822.5,0.0163,0.0252,0.0574,0.0234,80.8605,2.2361,0.031,0.4547,0.0624,2.4706,28.558,79.7483,47.2077,0.1529,1.4813,0.0362,3.6961,0.1544,0.0259,191.7672,252.4718,2578.3173,58.2237,0.0545,0.0394,0.1324,0.7053,0.0422,0.0396,0.231,0.0354,0.1079,4.8892,0.0961,8.5666,0.032,1.2291,4.9956,13.5197,0.0765,1.0743,1.2943,9.0523,32.6939,0.0253,0.0276,0.0158,0.0524,0.0297,0.0437,0.0471,0.061,1.6421,0.03,0.0018,31.5644,0.0087,227.4481,0.0111,0.0075,22.1758,0.6464,0.0101,0.1499,0.021,6.7733,0.9231,5.275,6.751,5.5186,3.906427332733898,18.8043,24.0366,6.0556,112.0698,2.0784,2.1849,3.7721,5.6021,103.5408,8.1525,13.3908,4.7322,6.3116,3.0785,35.122,62.6725,2.5474,0.7408,1.0765,0.8108,0.2094,3.9589,5.9167,3.9274,6.3404,2.6737,2.8244,18.3457,6.4645,1.9483,4.9399,247.8984,4.0591,26.2429,142.2131,250.728,92.3195,223.5234,495.6268,71.833,348.8953,237.6867,55.7027,1.8706,4.1589,0.5701,5.3438,18.0951,0.0,45.8781,0.0,12.2031,2.4921,10.2428,0.0772,3.8238,7.2244,2.6983,6.1686,77.61,13.82,0.91,5.7444,0.3745,81.2449,3.3806,1.1725,0.588,0.0989,61.233,8.28,0.1742,3.349,0.0703,3.0935,22.0298,534.1773,2.2813,9.78,0.4203,3.3796,0.1185,1.8308,18.423,0.0227,4.462,0.0187,0.0108,58.0827
-1.0,2995.26,2214.7111,1.5899,103.9367,1.4147,0.013,0.005,199.1989,8.9478,417.6391,0.9681,189.4473,12.4759,1.397,-5953.5,1390.5,1.318,1.969,7.33,69.9556,1.9667,0.1442,87.4809,8.6829,65.0056,66.5518,86.9236,63.93999999999998,4.97,349.4982,131.5191,719.0644,1.3563,145.7455,626.7627,206.4584,4.595,4.847,2823.0,0.9368,1.23,348.1136,10.575,112.7491,16.8291,18.77,26.281,692.7834,149.0709,609.9336,107.3084,-0.0025,-0.0077,-0.0307,0.0572,-0.1011,-0.0158,0.0107,7.3998,0.1252,0.9888,1804.06,0.1893,9357.49,0.0757,0.0121,0.1341,0.0434,0.4693,0.9393,800.2382,0.9902,57.713,0.6021,0.9686,6.2465,15.85,4.325,15.87,15.92,1.456,0.7094,3.145,0.2838,0.716,2.2881,1004.7456,151.0,65.7,112.6,87.1003,280.9139,0.3822,0.1271,0.0663,0.0789,0.0244,9.8104,9.903,6.852,0.0178,0.63,0.0599,779.0,16660.0,0.249,0.066,0.186,2.0,0.35,0.6262,0.0562,0.3712,0.2162,0.7079,0.719,0.0907,10.27,17.31,76.386,0.222,18.93,4.59,28.675,61.208,0.1527,0.0649,0.0418,0.1097,0.1035,0.1194,0.0671,0.0593,3.7068,0.0405,0.0016,83.7582,0.0241,1024.5996,0.0256,0.0233,0.120188138292432,0.0283,82.3836,2.6764,0.0371,0.4937,0.0686,2.996,33.0411,20.2135,35.3315,0.1529,1.4813,0.0446,2.7955,0.1847,0.0154,365.4322,196.2114,3524.4185,7155.6285,0.1086,0.0295,0.0862,0.7213,0.0458,0.1321,0.2998,0.0213,0.1109,5.7926,0.1986,9.3868,0.0351,2.802,5.0207,22.7558,0.0557,1.5912,2.1858,10.0893,16.9149,0.0418,0.0266,0.0182,0.0484,0.0278,0.0597,0.0369,0.0256,1.2221,0.0145,0.0005,30.51,0.0066,340.324,0.02801905827358544,0.0111,28.4605,0.9153,0.012,0.1645,0.0225,3.1806,0.9889,6.941,2.1935,4.4327,3.906427332733898,18.8043,24.0366,8.9843,110.675,1.6406,1.8366,5.0497,4.2907,117.4939,0.0,18.8923,3.352,2.5375,2.859,55.9322,113.7134,9.9476,0.7158,0.6474,0.4682,0.4236,5.897,6.9039,4.1751,6.6841,7.0465,2.7618,36.9983,6.372,2.0993,7.2018,112.484,4.1391,8.0635,57.0393,0.0,618.59025,356.748,181.0232,118.1301,425.3566,554.2056,50.0938,1.5977,1.6654,0.16,4.6428,12.7559,370.2085,97.5124,0.0,26.600115265074077,3.0149,10.2949,0.0739,4.6374,7.9042,2.9982,8.2293,76.028,25.505000000000003,1.32,11.2556,0.5697,64.2249,6.362449999999999,1.7362,0.0907,0.0268,9.3697,2.07,0.156,0.7922,0.0601,0.7784,24.2943,531.1391,2.3129,10.08,0.3476,3.504,0.0998,1.8978,15.0301,0.026000000000000006,5.21645,0.0187,0.0108,58.0827
-1.0,3065.02,2238.5444,0.901,99.31,1.4984,0.002,-0.0076,199.5062,8.1609,414.9384,0.958,190.1913,12.6063,1.3985,-2521.0,1489.25,0.9695,1.8868,5.0118,68.9444,2.3333,0.1562,85.564,9.7484,63.7678,66.4937,87.0605,63.93999999999998,2.746,351.3427,129.06,718.9511,1.3006,143.01,623.4127,176.6557,4.592,4.834,2835.0,0.9348,13.5955,348.4864,10.8197,102.6555,22.3027,26.4045,34.0436,684.9074,149.9682,601.11,97.2885,-0.0189,-0.0152,-0.0692,0.0122,-0.1055,-0.0189,-0.0349,7.2921,0.1307,0.9744,1801.1735,0.1938,8673.7102,-0.0242,-0.026,-0.0368,0.0499,0.4738,0.9493,747.4482,0.99,55.696299999999994,0.6018,0.9806,6.303,15.82,4.317,15.91,15.88,1.38,0.6809,3.101,0.8042,0.6518,2.3132,1003.5673,110.0,62.9,119.8,80.2002,284.437,0.2501,0.1127,0.0996,0.0957,0.0328,9.7437,3.561,15.302,0.0217,0.59,0.1051,396.0,63.0,0.111,0.086,0.169,2.8,0.125,0.8054,0.2068,0.6932,0.3907,0.7981,0.529,0.0821,7.99,17.86,69.101,0.249,17.56,8.2,27.016,47.851,0.0822,0.0569,0.0403,0.0544,0.0807,0.1364,0.0991,0.0391,5.823,0.0826,0.0011,39.1058,0.0449,1255.2998,0.0155,0.028,0.0516,0.014,122.8742,2.3064,0.0181,0.5603,0.0608,3.5981,30.6953,20.5665,46.0143,0.0882,0.9053,0.0381,1.1367,0.1692,0.0397,172.2885,330.1842,2537.6731,30.2366,0.046,0.0366,0.0748,0.9567,0.0241,0.0374,0.3198,0.0847,0.0536,5.889,0.1329,9.0224,0.0252,2.5323,5.0909,21.9602,0.0952,2.6233,2.4269,9.3897,15.4901,0.026,0.0273,0.0167,0.0233,0.0246,0.0658,0.0474,0.0177,2.2077,0.0254,0.0003,11.339,0.014,381.2928,0.0114,0.0047,39.6435,0.6713,0.0054,0.1822,0.0212,4.0836,1.076,4.9735,2.0522,4.7624,3.5827,17.1436,27.7575,7.5214,43.6348,3.6878,2.2697,4.6802,7.5117,210.4324,4.2303,11.4492,4.5581,3.3721,4.0612,34.2857,44.1679,2.7024,0.9413,2.1214,1.0871,0.0947,5.516,5.633,4.0914,6.3115,5.587,2.8649,39.1162,6.1587,2.3013,9.2737,78.7349,3.9445,14.7358,49.1846,435.3525,458.871,78.6127,662.8337,129.3197,525.7294,111.8741,79.8539,2.6005,3.4666,0.1141,2.1711,23.1466,0.0,57.2146,0.0,10.8828,1.4725,16.4392,0.0828,4.2029,8.8897,2.6287,9.4225,74.248,11.73,1.11,5.5326,0.4604,114.2945,2.851,1.495,0.4906,0.1528,37.851,5.45,0.235,2.4594,0.0861,2.0811,33.5018,534.1755,2.532,6.79,0.4113,2.403,0.1102,1.2711,16.2458,0.0104,2.0634,0.0187,0.005,26.7738
-1.0,3091.11,2238.5444,0.901,99.31,1.4293,-0.0171,-0.0075,198.6064,8.0911,417.9449,0.9578,189.9064,12.4104,1.4128,-1363.875,-1361.25,1.2868,2.0208,7.425,69.4,1.8,0.1523,88.2693,8.9416,65.0056,66.595,86.9601,63.93999999999998,5.041,361.7373,147.4609,754.5664,1.1419,138.3945,647.5927,212.7289,4.601,4.828,2902.0,0.9257,-2.9273,360.9691,10.1833,124.5336,14.0973,22.9273,31.7642,722.8022,147.9927,633.4954,102.1196,0.022,-0.0009,-0.0728,0.057850000000000006,-0.0781,-0.0255,-0.0381,6.9477,0.1375,0.9887,1820.0498,0.2038,8784.21,-0.0594,-0.0205,0.0414,0.0222,0.4729,0.9625,608.6508,0.9904,60.1496,0.6028,0.9799,6.2881,15.82,4.317,15.91,15.88,1.38,0.6809,3.101,0.8042,0.6518,2.3132,1003.5673,122.0,75.0,55.3,80.2002,284.437,0.2501,0.0871,0.0851,0.0488,0.0106,9.641,4.879,12.056,0.0228,0.54,0.0566,1841.0,838.0,0.156,0.133,0.118,1.6,0.293,0.6556,0.0736,0.4272,0.1287,0.8217,0.472,0.0756,6.66,11.01,51.937,0.773,17.12,13.01,24.591,99.788,0.16345,0.0557,0.0276,0.0598,0.16685000000000003,0.0901,0.0724,0.0437,2.8874,0.0399,0.0009,145.4692,0.0565,1164.5,0.0209,0.0103,0.0479,0.0225,98.8727,3.9065,0.0344,0.4189,0.0608,3.5981,31.4495,27.2617,18.0744,0.0882,0.9053,0.0251,1.5449,0.1594,0.0178,808.3114,246.6825,5823.189049999999,408.8784,0.0712,0.0546,0.0485,0.5408,0.029,0.0991,0.276,0.0289,0.1424,4.9208,0.1571,5.1863,0.0273,2.0813,3.0145,15.8088,0.2429,3.6513,4.3857,7.4063,30.2327,0.045450000000000004,0.026,0.0134,0.0259,0.0485,0.0445,0.0359,0.0219,1.0358,0.014,0.0003,43.9359,0.016,385.3654,0.0077,0.0073,35.9012,1.2878,0.0103,0.1386,0.0212,4.0836,1.076,5.6553,2.4263,2.1937,3.5827,17.1436,27.7575,6.0937,60.3009,2.8846,2.3801,4.3512,4.0048,0.0,61.5611,12.1236,6.5817,1.5892,2.3055,100.0,70.2407,8.3879,0.7121,0.8235,0.5459,0.2369,4.1992,7.5342,2.3861,6.6223,4.8123,1.7001,24.4146,2.0939,7.5909,4.7939,121.4421,3.4022,20.4062,97.7168,0.0,219.5074,82.1993,333.9337,115.4019,283.6435,114.7735,41.5593,1.9632,1.6536,0.0902,7.9926,27.7409,0.0,38.5542,0.0,10.1194,2.3426,16.4352,0.1803,6.4946,6.6625,2.6287,9.4225,80.50062745754039,17.510693424549704,1.3483643053874783,8.032298631115388,0.5556778414365837,55.164181441790966,4.2858374102299726,1.6288334042991583,0.228,0.0478,23.3263,6.11,0.1763,2.7163,0.0668,2.2694,25.5291,535.8209,2.0976,7.3,0.1571,2.2672,0.0481,1.3624,7.4895,0.0151,3.0052,0.0187,0.005,26.7738
-1.0,2941.71,2196.6889,1.5925,99.1133,1.4291,-0.0048,-0.0185,199.9388,8.6533,417.0018,0.9567,189.7577,12.4869,1.4073,-3587.25,814.5,1.273,1.9855,7.2793,69.4556,2.2333,0.1779,83.8879,9.1757,64.3159,66.5922,86.9721,67.17,3.967,364.4836,127.9864,732.3237,1.3656,143.4045,635.8745,203.8748,4.633,4.886,2866.0,0.9227,13.3745,359.6573,10.9666,101.3609,28.095450000000003,26.6255,35.4148,696.9089,145.9273,606.9455,106.851,-0.0269,-0.0077,-0.0732,0.04,-0.0993,-0.0254,-0.0472,6.6588,0.1389,0.9869,1878.9894,0.1901,8328.0801,0.0033,-0.0353,0.0187,0.0604,0.4604,0.933,685.9185,0.9867000000000001,58.4126,0.6017,0.963,6.3714,15.82,4.317,15.91,15.88,1.38,0.6809,3.101,0.8042,0.6518,2.3132,1003.5673,80.0,95.7,110.8,60.3999,177.502,0.4493,0.1102,0.0927,0.0492,0.0301,9.7451,6.791,13.929,0.0234,0.61,0.0376,608.0,81.0,0.18,0.177,0.17,2.7,0.382,0.5922,0.1025,0.4757,0.2374,0.8575,0.731,0.1769,7.41,23.71,87.676,0.18,19.39,7.85,33.077,77.329,0.16345,0.0402,0.0257,0.0729,0.16685000000000003,0.0944,0.09,0.0415,4.3066,0.0459,0.0033,151.6287,0.0262,690.7002,0.0154,0.0212,0.120188138292432,0.0271,56.8355,4.9453,0.0257,0.3241,0.0608,3.5981,20.7374,33.7376,39.8124,0.1364,2.3748,0.0401,2.1223,0.18,0.0134,280.8374,82.6131,762.2206,35.7071,0.0884,0.0768,0.0831,0.8383,0.0497,0.1249,0.2589,0.0368,0.1076,6.003,0.2131,10.6637,0.0469,2.2567,6.9428,32.2627,0.0576,2.1368,1.4598,10.4808,24.8987,0.045450000000000004,0.0174,0.012,0.0323,0.0485,0.0468,0.0458,0.0196,1.5617,0.0149,0.0012,46.6406,0.0082,280.386,0.02801905827358544,0.0069,22.7181,1.5366,0.0072,0.1029,0.0212,4.0836,1.076,3.5984,3.2532,4.3805,2.7496,11.1418,28.2114,7.7111,78.479,3.3403,2.448,4.8851,2.6689,47.4179,9.9448,14.1398,8.9146,2.3354,3.8874,67.1642,80.9494,11.1226,0.7059,1.1172,0.7396,0.2334,5.6518,7.1258,4.7594,12.9567,5.1672,3.7287,43.0048,5.8683,1.6413,9.8263,67.026,4.7462,11.7703,72.3709,868.5078,395.086,99.5562,498.7662,95.0894,354.3307,87.8772,64.6757,1.944,1.8803,0.3326,8.0697,13.7898,0.0,59.4752,715.7895,26.600115265074077,2.8994,8.286,0.25379999999999997,8.4661,5.0864,2.6287,9.4225,76.648,22.32,0.71,9.9319,0.3283,35.4367,5.4587,0.9263,0.0907,0.0268,9.3697,3.92,0.0888,1.6601,0.0355,1.4786,10.2763,531.3882,2.297,9.62,0.4845,3.4163,0.1484,1.8104,21.0919,0.0137,2.7681,0.0225,0.0053,23.7892
-1.0,3019.05,2196.6889,1.5925,99.1133,1.4204,0.0011,-0.0135,197.824,7.3643,412.9031,0.9593,188.1121,12.6278,1.394,-2401.75,1545.0,0.985,1.8965,5.228,72.8222,1.8667,0.1216,85.482,9.3998,64.2033,66.3747,87.2029,65.12,2.939,351.9036,119.7282,708.2074,1.4826,146.8491,618.4809,199.8288,4.609,4.843,2821.0,0.937,15.64135,349.2509,10.6245,107.1909,10.4509,12.5373,17.8135,690.3938,151.5882,608.03,86.8452,-0.024,-0.0124,-0.0745,0.0504,-0.0989,-0.0125,-0.0376,7.5669,0.1318,0.9876,1892.1915,0.1893,8648.7,-0.0135,-0.0419,-0.0098,0.0915,0.466,0.9445,672.031,0.9904,59.4917,0.6009,0.9705,6.2064,15.82,4.317,15.91,15.88,1.38,0.6809,3.101,0.8042,0.6518,2.3132,1003.5673,80.0,100.0,160.1,60.3999,177.502,0.4493,0.0729,0.0692,0.0809,0.0264,6.3386,4.104,12.226,0.0204,0.55,0.0458,486.0,66.0,0.112,0.083,0.096,3.9,0.175,0.5095,0.1872,0.5517,0.3155,0.8867,0.263,0.0803,6.43,15.59,62.217,0.278,18.04,2.96,27.941,156.243,0.16345,0.0605,0.0462,0.0463,0.16685000000000003,0.1003,0.0864,0.04,4.3847,0.0405,0.0029,144.8187,0.038,1101.2002,0.0133,0.0144,0.0315,0.0177,113.0685,2.0357,0.0343,0.411,0.0608,3.5981,20.7374,30.2518,51.3185,0.1364,2.3748,0.0243,1.3992,0.1672,0.0161,201.3411,281.744,4649.0263,27.0555,0.046,0.0347,0.0418,1.2225,0.0345,0.0667,0.1989,0.0786,0.0872,5.8049,0.0853,8.5557,0.0233,1.8722,4.8795,21.0618,0.0768,0.9556,1.3408,9.0877,50.93910000000001,0.045450000000000004,0.0286,0.0227,0.0202,0.0471,0.0512,0.0447,0.0223,1.4161,0.0145,0.0011,45.6314,0.0129,343.8783,0.0063,0.0063,36.8583,0.6314,0.0119,0.1378,0.0212,4.0836,1.076,3.5984,3.3123,6.5031,2.7496,11.1418,28.2114,5.1323,55.7285,2.961,2.1254,4.3555,3.2869,298.58439999999996,4.2718,11.3706,4.3765,1.8363,5.3555,53.5714,99.543,3.7277,0.596,1.9916,0.8593,0.1327,5.368,6.0637,3.8942,5.4171,4.3786,2.5207,31.1351,6.0818,2.6166,5.8494,172.6169,4.0471,35.0417,172.49815,907.556,410.1695,62.1477,360.1637,101.3643,692.5852,106.5246,57.9459,1.7448,1.6654,0.2913,7.6535,20.055,0.0,36.8618,888.8889,6.7535,1.8756,16.8249,0.0681,3.4218,6.6218,2.6287,9.4225,77.438,21.37,0.93,10.098,0.3668,72.2238,5.2149,1.201,0.1898,0.0391,19.874,3.4,0.1465,1.4613,0.0562,1.2824,22.0854,531.5864,2.4302,8.38,0.1945,3.0096,0.0717,1.5764,8.0031,0.0109,2.174,0.0225,0.0053,23.7892
-1.0,2885.72,2218.5778,0.8396,98.1311,1.4446,-0.0318,0.0286,201.9649,9.1799,413.6262,0.9791,191.9825,12.4492,1.3972,-5584.75,-382.25,1.283,1.9828,7.301,68.1444,2.6222,0.223,84.7529,9.0622,64.2906,66.4854,87.0122,64.74,2.856,359.5491,133.5273,733.8695,1.3346,145.0155,638.0918,235.701,4.635,4.862,2861.0,0.929,4.9991,359.3609,10.1448,118.5264,12.8118,15.0009,22.588,711.2815,147.3927,625.28,78.8446,-0.0106,-0.0018,0.0044,0.0219,0.0124,-0.0222,-0.0207,8.2522,0.1361,0.9884,1814.3406,0.1548,8430.06,0.0408,0.1311,-0.0675,-0.0475,0.46251106757013916,0.9605,675.0017,0.9907,59.0167,0.6028,0.9682,6.3472,15.891044667341294,4.517136509522148,15.957860070763097,15.936848958090897,1.3138700513170032,0.7461583933296231,3.17061367190349,-0.20547524414776408,0.6887994604875731,2.3078,1015.3522,136.0,231.9,176.8,76.2002,506.028,0.2631,0.1448,0.11930000000000002,0.10045,0.0089,6.3909,6.154,7.759,0.0044,0.34,0.0239,749.0,831.0,0.13,0.095,0.074,3.0,0.393,0.7071,0.2333,0.5676,0.3572,0.96,0.36,0.1903,8.12,17.1,81.022,0.607,20.2,4.75,35.177,92.039,0.0789,0.0481,0.0338,0.0299,0.0743,0.0747,0.0804,0.0527,2.9495,0.0236,0.0007,83.2742,0.0205,1073.0996,0.017,0.0306,0.05670072430054779,0.0151,140.4161,3.5672,0.0225,0.6043,0.0768,4.1002,34.4617,70.461,55.3487,0.0814,2.7713,0.0487,2.1556,0.0901,0.0091,352.3676,234.2499,2357.0922,383.9014,0.0553,0.0448,0.0352,0.9409,0.0458,0.1463,0.2775,0.0954,0.1489,5.9614,0.1336,9.9311,0.0535,2.3126,5.7519,20.383,0.2208,1.5973,2.3191,10.4499,28.8761,0.0257,0.02,0.0159,0.0169,0.0248,0.0319,0.0433,0.027,0.9381,0.0097,0.0002,27.894,0.0069,294.9718,0.014567396314010841,0.0042,39.7531,1.2376,0.0077,0.1918,0.024,5.9144,1.3597,6.0503,8.0361,6.8641,3.4346,31.0014,31.3378,10.0234,67.0377,1.8758,0.454,2.7311,1.7128,90.5143,217.397,10.1325,4.7913,1.0136,4.4024,76.2712,75.7848,11.674,0.8343,2.5743,0.8829,0.2167,5.29,6.5455,4.5456,14.2604,5.5994,2.6799,34.3749,5.6469,5.9833,8.7575,157.667,4.9456,29.4104,116.7346,746.5405,310.3226,674.4361,339.3663,600.0,362.1622,254.5894,35.7414,3.8812,0.971,0.0722,4.5898,13.2321,0.0,109.2896,300.7092,12.649956049487583,1.5698,20.8023,0.183,6.0445,9.52,3.3281,9.3605,82.544,17.9,1.05,7.7858,0.4993,94.685,4.4321,1.2721,0.1001,0.0259,10.3089,3.84,0.0707,1.3939,0.0251,1.5538,11.7694,534.3564,2.3688,7.55,0.44,2.7336,0.1282,1.4129,18.5733,0.026000000000000006,5.21645,0.0032,0.0164,255.5817
-1.0,3054.7,2201.5889,1.3886,105.4122,1.5305,0.0007,-0.0068,200.7318,8.7155,414.1205,0.958,190.5477,12.4753,1.4153,-6025.0,-7175.24995,1.2875,1.9995,7.2495,69.7778,2.2778,0.1979,86.3857,8.8513,63.7749,66.2673,87.0205,76.23,3.417,350.6891,134.4555,720.2223,1.0126,133.2527,618.3973,57.5504,4.563,4.791,2830.0,0.9364,1.9145,348.1664,10.3242,116.37,10.2,18.0855,22.9765,697.2458,143.6609,608.1973,120.868,-0.0416,0.0014,-0.0016,-0.0316,-0.0166,-0.0205,-0.0478,7.968,0.1374,0.9886,1733.5523,0.1598,8266.7601,0.0974,0.1218,0.0122,0.0731,0.48360055090319043,0.9506,712.2911,0.9911,57.7171,0.6019,0.9768,6.1557,15.82,4.461,15.9,15.9,1.154,0.7335,3.223,0.0,0.6383,2.3194,1005.3694,135.0,164.6,223.1,53.0,194.41,0.1209,0.068,0.0537,0.0819,0.0273,10.2931,9.702,16.345,0.0232,0.64,0.0292,487.0,7826.0,0.064,0.044,0.161,2.2,0.507,0.9174,0.1717,0.5225,0.4191,0.7129,0.83,0.1363,9.62,20.01,18.308,0.297,18.28,4.26,32.498,93.511,0.1354,0.0528,0.0297,0.0654,0.1623,0.1125,0.0765,0.0772,2.1147,0.088,0.0018,52.4263,0.0232,1653.7002,0.0259,0.0174,0.0827331051603932,0.0147,155.7299,2.7536,0.0154,0.3771,0.0638,5.6151,26.1835,61.9149,69.853,0.0413,2.2811,0.0235,2.8231,0.1819,0.0085,226.6751,367.1753,5641.3931,3323.1786,0.0298,0.02,0.0706,0.7742,0.0409,0.1842,0.3387,0.0665,0.1535,6.9949,0.2749,9.2578,0.0367,2.4747,6.7647,5.1338,0.1052,1.6382,1.9103,10.3528,29.2162,0.0395,0.025,0.0127,0.0278,0.0387,0.0525,0.0423,0.0392,0.7032,0.0259,0.0006,13.5869,0.0087,497.6668,0.012522960353994245,0.0043,45.1252,0.9182,0.0052,0.1206,0.0212,5.054,1.5939,6.0356,5.3884,9.1043,2.4074,20.3323,8.705,4.4429,111.3195,3.9469,2.4264,5.1301,2.0617,196.0,52.8623,4.9709,2.2006,2.2208,3.1529,52.6829,73.2734,14.8836,1.062,1.9395,0.8193,0.2693,6.7268,7.3482,4.2283,13.461,7.2194,3.2358,31.8121,6.7564,2.8767,9.1776,179.2155,4.6609,17.964,77.3662,325.8234,106.8285,0.0,513.2016,677.7108,374.0831,161.6754,26.5404,2.4021,3.6814,0.1772,3.0242,14.5345,0.0,118.77044999999998,341.9847,15.644323402051349,1.5516,21.8632,0.0688,4.7708,6.1268,2.7514,13.4081,74.30637221692332,17.024419890521227,1.2001278573284757,7.9164859207742415,0.4749494516410897,80.59490993150249,4.2212782835895055,1.6463998661298542,0.1222,0.0303,12.4862,4.98,0.0877,2.0902,0.0382,1.8844,15.4662,535.5691,1.7613,6.3,0.2759,2.1787,0.0808,1.1763,15.6663,0.013,2.6094,0.0216,0.0183,84.6151
-1.0,3033.33,2224.0,1.5611,99.83,1.5357,-0.0337,-0.022,199.5226,8.6173,412.4875,0.9711,188.5632,12.4661,1.4074,-3305.5,-610.0,1.2955,2.005,7.2895,68.2556,2.0556,0.1841,88.2693,8.9416,65.0056,66.595,86.9601,63.93999999999998,5.041,366.64,127.8655,730.4641,1.0012,138.2527,632.7582,51.2839,4.657,4.896,2861.0,0.9242,9.5927,362.68,10.3108,117.4582,8.7726,10.4073,15.585,714.8791,146.8164,626.9545,92.7267,-0.0502,-0.038,-0.0739,-0.0019,-0.026,-0.0289,-0.0409,6.8896,0.1274,0.9627,1841.8206,0.178,8409.67,-0.0566,0.0288,0.0665,-0.0428,0.4737,0.9234,704.1989,0.9867000000000001,58.4135,0.6041,0.9701,6.2754,15.82,4.394,15.88,15.85,1.418,0.6881,3.1,-0.4258,0.621,2.3149,1003.5557,101.0,119.9,88.3,55.6001,235.875,0.5065,0.1234,0.0858,0.0498,0.0327,9.8142,3.962,8.801,0.0079,0.31,0.0434,505.0,1216.0,0.118,0.119,0.173,2.5,0.491,0.6556,0.0736,0.4272,0.1287,0.8217,0.913,0.1693,10.23,24.04,20.974,0.416,14.63,6.57,36.836,73.478,0.1092,0.0389,0.0458,0.0318,0.0623,0.0685,0.0987,0.033,4.2739,0.0932,0.0121,104.9456,0.0628,1188.5996,0.0109,0.0303,0.120188138292432,0.0311,92.5806,5.046,0.0339,0.5302,0.0566,4.5552,27.5865,33.2586,24.5102,0.1716,1.3873,0.0398,1.2409,0.0744,0.0144,208.6448,114.1782,144.8689,630.3269,0.0547,0.0506,0.0764,0.8202,0.0498,0.1762,0.276,0.0289,0.1424,7.0251,0.2702,10.7059,0.0615,3.3025,6.5959,6.9863,0.1309,2.0131,2.2397,10.9772,27.4863,0.034,0.0172,0.022,0.0134,0.0174,0.0282,0.0469,0.0165,1.6494,0.0282,0.0046,41.5361,0.0181,370.2804,0.02801905827358544,0.01,30.0393,1.539,0.0096,0.1752,0.0189,5.2727,1.325,4.4389,3.9528,3.5144,2.5,15.62,32.4437,8.0354,45.9774,2.1336,0.8101,2.4867,3.0837,9.4388,199.3443,9.1085,5.9352,2.3733,3.6627,63.2432,90.1629,14.4299,0.7121,0.8235,0.5459,0.2369,5.0486,8.0553,4.8862,16.9067,7.3995,3.7992,40.8978,5.8835,4.0346,10.7528,166.7684,5.1528,18.6758,79.2415,217.3675,44.7126,43.0166,0.0,263.2085,341.5225,80.5861,62.0342,1.962,3.9742,1.262,5.6979,35.2749,0.0,52.4138,774.1935,26.600115265074077,3.3705,13.1469,0.25379999999999997,8.6384,8.4489,2.4436,10.3695,73.404,15.4,0.47,6.7612,0.2143,19.8142,3.7716,0.6403,0.5058,0.0834,50.2702,4.78,0.3087,1.8191,0.1158,1.9192,38.05341532073962,534.8873,2.4691,6.62,0.3094,2.3899,0.0966,1.2376,12.5306,0.0152,3.038,0.0262,0.0076,29.1606
-1.0,2926.4,2180.9666,1.399,106.3311,1.3899,0.0054,0.0103,199.2606,9.3289,425.3374,0.9713,188.8288,12.4616,1.421,-6375.125,-294.75,1.2877,2.0143,7.3647,66.3778,2.7333,0.2176,84.8399,8.5266,64.0317,66.192,86.924,78.1,3.021,349.15,135.1391,720.3876,1.0204,135.5336,619.8227,57.0259,4.563,4.791,2830.0,0.9364,1.8182,347.1264,10.3612,116.9573,10.5607,18.1818,23.2779,697.1097,146.2909,610.3745,133.4808,0.0102,0.0174,-0.0383,0.027,-0.0019,-0.0184,-0.0269,7.6993,0.1375,0.9573,1970.9660000000001,0.1845,9714.22,0.133,0.053,-0.0906,0.0139,0.46209053484553153,0.9203,868.6257,0.9907,58.7173,0.6039,0.9764,6.1528,15.82,4.232,15.91,15.87,1.078,0.6802,3.116,-0.5204,0.6897,2.3128,1005.7904,99.0,242.0,185.4,49.3,380.8229,0.1548,0.0937,0.0352,0.0389,0.0276,9.8668,12.406,23.766,0.0141,0.51,0.1216,583.0,935.0,0.132,0.064,0.201,3.2,0.499,0.8251,0.1052,0.5321,0.2951,0.6651,0.722,0.1539,7.32,22.34,12.101,0.397,16.37,5.01,33.899,67.551,0.0797,0.0592,0.0363,0.0784,0.0784,0.1024,0.0788,0.0534,2.6143,0.0283,0.006,93.2708,0.0274,615.0996,0.0157,0.0174,0.051709365794084416,0.0168,62.9435,2.2137,0.034,0.428,0.0624,2.4706,29.0957,85.3575,68.1269,0.0423,2.5284,0.0338,3.2165,0.1588,0.04,268.4416,212.8855,3941.2057,419.8471,0.0624,0.0291,0.0839,0.9985,0.0625,0.1469,0.3098,0.0413,0.1115,5.5382,0.2599,9.9001,0.0469,2.1844,6.3887,3.9429,0.1138,1.3741,1.3228,10.5922,18.9531,0.0216,0.0248,0.0182,0.0363,0.0243,0.0526,0.0436,0.0265,1.0199,0.0116,0.0019,27.9635,0.0085,202.542,0.013127952788360014,0.0054,19.9614,0.6268,0.0116,0.1355,0.021,6.7733,0.9231,4.4674,8.2695,7.6566,2.2605,38.1397,11.0639,6.7413,132.9845,5.5876,1.4487,4.0926,8.5569,126.5106,317.218,10.2504,3.1774,2.7292,4.8209,51.2195,83.1971,14.6092,0.9725,1.2343,0.831,0.3808,5.5506,7.1556,4.4504,15.0856,5.4009,3.6043,21.2202,6.7564,3.8316,8.4732,155.0088,4.8628,8.8421,50.6073,782.8115,214.4928,204.8334,289.9006,0.0,428.8435,198.513,33.9556,1.9643,1.1971,0.6226,4.4305,14.8765,0.0,39.7059,589.4737,12.404240489110581,1.8222,7.2463,0.133,3.77,6.9562,2.6983,6.1686,75.944,22.54,1.67,9.041,0.6641,118.0012,5.509,2.199,0.1001,0.0259,10.3089,6.58,0.1061,2.5526,0.0394,2.4419,14.4055,535.5691,1.7613,6.3,0.2759,2.1787,0.0808,1.1763,15.6663,0.015,2.98,0.0262,0.0076,29.1606
-1.0,3081.75,2196.6889,1.5925,99.1133,1.4609,0.0048,-0.0034,198.7199,11.3131,411.9715,0.9736,187.9935,12.5018,1.402,-4935.0,1559.25,0.9878,1.8887,5.1685,69.9333,2.3667,0.1867,84.3575,8.531,64.2467,66.3319,87.0242,77.59,3.893,351.95,128.3545,717.782,1.3977,143.0027,623.3073,214.4125,4.594,4.83,2828.0,0.9354,15.64135,350.2582,10.4883,111.0482,10.9023,17.3064,24.0673,693.7147,152.3545,613.6609,71.5165,0.0185,0.0068,-0.0447,0.0547,-0.0011,-0.0134,0.0503,6.5606,0.1375,0.9903,1770.9701,0.162,8783.7901,0.046,-0.0353,-0.03,-0.0176,0.4641,0.9395,752.4133,0.9907,58.2685,0.5941,0.9784,6.331,15.74,3.263,15.78,15.75,1.002,0.5738,3.502,0.5204,0.698,2.3865,1002.1998,109.0,131.7,146.8,60.3999,177.502,0.4493,0.0918,0.0989,0.0596,0.0181,7.4636,7.867,8.815,0.0103,0.35,0.0381,515.0,121.0,0.122,0.101,0.146,3.2,0.16,0.8708,0.0529,0.5231,0.2941,0.8196,0.332,0.0855,5.06,18.99,35.915,0.263,13.93,3.72,34.923,94.715,0.16345,0.0666,0.0437,0.1009,0.1555,0.0322,0.1022,0.1147,5.5491,0.073,0.001,82.2278,0.045,1924.8999,0.0103,0.0112,0.0252,0.0435,190.382,2.4925,0.0582,0.4513,0.0818,2.5145,26.5607,45.19,42.6155,0.1364,2.3748,0.0284,2.1092,0.0949,0.0128,221.6221,305.5121,740.4782,53.556,0.0525,0.0433,0.0618,1.0909,0.03,0.0567,0.3131,0.0196,0.1132,5.3561,0.1159,9.5783,0.0283,1.454,5.4147,12.4423,0.0715,1.2465,1.9319,10.6415,29.0006,0.045450000000000004,0.0274,0.0188,0.0489,0.041,0.0152,0.0548,0.0577,1.7218,0.0238,0.0003,27.4324,0.0148,564.6795,0.0055,0.0153,53.8218,0.6653,0.016,0.1554,0.0278,3.7634,1.0342,4.9212,4.2735,6.0108,2.7496,11.1418,28.2114,6.2836,69.5389,2.1397,1.053,2.7996,2.7197,29.9493,7.7601,12.3513,5.3475,2.8248,4.5758,38.0282,60.5357,3.4468,1.0323,0.62,0.8142,0.2858,4.8217,6.8872,4.6238,6.1151,3.5384,3.0466,16.7504,6.4645,2.5076,7.123,127.7709,5.0342,22.8856,132.4379,0.0,207.154,225.8534,284.3754,0.0,761.2663,228.2587,84.5822,1.9643,3.0855,0.0969,4.6431,27.7689,0.0,65.1584,652.6316,5.4399,4.6273,25.3028,0.0682,4.2776,7.1285,3.4265,6.3792,76.0731198256527,16.981210126199638,1.222466491699275,7.609387827996135,0.5106171159585142,73.88378422978622,4.218226950917581,1.6439048728228918,0.4075,0.0853,40.3321,7.71,0.0769,3.0989,0.0314,2.887,11.5759,523.3110000000001,2.4944,15.390000000000002,0.6164999999999999,5.3345,0.18730000000000002,2.8874999999999993,28.50255,0.0089,1.7768,0.0238,0.0174,73.1502
-1.0,3093.48,2238.5444,0.901,99.31,1.5695,-0.0013,0.0024,199.1575,7.2114,409.1531,0.9579,188.8105,12.4104,1.3964,-5043.5,-1117.0,1.277,2.043,7.3817,68.5889,2.2667,0.186,88.2693,8.9416,65.0056,66.595,86.9601,63.93999999999998,5.041,350.0018,136.1209,724.5173,1.3259,140.0045,626.1273,210.3516,4.595,4.847,2823.0,0.9368,3.3055,349.2273,10.1081,119.4264,11.4509,16.6945,23.8805,700.6368,146.0227,614.6764,69.4986,0.0237,-0.0287,-0.0596,0.0406,-0.0161,-0.0273,-0.0291,7.0932,0.1283,0.99,1829.6212,0.1866,8477.34,0.0404,0.0074,-0.0325,-0.0632,0.4725,0.9509,730.9466,0.9906,59.898,0.6045,0.9627,6.3701,15.82,4.394,15.88,15.85,1.418,0.6881,3.1,-0.4258,0.621,2.3149,1003.5557,119.0,237.3,187.0,80.2002,284.437,0.2501,0.0613,0.0517,0.0536,0.03,6.5645,4.395,18.26,0.0213,0.54,0.0356,340.0,844.0,0.078,0.09,0.091,2.5,0.672,0.6556,0.0736,0.4272,0.1287,0.8217,0.589,0.1643,7.51,18.43,51.637,0.417,16.73,5.32,31.772,69.918,0.16345,0.0906,0.0336,0.074,0.1634,0.0542,0.0733,0.0693,3.4107,0.0991,0.0015,122.3684,0.0352,576.0005,0.0123,0.0153,0.0337,0.0232,70.823,3.6415,0.0448,0.42,0.0566,4.5552,28.558,82.9255,69.5191,0.0882,0.9053,0.0205,1.5011,0.1594,0.0116,151.8275,562.8794,1580.9585,378.8931,0.0327,0.0417,0.0427,0.9387,0.05,0.2553,0.276,0.0289,0.1424,6.0876,0.2035,9.2387,0.041,2.0787,5.4855,15.4652,0.1135,1.6461,1.7233,10.2881,22.476,0.044,0.0372,0.0139,0.0318,0.048,0.0226,0.0401,0.032,1.0483,0.03,0.0005,46.3249,0.0103,215.2264,0.0061,0.0074,23.7944,1.2376,0.0131,0.1414,0.0189,5.2727,1.325,5.275,7.671,7.7467,3.5827,17.1436,27.7575,3.9057,60.9455,4.4629,2.2218,4.3512,2.5465,56.3696,75.5595,6.1081,4.4053,1.2328,3.6449,57.3529,88.172,19.9439,0.7121,0.8235,0.5459,0.2369,5.5885,5.5025,4.1215,12.3894,5.3641,2.9435,24.5479,6.372,4.1254,7.8375,146.1016,4.5347,30.5192,100.6034,729.0391,213.0511,124.1611,402.0917,336.646,268.4982,238.1443,48.0837,1.8706,4.1589,0.1562,6.6882,18.8763,0.0,50.6627,0.0,7.1291,2.4408,9.6892,0.1473,6.0794,6.5936,2.4436,10.3695,75.8595160411136,17.427416053145766,1.3019737846696569,7.804770472437471,0.49685903181947455,61.133740217366004,4.271512262181986,1.6659266729895505,0.228,0.0478,23.3263,6.41365697581501,0.15425786783614145,2.52370523528053,0.0631552760291513,2.4632598973436792,20.951019345524994,531.9045,2.0793,11.24,0.2313,3.699,0.0947,2.1132,11.1236,0.0126,2.5087,0.0227,0.0105,46.1077
-1.0,2793.085000000001,2224.0,1.5611,99.83,1.401,-0.0001,-0.0054,201.4237,10.5565,416.9682,0.96,191.3819,12.6278,1.3964,-3403.0,1461.75,0.982,1.889,5.0875,71.9778,2.1889,0.1369,84.87,9.4832,64.23,66.4374,87.3382,65.34,3.102,351.8709,119.8391,707.7568,1.4828,147.01,618.72,196.7196,4.609,4.843,2821.0,0.937,15.64135,349.59,10.5979,106.7527,9.858,13.0864,17.965,689.7918,153.7873,610.13,99.013,-0.0355,-0.0039,-0.0491,-0.0153,-0.0081,-0.024,-0.0084,7.6372,0.1252,0.9837,1823.4729,0.183,9130.64,-0.0439,0.0623,0.0251,0.0642,0.4659,0.9413,794.5278,0.9867000000000001,58.6524,0.6009,0.9677,6.3579,15.74,3.263,15.78,15.75,1.002,0.5738,3.502,0.5204,0.698,2.3865,1002.1998,96.0,150.4,128.2,55.6001,235.875,0.5065,0.0912,0.064,0.0379,0.0251,8.7032,10.253,4.228,0.0196,0.55,0.0419,250.0,149.0,0.129,0.088,0.289,3.8,0.127,0.6371,0.1478,0.5819,0.3782,0.9871,0.474,0.0888,9.3,19.51,72.447,0.276,15.03,4.22,30.738,140.786,0.0672,0.0763,0.0266,0.0437,0.051,0.0697,0.0852,0.067,4.437,0.0405,0.0065,99.3138,0.027,965.7998,0.0206,0.0112,0.0456,0.0363,87.2361,4.9464,0.0226,0.4241,0.0818,2.5145,25.0557,49.3142,43.9394,0.1716,1.3873,0.0381,3.4315,0.1672,0.0134,103.7642,289.3642,1418.3789,62.5373,0.0534,0.0394,0.1348,1.2488,0.0267,0.0363,0.2501,0.0613,0.1104,6.5545,0.1342,10.3833,0.0327,2.5406,5.6305,20.3775,0.0735,1.3582,2.1739,9.6636,43.7232,0.02,0.0319,0.0124,0.0208,0.0148,0.0326,0.0449,0.0321,1.3829,0.0145,0.0021,31.2955,0.0083,343.1511,0.0084,0.0112,28.6331,1.6008,0.0077,0.1514,0.0278,3.7634,1.0342,4.4914,5.3955,4.961,2.5,15.62,32.4437,6.5097,97.1246,1.014,2.0412,4.3555,3.0042,92.8592,10.1933,13.1365,4.6585,5.6806,5.2794,36.5482,58.4416,2.7381,0.7507,1.5588,0.906,0.1937,6.2409,6.5087,5.3099,5.9879,6.3261,3.1533,36.8275,6.0818,2.6043,6.9881,152.4651,4.4561,39.2956,142.1894,189.1958,168.8987,89.002,332.3829,855.2147,355.3702,797.619,58.0965,1.5977,1.6654,0.6572,5.4464,14.7789,0.0,70.4895,525.3731,9.7843,3.8547,10.9796,0.25379999999999997,8.4334,6.6704,3.4265,6.3792,76.214,22.04,0.69,9.6547,0.2737,76.3067,5.4071,0.9053,0.0907,0.0268,9.3697,6.319272844714846,0.14102498682120043,2.573465495344572,0.055182526103007806,2.411149922802548,20.25471184906134,531.9673,2.3808,10.26,0.3655,3.6355,0.1244,1.9287,15.35,0.0092,1.8377,0.0107,0.0071,66.2997
-1.0,3039.66,2194.2889,1.5119,99.6367,1.5176,-0.0049,0.0084,199.2199,8.9565,422.824,0.9675,188.7173,12.481,1.4103,-4714.25,-1629.3333,1.3567,1.9992,7.3303,69.2778,2.1778,0.1911,85.5528,8.9546,64.1864,66.2016,86.9821,78.38,1.831,353.3345,132.6009,724.2239,1.4394,139.9927,625.9282,197.6928,4.574,4.778,2834.0,0.9337,0.1427,351.72,10.406,112.7436,14.8618,19.8573,28.8518,695.3721,146.6027,611.0664,59.7952,-0.0256,-0.0313,-0.0181,0.057850000000000006,-0.0995,-0.0282,0.0291,7.2594,0.1397,0.9713,1800.7005,0.192,8679.49,0.0304,0.0679,-0.0515,0.1023,0.4616,0.954,741.9916,0.9906,58.8083,0.599,0.9646,6.3914,15.84,4.429,15.7,15.67,1.39,0.706,3.108,0.4258,0.752,2.2948,1006.3928,132.0,216.9,145.7,40.7,247.098,0.5195,0.0819,0.0489,0.0543,0.0298,6.3177,2.861,19.641,0.0176,0.53,0.0449,1038.0,1293.0,0.152,0.052,0.161,3.1,0.342,0.76,0.0593,0.6347,0.4036,0.6944,0.44,0.1395,8.12,16.2,38.325,0.585,20.0,9.68,40.419,90.035,0.1164,0.0549,0.0324,0.1085,0.0988,0.115,0.0748,0.0932,4.1455,0.1074,0.0034,55.6683,0.0458,718.9004,0.0189,0.0266,0.0486,0.02,71.1481,2.4925,0.0222,0.5727,0.0691,2.5663,34.9484,74.7531,53.6287,0.1744,0.7185,0.0271,1.1489,0.1694,0.0152,459.0014,248.1711,1423.2417,692.425,0.0635,0.0256,0.0724,0.8885,0.0187,0.1069,0.3021,0.0227,0.1049,4.5201,0.1782,9.2771,0.045,2.1418,5.0756,12.9277,0.1668,2.6434,3.8276,11.4587,27.2376,0.0298,0.0245,0.0148,0.0466,0.0275,0.0604,0.0424,0.0441,1.2873,0.0311,0.0011,17.2904,0.0127,199.6438,0.0087,0.0059,19.9288,0.711,0.0082,0.1833,0.0234,4.1983,0.9168,6.0338,7.1357,6.0866,1.8548,15.1452,34.3599,5.3966,31.9434,4.6452,1.8176,4.2464,3.1851,64.7823,79.3576,11.2032,2.601,2.1964,4.4747,32.1429,31.3953,10.4912,0.8883,0.6623,0.9888,0.1188,4.2906,7.0663,4.2632,9.6889,5.8003,2.5882,19.3861,8.9807,5.6217,10.5904,134.5729,5.8126,47.129650000000005,150.5723,454.2439,244.2714,600.2766,125.7798,115.636,265.0133,320.0,57.1057,2.506,4.5618,0.3523,3.0915,23.8719,0.0,82.5911,405.4795,10.5277,2.0958,9.5888,0.0618,4.2384,8.9607,3.0097,6.7884,81.274,17.95,1.71,7.344,0.7587,47.6153,4.4123,2.104,0.5058,0.0834,50.2702,6.459593276933723,0.15295744023480692,2.6478610246781757,0.0640056258886152,2.4697890155778466,21.27096311297397,533.5627,2.3471,8.61,0.319,3.1079,0.1042,1.6137,13.5931,0.0106,2.1493,0.0107,0.0071,66.2997
-1.0,2894.04,2207.0444,1.3076,101.6778,1.5546,-0.0107,0.0072,200.6405,10.0368,404.6303,0.9731,191.7645,12.4616,1.4063,-3767.0,1459.0,0.9895,1.8598,4.808,70.0778,2.2111,0.169,85.2626,8.4092,64.2111,66.2249,86.7481,77.83,3.434,349.9409,134.0473,720.1285,1.0134,136.0773,620.0655,60.5587,4.563,4.791,2830.0,0.9364,0.8873,348.3936,10.3899,114.9345,11.9155,19.1127,24.7257,695.4028,146.0464,609.3745,142.3256,-0.0172,0.0144,-0.0316,0.0437,-0.022,-0.0519,-0.0427,7.7254,0.1315,0.9856,1772.3676,0.16,9223.0399,0.0689,0.0307,-0.086,0.0838,0.4662456379641644,0.9297,670.0627,0.9917,58.3741,0.6,0.9741,6.0858,15.82,4.317,15.91,15.88,1.38,0.6809,3.101,0.8042,0.6518,2.3132,1003.5673,77.0,143.5,124.7,55.1001,236.8041,0.3178,0.1458,0.0662,0.07,0.0219,7.051,9.459,3.606,0.0058,0.51,0.0823,916.0,108.0,0.131,0.096,0.112,2.9,0.122,0.7888,0.1535,0.5833,0.2973,0.828,1.039,0.2526,8.89,30.11,28.971,0.247,15.91,4.39,29.087,87.181,0.16345,0.0623,0.0857,0.0677,0.16685000000000003,0.0252,0.0827,0.0651,3.3613,0.0597,0.0054,175.1882,0.0513,1002.0,0.0201,0.0305,0.0588653368755824,0.0261,88.4843,4.1118,0.041,0.4015,0.0608,3.5981,19.25,47.807,42.7769,0.1024,1.7905,0.0523,2.4687,0.1588,0.0295,379.831,353.9444,369.3327,48.4974,0.061,0.0401,0.0527,0.9615,0.0392,0.0356,0.2947,0.0543,0.1611,6.7706,0.3616,9.7086,0.0671,3.0684,8.597,9.1344,0.0783,1.4342,1.5031,9.517,27.0471,0.045450000000000004,0.0268,0.0388,0.0309,0.0485,0.0105,0.0424,0.0339,1.2151,0.0206,0.0017,52.0009,0.0128,308.0229,0.010642598368846191,0.008,26.5979,1.0947,0.0133,0.131,0.0212,4.0836,1.076,3.5893,4.9585,5.0079,2.4966,17.7958,24.3052,9.3786,94.243,0.8912,0.6011,4.0926,5.8538,23.9979,7.4023,13.239,5.162,2.3295,4.1383,45.2261,71.5976,2.6994,0.9251,1.8257,0.9084,0.2228,6.5754,7.7062,4.4513,24.9246,6.5331,4.8559,47.8395,6.7564,2.3773,6.7865,133.5234,4.1828,6.4236,61.2546,0.0,102.4671,213.9021,447.7894,114.5455,159.1915,152.6377,43.5103,1.6729,2.4906,0.5461,9.8844,32.05,0.0,60.3015,0.0,12.150642352711664,2.8042,13.2054,0.0867,7.0439,6.5967,2.6287,9.4225,80.014,12.2,0.45,5.5763,0.1747,88.1216,3.0818,0.5624,0.2005,0.0456,20.9776,6.295657574592794,0.12531717509471527,2.596356573916492,0.05138258659675812,2.4107024702066164,20.692493687924596,535.2782,1.807,8.92,0.3104,3.0908,0.0914,1.6664,17.177,0.0208,4.1959,0.0226,0.0106,46.9253
-1.0,3042.9,2205.2222,1.4633,106.8389,1.5279,-0.0061,0.0031,201.9118,12.7912,410.0334,0.9733,192.705,12.5065,1.3969,-1363.875,-96.6667,1.258,2.003,7.2345,69.1333,2.1222,0.1637,85.2764,8.7219,63.8842,66.1097,86.5265,76.78,3.629,352.9573,139.1155,734.1916,1.3793,140.99,633.0627,198.689,4.518,4.764,2873.0,0.9247,1.77,352.8718,10.2281,120.8855,11.8157,18.23,25.7166,708.4751,148.6609,622.4182,68.6974,-0.0168,-0.0109,-0.088,0.0529,-0.1019,-0.0163,-0.0023,7.1254,0.1252,0.987,1791.4529,0.1872,8842.62,-0.0328,0.0233,0.0217,-0.0016,0.4573,0.9478,747.1268,0.9867000000000001,57.8077,0.6007,0.969,6.2579,15.470000000000002,4.465,15.479999999999999,15.82,1.314,0.6971,3.088,0.2838,0.6421,2.3144,1003.1956,81.0,62.2,143.9,72.7,279.214,0.6225,0.1117,0.0421,0.0549,0.0111,10.583,13.894,12.568,0.0078,0.34,0.1009,1992.0,12745.0,0.048,0.13,0.1,3.9,0.454,0.6535,0.1224,0.6321,0.3036,0.6848,0.737,0.1278,7.67,23.1,39.274,1.017,12.91,3.99,35.334,60.647,0.1252,0.0801,0.0381,0.0451,0.1029,0.0803,0.1173,0.0426,4.1969,0.0405,0.0047,74.3948,0.0282,796.5996,0.0201,0.0104,0.0264,0.0226,81.1102,3.41,0.0306,0.5341,0.0556,5.1216,22.6765,22.0854,43.6687,0.1787,1.9187,0.0341,4.2511,0.0951,0.0279,903.8847,218.4268,5823.189049999999,6656.2877,0.021,0.0575,0.0439,1.2339,0.0483,0.1307,0.2416,0.049,0.0688,5.6249,0.2508,10.8019,0.0344,2.7813,6.7502,11.9091,0.2561,1.3172,1.7637,11.1382,16.8431,0.0316,0.0378,0.0173,0.0217,0.0307,0.0388,0.0569,0.0198,1.2763,0.0145,0.0013,26.5631,0.0102,241.7048,0.0066,0.0065,27.772,0.8891,0.0092,0.1728,0.0203,3.695,1.7372,3.706,2.0441,5.9181,3.2967,19.5612,42.5434,7.3105,108.6217,3.0651,0.7974,2.7186,7.2254,298.58439999999996,0.0,3.8156,6.4903,1.3823,5.6413,80.1047,78.8187,13.031,0.7663,1.4033,0.9894,0.6795,5.1168,7.9934,4.8358,9.2623,5.4401,3.6489,19.7666,5.0321,9.9432,9.9102,109.2614,4.9873,22.651,88.2814,746.3487,0.0,51.2354,194.472,78.7834,718.5299,0.0,58.9004,1.5977,1.6654,0.4753,4.1528,15.0637,0.0,53.406,0.0,5.7721,2.3823,10.8563,0.25379999999999997,5.8989,8.5343,2.4043,12.6257,77.81339214821988,16.357008199069806,1.2423864861499652,7.460655834628493,0.5027177515419152,69.28460573895936,4.064682096686529,1.5978482792433386,0.4875,0.0828,53.7992,6.371615830761711,0.1329365708159562,2.6025459182606347,0.052187958684217675,2.4270661796178983,19.932007561855542,534.3055,2.4677,7.18,0.3327,2.3938,0.0963,1.3438,13.4813,0.0173,3.4326,0.0226,0.0106,46.9253
-1.0,2915.83,2197.6778,1.3168,102.9611,1.5091,-0.0064,0.0044,200.2477,14.9546,422.0377,0.9601,190.3587,12.5078,1.3599999999999999,-4197.75,1531.75,0.9675,1.8815,4.9575,66.4,2.3222,0.186,85.1817,8.6211,63.9846,66.1702,86.955,77.92,2.514,366.7727,133.5673,743.8517,1.2826,146.7891,647.1291,221.7186,4.683,4.962,2843.0,0.9238,15.64135,366.1464,10.3968,114.6755,15.7827,18.8918,26.1855,717.6663,150.5245,631.3464,88.2673,-0.0132,0.0,0.0154,0.0569,-0.0991,-0.0529,0.0374,6.6709,0.1375,0.9705,1776.3857,0.2017,7889.8701,-0.0209,-0.0037,-0.0251,-0.048,0.4652,0.942,670.2623,0.9912,59.1508,0.6007,0.9639,6.3721,15.72,3.084,15.74,15.73,1.12,0.5563,3.257,0.0,0.7931,2.3796,1001.6543,87.0,145.4,86.6,56.6001,314.341,0.1487,0.0983,0.0548,0.0475,0.0295,11.11,10.727,7.408,0.0215,0.58,0.0883,663.0,108.0,0.128,0.082,0.139,3.2,0.091,0.631,0.0928,0.5188,0.3157,0.8079,0.602,0.1503,6.54,25.05,47.487,0.115,18.93,5.29,30.983,99.16,0.16345,0.0546,0.0392,0.0966,0.16685000000000003,0.0729,0.0427,0.0574,4.9118,0.0335,0.0056,125.4517,0.0161,601.7002,0.0139,0.022,0.0562,0.0179,70.4206,3.3615,0.0306,0.3667,0.0862,5.2514,22.5053,47.8757,27.2523,0.0546,1.6977,0.036,3.3839,0.1666,0.0322,272.2981,318.0508,406.8107,45.0287,0.0531,0.035,0.0649,0.9274,0.0271,0.03,0.231,0.0354,0.1079,6.6207,0.1809,10.6399,0.042,2.1732,7.5424,12.117,0.0361,1.5478,2.309,9.8477,36.0638,0.045450000000000004,0.0242,0.0184,0.0504,0.0485,0.041,0.0181,0.0288,1.5798,0.0113,0.0019,38.7731,0.0056,215.5437,0.0089,0.0056,24.8931,0.9,0.0091,0.1434,0.0291,3.7933,1.7874,3.9435,4.9866,3.428,2.5755,29.7451,11.2896,6.514,71.7303,1.7553,2.2394,4.6371,6.5898,22.5359,7.0508,13.23,4.3582,2.8038,4.8193,30.1435,40.3226,1.9725,0.7408,1.0765,0.8108,0.2094,6.1591,7.6216,4.6845,11.7175,4.4554,3.8709,21.4177,5.3865,1.1061,7.1245,119.9412,4.3172,19.2638,112.3406,0.0,277.1574,627.2727,388.1293,73.5435,80.7565,153.3734,73.6299,1.9643,1.4057,0.582,7.0622,7.9715,0.0,47.9401,0.0,12.0817,1.8964,10.5064,0.0556,5.683,5.754,3.6213,11.4075,76.73455530174482,16.466743760006384,1.2015623250356462,7.65138299428025,0.5141763421373307,64.57807853262827,4.091994273532585,1.5701791112076096,0.4075,0.0853,40.3321,5.68,0.1857,2.4942,0.0737,2.1286,21.3087,530.9227,2.3869,12.66,0.2022,4.0334,0.0631,2.3845,8.4705,0.0203,3.9734,0.0226,0.0106,46.9253
-1.0,2967.04,2208.4444,0.7665,103.71,1.54,-0.0167,-0.0036,202.1469,8.6992,424.1288,0.977,189.342,12.448,1.388,-4114.25,-273.75,1.3013,1.9905,7.2877,69.3222,2.4,0.1971,84.8399,8.5266,64.0317,66.192,86.924,78.1,3.021,351.6082,133.6164,724.2179,1.3426,141.7364,626.9609,224.6004,4.581,4.808,2824.0,0.9367,4.6327,349.7836,10.3442,118.2491,10.8654,15.3673,22.1063,702.1116,148.0627,616.0955,110.1505,0.0042,0.0389,-0.0233,0.0461,-0.0026,-0.031,-0.0398,7.3641,0.1256,0.9833,1822.3337,0.1957,8862.0301,0.0106,-0.0316,0.0156,-0.0212,0.44162003082305556,0.949,769.1686,0.9914,58.1889,0.6078,0.9779,6.3406,15.82,4.264,15.88,15.88,1.239,0.668,3.114,-0.0473,0.6751,2.295,1014.9178,92.0,220.4,169.7,48.8,397.721,0.0319,0.1105,0.04,0.0458,0.023,6.6493,5.087,9.301,0.006,0.33,0.0397,341.0,1362.0,0.173,0.151,0.269,2.9,0.385,0.8251,0.1052,0.5321,0.2951,0.6651,0.439,0.1134,6.81,18.13,56.94,0.434,22.2,6.87,33.566,65.114,0.16345,0.0324,0.0347,0.0575,0.16685000000000003,0.0969,0.1044,0.0402,5.2398,0.0737,0.0026,82.6696,0.0391,756.2002,0.0191,0.0135,0.05378518242621039,0.0261,80.1013,3.4993,0.0094,0.4399,0.0594,3.2179,22.8062,71.3265,50.4392,0.0111,2.7523,0.0344,1.5961,0.0877,0.0158,149.199,228.8442,654.2713,757.6179,0.0772,0.0624,0.1266,1.0329,0.0542,0.137,0.3098,0.0413,0.1115,5.6047,0.1515,9.3587,0.0338,2.0266,5.5384,16.4128,0.121,1.9982,2.6673,10.4565,19.4358,0.045450000000000004,0.015,0.0151,0.0245,0.0485,0.0494,0.0526,0.0194,1.8377,0.0219,0.0008,24.1098,0.0105,248.1259,0.011749895396742017,0.0076,24.395,0.9897,0.0031,0.1443,0.0198,3.6812,1.1454,4.1633,7.4283,7.4644,2.2097,36.5177,4.1623,7.1753,58.4768,2.193,0.6104,2.651,2.861,34.3197,497.5342,13.2949,7.586,3.6911,4.1834,91.6667,101.9729,11.194,0.9725,1.2343,0.831,0.3808,5.3184,6.7956,4.2154,8.4484,4.8047,2.8917,25.3517,6.3312,4.1956,7.1375,204.3173,4.7807,8.6938,59.1136,0.0,109.552,246.5166,453.3948,0.0,336.5028,101.1321,71.1543,1.7514,3.2003,0.2618,4.5365,19.9731,0.0,34.4615,0.0,12.009539357939788,2.7524,10.414,0.0848,6.0138,6.9372,2.5864,8.2608,72.98,9.95,0.94,4.6195,0.3699,35.8636,2.4792,1.288,0.5414,0.0968,53.0444,4.72,0.0898,1.8979,0.0342,1.8925,15.5375,537.2809,2.0931,6.8,0.2055,2.3023,0.0615,1.2656,9.8177,0.0134,2.6738,0.0226,0.0106,46.9253
-1.0,3057.33,2196.6889,1.5925,99.1133,1.4535,0.0141,0.0026,198.8388,7.7694,422.1458,0.9609,188.418,12.5078,1.3819,-1363.875,1568.75,0.9863,1.881,5.077,65.5889,2.5333,0.2098,85.1712,8.5405,64.1314,66.2364,86.8378,76.57,3.732,351.9773,121.3927,710.2843,1.4258,148.1182,621.4882,193.5125,4.609,4.843,2821.0,0.937,10.7709,346.5936,10.9719,94.5763,24.1964,29.2291,35.7866,674.4976,158.5345,597.2918,100.1028,0.0218,-0.0003,-0.0093,0.0314,-0.0091,-0.0301,0.0336,7.5917,0.1275,0.9829,1870.1893,0.1902,9150.46,0.0903,-0.014,-0.0049,-0.0204,0.4583,0.9474,777.9122,0.9905,59.9532,0.6031,0.9706,6.2433,15.82,4.394,15.88,15.85,1.418,0.6881,3.1,-0.4258,0.621,2.3149,1003.5557,127.0,218.0,146.7,60.3999,177.502,0.4493,0.0773,0.0498,0.0625,0.0264,6.5343,4.544,14.448,0.0189,0.58,0.0201,455.0,82.0,0.136,0.082,0.185,2.7,0.23,0.7716,0.078,0.569,0.2765,0.7661,0.349,0.0971,7.88,15.53,56.547,0.153,10.52,6.31,24.655,149.876,0.16345,0.0672,0.0456,0.0536,0.16685000000000003,0.0379,0.1097,0.0652,3.6661,0.0851,0.0034,58.5906,0.0372,593.4004,0.0237,0.03420000000000001,0.120188138292432,0.0298,71.2647,3.5482,0.0296,0.3452,0.0566,4.5552,31.9929,64.8749,43.5616,0.1364,2.3748,0.0308,1.4734,0.1666,0.0057,198.6125,229.3425,5823.189049999999,39.0075,0.056,0.0337,0.0827,0.9413,0.0281,0.0612,0.3216,0.0319,0.1561,5.4104,0.1047,8.9081,0.0328,2.3615,4.588,18.9243,0.0436,1.907,1.8908,7.591,44.9252,0.045450000000000004,0.0278,0.0191,0.0295,0.0485,0.016,0.0502,0.0269,1.2486,0.0268,0.0009,17.0433,0.0103,159.4926,0.0256,0.0093,22.6885,1.255,0.0087,0.1252,0.0189,5.2727,1.325,5.7953,7.1304,5.8772,2.7496,11.1418,28.2114,5.3184,58.4861,3.4225,1.9645,4.6371,1.4574,0.0,5.2271,13.7896,4.3594,3.6439,4.1166,27.6316,44.3326,4.9663,0.9059,0.9131,0.8872,0.1561,5.2163,5.7005,4.0002,6.8084,5.3201,2.4988,29.2214,6.0818,1.3945,5.8483,43.4776,3.6553,21.8166,149.7221,858.9619,187.8407,576.3441,587.9173,415.3425,364.4518,193.9033,48.2912,1.9604,3.6038,0.3412,3.1329,19.5704,0.0,43.4568,0.0,26.600115265074077,3.145,9.161,0.1283,5.9183,5.5298,2.4436,10.3695,80.608,17.93,1.6,8.3998,0.704,76.7067,4.4254,1.9849,0.5058,0.0834,50.2702,5.69,0.045,2.477,0.0196,2.1132,6.2864,533.4627,2.3152,9.27,0.2948,3.1526,0.0985,1.7377,12.7323,0.0093,1.8608,0.0226,0.0106,46.9253
-1.0,2904.17,2204.2667,1.4053,101.2411,1.4941,0.0037,0.0086,198.159,12.5855,415.6895,0.9808,187.6884,12.4806,1.4119,-3079.5,1525.0,0.994,1.895,5.215,70.5667,2.7111,0.1888,86.4863,8.828,63.9349,66.2347,87.0137,77.17,2.547,350.2082,125.9445,709.7834,1.053,139.6927,615.8455,49.5075,4.584,4.814,2823.0,0.936,4.4155,347.7618,10.59,110.36,9.0382,15.5845,19.0935,690.6898,148.6855,606.8073,109.7045,0.0276,0.0158,-0.0386,0.0253,-0.0087,-0.0149,-0.023,6.9673,0.1311,0.9895,1840.7873,0.2018,8745.1299,0.1737,0.0102,-0.1496,0.0487,0.462916523501836,0.9442,752.795,0.9909,58.5747,0.6039,0.9684,6.3143,15.73,2.88,15.81,15.77,1.399,0.5045,3.252,0.0473,0.8048,2.3725,1001.4222,71.0,114.7,113.0,54.5,210.061,0.4382,0.1194,0.0457,0.0297,0.0087,10.427,8.517,5.956,0.0045,0.4,0.0198,542.0,72.0,0.108,0.061,0.153,3.2,0.141,0.7217,0.0828,0.6793,0.3869,0.7397,0.733,0.2021,8.03,20.53,26.377,0.264,17.44,4.79,28.151,85.385,0.1238,0.0488,0.0209,0.0463,0.0873,0.0841,0.0933,0.0425,5.3664,0.0636,0.0016,116.6968,0.0408,769.4004,0.0163,0.0228,0.04564288781889897,0.0271,86.0804,1.9729,0.0143,0.5947,0.0845,1.6475,18.9697,42.0615,43.2167,0.1444,1.4088,0.0406,2.4877,0.0804,0.0072,227.6803,247.2286,1213.0096,33.546,0.047,0.0267,0.0691,1.1533,0.0288,0.054,0.295,0.0313,0.1363,6.9078,0.226,9.4115,0.0575,2.6243,6.5202,6.9076,0.0791,1.7047,1.9459,8.7966,27.9322,0.0345,0.0214,0.0088,0.0206,0.0286,0.0454,0.0472,0.019,1.9028,0.0193,0.0006,39.9293,0.0131,317.5265,0.014270619091237504,0.0081,32.6346,0.6298,0.0054,0.2062,0.0276,5.5265,0.6222,3.1046,3.9495,4.6975,2.4725,14.2339,31.183,7.9917,67.6734,1.4328,0.4635,3.205,1.4024,85.1112,4.7213,10.8652,3.219,2.9338,4.5347,22.1311,51.9129,3.0188,0.8345,0.9374,1.0625,0.4354,7.3214,7.5112,4.5837,19.1972,5.7483,3.3336,53.2787,6.7525,2.4929,7.5118,192.9581,4.0758,15.9791,77.8318,448.9574,131.9811,119.9482,345.657,963.8968,627.2269,184.9837,77.0222,1.9829,2.6935,0.1642,6.3395,20.2042,0.0,30.6748,0.0,11.21534252129289,2.8718,11.4348,0.1272,3.3681,9.4187,3.5629,4.2383,76.092,11.65,1.96,5.232,0.7505,62.6897,2.921,2.5758,0.563,0.1015,58.9444,4.57,0.1338,1.844,0.0541,1.8421,18.8809,532.5527,2.1698,10.24,0.1243,3.5111,0.0395,1.9228,5.7281,0.0144,2.8608,0.014,0.0085,60.6831
-1.0,3038.41,2224.0,1.5611,99.83,1.4783,-0.0129,-0.0051,198.8356,7.3265,406.4277,0.9785,188.3702,12.4661,1.3987,-3188.5,1596.0,0.9685,1.8962,5.1095,67.2667,2.5333,0.2018,84.3575,8.531,64.2467,66.3319,87.0242,77.59,3.893,350.1645,133.6991,721.9931,1.3209,143.1191,626.9827,173.8471,4.622,4.883,2821.0,0.9363,4.4091,347.7345,10.3443,118.1082,12.2082,15.5909,22.6131,699.38,148.9318,614.7745,85.2697,-0.0117,0.0008,-0.0735,-0.0118,-0.095,-0.035,-0.0639,7.3682,0.1337,0.9903,1770.9701,0.2046,9378.0802,0.0074,0.0214,-0.0389,0.0461,0.4708,0.9327,818.3615,0.9867000000000001,58.7929,0.5944,0.9772,6.3735,15.72,3.084,15.74,15.73,1.12,0.5563,3.257,0.0,0.7931,2.3796,1001.6543,93.0,88.0,100.1,55.6001,235.875,0.5065,0.1112,0.0933,0.0423,0.0089,6.745,4.412,8.336,0.0054,0.31,0.1267,510.0,48.0,0.102,0.083,0.245,3.3,0.151,0.8708,0.0529,0.5231,0.2941,0.8196,0.598,0.163,8.97,19.91,57.668,0.3,17.17,5.49,32.219,83.079,0.0448,0.0461,0.12045,0.1457,0.1033,0.0727,0.1302,0.16615,2.8886,0.073,0.001,82.2278,0.1254,1023.1006,0.0294,0.0197,0.0557,0.0328,82.4799,4.9817,0.0472,0.3132,0.0862,5.2514,25.045,27.0637,34.8134,0.1716,1.3873,0.0447,1.3441,0.0744,0.045799999999999993,222.6602,267.2307,598.1218,24.0416,0.0487,0.0387,0.1155,1.2196,0.0308,0.055,0.3131,0.0196,0.1132,5.9585,0.1946,9.0052,0.0522,2.5282,5.4853,16.7692,0.0857,1.9277,2.2766,10.0078,26.3517,0.0149,0.0202,0.055099999999999996,0.0633,0.0267,0.0374,0.0668,0.0698,1.0354,0.0238,0.0003,27.4324,0.0374,366.7247,0.0115,0.0119,30.0061,1.5891,0.0142,0.1076,0.0291,3.7933,1.7874,4.1278,2.8963,4.0433,2.5,15.62,32.4437,7.5221,60.2194,2.051,0.547,2.4867,9.0585,41.9319,3.0075,10.5318,4.3771,4.795,4.9058,27.6316,40.1432,3.2501,1.0323,0.62,0.8142,0.2858,6.0657,6.4249,4.15,12.3399,6.2675,3.1755,33.1717,6.6629,2.9002,7.6879,140.6434,4.6068,13.8145,97.4308,383.7259,162.467,198.2313,876.3521,76.5465,372.2659,262.0258,39.2039,4.1709,3.0855,0.0969,4.6431,63.31987047269746,877.9944,71.1744,0.0,11.8231,3.5148,10.0787,0.25379999999999997,8.4733,4.9146,3.6213,11.4075,73.596,12.37,2.17,5.719,0.88615,146.2962,3.084,2.9958,0.7942,0.1527,82.0961,6.75,0.1669,2.611,0.0636,2.7111,26.7415,534.7936,2.1494,8.98,0.1636,3.2613,0.057,1.6791,7.6092,0.0196,3.9218,0.014,0.0085,60.6831
-1.0,3035.75,2207.0444,1.3076,101.6778,1.4512,-0.0018,-0.0032,197.9874,9.0389,424.0253,0.958,192.4165,12.47,1.4057,-2788.75,1425.75,1.0002,1.8685,4.9857,68.4333,2.6444,0.1853,84.7297,8.5177,64.1615,66.2409,87.0024,77.14,3.595,364.3809,127.3164,731.6436,1.378,147.3309,639.0282,199.0224,4.633,4.886,2866.0,0.9227,-10.37,358.9064,10.9984,96.9464,28.0482,30.37,39.7257,691.9179,155.1273,610.98,112.806,0.0082,0.0264,-0.0246,0.0276,-0.0247,-0.0128,0.0718,6.957,0.132,0.9902,1808.7772,0.157,9092.3101,0.0336,0.0446,0.0045,0.0019,0.4428897535544728,0.9309,695.9574,0.991,57.9622,0.5991,0.9716,6.2299,15.82,4.264,15.88,15.88,1.239,0.668,3.114,-0.0473,0.6751,2.295,1014.9178,69.0,126.7,96.6,55.1001,236.8041,0.3178,0.1296,0.0458,0.0497,0.0057,10.0305,6.141,14.564,0.0218,0.5,0.0631,241.0,170.0,0.072,0.04,0.178,1.4,0.125,0.7104,0.0996,0.5617,0.2119,0.7185,0.484,0.13,8.76,19.06,84.265,0.114,15.45,8.56,27.95,70.93,0.16345,0.0654,0.0718,0.0652,0.16685000000000003,0.0988,0.0805,0.1012,6.3802,0.0597,0.0008,105.4137,0.0332,546.7998,0.0369,0.03420000000000001,0.04610005967142439,0.0331,68.0761,2.4864,0.0275,0.4525,0.0594,3.2179,17.7312,38.7047,30.3468,0.1024,1.7905,0.0394,1.6737,0.1652,0.0197,104.2913,177.9895,5664.4061,81.3321,0.0339,0.0171,0.0789,0.4848,0.0305,0.0366,0.2702,0.0391,0.0941,5.9763,0.142,10.6012,0.0342,2.4724,5.9513,26.2699,0.0453,2.3899,2.2773,8.8682,22.9616,0.045450000000000004,0.0279,0.0307,0.028,0.0447,0.0524,0.0418,0.05,2.3446,0.0206,0.0003,36.3596,0.0128,177.2273,0.010184532605030132,0.0112,19.7285,0.6839,0.0086,0.1609,0.0198,3.6812,1.1454,3.1695,4.1736,3.8879,2.4966,17.7958,24.3052,8.9305,67.9396,3.4347,2.2773,4.0096,4.491,298.58439999999996,11.9235,7.1982,2.1408,3.5702,2.0458,45.3782,56.6547,2.7196,0.8384,1.1689,0.8754,0.3206,4.9975,8.1215,4.8552,9.4371,5.9458,2.9827,42.3395,5.8683,1.0365,6.5088,55.0837,4.0395,16.6973,62.8779,0.0,94.3723,265.5804,622.7653,400.8114,627.6803,140.898,91.709,0.7578,2.4906,0.0823,5.8279,21.1473,0.0,44.3497,933.3333,10.174317930965174,3.5543,9.7816,0.0987,4.2897,7.2637,2.5864,8.2608,72.45849792975285,16.97928005061836,1.1588908492706804,7.655926384124972,0.46387040706521687,62.30836758230691,4.212138542078344,1.6225619960133926,0.2813,0.0604,29.3353,6.3538756535378225,0.14848019612042493,2.6736643722301503,0.057860178766954956,2.4182350103892873,18.833354877291054,523.3110000000001,2.4733,15.390000000000002,0.4971,5.3345,0.1574,2.8874999999999993,20.0978,0.026000000000000006,5.21645,0.0416,0.0388,121.6592
-1.0,2991.98,2197.2333,0.974,104.8733,1.5979,-0.0142,0.001,201.053,11.7913,413.0557,0.9733,191.8415,12.4722,1.4201,-3287.0,1577.75,0.9892,1.907,5.2613,69.9778,2.3667,0.1807,86.8866,8.8505,64.0557,66.2627,86.8482,78.3,2.906,349.7955,130.7773,717.7044,1.0181,136.8609,617.4336,47.9025,4.585,4.824,2825.0,0.9345,2.0664,350.3591,10.4044,112.8436,8.608,17.9336,23.7087,693.9956,147.6082,610.8109,54.2518,0.0415,0.0179,-0.0291,0.0267,0.072,-0.0104,0.0157,6.9135,0.1287,0.9716,1867.7871,0.1908,8369.51,-0.1339,-0.0688,0.0688,0.008,0.47,0.9214,724.4984,0.9907,59.3373,0.6019,0.9643,6.3574,15.470000000000002,4.465,15.479999999999999,15.82,1.314,0.6971,3.088,0.2838,0.6421,2.3144,1003.1956,141.0,100.3,96.3,52.2002,278.8929,0.1974,0.137,0.0562,0.0406,0.0095,10.7549,7.51,9.234,0.0066,0.37,0.0772,363.0,81.0,0.149,0.082,0.229,3.3,0.293,0.5969,0.081,0.5982,0.2703,0.7092,1.146,0.247,10.04,23.84,19.353,0.268,12.93,5.99,32.908,104.238,0.1065,0.0685,0.0354,0.0754,0.0845,0.073,0.0787,0.0532,5.9832,0.0734,0.013699999999999999,135.6836,0.0298,496.8999,0.0137,0.0167,0.0185,0.0441,66.3491,4.0325,0.031,0.4177,0.0556,5.1216,36.8516,29.774,33.47,0.0646,1.6472,0.0501,2.1129,0.0937,0.0254,148.4868,272.2956,1730.9583,34.3256,0.0617,0.0337,0.0956,1.2377,0.0259,0.0812,0.2383,0.0309,0.0977,5.7407,0.343,9.6563,0.0712,3.2946,7.4223,5.8524,0.0791,2.0973,2.5302,9.7723,31.3514,0.033,0.0319,0.0146,0.0367,0.0282,0.0337,0.0418,0.026,2.4793,0.0231,0.0046,43.2467,0.0094,167.2774,0.0061,0.0152,22.8087,1.289,0.01,0.1415,0.0203,3.695,1.7372,6.2522,3.3523,3.9919,2.3757,19.4331,20.2645,8.5735,63.6912,2.2355,0.6813,2.9666,5.4376,126.7417,5.1339,15.0619,4.2999,4.3526,4.7158,33.8028,45.941,6.2801,0.687,0.9157,0.9339,0.2281,5.9463,8.136,4.2969,24.2628,7.3359,3.8611,40.4009,6.0584,2.5758,5.3348,150.2085,4.7418,35.9214,172.49815,256.8586,241.6226,259.1065,316.7018,101.3889,758.5542,338.8535,86.5428,2.0986,3.0642,1.3944999999999999,7.2644,15.6187,814.6341,41.3605,281.0811,3.9445,4.7846,9.1579,0.0895,6.7959,6.57,2.4043,12.6257,79.248,17.63,2.17,7.5986,0.88615,146.2962,4.3404,2.9958,0.3357,0.0626,34.8875,6.529811529777942,0.16991926957748657,2.5317017401840927,0.06891924989963694,2.5106833982725876,20.66538787546271,535.4818,2.4326,4.92,0.2724,1.7884,0.0855,0.9188,11.1997,0.0188,3.7017,0.0077,0.0098,127.7463
-1.0,3065.83,2197.2333,0.974,104.8733,1.4909,-0.0039,0.0082,201.799,10.642,410.8374,0.973,192.489,12.4655,1.3747,-5657.0,1548.25,0.9922,1.8953,5.2575,68.6556,2.3667,0.1689,86.8866,8.8505,64.0557,66.2627,86.8482,78.3,2.906,348.1691,129.9527,715.3495,1.0662,139.3327,617.4545,44.9752,4.585,4.824,2825.0,0.9345,-0.2173,348.5664,10.7265,109.7355,15.769,20.2173,23.8531,691.4965,143.3836,601.6855,109.5048,0.0239,0.0232,-0.0125,0.0266,0.0508,0.017100000000000004,0.0257,7.9498,0.1392,0.9908,1788.576,0.1508,8407.8101,-0.0183,0.149,0.0341,0.0331,0.4656,0.9206,658.0961,0.9867000000000001,58.1394,0.6025,0.9646,6.3253,15.470000000000002,4.465,15.479999999999999,15.82,1.314,0.6971,3.088,0.2838,0.6421,2.3144,1003.1956,87.0,196.9,166.4,52.2002,278.8929,0.1974,0.1147,0.045,0.0504,0.0116,10.7769,3.812,8.823,0.0082,0.27,0.044,660.0,61.0,0.166,0.083,0.228,2.8,0.161,0.5969,0.081,0.5982,0.2703,0.7092,1.003,0.1955,10.35,24.87,25.876,0.178,19.73,6.06,31.015,71.972,0.106,0.0584,0.12045,0.0913,0.1166,0.0608,0.15199999999999997,0.0995,4.2271,0.0392,0.001,92.2533,0.0381,968.1006,0.0166,0.0125,0.023,0.052199999999999996,130.7919,2.5289,0.0345,0.4311,0.0556,5.1216,24.0421,65.66,60.0293,0.0646,1.6472,0.0368,1.2199,0.0655,0.017,271.2889,304.2448,2396.6809,26.0944,0.0682,0.034,0.0995,0.9098,0.0402,0.0535,0.2383,0.0309,0.0977,5.4296,0.2901,9.1489,0.0563,3.616,7.0378,7.2308,0.06,1.635,1.6092,9.4621,20.6581,0.0273,0.024,0.055099999999999996,0.0488,0.0335,0.0284,0.0789,0.0446,1.4736,0.0133,0.0003,30.1852,0.0114,303.048,0.0062,0.0167,40.0158,0.7744,0.0097,0.1454,0.0203,3.695,1.7372,3.8671,6.4224,7.3181,2.3757,19.4331,20.2645,7.6935,35.8203,2.1476,0.8476,2.166,3.2035,90.5604,3.9399,16.7297,4.3794,4.3367,4.0783,42.2535,77.5658,3.4389,0.687,0.9157,0.9339,0.2281,5.9109,7.4873,4.2604,18.3341,7.4283,4.0278,57.534,6.0584,1.6594,5.8231,125.1186,4.4852,12.0191,65.725,443.7467,148.3175,731.8637,438.2429,119.744,691.1051,387.5365,53.1721,2.9456,1.6238,0.0991,5.1579,25.3008,0.0,47.8571,222.4599,4.9421,5.5677,19.8743,0.25379999999999997,4.3496,6.816,2.4043,12.6257,77.896,14.62,0.91,7.1037,0.3643,34.682,3.5943,1.1682,0.1339,0.0362,13.6884,6.481896479443962,0.14533781443614954,2.561717087820065,0.05734261286523093,2.474780681419836,20.315620600000415,534.97,2.3699,8.21,0.3867,2.7953,0.1265,1.5347,16.3153,0.0087,1.7461,0.027,0.0114,42.1428
-1.0,3106.85,2197.2333,0.974,104.8733,1.5971,-0.016,-0.0023,201.9349,13.2315,414.0065,0.9713,192.6403,12.4655,1.3984,-3073.0,1481.5,0.9673,1.8962,5.109,69.4778,2.8111,0.1909,86.8866,8.8505,64.0557,66.2627,86.8482,78.3,2.906,350.87,126.7509,714.8102,1.4376,143.9691,621.59,210.5695,4.594,4.848,2820.0,0.9353,4.97,349.4754,10.48,111.7209,13.2773,15.03,22.1065,692.7036,147.1164,608.3127,72.0935,0.0319,0.0321,-0.0171,0.0254,0.0698,-0.0127,0.0438,6.9962,0.131,0.9716,1867.7871,0.2042,8840.98,-0.0429,0.0837,0.043,0.062,0.4634,0.9478,764.8125,0.9867000000000001,55.696299999999994,0.6005,0.9671,6.4327,15.470000000000002,4.465,15.479999999999999,15.82,1.314,0.6971,3.088,0.2838,0.6421,2.3144,1003.1956,159.0,75.4,89.4,52.2002,278.8929,0.1974,0.0943,0.0373,0.0448,0.012,10.5109,11.494,5.717,0.0089,0.27,0.0655,767.0,141.0,0.109,0.08,0.17,3.2,0.143,0.5969,0.081,0.5982,0.2703,0.7092,0.376,0.1695,4.62,20.43,79.613,0.262,15.6,2.85,32.193,101.954,0.1311,0.0612,0.0546,0.1069,0.0804,0.0791,0.1009,0.1167,2.1914,0.0809,0.013699999999999999,135.6836,0.0667,790.4004,0.0124,0.0151,0.0222,0.0219,82.7836,2.9078,0.0274,0.4591,0.0556,5.1216,37.8656,26.7815,30.4861,0.0646,1.6472,0.0369,3.6013,0.0655,0.0201,351.4494,275.9777,1351.5675,58.4608,0.0456,0.0335,0.0793,1.0791,0.0274,0.0453,0.2383,0.0309,0.0977,5.067,0.1337,8.8338,0.0514,1.3731,5.5683,19.6553,0.0774,1.0915,1.9225,9.508,36.5611,0.0339,0.0253,0.0281,0.0442,0.0262,0.0399,0.0524,0.0597,0.783,0.0252,0.0046,43.2467,0.0193,313.7659,0.0068,0.0063,32.2993,0.8409,0.0087,0.1533,0.0203,3.695,1.7372,6.917,2.4269,3.6438,2.3757,19.4331,20.2645,5.9045,86.8682,1.3809,0.9192,2.166,4.6869,106.7361,9.5174,11.2691,4.2189,3.3275,4.6058,24.9012,38.766,3.0739,0.687,0.9157,0.9339,0.2281,4.9762,6.3037,4.1619,11.7885,3.209,3.2867,37.8084,5.8276,2.5,6.8116,117.494,4.6474,36.4926,141.419,411.0523,195.0598,624.2336,315.9136,113.2427,792.9273,266.4384,31.3233,1.679,3.3797,1.3944999999999999,7.2644,32.6669,0.0,73.0924,382.2222,4.7849,2.3073,10.824,0.25379999999999997,5.2475,7.1374,2.4043,12.6257,82.848,12.65,1.18,6.2055,0.4995,96.2753,3.0911,1.4243,0.1732,0.0405,17.5662,6.559187510616961,0.15965562400719566,2.5605828555722594,0.06506656342188773,2.5070843619168244,20.531714743473643,534.96,2.4029,8.49,0.36,2.8977,0.1121,1.587,14.9841,0.014,2.7978,0.027,0.0114,42.1428
-1.0,3033.82,2180.9666,1.399,106.3311,1.44,0.0092,-0.0113,202.0071,10.6396,416.5016,0.9589,192.6751,12.4616,1.4027,-5171.5,1544.5,0.975,1.898,5.1217,68.8444,2.3333,0.1809,85.2626,8.4092,64.2111,66.2249,86.7481,77.83,3.434,350.7918,132.5082,717.2208,0.9956,134.1827,617.4827,55.1285,4.575,4.84,2822.0,0.9378,1.4036,349.0027,10.3915,113.9118,7.8294,18.5964,19.3468,697.874,148.9345,611.8491,171.74984999999998,0.0188,0.0322,-0.0085,-0.0012,-0.0403,-0.0195,0.029,7.0122,0.1418,0.9853,1826.1601,0.1939,8907.64,0.0795,0.0437,-0.0544,0.0773,0.47138977863089426,0.9435,715.9586,0.9903,57.9937,0.5958,0.9747,6.1541,15.82,4.317,15.91,15.88,1.38,0.6809,3.101,0.8042,0.6518,2.3132,1003.5673,98.0,45.8,90.5,49.3,380.8229,0.1548,0.1146,0.0988,0.0687,0.0281,10.1655,4.145,6.465,0.0217,0.51,0.0441,454.0,75.0,0.128,0.085,0.203,2.7,0.131,0.7888,0.1535,0.5833,0.2973,0.828,0.808,0.1043,10.25,22.3,13.396,0.182,10.53,6.24,27.73,35.213,0.0771,0.0512,0.0385,0.1028,0.1205,0.0633,0.0726,0.0988,4.6105,0.0438,0.0031,122.4414,0.0583,1418.6997,0.0188,0.0178,0.05122016005809596,0.0244,169.275,3.0612,0.0124,0.3893,0.0608,3.5981,24.3907,16.2624,34.5822,0.0423,2.5284,0.0433,1.3493,0.1588,0.0162,202.6152,288.6047,2454.1701,33.3317,0.0547,0.0394,0.0972,1.1392,0.0265,0.0483,0.2947,0.0543,0.1611,6.5322,0.2422,8.7063,0.0292,2.966,7.0375,4.4856,0.0539,2.205,2.064,9.0329,9.7164,0.0257,0.0242,0.0162,0.0482,0.0334,0.0261,0.041,0.0503,1.7419,0.0142,0.0009,38.9011,0.0167,446.8672,0.01398278293699182,0.0094,50.8599,1.0329,0.0043,0.1231,0.0212,4.0836,1.076,4.3775,1.5096,3.5748,2.2605,38.1397,11.0639,7.9586,38.9581,1.5522,2.2649,4.0926,3.1411,98.4821,4.8559,13.1282,4.4784,3.9635,3.9219,34.2857,51.4128,2.8257,0.9251,1.8257,0.9084,0.2228,5.8696,8.807,4.2907,10.4776,7.6388,3.6114,24.2996,7.0363,1.7514,6.9089,134.4934,3.9735,7.967,18.1932,409.5618,70.7916,0.0,0.0,157.072,371.831,340.1033,65.7506,2.3187,1.8046,0.3157,6.7049,30.0722,0.0,84.1202,612.766,11.69801624828155,2.5863,23.6431,0.0728,5.2786,6.3256,2.6287,9.4225,74.524,15.66,0.58,7.7619,0.2224,68.4374,3.8877,0.7783,0.1405,0.0322,14.6028,6.1,0.1695,2.5327,0.0616,2.2739,20.9456,535.9227,1.911,8.65,0.1435,3.1242,0.0437,1.614,7.508,0.0246,4.9022,-0.0014,0.0098,255.5817
-1.0,3059.46,2197.6778,1.3168,102.9611,1.4975,-0.013,0.0016,199.7828,9.4547,405.9794,0.9711,189.258,12.4496,1.417,-4742.25,-7079.0,1.2988,2.011,7.463,69.7111,1.6889,0.1698,84.9798,8.3754,63.8874,66.2622,87.0578,79.06,3.313,352.35,120.5491,709.2379,1.4176,143.7045,616.6036,191.5732,4.609,4.843,2821.0,0.937,2.9536,349.4018,10.8369,103.5027,16.0027,17.0464,23.7913,685.4466,147.6964,600.6009,110.9234,0.0221,0.014,-0.0648,0.0139,-0.0936,-0.056650000000000006,-0.0228,7.9321,0.1473,0.9848,1855.3454,0.1957,9136.8899,0.0182,-0.0056,-0.0133,-0.073,0.4693,0.9425,793.6935,0.9903,60.0893,0.6053,0.9667,6.3136,15.73,2.88,15.81,15.77,1.399,0.5045,3.252,0.0473,0.8048,2.3725,1001.4222,85.0,85.5,76.6,56.6001,314.341,0.1487,0.1408,0.0581,0.0448,0.0116,11.246,7.79,9.252,0.0087,0.26,0.0598,940.0,14692.0,0.068,0.076,0.223,2.2,0.492,0.6635,0.0673,0.5499,0.364,0.6922,0.241,0.0855,6.58,18.13,43.803,0.304,20.16,4.8,31.148,52.473,0.0857,0.0343,0.0675,0.0344,0.0743,0.0894,0.0663,0.0455,4.8002,0.0319,0.0027,90.1196,0.0314,894.7998,0.012,0.0176,0.0197,0.0336,98.9149,3.846,0.0259,0.3194,0.0845,1.6475,26.6401,29.4087,24.7452,0.0546,1.6977,0.0499,2.6737,0.0708,0.019,443.6157,73.2911,1682.5741,8328.7444,0.0289,0.0355,0.1032,0.6936,0.055,0.148,0.2532,0.0253,0.1054,5.4449,0.086,9.0318,0.0314,1.8372,4.8662,12.1212,0.0935,1.4007,1.9951,10.1909,19.0543,0.0237,0.0166,0.0311,0.0148,0.0223,0.0489,0.0279,0.0214,1.482,0.0128,0.0009,27.3552,0.0101,277.6931,0.005,0.0108,32.6338,1.2325,0.0108,0.1078,0.0276,5.5265,0.6222,3.8406,2.7946,2.9832,2.5755,29.7451,11.2896,9.4022,82.3926,2.2789,0.896,2.0884,4.2224,78.2962,207.5434,5.2358,3.7792,2.9881,3.1559,100.6579,114.856,14.2315,0.7808,0.8037,0.8607,0.315,5.1086,6.628,4.1127,6.0289,4.5788,2.9403,22.8649,6.0818,2.8052,6.5022,125.9787,4.5442,11.3577,47.3056,387.2352,108.5443,53.1274,533.0942,95.5383,116.3668,199.5614,60.5168,4.941799999999999,1.3492,0.278,4.8573,16.0596,0.0,18.6047,0.0,4.2079,3.5631,12.4626,0.1349,6.4005,5.0594,3.5629,4.2383,79.10156518930476,16.862058451135926,1.277931199442064,8.108410796311048,0.5125128775536976,80.23653369950989,4.20959632461609,1.6445448451339864,0.1497,0.0368,15.758,4.76,0.2074,2.029,0.0771,1.9193,31.1505,523.3110000000001,2.3354,12.88,0.5922,4.1417,0.18730000000000002,2.8874999999999993,25.3557,0.0122,2.4277,-0.0014,0.0098,255.5817
-1.0,2908.11,2218.0555,0.8579,105.8133,1.6103,0.01,0.0049,201.368,6.467,415.9769,0.9744,191.6958,12.4273,1.3987,-4315.25,1569.75,0.9872,1.8688,4.9615,68.7667,2.0667,0.1476,84.742,9.2291,64.3409,66.4775,86.9273,65.15,2.88,350.0045,134.34,720.8593,0.9835,136.5227,620.8673,58.479,4.594,4.85,2824.0,0.9359,-0.5691,348.7909,10.5249,113.7709,13.7409,20.5691,25.2645,695.5948,144.5645,607.1264,111.6397,0.0142,0.0029,-0.0425,-0.0095,-0.0151,-0.008,-0.0259,8.521,0.1357,0.9902,1797.7321,0.1696,9064.1301,0.0086,-0.0158,0.17079999999999998,0.1381,0.46706784970164206,0.938,694.1121,0.9902,57.826,0.5959,0.9662,6.2382,15.7,3.063,15.76,15.73,0.9271,0.5243,3.163,0.6623,0.7914,2.3978,1000.5764,63.0,151.2,148.1,70.5,340.8611,0.3963,0.1191,0.0375,0.0672,0.0082,7.3428,3.345,20.364,0.0054,0.33,0.0433,397.0,77.0,0.135,0.088,0.215,2.1,0.185,0.6873,0.0543,0.6609,0.3812,0.8131,0.895,0.1264,10.44,24.6,27.213,0.421,20.84,6.94,32.8,65.021,0.0521,0.0501,0.0251,0.0475,0.0504,0.0551,0.077,0.0336,1.7985,0.0529,0.001,152.7609,0.0326,415.5,0.024,0.0327,0.06604933304184202,0.0207,61.7571,2.8638,0.0368,0.4441,0.0767,4.6754,17.3769,52.953,47.9639,0.1205,1.6024,0.0403,0.9122,0.0893,0.017,193.9182,310.6835,1852.7879,33.6786,0.0559,0.0372,0.0963,0.7071,0.0369,0.0499,0.2831,0.0207,0.0822,8.067,0.2967,9.4013,0.0489,3.309,7.7932,9.051,0.1207,2.2228,2.057,10.0664,23.5156,0.0156,0.0237,0.0107,0.0225,0.0132,0.0257,0.0393,0.0163,0.6882,0.0169,0.0003,46.308,0.0114,120.7774,0.008009388062774557,0.0078,21.9329,0.7557,0.0121,0.1464,0.0268,4.1946,1.4555,2.8904,5.1993,5.8934,3.1785,22.4629,46.1964,7.3963,51.7241,4.8955,0.5565,2.6554,3.0964,101.6164,4.9052,13.6743,4.709,4.3334,3.0538,58.0645,77.259,4.0226,0.811,0.5885,1.0272,0.2253,6.3942,7.5331,4.4661,12.8497,7.6471,3.9622,46.5347,6.2321,4.0,9.2906,151.6637,4.7154,11.5001,58.2418,366.0957,139.4572,111.699,530.8756,364.9007,956.5217,129.6046,21.1066,2.285,2.1455,0.1026,8.4974,19.2552,0.0,76.6551,0.0,11.251352901135554,2.2102,8.8973,0.1814,4.9524,7.1194,3.1988,11.8427,76.164,24.71,1.06,10.7596,0.5246,37.9399,6.0296,1.3917,0.1122,0.024,11.8153,4.57,0.1426,1.9514,0.0544,1.8393,23.0851,532.5764,2.5229,7.84,0.3613,2.7259,0.1123,1.4721,14.3214,0.0134,2.657,0.0358,0.0162,45.2582
-1.0,3111.09,2180.9666,1.399,106.3311,1.4551,0.0117,0.0057,199.2024,9.8112,419.5616,0.9789,189.2148,12.4273,1.4089,-4301.75,-803.25,1.2757,1.998,7.3193,67.7444,2.5667,0.2217,84.8399,8.5266,64.0317,66.192,86.924,78.1,3.021,360.9773,127.6555,726.9394,1.4038,144.9918,633.6245,192.5216,4.642,4.9,2801.0,0.9217,5.8727,358.5118,10.4528,113.5282,17.049,14.1273,19.1839,707.7555,144.5355,616.5755,50.2678,0.0166,0.0224,-0.0333,0.0106,-0.0275,-0.0089,0.0387,7.1213,0.1374,0.9845,1872.0824,0.1618,9171.5001,0.0755,0.0019,-0.0711,0.0736,0.44998959466114596,0.9448,773.6529,0.9885,58.715,0.5974,0.9764,6.3023,15.85,4.325,15.87,15.92,1.456,0.7094,3.145,0.2838,0.716,2.2881,1004.7456,124.0,167.8,162.0,49.3,380.8229,0.1548,0.0886,0.0404,0.0906,0.008,11.1008,6.388,6.0,0.0057,0.33,0.0327,491.0,4010.0,0.277,0.186,0.098,1.8,0.584,0.8251,0.1052,0.5321,0.2951,0.6651,0.554,0.117,7.75,21.45,37.986,0.354,19.56,5.37,28.569,17.661,0.0791,0.0779,0.0319,0.0901,0.0846,0.0487,0.0878,0.122,3.3849,0.088,0.0055,119.2311,0.0376,719.0,0.015,0.0145,0.06118696545247759,0.0173,82.7566,2.3502,0.0403,0.4383,0.0686,2.996,33.7619,56.9231,49.1158,0.0423,2.5284,0.0258,2.2937,0.0893,0.0138,211.8246,320.3441,536.0612,1918.1417,0.12369999999999999,0.0799,0.0428,0.6616,0.041,0.1872,0.3098,0.0413,0.1115,6.397,0.1649,9.8524,0.0405,2.3543,6.3287,11.384,0.0872,1.5218,1.5691,9.3744,5.5539,0.0251,0.0329,0.014,0.0446,0.0232,0.0204,0.049,0.0601,1.3343,0.0259,0.0016,33.2921,0.012,214.1092,0.011962345288431667,0.0058,31.5215,0.686,0.0137,0.1478,0.0225,3.1806,0.9889,5.6366,5.3936,6.3866,2.2605,38.1397,11.0639,6.0888,65.1094,1.4301,0.5812,2.6554,2.3174,24.0832,499.2219,23.078450000000004,9.3093,1.3389,2.657,54.5455,58.1955,17.0744,0.9725,1.2343,0.831,0.3808,5.7289,7.1207,4.4363,8.3343,5.3451,3.3853,19.7308,5.3351,3.3866,6.7208,114.7278,4.0366,11.8747,35.1338,475.432,153.0452,270.1649,797.6429,177.4135,983.7535,315.042,47.5323,2.4021,3.6814,0.563,6.3689,23.2465,560.3865,97.0149,0.0,12.051458023583775,1.8267,10.6969,0.1392,4.0027,6.9549,2.9982,8.2293,82.06,13.15,2.17,5.4747,0.88615,85.2906,3.2877,2.9958,0.1405,0.0322,14.6028,4.98,0.0877,2.0902,0.0382,1.8844,15.4662,535.9227,1.911,8.65,0.1435,3.1242,0.0437,1.614,7.508,0.0138,2.7463,0.0358,0.0162,45.2582
-1.0,3084.0,2194.2889,1.5119,99.6367,1.4752,-0.0118,0.0105,199.2779,12.5894,425.1392,0.9593,189.2611,12.4896,1.4,-4717.75,-1787.5,1.2788,1.9945,7.3477,66.9222,2.2556,0.2057,85.1669,8.3324,64.154,66.2381,86.8346,77.63,3.385,347.3382,158.9564,754.9341,1.315,129.3255,635.62,172.8135,4.588,4.827,2830.0,0.9334,-5.6018,350.3509,9.9566,133.3545,13.4373,25.6018,33.4591,721.475,138.4773,622.1827,138.8216,0.0016,0.0394,-0.0399,0.057850000000000006,-0.097,-0.0363,-0.0341,7.2812,0.132,0.9828,1881.3592,0.1857,8366.38,0.1954,0.0884,-0.1105,0.0379,0.4588,0.9569,714.0343,0.9902,58.0148,0.6012,0.9771,6.2337,15.72,3.084,15.74,15.73,1.12,0.5563,3.257,0.0,0.7931,2.3796,1001.6543,119.0,237.2,186.0,40.7,247.098,0.5195,0.0674,0.052,0.0812,0.0289,7.1447,12.163,7.831,0.0201,0.8700000000000001,0.0335,480.0,1089.0,0.118,0.101,0.083,2.6,0.441,0.9912,0.2526,0.5231,0.2366,0.7471,0.43,0.091,5.52,24.23,47.353,0.772,27.45,11.34,46.342,97.046,0.1124,0.0627,0.0767,0.0803,0.1023,0.1069,0.0757,0.0749,4.0105,0.0487,0.0054,97.2949,0.0387,1595.4004,0.0189,0.0189,0.120188138292432,0.0184,151.7515,2.8656,0.0138,0.4244,0.0862,5.2514,28.558,71.1099,64.5049,0.1744,0.7185,0.0246,3.0988,0.1923,0.0119,227.4209,124.4267,647.9019,469.2395,0.0605,0.0487,0.0394,0.8197,0.0328,0.1289,0.3511,0.0985,0.0919,5.5076,0.1216,10.3879,0.0298,1.7913,6.9412,16.3537,0.2264,3.5849,4.2888,14.0584,31.6025,0.03,0.0272,0.0353,0.0352,0.0278,0.0545,0.0353,0.0361,1.517,0.0142,0.0016,29.1934,0.0141,580.8164,0.02801905827358544,0.0054,54.5172,0.9587,0.0048,0.1381,0.0291,3.7933,1.7874,5.275,7.6913,7.5797,1.8548,15.1452,34.3599,4.5688,96.6133,1.842,2.0904,6.94175,2.3949,32.0916,60.9231,9.2278,5.0639,1.1296,3.8851,57.6355,40.3566,12.6008,1.1638,2.9167,0.8154,0.244,4.9519,5.5424,4.493,6.9172,4.2683,3.812,27.4012,7.2076,7.7536,12.9804,204.2825,6.4232,10.952,69.907,0.0,174.7735,201.0013,144.1353,110.2346,208.6837,219.4872,55.0806,2.7282,2.0187,0.5524,5.1715,20.8634,0.0,118.77044999999998,471.5789,26.600115265074077,1.9191,21.2527,0.0798,4.9394,6.8088,3.6213,11.4075,77.744,15.75,0.57,7.7982,0.2625,73.1406,3.8498,0.7332,0.588,0.0989,61.233,9.09,0.1926,3.7354,0.0757,3.386,22.7436,533.5964,2.2693,10.7,0.3286,3.4023,0.1223,2.0053,14.4794,0.0155,3.1199,0.0358,0.0162,45.2582
-1.0,2959.29,2197.2333,0.974,104.8733,1.5126,-0.0192,0.0107,200.2378,9.282,415.8273,0.9724,190.8614,12.5065,1.3982,-1758.25,1215.5,0.9543,1.8967,5.0663,69.7778,2.8,0.1899,85.2764,8.7219,63.8842,66.1097,86.5265,76.78,3.629,353.2709,138.6,734.4429,1.3802,142.1118,633.9827,198.9415,4.518,4.764,2873.0,0.9247,2.0009,352.6918,10.3351,120.6009,11.3137,17.9991,25.3399,709.103,150.59,623.8827,67.7898,-0.0249,-0.0149,-0.0915,0.0528,0.09,-0.0204,-0.0147,7.7042,0.1241,0.9845,1827.9181,0.1934,8900.3898,-0.002,0.0512,0.0014,-0.0084,0.4585,0.948,779.0129,0.9904,59.8375,0.6024,0.9691,6.2601,15.8,4.23,15.89,15.87,1.319,0.6689,3.101,-0.2365,0.7527,2.3161,1003.8773,200.0,191.4,86.1,52.2002,278.8929,0.1974,0.1333,0.0438,0.0374,0.01,9.1473,6.557,8.911,0.0075,0.34,0.0539,2060.5,424.0,0.113,0.065,0.133,4.1,0.202,0.6535,0.1224,0.6321,0.3036,0.6848,0.685,0.1292,9.77,24.0,42.771,0.552,18.19,4.66,35.151,91.945,0.1533,0.0491,0.0283,0.055,0.102,0.0666,0.0829,0.0535,3.3021,0.0689,0.0014,54.6012,0.022,1718.7998,0.0232,0.0125,0.0219,0.0185,168.0776,2.8057,0.0173,0.5764,0.0668,4.6747,43.4094,58.7761,27.6462,0.0646,1.6472,0.0426,2.1927,0.0951,0.0188,912.5788,267.485,3252.0607,203.1838,0.0482,0.0286,0.0599,1.2911,0.0347,0.0659,0.2416,0.049,0.0688,6.296,0.1818,10.877,0.0379,2.78,7.134,15.2166,0.1556,1.7214,1.8978,10.782,30.5553,0.0413,0.0214,0.0127,0.0234,0.029,0.0342,0.0457,0.0246,1.0174,0.024,0.0005,17.3523,0.0073,574.8044,0.0064,0.0068,58.925,0.7236,0.0064,0.1843,0.022,4.4755,1.6071,9.053150000000002,6.4678,3.4737,2.3757,19.4331,20.2645,8.8126,70.6421,2.143,0.7741,2.7186,3.8563,298.58439999999996,34.8828,11.8418,3.4269,2.6252,5.8758,25.0,56.8754,4.3617,0.7663,1.4033,0.9894,0.6795,6.1596,9.127,4.9579,9.36,6.8749,3.7856,21.4993,5.0321,5.341,8.3664,160.7786,4.9571,32.4383,135.6325,615.6627,141.3967,60.1093,193.1361,73.9795,405.379,363.3277,42.8614,2.6587,2.8605,0.1434,2.9871,11.3953,0.0,59.596,640.0,4.7659,1.947,21.5757,0.0738,4.6889,9.2076,2.8843,12.5344,75.99132045233279,17.334310947212057,1.2408176303682814,7.944804138618308,0.4898582498609525,66.68919842567328,4.2611462458964535,1.66114562428329,0.1245,0.0277,13.0712,6.428100760857002,0.13482601902433974,2.6916307458486353,0.05208150458215806,2.4500075593912927,21.061574223456258,530.6173,2.4608,10.56,0.4457,3.6489,0.1429,1.9901,18.1111,0.0162,3.2282,0.0358,0.0162,45.2582
-1.0,3047.54,2238.5444,0.901,99.31,1.3806,-0.009,0.0117,199.3133,8.1065,424.5918,0.958,189.3896,12.5018,1.4179,-3080.0,-6524.0,1.314,1.9943,7.3652,66.0222,2.2111,0.176,85.0856,8.6324,64.1658,66.0701,87.0354,76.99,3.057,349.7527,125.3482,712.7353,1.433,148.3673,623.4682,213.7876,4.594,4.83,2828.0,0.9354,15.64135,347.7736,10.5905,106.1582,12.1,19.19,25.7113,687.024,157.4364,611.3682,89.9315,-0.0214,-0.0118,-0.0632,0.0139,-0.0838,-0.0099,0.033,7.5287,0.134,0.9701,1793.9021,0.1724,9175.52,-0.012,-0.0046,0.0025,-0.0035,0.4519,0.9324,820.6605,0.9905,59.0332,0.5996,0.9728,6.2096,15.72,3.084,15.74,15.73,1.12,0.5563,3.257,0.0,0.7931,2.3796,1001.6543,126.0,189.6,161.6,80.2002,284.437,0.2501,0.1394,0.0683,0.0606,0.0272,10.1696,4.831,11.999,0.0191,0.35,0.0527,668.0,12554.0,0.135,0.075,0.071,2.1,0.618,0.9192,0.0847,0.432,0.2087,0.8673,0.139,0.1094,6.0,16.23,41.657,0.299,22.29,2.04,33.467,79.281,0.085,0.0444,0.0765,0.077,0.1056,0.0766,0.0632,0.1025,4.1456,0.0884,0.0041,85.9713,0.0703,1423.5996,0.0089,0.016,0.120188138292432,0.0421,151.2608,2.8376,0.037,0.3735,0.0862,5.2514,33.5026,60.6792,53.3647,0.0882,0.9053,0.0459,1.7933,0.0949,0.018,308.2903,138.7972,172.7098,6405.4848,0.065,0.0341,0.0314,0.6648,0.0448,0.1934,0.3614,0.0335,0.0941,5.1212,0.0468,9.5189,0.0349,1.9822,4.8828,12.3818,0.0811,0.75,1.9684,9.9027,29.7302,0.0251,0.0188,0.0337,0.0362,0.0295,0.0432,0.0299,0.0552,1.2053,0.0299,0.0012,28.1746,0.0232,388.0,0.02801905827358544,0.0125,44.7721,0.9281,0.0122,0.1267,0.0291,3.7933,1.7874,5.6668,6.2214,5.9643,3.5827,17.1436,27.7575,10.0973,59.5938,2.826,1.9957,2.7996,3.7169,11.5909,192.428,10.274,3.7608,0.964,3.1807,49.7487,77.8409,17.8275,1.0803,0.9814,0.6733,0.3727,4.3202,6.5976,4.3379,7.6347,4.044,2.6032,19.4852,6.4645,2.8233,6.8859,184.2145,4.8713,22.6702,88.1571,397.6608,197.1143,121.9319,758.6888,91.4354,638.3838,310.3709,55.0645,1.8655,3.5795,0.42,4.7924,40.7737,0.0,37.4269,0.0,26.600115265074077,4.5105,18.4316,0.0758,4.8068,6.0156,3.6213,11.4075,81.73,21.35,1.09,11.1081,0.4298,73.9708,5.156,1.3337,0.3004,0.0557,32.2583,2.81,0.11,1.0674,0.0415,1.0549,13.2824,523.3110000000001,2.3897,15.390000000000002,0.6164999999999999,5.3345,0.18730000000000002,2.8874999999999993,28.50255,0.0161,3.2263,-0.0012,0.0151,0.0
-1.0,2990.95,2218.5778,0.8396,98.1311,1.4036,0.0035,0.0141,202.7417,15.0515,427.5759,0.959,192.9005,12.4753,1.4025,-6375.125,1516.0,0.9788,1.9023,5.2313,67.3667,2.3333,0.1612,84.742,9.2291,64.3409,66.4775,86.9273,65.15,2.88,361.1909,157.21,770.7238,1.1946,140.6273,659.0282,189.9552,4.648,4.872,2902.0,0.9267,-5.9045,361.6891,10.1712,131.3055,21.1427,25.9045,34.578,736.1458,144.8909,637.8855,131.2697,-0.011,0.0049,-0.0272,-0.0012,-0.008,-0.0168,0.0308,7.4954,0.1332,0.9704,1831.9564,0.1664,8981.5801,0.0059,-0.1079,-0.0536,0.0152,0.4499869004822936,0.9424,791.1463,0.9902,57.6363,0.613,0.9775,6.3107,15.85,4.325,15.87,15.92,1.456,0.7094,3.145,0.2838,0.716,2.2881,1004.7456,117.0,220.3,185.8,76.2002,506.028,0.2631,0.1137,0.0579,0.0544,0.0311,7.0493,15.976000000000003,8.275,0.0226,0.64,0.052,376.0,99.0,0.099,0.086,0.244,3.3,0.155,0.6873,0.0543,0.6609,0.3812,0.8131,0.501,0.1247,6.6,10.97,31.148,0.533,17.68,11.93,28.448,81.661,0.0859,0.1046,0.0404,0.0751,0.16685000000000003,0.0381,0.1102,0.1293,3.9261,0.0348,0.0071,169.7917,0.0578,772.0996,0.0179,0.0154,0.04880472832237087,0.0278,84.3457,2.6678,0.0328,0.6149,0.0686,2.996,29.2532,71.5246,61.8735,0.0814,2.7713,0.0379,4.7942,0.1819,0.0209,175.3188,262.802,5823.189049999999,45.8039,0.0447,0.039,0.115,1.1113,0.0439,0.0479,0.2831,0.0207,0.0822,5.0939,0.1732,5.5484,0.0523,2.2182,2.9709,9.1332,0.1971,3.5031,4.935,8.7805,24.697,0.0272,0.0432,0.0166,0.0378,0.0485,0.018,0.0553,0.0658,1.3328,0.0126,0.0026,49.7708,0.0178,237.6129,0.010918273074250652,0.0106,24.1669,0.9338,0.0126,0.1976,0.0225,3.1806,0.9889,5.43,7.3656,7.8069,3.4346,31.0014,31.3378,8.1005,122.7323,1.9353,2.3536,5.1301,3.7057,179.8221,6.5303,10.1149,4.521,4.6643,4.8986,30.0,76.2922,3.317,0.811,0.5885,1.0272,0.2253,3.9564,5.7503,2.7935,10.443,4.6933,1.6646,16.3975,9.842500000000001,5.2403,7.4026,83.622,3.8645,15.7562,62.2086,784.0274,305.4015,276.6114,0.0,474.7664,656.93,420.1462,52.3799,2.1014,1.4603,0.7356,9.2683,34.7683,0.0,11.8019,400.0,11.220033831468626,2.9488,10.6612,0.0923,4.6286,9.7434,2.9982,8.2293,81.05,14.92,1.51,7.2179,0.6233,146.2962,3.7163,1.863,0.1001,0.0259,10.3089,4.98,0.0877,2.0902,0.0382,1.8844,15.4662,534.96,1.8846,10.03,0.1762,3.3391,0.0551,1.8749,9.3484,0.0166,3.3568,-0.0012,0.0151,0.0
-1.0,3038.81,2198.7222,0.9374,104.1989,1.4042,0.0093,0.0087,198.8523,12.8292,412.6172,0.9614,188.9177,12.4616,1.3868,-3871.75,-374.75,1.2785,1.9888,7.2517,63.8111,2.7,0.2051,84.7228,9.5689,64.0806,65.7291,86.3899,75.55,2.595,351.6936,132.1636,721.8082,1.3199,141.2045,625.0618,215.9141,4.581,4.808,2824.0,0.9367,-0.3264,350.7027,10.4471,111.8373,16.2636,20.3264,27.218,694.5902,146.2582,608.7982,94.8912,0.0087,0.0092,-0.041,0.0462,-0.0128,-0.056650000000000006,-0.0373,7.6588,0.135,0.9856,1772.3676,0.1885,8993.87,-0.0964,-0.0223,0.0778,0.1587,0.4641197003036329,0.941,628.0099,0.9914,58.9994,0.6099,0.9724,6.1809,15.72,3.084,15.74,15.73,1.12,0.5563,3.257,0.0,0.7931,2.3796,1001.6543,91.0,106.7,72.7,58.5,229.842,0.2157,0.0594,0.0612,0.0435,0.027,8.7069,9.725,10.933,0.0189,0.51,0.0433,691.0,2008.0,0.081,0.055,0.128,3.1,0.427,0.7593,0.2103,0.7241,0.3789,0.7461,0.864,0.1047,13.71,20.33,71.756,0.314,20.79,5.97,31.559,78.575,0.16345,0.0734,0.0774,0.0636,0.16685000000000003,0.1155,0.0646,0.0653,5.2909,0.0597,0.0054,175.1882,0.0349,1833.2998,0.0365,0.0229,0.060273392859592656,0.0325,177.6827,3.5558,0.0358,0.4881,0.0862,5.2514,29.3966,34.8689,22.5561,0.0681,1.3015,0.019,2.7631,0.1588,0.0127,305.9553,562.8794,953.2182,906.6857,0.0369,0.0257,0.058,1.047,0.0595,0.1403,0.2743,0.0833,0.1146,6.6857,0.2463,10.3026,0.0283,3.5925,5.9813,19.7944,0.0956,1.6523,1.9129,10.4066,20.7929,0.045450000000000004,0.0323,0.0335,0.0292,0.0485,0.0539,0.0339,0.0312,1.6523,0.0206,0.0017,52.0009,0.0123,497.7115,0.01430102229981488,0.0133,49.2689,0.9507,0.0125,0.1602,0.0291,3.7933,1.7874,4.1681,3.5112,2.8293,2.6606,14.9812,23.0148,4.2301,75.8037,2.6497,1.9706,4.0926,3.1194,56.2795,535.8239,6.3355,2.7656,1.7651,4.8581,44.4444,92.1452,12.188,0.8962,2.1977,1.13,0.1737,6.4005,8.4062,4.8442,7.9296,9.7093,3.2525,33.2336,6.3312,3.0056,6.7688,127.8314,4.5435,10.5213,82.8054,0.0,169.6129,155.122,694.4294,904.1096,107.2644,174.8327,69.083,3.2587,2.4906,0.5461,9.8844,18.5232,0.0,19.802,0.0,13.398102502583956,3.4526,28.293,0.0758,6.0268,7.8964,3.6213,11.4075,73.98,17.56,1.2,7.8291,0.474,13.6332,4.2864,1.6221,0.4232,0.0748,43.0771,4.06,0.1484,1.682,0.0617,1.5212,17.607,523.3110000000001,2.0687,15.390000000000002,0.2813,5.3345,0.0787,2.8874999999999993,13.5991,0.0174,3.536,-0.0012,0.0151,0.0
-1.0,3028.43,2170.5444,1.439,104.53,1.3428,0.0093,0.0052,199.4734,9.813,427.3429,0.967,189.4166,12.4616,1.411,-6375.125,-1350.0,1.3005,2.0017,7.3952,65.5556,2.3556,0.2103,86.3857,8.8513,63.7749,66.2673,87.0205,76.23,3.417,350.2936,141.4318,730.5374,1.2964,137.33,629.0554,183.2842,4.622,4.883,2821.0,0.9363,4.3055,348.2109,9.9857,125.7373,8.7121,15.6945,22.1809,708.3565,148.4036,622.3518,103.656,-0.0241,-0.0168,-0.0485,0.0126,-0.0217,0.017100000000000004,-0.0381,6.1616,0.1309,0.9869,1772.2888,0.1807,9117.6301,0.0812,0.0344,-0.0938,0.0093,0.4513488411412321,0.9418,799.4221,0.9912,59.2678,0.5972,0.9745,6.3992,15.85,4.325,15.87,15.92,1.456,0.7094,3.145,0.2838,0.716,2.2881,1004.7456,144.0,148.8,157.3,45.0999,156.716,0.1148,0.1216,0.0716,0.038,0.0315,10.7735,4.028,8.323,0.0178,0.51,0.079,698.0,684.0,0.058,0.09,0.166,2.3,0.518,0.9174,0.1717,0.5225,0.4191,0.7129,0.648,0.1475,7.06,22.03,44.523,0.749,20.32,6.23,34.953,69.215,0.1341,0.0471,0.0589,0.0483,0.1133,0.0293,0.0718,0.0282,7.2824,0.0615,0.0023,102.432,0.1114,1208.2002,0.0153,0.032,0.05992803694405144,0.0211,118.5233,3.2535,0.0297,0.4879,0.0686,2.996,35.0243,60.8648,55.6624,0.0405,2.5807,0.0495,1.3303,0.1588,0.0294,302.2074,191.3418,5823.189049999999,355.4884,0.0267,0.0384,0.0776,0.8443,0.0429,0.1846,0.3387,0.0665,0.1535,5.8235,0.1675,9.7588,0.0403,1.7933,6.3116,11.955,0.2425,1.8492,2.0587,10.8556,18.3111,0.0408,0.0216,0.0282,0.0208,0.03,0.0133,0.0309,0.0116,2.5408,0.0198,0.0007,34.8645,0.0324,342.7571,0.01326459139727219,0.0061,33.7409,0.8806,0.0111,0.1595,0.0225,3.1806,0.9889,6.7646,4.9134,6.2482,2.0778,17.0147,7.9778,9.056,41.0476,1.9476,1.8384,4.0926,5.5982,244.5527,50.6667,4.4598,4.4961,2.2447,3.5085,67.9245,59.4295,15.329,1.062,1.9395,0.8193,0.2693,5.7152,7.0352,4.3996,11.3762,5.1409,3.5021,24.2918,6.6629,7.5007,6.7919,233.2399,4.9344,18.4703,66.7738,557.4435,263.4965,99.5876,901.4421,135.1788,361.7128,74.113,107.56075,1.7568,2.6665,0.2286,5.7796,61.6329,0.0,112.7148,735.1351,12.587935109969216,2.2417,14.8261,0.0594,5.4896,7.6238,2.9982,8.2293,81.448,23.62,1.37,10.6507,0.6817,77.2982,5.8633,1.6821,0.1001,0.0259,10.3089,4.98,0.0877,2.0902,0.0382,1.8844,15.4662,536.0973,2.0779,9.02,0.1652,2.9018,0.0453,1.6825,7.9513,0.0166,3.3028,0.0275,0.0314,114.1967
-1.0,3190.45,2208.4444,0.7665,103.71,1.5037,-0.0109,0.0069,200.5541,8.3645,414.5078,0.9597,190.8521,12.5106,1.4044,-6280.25,1333.0,0.9802,1.9007,5.1587,70.1778,2.7,0.176,86.3857,8.8513,63.7749,66.2673,87.0205,76.23,3.417,349.5609,129.0409,718.1155,1.4192,143.9745,622.5764,201.1735,4.588,4.846,2820.0,0.9352,6.3364,348.0736,10.4857,115.3773,11.6809,13.6636,20.4431,697.6724,147.4445,610.8955,124.3519,-0.015,0.0315,-0.0729,0.0327,0.0025,-0.0264,-0.0043,7.8947,0.1311,0.9891,1815.6927,0.1994,8815.3001,0.1035,-0.0121,0.0547,0.1065,0.44321958574612275,0.9535,750.4614,0.9908,58.2651,0.6124,0.9694,6.3201,15.82,4.317,15.91,15.88,1.38,0.6809,3.101,0.8042,0.6518,2.3132,1003.5673,200.0,216.3,187.4,48.8,397.721,0.0319,0.0935,0.0518,0.0413,0.026,9.9096,5.987,11.772,0.0182,0.43,0.0467,195.0,137.0,0.091,0.061,0.208,2.8,0.179,0.9174,0.1717,0.5225,0.4191,0.7129,0.235,0.1267,4.31,21.44,50.521,0.26,19.42,5.45,35.112,82.001,0.16345,0.0634,0.0301,0.1203,0.16685000000000003,0.0702,0.0766,0.071,3.2068,0.0636,0.0028,155.6282,0.058,386.9004,0.0304,0.0138,0.052296595427323844,0.0055,43.3794,2.7292,0.0139,0.3849,0.0608,3.5981,45.32809999999999,70.3424,64.7942,0.0111,2.7523,0.0317,1.9463,0.1181,0.0139,86.1414,212.0959,4561.049,64.1301,0.0388,0.0258,0.0901,0.8348,0.0262,0.0603,0.3387,0.0665,0.1535,5.2134,0.0739,9.3553,0.0431,1.3187,6.3691,13.9603,0.0763,1.9063,2.4079,10.6319,22.6358,0.045450000000000004,0.0296,0.0135,0.0547,0.0485,0.0321,0.0411,0.0358,1.2073,0.0193,0.0008,50.874,0.019,139.5304,0.011773134885892617,0.0019,16.8645,0.7141,0.0051,0.1296,0.0212,4.0836,1.076,9.053150000000002,6.7796,7.8362,2.2097,36.5177,4.1623,6.218,71.5759,2.84,1.8924,3.4371,3.3216,154.3569,10.2776,9.2833,3.2093,4.032,3.9899,25.9259,47.1591,3.8298,1.062,1.9395,0.8193,0.2693,4.2968,6.9203,4.4635,8.9311,2.9936,3.4437,25.1131,7.9898,2.4796,7.9478,166.2538,5.0327,9.2405,65.9427,0.0,320.202,165.0772,640.3059,0.0,290.4265,0.0,40.6192,1.9829,2.6935,0.2841,8.5713,29.0808,0.0,22.6415,0.0,11.001930430990301,0.5789,5.7804,0.1166,4.6842,6.0906,2.6287,9.4225,82.598,14.12,1.53,6.2505,0.572,81.3218,3.3562,1.8523,0.1405,0.0322,14.6028,9.98,0.0774,4.0244,0.0346,3.7237,14.3483,534.4473,2.4356,9.33,0.1854,3.3165,0.0663,1.7457,7.612,0.0157,3.1486,0.0275,0.0314,114.1967
-1.0,2893.56,2208.4444,0.7665,103.71,1.5272,-0.0219,0.0083,200.8052,7.0828,408.8944,0.9738,190.1912,12.4492,1.3923,-4238.75,1468.0,0.9692,1.9005,5.1325,67.5222,2.5667,0.1671,84.742,9.2291,64.3409,66.4775,86.9273,65.15,2.88,346.5164,137.8755,722.6021,0.9415,136.6382,621.03,65.8453,4.575,4.84,2822.0,0.9378,3.1418,347.31,10.1931,121.0173,7.673,16.8582,21.5151,701.087,146.2745,614.6018,97.55,-0.0078,0.0074,-0.0246,0.0464,0.0087,-0.0266,0.0367,7.7681,0.131,0.9735,1794.9813,0.1766,8914.2701,0.0484,-0.0391,-0.0364,0.0352,0.48266028139030404,0.9312,757.0225,0.9911,57.9969,0.5964,0.9777,6.2696,15.84,4.429,15.7,15.67,1.39,0.706,3.108,0.4258,0.752,2.2948,1006.3928,86.0,125.6,112.4,48.8,397.721,0.0319,0.2024,0.0613,0.079,0.0086,9.7518,2.925,9.678,0.0068,0.34,0.0176,303.0,83.0,0.084,0.077,0.265,2.6,0.13,0.6873,0.0543,0.6609,0.3812,0.8131,0.78,0.1363,14.625,19.43,13.557,0.282,14.88,4.28,33.263,88.526,0.16345,0.0527,0.0337,0.0865,0.16685000000000003,0.0904,0.075,0.1153,3.8985,0.0359,0.0026,51.752,0.0445,447.6992,0.0137,0.0112,0.05041005078072308,0.0096,45.8549,2.48,0.0379,0.6018,0.0691,2.5663,23.5023,44.934,38.3496,0.0111,2.7523,0.0733,1.1181,0.0901,0.0068,139.9536,211.1761,1202.4121,36.396,0.0388,0.0356,0.1327,0.9338,0.0217,0.0404,0.2831,0.0207,0.0822,7.3221,0.2695,9.1325,0.0376,4.0027,5.5049,4.4708,0.1013,1.3055,1.489,10.2755,27.9674,0.045450000000000004,0.0253,0.0145,0.0415,0.048,0.0451,0.0406,0.0584,1.3635,0.0118,0.0009,18.7774,0.0159,132.4436,0.01133543034325893,0.0032,12.1964,0.6621,0.0125,0.1981,0.0234,4.1983,0.9168,3.9142,4.3407,4.667,2.2097,36.5177,4.1623,13.253,41.2971,2.3669,0.7009,2.7311,1.262,61.4804,5.654,8.6665,4.0516,5.1632,3.8506,38.961,35.9043,2.8002,0.811,0.5885,1.0272,0.2253,6.8309,4.9175,4.1944,14.4785,10.6208,3.1287,20.5892,7.0363,2.7666,7.5526,193.9268,4.7445,13.7185,90.7494,0.0,354.2857,350.9128,429.1262,0.0,281.6901,314.5975,50.1863,2.6711,1.5014,0.2702,2.8831,25.1951,0.0,70.8738,533.3333,11.62947294047142,1.0287,6.0573,0.0963,4.2761,9.5994,3.0097,6.7884,77.24,12.57,0.84,6.2108,0.3701,131.4735,3.1093,1.0875,0.1405,0.0322,14.6028,4.98,0.0877,2.0902,0.0382,1.8844,15.4662,535.9227,1.911,8.65,0.1435,3.1242,0.0437,1.614,7.508,0.013,2.5931,0.0275,0.0314,114.1967
-1.0,3031.79,2186.9889,1.2981,103.3322,1.4636,0.0009,0.0031,203.2909,7.5919,401.799,0.9588,193.1521,12.4786,1.3845,-2140.0,1530.25,0.9677,1.889,5.0157,71.0,2.1556,0.14,84.87,9.4832,64.23,66.4374,87.3382,65.34,3.102,349.0491,134.7582,722.4056,1.3756,143.53,627.3373,156.1104,4.537,4.778,2859.0,0.9309,15.64135,346.8791,10.4788,116.8609,17.02,17.8973,25.0401,697.3655,146.5773,610.3173,111.0259,-0.0383,0.0082,-0.0556,0.0029,-0.1014,-0.0253,-0.0328,8.093,0.1311,0.9908,1817.9758,0.1873,8545.05,-0.1158,-0.0893,0.0986,-0.0873,0.4714,0.9414,701.5096,0.9867000000000001,58.3103,0.604,0.9682,6.2946,15.79,4.184,15.84,15.85,1.064,0.7275,3.245,0.2365,0.6755,2.3099,1000.7826,92.0,84.8,68.5,52.8999,215.431,0.1318,0.123,0.0448,0.04,0.0229,8.3033,2.692,11.442,0.021,0.6,0.0406,582.0,108.0,0.133,0.097,0.172,3.0,0.164,0.6371,0.1478,0.5819,0.3782,0.9871,0.657,0.1392,8.64,16.34,92.627,0.38,19.29,5.46,32.15,68.216,0.1576,0.0366,0.0474,0.054,0.1227,0.088,0.0778,0.0488,4.5693,0.044,0.0022,177.8818,0.0338,710.7002,0.0138,0.0186,0.0385,0.0252,106.3273,4.7453,0.0264,0.3782,0.0645,5.3239,16.2057,27.5626,24.3016,0.0493,2.1389,0.0406,0.8017,0.1746,0.0129,250.9746,266.0644,3038.8591,50.7371,0.0572,0.0409,0.073,0.9526,0.0254,0.0531,0.2501,0.0613,0.1104,5.8781,0.2001,9.0472,0.0501,2.7966,4.3769,24.0265,0.112,2.0248,1.9164,10.2076,18.9979,0.0379,0.0167,0.0209,0.0245,0.0328,0.0477,0.0413,0.026,1.4057,0.0142,0.0007,50.6791,0.0095,242.8074,0.0075,0.0098,33.1909,1.5293,0.0093,0.1319,0.0227,4.4604,1.6678,4.1719,2.797,2.7624,2.4188,22.6956,10.1551,8.4038,35.4588,2.8477,2.1857,4.8082,2.9353,298.58439999999996,7.0577,13.7432,5.135,3.4292,4.2254,60.3093,63.5714,3.558,0.7507,1.5588,0.906,0.1937,5.7871,4.6305,4.1958,10.1213,6.0196,2.6047,59.3343,6.1236,3.6264,9.0706,113.3371,4.6102,15.3553,61.4415,411.8915,618.59025,97.2097,0.0,86.8064,307.5099,149.0076,56.4604,1.9827,1.7972,0.2228,9.7846,18.0563,0.0,60.0791,408.3333,8.1756,2.677,15.1569,0.25379999999999997,8.1381,6.0086,2.7919,14.8581,73.70365437526189,16.93035509749436,1.1824736928278636,7.618289545257597,0.4680137665003221,68.06969405534466,4.209271773857377,1.6273455640951846,0.9412,0.1514,95.8686,6.39,0.1953,2.5335,0.0772,2.4161,29.3034,531.5445,2.4212,7.49,0.3229,2.5085,0.0935,1.4091,13.3366,0.0085,1.6818,0.0484,0.0339,70.0618
-1.0,3111.28,2218.0555,0.8579,105.8133,1.5852,-0.0077,0.0048,201.4956,8.4881,424.3829,0.9711,192.044,12.4273,1.4056,-4166.0,187.75,1.271,2.04,7.3463,67.9111,2.3333,0.2147,84.7872,9.0859,64.2991,66.5237,86.9608,64.74,2.856,361.7136,143.3618,749.2431,0.9564,136.8409,641.9164,55.7561,4.577,4.781,2913.0,0.9264,-0.8891,361.4836,10.2897,122.4727,9.5504,20.8891,26.9872,722.2559,149.7373,633.6936,75.8519,-0.0121,0.0326,-0.0155,0.0255,0.0061,-0.0126,0.0782,8.0216,0.1364,0.9845,1872.0824,0.1598,9025.9701,-0.0755,0.0725,0.0303,-0.0894,0.4432754984979208,0.925,679.4609,0.9908,58.8242,0.6082,0.9679,6.3544,15.8,4.23,15.89,15.87,1.319,0.6689,3.101,-0.2365,0.7527,2.3161,1003.8773,130.0,138.0,106.0,70.5,340.8611,0.3963,0.0944,0.0543,0.10045,0.0083,7.1019,3.743,9.486,0.0157,0.33,0.0493,646.0,929.0,0.135,0.092,0.314,3.2,0.436,0.6312,0.26130000000000003,0.6053,0.3757,0.7925,1.014,0.1121,9.81,16.8,22.847,0.505,19.43,15.99,23.444,98.657,0.1268,0.066,0.0318,0.0703,0.1009,0.0867,0.0765,0.164,3.8951,0.0693,0.0055,119.2311,0.0267,827.5,0.0369,0.0301,0.05221301896144265,0.0251,84.9753,3.7924,0.0311,0.3988,0.0668,4.6747,32.9744,48.4879,37.3422,0.1205,1.6024,0.0342,1.3671,0.0893,0.0191,300.8494,331.9783,1195.6396,430.6301,0.0637,0.0427,0.1481,1.0337,0.037,0.1661,0.2258,0.0985,0.1156,6.7978,0.3223,5.4334,0.0355,3.1873,4.4144,5.9679,0.1582,4.3043,4.5136,7.3559,33.3606,0.0321,0.028,0.0158,0.0328,0.0301,0.0485,0.0404,0.08248588237179322,1.4053,0.0212,0.0016,33.2921,0.0094,323.1645,0.00910053305520866,0.0085,33.6299,1.2212,0.0122,0.1301,0.022,4.4755,1.6071,5.8824,4.4355,4.2338,3.1785,22.4629,46.1964,5.9551,44.0971,2.2352,1.6172,2.6554,3.5053,60.1056,494.8069,10.6216,4.5098,4.2743,4.712,51.4286,54.9689,13.027,0.7445,2.9167,0.9414,0.0737,5.7366,11.6768,2.7656,11.7241,7.1689,2.6172,40.9767,2.1487,4.9078,7.2098,203.4468,3.2459,32.977,130.0653,0.0,360.6557,452.09,396.1718,0.0,607.1429,209.6516,48.5578,2.0535,2.9265,0.563,6.3689,16.6971,0.0,44.9612,625.641,12.487627256328723,2.712,12.5063,0.152,6.4469,6.2765,2.8843,12.5344,81.642,11.07,1.74,5.3047,0.6459,63.8281,2.7795,2.1313,0.6116,0.1048,62.5691,4.14,0.1169,1.9195,0.0435,1.677,18.1045,535.7282,2.1451,7.49,0.2494,2.691,0.0684,1.3981,11.6249,0.0126,2.5517,0.0484,0.0339,70.0618
-1.0,3100.44,2218.0555,0.8579,105.8133,1.4629,0.0175,0.0097,201.6838,7.491,422.7772,0.9622,192.0795,12.47,1.399,-3234.75,-550.75,1.301,2.0187,7.306,60.1111,2.9444,0.2498,86.0209,9.2328,63.7799,65.7516,86.5146,75.31,2.353,363.4909,128.4982,730.2337,0.9916,141.0245,633.0136,53.753,4.657,4.896,2861.0,0.9242,-6.8555,358.4082,11.0363,101.6427,26.1591,26.8555,33.4081,696.8256,146.8036,606.8545,108.2793,-0.0168,0.0231,-0.0372,0.0214,0.0007,-0.0151,0.0263,6.6501,0.1394,0.9671,1747.5658,0.1871,9169.05,0.0248,0.0735,0.001,0.1104,0.4598615232169262,0.9535,800.7803,0.9905,59.3847,0.6011,0.9657,6.3691,15.7,3.063,15.76,15.73,0.9271,0.5243,3.163,0.6623,0.7914,2.3978,1000.5764,108.0,146.8,130.4,70.5,340.8611,0.3963,0.0991,0.0433,0.0636,0.0252,7.3985,5.061,12.396,0.0188,0.5,0.1027,935.0,1111.0,0.095,0.126,0.079,2.5,0.548,0.6917,0.1311,0.6505,0.3852,0.69,1.242,0.1505,7.1,27.4599,20.253,0.24,19.76,5.14,33.563,68.294,0.0468,0.0499,0.0334,0.1204,0.0736,0.0433,0.1129,0.1405,4.6192,0.0736,0.0071,124.6069,0.0261,967.9004,0.025,0.0154,0.060272749081618754,0.0301,137.186,2.772,0.0259,0.6295,0.0767,4.6754,24.1076,55.8116,50.7446,0.1205,1.6024,0.0327,1.4181,0.1652,0.0351,424.8333,95.5349,1143.0417,520.9577,0.0399,0.0535,0.0351,0.7881,0.0449,0.1488,0.2892,0.0524,0.0431,6.0995,0.3771,11.4232,0.0463,2.3789,7.0208,6.0991,0.0673,1.6488,1.4797,10.4374,22.6103,0.0159,0.0221,0.0159,0.0573,0.0222,0.022,0.0546,0.0683,1.3471,0.0253,0.002,45.3512,0.0071,308.8108,0.011090940387937048,0.0088,38.5231,0.9152,0.0113,0.2011,0.0268,4.1946,1.4555,4.931,4.7348,5.2256,3.1785,22.4629,46.1964,6.774,67.5611,2.932,1.9569,4.0096,7.3374,79.6661,201.7249,7.3021,6.2415,1.0813,4.159,30.566,54.4484,15.6795,0.8041,1.4195,1.0199,0.3058,5.9891,8.8095,5.1092,15.1788,5.0346,4.338,37.6779,5.8835,2.1746,8.707,75.5379,4.8166,16.4301,63.0721,278.5714,173.8676,323.2215,344.3275,0.0,747.6821,534.2205,69.4609,4.0185,3.0596,0.7344,7.1303,13.9564,0.0,22.268,384.8101,12.936248552840905,3.16,17.1315,0.094,4.6678,9.883,3.1988,11.8427,71.998,20.75,1.4,10.418,0.561,65.8647,5.3104,1.9445,0.2569,0.056,27.5462,7.11,0.0916,2.7691,0.0381,2.669,11.6889,530.6027,2.397,7.11,0.2709,2.3928,0.0895,1.34,11.3021,0.0144,2.8895,0.0484,0.0339,70.0618
-1.0,3040.45,2218.0555,0.8579,105.8133,1.5923,0.0098,0.0039,201.5485,6.4888,408.8975,0.9597,191.8809,12.4616,1.4142,-6040.25,-257.25,1.2773,2.015,7.3825,59.8889,3.3111,0.2608,86.0209,9.2328,63.7799,65.7516,86.5146,75.31,2.353,362.7473,130.6055,732.635,1.022,137.0073,630.36,55.1433,4.657,4.896,2861.0,0.9242,2.1473,362.6236,10.525,112.7527,14.411,17.8527,23.7727,708.8623,142.0173,617.3936,125.0069,-0.0066,0.0388,-0.0346,0.0146,-0.0173,-0.0247,-0.0321,6.9747,0.1256,0.982,1781.1753,0.1968,8938.57,0.0132,0.1135,-0.0399,-0.0065,0.46648633292197994,0.9448,752.4658,0.9908,59.3175,0.6035,0.9681,6.3146,15.7,3.063,15.76,15.73,0.9271,0.5243,3.163,0.6623,0.7914,2.3978,1000.5764,92.0,196.4,142.4,70.5,340.8611,0.3963,0.0897,0.0547,0.0441,0.0261,7.5847,3.582,14.624,0.0191,0.51,0.0211,360.0,1227.0,0.152,0.053,0.044,2.4,0.417,0.6917,0.1311,0.6505,0.3852,0.69,0.794,0.1221,5.39,27.38,18.707,0.497,18.86,4.34,33.682,70.84,0.101,0.075,0.0295,0.0473,0.1133,0.0546,0.1056,0.0612,4.57,0.0795,0.0015,165.2661,0.0335,1235.5996,0.0188,0.0134,0.05496871826313096,0.0207,119.8896,3.6543,0.0227,0.4516,0.0767,4.6754,22.8062,68.1237,47.9912,0.1205,1.6024,0.0345,0.9777,0.1588,0.0084,157.7073,182.8923,3843.0508,580.195,0.0744,0.0251,0.0187,0.7322,0.0269,0.1489,0.2892,0.0524,0.0431,8.0235,0.2635,10.4251,0.0411,1.8031,8.7986,5.922,0.1359,1.176,0.604,10.6036,19.1852,0.0287,0.0342,0.0131,0.0212,0.0323,0.0255,0.0529,0.0305,1.5292,0.0249,0.0005,51.0726,0.0104,398.3324,0.009894162653739482,0.0063,40.4409,1.2428,0.0073,0.1265,0.0268,4.1946,1.4555,4.1633,6.4596,6.3943,3.1785,22.4629,46.1964,5.6334,55.2027,3.5764,1.9923,4.0926,1.4906,136.1699,476.9679,11.9006,2.6303,0.596,4.0074,36.2416,31.0609,12.01,0.8041,1.4195,1.0199,0.3058,6.3763,7.0365,4.6097,11.9495,3.9341,4.3435,33.9244,5.8835,4.7221,7.379,130.8724,4.7516,15.0027,56.6689,0.0,358.8517,136.7052,777.3585,316.5217,426.6667,190.8028,65.5224,1.7514,3.4231,0.1522,9.2785,17.0105,0.0,49.6945,262.2951,12.021876165747274,2.1872,15.9329,0.0994,6.1606,7.1516,3.1988,11.8427,72.786,11.86,0.94,4.6168,0.3878,58.6551,2.9654,1.2915,0.3909,0.0783,41.9184,4.98,0.0877,2.0902,0.0382,1.8844,15.4662,536.0973,2.0779,9.02,0.1652,2.9018,0.0453,1.6825,7.9513,0.0182,3.6421,0.0484,0.0339,70.0618
-1.0,2942.16,2224.0,1.5611,99.83,1.3924,0.0036,-0.0017,200.246,10.1535,414.2334,0.97,190.3483,12.47,1.4054,-3569.75,1564.75,0.9855,1.8753,4.9612,67.7,2.7222,0.1777,84.7297,8.5177,64.1615,66.2409,87.0024,77.14,3.595,364.0455,129.3809,734.9779,1.3277,144.5136,637.94,206.6172,4.633,4.886,2866.0,0.9227,-8.4836,360.3527,10.8948,100.8973,25.9427,28.4836,38.0547,696.9232,150.7473,611.9973,95.9212,-0.0275,-0.0348,-0.0271,-0.0307,-0.0241,-0.0284,0.0281,7.7229,0.1336,0.9706,1710.6147,0.2109,9250.7101,-0.0531,-0.0019,-0.0456,0.1602,0.45443219122428724,0.9345,714.2343,0.9905,58.9204,0.5993,0.9625,6.3997,15.85,4.325,15.87,15.92,1.456,0.7094,3.145,0.2838,0.716,2.2881,1004.7456,123.0,163.5,132.5,55.6001,235.875,0.5065,0.0861,0.03,0.0507,0.0266,9.3723,5.574,9.151,0.0165,0.5,0.0983,473.0,89.0,0.093,0.054,0.202,2.1,0.09,0.7104,0.0996,0.5617,0.2119,0.7185,0.422,0.1253,8.1,21.51,51.583,0.243,22.49,4.69,32.028,95.222,0.0596,0.0664,0.0268,0.0765,0.0536,0.0569,0.1272,0.092,2.6089,0.0401,0.0079,107.2256,0.1048,1295.9004,0.0325,0.0292,0.0399977892286659,0.0507,105.9376,4.7929,0.0356,0.7637,0.0686,2.996,30.9815,57.759,52.4404,0.1716,1.3873,0.0343,1.6446,0.1652,0.0325,194.9981,256.2252,1647.7828,38.187,0.0401,0.0221,0.0858,0.6344,0.0234,0.0272,0.2702,0.0391,0.0941,6.6714,0.1542,10.7666,0.0395,2.294,6.6175,16.9429,0.0648,1.2864,1.5666,10.2527,28.1095,0.0175,0.0271,0.0121,0.0371,0.0152,0.0252,0.0641,0.0472,0.9637,0.0134,0.0023,35.2281,0.0297,370.0817,0.011141528879268404,0.0179,31.0132,1.5319,0.0117,0.2349,0.0225,3.1806,0.9889,5.6188,5.5571,5.4081,2.5,15.62,32.4437,6.1835,54.8976,2.2091,1.697,4.0096,6.9931,107.6546,5.6878,9.4368,2.8796,4.0716,3.1019,40.4082,43.9024,1.9554,0.8384,1.1689,0.8754,0.3206,6.0212,7.7755,4.8837,9.438,5.605,3.3718,24.9655,5.8683,2.2304,7.8198,86.691,4.5956,16.3819,99.2711,216.8258,173.2551,282.2878,174.5573,235.8549,447.8873,326.8206,33.7813,3.9494,1.7466,0.8118,6.2682,49.6724,0.0,57.4257,0.0,11.402126373556731,5.4218,14.8323,0.1948,8.1345,11.9339,2.9982,8.2293,77.66344697334098,16.941077270084403,1.2808563234945152,7.675118156679045,0.5238038236611489,54.8377541187993,4.187798225057641,1.6505321157372643,0.1124,0.0284,11.6369,4.59,0.2497,1.802,0.1021,1.7334,30.5987,523.3110000000001,2.4624,15.390000000000002,0.57,5.3345,0.1829,2.8874999999999993,23.1501,0.0169,3.376,0.0484,0.0339,70.0618
-1.0,3012.18,2197.6778,1.3168,102.9611,1.4103,-0.0137,0.0004,200.8017,7.1759,410.0575,0.9774,190.4807,12.4273,1.4086,-6375.125,1485.25,0.9762,1.8873,5.0518,67.2,2.3778,0.1848,85.2626,8.4092,64.2111,66.2249,86.7481,77.83,3.434,351.2218,133.1536,718.1942,1.0178,132.4927,616.8682,52.1971,4.575,4.84,2822.0,0.9378,3.9382,348.3655,10.3051,117.0918,7.9793,16.0618,20.8163,697.3779,145.6545,611.1118,104.2772,0.0311,0.0149,-0.0223,0.0221,-0.0152,-0.0281,0.0404,8.1129,0.1345,0.9704,1831.9564,0.1638,9138.9701,0.013,0.014,0.0039,0.0254,0.4752835671910759,0.9437,810.4349,0.9906,58.5934,0.6029,0.9775,6.2708,15.72,3.084,15.74,15.73,1.12,0.5563,3.257,0.0,0.7931,2.3796,1001.6543,89.0,79.6,105.2,56.6001,314.341,0.1487,0.1463,0.0359,0.0363,0.0099,7.1349,5.348,13.784,0.0055,0.33,0.0325,406.0,139.0,0.08,0.076,0.149,2.7,0.151,0.7888,0.1535,0.5833,0.2973,0.828,0.456,0.1795,10.98,17.36,20.563,0.203,11.12,8.18,34.177,48.884,0.1185,0.0322,0.0275,0.0826,0.0912,0.0623,0.0997,0.1003,3.2033,0.0379,0.0071,169.7917,0.0415,955.3994,0.0137,0.0098,0.04775240687563603,0.0217,104.2117,3.0012,0.0228,0.469,0.0862,5.2514,22.4164,23.6134,38.2011,0.0546,1.6977,0.0483,1.4458,0.0893,0.0115,175.8996,291.4893,5823.189049999999,63.9863,0.0348,0.035,0.0738,1.0595,0.03,0.0441,0.2947,0.0543,0.1611,4.6687,0.1359,9.2772,0.044,3.3047,5.8998,6.9463,0.0721,2.0553,2.0956,10.615,15.9083,0.0308,0.0145,0.0119,0.0424,0.0281,0.0284,0.053,0.0534,1.2233,0.0124,0.0026,49.7708,0.0143,287.448,0.01102830258448188,0.0058,31.2626,0.9598,0.009,0.1445,0.0291,3.7933,1.7874,3.8711,2.6426,4.0605,2.5755,29.7451,11.2896,10.3737,74.5271,3.3615,0.5671,2.6554,2.3094,207.1659,9.3587,8.1946,4.027,2.9495,4.0179,25.2336,50.3307,3.2721,0.9251,1.8257,0.9084,0.2228,3.8067,7.1496,4.412,17.639,8.2872,2.8142,39.3949,7.0363,1.9699,9.42,139.3606,4.9008,14.7696,46.8789,381.4122,618.59025,369.9888,413.3711,409.1954,355.1202,248.2673,39.4843,2.3794,1.5817,0.7356,9.2683,25.3398,0.0,94.6746,0.0,10.654896495590444,2.2984,12.8587,0.0968,5.122,7.4792,3.6213,11.4075,73.35,13.65,0.84,6.486,0.3503,144.8516,3.3697,1.1452,0.563,0.1015,58.9444,4.98,0.0877,2.0902,0.0382,1.8844,15.4662,534.0518,2.4314,8.07,0.3153,3.0118,0.121,1.5111,12.9673,0.0136,2.6943,0.0071,0.01,141.9849
-1.0,2973.57,2218.5778,0.8396,98.1311,1.4281,-0.0109,0.0089,201.276,10.3197,415.8049,0.9579,191.2963,12.4492,1.4043,-4660.0,-1784.0,1.2847,1.977,7.2882,68.1667,2.2,0.1842,84.7529,9.0622,64.2906,66.4854,87.0122,64.74,2.856,350.22,152.1418,744.0713,0.9344,126.6409,629.0027,54.9845,4.599,4.816,2828.0,0.9319,-0.2618,351.4036,9.7566,131.88,5.9227,20.2618,25.2206,718.8506,144.4509,627.7345,68.2091,0.0115,0.0282,-0.0325,0.0189,-0.0104,-0.0269,0.0523,7.6543,0.1249,0.98,1775.7413,0.1754,9069.0399,0.2015,0.0502,-0.059,0.1477,0.4707665962177703,0.9393,721.0646,0.9903,57.6611,0.6022,0.9551,6.5674,15.82,4.317,15.91,15.88,1.38,0.6809,3.101,0.8042,0.6518,2.3132,1003.5673,78.0,202.2,207.1,76.2002,506.028,0.2631,0.0597,0.0363,0.0617,0.0059,6.3559,2.507,7.449,0.0215,0.34,0.0376,1544.0,2627.0,0.089,0.071,0.185,2.5,0.465,0.7071,0.2333,0.5676,0.3572,0.96,0.769,0.1467,9.71,21.93,26.637,1.055,12.08,5.49,38.248,124.703,0.0889,0.0542,0.0276,0.0768,0.0802,0.058,0.0916,0.1093,3.3007,0.048,0.0023,88.2261,0.0403,846.1992,0.0257,0.016,0.06106702128163982,0.0218,89.1931,2.849,0.011,0.4029,0.0608,3.5981,20.9737,69.0377,71.1953,0.0814,2.7713,0.0225,0.7688,0.0901,0.0127,661.4101,247.0592,1663.9718,1096.4874,0.0387,0.0335,0.0868,0.7937,0.0652,0.1624,0.2775,0.0954,0.1489,5.9945,0.2268,10.2465,0.0396,3.0666,6.2434,8.5306,0.4166,1.7109,1.6428,10.9281,39.8328,0.0236,0.0226,0.0116,0.0367,0.0263,0.029,0.045,0.0506,1.3358,0.0154,0.0006,27.2892,0.0121,257.6001,0.0123501401450829,0.0076,25.9217,1.0219,0.0043,0.1537,0.0212,4.0836,1.076,3.5829,6.7999,8.5527,3.4346,31.0014,31.3378,4.1803,24.2933,1.7915,2.242,2.7311,2.6753,80.794,147.2534,6.9274,3.5913,2.5383,3.6675,90.9091,96.0796,14.0117,0.8343,2.5743,0.8829,0.2167,5.6793,7.9202,4.4821,15.6951,7.6673,3.4865,48.4446,6.2634,10.8132,9.9636,203.9611,5.3207,44.6391,172.49815,775.9956,499.5392,236.3077,423.3586,557.6923,340.8372,209.0866,43.1223,1.9209,1.945,0.2374,4.9684,22.9688,0.0,88.8889,414.8148,13.340370474664706,2.326,12.3696,0.0927,4.941,6.1343,2.6287,9.4225,75.276,17.69,0.96,7.4204,0.42,46.7131,4.4447,1.2753,0.1405,0.0322,14.6028,4.98,0.0877,2.0902,0.0382,1.8844,15.4662,535.7282,2.1451,7.49,0.2494,2.691,0.0684,1.3981,11.6249,0.0102,2.0555,0.0094,0.0095,101.3884
-1.0,2999.4,2198.7222,0.9374,104.1989,1.5108,0.0255,0.0178,197.9303,10.3624,409.9565,0.9796,187.944,12.4273,1.4103,-4125.6667,1472.5,0.9815,1.9047,5.2635,68.5778,2.3222,0.145,84.742,9.2291,64.3409,66.4775,86.9273,65.15,2.88,348.9709,136.3209,721.7584,0.9835,134.2118,619.5036,54.0963,4.594,4.85,2824.0,0.9359,-2.7936,348.6155,10.3655,113.5273,10.84,22.7936,27.7028,694.0555,146.5209,608.6636,80.7591,-0.0009,0.005,-0.0185,0.0164,-0.0052,-0.028,0.0431,6.6506,0.1256,0.9899,1850.6233,0.1908,9402.5899,0.095,-0.0679,-0.0948,0.0263,0.45668531358609643,0.9348,822.4179,0.9909,58.2242,0.5979,0.9682,6.1974,15.72,3.084,15.74,15.73,1.12,0.5563,3.257,0.0,0.7931,2.3796,1001.6543,130.0,88.3,161.8,58.5,229.842,0.2157,0.0969,0.0493,0.0349,0.0087,9.8573,9.115,13.477,0.0049,0.33,0.0527,179.0,83.0,0.099,0.057,0.132,2.0,0.118,0.6873,0.0543,0.6609,0.3812,0.8131,1.113,0.0999,14.625,25.92,10.721,0.278,17.5,6.99,30.223,79.521,0.16345,0.0763,0.0877,0.1299,0.16685000000000003,0.0417,0.043,0.139,4.674,0.0795,0.001,98.8339,0.0443,1804.6006,0.0196,0.0194,0.05451907323579419,0.0282,197.3047,2.7854,0.0153,0.4197,0.0862,5.2514,33.2167,26.2677,53.2579,0.0681,1.3015,0.0339,3.4505,0.0893,0.0211,88.9771,227.3829,17.0392,35.2373,0.0408,0.0249,0.0632,0.719,0.0303,0.0475,0.2831,0.0207,0.0822,7.9424,0.3592,8.7817,0.0298,4.4558,7.5148,3.1035,0.0954,2.3163,2.6992,9.6234,30.5936,0.045450000000000004,0.0374,0.0371,0.0563,0.0479,0.0207,0.0224,0.0687,1.7414,0.0249,0.0003,33.4964,0.0131,518.7203,0.01008655297628953,0.0078,55.9692,0.7215,0.0058,0.147,0.0291,3.7933,1.7874,5.798,2.9439,7.1256,2.6606,14.9812,23.0148,6.414,87.9626,3.2874,0.499,2.6554,3.7341,0.8241,5.6367,10.0866,2.9925,2.5078,2.9164,34.4498,62.7586,2.5212,0.811,0.5885,1.0272,0.2253,7.1525,8.4727,4.0347,10.1553,10.6208,4.184,19.8184,6.2321,2.682,6.298,161.4396,4.3546,30.5363,98.4669,0.0,142.0857,703.1123,0.0,809.7087,153.4344,322.3188,70.2798,1.7514,3.4231,0.1025,5.3406,23.2363,0.0,20.1198,482.1918,11.943874020654528,3.0161,23.9908,0.1175,4.784,6.7726,3.6213,11.4075,81.876,17.51,1.41,7.8968,0.5949,33.41,4.4014,1.7221,0.5414,0.0968,53.0444,4.98,0.0877,2.0902,0.0382,1.8844,15.4662,532.4355,2.3806,8.21,0.2641,2.7049,0.0896,1.542,11.0938,0.0123,2.4638,0.0226,0.0221,97.8001
-1.0,3018.64,2224.0,1.5611,99.83,1.4428,-0.011,0.0101,199.192,9.8316,414.4535,0.969,188.5966,12.4469,1.3883,-4471.25,-7175.24995,1.2833,1.9938,7.3462,70.0556,1.5778,0.1457,87.4809,8.6829,65.0056,66.5518,86.9236,63.93999999999998,4.97,350.4355,129.1945,715.3415,1.0627,139.8418,619.4718,46.5998,4.599,4.825,2811.0,0.9354,9.8518,346.5818,10.8864,99.0464,20.3227,30.1482,36.0791,679.2624,153.5209,599.1491,112.0173,-0.011,-0.0497,-0.0595,0.0324,-0.0885,-0.0159,0.0423,7.2974,0.1309119395144599,0.9866,1810.3829,0.2039,8363.73,0.0105,-0.0242,-0.0459,-0.0312,0.4527,0.9377,705.2765,0.9905,58.2831,0.5951,0.9707,6.2091,15.73,2.88,15.81,15.77,1.399,0.5045,3.252,0.0473,0.8048,2.3725,1001.4222,126.0,210.1,96.2,55.6001,235.875,0.5065,0.1397,0.0718,0.0652,0.0267,6.3174,8.714,10.175,0.0159,0.49,0.0609,1048.0,5726.0,0.135,0.147,0.306,2.9,0.48,0.6262,0.0562,0.3712,0.2162,0.7079,0.589,0.1681,12.96,13.23,19.467,0.195,18.57,6.25,32.946,66.548,0.1051,0.0581,0.0898,0.0808,0.0851,0.0951,0.0794,0.0946,4.029,0.0729,0.0013,100.6545,0.059,640.2002,0.0163,0.0147,0.120188138292432,0.038,66.8989,2.5391,0.0254,0.4912,0.0845,1.6475,32.8329,68.3246,32.025,0.1716,1.3873,0.0411,2.9576,0.1635,0.0192,514.3442,562.8794,810.2762,4048.8934,0.0635,0.0728,0.1364,0.9043,0.0647,0.1496,0.2998,0.0213,0.1109,5.8239,0.1702,9.476,0.0514,3.9069,3.8516,5.5412,0.0533,2.0792,1.7965,10.0275,26.6398,0.03,0.0245,0.0392,0.0333,0.0282,0.0512,0.0361,0.0418,1.523,0.0239,0.0005,30.5087,0.0177,225.5004,0.02801905827358544,0.0104,20.7252,0.7167,0.0094,0.1672,0.0276,5.5265,0.6222,5.6361,6.9601,4.0053,2.5,15.62,32.4437,9.6827,88.6322,2.455,1.6422,3.9367,4.3882,44.2158,77.201,10.5202,7.373,4.1654,4.1396,76.0563,151.7162,13.8063,0.7158,0.6474,0.4682,0.4236,5.7671,8.5065,4.4921,15.8208,9.2676,2.1357,41.7748,6.6344,1.7912,8.7939,91.3757,4.8503,13.8955,59.4087,951.6695,121.9307,135.7983,262.7557,107.488,498.5871,223.9053,55.2118,2.482914669724228,3.0825,0.1341,5.5598,28.9536,325.3112,114.2857,0.0,26.600115265074077,4.0505,9.4855,0.0728,4.3565,7.9105,3.5629,4.2383,81.212,22.13,1.45,10.9767,0.6069,69.5423,5.4362,1.7854,0.1475,0.0283,15.7758,6.367286695705906,0.14849663219973094,2.4590042544578923,0.056639774044268426,2.4402406923488176,22.798686670042837,529.5727,2.3873,10.37,0.2887,3.6888,0.0892,1.9582,12.0929,0.0101,1.9927,0.0284,0.0141,49.749
-1.0,3066.07,2186.9889,1.2981,103.3322,1.4414,0.0124,0.0015,198.9177,7.2788,409.2742,0.973,189.8516,12.5106,1.3837,-4882.0,1569.0,0.979,1.898,5.1233,67.4,2.5778,0.1991,86.8866,8.8505,64.0557,66.2627,86.8482,78.3,2.906,349.3645,130.0436,718.9908,1.4218,144.9318,624.34,190.3558,4.585,4.824,2825.0,0.9345,3.8936,348.2073,10.5782,113.9373,13.8836,16.1064,23.3059,695.6849,148.3118,610.4564,113.8916,-0.0357,-0.0072,-0.0199,0.0013,-0.0962,0.0075,0.043,7.8226,0.1287,0.9675,1753.3566,0.2009,8595.93,0.0501,-0.0158,0.03,0.0048,0.463,0.949,745.0055,0.9909,59.2243,0.6013,0.966,6.3877,15.79,4.184,15.84,15.85,1.064,0.7275,3.245,0.2365,0.6755,2.3099,1000.7826,105.0,241.7,168.2,52.8999,215.431,0.1318,0.0998,0.0406,0.0398,0.0245,6.0551,4.997,17.729,0.0111,0.43,0.0593,546.0,72.0,0.101,0.088,0.066,2.9,0.152,0.5969,0.081,0.5982,0.2703,0.7092,0.214,0.0462,5.08,17.71,59.638,0.223,19.23,7.08,32.443,101.778,0.16345,0.0435,0.03,0.1147,0.153,0.092,0.0973,0.0988,3.4612,0.0642,0.0082,158.7328,0.083,820.9004,0.016,0.0196,0.0555,0.0232,90.2388,3.0227,0.0344,0.6117,0.0645,5.3239,29.8946,81.7053,65.6834,0.0493,2.1389,0.0343,1.6757,0.1181,0.0192,259.5514,278.3343,1186.4184,34.6218,0.0424,0.036,0.0351,1.0782,0.0282,0.0464,0.2383,0.0309,0.0977,5.0725,0.0618,8.8037,0.0159,1.6076,5.1339,19.6849,0.0621,1.9247,2.4092,10.1199,29.5887,0.045450000000000004,0.0211,0.014,0.0533,0.0425,0.0471,0.0487,0.0456,1.4251,0.0213,0.0023,46.6029,0.0248,229.123,0.0091,0.0069,25.1595,0.8094,0.0118,0.1956,0.0227,4.4604,1.6678,4.7101,7.8831,6.6017,2.4188,22.6956,10.1551,6.9236,68.6513,4.3318,1.1364,3.4371,4.2835,56.78,4.5889,10.3166,4.6365,1.2882,4.3027,34.9138,40.1786,3.2792,0.687,0.9157,0.9339,0.2281,4.5139,5.7673,4.2387,3.2468,3.5051,2.8366,31.3297,6.0584,2.1081,8.294,138.5083,4.6635,13.7341,89.3639,553.6739,618.59025,574.9373,0.0,95.6092,0.0,229.9011,44.2457,2.0986,2.7732,0.8467,9.0531,41.2859,450.5747,72.8713,0.0,11.9924,2.4402,12.1125,0.0563,5.1038,9.5762,2.7919,14.8581,75.442,20.13,1.59,9.288,0.7202,54.2784,4.9357,2.1076,0.3166,0.0557,32.3989,8.09,0.0224,3.6528,0.0091,3.0435,4.2725,534.4473,2.4356,9.33,0.1854,3.3165,0.0663,1.7457,7.612,0.026000000000000006,5.21645,0.0284,0.0141,49.749
-1.0,3063.36,2186.9889,1.2981,103.3322,1.4956,0.0151,0.0107,203.8534,9.0638,424.4871,0.9778,194.6732,12.4496,1.3951,-3711.0,-1248.0,1.2902,2.0097,7.2903,67.3222,2.0333,0.1592,85.3625,8.5952,64.0145,66.2273,86.7997,63.93999999999998,5.041,361.8209,149.2736,755.7771,1.1171,135.6791,646.7736,206.9158,4.601,4.828,2902.0,0.9257,-5.9236,362.1327,10.1425,123.35,19.6,25.9236,33.1206,722.6565,141.6909,627.1736,53.8305,-0.014,-0.0037,-0.0653,0.0227,-0.0722,-0.0245,-0.0552,7.2401,0.1291,0.9691,1920.1314,0.1864,9274.0,-0.0292,-0.0642,-0.0545,0.0054,0.4616,0.9452,802.4359,0.9903,57.7581,0.599,0.9792,6.3287,15.78,4.269,15.84,15.77,1.182,0.6739,3.106,0.7569,0.6848,2.3132,1003.5572,87.0,88.3,136.1,52.8999,215.431,0.1318,0.0906,0.0435,0.0864,0.0081,7.8728,6.372,14.232,0.0057,0.26,0.0511,675.0,1088.0,0.186,0.135,0.21,2.8,0.408,0.8576,0.1268,0.4657,0.293,0.6545,0.703,0.1671,7.44,9.49,73.159,1.084,21.17,11.05,22.326,14.684,0.16345,0.0444,0.0382,0.0647,0.16685000000000003,0.0969,0.0851,0.081,4.6524,0.0358,0.0064,169.0586,0.0275,2322.228871323444,0.0163,0.0206,0.1096,0.0176,232.4119,2.9275,0.0216,0.3588,0.0691,2.7991,25.239,30.4896,44.3615,0.0493,2.1389,0.0285,1.8957,0.0708,0.0155,295.2325,333.5306,615.5328,769.3322,0.0845,0.0585,0.1058,0.8408,0.0687,0.1334,0.355,0.0474,0.1424,4.7226,0.1972,4.3717,0.0478,1.8995,2.8649,19.9759,0.3123,3.069,3.6118,6.5744,4.8858,0.044,0.0201,0.0173,0.0285,0.0485,0.0444,0.0448,0.036,1.8167,0.0115,0.002,50.1158,0.0084,699.3545,0.0149,0.0053,67.969,1.0178,0.0076,0.1247,0.0229,3.6299,0.8846,3.8991,2.8825,5.8313,2.4188,22.6956,10.1551,6.0576,70.3015,3.3528,0.5794,2.0884,3.6591,34.8963,87.1795,14.4158,6.7173,2.8806,4.1591,108.1967,133.1472,11.6346,1.0047,1.4749,0.7275,0.2732,4.2203,6.2905,2.0843,14.9573,5.4835,1.4673,35.3569,2.0939,10.6876,3.7049,108.0105,3.0894,11.6927,27.2782,0.0,618.59025,99.0812,878.6813,134.2105,347.3469,146.8056,64.259,1.9358,1.4897,0.6574,8.8045,14.7656,0.0,58.0726,463.7681,23.74,1.8669,28.9633,0.0771,5.0685,5.6693,2.9858,7.3364,77.01632370290466,17.023268294183207,1.2710019770231133,7.711610468557697,0.5026382759295351,59.442744914647385,4.202485852484032,1.6264492282319596,0.228,0.0478,23.3263,6.02,0.1577,2.2783,0.0606,2.4065,24.5842,530.8909,2.5326,8.5,0.2524,3.0937,0.0765,1.6011,9.967,0.0195,3.9171,0.0203,0.0226,110.9041
-1.0,2988.92,2178.0778,0.8039,104.0167,1.5829,-0.0278,-0.0284,199.2651,6.7187,405.269,0.9688,189.6872,12.5894,1.3976,-4089.0,3804.0,1.2845,2.0065,7.329,66.0111,1.4222,0.1176,84.5743,9.396,63.9428,65.9503,87.241,64.4,4.18,355.85,135.2109,732.317,0.9527,138.1864,629.2473,120.3915,4.582,4.861,2862.0,0.9245,4.0991,356.1982,10.4416,119.31,9.9493,15.9009,18.3248,713.9922,145.3909,620.8991,106.6555,-0.0332,-0.0022,-0.0953,0.0061,-0.105,-0.0183,-0.0334,7.0502,0.1388,0.9878,1844.9576,0.2027,8959.12,0.0,0.0,0.0,0.0,0.4587,0.945,763.4808,0.9909,58.2658,0.6033,0.9689,6.3326,15.81,4.329,15.81,15.84,1.191,0.6977,3.178,-0.2838,0.6469,2.3025,1003.9712,101.0,195.9,128.9,63.2,324.33,0.0539,0.0652,0.11930000000000002,0.0942,0.0223,8.5559,2.55,19.335,0.0135,0.33,0.078,745.0,11163.0,0.116,0.105,0.335,4.7,0.557,0.5562,0.0941,0.5718,0.3232,0.8845,0.593,0.1463,7.47,22.63,37.699,0.321,16.29,3.52,34.682,24.244,0.1136,0.0531,0.0391,0.0554,0.0503,0.0839,0.0871,0.0457,3.8836,0.0733,0.0017,96.9912,0.0396,868.8994,0.0145,0.0129,0.0182,0.0459,114.3705,4.8977,0.0333,0.4166,0.0671,4.3118,28.931,59.7731,45.5764,0.0197,2.2385,0.0243,0.9951,0.0604,0.0235,304.2707,229.429,1131.9473,6009.8577,0.0495,0.0486,0.1428,1.3071,0.0502,0.1605,0.2416,0.034,0.1472,6.4426,0.1804,10.8728,0.0424,2.1689,7.0679,11.8467,0.0924,1.1053,1.5185,10.9829,7.5322,0.0289,0.0242,0.0168,0.0256,0.0144,0.0418,0.05,0.0221,1.4876,0.0238,0.0006,31.9352,0.0107,234.1354,0.0054,0.0157,32.5397,1.5183,0.0098,0.1445,0.0217,5.2633,1.5465,4.4654,6.5542,5.2379,2.9016,34.4317,6.7067,4.119,37.9536,4.7709,1.3887,2.6213,5.5812,62.0445,293.4543,9.0308,5.233,4.5709,7.12,98.4375,123.3459,16.2744,0.6576,1.0014,0.8942,0.1625,5.255,8.5422,5.0097,15.3601,5.4057,3.5964,31.3137,6.9391,3.0742,8.1552,163.7302,4.8575,14.8925,22.7311,341.7826,65.1334,58.1017,828.8363,79.9238,476.6074,136.8263,55.0844,1.8732,3.0391,0.1751,5.2571,19.5608,318.0277,27.9509,0.0,3.9631,4.8556,14.9801,0.1553,8.4058,6.5782,2.9133,10.703,77.422,13.37,0.66,5.8854,0.3029,94.3937,3.4352,0.8525,0.3275,0.061,35.1945,4.98,0.0877,2.0902,0.0382,1.8844,15.4662,536.8282,2.1262,6.88,0.2227,2.4837,0.0686,1.2816,10.4728,0.0148,2.9645,0.0291,0.0135,46.4165
-1.0,3089.31,2208.4444,0.7665,103.71,1.4611,-0.009,0.0111,200.9861,8.1941,422.4208,0.9784,190.991,12.4273,1.4106,-4070.3333,-948.75,1.2797,1.9903,7.274,68.8778,2.6333,0.1933,84.8399,8.5266,64.0317,66.192,86.924,78.1,3.021,360.2009,127.8109,727.7421,1.419,146.0945,634.1064,201.2703,4.642,4.9,2801.0,0.9217,6.3436,358.5173,10.502,114.1545,14.9128,13.6564,19.3697,708.3723,146.5218,619.1936,125.3764,-0.0235,0.0029,-0.0074,0.0513,-0.0032,-0.0281,0.014,7.828,0.1364,0.9886,1877.7071,0.1981,8659.72,-0.0154,-0.0158,0.0336,0.0346,0.44892664125591375,0.9499,750.8614,0.9905,58.5273,0.6049,0.9773,6.3132,15.84,4.429,15.7,15.67,1.39,0.706,3.108,0.4258,0.752,2.2948,1006.3928,108.0,150.7,119.0,48.8,397.721,0.0319,0.1157,0.0338,0.0536,0.0103,9.4966,6.044,15.115,0.0061,0.33,0.0434,935.0,2575.0,0.056,0.1,0.399,2.2,0.679,0.8251,0.1052,0.5321,0.2951,0.6651,0.238,0.1504,3.77,20.1,56.89,0.298,19.27,9.32,30.455,79.963,0.16345,0.0481,0.0329,0.0448,0.16685000000000003,0.0731,0.0946,0.1274,6.6875,0.0698,0.0028,112.1904,0.0469,2322.228871323444,0.0212,0.0097,0.05446311949606303,0.0144,237.5734,2.2346,0.0213,0.3661,0.0691,2.5663,24.1076,54.4662,37.1481,0.0111,2.7523,0.0414,1.631,0.0893,0.0149,404.4638,94.838,388.6854,1110.5393,0.026,0.0467,0.1758,0.7276,0.0308,0.1911,0.3098,0.0413,0.1115,4.8829,0.0936,9.7285,0.0467,1.1011,6.0576,16.0687,0.0919,2.3781,2.6506,9.5899,22.8138,0.045450000000000004,0.0222,0.015,0.0224,0.0485,0.0327,0.0467,0.0683,2.1678,0.0229,0.0008,35.1426,0.0128,692.4608,0.01388242311024927,0.0042,65.3883,0.7055,0.0066,0.1254,0.0234,4.1983,0.9168,4.931,4.8781,4.6735,2.2097,36.5177,4.1623,7.9186,73.7605,3.5782,0.6189,2.6554,3.0782,18.9665,271.4097,4.3759,5.0245,5.4853,3.1941,49.3671,47.069,19.8939,0.9725,1.2343,0.831,0.3808,4.1727,6.6348,4.4995,10.5994,2.5805,3.1698,28.2655,5.3351,2.8375,8.033,129.218,4.2993,11.7133,63.7784,0.0,247.3008,605.4054,377.3419,0.0,336.9546,890.8199000000001,85.4305,2.0535,2.9494,0.2816,5.9749,23.6999,816.8421,54.6154,0.0,13.1876648587947,1.5195,31.6401,0.0677,3.8181,5.7992,3.0097,6.7884,71.902,23.5,1.05,11.156,0.3869,25.6056,6.0108,1.4603,0.5414,0.0968,53.0444,8.19,0.1317,3.3031,0.0484,3.2939,20.4313,534.96,1.8846,10.03,0.1762,3.3391,0.0551,1.8749,9.3484,0.0148,2.9593,0.0046,0.018,255.5817
-1.0,2939.94,2186.9889,1.2981,103.3322,1.5758,-0.0093,0.0013,203.845,8.1035,420.618,0.9656,194.0928,12.4869,1.3895,-3822.0,1487.25,1.003,1.8723,5.0565,69.1,2.0667,0.1571,83.9167,9.4043,64.4134,66.5991,86.8908,65.84,4.021,348.2009,132.5182,719.6547,1.5068,140.2273,620.9464,161.4733,4.622,4.883,2821.0,0.9363,0.31,348.5273,10.6083,112.8282,14.9264,19.69,24.8182,694.8365,144.6645,606.02,110.7932,0.0591,0.0014,-0.0696,0.0482,-0.0742,-0.0193,-0.0477,7.0112,0.1406,0.9904,1801.5735,0.1972,8439.69,-0.23135,-0.0595,0.17079999999999998,0.0594,0.4746,0.9467,613.1991,0.9867000000000001,57.5886,0.6014,0.9599,6.5296,15.78,4.269,15.84,15.77,1.182,0.6739,3.106,0.7569,0.6848,2.3132,1003.5572,86.0,135.7,188.2,52.8999,215.431,0.1318,0.0916,0.0585,0.0539,0.025,7.3625,2.824,13.606,0.0187,0.61,0.0392,498.0,138.0,0.191,0.105,0.269,2.5,0.211,0.4764,0.0593,0.5445,0.2655,0.8549,1.3129999999999997,0.30280000000000007,14.625,33.574999999999996,124.2845,0.341,19.65,18.18,30.974,81.25,0.16345,0.0394,0.033,0.0637,0.16685000000000003,0.0924,0.0899,0.0296,5.1251,0.0399,0.0005,125.3065,0.0251,1444.2002,0.0156,0.0317,0.120188138292432,0.0305,109.7078,4.891,0.0293,0.4182,0.0691,2.7991,23.3035,53.211,64.792,0.0493,2.1389,0.0305,1.0386,0.18,0.0118,223.7013,399.1595,732.3283,59.3429,0.078,0.0431,0.1168,0.7649,0.0245,0.0625,0.2038,0.0224,0.1139,9.080550000000002,0.3378,10.1162,0.088,4.57715,10.51945,38.810750000000006,0.0897,4.8989,2.1944,9.9663,25.3084,0.045450000000000004,0.0177,0.0147,0.0292,0.0485,0.0491,0.0453,0.0127,1.593,0.014,0.0002,35.7669,0.0084,559.4029,0.0212,0.0123,41.8872,1.5417,0.0094,0.1528,0.0229,3.6299,0.8846,3.8665,4.6157,7.4798,2.4188,22.6956,10.1551,5.8128,34.8493,3.2348,1.9395,4.8851,2.8218,46.1015,9.2789,19.0429,5.6082,5.3199,3.6179,24.1935,44.5545,4.5914,0.5677,0.631,0.8453,0.1337,8.281549999999998,13.2586,5.0389,25.522399999999998,10.6208,5.338800000000001,65.59535,6.6629,3.2145,7.9945,131.646,4.4577,10.8637,73.3348,316.3939,216.1866,91.4901,709.0367,124.5283,464.5995,62.087,73.0982,2.4885,1.6536,0.053,6.9554,12.7419,586.3584,62.0499,737.5,26.600115265074077,3.2211,17.8911,0.25379999999999997,8.4929,6.4045,2.9858,7.3364,74.898,21.62,0.8,10.4069,0.3217,53.1942,5.3578,1.0681,0.1053,0.0296,10.2028,7.15,0.2314,2.7841,0.0977,2.6467,29.994,532.4355,2.3806,8.21,0.2641,2.7049,0.0896,1.542,11.0938,0.0136,2.6773,0.0046,0.018,255.5817
-1.0,3206.18,2198.7222,0.9374,104.1989,1.226,0.0307,0.0087,203.0568,7.5742,410.6402,0.9668,193.0963,12.4753,1.4108,-3625.75,-3026.5,1.2757,1.9962,7.2687,69.3556,2.3667,0.2026,84.8399,8.5266,64.0317,66.192,86.924,78.1,3.021,348.8755,129.2318,714.3207,1.0768,140.2191,618.3264,53.7052,4.581,4.808,2824.0,0.9367,4.0209,349.0282,10.4343,113.2527,8.0228,15.9791,20.4872,693.8335,148.0227,610.3036,116.0199,-0.0097,0.0032,-0.0271,0.0197,-0.0041,-0.0321,-0.0442,7.0623,0.1246,0.9812,1845.7874,0.1696,8596.5699,0.0815,-0.0335,-0.0721,0.1249,0.4656196897058472,0.9468,747.146,0.991,57.8573,0.6033,0.9774,6.3338,15.8,4.23,15.89,15.87,1.319,0.6689,3.101,-0.2365,0.7527,2.3161,1003.8773,81.0,155.8,113.9,58.5,229.842,0.2157,0.0929,0.11930000000000002,0.0911,0.031,7.4675,5.542,19.101,0.018,0.64,0.0351,779.0,8124.0,0.167,0.072,0.19,2.2,0.219,0.8251,0.1052,0.5321,0.2951,0.6651,0.927,0.1107,14.625,15.1,19.103,0.329,15.0,6.04,31.386,89.497,0.1514,0.0252,0.0274,0.0367,0.118,0.0379,0.1108,0.0517,5.5906,0.0505,0.0084,142.9155,0.0448,1256.3994,0.0255,0.0176,0.048421803933862584,0.0204,129.6333,2.5303,0.0265,0.6116,0.0668,4.6747,22.7229,44.8594,43.9927,0.0681,1.3015,0.0264,1.5499,0.1819,0.0128,378.8236,195.4465,175.5266,3323.4252,0.0718,0.0321,0.0805,0.6287,0.0297,0.0635,0.3098,0.0413,0.1115,6.7984,0.3305,9.4201,0.0349,4.3994,4.4491,5.1408,0.0911,2.4046,2.3659,9.7118,29.1737,0.0397,0.0105,0.0118,0.016,0.0324,0.0157,0.0541,0.0282,1.9474,0.0147,0.003,46.9544,0.0141,489.1125,0.015356584136052714,0.0073,47.3072,0.7263,0.0105,0.2021,0.022,4.4755,1.6071,3.6701,4.8594,4.6364,2.6606,14.9812,23.0148,7.5773,73.1696,4.6515,1.863,5.1301,2.4879,11.2253,268.4289,13.0903,3.6068,2.6139,3.1721,54.9296,48.8755,6.4399,0.9725,1.2343,0.831,0.3808,6.4436,9.3708,4.4166,10.2847,10.6208,2.4421,35.5701,6.3312,3.1531,7.002,186.9679,4.5236,8.9628,77.1393,0.0,36.896,135.5494,597.771,918.7879,345.1713,117.1008,79.1622,1.6851,2.051,0.8526,7.7428,26.445,845.6456,27.991,755.5556,12.48710357657135,2.155,17.3505,0.0898,4.3734,9.6556,2.8843,12.5344,74.28446482713336,17.26775085321656,1.1995554593381752,7.509681596655708,0.4973638614561682,69.08498959580555,4.287047575153734,1.6082287294443136,0.563,0.1015,58.9444,4.98,0.0877,2.0902,0.0382,1.8844,15.4662,537.2809,2.0931,6.8,0.2055,2.3023,0.0615,1.2656,9.8177,0.0154,3.0827,0.0046,0.018,255.5817
-1.0,3109.46,2197.6778,1.3168,102.9611,1.5389,-0.0027,0.0095,201.2269,7.7866,410.4552,0.9662,191.2401,12.4759,1.4097,-4260.0,1507.0,0.9902,1.8855,5.052,67.7667,2.3667,0.1862,85.2626,8.4092,64.2111,66.2249,86.7481,77.83,3.434,361.4109,134.3864,732.3698,1.0239,136.8255,632.6227,56.4218,4.635,4.862,2861.0,0.929,3.2182,356.3136,10.4059,117.6045,11.5027,16.7818,22.5384,709.8314,148.4273,622.3455,91.5027,0.0013,0.0209,-0.0578,0.0379,-0.0118,-0.0222,-0.0189,7.1271,0.1345,0.9704,1831.9564,0.1536,9133.63,-0.0201,0.0465,0.0296,-0.0123,0.46234346538161497,0.9322,820.13,0.9908,59.8213,0.5989,0.9797,6.3246,15.84,4.429,15.7,15.67,1.39,0.706,3.108,0.4258,0.752,2.2948,1006.3928,80.0,129.8,74.7,56.6001,314.341,0.1487,0.1076,0.0863,0.0779,0.0294,9.7435,5.973,13.704,0.0186,0.63,0.0185,475.0,149.0,0.084,0.06,0.154,2.8,0.094,0.7888,0.1535,0.5833,0.2973,0.828,0.983,0.1583,9.31,19.14,18.923,0.424,15.26,6.43,35.216,79.623,0.16345,0.0389,0.0243,0.0604,0.1224,0.1036,0.0763,0.0567,3.0172,0.0379,0.0071,169.7917,0.0295,2006.8999,0.0157,0.0136,0.06074698745031243,0.0208,198.3047,4.0213,0.0193,0.5335,0.0691,2.5663,21.5112,43.5898,24.6078,0.0546,1.6977,0.0381,1.8952,0.1847,0.0071,198.085,244.2219,770.029,68.3472,0.0355,0.0248,0.0727,0.8588,0.0426,0.0304,0.2947,0.0543,0.1611,5.3185,0.2917,10.4891,0.0398,2.5537,5.483,5.1372,0.1172,2.114,1.9713,10.999,26.8817,0.0403,0.0174,0.0122,0.0276,0.0337,0.0531,0.04,0.0248,0.9358,0.0124,0.0026,49.7708,0.0099,547.1426,0.01025128797494064,0.0058,54.8059,1.3058,0.0069,0.1672,0.0234,4.1983,0.9168,3.6292,4.1744,2.976,2.5755,29.7451,11.2896,6.9921,76.7083,3.3387,1.9299,5.0497,1.3145,37.3005,9.8872,8.4827,3.1822,3.0483,4.1318,54.9296,62.2912,2.0388,0.9251,1.8257,0.9084,0.2228,4.1891,7.791,4.9489,15.4609,6.8043,3.0255,33.5384,5.6469,4.0746,10.5098,132.6646,4.9612,18.3963,87.0171,0.0,117.7896,104.408,323.0084,881.7021,343.3071,300.0,42.3348,2.3794,1.5817,0.7356,9.2683,19.2161,524.3373,87.4751,0.0,12.214330090469446,2.2324,24.1797,0.0601,6.7222,8.4349,3.0097,6.7884,75.882,20.6,1.18,9.1278,0.4833,10.348,4.9956,1.555,0.563,0.1015,58.9444,6.01,0.0787,2.5033,0.0357,2.2708,12.0777,534.3564,2.3688,7.55,0.44,2.7336,0.1282,1.4129,18.5733,0.0113,2.256,-0.0042,0.0138,255.5817
-1.0,2998.23,2238.5444,0.901,99.31,1.5996,-0.0012,-0.0017,200.0505,7.8339,403.5654,0.9519000000000001,190.2301,12.481,1.399,-5029.75,1607.25,0.9755,1.8798,5.0455,65.4889,3.2556,0.2304,86.3239,9.5642,63.9038,65.7964,86.4047,74.48,2.888,354.6636,141.7664,738.162,1.0699,133.7618,630.1918,43.5373,4.596,4.837,2870.0,0.9293,14.3891,354.2264,10.4184,116.1555,10.5628,25.6109,31.7754,706.3866,150.35,620.7318,91.4075,0.0101,-0.0693,-0.0281,0.0012,-0.1117,-0.014,0.0065,8.2294,0.1323,0.9714,1878.6376,0.1596,8607.08,-0.2159,0.0149,0.1053,-0.0979,0.4667,0.9582,608.6508,0.9916,59.2679,0.6046,0.9766,6.2077,15.73,2.88,15.81,15.77,1.399,0.5045,3.252,0.0473,0.8048,2.3725,1001.4222,69.0,111.8,120.8,80.2002,284.437,0.2501,0.1183,0.0477,0.0484,0.04285,7.872,3.632,8.208,0.02935,0.53,0.0662,683.0,43.0,0.109,0.076,0.08,3.1,0.183,0.4828,0.2394,0.7379,0.4946,0.9187,0.681,0.1211,13.77,24.83,11.701,0.308,17.29,7.89,38.131,130.706,0.1153,0.0278,0.0261,0.1214,0.0775,0.075,0.0865,0.0736,3.2788,0.0912,0.008,99.238,0.0487,1137.3999,0.0169,0.0285,0.0528,0.0073,97.0298,3.8221,0.0304,0.4944,0.0845,1.6475,18.3083,39.1724,41.3023,0.0882,0.9053,0.0422,1.1494,0.1694,0.0242,282.651,306.8952,2488.4144,22.3812,0.0456,0.0312,0.0375,1.1773,0.0219,0.0655,0.1969,0.0985,0.1032,5.1885,0.2199,10.42,0.0429,4.3174,7.3963,4.2651,0.0933,2.6167,3.4559,11.3775,36.4429,0.031,0.0131,0.0122,0.0528,0.0246,0.0349,0.0433,0.0335,1.299,0.028,0.0025,30.524,0.0179,428.9427,0.0076,0.0021,36.7654,1.02,0.0105,0.1644,0.0276,5.5265,0.6222,3.2016,3.7289,4.8798,3.5827,17.1436,27.7575,7.3956,46.3625,2.0339,3.05365,4.2464,4.7339,113.1269,2.6754,11.1738,4.0431,1.5856,4.7336,30.7167,26.9045,3.9094,0.5593,2.5033,1.1547,0.1625,4.7284,6.6236,4.6566,11.3212,10.2944,3.9401,26.8758,6.0687,2.9563,8.2476,163.6876,5.398,23.5319,142.9927,0.0,180.813,432.4132,0.0,67.1592,618.9624,0.0,39.8424,4.0806,3.8574,0.8204,5.2824,30.4909,0.0,45.6599,0.0,11.3228,0.7598,17.8355,0.0575,6.4489,7.9648,3.5629,4.2383,78.848,13.98,0.81,6.6321,0.3461,86.2444,3.4486,1.0273,0.1745,0.0375,18.1087,3.05,0.0754,1.154,0.0306,1.1454,12.3437,529.8082,1.5705,9.27,0.2244,3.1819,0.0765,1.7497,14.29,0.026000000000000006,5.21645,0.0121,0.0122,100.796
-1.0,3047.65,2196.8,1.327,99.3944,1.4859,0.0015,0.0041,201.0919,7.8649,408.2335,0.975,190.667,12.4722,1.4199,-3957.0,1345.75,0.9748,1.8923,5.122,67.4111,2.8333,0.2047,86.931,8.8384,64.0776,66.3401,87.0242,78.29,3.692,351.2691,124.5255,713.0506,1.424,143.8191,619.6136,221.924,4.594,4.848,2820.0,0.9353,6.2455,351.6064,10.4505,110.7709,12.8827,13.7545,20.7886,692.262,144.3536,606.7309,73.7579,0.0347,-0.0082,-0.0276,0.0152,-0.0937,-0.0179,0.0374,7.2776,0.1288,0.9904,1807.7849,0.1938,8664.1799,-0.0854,-0.1051,0.0995,0.026,0.4743,0.9483,761.2294,0.9867000000000001,56.7906,0.5981,0.963,6.3239,15.79,4.184,15.84,15.85,1.064,0.7275,3.245,0.2365,0.6755,2.3099,1000.7826,200.0,161.4,104.4,47.7,243.8411,0.1034,0.1161,0.0532,0.0409,0.008,7.4974,4.608,17.235,0.0057,0.37,0.0641,157.0,600.0,0.131,0.087,0.104,3.2,0.186,0.6676,0.0991,0.6328,0.383,0.7611,0.303,0.164,6.66,16.06,42.116,0.469,19.44,2.55,32.35,84.825,0.1142,0.0548,0.0263,0.0806,0.0757,0.093,0.1024,0.0527,4.0099,0.0515,0.0011,138.0026,0.0456,585.2998,0.0085,0.0186,0.0583,0.0231,70.2481,3.2804,0.0275,0.4404,0.0645,5.3239,45.32809999999999,57.7843,35.0525,0.0405,1.304,0.0413,1.4949,0.0937,0.0223,65.5051,375.1999,782.6148,268.2317,0.054,0.0366,0.0447,0.9688,0.0207,0.0567,0.2717,0.0426,0.1463,4.9057,0.1007,9.5051,0.0446,1.7517,5.1518,15.2193,0.1389,0.9058,1.297,10.0198,23.9097,0.0277,0.0249,0.0143,0.0408,0.0243,0.052,0.0526,0.0266,1.5821,0.0148,0.0003,40.6148,0.0137,195.3161,0.0151,0.0087,22.3725,1.053,0.0085,0.1449,0.0227,4.4604,1.6678,9.053150000000002,5.2959,4.0073,2.1713,22.3706,7.7895,7.8137,58.5894,4.2218,0.587,2.9666,4.5178,35.7089,44.5848,13.4393,4.5977,2.0305,4.747,35.2941,28.8274,4.0,0.768,1.121,0.9876,0.1869,4.1165,6.3682,4.5373,11.5145,4.6308,2.5919,18.9777,5.8276,4.4878,7.6103,150.9001,4.6731,13.0047,115.0046,328.8697,260.3325,292.2937,499.258,99.2529,572.067,141.0033,55.0994,1.8629,2.1309,0.1111,7.6338,23.5288,626.5263,57.732,353.9823,12.2953,2.4364,9.2282,0.25379999999999997,5.7764,6.9646,2.7919,14.8581,80.79670325024901,16.878609835768298,1.3187152129224962,8.01519008925305,0.5666687256295742,53.41690357927116,4.185089685003242,1.6132615685169374,0.7051,0.1946,54.5601,6.410444286726347,0.15408864616995918,2.5566320829052662,0.06319843629499784,2.4487938042843274,20.643097064447975,534.8045,1.5655,9.62,0.2021,3.0147,0.0641,1.7988,12.9122,0.0097,1.9391,0.0075,0.0112,150.3448
-1.0,2993.48,2218.0555,0.8579,105.8133,1.46,0.0109,-0.0021,201.9804,7.3634,420.2896,0.9795,191.6313,12.4759,1.3865,-3803.5,1402.5,0.9952,1.8745,5.0077,70.1889,2.4444,0.1599,84.5551,9.97415,64.3827,66.5514,87.1886,63.98,4.165,361.8682,149.11,759.3988,1.2554,142.3209,653.2991,225.9195,4.588,4.835,2913.0,0.9266,-1.9555,363.89,9.8942,127.1545,15.22,21.9555,30.0288,729.37,147.0345,638.0791,109.3784,0.0043,0.0176,-0.0379,-0.0002,-0.0247,-0.0312,0.0074,6.8177,0.1221,0.9902,1842.4701,0.1916,8842.5401,0.0728,0.0688,-0.041,-0.0431,0.44177704063622514,0.9408,704.7627,0.9906,57.4722,0.6023,0.9775,6.2915,15.8,4.23,15.89,15.87,1.319,0.6689,3.101,-0.2365,0.7527,2.3161,1003.8773,93.0,203.8,102.3,70.5,340.8611,0.3963,0.0862,0.0813,0.0718,0.025,7.3354,6.099,10.837,0.0047,0.63,0.0464,436.0,336.0,0.137,0.098,0.347,2.6,0.139,0.6322,0.26130000000000003,0.5729,0.3221,0.6614,0.593,0.1442,9.41,9.25,46.006,0.858,17.45,10.17,22.103,79.155,0.0592,0.0165,0.0299,0.0885,0.0884,0.0817,0.0763,0.1085,4.3925,0.0573,0.0009,71.1246,0.0394,694.6992,0.014,0.0199,0.04824339804908545,0.0289,72.483,4.4954,0.0312,0.5892,0.0668,4.6747,22.5153,61.6333,36.0673,0.1205,1.6024,0.0306,1.7975,0.1847,0.0176,191.9659,327.5997,335.8874,139.4023,0.0564,0.0429,0.1613,0.7407,0.0207,0.0469,0.2294,0.0985,0.1092,6.114,0.2134,5.0498,0.0529,2.6841,2.696,11.6991,0.2973,2.9507,4.2114,6.9825,24.8289,0.0201,0.0077,0.013,0.0445,0.0254,0.0349,0.0421,0.0528,1.4634,0.0198,0.0003,24.5357,0.0115,252.8808,0.01125747666031941,0.0101,22.7441,1.1911,0.0111,0.1863,0.022,4.4755,1.6071,4.2048,6.8081,4.0882,3.1785,22.4629,46.1964,5.9041,82.829,2.5785,0.4832,5.0497,3.3487,18.6933,23.9572,13.7654,5.2281,6.9293,3.7043,28.6364,42.5295,3.002,0.7477,2.9167,0.8898,0.0873,4.8609,7.8331,2.5385,11.485,6.6118,1.4159,20.3639,1.9721,8.6718,5.3164,114.6517,3.0304,15.2637,72.3681,0.0,53.7022,233.3553,0.0,331.4402,244.5513,0.0,64.4278,2.7034,2.3965,0.0955,3.8603,20.5423,806.0759,114.5263,324.3243,11.46704849837626,3.0758,10.2847,0.1296,7.8219,9.3646,2.8843,12.5344,77.26965143846184,16.960298611242994,1.2495824838529876,7.466945488277422,0.5024515852540412,66.31999236726668,4.1910253291027315,1.619647423570793,0.2569,0.056,27.5462,4.98,0.0877,2.0902,0.0382,1.8844,15.4662,534.96,1.8846,10.03,0.1762,3.3391,0.0551,1.8749,9.3484,0.0125,2.4897,0.0075,0.0112,150.3448
-1.0,3045.73,2197.6778,1.3168,102.9611,1.3814,0.0013,-0.0046,196.9541,14.2942,428.5513,0.9787,187.1876,12.4661,1.3965,-4156.25,1578.0,0.9862,1.8855,5.1365,65.5,2.7333,0.2079,85.1712,8.5405,64.1314,66.2364,86.8378,76.57,3.732,349.2918,131.3782,717.4434,1.0344,135.5364,616.2064,49.572,4.61,4.849,2802.0,0.9366,-10.6036,346.4482,10.8208,100.7745,19.0246,30.6036,37.0555,680.3879,149.9591,597.1818,80.7465,0.0123,-0.0381,-0.0888,-0.0058,0.0649,-0.0229,-0.0345,7.9535,0.1274,0.9627,1841.8206,0.1856,8954.8101,0.0424,-0.0223,-0.0009,0.0354,0.4654,0.9111999999999999,742.2977,0.9867000000000001,57.5227,0.6049,0.9706,6.2192,15.470000000000002,4.465,15.479999999999999,15.82,1.314,0.6971,3.088,0.2838,0.6421,2.3144,1003.1956,109.0,89.0,47.0,56.6001,314.341,0.1487,0.0648,0.0411,0.0489,0.0059,5.73,15.976000000000003,9.676,0.0053,0.31,0.0356,365.0,73.0,0.108,0.095,0.11,2.7,0.142,0.7716,0.078,0.569,0.2765,0.7661,0.838,0.1517,7.2,18.61,12.856,0.094,15.24,8.76,30.71,118.92,0.0736,0.0268,0.0395,0.0583,0.0507,0.0703,0.0895,0.0311,3.5258,0.0932,0.0121,104.9456,0.0344,1296.1001,0.008,0.0116,0.051,0.052199999999999996,141.0106,4.308,0.0326,0.414,0.0556,5.1216,26.5844,31.2665,17.4445,0.0546,1.6977,0.0264,4.96435,0.0744,0.0093,150.2628,274.2582,657.7494,33.5559,0.0475,0.0399,0.0612,0.8352,0.0189,0.0403,0.3216,0.0319,0.1561,6.4455,0.2931,8.8235,0.0442,2.1342,5.9565,4.3285,0.0362,3.0355,2.448,9.4509,33.5844,0.0176,0.0112,0.0189,0.0274,0.0132,0.0366,0.0459,0.0142,1.5001,0.0282,0.0046,41.5361,0.0117,361.5237,0.0082,0.018000000000000002,52.7895,1.1411,0.0091,0.1483,0.0203,3.695,1.7372,4.9388,2.9221,1.8952,2.5755,29.7451,11.2896,4.6909,138.385,2.2578,0.5426,2.4867,2.5464,36.5714,4.6261,10.9506,5.0385,2.1415,4.1221,18.2927,28.8616,3.0519,0.9059,0.9131,0.8872,0.1561,4.8155,8.3499,4.2148,14.6661,5.3122,3.0201,25.934,6.3246,0.8687,6.3905,80.1068,4.5136,13.7921,147.2756,597.1602,86.7314,65.6347,867.5936,108.2371,391.2568,90.2758,44.3308,1.962,3.9742,1.262,5.6979,18.5259,0.0,56.4972,0.0,10.9695,5.5677,18.9965,0.25379999999999997,7.4893,6.6575,2.4043,12.6257,84.98242214311779,16.961937587283952,1.403661495699508,7.9864869863033325,0.600326249010372,76.86684815330199,4.217417306278443,1.6511109486692697,0.228,0.0478,23.3263,6.413254976928452,0.13329230763531127,2.5946537662157843,0.04782942961052322,2.442615934868358,20.735473925085223,535.2709,2.3676,7.93,0.2397,2.9316,0.0943,1.4815,10.1233,0.026000000000000006,5.21645,0.0075,0.0112,150.3448
-1.0,3067.14,2205.2222,1.4633,106.8389,1.4598,-0.0194,-0.0284,201.2913,9.5031,402.2377,0.9826,190.7317,12.4722,1.3864,-4011.0,1428.0,0.9813,1.8885,5.198,67.0667,1.7111,0.1356,86.8866,8.8505,64.0557,66.2627,86.8482,78.3,2.906,353.2755,125.3991,712.5977,1.1073,138.4055,617.08,45.6783,4.588,4.846,2820.0,0.9352,3.88,349.55,10.6427,109.2791,11.889,16.12,20.9881,691.6096,147.5936,606.4227,94.6513,-0.0222,-0.0085,-0.0239,0.0058,-0.111,-0.0141,0.0357,8.2782,0.1341,0.9676,1814.4731,0.1983,8908.7701,-0.23135,-0.0465,0.1613,0.0701,0.4732,0.9466,765.6185,0.9867000000000001,57.2166,0.6017,0.9764,6.3353,15.78,4.269,15.84,15.77,1.182,0.6739,3.106,0.7569,0.6848,2.3132,1003.5572,159.0,152.5,107.1,72.7,279.214,0.6225,0.1331,0.11930000000000002,0.096,0.007,7.3259,9.911,16.291,0.0047,0.37,0.0483,638.0,183.0,0.108,0.077,0.199,2.7,0.178,0.5969,0.081,0.5982,0.2703,0.7092,0.828,0.1373,4.89,16.41,14.964,0.229,14.07,5.55,30.528,68.797,0.1359,0.0644,0.0318,0.0849,0.1181,0.0907,0.082,0.0736,2.3382,0.0734,0.0068,108.2145,0.0497,1063.8994,0.0186,0.0237,0.0477,0.0268,117.4057,3.6639,0.0283,0.6232,0.0691,2.7991,37.8656,56.5655,45.5199,0.1787,1.9187,0.0452,2.9257,0.0937,0.0162,274.8691,370.0111,603.0329,83.6381,0.0443,0.0315,0.0814,0.926,0.017,0.0635,0.2383,0.0309,0.0977,5.9837,0.2982,8.7801,0.0442,1.853,5.4296,4.3886,0.0766,1.8683,1.5311,9.2968,23.3138,0.0381,0.0266,0.0149,0.0423,0.0368,0.0472,0.0452,0.0337,0.9241,0.0231,0.0025,47.476,0.0155,373.255,0.0089,0.0087,38.4738,0.9974,0.0097,0.196,0.0229,3.6299,0.8846,6.917,4.9721,4.2633,3.2967,19.5612,42.5434,9.1178,104.2924,4.0501,0.4833,2.9666,3.486,33.6325,12.8151,11.0064,4.0773,3.8284,4.0258,40.9091,37.623,3.7967,0.687,0.9157,0.9339,0.2281,4.9565,7.0415,4.2888,12.399,3.5331,2.6593,32.7596,7.9898,2.1517,5.1519,118.3447,4.4141,11.6344,72.6847,611.8177,72.2175,354.8589,0.0,81.7117,582.5933,206.3069,28.245,2.4611,3.0642,0.7,5.964,25.0565,0.0,58.7065,928.0,10.0856,2.8333,15.3348,0.25379999999999997,6.4035,9.8368,2.9858,7.3364,81.388,17.3,1.53,8.2673,0.7194,34.6831,4.2568,1.8799,0.1732,0.0405,17.5662,6.36676487842839,0.1520368831772518,2.5938524118009054,0.05812127334820123,2.412815900686618,20.71541277376444,537.4455,1.5694,7.5,0.4438,2.5967,0.1114,1.3955,28.2802,0.0098,1.9429,0.0075,0.0112,150.3448
-1.0,2982.49,2198.7222,0.9374,104.1989,1.5168,0.0143,0.0072,198.5037,11.6817,409.0006,0.974,188.5033,12.4492,1.3961,-3756.75,-200.0,1.2975,2.001,7.2985,68.2889,2.5111,0.1749,84.4995,9.0695,64.2187,65.8231,86.6103,64.74,2.856,359.4991,132.8518,732.2524,1.3242,144.6173,636.9682,235.805,4.635,4.862,2861.0,0.929,5.7945,357.6136,10.2827,118.6464,14.3846,14.2055,21.6882,710.5642,146.3236,622.5836,64.2463,-0.0029,-0.006,-0.0069,-0.0119,-0.0006,-0.0089,-0.0044,7.6653,0.1311,0.9774,1831.3997,0.1949,8996.2401,0.027,0.0623,-0.0709,0.1077,0.4599772417068164,0.9586,698.0778,0.9909,59.068,0.6074,0.9653,6.3883,15.72,3.084,15.74,15.73,1.12,0.5563,3.257,0.0,0.7931,2.3796,1001.6543,87.0,77.5,164.8,58.5,229.842,0.2157,0.0842,0.0437,0.0561,0.0085,8.8488,7.167,11.455,0.0061,0.34,0.0258,683.0,1023.0,0.162,0.089,0.145,3.0,0.329,0.4556,0.1936,0.7497,0.4477,0.7932,0.659,0.1964,6.17,20.01,52.48,0.477,29.19,5.21,36.947,86.485,0.0563,0.0374,0.0345,0.0508,0.0785,0.0567,0.0793,0.0483,4.4163,0.0634,0.0082,134.9348,0.0304,1312.7998,0.0197,0.0266,0.0581062880865906,0.0371,120.5698,3.6428,0.0214,0.614,0.0862,5.2514,22.6063,23.3837,54.3778,0.0681,1.3015,0.037,2.0398,0.0901,0.0095,308.3229,122.6414,281.4514,486.0432,0.0687,0.0411,0.0682,0.8343,0.0469,0.1279,0.1772,0.0726,0.1092,6.0564,0.1978,10.231,0.0505,1.6398,6.7953,15.5382,0.1452,1.7147,2.3822,11.0917,25.972,0.0172,0.0174,0.015,0.0217,0.0234,0.0287,0.0427,0.0256,1.4134,0.0183,0.0027,43.2216,0.0102,429.0072,0.014267179623059054,0.0104,41.1502,1.2525,0.0072,0.1998,0.0291,3.7933,1.7874,3.9608,2.5985,7.2026,2.6606,14.9812,23.0148,5.5512,61.3522,2.8007,0.627,2.7311,1.8473,17.9144,511.5,12.4855,4.4478,1.9867,4.3931,47.7876,73.1893,10.0944,0.5392,2.1343,1.1674,0.2142,4.4089,7.0756,4.6599,14.8296,4.2664,3.1414,22.2557,5.6469,4.6388,10.7378,202.9259,5.1997,47.129650000000005,134.6148,0.0,153.1218,730.9353,661.0526,0.0,896.0452,0.0,57.6147,1.9829,2.714,0.8341,7.3679,15.5816,813.7667,104.3478,537.3134,13.250164276913164,3.8733,17.2717,0.051,6.1672,9.6109,3.6213,11.4075,74.392,13.17,0.63,6.6072,0.2449,87.8183,3.2938,0.8469,0.1001,0.0259,10.3089,4.98,0.0877,2.0902,0.0382,1.8844,15.4662,534.3564,2.3688,7.55,0.44,2.7336,0.1282,1.4129,18.5733,0.0167,3.3241,0.0075,0.0112,150.3448
-1.0,2927.75,2207.0444,1.3076,101.6778,1.4603,0.0039,0.0152,199.0471,7.1228,408.2685,0.972,188.5322,12.4759,1.4259,-4642.25,1486.0,0.9772,1.8932,5.1208,70.4,2.1667,0.1744,85.2626,8.4092,64.2111,66.2249,86.7481,77.83,3.434,352.0818,134.89,726.3034,1.3905,140.0055,626.9773,164.876,4.588,4.827,2830.0,0.9334,0.8018,351.3845,10.4663,115.6918,16.9446,19.1982,26.1586,700.1447,142.9564,610.0327,98.0875,-0.0147,0.0251,0.0074,0.0444,0.0128,-0.056650000000000006,-0.0155,6.2597,0.1336,0.9892,1880.0594,0.144,8670.5601,-0.23135,-0.0474,0.1592,-0.0664,0.44920242248072284,0.936,608.6508,0.9913,59.222,0.5985,0.9627,6.3762,15.72,3.084,15.74,15.73,1.12,0.5563,3.257,0.0,0.7931,2.3796,1001.6543,94.0,115.4,125.1,55.1001,236.8041,0.3178,0.1093,0.0542,0.0521,0.0237,6.3278,3.54,17.583,0.0138,0.63,0.0527,463.0,158.0,0.095,0.058,0.227,2.8,0.293,0.7888,0.1535,0.5833,0.2973,0.828,0.615,0.2091,3.74,25.82,87.648,0.445,21.78,10.55,39.088,86.834,0.16345,0.0474,0.12045,0.0501,0.16685000000000003,0.0942,0.1088,0.0474,6.1542,0.0894,0.0021,113.9248,0.0204,2095.5005,0.0368,0.03420000000000001,0.0454816446699437,0.052199999999999996,203.6519,3.3644,0.0243,0.5464,0.0862,5.2514,25.1874,44.959,40.7951,0.1024,1.7905,0.0352,1.2928,0.1847,0.0168,195.374,243.6615,600.4234,79.95,0.0488,0.0251,0.0956,0.8485,0.022,0.0896,0.2947,0.0543,0.1611,6.8803,0.192,8.4751,0.059,1.3806,6.4625,25.3786,0.1381,3.6828,4.8511,12.115,25.6877,0.045450000000000004,0.0233,0.055099999999999996,0.0206,0.0485,0.0441,0.0498,0.0205,2.0872,0.0278,0.0006,38.53,0.0062,767.29565,0.015445115859112839,0.018000000000000002,79.11909999999999,0.8973,0.0083,0.1833,0.0291,3.7933,1.7874,4.3471,3.9416,5.0795,2.4966,17.7958,24.3052,7.4847,49.6994,4.3067,1.416,5.0497,3.6937,28.6284,10.6326,9.7212,3.0635,4.4329,3.9773,41.5385,44.1401,6.2883,0.9251,1.8257,0.9084,0.2228,7.0949,5.1079,3.9534,15.0384,2.6713,4.1182,53.16,7.2076,4.2517,10.3119,128.5366,5.5828,15.1558,88.5271,0.0,104.2904,679.322,451.3803,734.5029,185.034,304.8232,98.3159,3.9494,3.8062,0.211,6.0596,14.1558,0.0,41.8462,894.1176,12.56106896942342,5.5677,33.17265000000001,0.1021,5.681,8.5699,3.6213,11.4075,73.31,17.14,1.12,7.0897,0.4285,68.4721,4.1992,1.5278,0.1343,0.0391,13.9158,6.585438666404859,0.1545032773657947,2.7291616222164015,0.05939949986893436,2.501514015155491,20.81034454140765,532.7618,2.3637,8.77,0.3429,3.1585,0.104,1.6461,14.5067,0.0207,4.1671,0.0075,0.0112,150.3448
-1.0,3001.5,2197.2333,0.974,104.8733,1.5362,0.0138,0.0029,196.8884,7.6372,408.9521,0.9696,185.9255,12.4337,1.4011,-4241.0,249.0,1.2793,2.0122,7.367,67.2111,2.7667,0.221,84.533,8.872,64.1215,66.178,87.0389,77.67,3.141,355.8391,136.8773,733.0179,1.3276,137.8327,630.5491,176.3664,4.655,4.915,2819.0,0.9337,10.8955,353.4073,10.675,107.7727,22.2982,29.1045,37.5213,695.4966,147.0709,608.2509,107.3375,-0.001,0.0098,-0.0556,0.0241,-0.0899,-0.0234,-0.0413,6.5254,0.1345,0.972,1775.56,0.1975,8183.7599,-0.0161,-0.0344,-0.016,0.0101,0.4757,0.9373,699.3262,0.9902,58.9973,0.5998,0.9774,6.4836,15.78,4.269,15.84,15.77,1.182,0.6739,3.106,0.7569,0.6848,2.3132,1003.5572,89.0,244.4,209.7,52.2002,278.8929,0.1974,0.0905,0.05,0.0435,0.0217,1.8088,2.988,14.539,0.0131,0.49,0.108,267.0,1453.0,0.133,0.086,0.118,1.8,0.488,0.636,0.0783,0.5035,0.2196,0.7917,0.647,0.1239,7.13,21.17,92.375,0.372,19.16,8.44,28.063,70.466,0.1247,0.0573,0.0521,0.0259,0.109,0.096,0.0405,0.0404,4.561,0.0458,0.0103,118.1273,0.028,1031.6997,0.0102,0.0178,0.0465,0.0216,109.8158,2.8089,0.0311,0.5044,0.0691,2.7991,24.2217,81.4551,74.1328,0.0646,1.6472,0.0308,0.8631,0.1571,0.043,139.1818,207.1803,573.2184,661.9894,0.0601,0.0408,0.0605,0.5278,0.0227,0.1581,0.2548,0.0331,0.1242,5.2501,0.1715,9.5902,0.0365,2.1765,6.5934,30.6891,0.1085,2.0492,2.5003,9.0059,19.7771,0.0328,0.0278,0.0241,0.011,0.0314,0.0496,0.0205,0.0171,1.5097,0.0138,0.0031,41.5782,0.01,300.7415,0.0119,0.0074,31.0715,0.9011,0.0104,0.1573,0.0229,3.6299,0.8846,4.0016,8.1426,8.3096,2.3757,19.4331,20.2645,5.8914,39.1244,3.5552,1.3533,3.9409,7.7103,32.4216,583.5341,10.3967,4.2738,1.6017,2.6781,36.1446,37.1041,14.3769,0.7524,0.8831,0.7852,0.3695,5.0107,7.5542,4.3524,9.3341,5.1729,3.3574,52.3768,7.2156,3.4848,4.027,85.9263,4.035,14.9395,65.649,0.0,618.59025,46.5618,453.1047,106.815,173.262,97.8208,69.8951,2.3794,1.9213,1.0558,6.653,14.1724,0.0,62.6826,994.5946,9.7689,2.3001,15.7031,0.0779,4.7611,7.779,2.9858,7.3364,74.194,17.74,1.08,7.4652,0.4223,71.3364,4.3915,1.4556,0.4397,0.0728,44.8745,6.488735912827889,0.13641105958219255,2.7161385893605035,0.05360579363073992,2.463551925881159,21.053174075215672,534.5891,2.4801,6.51,0.3161,2.2036,0.1253,1.2178,12.7437,0.0207,4.1279,0.0159,0.0077,48.6584
-1.0,2875.43,2197.2333,0.974,104.8733,1.4388,0.0009,-0.0064,197.1195,7.9566,411.6063,0.9665,186.0177,12.46,1.4037,-3179.0,221.0,1.2655,1.9805,7.3025,67.5889,2.3333,0.1516,83.8879,9.1757,64.3159,66.5922,86.9721,67.17,3.967,361.9227,140.5627,743.8505,0.9501,141.1555,643.6409,60.0965,4.561,4.767,2897.0,0.9266,15.2791,360.5427,10.4665,115.8418,14.0218,24.7209,31.1665,712.6839,153.2345,629.6191,74.1165,-0.004,-0.057,-0.0504,0.0154,-0.0962,-0.0186,0.0322,7.2058,0.1306,0.9895,1650.2713,0.1591,8552.8299,-0.0767,-0.0651,0.0127,0.1179,0.4657,0.927,646.9475,0.9906,59.666,0.597,0.966,6.4167,15.78,4.269,15.84,15.77,1.182,0.6739,3.106,0.7569,0.6848,2.3132,1003.5572,136.0,197.8,127.4,52.2002,278.8929,0.1974,0.0991,0.0483,0.044,0.0258,1.6759,3.581,12.696,0.0156,0.47,0.0331,625.0,2144.0,0.212,0.126,0.351,2.0,0.608,0.5922,0.1025,0.4757,0.2374,0.8575,0.595,0.1445,7.56,11.55,16.644,0.532,14.73,11.16,17.322,121.434,0.1302,0.0299,0.0486,0.0966,0.1112,0.0792,0.0825,0.0946,2.2382,0.0491,0.0018,162.855,0.0242,465.5,0.0234,0.011,0.120188138292432,0.0296,39.4643,2.2418,0.0223,0.3926,0.0691,2.7991,34.6445,58.9745,55.7685,0.0646,1.6472,0.0389,1.1262,0.1544,0.0111,320.684,424.1748,311.173,877.0751,0.0953,0.0535,0.1556,0.6604,0.0459,0.2344,0.2589,0.0368,0.1076,5.3828,0.1993,4.9486,0.0457,2.825,3.397,5.3728,0.1449,3.4798,4.3839,5.5335,34.9508,0.0346,0.0137,0.0222,0.0514,0.0315,0.0427,0.0451,0.0494,0.7186,0.0176,0.0005,52.2531,0.0084,162.9959,0.0263,0.0099,12.8897,0.713,0.0081,0.1439,0.0229,3.6299,0.8846,6.2396,6.879,5.0691,2.3757,19.4331,20.2645,6.8876,45.0065,3.0845,1.6165,3.7721,2.3588,21.7364,878.8110999999999,16.7523,6.362,4.8066,2.9591,77.1429,107.5513,18.0881,0.7059,1.1172,0.7396,0.2334,5.631,11.767,2.3436,15.2137,5.3558,1.7945,27.6954,2.2418,5.0829,4.7824,105.0504,2.4305,35.5485,163.8422,0.0,252.8541,191.6667,720.0324,82.3285,444.7439,294.2457,31.0615,4.941799999999999,2.0142,0.1786,9.8684,15.1884,884.4221,64.9215,377.1429,26.600115265074077,3.1954,6.1001,0.0775,3.7573,6.1181,2.9858,7.3364,82.834,24.8,1.08,11.458299999999996,0.4028,75.1275,6.0001,1.3038,0.3106,0.0578,32.7151,8.54,0.2766,3.4881,0.114,3.1743,32.8837,532.7818,2.488,7.58,0.3786,2.4919,0.113,1.4227,15.2167,0.021,4.1343,0.0165,0.0318,192.913
-1.0,2957.88,2196.8,1.327,99.3944,1.4604,-0.0151,-0.0036,201.1548,7.8472,415.6868,0.9615,190.7556,12.4786,1.4273,-3597.5,1459.0,0.9955,1.8777,5.0585,65.5444,3.0333,0.2004,85.4451,8.5788,63.9261,66.2147,86.8039,76.55,3.473,361.7727,140.3382,744.1524,0.9607,133.95,636.0609,58.6125,4.56,4.816,2914.0,0.925,15.64135,361.7791,10.2623,119.0555,5.5664,21.2827,26.3457,717.8067,149.66,630.4945,96.6719,-0.037,0.011,-0.0146,0.0144,-0.094,-0.0304,0.0389,7.1704,0.1406,0.9722,1686.5083,0.1554,8915.65,-0.0035,0.0363,0.0155,0.0766,0.4643,0.945,640.2048,0.9909,57.9794,0.5997,0.979,6.366,15.81,4.329,15.81,15.84,1.191,0.6977,3.178,-0.2838,0.6469,2.3025,1003.9712,86.0,234.8,167.1,47.7,243.8411,0.1034,0.181,0.0532,0.0357,0.0264,7.6981,6.319,16.234,0.0187,0.6,0.0433,1827.0,152.0,0.137,0.061,0.289,1.8,0.184,0.8274,0.1079,0.6305,0.3533,0.6734,0.627,0.1408,9.91,13.52,12.443,0.39,10.85,11.35,20.427,143.019,0.0519,0.0441,0.0148,0.14704999999999996,0.0644,0.0697,0.0778,0.047,5.3601,0.0432,0.0065,128.1615,0.0226,837.4004,0.0213,0.0238,0.120188138292432,0.052199999999999996,75.2622,2.2596,0.0209,0.5402,0.0671,4.3118,23.3035,71.3158,64.1973,0.0405,1.304,0.0662,1.671,0.1746,0.0144,865.315,378.1493,317.5768,74.8109,0.0647,0.0264,0.1224,0.6444,0.0251,0.0617,0.3166,0.0436,0.0989,5.5977,0.191,4.8745,0.0377,2.7221,3.685,3.664,0.1225,3.191,4.0668,5.9944,41.4614,0.0179,0.0199,0.0077,0.06770000000000001,0.0203,0.0325,0.0398,0.0199,1.6793,0.0169,0.0023,40.5063,0.0086,231.8751,0.0181,0.0167,22.7673,0.6593,0.0068,0.1779,0.0217,5.2633,1.5465,3.8665,7.9381,6.525,2.1713,22.3706,7.7895,12.3935,80.5257,3.9053,1.9412,4.8082,3.0323,21.4871,10.4181,13.7619,3.2486,5.7132,2.7462,29.6703,36.918,4.0083,0.9683,1.258,0.9863,0.1985,4.6632,9.4415,2.4612,14.6505,7.3983,2.1256,21.2293,1.9508,3.8003,4.0401,194.9212,2.8458,23.627,147.9427,140.1282,135.9014,0.0,447.4164,74.1687,256.1317,120.745,74.7536,2.4885,1.7835,0.6655,7.5992,14.5145,493.904,64.0,943.5897,26.600115265074077,5.5677,11.756,0.0605,3.8972,8.4859,2.9133,10.703,74.66,20.98,1.85,10.0455,0.748,81.9104,5.192,2.4779,0.1053,0.0296,10.2028,6.93,0.1382,3.023,0.0532,2.5992,21.2855,534.4727,2.1534,7.68,0.396,2.3003,0.1285,1.4369,18.3914,0.0139,2.7823,0.0165,0.0318,192.913
-1.0,3047.0,2213.7556,0.7217,104.1667,1.5608,-0.0004,-0.0052,198.5017,8.0898,402.9729,0.979,188.4741,12.4655,1.4144,-2602.3333,36.75,1.2735,2.0118,7.2477,67.6333,2.5778,0.2068,85.5573,8.6915,64.1145,66.1976,86.8147,79.48,2.213,349.4645,127.3618,713.3073,1.1217,141.39,618.2164,45.7131,4.588,4.846,2820.0,0.9352,3.3955,348.5609,10.5906,110.7573,10.3619,16.6045,22.3699,690.9374,148.5364,607.8545,64.2494,0.0025,0.0016,-0.0233,-0.0026,-0.0919,-0.0245,0.0398,7.5172,0.1366,0.985,1811.5779,0.1928,9065.4199,-0.0041,-0.0437,-0.0035,0.0369,0.457,0.9446,784.3665,0.9904,59.0527,0.5957,0.9659,6.4008,15.77,4.348,15.76,15.75,1.239,0.6881,3.091,-0.0473,0.6586,2.3073,998.4948,113.0,125.1,108.7,53.9001,415.735,0.0594,0.0439,0.0765,0.064,0.0062,6.1395,4.796,10.222,0.0052,0.27,0.049,1463.0,1152.0,0.143,0.102,0.446,2.1,0.326,0.8247,0.106,0.6741,0.3306,0.7185,0.876,0.1565,14.625,16.11,31.478,0.207,15.96,8.1,29.251,106.071,0.0589,0.0577,0.045,0.0776,0.0619,0.1015,0.0876,0.0686,6.3427,0.082,0.003,123.7551,0.0353,787.0,0.0206,0.0135,0.02,0.0235,76.8169,3.1943,0.0384,0.4808,0.0679,4.3986,31.1114,45.5121,38.54,0.0218,3.1379,0.0152,1.509,0.0655,0.0142,634.942,123.4082,2318.1027,559.5322,0.0649,0.0471,0.193,0.6856,0.0353,0.1081,0.3077,0.0489,0.1406,6.6343,0.2479,9.238,0.0399,4.515,4.9972,7.6155,0.0585,2.1096,1.931,9.228,36.3951,0.0158,0.0242,0.0204,0.0382,0.0175,0.0507,0.049,0.0368,2.0838,0.0258,0.0011,45.9174,0.011,325.1627,0.0066,0.0088,30.1294,1.0134,0.012,0.1598,0.0217,4.3521,1.6404,5.1518,4.1057,4.4622,2.4348,37.3339,8.226,2.8127,59.2844,2.5367,0.5344,2.166,3.465,174.4972,0.0,11.2289,5.0702,6.1536,3.105,50.431,54.648,9.6326,0.9639,1.2202,1.0514,0.1421,6.7646,8.1265,4.5607,13.948,10.6208,2.6059,65.59535,7.9898,1.9546,8.3064,154.0267,4.2335,46.8076,165.0927,0.0,77.3977,333.4049,0.0,110.5063,356.8228,172.2536,84.3753,3.2208,3.4156,0.3053,6.8313,18.3247,0.0,57.8209,612.766,4.3748,2.4829,9.7935,0.0991,5.4092,7.5111,2.9445,11.6625,75.4875342086701,16.859166827148602,1.246634045698161,7.540934041962266,0.5135706082532727,54.766307682059654,4.179745740979519,1.6507452792960893,0.7051,0.1946,54.5601,3.35,0.1656,1.3044,0.0682,1.3481,17.8764,533.4909,1.63,8.6801,0.1303,3.0031,0.0397,1.627,7.9951,0.0107,2.1646,0.0165,0.0318,192.913
-1.0,3037.81,2186.9889,1.2981,103.3322,1.5169,0.0136,0.0019,199.2529,7.5546,408.7179,0.9667,187.9411,12.4104,1.3917,-4183.5,1491.75,0.9698,1.8932,5.0512,67.6444,1.9222,0.1401,85.6608,9.5713,64.1016,66.437,86.8261,64.39,2.501,348.0336,134.5855,719.9875,1.0825,137.6418,620.2609,44.257,4.584,4.814,2823.0,0.936,0.1227,348.1582,10.429,114.7082,9.2136,19.8773,25.02,694.9675,148.1809,611.0473,111.5858,0.0086,-0.0068,-0.0976,0.0317,-0.1007,-0.0172,-0.0635,7.21,0.1327,0.9886,1743.2584,0.2045,9826.84,0.0877,0.0484,0.039,0.1197,0.4638,0.9249,830.036,0.9906,59.2818,0.5981,0.9629,6.386,15.79,4.184,15.84,15.85,1.064,0.7275,3.245,0.2365,0.6755,2.3099,1000.7826,81.0,189.7,145.7,52.8999,215.431,0.1318,0.0724,0.0441,0.0385,0.0181,6.0931,4.818,7.317,0.017,0.54,0.0636,209.0,276.0,0.089,0.085,0.254,2.3,0.172,0.6791,0.1233,0.6064,0.3812,0.799,1.125,0.1841,14.625,19.34,21.534,0.29,15.57,4.82,31.0471,63.353,0.1061,0.0641,0.0503,0.0441,0.16685000000000003,0.0849,0.0802,0.1034,3.3586,0.0763,0.0025,125.3848,0.0653,1154.7002,0.0211,0.0101,0.0394,0.0399,129.7489,2.2427,0.0291,0.6582,0.0645,5.3239,22.5407,66.7657,53.4853,0.0493,2.1389,0.0282,1.5951,0.1594,0.0202,110.3343,264.5808,328.8612,129.5232,0.0394,0.0388,0.133,0.8064,0.0308,0.0662,0.254,0.0553,0.0801,5.6683,0.3485,8.9882,0.0624,4.57715,6.4685,6.8118,0.0981,1.49,1.8757,9.69,20.8216,0.0262,0.028,0.022,0.0209,0.0442,0.048,0.0431,0.0436,1.2438,0.0241,0.0007,43.521,0.0165,318.3399,0.0064,0.0109,37.0767,0.7915,0.0087,0.2131,0.0227,4.4604,1.6678,3.7176,6.2446,6.3196,2.4188,22.6956,10.1551,4.7728,63.7754,1.7902,1.7597,4.3512,4.5678,18.8359,18.5018,9.1776,4.4896,5.0285,3.4001,36.4162,62.0936,3.7661,0.7928,1.2882,0.946,0.2093,5.9822,6.1968,4.2354,17.0059,10.6208,3.118,48.6567,6.7525,2.7807,6.7911,168.9887,4.4674,7.1079,56.7751,0.0,618.59025,45.2076,531.6526,84.3308,466.9578,162.8346,46.5825,1.7152,3.1991,0.2523,7.1926,31.95,0.0,51.4745,523.0769,8.4982,4.3098,15.6317,0.0892,3.7832,10.3063,2.7919,14.8581,76.54572041240348,17.02261587376871,1.2207763133603269,7.693172485032245,0.4863913895723255,58.458805922767716,4.203263797260806,1.6089427605093847,0.228,0.0478,23.3263,6.548477591037572,0.15250808563713678,2.7011023648043304,0.06435652919889959,2.4622573184363805,20.186284516855714,523.3110000000001,1.645,15.390000000000002,0.6164999999999999,5.3345,0.18730000000000002,2.8874999999999993,28.50255,0.0137,2.741,0.0536,0.0388,113.2841
-1.0,3040.17,2198.7222,0.9374,104.1989,1.54,0.0221,0.0091,199.2749,6.611,411.6618,0.9568,189.4295,12.4104,1.4104,-3198.5,-3824.5,1.3217,1.9925,7.2668,68.0444,1.6,0.1373,88.2693,8.9416,65.0056,66.595,86.9601,63.93999999999998,5.041,365.7009,128.7009,730.3488,1.0396,138.2509,632.6527,49.4319,4.657,4.896,2861.0,0.9242,3.5336,360.9609,10.5264,112.2345,12.6317,16.4664,22.519,707.8298,148.12,621.3155,82.8561,0.0048,-0.0168,-0.0696,0.0273,-0.0859,-0.0261,-0.0497,7.0784,0.132,0.9691,1920.1314,0.1862,8922.61,-0.0092,-0.0056,-0.0004,0.0309,0.4615,0.9466,766.7401,0.9906,59.9128,0.5986,0.9647,6.3507,15.78,4.269,15.84,15.77,1.182,0.6739,3.106,0.7569,0.6848,2.3132,1003.5572,87.0,90.6,107.5,58.5,229.842,0.2157,0.0815,0.0432,0.056,0.0054,6.1292,2.398,19.348,0.0226,0.54,0.0232,1368.0,6297.0,0.085,0.074,0.197,1.9,0.306,0.6556,0.0736,0.4272,0.1287,0.8217,0.749,0.2667,7.67,20.21,20.576,0.308,14.79,6.65,33.947,125.847,0.16345,0.0663,0.0316,0.0626,0.1297,0.0805,0.1075,0.0537,4.4389,0.0316,0.0064,169.0586,0.0201,1816.5,0.0109,0.0088,0.120188138292432,0.0207,199.1221,3.5075,0.0329,0.6144,0.0691,2.7991,25.239,30.8803,36.0618,0.0681,1.3015,0.0269,0.7295,0.1594,0.0078,621.6909,75.9715,1943.6779,4452.6514,0.0357,0.0308,0.0886,0.735,0.0635,0.0997,0.276,0.0289,0.1424,5.2265,0.2705,11.1333,0.0699,2.1611,6.6063,6.7231,0.0942,2.4025,2.3354,10.2906,37.6812,0.0429,0.0301,0.013,0.0258,0.0357,0.0381,0.051,0.0228,1.3847,0.0106,0.002,50.1158,0.006,522.1231,0.02801905827358544,0.006,56.0396,1.2471,0.0107,0.203,0.0229,3.6299,0.8846,3.8991,2.9801,4.5253,2.6606,14.9812,23.0148,5.292,36.2729,4.7,2.3637,4.3512,1.6477,144.8804,164.649,6.4309,3.7139,2.711,2.7923,100.0,141.9903,9.1644,0.7121,0.8235,0.5459,0.2369,4.7443,9.3317,4.9223,25.522399999999998,5.5479,3.1945,41.6249,5.8835,2.926,8.9545,117.0864,4.7959,19.4568,151.8862,0.0,306.5896,89.878,474.4399,93.7136,412.2723,108.1027,62.7108,2.7282,1.311,0.6574,8.8045,10.8175,737.1728,68.8608,0.0,26.600115265074077,2.1825,25.97,0.1235,5.8543,9.6742,2.9858,7.3364,76.49083768637865,17.247986746579766,1.2429371584234206,8.17371013822904,0.5059717278449825,67.38055122337474,4.272014232821687,1.6065490161316762,0.228,0.0478,23.3263,6.391822722821133,0.1505661589847301,2.563180472344783,0.05707267961586737,2.436321018726158,22.478003488811055,529.6518,2.538,10.73,0.1808,3.849,0.06,2.0259,7.1219,0.016,3.1944,0.0536,0.0388,113.2841
-1.0,3067.89,2196.8,1.327,99.3944,1.5001,-0.0199,-0.0284,201.8757,9.8032,403.6168,0.9538,191.3366,12.5216,1.3957,-3542.5,357.25,1.285,1.9965,7.361,70.2,2.7444,0.2273,85.5361,8.536,63.9167,66.2273,86.7687,63.93999999999998,5.041,362.3273,149.1491,756.8635,0.9571,135.5109,646.9873,59.3966,4.55,4.794,2910.0,0.9228,-5.3355,364.5864,10.0312,123.8136,13.3228,25.3355,32.4414,724.4221,145.2645,633.6645,124.3436,0.0191,-0.0301,-0.0759,0.0233,-0.1094,-0.0236,-0.0295,7.401,0.1254,0.9841,1777.2005,0.1559,8007.85,0.23764999999999997,-0.0381,-0.1407,0.0603,0.4693,0.9551,761.0178,0.9867000000000001,57.67,0.5959,0.9802,6.3289,15.77,4.348,15.76,15.75,1.239,0.6881,3.091,-0.0473,0.6586,2.3073,998.4948,105.0,218.9,158.3,47.7,243.8411,0.1034,0.1099,0.1146,0.10045,0.04285,7.8066,10.771,13.729,0.02935,0.61,0.0659,318.0,1779.0,0.12,0.092,0.298,2.6,0.392,0.9858,0.1277,0.4761,0.4484,0.6217,0.514,0.1441,9.32,14.21,25.407,1.032,21.57,10.64,23.416,108.657,0.1459,0.0607,0.0449,0.0758,0.078,0.0916,0.0967,0.0744,4.4899,0.042,0.0011,127.166,0.0254,569.7002,0.0369,0.03420000000000001,0.0596,0.0069,49.2593,2.6078,0.0334,0.3883,0.0679,4.3986,29.8946,69.612,54.0144,0.0405,1.304,0.0387,3.2354,0.1732,0.0194,133.1916,562.8794,536.6777,835.3444,0.0566,0.0417,0.1338,0.8367,0.0376,0.1276,0.3641,0.0512,0.0969,4.4363,0.1748,5.3969,0.0477,3.0155,4.3576,6.7805,0.3312,2.798,3.5827,6.9179,32.7181,0.0347,0.0312,0.0206,0.0321,0.0245,0.0484,0.0494,0.0342,1.6918,0.0131,0.0004,47.5158,0.0084,189.2883,0.0124,0.0021,15.5141,0.921,0.0104,0.1241,0.0217,4.3521,1.6404,4.7101,7.1352,6.1573,2.1713,22.3706,7.7895,7.3264,109.8725,3.4015,3.05365,4.8716,4.7239,35.1729,497.9706,9.3385,4.6081,4.0484,3.7037,40.081,51.9062,11.6225,1.1525,1.4958,0.7449,0.2077,3.806,8.3071,2.4235,15.0584,6.8777,2.1963,42.7752,1.9815,10.2879,6.4209,161.9037,3.2324,14.6182,87.3844,764.1244,61.2977,99.9341,334.8538,83.6912,410.6157,252.2034,60.6653,2.7102,1.7425,0.112,7.1554,16.3108,0.0,74.3935,721.9512,12.6974,0.7213,6.4728,0.25379999999999997,4.5219,6.1352,2.9445,11.6625,74.346,21.41,1.59,9.6884,0.6333,42.2198,5.2565,2.1387,0.3357,0.0626,34.8875,4.57,0.2007,1.8581,0.0789,1.7096,18.9263,533.16,2.2493,9.7,0.4004,3.2524,0.1164,1.8193,17.7998,0.0096,1.9411,0.0056,0.0071,127.2483
-1.0,3083.97,2205.2222,1.4633,106.8389,1.5016,0.011,-0.0001,196.6853,8.0353,415.1318,0.969,187.4448,12.5018,1.413,-3333.6667,-1659.0,1.3055,1.9867,7.338,67.1111,2.2222,0.2081,88.2693,8.9416,65.0056,66.595,86.9601,63.93999999999998,5.041,348.8073,128.3545,712.6131,1.1017,140.7418,617.9036,52.2213,4.581,4.808,2824.0,0.9367,1.4355,347.5636,10.6041,109.79,13.0172,18.5645,23.4114,689.2017,147.5327,604.8864,95.3187,-0.0368,-0.0136,-0.0723,0.0167,-0.0984,-0.0323,-0.0407,6.9129,0.132,0.9691,1920.1314,0.186,8592.2599,0.0137,-0.0233,0.0126,-0.043,0.4657,0.9509,743.3225,0.9904,59.9394,0.6028,0.9779,6.4058,15.78,4.269,15.84,15.77,1.182,0.6739,3.106,0.7569,0.6848,2.3132,1003.5572,84.0,272.5,136.8,72.7,279.214,0.6225,0.093,0.0673,0.054,0.0134,1.6666,4.101,14.315,0.0109,0.35,0.044,1352.0,16957.0,0.111,0.087,0.182,1.5,0.439,0.6556,0.0736,0.4272,0.1287,0.8217,0.513,0.1817,9.54,15.47,29.007,0.227,14.88,6.16,27.113,78.807,0.15,0.0294,0.0342,0.0477,0.1207,0.0813,0.1013,0.0589,4.1302,0.0316,0.0064,169.0586,0.0295,2161.0996,0.0107,0.0128,0.120188138292432,0.0136,212.639,3.4845,0.0322,0.4806,0.0691,2.7991,23.7952,82.9325,49.4493,0.1787,1.9187,0.0294,1.2648,0.0949,0.0168,615.6051,152.9278,547.088,7870.3698,0.0455,0.0391,0.0867,0.5278,0.0855,0.1622,0.276,0.0289,0.1424,4.4244,0.1455,9.4989,0.0545,2.9612,5.1997,8.4819,0.0758,1.6073,1.6364,8.9252,23.6199,0.0374,0.0135,0.0157,0.0219,0.039,0.0368,0.0494,0.0252,1.5389,0.0106,0.002,50.1158,0.01,611.3439,0.0151,0.0041,60.9721,1.2398,0.0108,0.1593,0.0229,3.6299,0.8846,3.8017,8.836,5.9184,3.2967,19.5612,42.5434,6.1936,51.0375,3.4483,1.12,2.7996,3.1146,32.2768,0.0,8.5025,4.379,2.4802,2.2351,67.5,138.3876,12.7757,0.7121,0.8235,0.5459,0.2369,4.0194,8.2038,4.2856,16.4962,6.7784,2.5036,55.5463,6.3312,2.1407,6.4942,114.3098,3.934,11.1222,82.6773,407.7472,549.5327,65.9979,721.6741,82.601,313.3797,144.8064,59.7467,2.7282,1.311,0.6574,8.8045,15.8466,0.0,40.8912,960.0,25.8912,1.4314,28.6066,0.1379,5.8134,7.503,2.9858,7.3364,75.64887662953207,17.394517095314765,1.2196792250924753,7.62542205814023,0.5048870533055523,57.25990319452216,4.282199215754725,1.5794379600596138,0.228,0.0478,23.3263,6.21,0.1435,2.7245,0.0581,2.2517,30.6027,534.0436,2.1886,10.74,0.2621,3.4272,0.0805,2.0111,11.9752,0.0113,2.2673,0.0056,0.0071,127.2483
-1.0,2912.24,2206.4222,1.2678,97.7689,1.4313,-0.0077,-0.0013,197.3453,7.8552,421.6408,0.9626,189.0484,12.46,1.412,-1363.875,-416.5,1.2868,1.9885,7.311,69.1111,2.3222,0.1492,83.9167,9.4043,64.4134,66.5991,86.8908,65.84,4.021,362.03,141.0109,747.3434,1.1972,143.5155,646.5564,184.8421,4.566,4.808,2909.0,0.9271,7.3918,360.7482,10.7948,108.4027,27.9109,32.6082,42.99620000000001,703.7363,149.4945,618.6455,101.9723,0.013,0.0144,-0.085,0.0074,-0.0986,-0.0314,-0.0204,8.087,0.1386,0.9878,1796.8323,0.2395,8551.79,0.0529,-0.0037,0.0379,0.0532,0.4656,0.9356,709.7159,0.9908,58.4355,0.6013,0.9608,6.3873,15.81,4.329,15.81,15.84,1.191,0.6977,3.178,-0.2838,0.6469,2.3025,1003.9712,88.0,229.2,215.1,66.5,420.719,0.1075,0.1318,0.0543,0.0321,0.0201,5.8957,4.215,15.094,0.018,0.61,0.0335,2060.5,2908.0,0.152,0.05,0.199,2.8,0.515,0.4764,0.0593,0.5445,0.2655,0.8549,0.557,0.1647,6.44,11.21,73.055,0.222,9.11,7.53,14.989,89.883,0.1089,0.0606,0.12045,0.1196,0.0871,0.0978,0.0824,0.0439,1.835,0.0568,0.0019,94.3829,0.1254,1282.3999,0.0223,0.0176,0.0175,0.0311,136.4857,2.9092,0.0242,0.5352,0.0671,4.3118,25.4787,79.3589,72.2086,0.0358,1.8791,0.0431,1.3388,0.1748,0.0112,912.5788,209.7848,4348.1586,1306.6375,0.0701,0.0236,0.0821,1.0682,0.0372,0.1694,0.2038,0.0224,0.1139,6.5451,0.2081,4.6577,0.0468,2.5536,3.1389,23.5075,0.0619,2.5429,2.5284,4.3065,30.4462,0.0291,0.025,0.055099999999999996,0.0546,0.0263,0.0493,0.0337,0.0222,0.6216,0.0201,0.0005,32.0976,0.0374,356.7364,0.0037,0.0111,37.6531,0.7673,0.0087,0.1789,0.0217,5.2633,1.5465,4.1256,7.8702,8.4172,3.0139,37.7888,8.4763,9.2081,53.6588,3.5798,1.8688,4.8957,2.3718,0.0,698.1993,11.8127,2.5145,2.7219,4.0514,55.9809,69.6947,15.3259,0.5677,0.631,0.8453,0.1337,5.0935,8.3185,2.2401,13.7536,4.4873,1.7338,39.5229,2.1864,2.0565,5.6917,32.6395,2.1299,18.6827,88.1445,838.9023,213.7566,140.7059,0.0,99.2138,262.4204,214.9327,22.6911,2.0197,2.3769,0.1906,5.2527,63.31987047269746,0.0,53.9629,0.0,3.7572,3.3218,19.231,0.1,4.9785,8.3798,2.9133,10.703,77.9,16.11,1.47,7.1629,0.6063,81.916,3.9885,1.887,0.1103,0.0268,11.6115,6.169185791906815,0.1442934265299499,2.7120845007913728,0.05452843279498029,2.3781267965824124,21.11875966261131,536.1245,2.3189,7.73,0.4608,2.3152,0.133,1.4418,19.8705,0.0114,2.2798,0.0056,0.0071,127.2483
-1.0,3024.19,2186.9889,1.2981,103.3322,1.4712,0.0267,-0.0046,198.9542,7.5447,411.0037,0.9616,189.174,12.4104,1.4013,-4099.25,1557.5,0.9875,1.8908,5.1013,67.8778,2.9111,0.1942,85.3625,8.5952,64.0145,66.2273,86.7997,63.93999999999998,5.041,362.5,129.9845,731.454,1.0323,139.7882,632.2727,50.4429,4.657,4.896,2861.0,0.9242,4.8018,361.5164,10.4302,114.7864,10.6737,15.1982,20.4284,711.0256,146.8118,623.1145,143.2113,0.0214,0.0078,-0.0657,0.0132,-0.114,-0.0356,-0.0355,7.1995,0.1286,0.9722,1686.5083,0.1557,9240.9899,0.061,-0.0279,-0.0376,0.0661,0.465,0.948,768.6071,0.9905,60.0028,0.6064,0.9684,6.2907,15.81,4.329,15.81,15.84,1.191,0.6977,3.178,-0.2838,0.6469,2.3025,1003.9712,85.0,86.6,92.5,52.8999,215.431,0.1318,0.0829,0.0443,0.051,0.0211,6.1198,5.015,26.932000000000002,0.0197,0.54,0.0513,1018.0,65.0,0.097,0.093,0.145,2.6,0.114,0.8576,0.1268,0.4657,0.293,0.6545,0.795,0.1044,9.09,22.16,11.868,0.434,15.9,6.62,33.291,63.081,0.1101,0.04,0.033,0.0353,0.0843,0.0689,0.071,0.0375,2.4187,0.0874,0.0065,128.1615,0.0168,269.3008,0.0116,0.0118,0.0189,0.0082,34.7081,3.7848,0.0294,0.475,0.0671,4.3118,26.6401,28.7538,26.6055,0.0493,2.1389,0.0267,1.6561,0.1594,0.019,426.3953,231.1839,1206.4901,33.9067,0.0436,0.0404,0.0621,0.8497,0.0383,0.0359,0.355,0.0474,0.1424,5.5481,0.2142,10.8356,0.0344,2.2486,6.7638,4.1002,0.1198,1.8838,1.3297,10.4323,21.307,0.0262,0.0189,0.0147,0.0164,0.028,0.0359,0.0359,0.0209,0.9751,0.0277,0.0023,40.5063,0.0064,85.3277,0.0043,0.0023,10.3593,1.3542,0.0089,0.168,0.0217,5.2633,1.5465,3.8406,2.8636,3.7383,2.4188,22.6956,10.1551,5.6348,66.4703,6.508749999999999,2.051,4.3512,3.6601,66.9879,4.1734,9.8228,4.9187,2.8424,3.8304,27.4809,60.2403,2.4585,1.0047,1.4749,0.7275,0.2732,4.2234,9.6858,4.8495,10.1122,6.5027,3.5048,23.5276,5.8835,4.161,7.0914,148.9643,4.6821,9.8746,44.0475,514.9372,0.0,53.77,640.7601,60.4253,199.5784,105.4852,33.5955,2.7207,3.6899,0.6655,7.5992,10.7875,0.0,29.3878,0.0,4.0595,0.8695,4.5157,0.1955,6.3078,7.5514,2.9133,10.703,77.11034932661855,16.84991320066629,1.2587780378887372,7.698515673279178,0.5155489813476177,63.447154705317125,4.1855234357515645,1.6213303597128068,0.228,0.0478,23.3263,6.351834345192825,0.15399778057814992,2.6004685370996388,0.06723351534858593,2.4397350502789785,20.2776734296244,535.9118,1.7915,8.52,0.2294,3.1416,0.0626,1.5898,12.803,0.0196,3.9392,0.0056,0.0071,127.2483
-1.0,3002.85,2197.6778,1.3168,102.9611,1.5432,-0.0163,0.0048,200.3937,10.1574,412.1988,0.9738,190.5328,12.4527,1.4066,-6375.125,398.0,1.2977,2.0112,7.1917,69.1222,2.7,0.209,83.9167,9.4043,64.4134,66.5991,86.8908,65.84,4.021,359.8991,151.9345,757.8088,0.9134,133.0027,644.8364,63.5543,4.601,4.828,2902.0,0.9257,-7.4155,361.7045,10.1812,124.5191,15.86,27.4155,35.2757,722.5331,142.7527,628.9764,102.5532,-0.0054,-0.0026,-0.0862,0.0183,-0.0852,-0.0035,-0.0225,7.6811,0.13390485132369315,0.9869,1787.3023,0.1581,8343.72,-0.0262,-0.0828,0.045,0.109,0.4652,0.9556,629.6115,0.9901,58.3456,0.6102,0.9778,6.2232,15.84,4.429,15.7,15.67,1.39,0.706,3.108,0.4258,0.752,2.2948,1006.3928,129.0,75.8,89.9,56.6001,314.341,0.1487,0.0479,0.0729,0.0458,0.0076,10.0099,4.031,13.029,0.0062,0.35,0.0422,1735.0,971.0,0.113,0.082,0.176,2.1,0.801,0.4764,0.0593,0.5445,0.2655,0.8549,0.65,0.17,10.13,11.27,27.232,1.02,20.57,5.81,22.321,83.004,0.0606,0.0193,0.0185,0.0493,0.027,0.0776,0.0835,0.0525,3.1611,0.0486,0.001,151.3417,0.0237,1204.3003,0.0159,0.0142,0.047,0.0477,108.2846,2.8456,0.0381,0.433,0.0691,2.5663,31.8096,26.844,26.4713,0.0546,1.6977,0.0187,1.4829,0.1009,0.0149,792.9117,467.047,5823.189049999999,403.289,0.0506,0.0413,0.0734,0.7172,0.041,0.2678,0.2038,0.0224,0.1139,4.5221,0.2207,6.0541,0.0472,2.9364,3.9319,7.813,0.3355,1.7804,2.4507,7.0726,23.8523,0.0177,0.0079,0.0079,0.0217,0.008,0.0436,0.0401,0.0247,0.9292,0.0156,0.0003,45.9104,0.0072,315.9617,0.0078,0.0131,29.2002,0.9279,0.011,0.1397,0.0234,4.1983,0.9168,5.7804,2.5243,3.4862,2.5755,29.7451,11.2896,3.104,39.6855,3.1609,0.636,2.8106,2.9995,153.7995,243.9698,8.7074,4.0771,2.4472,3.0381,40.7407,64.5933,23.609,0.5677,0.631,0.8453,0.1337,3.89,5.8512,2.9845,18.6088,7.6164,1.7477,42.8484,2.0939,10.0185,6.8584,129.6971,3.0893,15.5485,80.9375,0.0,103.2086,57.2092,147.8439,91.1065,0.0,233.0744,41.1535,2.473230831618368,1.9901,0.0963,8.4676,14.9592,0.0,39.5506,386.5169,10.1117,4.9953,17.1986,0.0585,4.8771,6.9579,3.0097,6.7884,81.154,22.17,1.82,10.6745,0.8049,49.1184,5.436,2.2427,0.093,0.0236,9.4279,6.83,0.1231,2.8657,0.0492,2.7497,18.0661,529.1527,2.5264,9.14,0.2281,3.364,0.0636,1.7273,9.0279,0.0214,4.2822,0.0104,0.0083,79.8045
-1.0,2989.82,2180.0556,0.7565,104.7056,1.5865,0.008,-0.0216,201.8822,7.9191,416.1765,0.9731,192.3299,12.448,1.4121,-3044.0,1432.75,0.9823,1.8998,5.1925,69.3111,2.7111,0.1841,85.5983,8.5232,64.0577,66.2289,86.6814,78.95,2.607,351.5336,142.1773,732.7356,1.0127,131.0882,624.7991,62.1495,4.598,4.87,2824.0,0.9338,0.0945,350.0627,10.2754,122.2718,10.328,19.9055,24.3127,708.4228,144.69,617.0245,92.8739,-0.0109,0.0029,-0.001,0.0058,-0.1132,-0.0178,0.0231,6.4008,0.1348,0.9708,1850.8192,0.1555,8442.1401,0.0659,0.053,-0.0657,0.1437,0.4576,0.9433,706.682,0.9914,59.2033,0.5967,0.9795,6.0753,15.73,4.409,15.8,15.76,1.347,0.6808,3.021,-0.2838,0.6834,2.3177,1000.5914,80.0,183.5,185.7,55.7002,202.279,0.0922,0.118,0.1158,0.048,0.0084,8.8498,3.571,14.157,0.0077,0.33,0.0447,2016.0,272.0,0.136,0.099,0.227,2.7,0.208,0.8849,0.0676,0.5148,0.3177,0.7387,0.911,0.0695,13.42,20.57,12.087,0.345,13.71,10.29,41.114,79.519,0.098,0.0501,0.0575,0.1419,0.0815,0.075,0.101,0.0942,3.7174,0.0747,0.0048,179.0892,0.0227,1160.8999,0.0219,0.032,0.0274,0.0391,127.0183,3.4724,0.0335,0.6031,0.0634,2.8453,21.2352,70.0544,63.0484,0.0341,2.1993,0.0383,1.0737,0.0877,0.0133,912.5788,256.6598,2565.9564,139.7602,0.0596,0.0407,0.1062,0.7928,0.0158,0.076,0.362,0.0262,0.0617,8.6585,0.2843,8.8845,0.0291,4.218,6.618,3.9042,0.1201,3.2855,3.6819,11.788,24.3524,0.0318,0.0236,0.0269,0.065,0.0235,0.0424,0.0478,0.0446,1.2024,0.0227,0.0019,53.031,0.0075,352.8198,0.0086,0.0145,39.2566,0.9206,0.0118,0.1943,0.0219,3.3997,1.1348,3.6495,6.1375,7.6294,2.555,19.6184,12.1833,7.4378,45.0936,3.4017,0.7916,2.651,3.1654,195.9264,18.9845,13.8458,5.2112,4.3717,3.8955,36.8852,27.7007,4.4337,1.0338,0.7934,0.8036,0.3248,7.1544,6.4567,3.992,6.8667,10.2374,3.2923,19.4483,6.4112,3.3575,11.6053,132.7461,5.8036,15.3042,85.6204,900.6318,80.839,0.0,0.0,66.2398,566.6199,408.234,58.0776,2.2255,3.1469,0.4977,9.6762,14.5809,0.0,48.0,533.3333,5.9919,4.1477,17.9739,0.0476,5.8652,9.9266,2.7367,7.5042,74.578,17.13,0.87,7.3144,0.4207,62.2989,4.1894,1.1666,0.1122,0.0298,11.483,7.59,0.0778,3.0782,0.0302,3.0179,12.9491,534.0609,2.4197,8.36,0.3706,2.9893,0.1237,1.5654,15.3151,0.0136,2.751,0.0104,0.0083,79.8045
-1.0,2924.07,2213.7556,0.7217,104.1667,1.4822,0.0105,-0.017,201.5514,9.6483,403.3405,0.9717,191.1115,12.4469,1.412,-4860.5,-2801.75,1.2663,2.0083,7.3698,66.6556,2.3667,0.2174,86.4465,8.6527,63.9211,66.1517,86.9642,77.24,2.914,353.0118,137.0064,726.2583,1.0254,135.0827,625.1009,47.4221,4.61,4.849,2802.0,0.9366,8.9073,350.3291,10.7035,105.9136,19.1182,31.0927,37.0683,689.19,149.74,605.9827,93.6999,0.0252,0.0168,-0.0583,0.0203,-0.1134,-0.0197,-0.0382,7.0043,0.1389,0.967,1825.2832,0.1982,8329.73,0.1041,-0.0112,-0.0532,0.0799,0.4467,0.9495,730.4042,0.9911,58.0994,0.6038,0.9655,6.365,15.73,4.409,15.8,15.76,1.347,0.6808,3.021,-0.2838,0.6834,2.3177,1000.5914,86.0,240.3,196.9,53.9001,415.735,0.0594,0.0864,0.11930000000000002,0.0731,0.0242,9.8752,9.927,6.9,0.0141,0.49,0.0325,1919.0,5104.0,0.07,0.117,0.149,2.1,0.339,1.026,0.1637,0.489,0.2871,0.8246,0.86,0.1483,10.66,16.89,17.025,0.294,23.2,8.64,34.919,61.932,0.0878,0.0478,0.0758,0.029,0.0878,0.1006,0.0424,0.0523,4.4368,0.071,0.0107,135.4509,0.0312,966.7002,0.0186,0.0156,0.120188138292432,0.0314,98.7089,2.8911,0.0332,0.6075,0.0634,2.8453,23.9386,77.1544,68.0052,0.0218,3.1379,0.0306,3.229,0.1635,0.0093,912.5788,185.007,2085.0341,2416.0177,0.0324,0.0588,0.0651,0.7435,0.0483,0.1119,0.3774,0.0609,0.1092,5.6626,0.2881,10.076,0.0421,3.417,5.1698,5.0579,0.0775,2.3925,2.0921,10.0854,20.0623,0.0269,0.0235,0.0322,0.0149,0.0247,0.054,0.0179,0.0235,1.4166,0.0233,0.0037,48.4116,0.0094,309.8141,0.02801905827358544,0.0117,30.3234,0.7959,0.0115,0.1951,0.0219,3.3997,1.1348,3.888,8.218,7.6728,2.4348,37.3339,8.226,5.8291,102.8889,1.7107,1.4515,3.9367,2.301,96.6567,182.1719,5.5281,5.826,2.0218,3.1505,67.6056,80.0204,10.0454,1.1869,1.8918,0.765,0.1964,4.6316,7.9923,4.8346,14.4667,7.8915,2.702,35.901,6.3246,2.7468,7.6383,121.3505,5.0667,13.1504,66.0961,347.7228,71.1574,49.7214,431.7148,88.7517,215.5019,137.0007,63.3434,2.3764,2.9719,1.1028,7.4208,15.7434,301.4493,35.7827,0.0,26.600115265074077,3.3039,13.5143,0.0605,4.9762,9.5438,2.7367,7.5042,72.738,12.83,0.96,6.2073,0.3986,127.6638,3.1682,1.3198,0.1103,0.0268,11.6115,6.327064464414826,0.130883710095524,2.5602061547919925,0.05122010883419298,2.4185369072147687,21.491568904005803,533.9055,2.3606,7.46,0.4854,2.6763,0.1218,1.3973,20.5636,0.026000000000000006,5.21645,0.0104,0.0083,79.8045
-1.0,2950.24,2205.2222,1.4633,106.8389,1.3531,0.0069,-0.0019,198.4632,9.7532,408.2935,0.9702,189.1871,12.4337,1.4085,-2936.0,1599.75,0.966,1.9108,5.207,64.7222,2.6,0.2062,85.5455,9.2655,63.8677,65.769,86.4804,63.93999999999998,3.923,350.1827,117.2991,703.8551,1.4915,149.7891,617.2709,198.5322,4.609,4.843,2821.0,0.937,15.64135,348.1827,10.8541,103.4527,15.4336,13.8464,19.162,684.6931,150.2018,601.8373,110.206,0.0078,-0.0428,0.0045,0.0107,-0.1069,-0.0228,0.0294,8.1004,0.1349,0.9814,1902.0905,0.1525,8566.7,-0.0779,-0.0707,0.0333,-0.0039,0.4638,0.9441,748.6161,0.991,58.1258,0.6011,0.9699,6.2733,15.81,4.329,15.81,15.84,1.191,0.6977,3.178,-0.2838,0.6469,2.3025,1003.9712,113.0,131.4,116.1,72.7,279.214,0.6225,0.0834,0.0521,0.0527,0.0282,8.7633,5.748,11.62,0.014,0.49,0.0336,244.0,41.0,0.107,0.077,0.205,3.7,0.243,0.6627,0.1444,0.6033,0.3108,0.8366,0.214,0.1217,6.15,17.12,49.828,0.207,15.61,5.03,29.197,82.563,0.1234,0.0461,0.042,0.0969,0.1092,0.0767,0.0657,0.038,1.4577,0.129,0.013699999999999999,135.0925,0.027,991.3994,0.027,0.014,0.0202,0.0243,104.2748,2.7296,0.026,0.3472,0.0671,4.3118,30.0114,48.2386,47.3489,0.1787,1.9187,0.0259,1.4911,0.1571,0.0117,105.1329,290.4771,1223.6783,19.8725,0.0492,0.0371,0.0838,1.2716,0.0229,0.077,0.2484,0.0539,0.1416,5.4333,0.0732,8.8415,0.0354,2.0459,5.2859,15.1856,0.0652,1.603,1.999,9.3955,25.6156,0.0285,0.0219,0.0189,0.0488,0.031,0.037,0.0365,0.0181,0.4349,0.0456,0.0046,52.1028,0.0083,313.2425,0.0047,0.0094,35.2438,0.7707,0.0085,0.1207,0.0217,5.2633,1.5465,5.2681,4.4539,4.62,3.2967,19.5612,42.5434,6.1636,58.9346,2.846,1.4441,3.9409,2.3834,98.3651,2.5629,11.0766,4.0298,3.937,5.7167,38.4615,30.5496,5.1681,0.7747,1.5584,0.9446,0.1371,4.6119,6.5047,4.1207,8.1601,4.1058,2.7735,25.0982,6.0818,1.9071,5.9061,101.1427,4.2642,6.3566,74.917,0.0,402.6201,0.0,0.0,71.7325,288.1579,129.2517,17.9953,1.6311,5.3773,1.3944999999999999,7.1023,17.734,607.0461,45.2579,400.0,4.3501,2.574,13.929,0.0721,4.696,5.5344,2.9133,10.703,82.71,21.71,1.42,10.2814,0.5877,83.0655,5.2927,1.7168,0.5008,0.0783,50.7506,7.49,0.1938,3.1859,0.0753,2.8128,30.4867,523.3110000000001,2.2705,15.390000000000002,0.6164999999999999,5.3345,0.18730000000000002,2.8874999999999993,28.50255,0.0139,2.7615,0.0157,0.0191,121.6354
-1.0,2821.63,2198.7222,0.9374,104.1989,1.1966000000000003,0.0101,-0.0181,202.1272,7.205,405.276,0.9667,192.1483,12.4896,1.3862,-6152.0,1523.75,0.994,1.8867,5.1597,69.6889,2.9333,0.1957,86.4863,8.828,63.9349,66.2347,87.0137,77.17,2.547,350.7473,140.9345,731.6507,1.3999,135.5127,627.1945,163.0025,4.588,4.827,2830.0,0.9334,-2.9973,349.9718,10.4259,117.9373,16.74,22.9973,29.8097,701.841,142.5455,610.4545,107.562,0.0266,0.0224,-0.0088,0.0245,-0.0288,-0.021,-0.0056,6.9361,0.1252,0.9889,1827.6397,0.1887,9285.6,0.169,-0.0065,-0.1059,-0.0196,0.4536899403549699,0.9388,805.3742,0.9905,57.4276,0.6073,0.9636,6.4231,15.8,4.23,15.89,15.87,1.319,0.6689,3.101,-0.2365,0.7527,2.3161,1003.8773,151.0,178.8,156.4,58.5,229.842,0.2157,0.1768,0.11930000000000002,0.0833,0.0318,7.2949,4.781,12.022,0.0187,0.8700000000000001,0.042,158.0,154.0,0.13,0.076,0.129,2.9,0.076,0.7217,0.0828,0.6793,0.3869,0.7397,0.581,0.0936,7.94,20.39,51.955,0.48,24.29,7.56,39.269,71.808,0.09,0.0626,0.0237,0.0589,0.0657,0.0442,0.0989,0.0425,4.634,0.0405,0.0006,112.5768,0.0301,1145.6006,0.0138,0.0171,0.04168870606271832,0.0221,89.534,2.5626,0.0318,0.6082,0.0668,4.6747,33.0411,60.973,47.2639,0.0681,1.3015,0.058,1.9062,0.1923,0.0157,66.4078,302.8183,2861.3826,71.0417,0.0532,0.0326,0.059,0.9158,0.0271,0.0262,0.295,0.0313,0.1363,6.4365,0.1941,9.3598,0.0309,2.2171,6.0173,14.5434,0.1615,2.3858,3.3692,11.931,24.5729,0.0224,0.0285,0.0102,0.0273,0.0217,0.019,0.0485,0.0209,1.4862,0.0145,0.0002,40.7715,0.0091,350.2124,0.012495367630419751,0.0069,30.8512,0.9235,0.0103,0.1946,0.022,4.4755,1.6071,6.941,6.3368,6.2783,2.6606,14.9812,23.0148,14.845,66.3567,2.9664,1.934,6.94175,3.0278,98.7321,10.1066,13.0785,4.0281,2.5001,4.1614,34.0909,47.5298,1.6361,0.8345,0.9374,1.0625,0.4354,5.5881,7.4716,4.3905,6.6842,5.8592,3.251,31.8737,7.2076,4.6039,11.557,145.102,5.5951,17.2182,66.7596,338.2664,240.3071,671.2251,268.643,153.6056,469.8337,752.2124,66.8099,1.5977,1.6654,0.0605,6.1597,15.9417,0.0,51.3369,0.0,11.470912424398952,2.3571,11.1171,0.1004,4.4623,9.4696,2.8843,12.5344,76.134,23.46,1.49,10.3594,0.6724,61.4497,5.7002,1.9571,0.1405,0.0322,14.6028,7.23,0.103,2.8886,0.0433,2.689,13.4038,532.8691,2.3668,10.38,0.407,3.5665,0.1163,1.9479,17.1974,0.0155,3.0744,0.0157,0.0191,121.6354
-1.0,3232.6099999999997,2196.8,1.327,99.3944,1.5387,0.0126,0.0063,201.3553,8.2275,407.5251,0.9736,190.9712,12.4661,1.3954,-3720.25,563.75,1.31,2.0223,7.28,68.3,2.8333,0.2327,85.5361,8.536,63.9167,66.2273,86.7687,63.93999999999998,5.041,360.3182,146.6327,750.3185,0.9544,134.4936,641.4445,61.0804,4.55,4.794,2910.0,0.9228,-5.6473,360.8845,10.3965,120.9855,18.7736,25.6473,32.7577,717.5607,140.8009,622.6709,107.7385,0.0361,-0.0214,-0.068,0.003,-0.0972,-0.0186,-0.0249,7.6739,0.1342,0.9671,1831.864,0.1741,9839.3898,0.0506,-0.0316,-0.0706,-0.0492,0.4666,0.9315,839.7342,0.9908,58.148,0.6012,0.9784,6.2741,15.79,4.184,15.84,15.85,1.064,0.7275,3.245,0.2365,0.6755,2.3099,1000.7826,100.0,105.8,183.9,47.7,243.8411,0.1034,0.0988,0.0349,0.0314,0.0092,7.5393,3.969,17.454,0.0061,0.31,0.0182,795.0,912.0,0.211,0.037,0.09,2.0,0.339,0.9858,0.1277,0.4761,0.4484,0.6217,0.687,0.1279,10.05,12.02,28.064,0.519,17.02,13.21,24.865,58.264,0.1026,0.0381,0.0282,0.0678,0.0634,0.0858,0.1056,0.0551,2.5674,0.0515,0.0068,86.8746,0.0502,1025.9004,0.0152,0.0176,0.0455,0.0135,87.702,2.7428,0.0251,0.3451,0.0645,5.3239,28.8639,32.0968,70.473,0.0405,1.304,0.0398,1.1644,0.0744,0.0057,348.2131,562.8794,1025.3726,400.2386,0.088,0.0172,0.0402,0.6423,0.0671,0.1164,0.3641,0.0512,0.0969,7.0767,0.2601,5.726,0.0412,3.5217,4.154,8.7162,0.1991,3.7851,4.66,7.0223,22.4012,0.0252,0.0179,0.0131,0.0296,0.0215,0.0421,0.0532,0.0283,1.0463,0.0146,0.003,33.2321,0.0153,308.1468,0.0083,0.0047,26.9053,0.7481,0.008,0.118,0.0227,4.4604,1.6678,4.5653,3.2604,7.7547,2.1713,22.3706,7.7895,6.4209,48.2409,4.2829,0.6269,2.4867,1.3007,59.0552,161.7738,16.1069,1.8296,1.2363,2.9283,42.3529,81.2321,10.4066,1.1525,1.4958,0.7449,0.2077,5.6811,9.118,2.7632,13.4001,7.4725,1.8739,45.946,1.9815,4.992,5.1163,90.6591,3.4652,10.7344,54.0791,284.1613,0.0,99.6692,0.0,88.2489,568.5061,221.5075,33.4562,2.3853,2.1348,0.7039,4.7424,28.8301,0.0,26.8344,823.5294,9.7529,1.4536,10.444,0.1048,4.7169,5.4998,2.7919,14.8581,75.494,13.13,2.17,5.3617,0.8773,57.9669,3.213,2.9274,0.7563,0.1946,72.9703,7.26,0.1365,2.6174,0.051,2.9093,17.2918,533.1491,2.4279,9.66,0.3695,3.5314,0.1147,1.8119,15.2177,0.0126,2.5375,0.0157,0.0191,121.6354
-1.0,3127.07,2198.7222,0.9374,104.1989,1.2476,0.017,0.0125,200.557,6.5375,401.5945,0.9703,190.5692,12.5106,1.3919,-3286.0,1460.0,0.983,1.8767,5.0217,69.0111,2.5556,0.1554,84.5551,9.97415,64.3827,66.5514,87.1886,63.98,4.165,348.5364,130.3527,717.7661,1.0768,137.65,616.5391,43.1805,4.585,4.824,2825.0,0.9345,-1.2182,348.7573,10.691,109.1345,11.6881,21.2182,26.3771,691.389,148.3891,606.2809,112.361,0.0369,0.0283,-0.0736,0.0177,-0.0086,-0.0236,-0.0018,7.3426,0.1345,0.957,1843.2651,0.1991,9258.0401,-0.0273,-0.0288,0.1498,0.0406,0.4633919364274549,0.9307,729.0898,0.9908,57.9601,0.5864,0.9657,6.3067,15.8,4.23,15.89,15.87,1.319,0.6689,3.101,-0.2365,0.7527,2.3161,1003.8773,123.0,208.2,106.8,58.5,229.842,0.2157,0.0794,0.11930000000000002,0.0865,0.0203,7.0879,3.681,12.941,0.0121,0.43,0.0894,358.0,142.0,0.082,0.06,0.132,2.5,0.078,0.6322,0.26130000000000003,0.5729,0.3221,0.6614,0.681,0.2829,14.15,23.09,24.188,0.29,19.83,5.36,35.128,51.559,0.116,0.0267,0.0365,0.0878,0.0947,0.0493,0.1068,0.0636,5.4396,0.0348,0.013699999999999999,99.4265,0.1018,1387.0996,0.0188,0.0293,0.04741495379052224,0.0261,117.0898,2.592,0.0239,0.4417,0.0668,4.6747,32.803,63.1944,37.529,0.0681,1.3015,0.0254,1.1779,0.1181,0.0327,165.3227,223.7683,782.0691,66.458,0.0357,0.0248,0.0569,0.8207,0.0147,0.0277,0.2294,0.0985,0.1092,6.9059,0.1982,9.2864,0.0843,4.3056,6.5332,8.5678,0.0816,1.6502,1.535,10.4356,15.7536,0.0342,0.0124,0.0166,0.0432,0.0288,0.025,0.0538,0.0342,1.6461,0.0126,0.0046,30.7554,0.0294,453.143,0.013164526520834044,0.0094,41.6825,0.7174,0.0082,0.1477,0.022,4.4755,1.6071,5.6368,6.658,4.3082,2.6606,14.9812,23.0148,6.3642,56.3055,3.2224,1.2486,3.4371,6.4235,44.4309,9.726,8.3418,3.197,2.6286,3.6226,23.4783,27.6626,1.6838,0.7477,2.9167,0.8898,0.0873,7.0208,4.25,4.3666,25.522399999999998,10.2797,3.7451,56.0161,6.0584,2.7126,7.9443,169.6596,5.0808,15.8701,45.8869,314.2035,47.636,119.2125,536.354,573.2558,452.0635,0.0,74.0829,2.3794,1.4603,1.3944999999999999,5.394,51.1365,986.9474,54.3689,903.2258,11.968281615123582,2.8019,16.0597,0.1076,4.4721,7.0042,2.8843,12.5344,80.714,16.1,2.03,6.4066,0.8038,110.6991,4.0044,2.5151,0.563,0.1015,58.9444,9.13,0.0951,3.543,0.0397,3.414,18.0932,534.4473,2.4356,9.33,0.1854,3.3165,0.0663,1.7457,7.612,0.0089,1.7695,0.012,0.0104,86.7035
-1.0,3034.08,2213.7556,0.7217,104.1667,1.4426,0.0132,-0.0185,201.0235,11.9853,408.2567,0.9807,190.4824,12.4722,1.411,-3635.75,-1440.0,1.284,2.0213,7.4202,68.1889,2.0222,0.1786,85.3825,9.7324,64.2442,66.6973,87.1381,63.93999999999998,5.041,351.8691,128.3682,715.6491,1.131,139.7645,620.0018,44.4635,4.588,4.846,2820.0,0.9352,1.2264,349.2,10.6001,109.5945,13.0818,18.7736,23.7806,691.8685,148.1255,606.92,63.5898,0.025,0.0337,-0.0424,0.0272,-0.1138,-0.0179,0.0374,7.1761,0.1392,0.9906,1790.9413,0.1963,8469.9999,0.0371,0.1311,0.0679,0.1059,0.4608,0.9533,749.6684,0.9902,60.0524,0.6078,0.9785,6.4178,15.73,4.409,15.8,15.76,1.347,0.6808,3.021,-0.2838,0.6834,2.3177,1000.5914,180.0,68.9,61.1,53.9001,415.735,0.0594,0.0695,0.085,0.0785,0.0077,9.9149,8.682,11.058,0.005,0.37,0.0584,806.0,1409.0,0.099,0.107,0.315,2.2,0.594,0.7473,0.0743,0.6345,0.3412,0.9513,0.954,0.299,8.51,19.15,32.785,0.412,15.71,6.77,29.119,62.873,0.0943,0.0517,0.0753,0.1166,0.0662,0.0798,0.0734,0.0477,6.9458,0.0392,0.0009,57.8387,0.0453,1182.5005,0.0214,0.0219,0.0134,0.0061,134.2557,2.057,0.0251,0.6195,0.0634,2.8453,35.8303,20.8163,21.1939,0.0218,3.1379,0.0268,3.2817,0.0937,0.0232,336.3862,236.1742,680.454,705.8831,0.0479,0.0576,0.1344,0.9103,0.0563,0.193,0.302,0.0324,0.1126,5.0676,0.2521,9.4832,0.088,2.3776,5.1145,9.0009,0.1246,1.7993,1.426,9.1919,19.8021,0.0273,0.0218,0.0342,0.0528,0.0197,0.0398,0.0332,0.0233,2.4863,0.0133,0.0003,20.2494,0.0143,354.4495,0.0048,0.0021,39.4124,0.6327,0.0092,0.1993,0.0219,3.3997,1.1348,8.1895,2.2709,2.2335,2.4348,37.3339,8.226,4.8176,72.4389,2.7086,0.5063,2.9666,4.1389,40.9544,97.8472,7.7103,5.2938,4.2451,3.2263,69.2308,90.168,17.5567,0.8752,0.7634,0.9876,0.1169,5.2036,8.8262,4.4291,25.522399999999998,6.0888,3.0887,65.59535,7.9898,3.8868,7.8836,120.0905,4.2088,23.3677,98.8727,376.7291,85.9161,275.0,243.1589,70.1076,410.0559,127.5401,96.791,2.9456,1.6238,0.094,3.2295,23.0896,0.0,55.0607,317.7305,2.9043,0.6384,17.9087,0.0818,3.4254,9.6527,2.7367,7.5042,78.62308723695651,17.200449509657755,1.2762659603942683,7.866104014446928,0.5468216979872831,46.36629851210706,4.267670596532905,1.6309022370241668,0.4722,0.102,47.843,6.446459412864402,0.16034570059528494,2.6390866701613955,0.06539301093892733,2.4429939437050026,21.573957024979624,534.9473,1.6309,7.85,0.1803,2.2968,0.0556,1.4674,11.0551,0.0185,3.7121,0.012,0.0104,86.7035
-1.0,2953.65,2197.2333,0.974,104.8733,1.5381,-0.0077,0.0018,197.0412,8.4855,422.2481,0.9591,186.2973,12.4104,1.399,-3913.0,1516.75,0.979,1.8855,5.131,68.5556,2.2889,0.1654,83.9167,9.4043,64.4134,66.5991,86.8908,65.84,4.021,362.0164,130.4973,732.1782,0.9926,141.39,633.9036,55.0461,4.657,4.896,2861.0,0.9242,2.8355,362.2336,10.5378,113.3327,14.3136,17.1645,22.8296,709.3485,145.4464,621.0127,111.7293,-0.0282,0.0007,-0.0771,0.0189,-0.0941,-0.0064,-0.035,8.3528,0.1306,0.9739,1759.3842,0.1852,8808.0001,0.0207,0.0326,0.0438,0.0506,0.4733,0.936,728.1346,0.9907,59.8067,0.6075,0.9665,6.3408,15.81,4.329,15.81,15.84,1.191,0.6977,3.178,-0.2838,0.6469,2.3025,1003.9712,100.0,105.8,147.7,52.2002,278.8929,0.1974,0.0551,0.0525,0.0366,0.0237,1.7684,4.562,26.932000000000002,0.0177,0.54,0.0462,667.0,60.0,0.1,0.079,0.193,1.8,0.159,0.4764,0.0593,0.5445,0.2655,0.8549,0.743,0.1401,7.68,20.96,14.396,0.488,17.16,4.88,32.222,59.784,0.16345,0.0398,0.0316,0.0402,0.1203,0.086,0.0726,0.0461,2.7,0.0601,0.013699999999999999,153.9373,0.0369,1189.8008,0.0089,0.0093,0.0803,0.052199999999999996,109.0994,3.7472,0.0179,0.4925,0.0671,4.3118,30.007,37.0481,47.8976,0.0646,1.6472,0.0218,1.4872,0.1594,0.0128,273.4464,229.9109,644.2305,28.8834,0.0431,0.0354,0.0875,0.656,0.0244,0.0501,0.2038,0.0224,0.1139,6.2468,0.2607,9.9969,0.0368,2.0561,6.8483,4.6717,0.1342,1.4061,1.4607,9.9085,17.6696,0.0431,0.017,0.0145,0.0178,0.0369,0.048,0.0391,0.0253,1.1448,0.0185,0.0046,48.4665,0.0105,368.8455,0.0111,0.018000000000000002,32.842,1.2507,0.0057,0.1715,0.0217,5.2633,1.5465,4.5924,3.582,6.3931,2.3757,19.4331,20.2645,3.5823,53.7626,6.508749999999999,1.8404,4.3512,3.301,32.6348,3.9558,10.2145,4.1899,3.7615,2.6256,26.2136,48.959,3.4066,0.5677,0.631,0.8453,0.1337,4.8948,8.4293,4.4831,14.1101,5.4318,3.3065,26.1526,5.8835,4.6309,7.7206,119.8861,4.5425,8.257,53.5079,596.1411,169.3617,52.1739,637.5621,91.3921,0.0,131.9027,32.3246,3.5336,2.4793,1.3944999999999999,8.7495,19.9368,0.0,52.3977,708.5714,16.9566,5.5677,14.9834,0.1288,6.2655,7.7673,2.9133,10.703,74.846,9.97,1.01,4.0971,0.3824,62.0945,2.5041,1.3494,0.1454,0.0332,15.2751,3.83,0.1253,1.4851,0.0492,1.4333,19.6766,532.3445,2.4733,8.38,0.3953,2.6942,0.1144,1.5742,15.984,0.0136,2.7014,0.012,0.0104,86.7035
-1.0,2996.53,2202.1222,0.776,104.6156,1.532,0.0068,-0.0173,200.9119,8.6467,408.7751,0.9741,190.6226,12.4978,1.4016,-6375.125,1272.75,0.9882,1.8933,5.1867,68.3333,2.4333,0.147,84.0746,9.3335,64.3729,66.5362,86.8786,66.55,3.142,350.7545,124.4091,710.5124,1.0978,139.8573,615.0209,50.0355,4.576,4.819,2830.0,0.9327,5.9073,349.3627,10.5311,110.3164,8.7619,14.0927,19.9156,690.5968,147.4936,607.1727,85.764,0.0038,0.0353,-0.0317,0.0213,-0.1046,-0.0073,-0.0061,7.5705,0.1271,0.9889,1763.4672,0.1974,9077.78,0.23764999999999997,0.027,-0.0755,-0.24175000000000002,0.464,0.9281,771.3742,0.9867000000000001,56.9219,0.605,0.9651,6.376,15.77,4.348,15.76,15.75,1.239,0.6881,3.091,-0.0473,0.6586,2.3073,998.4948,119.0,67.6,50.3,59.2002,271.64,0.0667,0.23175000000000004,0.11930000000000002,0.10045,0.0089,10.0516,4.995,12.03,0.0066,0.17,0.0516,365.0,633.0,0.095,0.083,0.064,2.6,0.091,0.6425,0.1151,0.6534,0.4311,0.8073,0.516,0.1782,10.41,17.79,16.786,0.252,10.74,4.52,31.662,75.674,0.1013,0.0634,0.0723,0.0523,0.0923,0.1038,0.0549,0.043,3.589,0.0327,0.0033,169.8086,0.0484,738.5996,0.0369,0.03420000000000001,0.0242,0.0176,84.9084,2.8665,0.0264,0.4457,0.0679,4.3986,29.0567,24.2843,16.369,0.0229,1.8716,0.08085,1.5527,0.0458,0.0144,149.5393,289.3124,4203.6494,312.5896,0.0401,0.0353,0.0316,0.7906,0.0249,0.0296,0.2516,0.0408,0.133,5.2126,0.1575,8.4149,0.0577,3.3374,5.6516,5.0201,0.0698,1.2974,1.7407,9.2427,20.7096,0.0316,0.0269,0.0297,0.0241,0.0265,0.0524,0.0259,0.0191,1.2157,0.012,0.0009,51.634,0.0148,213.3511,0.0078,0.006,25.2171,0.9565,0.0086,0.1452,0.0217,4.3521,1.6404,5.6747,2.2559,1.9854,2.6883,26.2564,8.5931,16.1177,57.7675,2.9429,0.6777,1.3602,3.6822,110.2816,49.7348,9.613,4.384,1.2339,3.8049,36.9863,53.7415,1.9462,0.7642,1.2332,1.015,0.2593,5.3542,4.8549,3.9132,16.2298,7.4433,2.8926,33.5482,5.72,2.3929,5.3573,122.5759,4.5847,13.5791,88.2352,0.0,101.1164,165.1144,432.9522,99.2352,752.0548,704.918,47.408,1.8094,1.3692,0.3291,9.6292,24.5059,311.7111,85.7909,0.0,5.2249,1.893,11.0074,0.25379999999999997,5.0358,6.9899,2.9445,11.6625,83.102,15.22,1.04,7.2333,0.4777,64.8494,3.751,1.2515,0.1103,0.0268,11.6115,6.419883487477246,0.1485453513003587,2.513350181931022,0.058726081986123835,2.455275511565465,19.44073706779557,532.6755,2.313,8.47,0.192,3.0029,0.057,1.5901,8.303,0.0156,3.1083,0.012,0.0104,86.7035
-1.0,2951.56,2202.1222,0.776,104.6156,1.5164,0.003,-0.0203,202.6556,6.8065,406.7837,0.9735,192.7445,12.4273,1.398,-4205.25,135.0,1.3173,2.0088,7.314,67.6778,2.6778,0.2191,84.9715,8.6013,64.0262,66.2377,86.9247,76.97,4.019,350.8918,131.8055,720.912,1.3603,141.3464,624.0436,227.2181,4.595,4.847,2823.0,0.9368,4.5027,348.9382,10.5277,116.3082,14.5309,15.4973,22.3374,698.5746,144.2664,609.5127,122.3418,0.0172,-0.0019,-0.0461,0.0171,-0.1187,-0.0329,0.0437,6.6369,0.137,0.9915,1800.4917,0.1516,8764.0199,0.0465,-0.0195,-0.0148,0.0749,0.4558,0.9533,751.5454,0.9907,58.2573,0.5868,0.9703,6.3126,15.73,4.409,15.8,15.76,1.347,0.6808,3.021,-0.2838,0.6834,2.3177,1000.5914,125.0,119.1,191.9,59.2002,271.64,0.0667,0.0845,0.1083,0.099,0.0247,7.7492,3.319,13.663,0.006,0.33,0.0685,577.0,748.0,0.074,0.164,0.184,1.6,0.321,1.0039,0.0452,0.5476,0.3005,0.7709,0.4,0.1299,7.93,14.18,39.59,0.307,19.2,3.49,29.32,74.781,0.1097,0.043,0.0717,0.0544,0.0822,0.0733,0.1214,0.1047,4.2705,0.0442,0.0012,148.652,0.0269,568.2002,0.0168,0.0141,0.0142,0.008,61.3139,2.7499,0.0206,0.5383,0.0634,2.8453,33.1282,43.2594,58.421,0.0229,1.8716,0.0283,1.2405,0.0893,0.0211,292.6436,137.3132,2142.0947,345.0623,0.0319,0.0761,0.0871,0.5191,0.0626,0.1048,0.3668,0.0207,0.0807,4.6676,0.1333,9.1395,0.033,2.2134,4.29,11.3965,0.0947,1.1592,1.71,9.6764,24.96,0.028,0.0192,0.0339,0.026,0.0261,0.0391,0.0543,0.0569,1.3907,0.0153,0.0003,49.1085,0.008,235.8665,0.0042,0.0022,24.3709,0.7377,0.0066,0.18,0.0219,3.3997,1.1348,5.6721,4.0352,7.8608,2.6883,26.2564,8.5931,5.5725,48.7625,3.3588,0.6183,2.6554,4.9027,111.5986,554.0741,5.6178,8.1643,2.5157,2.3641,37.3444,79.4118,9.5808,1.1815,0.5252,0.8553,0.1928,4.0041,6.1985,4.1266,9.5519,5.6103,2.2723,17.4238,6.372,2.9161,6.5945,132.1326,4.1971,9.7424,61.1246,638.9516,87.3096,118.0043,479.6499,61.7393,369.5586,239.4511,64.345,1.6787,1.8354,0.118,8.2562,17.7566,330.7918,54.0305,0.0,3.1091,0.8374,8.1584,0.0529,4.7202,8.5276,2.7367,7.5042,81.884,17.07,1.83,8.0912,0.7598,33.5506,4.2638,2.2349,0.3259,0.0726,34.4987,7.34,0.0649,3.3657,0.0295,2.9313,9.6101,532.1827,2.2771,7.47,0.1043,2.5493,0.0345,1.4036,4.582,0.0119,2.3652,0.0219,0.0138,62.8422
-1.0,2986.34,2213.7556,0.7217,104.1667,1.3967,0.0176,-0.0239,200.1579,7.7927,407.83,0.9787,190.3765,12.4722,1.3902,-4145.75,1485.0,0.9808,1.898,5.2297,65.6889,2.9111,0.2,85.5983,8.5232,64.0577,66.2289,86.6814,78.95,2.607,350.5136,132.3791,723.1437,1.3735,143.1809,626.0736,185.6397,4.613,4.83,2822.0,0.9361,3.2591,349.5545,10.4657,115.6382,13.4527,16.7409,25.2855,697.8583,147.4282,612.6209,64.4989,0.0203,-0.0168,-0.0189,0.0087,-0.1137,-0.0267,0.025,7.0184,0.1274,0.9911,1870.7982,0.1828,8260.2799,0.0439,0.0772,0.0202,0.108,0.4613,0.941,717.1551,0.9867000000000001,57.919,0.59,0.9661,6.4028,15.77,4.348,15.76,15.75,1.239,0.6881,3.091,-0.0473,0.6586,2.3073,998.4948,103.0,123.9,115.5,53.9001,415.735,0.0594,0.0726,0.0984,0.0896,0.0073,9.9778,8.237,12.724,0.0051,0.37,0.0359,379.0,151.0,0.125,0.086,0.252,3.0,0.174,0.8849,0.0676,0.5148,0.3177,0.7387,0.363,0.0999,8.16,15.85,61.434,0.348,22.54,5.2,33.414,69.92,0.0908,0.0636,0.0347,0.0996,0.0603,0.0696,0.0913,0.0523,2.6943,0.0681,0.0021,60.2979,0.0306,801.5,0.0185,0.0164,0.0149,0.0341,77.6475,3.9713,0.0194,0.5511,0.0679,4.3986,28.5461,35.7917,45.5362,0.0218,3.1379,0.0214,2.3711,0.0937,0.0124,182.4653,296.8956,2276.3234,61.9408,0.0521,0.0355,0.1092,0.9185,0.0221,0.0541,0.362,0.0262,0.0617,5.0992,0.1058,9.3846,0.0305,2.1445,4.7552,20.721,0.1037,1.4932,2.7852,10.1319,23.1605,0.0264,0.0283,0.0155,0.046,0.0189,0.0368,0.0473,0.0255,1.0332,0.0222,0.0006,16.8534,0.0089,249.4673,0.0044,0.0138,26.7265,1.1125,0.0076,0.1828,0.0217,4.3521,1.6404,4.7455,4.1489,4.9807,2.4348,37.3339,8.226,5.198,105.7011,3.1199,0.5176,2.9666,2.5823,133.0037,10.1684,12.7453,4.5311,4.8186,4.567,37.7863,35.0,3.6989,1.0338,0.7934,0.8036,0.3248,4.7758,7.335,4.4586,7.2759,5.6991,2.5316,33.0931,5.9949,3.3251,6.2177,167.5502,4.7881,39.3867,108.4049,446.2647,103.2887,527.6821,694.7005,61.2137,341.9476,209.6192,38.3885,1.962,2.8844,0.2071,3.2231,16.7197,0.0,49.3724,453.012,3.2382,3.6195,10.8272,0.25379999999999997,6.8567,8.6066,2.9445,11.6625,74.752,16.97,1.09,7.3824,0.4312,62.0477,4.1728,1.4582,0.5058,0.0834,50.2702,6.411773297805023,0.14924354334292497,2.479691145425588,0.057458944809436766,2.454983086606772,20.291456871691192,533.9036,2.3605,9.35,0.3596,3.2619,0.1158,1.7512,15.2351,0.0098,1.9826,0.0061,0.0141,233.2441
-1.0,3105.49,2218.5778,0.8396,98.1311,1.4991,-0.0064,-0.0148,201.9838,8.0335,424.9771,0.9778,191.6438,12.4492,1.3819,-4167.5,-334.25,1.2993,2.006,7.2175,67.0556,2.6222,0.2132,84.7529,9.0622,64.2906,66.4854,87.0122,64.74,2.856,359.6473,132.2518,732.401,1.3425,145.3255,637.2245,227.0832,4.635,4.862,2861.0,0.929,4.1509,358.2791,10.2891,116.4027,13.5327,15.8491,23.5582,708.8428,149.01,623.6918,75.6593,0.0021,0.0086,-0.0113,0.0253,-0.0135,-0.0129,-0.023,7.5325,0.1371,0.9814,1886.5896,0.1935,8675.0299,0.0927,0.0632,-0.068,0.1305,0.4652293124905813,0.9559,625.3835,0.9904,57.356,0.6007,0.9668,6.3813,15.79,4.184,15.84,15.85,1.064,0.7275,3.245,0.2365,0.6755,2.3099,1000.7826,80.0,145.3,130.7,76.2002,506.028,0.2631,0.0899,0.0416,0.0539,0.0111,7.0908,8.196,14.392,0.0056,0.34,0.0367,456.0,2757.0,0.223,0.181,0.147,1.2,0.631,0.7071,0.2333,0.5676,0.3572,0.96,0.461,0.1878,7.06,19.9,68.666,0.357,20.17,4.9,32.937,56.697,0.0878,0.0495,0.0271,0.0493,0.0943,0.0993,0.0749,0.0503,3.7751,0.0693,0.0052,93.6444,0.0408,909.0996,0.0163,0.0277,0.057209478311590095,0.0325,110.1382,2.8137,0.0306,0.6444,0.0645,5.3239,22.8837,53.8482,41.2405,0.0814,2.7713,0.0286,2.2378,0.0901,0.0142,210.5823,262.1086,2878.549,1236.8526,0.0945,0.0767,0.0614,0.4586,0.0465,0.2172,0.2775,0.0954,0.1489,6.7113,0.1692,9.4701,0.0489,2.4808,6.4044,20.2206,0.1213,1.5342,1.9703,10.1685,17.3925,0.0285,0.0214,0.0121,0.0228,0.0284,0.0533,0.0386,0.0228,1.2899,0.0212,0.0016,28.1731,0.0121,291.4041,0.012100034578627447,0.0106,33.8219,0.9701,0.0107,0.2022,0.0227,4.4604,1.6678,3.7612,4.6788,5.0516,3.4346,31.0014,31.3378,5.9968,102.0234,3.3865,0.5748,2.7311,2.653,167.9184,824.8317,17.1637,9.0229,2.0367,1.7896,30.5085,67.0662,18.8916,0.8343,2.5743,0.8829,0.2167,5.3719,6.5028,4.3326,13.9883,4.8581,3.1229,30.2383,5.6469,3.4697,8.1441,149.0465,4.6466,30.8985,74.9373,0.0,157.8947,437.2506,373.1882,734.1959,578.3784,218.4582,50.118,2.9171,2.9265,0.5267,4.9637,21.0874,0.0,118.77044999999998,435.2941,11.58764446349625,3.3982,17.6113,0.0906,4.9058,10.0989,2.7919,14.8581,78.572,10.51,1.8,4.9969,0.703,73.5203,2.6195,2.2909,0.1001,0.0259,10.3089,3.23,0.1818,1.5421,0.0696,1.3057,30.8595,534.3564,2.3688,7.55,0.44,2.7336,0.1282,1.4129,18.5733,0.0166,3.3177,0.0061,0.0141,233.2441
-1.0,3090.09,2213.7556,0.7217,104.1667,1.4319,-0.0067,-0.0146,200.5958,7.1169,405.6465,0.9796,189.8932,12.4655,1.3914,-3976.75,-2423.0,1.3155,1.9845,7.3193,67.1889,2.0222,0.1693,85.5983,8.5232,64.0577,66.2289,86.6814,78.95,2.607,351.6891,130.4127,718.7948,1.0723,136.2873,618.3891,50.7919,4.576,4.819,2830.0,0.9327,4.4564,350.3073,10.4264,114.8691,6.8781,15.5436,21.1288,697.666,147.4991,612.6755,94.9091,0.0429,0.0015,-0.047,0.025,-0.0939,-0.0257,-0.0107,8.2333,0.1375,0.9872,1742.8618,0.2109,8775.3101,0.23764999999999997,0.0558,-0.0297,0.24300000000000002,0.4605,0.9439,736.043,0.9903,59.423,0.599,0.9745,6.3113,15.77,4.348,15.76,15.75,1.239,0.6881,3.091,-0.0473,0.6586,2.3073,998.4948,122.0,170.5,127.2,53.9001,415.735,0.0594,0.134,0.1018,0.0884,0.0083,10.0972,8.316,14.135,0.0048,0.27,0.0531,200.0,16486.0,0.078,0.098,0.202,2.1,0.448,0.8849,0.0676,0.5148,0.3177,0.7387,1.158,0.1703,9.98,22.72,20.571,0.356,13.18,5.15,33.612,84.264,0.1283,0.0417,0.0343,0.0403,0.0831,0.0928,0.1039,0.0564,4.5742,0.099,0.0019,156.3097,0.0871,1049.8003,0.0369,0.0095,0.0244,0.0249,96.6613,2.9653,0.0229,0.5846,0.0679,4.3986,31.4495,55.1187,40.6157,0.0218,3.1379,0.046,2.5802,0.0655,0.0206,94.058,99.91,574.1535,6915.8206,0.0361,0.0449,0.0954,0.6392,0.0475,0.1638,0.362,0.0262,0.0617,7.3424,0.3155,8.6033,0.0478,2.758,6.2992,6.0808,0.115,1.5595,1.7921,9.8199,25.113,0.0289,0.0178,0.0143,0.0185,0.025,0.0497,0.0474,0.0255,1.4968,0.0304,0.0006,53.4101,0.0277,281.4625,0.0066,0.0069,26.0127,0.9419,0.0086,0.1872,0.0217,4.3521,1.6404,5.6553,5.5176,5.1073,2.4348,37.3339,8.226,9.358,116.8485,3.4846,0.4907,2.166,3.8148,31.9859,680.3962,5.9293,4.9383,2.7598,3.1255,69.2308,93.8976,13.1722,1.0338,0.7934,0.8036,0.3248,6.5285,5.9197,4.2097,15.8779,7.3228,3.6741,40.5005,5.72,3.4144,7.7218,191.6225,4.8178,28.6856,88.7839,299.1548,47.8211,85.7903,332.0679,98.8285,404.2802,524.6512,55.5575,1.9632,4.0589,0.1968,8.9686,41.2932,377.1712,59.3577,666.6667,5.3068,2.6338,13.1326,0.0707,4.9901,9.263,2.9445,11.6625,80.884,21.35,1.31,10.0809,0.5189,73.9012,5.3104,1.6196,0.128,0.0293,13.7543,6.356151335306525,0.16203379104060509,2.4985664142169064,0.06716152692965799,2.4359635563142565,22.230867455409825,535.4736,2.3436,7.67,0.2679,2.6886,0.0833,1.4324,11.4305,0.0124,2.5261,0.0061,0.0141,233.2441
-1.0,2986.32,2218.0555,0.8579,105.8133,1.5327,-0.0192,0.0023,203.7596,7.4847,405.8447,0.9732,193.308,12.4978,1.3599999999999999,-4929.25,1361.5,0.9882,1.8662,4.989,67.7667,2.7333,0.1883,84.7297,8.5177,64.1615,66.2409,87.0024,77.14,3.595,351.7236,135.7909,725.9134,1.0263,133.4245,620.9391,57.8927,4.576,4.819,2830.0,0.9327,0.4591,350.6355,10.4174,116.25,11.6531,19.5409,22.3321,703.5813,143.5936,610.4791,119.4254,0.0104,0.0031,0.0253,0.0393,0.0162,-0.0419,-0.0083,7.2651,0.1323,0.9894,1931.6464,0.1944,8445.73,0.2306,-0.0167,0.0153,0.24300000000000002,0.4725796148292618,0.9501,608.6508,0.9908,56.5119,0.6001,0.9685,6.2385,15.81,4.329,15.81,15.84,1.191,0.6977,3.178,-0.2838,0.6469,2.3025,1003.9712,127.0,116.2,113.1,70.5,340.8611,0.3963,0.0813,0.0405,0.068,0.0067,6.9157,4.647,17.496,0.006,0.17,0.0449,328.0,173.0,0.07,0.044,0.249,1.3,0.174,0.7104,0.0996,0.5617,0.2119,0.7185,0.732,0.1598,9.5,21.41,31.203,0.222,17.14,7.34,33.793,14.638,0.1327,0.0475,0.0897,0.0438,0.1094,0.0799,0.0743,0.0532,4.4896,0.0761,0.0014,128.4285,0.0261,2113.5,0.0369,0.026,0.04478931223742466,0.0513,180.0104,4.3026,0.0212,0.3768,0.0671,4.3118,33.896,37.2245,41.1153,0.1205,1.6024,0.027,1.4044,0.0458,0.0125,143.6048,274.2669,1735.171,74.6749,0.0307,0.0186,0.1066,0.4243,0.0311,0.0556,0.2702,0.0391,0.0941,6.0629,0.2935,10.3572,0.0501,2.7991,7.1238,8.7306,0.0809,2.1641,2.2645,10.8867,4.5782,0.0342,0.0207,0.0436,0.018,0.031,0.0425,0.038,0.0265,1.3989,0.0248,0.0005,46.3453,0.0092,694.6668,0.011082126400522835,0.016,60.1333,1.3109,0.008,0.1298,0.0217,5.2633,1.5465,5.6363,3.8911,4.5405,3.1785,22.4629,46.1964,5.3043,62.0864,4.311,0.6136,1.3602,3.3267,75.8736,12.7066,7.0832,2.3577,4.991,1.9183,51.2195,45.1327,3.7495,0.8384,1.1689,0.8754,0.3206,5.1404,7.3864,5.1043,15.5675,7.1201,3.448,53.898,5.72,2.1311,8.7742,147.0853,4.803,7.7197,12.257,0.0,152.2436,172.9516,278.4601,494.7368,177.327,642.9003,61.7958,4.0806,3.2029,0.1441,6.6487,13.4036,0.0,86.9565,0.0,11.540099373177405,5.4014,30.9707,0.0833,7.6137,6.0402,2.9133,10.703,77.932,13.21,1.02,6.6531,0.4484,64.4353,3.2882,1.3088,0.1745,0.0375,18.1087,11.35,0.2393,4.2699,0.0981,4.5118,28.4922,535.2009,1.692,8.9,0.3756,3.0585,0.1171,1.6629,22.1989,0.0177,3.5092,0.0061,0.0141,233.2441
-1.0,3052.97,2218.0555,0.8579,105.8133,1.4732,-0.0063,-0.0148,199.1995,9.0249,403.8765,0.9817,188.635,12.4759,1.4022,-3614.0,248.25,1.3025,2.001,7.369,60.0667,3.3667,0.2843,86.0209,9.2328,63.7799,65.7516,86.5146,75.31,2.353,349.1545,155.9155,748.9077,0.8683,125.7982,630.8682,62.7267,4.599,4.816,2828.0,0.9319,-1.0773,348.3564,9.8572,134.8382,4.4482,21.0773,27.2848,721.6229,145.1736,628.3682,86.7646,0.0102,0.0198,-0.0314,0.0433,-0.0192,-0.0214,0.0371,6.9301,0.1373,0.9886,1877.7071,0.21,8921.6401,0.0001,0.119,0.0359,0.1179,0.47276199963984733,0.9437,763.2926,0.9907,58.6879,0.5951,0.9564,6.5826,15.81,4.329,15.81,15.84,1.191,0.6977,3.178,-0.2838,0.6469,2.3025,1003.9712,93.0,62.2,142.0,70.5,340.8611,0.3963,0.1438,0.116,0.0906,0.0213,6.4684,4.508,8.781,0.0091,0.63,0.0492,248.0,1616.0,0.097,0.073,0.039,2.0,0.316,0.6917,0.1311,0.6505,0.3852,0.69,0.359,0.1143,8.42,23.41,26.549,0.921,16.25,7.41,35.463,99.696,0.1356,0.0511,0.0255,0.1219,0.1384,0.0835,0.0798,0.089,4.0682,0.0693,0.0028,112.1904,0.1254,2322.228871323444,0.0228,0.0135,0.05114019182126733,0.0309,243.8375,2.6287,0.0168,0.4346,0.0671,4.3118,27.3743,20.3358,45.0507,0.1205,1.6024,0.05,1.2982,0.1847,0.0193,119.0221,146.7205,237.7884,682.5576,0.0488,0.0346,0.0164,0.6062,0.0385,0.1187,0.2892,0.0524,0.0431,5.0991,0.1112,9.6135,0.0383,2.8128,6.9404,9.0035,0.2748,2.3736,2.4265,10.7174,34.585,0.0336,0.0266,0.0108,0.0591,0.0365,0.042,0.0427,0.0473,1.3135,0.0212,0.0008,35.1426,0.0374,767.29565,0.012936716805382588,0.0084,76.1337,0.6977,0.0068,0.1629,0.0217,5.2633,1.5465,4.2406,2.0374,5.6763,3.1785,22.4629,46.1964,9.7614,49.9506,2.1742,0.9256,5.0497,3.5074,15.3016,650.9567,7.4472,3.6482,0.5292,3.3296,26.7327,37.2802,9.275,0.8041,1.4195,1.0199,0.3058,4.9319,5.8365,4.2619,13.164,6.6933,3.7108,42.3249,6.2634,9.3434,8.4249,293.3152,4.9143,41.9454,114.904,0.0,618.59025,387.5994,319.3539,434.3303,372.4621,240.2159,58.7037,2.0393,2.9265,0.2816,5.9749,60.8449,0.0,19.8582,381.25,12.484480900391954,3.2701,31.9455,0.0799,4.4791,6.6019,2.9133,10.703,75.86063868391278,16.89938979844384,1.2331770022203836,7.609683445745161,0.5017707513120142,56.98081160075224,4.177309488661144,1.624555107343277,0.6116,0.1048,62.5691,6.4,0.0727,2.3264,0.0296,2.4212,11.0972,534.3564,2.3688,7.55,0.44,2.7336,0.1282,1.4129,18.5733,0.0108,2.1487,0.0061,0.0141,233.2441
-1.0,2981.36,2178.6889,1.6603,100.8022,1.6128,0.0004,-0.0081,198.5388,6.3295,393.0423,0.9691,188.0926,12.5894,1.3875,-1363.875,1377.25,0.9805,1.882,5.1048,67.0889,2.3333,0.1538,84.5743,9.396,63.9428,65.9503,87.241,64.4,4.18,356.0009,135.3245,731.9843,0.9484,138.05,629.3755,128.0837,4.582,4.861,2862.0,0.9245,2.0064,355.3927,10.5186,117.3309,11.3735,17.9936,21.0027,710.9816,146.8355,619.5591,105.4883,-0.0059,-0.0021,-0.1001,-0.0163,-0.0983,-0.0213,-0.0193,7.0899,0.1382,0.9704,1783.0385,0.1905,8879.8398,-0.1099,0.0893,0.147,0.1446,0.4586,0.9285,748.3036,0.9867000000000001,58.2955,0.5964,0.9676,6.3734,15.87,3.165,15.87,15.85,1.035,0.5609,3.275,-0.2365,0.8117,2.3672,1006.3086,134.0,77.6,109.5,60.8,235.323,0.5762,0.0734,0.0725,0.047,0.0199,6.4734,3.959,19.174,0.0098,0.33,0.0667,288.0,185.0,0.105,0.071,0.181,2.6,0.107,0.5562,0.0941,0.5718,0.3232,0.8845,0.876,0.1253,11.13,28.36,39.843,0.352,17.97,3.85,36.96,21.958,0.0499,0.0606,0.0306,0.063,0.0498,0.0809,0.0995,0.0483,4.5787,0.0955,0.0025,75.7468,0.039,776.6006,0.0212,0.0187,0.0182,0.0126,77.1346,2.3426,0.0307,0.4788,0.0806,5.0751,32.6484,25.0406,35.0263,0.2044,1.9767,0.0242,1.3948,0.0604,0.0206,137.4224,273.7777,5477.0248,81.6757,0.0438,0.0296,0.0853,0.8667,0.0315,0.0361,0.2416,0.034,0.1472,7.6674,0.2528,10.9374,0.0394,3.1012,8.1025,11.3293,0.108,1.3714,1.2444,11.2911,6.159,0.0127,0.0255,0.015,0.0278,0.0153,0.0395,0.0518,0.0215,1.4219,0.0277,0.0008,21.9017,0.0111,267.9408,0.0045,0.0048,27.426,0.8152,0.0099,0.1559,0.0277,5.452,1.4396,6.038,2.6028,4.3764,2.7907,14.1987,34.706,4.5512,62.5479,4.8784,1.0161,2.6213,4.8102,298.58439999999996,13.4326,10.7088,3.7726,3.5457,3.8755,25.7143,58.526,2.2953,0.6576,1.0014,0.8942,0.1625,7.2078,8.8528,4.9293,13.2088,8.0623,4.5061,31.107,6.9391,3.3464,9.665,157.9988,5.1985,10.3101,20.8156,846.6596,155.8842,62.9371,306.3437,82.32,467.1362,250.5837,64.5802,3.0386,3.9824,0.2554,4.2482,20.4942,582.1012,20.8514,333.3333,3.9715,1.3602,10.3079,0.25379999999999997,4.0184,7.5132,3.4056,13.0763,77.50110518901627,16.95612692279789,1.2821880611676297,7.713905655868621,0.5240361223035093,52.53096150754828,4.1916037473625325,1.656360931708577,0.2197,0.0392,23.0054,4.25,0.185,1.7193,0.0868,1.6025,24.7583,536.8282,2.1262,6.88,0.2227,2.4837,0.0686,1.2816,10.4728,0.0116,2.3017,0.0061,0.0141,233.2441
-1.0,3017.11,2197.2333,0.974,104.8733,1.5518,0.013,-0.0008,198.9617,6.6757,398.8777,0.975,188.969,12.4661,1.4056,-5312.25,1521.5,0.982,1.9018,5.2165,67.8889,2.5778,0.1866,85.1712,8.5405,64.1314,66.2364,86.8378,76.57,3.732,362.0136,142.0264,745.4757,0.9421,135.1909,639.2309,55.8115,4.561,4.767,2897.0,0.9266,15.64135,363.1709,10.1024,120.4264,7.43,21.6,27.6834,717.7923,148.2036,631.8009,75.4472,0.0587,-0.0314,-0.0454,0.0175,-0.1011,-0.0305,0.0555,8.1168,0.1299,0.9681,1822.7499,0.1866,8724.4299,0.0575,-0.0177,-0.0547,-0.1225,0.4659,0.9503,753.4158,0.9867000000000001,57.1909,0.6046,0.9686,6.2624,15.79,4.184,15.84,15.85,1.064,0.7275,3.245,0.2365,0.6755,2.3099,1000.7826,91.0,76.6,50.8,52.2002,278.8929,0.1974,0.1174,0.0472,0.0697,0.0239,6.0564,3.853,7.829,0.0057,0.31,0.0424,324.0,169.0,0.139,0.081,0.18,2.7,0.177,0.7716,0.078,0.569,0.2765,0.7661,0.742,0.153,13.72,12.32,18.796,0.942,18.35,8.39,19.631,143.999,0.1087,0.0529,0.0445,0.1046,0.0986,0.0918,0.0855,0.125,2.8699,0.0359,0.0037,50.4583,0.0278,954.6001,0.0179,0.0163,0.0271,0.0211,104.8432,3.8663,0.0287,0.4574,0.0645,5.3239,24.8764,24.0154,19.2768,0.0646,1.6472,0.0427,1.2273,0.0744,0.0124,140.4991,272.9151,1333.6227,77.7282,0.0581,0.0366,0.0793,0.8418,0.0222,0.0517,0.3216,0.0319,0.1561,5.9202,0.2864,4.9397,0.0496,4.57715,4.2594,5.9238,0.3025,2.6131,3.4196,6.3697,48.5129,0.0257,0.0233,0.0182,0.0504,0.029,0.0403,0.0462,0.0651,0.9945,0.0118,0.0014,16.3251,0.0091,266.6201,0.0053,0.0063,28.4261,1.025,0.0106,0.1635,0.0227,4.4604,1.6678,4.1019,2.5389,2.1486,2.3757,19.4331,20.2645,7.5655,57.7166,1.9628,0.5832,2.4867,3.0165,56.6427,11.1075,14.1548,4.2592,3.4506,3.9771,23.2759,40.7385,3.7643,0.9059,0.9131,0.8872,0.1561,4.7042,7.6324,2.4992,16.2393,10.1486,1.9273,33.6777,2.2418,9.3245,5.6964,246.9719,2.7349,42.2854,172.49815,185.0607,618.59025,230.2697,564.0329,90.8012,280.3279,225.2252,35.3572,1.5391,1.5014,0.3866,2.7682,14.8745,849.5114,26.7658,0.0,5.8236,2.219,13.9157,0.195,6.7604,7.3043,2.7919,14.8581,77.962,15.26,1.3,6.9021,0.4602,55.9962,3.7609,1.6675,0.588,0.0989,61.233,7.7,0.1563,2.8155,0.0613,3.043,19.9079,534.7936,2.2749,6.21,0.2724,2.0911,0.0733,1.1612,11.9761,0.0101,2.0066,0.0061,0.0141,233.2441
-1.0,2940.72,2218.0555,0.8579,105.8133,1.4603,0.0214,-0.0018,199.1576,7.6517,414.1448,0.978,189.1973,12.448,1.3769,-5357.5,1577.5,0.9632,1.896,5.086,68.9444,2.5111,0.1849,86.3857,8.8513,63.7749,66.2673,87.0205,76.23,3.417,351.5509,136.08,725.9413,1.379,136.5,624.1309,158.5779,4.588,4.827,2830.0,0.9334,0.3036,349.6882,10.5199,116.3836,15.7254,19.6964,26.336,699.6053,142.3336,608.4055,112.2183,-0.0246,0.0296,0.0084,-0.0081,-0.0048,-0.0304,0.0106,7.1499,0.1249,0.9665,1807.1352,0.1903,9386.5301,-0.0448,0.1469,0.0252,-0.015,0.46357102879045375,0.9311,805.4147,0.9907,59.459,0.605,0.9626,6.4252,15.73,4.409,15.8,15.76,1.347,0.6808,3.021,-0.2838,0.6834,2.3177,1000.5914,78.0,122.1,160.0,70.5,340.8611,0.3963,0.2157,0.0765,0.0434,0.0086,6.9329,4.741,10.61,0.0052,0.33,0.0412,431.0,103.0,0.074,0.067,0.137,2.4,0.118,0.9174,0.1717,0.5225,0.4191,0.7129,0.597,0.1154,6.84,20.35,70.749,0.376,22.14,7.4,34.655,92.891,0.0612,0.0524,0.0246,0.0339,0.0339,0.1373,0.087,0.0527,3.845,0.0519,0.0074,156.3489,0.0339,1229.5,0.0201,0.0113,0.04364774611379915,0.0257,87.4546,3.7315,0.0356,0.5696,0.0634,2.8453,20.9737,46.8922,51.7874,0.1205,1.6024,0.08085,1.4478,0.0877,0.0174,191.9974,270.2029,3926.4537,45.3615,0.0307,0.0296,0.0643,0.735,0.0456,0.0351,0.3387,0.0665,0.1535,7.2296,0.2179,8.2932,0.0316,2.0118,6.2077,22.021,0.125,2.4632,2.9911,10.4816,30.0908,0.0189,0.0272,0.0116,0.0154,0.0105,0.0658,0.0456,0.0234,1.4795,0.017,0.0022,48.083,0.0108,338.906,0.01039831545872316,0.0079,26.1324,1.2564,0.0105,0.182,0.0219,3.3997,1.1348,3.5829,4.152,6.612,3.1785,22.4629,46.1964,14.7707,61.9599,2.5619,0.5311,2.651,2.9951,154.1577,6.5293,7.6823,3.5338,2.6937,3.4811,23.8938,62.7404,2.5439,1.062,1.9395,0.8193,0.2693,6.0247,5.2616,3.8876,8.3701,5.011,3.2605,44.6147,7.2076,3.5742,8.4806,140.7911,4.9535,18.2926,82.7771,249.0969,618.59025,404.7761,418.5185,0.0,286.1842,494.8357,53.7764,1.9209,2.1109,0.769,8.6518,17.8313,0.0,46.9294,217.7215,11.294653124636508,2.7594,10.8583,0.1087,6.2757,8.8658,2.7367,7.5042,73.24,18.08,0.85,8.6704,0.3034,40.9681,4.6204,1.1606,0.2569,0.056,27.5462,4.98,0.0877,2.0902,0.0382,1.8844,15.4662,532.7645,2.4112,9.83,0.3354,3.4139,0.0991,1.8451,13.9088,0.026000000000000006,5.21645,0.0061,0.0141,233.2441
-1.0,2940.17,2186.9889,1.2981,103.3322,1.4768,0.0193,0.0009,199.2589,7.8057,412.9148,0.9603,188.7773,12.6278,1.4039,-3777.25,1541.25,1.0122,1.85,4.9915,65.5778,2.4444,0.1969,86.106,8.7879,63.9266,65.9625,86.7106,76.05,2.287,349.01,138.1282,727.6713,1.3327,141.7109,628.8491,172.0762,4.537,4.778,2859.0,0.9309,15.64135,348.2755,10.2988,120.8918,14.3073,17.2364,23.9934,703.6779,145.3745,614.5418,114.6274,-0.0057,-0.0082,-0.0668,0.0009,-0.1073,-0.018,-0.0173,7.9654,0.1302,0.9487999999999999,1648.0234999999998,0.198,8526.3801,-0.0622,-0.0809,-0.0454,0.0217,0.4612,0.9514,608.6508,0.9904,59.8306,0.6026,0.9656,6.4431,15.81,4.329,15.81,15.84,1.191,0.6977,3.178,-0.2838,0.6469,2.3025,1003.9712,108.0,104.0,107.7,52.8999,215.431,0.1318,0.0678,0.0405,0.0591,0.0215,6.1685,4.229,16.027,0.0194,0.55,0.041,344.0,215.0,0.147,0.119,0.209,3.2,0.214,0.7367,0.1184,0.4407,0.2412,0.9064,0.588,0.1849,7.68,22.56,99.818,0.288,20.8,6.8,40.534,85.491,0.1515,0.0364,0.12045,0.0454,0.1213,0.1041,0.1042,0.0391,3.0551,0.0764,0.013699999999999999,243.4284,0.049,1935.0,0.0155,0.0217,0.0245,0.0266,190.7184,2.1651,0.0265,0.4606,0.0671,4.3118,30.0347,42.363,41.0165,0.0493,2.1389,0.0235,1.6246,0.1672,0.0128,161.6011,289.2454,537.5664,88.1188,0.0605,0.0487,0.0871,0.9782,0.0247,0.0704,0.2818,0.0464,0.1352,6.2893,0.2181,10.3183,0.0498,2.271,6.4247,31.6349,0.0994,2.0553,2.3765,12.0337,31.8369,0.0426,0.0163,0.055099999999999996,0.02,0.0323,0.0532,0.0486,0.0176,0.9809,0.0252,0.0046,76.5225,0.0131,697.2272,0.0061,0.0098,68.5593,0.6661,0.008,0.1539,0.0217,5.2633,1.5465,4.8495,3.5372,4.2835,2.4188,22.6956,10.1551,4.591,54.1782,3.8814,2.0182,4.3555,2.917,30.366,13.9497,14.5221,6.4324,4.1871,4.8797,28.6364,43.6795,4.6683,0.8556,1.3475,0.6894,0.3322,6.1918,7.7971,4.7783,13.8753,5.4195,3.5875,58.008,6.1236,2.7964,12.1679,145.3804,5.7603,18.1478,74.5817,0.0,135.6943,67.9132,0.0,97.0177,578.8889,226.3386,38.3548,1.767,3.1817,1.3944999999999999,13.108349999999998,24.7644,933.3333,35.5828,588.5057,5.3202,2.7957,31.8816,0.1224,3.6187,7.1495,2.9133,10.703,74.34,18.78,1.26,8.3629,0.4652,70.6822,4.5748,1.6949,0.1745,0.0375,18.1087,6.783936171886624,0.25966836429702256,2.4962667567420915,0.11697448544799424,2.488370016545321,21.28323773883194,530.3155,2.2485,10.36,0.4019,3.5141,0.143,1.9536,17.8738,0.0179,3.627,0.0145,0.0213,146.5131
-1.0,2933.88,2178.6889,1.6603,100.8022,1.541,-0.0064,-0.0083,197.5102,8.1393,409.8712,0.9783,186.9947,12.4655,1.4177,-4056.5,-458.0,1.3137,2.0015,7.2893,68.6111,2.7,0.199,85.5573,8.6915,64.1145,66.1976,86.8147,79.48,2.213,350.1755,122.32,709.3307,1.4354,144.4082,616.9036,212.1684,4.594,4.848,2820.0,0.9353,6.1527,347.98,10.6893,108.4727,13.4136,13.8473,17.735,691.5957,147.0373,603.49,119.2976,-0.018,-0.025,-0.0109,-0.0091,-0.0963,-0.0216,0.0183,7.5955,0.1373,0.9917,1795.6262,0.2083,9154.17,-0.23135,0.0558,0.1214,0.008,0.4626,0.9476,794.1723,0.9867000000000001,57.434,0.6034,0.9683,6.2293,15.87,3.165,15.87,15.85,1.035,0.5609,3.275,-0.2365,0.8117,2.3672,1006.3086,115.0,96.6,92.1,60.8,235.323,0.5762,0.1122,0.0873,0.0555,0.0095,6.5124,5.138,15.456,0.0051,0.27,0.0389,674.0,1510.0,0.054,0.046,0.245,2.0,0.51,0.8247,0.106,0.6741,0.3306,0.7185,0.353,0.136,3.45,20.89,43.415,0.128,20.79,3.32,32.407,23.846,0.0639,0.0444,0.0419,0.0862,0.0538,0.113,0.1185,0.0669,3.5995,0.1074,0.0009,111.1252,0.0822,1348.7002,0.0157,0.027,0.0284,0.0205,146.2567,2.9297,0.0406,0.4353,0.0806,5.0751,30.3155,29.0304,28.6884,0.2044,1.9767,0.0355,1.7482,0.0655,0.0129,309.1713,193.55,1031.4748,640.8063,0.0231,0.0189,0.1299,0.7008,0.0423,0.1532,0.3077,0.0489,0.1406,5.7298,0.1005,8.7938,0.0425,1.2767,6.3564,12.8744,0.0456,0.999,1.8124,9.4316,7.4159,0.0183,0.0189,0.0189,0.043,0.0155,0.059,0.0633,0.0348,1.2194,0.0333,0.0003,43.6653,0.0252,460.3503,0.007,0.0066,48.4164,0.979,0.011,0.1475,0.0277,5.452,1.4396,5.0643,3.2926,3.701,2.7907,14.1987,34.706,7.2812,63.126,3.7709,0.5238,2.166,2.7453,51.1278,329.6943,4.1104,2.2983,3.3611,2.915,44.4444,76.3819,15.138,0.9639,1.2202,1.0514,0.1421,5.5372,5.3466,4.2041,9.4722,2.3891,3.3863,20.4625,5.8276,1.1975,7.1447,154.9918,4.6858,7.1441,19.9887,355.6174,99.4401,764.9995,591.6151,117.2807,548.6111,365.075,47.3899,2.8398,4.4723,0.088,6.1887,39.4673,890.7216,54.8792,506.6667,6.1341,2.1674,18.4162,0.25379999999999997,5.1011,6.9878,3.4056,13.0763,72.462,17.42,1.58,8.0693,0.5904,32.8434,4.2515,2.1805,0.1031,0.0253,10.8294,5.06,0.0974,2.234,0.0391,2.0185,11.841,533.5927,2.2888,9.48,0.6164999999999999,3.2468,0.18730000000000002,1.7766,27.4837,0.0115,2.2998,0.0145,0.0213,146.5131
-1.0,2989.85,2197.2333,0.974,104.8733,1.533,-0.0059,0.0228,197.3174,6.7365,399.1127,0.9686,186.9571,12.5018,1.386,-4252.25,1553.0,0.993,1.888,5.1325,67.3667,2.5667,0.1911,85.1712,8.5405,64.1314,66.2364,86.8378,76.57,3.732,366.94,131.6718,740.813,1.2927,144.5364,643.1482,222.5361,4.683,4.962,2843.0,0.9238,15.64135,364.9291,10.5812,111.9345,16.28,19.7373,27.0685,713.7445,150.0045,626.8682,68.4725,-0.0002,-0.0219,-0.0649,0.057850000000000006,-0.0924,-0.0169,-0.0185,7.4222,0.1274,0.9844,1854.6093,0.186,9088.3399,0.0095,-0.0186,0.0158,0.0414,0.4651,0.9493,764.7068,0.9909,58.2607,0.6089,0.9701,6.237,15.79,4.184,15.84,15.85,1.064,0.7275,3.245,0.2365,0.6755,2.3099,1000.7826,109.0,95.3,40.1,52.2002,278.8929,0.1974,0.0849,0.0625,0.0612,0.0181,1.697,4.357,17.2,0.0108,0.35,0.0395,298.0,193.0,0.102,0.078,0.074,2.6,0.155,0.7716,0.078,0.569,0.2765,0.7661,0.398,0.1482,5.91,19.88,42.423,0.273,19.04,6.39,30.764,119.887,0.16345,0.0496,0.0245,0.0204,0.16685000000000003,0.0657,0.0973,0.0531,3.3895,0.0355,0.0037,76.3662,0.0229,1154.2998,0.0119,0.0141,0.0395,0.0242,115.5266,2.8092,0.0325,0.4867,0.0645,5.3239,26.5844,30.1696,13.2561,0.0646,1.6472,0.0309,1.3599,0.0949,0.016,135.3551,226.8794,1060.0646,78.8966,0.0438,0.0331,0.0332,0.7874,0.0266,0.0449,0.3216,0.0319,0.1561,6.5968,0.143,9.9524,0.042,2.024,6.5273,16.4621,0.0793,1.7837,1.739,9.5799,32.6755,0.045450000000000004,0.0234,0.0114,0.0092,0.045,0.0351,0.051,0.0247,1.0792,0.0123,0.0012,26.4465,0.0079,327.664,0.0082,0.0072,33.874,0.7414,0.0108,0.167,0.0227,4.4604,1.6678,4.9388,3.1875,1.6028,2.3757,19.4331,20.2645,5.5381,64.6779,4.3096,1.1136,2.7996,2.8507,57.9693,12.4276,10.2719,4.1314,1.4418,3.8595,31.1688,46.0465,3.3457,0.9059,0.9131,0.8872,0.1561,5.1998,6.3871,4.3468,11.4662,4.0889,3.091,19.0634,5.3865,2.58,6.9416,116.953,4.3102,29.3085,172.49815,0.0,618.59025,31.4451,289.046,71.1424,574.0413,287.8049,45.6668,1.962,1.4784,0.3776,4.1176,12.2964,590.5759,41.9162,0.0,8.4958,2.5514,15.1073,0.0637,4.8218,7.8031,2.7919,14.8581,76.916,13.71,0.78,7.1919,0.3351,94.8959,3.3751,1.0141,0.5058,0.0834,50.2702,6.11,0.1208,2.6786,0.0462,2.2569,20.824,530.6855,2.2688,11.18,0.1966,3.9678,0.0713,2.1067,8.6672,0.0184,3.6932,0.0145,0.0213,146.5131
-1.0,3083.49,2213.7556,0.7217,104.1667,1.5082,-0.0057,-0.0069,197.4467,10.225,425.1607,0.9722,187.2858,12.47,1.3848,-4115.75,-835.5,1.2975,1.9627,7.175,67.2444,2.7667,0.2254,85.5361,8.536,63.9167,66.2273,86.7687,63.93999999999998,5.041,348.2655,135.8764,721.3643,1.0111,136.4373,620.5791,57.2527,4.575,4.84,2822.0,0.9378,-3.09,348.0973,10.5195,112.7864,14.76,23.09,28.9236,692.4406,144.9355,605.8191,89.379,0.0138,-0.0265,-0.063,0.0034,-0.0949,-0.0217,0.0548,7.0259,0.1254,0.9671,1831.864,0.1649,9638.6801,-0.0684,0.0512,0.0229,-0.0167,0.4627,0.9321,821.7003,0.9867000000000001,58.4309,0.5994,0.9779,6.3356,15.81,4.329,15.81,15.84,1.191,0.6977,3.178,-0.2838,0.6469,2.3025,1003.9712,105.0,270.5,214.4,53.9001,415.735,0.0594,0.1694,0.0977,0.0642,0.0182,6.0064,6.536,8.855,0.0119,0.5,0.0629,821.0,3674.0,0.056,0.084,0.277,2.0,0.328,0.9858,0.1277,0.4761,0.4484,0.6217,0.86,0.1338,12.85,12.16,22.93,0.209,15.22,6.51,28.099,56.519,0.0745,0.0618,0.045,0.0715,0.0613,0.0702,0.0929,0.12,3.2163,0.042,0.0068,86.8746,0.0271,1070.7002,0.0126,0.0174,0.0129,0.0257,87.5193,2.4636,0.0396,0.6204,0.0671,4.3118,29.8946,82.5189,65.0872,0.0218,3.1379,0.0571,2.0716,0.1652,0.0197,365.0766,112.8461,788.8909,1766.1081,0.0302,0.0371,0.1384,0.7161,0.0562,0.1264,0.3641,0.0512,0.0969,6.9241,0.3128,9.8113,0.0378,4.5094,4.0414,7.3451,0.0625,1.8189,2.4454,8.8911,17.6535,0.0228,0.0287,0.0209,0.0407,0.0181,0.0393,0.0488,0.0665,1.1846,0.0131,0.003,33.2321,0.0073,294.7009,0.0032,0.0076,23.9056,0.7503,0.011,0.1948,0.0217,5.2633,1.5465,4.7101,8.7725,8.4528,2.4348,37.3339,8.226,11.2316,63.9218,2.0827,1.2252,4.0096,4.5437,41.1833,439.7367,4.316,4.2797,3.8606,2.9742,65.0602,65.2045,10.0058,1.1525,1.4958,0.7449,0.2077,6.0557,7.7938,4.727,13.2326,9.4183,1.9595,40.0505,7.0363,1.9868,6.3838,103.1165,4.058,19.6591,63.2352,541.0803,78.1784,113.4921,0.0,74.0116,427.1264,219.1781,45.7777,2.7102,1.7425,0.7039,4.7424,16.4201,0.0,46.5649,727.2727,2.7931,2.7549,10.651,0.25379999999999997,4.2162,9.7921,2.9133,10.703,77.04723030835072,16.693045015802266,1.2336168709968047,7.310196001647756,0.5108572478616318,65.5686576571635,4.1280422922396,1.620310104889347,0.228,0.0478,23.3263,7.45,0.0947,2.8021,0.0378,2.7965,11.2698,539.1145,1.797,7.96,0.2694,2.5273,0.0752,1.4765,14.992,0.0193,3.8378,0.0145,0.0213,146.5131
-1.0,2965.48,2178.6889,1.6603,100.8022,1.5611,0.0128,-0.0103,198.3277,7.1758,398.9085,0.9716,187.8195,12.6006,1.3823,-3617.75,-5648.3333,1.2898,2.0025,7.2882,68.3889,2.3333,0.1964,85.5265,8.659,64.061,66.2245,86.8196,77.74,2.864,356.4682,138.7927,737.856,0.9244,138.6327,633.8936,131.8572,4.623,4.899,2849.0,0.9251,1.9855,358.0109,10.2776,120.7782,9.6596,18.0145,23.2014,714.6546,147.4764,626.2655,66.4603,-0.0017,-0.0013,-0.1003,-0.0086,-0.1023,-0.0195,-0.0233,6.7265,0.1397,0.9888,1777.7633,0.2029,9044.98,-0.169,-0.014,0.0876,0.0633,0.4671,0.9464,778.5873,0.9867000000000001,56.8546,0.608,0.9694,6.357,15.87,3.165,15.87,15.85,1.035,0.5609,3.275,-0.2365,0.8117,2.3672,1006.3086,144.0,96.9,71.1,60.8,235.323,0.5762,0.1722,0.0889,0.0486,0.0203,6.525,2.287,14.514,0.0101,0.62,0.0849,250.0,9813.0,0.102,0.07,0.055,1.3,0.218,0.8444,0.1704,0.5565,0.2244,0.6831,0.684,0.0846,13.58,23.17,28.251,1.262,18.42,5.53,37.891,101.891,0.0618,0.0452,0.0338,0.0621,0.0565,0.1121,0.0844,0.0338,4.1546,0.0773,0.0024,181.1365,0.0542,1442.9995,0.0175,0.0152,0.0237,0.0144,108.7545,3.3645,0.0355,0.6112,0.0806,5.0751,34.7928,32.0334,22.4369,0.2044,1.9767,0.0567,0.7472,0.1013,0.0263,111.9565,172.6683,287.6507,5422.7062,0.0438,0.0292,0.0236,0.4595,0.0698,0.0624,0.3284,0.0639,0.1448,6.5415,0.2329,11.6339,0.0249,3.9719,7.0238,8.4788,0.3414,1.8445,1.9657,11.2007,29.7209,0.0169,0.0213,0.016,0.0262,0.0141,0.0549,0.047,0.0184,1.5718,0.0246,0.0007,60.1274,0.0148,417.3687,0.0056,0.0046,31.3775,1.0694,0.0112,0.1936,0.0277,5.452,1.4396,6.5413,3.2676,2.8809,2.7907,14.1987,34.706,11.0307,31.8709,3.6384,1.0352,4.9204,6.1432,19.045,173.7327,7.9085,3.4956,0.7546,1.9009,60.0,125.2262,6.5522,0.9873,1.9676,0.8687,0.2514,6.0258,10.3608,5.3116,9.1526,9.7957,3.6552,21.4255,5.6029,12.2791,10.6145,190.6912,5.302,47.129650000000005,153.3111,0.0,159.015,61.8988,656.0232,109.5529,431.7136,145.2202,61.7655,1.9326,3.2532,0.2455,10.189,26.7174,336.3762,39.3443,0.0,5.0789,1.5187,13.9682,0.25379999999999997,5.9177,9.6138,3.4056,13.0763,81.948,16.17,2.17,7.8756,0.8342,40.2132,3.9552,2.709,0.3804,0.0692,39.043,6.504835755850331,0.16267510160917417,2.4719948414474633,0.06874227314558881,2.456100880979989,23.059924637192236,536.0091,2.0315,8.77,0.2098,3.1343,0.0696,1.6362,10.3254,0.0109,2.1758,0.0433,0.0187,43.1616
-1.0,2951.41,2207.8111,1.6219,108.7689,1.544,-0.0163,-0.0238,198.4192,6.3185,395.4402,0.9789,187.9369,12.4722,1.3833,-3905.5,-746.0,1.2702,2.022,7.3467,68.1778,2.5889,0.2099,85.5573,8.6915,64.1145,66.1976,86.8147,79.48,2.213,350.1073,123.4509,711.0501,1.3934,147.9055,621.4636,206.1056,4.594,4.848,2820.0,0.9353,8.3018,349.5791,10.4901,111.7527,12.7463,11.6982,18.2879,692.7622,147.3855,608.7173,58.0364,-0.0249,-0.0183,-0.0055,-0.0022,-0.1076,-0.019,0.0064,6.6912,0.1349,0.985,1812.6245,0.2003,7997.7001,0.0345,-0.04,0.0223,0.1501,0.4633,0.939,699.0406,0.9904,59.2062,0.5985,0.9673,6.3891,15.87,3.165,15.87,15.85,1.035,0.5609,3.275,-0.2365,0.8117,2.3672,1006.3086,124.0,93.2,55.1,69.3,164.754,0.5461,0.1482,0.1086,0.0595,0.0098,6.6444,3.552,10.393,0.0049,0.37,0.04,446.0,3944.0,0.126,0.079,0.216,2.3,0.292,0.8247,0.106,0.6741,0.3306,0.7185,0.314,0.1276,6.3,16.47,23.648,0.305,18.7,3.5,30.936,72.078,0.0522,0.0487,0.0484,0.0795,0.034,0.0995,0.0872,0.0786,5.7118,0.0739,0.003,153.6913,0.0444,662.5,0.0239,0.0091,0.0287,0.0204,72.9207,3.1248,0.0467,0.4738,0.0806,5.0751,30.9143,25.8831,15.7909,0.1705,0.5615,0.0506,1.0706,0.0937,0.0138,216.7825,192.203,804.6956,1727.2871,0.0547,0.0354,0.0908,0.661,0.0223,0.1267,0.3077,0.0489,0.1406,5.0896,0.0973,8.7948,0.0332,1.7033,4.5076,8.5222,0.095,1.2565,2.2767,9.4583,24.9802,0.0151,0.0239,0.0218,0.035,0.0108,0.0477,0.0446,0.0401,2.0568,0.0237,0.001,46.744,0.0123,249.9645,0.0076,0.0057,28.9537,0.9727,0.0132,0.1523,0.0277,5.452,1.4396,5.6618,3.1578,2.1379,3.1389,13.7015,33.6696,9.5985,56.2163,2.6282,0.5052,2.9666,2.8938,45.9352,528.6863,9.9193,3.907,2.9401,3.3735,27.0386,31.4452,8.6487,0.9639,1.2202,1.0514,0.1421,4.5415,5.9295,4.1319,9.1575,4.2595,2.6502,11.4737,5.8276,2.9075,5.4137,146.709,4.4656,47.129650000000005,124.1946,209.9548,66.5755,0.0,0.0,92.4292,458.3443,0.0,85.3625,3.7071,3.1191,0.3011,8.4789,22.1865,0.0,37.8517,930.2326,6.1961,2.1759,10.4315,0.0678,5.2778,7.4159,3.4056,13.0763,81.068,14.0,2.17,6.5454,0.88615,35.2902,3.4256,2.8371,0.7272,0.143,71.0573,5.86,0.1698,2.2012,0.0666,2.3541,20.8165,534.5991,2.3354,10.82,0.2019,3.8083,0.0621,2.0239,8.647,0.0206,4.0586,0.0095,0.0173,182.5607
-1.0,3015.48,2218.0555,0.8579,105.8133,1.5316,-0.0105,-0.0218,196.7227,7.3369,410.0177,0.9684,187.5114,12.4616,1.4161,-4225.25,1629.0,0.981,1.8815,5.0842,59.4,3.1111,0.2329,86.0209,9.2328,63.7799,65.7516,86.5146,75.31,2.353,346.9345,127.4718,710.9674,1.0293,137.5164,611.9227,48.4379,4.584,4.814,2823.0,0.936,2.9964,347.1682,10.4924,110.4682,8.4209,17.0036,22.4415,688.5258,145.8655,603.5018,122.3722,-0.028,-0.0203,-0.0388,-0.018,-0.0362,0.0085,-0.0273,7.2448,0.1311,0.9798,1840.2756,0.1897,9055.2501,-0.0109,0.0614,0.0336,0.0834,0.4792842999703999,0.9396,796.9965,0.9908,59.4345,0.6051,0.9651,6.3431,15.77,4.348,15.76,15.75,1.239,0.6881,3.091,-0.0473,0.6586,2.3073,998.4948,91.0,88.5,37.8,70.5,340.8611,0.3963,0.0988,0.1172,0.096,0.0178,1.5403,5.188,9.596,0.0141,0.51,0.0236,413.0,59.0,0.127,0.08,0.22,2.5,0.201,0.6917,0.1311,0.6505,0.3852,0.69,0.461,0.2177,8.14,20.18,29.032,0.251,15.9,5.47,25.969,119.814,0.0492,0.0399,0.0501,0.0454,0.0539,0.0812,0.0622,0.0538,4.1956,0.0537,0.0086,133.535,0.0324,1630.2002,0.0224,0.0153,0.06309700137656543,0.0196,172.0662,3.7652,0.0359,0.4061,0.0679,4.3986,24.6891,27.4956,13.172,0.1205,1.6024,0.0383,1.372,0.1588,0.0073,189.2219,288.552,345.7816,27.1416,0.0562,0.0348,0.1034,0.817,0.0334,0.0642,0.2892,0.0524,0.0431,6.3363,0.157,8.6089,0.0713,2.7055,6.2449,8.7818,0.0741,1.7222,1.8723,8.3725,39.1361,0.0164,0.0215,0.0217,0.0193,0.0143,0.0373,0.0258,0.0265,1.4997,0.017,0.0026,43.2855,0.0098,495.8442,0.010066204875516259,0.0059,50.6431,1.2533,0.0108,0.1392,0.0217,4.3521,1.6404,3.9389,2.9349,1.4924,3.1785,22.4629,46.1964,6.4507,70.711,2.3404,1.4611,4.0926,1.6687,18.0818,3.6219,12.946,4.2519,4.3271,4.2088,19.2857,37.7863,4.3152,0.8041,1.4195,1.0199,0.3058,4.9952,7.9076,3.7529,21.1469,5.9193,3.2978,59.9365,6.7525,2.3922,5.0422,188.8166,3.7717,14.8026,97.9095,175.7535,618.59025,117.0103,299.4444,224.4644,731.7647,197.0696,57.9119,1.9829,2.2241,0.8787,7.2563,17.085,0.0,51.4412,727.2727,11.707446043181934,2.0858,21.5893,0.0755,6.3351,6.402,2.9445,11.6625,74.656,16.2,0.84,7.5576,0.333,17.261,3.8416,1.1252,0.2569,0.056,27.5462,4.98,0.0877,2.0902,0.0382,1.8844,15.4662,531.4409,2.3579,7.69,0.2934,2.595,0.0885,1.447,12.4442,0.0099,1.9721,0.0005,0.0115,0.0
-1.0,2981.47,2180.0556,0.7565,104.7056,1.5238,0.0007,-0.0247,202.2718,7.4314,411.2325,0.9565,193.3176,12.4896,1.4021,-4947.0,-7175.24995,1.3115,1.974,7.3575,66.3,2.0333,0.212,85.5983,8.5232,64.0577,66.2289,86.6814,78.95,2.607,361.1455,127.4191,727.6565,1.4432,145.94,634.5045,184.3881,4.642,4.9,2801.0,0.9217,4.5645,358.7609,10.523,111.9836,16.309,15.4355,23.2908,704.3656,147.4509,618.1955,70.8914,-0.0018,-0.0489,-0.0623,0.0208,-0.1156,-0.0258,-0.0247,7.2193,0.1363,0.9894,1693.5643,0.1857,8148.91,0.1328,0.0409,-0.0442,0.1029,0.4604,0.938,684.9116,0.9914,59.4592,0.5897,0.9776,6.413,15.87,3.165,15.87,15.85,1.035,0.5609,3.275,-0.2365,0.8117,2.3672,1006.3086,94.0,157.1,198.1,55.7002,202.279,0.0922,0.0958,0.0844,0.0523,0.0067,7.8023,4.114,20.52,0.0225,0.8700000000000001,0.0492,953.0,16024.0,0.083,0.133,0.215,2.5,0.379,0.8849,0.0676,0.5148,0.3177,0.7387,0.294,0.1275,4.13,19.15,53.394,0.428,24.67,3.97,32.63,106.507,0.16345,0.0515,0.0323,0.0186,0.0851,0.1286,0.0649,0.0783,3.6859,0.0509,0.0008,77.5325,0.05,1078.9995,0.018,0.0154,0.053,0.0169,103.8278,3.3803,0.0467,0.4624,0.0806,5.0751,25.5771,54.5289,71.0775,0.0341,2.1993,0.0307,1.409,0.1923,0.0141,425.2383,134.5619,915.7048,7863.8731,0.0362,0.0595,0.0997,0.7874,0.0653,0.1258,0.362,0.0262,0.0617,5.5445,0.099,9.8218,0.0438,1.1904,6.2067,15.799,0.1226,1.1538,2.0487,10.416,35.1989,0.045450000000000004,0.0227,0.0133,0.0079,0.0235,0.0594,0.0333,0.0368,1.2214,0.0188,0.0003,23.9607,0.0133,403.4368,0.0128,0.0055,36.3116,0.8884,0.0139,0.1512,0.0277,5.452,1.4396,4.1605,5.2692,8.1378,2.555,19.6184,12.1833,6.2871,55.36,4.9899,2.3473,6.94175,3.5084,42.268,174.335,6.3286,6.7376,2.9222,3.7707,78.6885,90.566,11.3052,1.0338,0.7934,0.8036,0.3248,4.375,6.0509,4.4017,8.8359,2.8299,3.0181,28.9574,5.3351,4.0673,9.0013,151.2657,4.6325,39.3925,150.2397,0.0,64.5363,29.8436,408.7661,111.2697,251.0638,316.3636,51.0557,3.5228,2.1145,0.0788,4.5781,26.9409,297.5845,64.1115,636.3636,11.5146,1.8022,15.1593,0.0495,5.685,7.2111,3.4056,13.0763,73.366,20.46,1.32,9.412,0.5042,64.3503,5.0808,1.7992,0.1492,0.034,15.0943,6.418479083541155,0.16550452994412232,2.532776566589753,0.06998196929156938,2.447390767901565,23.52442261554812,531.7354,2.3128,7.79,0.1621,2.5563,0.0614,1.465,7.0084,0.0164,3.2605,0.0005,0.0115,0.0
-1.0,2946.7,2178.6889,1.6603,100.8022,1.5262,0.0065,-0.0052,198.117,6.0355,401.4048,0.9736,187.6157,12.6006,1.4064,-5756.75,-6160.25,1.257,1.9812,7.1552,67.2778,1.9111,0.1793,84.2999,8.6439,64.4484,66.2423,86.7383,78.04,3.521,352.49,136.0373,730.801,1.443,143.5573,632.0846,198.1408,4.518,4.764,2873.0,0.9247,1.14,351.7018,10.559,117.1773,15.3046,18.86,26.5409,704.2601,147.9009,616.78,114.9975,-0.0251,-0.0275,-0.0865,0.0012,-0.0936,-0.0168,-0.0102,7.9345,0.134,0.9897,1660.6167,0.1898,7561.575050000003,-0.216,0.0521,0.1419,0.184,0.461,0.9504,608.9453,0.9867000000000001,56.852,0.6025,0.9643,6.3522,15.87,3.165,15.87,15.85,1.035,0.5609,3.275,-0.2365,0.8117,2.3672,1006.3086,116.0,63.2,76.0,60.8,235.323,0.5762,0.1045,0.0771,0.0595,0.0168,6.5108,3.6,15.229,0.0089,0.62,0.0579,721.0,12158.0,0.09,0.092,0.291,1.4,0.257,0.8544,0.1662,0.5235,0.3374,0.8007,0.43,0.1815,10.17,18.31,56.432,0.418,21.59,4.05,33.611,69.653,0.0509,0.0609,0.0418,0.0217,0.0372,0.0655,0.0943,0.0423,3.0108,0.0697,0.0017,109.6056,0.0356,2108.7998,0.0303,0.0203,0.0205,0.0236,202.1233,3.3075,0.0233,0.541,0.0806,5.0751,31.1763,22.0357,25.8673,0.2044,1.9767,0.0359,1.1939,0.1013,0.0168,317.8568,151.8706,3036.835,5559.1434,0.0393,0.0421,0.1234,0.4549,0.053,0.0966,0.316,0.0628,0.1222,5.426,0.1356,10.0347,0.05,3.3301,4.9366,15.3306,0.1234,1.3531,1.3975,10.2992,23.4503,0.0165,0.0262,0.0195,0.01,0.0109,0.0371,0.0482,0.0212,1.1554,0.0222,0.0007,42.2978,0.011,599.3375,0.0059,0.0081,56.5078,1.0769,0.0077,0.1797,0.0277,5.452,1.4396,5.1982,2.1448,2.9971,2.7907,14.1987,34.706,6.8472,59.6475,3.7939,0.9138,4.9204,4.1176,111.9555,197.3621,7.1599,4.6435,4.0669,2.0809,41.8605,101.487,7.6078,1.0135,1.9223,0.8123,0.2091,5.1661,8.4389,4.5776,12.5779,7.0843,2.8968,28.4808,5.0321,3.9587,10.5908,141.0687,4.7725,5.5333,60.5692,203.1357,142.623,25.0795,0.0,69.9786,561.3095,412.6829,37.9455,2.7617,2.9368,0.1732,6.6003,18.7321,354.9727,58.891,714.2857,4.4458,2.4786,33.17265000000001,0.25379999999999997,5.8177,8.516,3.4056,13.0763,73.202,14.89,0.93,6.2393,0.3869,67.738,3.6237,1.2705,0.1732,0.0405,17.5662,3.99,0.2062,1.6532,0.0785,1.5041,25.3671,532.3982,2.3705,8.5699,0.3475,2.9698,0.1097,1.6097,14.6612,0.0096,1.9355,0.0005,0.0115,0.0
-1.0,3015.67,2204.2889,0.983,102.9922,1.5973,0.0013,-0.0057,198.1389,8.4651,411.2179,0.9736,188.283,12.5227,1.3856,-2972.5,1337.5,0.9833,1.8817,5.0708,69.6222,2.4889,0.1886,85.8823,8.7851,63.8402,66.2593,86.585,77.05,3.029,355.9309,139.4691,735.9405,0.9003,135.6364,631.0364,122.1641,4.586,4.82,2857.0,0.925,8.8173,355.4936,10.0365,128.2864,5.3852,11.1827,14.5322,721.4084,145.3773,629.1573,80.0815,-0.0147,0.0,0.0162,0.0151,-0.0971,-0.0181,0.0142,7.5399,0.1403,0.9658,1774.8359,0.1949,9156.9701,0.0137,0.0986,-0.1168,0.1612,0.4594,0.9631,774.4805,0.9908,57.3758,0.6081,0.9763,6.3195,15.87,3.004,15.84,15.84,1.191,0.5071,3.263,0.7096,0.8387,2.3808,1007.3587,139.0,202.4,197.9,77.3999,410.462,0.2336,0.1131,0.061,0.0422,0.0152,6.7224,6.78,6.439,0.0088,0.28,0.0657,271.0,76.0,0.096,0.079,0.179,2.6,0.106,0.3769,0.139,0.5707,0.3297,0.5904,0.675,0.1365,6.54,25.95,15.996,0.982,15.4,4.99,39.799,104.02,0.0746,0.0563,0.0625,0.14704999999999996,0.0911,0.1364,0.1025,0.034,2.5136,0.0698,0.0036,84.3087,0.0399,820.6992,0.0276,0.0209,0.033,0.0253,94.2698,1.7009,0.0385,0.3793,0.0785,4.6908,34.1686,72.5604,65.1093,0.0811,1.3243,0.0341,1.8527,0.0695,0.0249,111.8552,299.5268,1609.6661,37.036,0.0406,0.0371,0.0752,0.7138,0.0252,0.0356,0.1563,0.0547,0.0488,6.1079,0.2229,11.5645,0.0391,1.9174,7.8733,5.1575,0.2834,1.4964,1.6364,11.4647,34.2611,0.0195,0.0272,0.027,0.06770000000000001,0.0238,0.0634,0.0429,0.0152,0.7637,0.0253,0.0011,26.1395,0.0111,222.4777,0.0091,0.0079,25.9583,0.5369,0.0115,0.1279,0.0258,5.5172,1.5147,6.1543,6.7116,7.793,3.5113,25.3988,23.7609,7.0806,80.0936,1.5658,0.9007,2.2359,4.7444,120.1009,5.6822,9.7635,4.1982,3.53,3.7344,28.125,34.4726,2.2832,0.4389,1.5818,0.894,0.6795,6.1107,8.7188,5.3605,15.1664,4.8217,4.1123,13.0939,5.6418,9.7843,11.9966,285.9717,5.5168,47.129650000000005,129.8927,507.9149,95.3026,0.0,602.8122,140.4376,567.0816,239.4366,33.3369,1.5679,3.063,0.3746,4.7502,20.4432,995.2381,62.439,279.2453,7.1789,2.6306,12.172,0.0855,2.9644,6.0028,3.2988,11.7126,81.634,17.02,1.19,7.7697,0.4692,92.046,4.1478,1.4577,0.1474,0.0399,15.3056,4.98,0.0877,2.0902,0.0382,1.8844,15.4662,534.4964,2.4582,9.14,0.4976,3.3294,0.1536,1.71,20.2424,0.0118,2.376,0.0005,0.0115,0.0
-1.0,3099.87,2200.7,0.9496,99.4889,1.6405,-0.041,-0.0067,196.8626,7.9251,420.2281,0.958,187.4019,12.5894,1.4135,-4225.0,1491.75,0.9785,1.8862,5.0838,66.1667,2.5333,0.1629,84.5743,9.396,63.9428,65.9503,87.241,64.4,4.18,354.9773,136.8955,734.2715,0.9466,140.3773,632.25,123.0704,4.582,4.861,2862.0,0.9245,2.4345,356.4855,10.4932,119.33,13.17,17.5655,22.364,711.9075,143.2645,619.08,107.3952,0.0085,0.0457,-0.0876,-0.0146,-0.0936,-0.0166,-0.0233,6.5913,0.1334,0.9688,1801.8521,0.191,9318.6301,-0.2185,0.1274,0.1169,-0.0959,0.466,0.9439,810.6502,0.9909,59.6146,0.605,0.9673,6.3529,15.87,3.165,15.87,15.85,1.035,0.5609,3.275,-0.2365,0.8117,2.3672,1006.3086,99.0,162.8,128.4,54.2998,265.262,0.2666,0.1275,0.084,0.0586,0.0151,1.4208,5.933,15.147,0.0142,0.33,0.0514,490.0,126.0,0.102,0.074,0.284,3.0,0.104,0.5562,0.0941,0.5718,0.3232,0.8845,0.827,0.1182,9.15,22.81,44.708,0.437,29.22,5.98,34.579,64.219,0.0633,0.048,0.12045,0.0694,0.0766,0.1131,0.0454,0.0583,2.9618,0.031,0.0056,149.4442,0.0325,760.0996,0.0213,0.0186,0.0183,0.0224,78.0891,3.0349,0.0306,0.4672,0.0806,5.0751,28.9641,57.8173,49.5202,0.08,0.957,0.0365,1.8971,0.0604,0.0161,215.84,236.3364,1220.8999,66.4699,0.0428,0.0365,0.1342,1.0886,0.0327,0.0316,0.2416,0.034,0.1472,5.6802,0.252,11.3756,0.0341,2.7354,6.5126,12.5109,0.1202,1.6174,1.8025,11.0109,20.3662,0.0169,0.0212,0.055099999999999996,0.0336,0.0213,0.059,0.0209,0.025,1.0059,0.0104,0.0018,48.3165,0.0102,244.6997,0.0055,0.0077,25.7838,0.8355,0.0102,0.1568,0.0277,5.452,1.4396,4.4167,5.2518,4.799,2.4674,16.9162,28.0784,7.7721,74.8635,3.6045,1.4777,2.6213,3.6334,69.4201,8.4465,10.4241,3.9231,5.5864,4.534,47.3684,64.4611,2.2366,0.6576,1.0014,0.8942,0.1625,4.2651,8.8827,5.2351,12.4903,6.5181,3.6078,36.3272,6.9391,4.1646,8.3634,221.8678,4.8572,22.4824,59.7969,741.4348,57.936,79.2011,525.5575,120.8333,273.494,249.9464,44.9352,1.6486,1.2776,0.5741,8.2939,17.0058,0.0,20.4122,181.0219,3.9378,2.3754,9.6329,0.1072,5.0909,7.3545,3.4056,13.0763,77.23376229259495,16.877890028875836,1.2813659464380829,7.792010469507328,0.514779179232894,56.02220392781816,4.167308330987092,1.6544169063718164,0.2197,0.0392,23.0054,11.07,0.1675,4.4814,0.0716,4.1982,21.2296,532.7645,1.678,8.58,0.197,2.9163,0.0569,1.6105,11.7398,0.0172,3.414,0.0005,0.0115,0.0
-1.0,3048.73,2205.2222,1.4633,106.8389,1.5164,-0.0013,-0.0059,196.7101,7.0485,408.3351,0.9687,186.5393,12.6278,1.4027,-3629.3333,-981.5,1.3202,1.9992,7.3102,65.3667,2.5778,0.2071,86.1197,9.043,63.8744,65.8445,86.5358,78.68,2.096,351.2982,164.82920000000001,774.8085,1.0377,138.1809,658.2445,195.757,4.639,4.887,2825.0,0.934,-13.713149999999999,357.33,10.1156,119.7773,28.095450000000003,33.141349999999996,42.99620000000001,711.9707,147.7036,624.8109,83.2196,-0.0019,0.0268,-0.0069,0.0235,-0.0193,-0.049,-0.0246,6.8826,0.132,0.9706,1710.6147,0.1942,8618.8501,-0.2029,0.0539,0.16,0.1591,0.45235172521911815,0.9289,673.1633,0.9907,59.3717,0.5866,0.9561,6.2964,15.77,4.348,15.76,15.75,1.239,0.6881,3.091,-0.0473,0.6586,2.3073,998.4948,91.0,81.4,41.3,72.7,279.214,0.6225,0.0462,0.0807,0.10045,0.0181,1.9668,4.376,16.753,0.0145,0.55,0.0657,472.0,1492.0,0.181,0.07,0.06,3.4,0.433,0.6523,0.1477,0.5788,0.3169,0.7077,0.415,0.1131,5.64,23.6,77.113,0.986,19.33,9.06,27.854,91.389,0.1321,0.0564,0.0919,0.0597,0.1419,0.16729999999999995,0.0682,0.0602,4.3128,0.0597,0.0079,107.2256,0.0219,788.0996,0.0369,0.03420000000000001,0.061804572103012934,0.0141,63.5421,3.6633,0.0265,0.3738,0.0679,4.3986,29.3966,31.3533,15.1335,0.1787,1.9187,0.0159,1.1351,0.1672,0.0213,197.3719,196.5288,413.5231,682.8965,0.0828,0.031,0.0276,0.9354,0.0578,0.1437,0.2721,0.0539,0.1463,4.9531,0.1187,10.8264,0.0404,1.4222,7.4668,22.5162,0.2523,2.5246,2.8773,9.6527,32.9044,0.0362,0.0255,0.0388,0.0268,0.0378,0.0864,0.0318,0.03,1.4046,0.0206,0.0023,35.2281,0.0071,231.9016,0.010901630384973496,0.0043,21.3227,1.243,0.0083,0.1413,0.0217,4.3521,1.6404,4.1681,2.67,1.6788,3.2967,19.5612,42.5434,3.0468,62.0837,4.1028,1.4959,4.3555,4.6852,22.6488,152.0122,13.7095,3.5013,0.8208,5.2014,31.0345,97.5322,12.5754,0.7574,1.6333,0.9062,0.2082,4.5631,5.2025,4.5118,10.9012,4.0816,3.5853,39.3922,6.3521,9.7473,8.0817,57.8161,3.9122,26.1411,109.8166,0.0,152.8455,764.9995,603.3484,965.0712,139.1127,244.467,62.6617,0.7578,2.4906,0.8118,6.2682,11.2924,0.0,118.77044999999998,606.8966,12.228133822451207,1.5154,9.4393,0.1053,6.1701,5.9364,2.9445,11.6625,77.77077298949914,16.909724363083516,1.2546746613378095,7.795651639371148,0.49063543789548225,60.622100221164196,4.175171166655652,1.5661524330598346,0.6116,0.1048,62.5691,4.98,0.0877,2.0902,0.0382,1.8844,15.4662,531.6036,2.0159,7.35,0.3948,2.5268,0.1029,1.3826,19.5847,0.0142,2.8283,0.0005,0.0115,0.0
-1.0,3022.8,2204.2889,0.983,102.9922,1.5116,0.013,0.0007,198.2658,8.3535,412.8731,0.9601,188.4647,12.5227,1.3893,-1829.5,1350.0,0.9857,1.8887,5.1102,68.9444,2.6333,0.1874,85.8823,8.7851,63.8402,66.2593,86.585,77.05,3.029,355.3118,137.5582,734.0813,0.916,138.5282,631.3982,118.6525,4.586,4.82,2857.0,0.925,6.6,354.6009,10.2754,124.1582,7.7057,13.4,17.1233,716.958,148.6073,627.3664,77.1773,-0.0074,-0.0063,-0.0801,0.0028,-0.0963,-0.018,-0.0093,6.9828,0.1404,0.9906,1837.1822,0.2149,8570.35,-0.0181,0.1349,0.0087,-0.0245,0.4613,0.9483,743.8595,0.9916,59.3612,0.6044,0.9732,6.2857,15.87,3.004,15.84,15.84,1.191,0.5071,3.263,0.7096,0.8387,2.3808,1007.3587,106.0,80.7,33.6,77.3999,410.462,0.2336,0.1225,0.0627,0.0584,0.018,6.4445,6.212,8.363,0.0155,0.28,0.0665,352.0,69.0,0.094,0.081,0.086,3.1,0.129,0.3769,0.139,0.5707,0.3297,0.5904,0.892,0.136,14.625,20.41,14.271,0.281,19.38,4.26,35.339,154.129,0.0508,0.0602,0.0351,0.0533,0.0506,0.0992,0.109,0.0568,2.9661,0.0335,0.0004,88.3533,0.0905,600.0,0.0138,0.0173,0.0216,0.0121,70.2123,3.9419,0.0328,0.4295,0.0785,4.6908,28.3526,30.1127,13.0071,0.0811,1.3243,0.0381,2.1811,0.0695,0.0219,154.8211,218.9633,5115.54,31.9061,0.0386,0.0336,0.039,0.9329,0.0362,0.0411,0.1563,0.0547,0.0488,6.9622,0.3196,11.0891,0.0423,4.57715,6.3571,4.8087,0.0844,1.2754,1.6824,10.7148,50.5701,0.0151,0.0266,0.0162,0.0288,0.0131,0.0519,0.0564,0.0307,1.0544,0.0114,0.0001,32.814,0.028,218.5774,0.0056,0.0033,25.2138,1.035,0.0099,0.1449,0.0258,5.5172,1.5147,4.7912,2.6697,1.3789,3.5113,25.3988,23.7609,8.104,74.3644,2.0256,1.6145,2.2359,4.7894,298.58439999999996,5.1111,9.5359,4.2886,1.6829,4.4964,26.5823,51.7487,2.7656,0.4389,1.5818,0.894,0.6795,6.4676,8.789,5.0501,14.8513,10.5827,3.2325,12.0276,5.6418,2.7347,9.0127,251.502,4.929,47.129650000000005,172.49815,689.983,102.1638,66.5418,0.0,103.0114,604.7157,612.9496,42.4773,1.5671,1.3869,0.0414,4.8092,42.1046,0.0,44.3213,281.3793,4.6859,1.2808,9.4389,0.0577,6.6406,6.8336,3.2988,11.7126,75.07,20.14,0.84,9.1887,0.3537,50.9618,4.86,1.119,0.3275,0.061,35.1945,5.78,0.1074,2.153,0.0384,2.1696,14.1736,532.9282,2.4995,7.84,0.181,2.8553,0.0679,1.4711,7.2419,0.0097,1.9368,0.0005,0.0115,0.0
-1.0,3018.81,2197.2333,0.974,104.8733,1.4458,0.0006,-0.0029,196.4542,6.2079,445.34084999999993,0.9686,185.3452,12.5018,1.3995,-3772.5,48.0,1.2945,1.9792,7.2238,68.8,2.4111,0.1584,83.8879,9.1757,64.3159,66.5922,86.9721,67.17,3.967,371.1609,120.0691,732.904,1.4066,150.3445,641.5745,211.5455,4.703,4.975,2834.0,0.9195,15.64135,368.2382,10.78,105.3427,13.4263,14.7264,21.2359,711.6681,154.5673,628.1482,87.8697,0.0187,-0.0069,-0.0475,-0.0047,-0.0998,-0.0232,0.0559,7.528,0.1275,0.9627,1841.8206,0.1695,8371.9201,0.0009,-0.0363,0.0152,-0.0299,0.4693,0.9347,710.8998,0.9905,60.0562,0.6052,0.9615,6.3621,15.87,3.004,15.84,15.84,1.191,0.5071,3.263,0.7096,0.8387,2.3808,1007.3587,86.0,173.5,188.3,52.2002,278.8929,0.1974,0.0558,0.0383,0.0445,0.0214,1.8003,7.419,26.932000000000002,0.0125,0.35,0.0536,731.0,860.0,0.153,0.117,0.263,1.7,0.311,0.5922,0.1025,0.4757,0.2374,0.8575,0.275,0.1302,4.95,22.89,56.242,0.531,19.63,4.23,35.074,79.447,0.1165,0.0485,0.0807,0.0678,0.0879,0.09,0.1028,0.1117,3.0191,0.0932,0.0121,104.9456,0.0458,1412.2998,0.0165,0.0176,0.0655,0.0452,128.5374,3.6249,0.0371,0.5066,0.0785,4.6908,23.5023,57.6378,57.6295,0.0646,1.6472,0.0194,1.8858,0.0949,0.0161,299.7448,117.0224,1321.5876,394.3712,0.0675,0.0495,0.1079,0.5766,0.032,0.0973,0.2589,0.0368,0.1076,5.3532,0.088,10.7662,0.0451,1.7326,6.633,17.2853,0.1339,1.09,1.2643,10.9716,25.6207,0.03,0.023,0.0352,0.0336,0.0286,0.0463,0.0533,0.0558,1.2936,0.0282,0.0046,41.5361,0.0135,465.3911,0.0098,0.0165,40.8147,1.2677,0.0103,0.1638,0.0258,5.5172,1.5147,3.9142,5.7473,8.2541,2.3757,19.4331,20.2645,3.8596,119.5088,6.508749999999999,1.2893,2.7996,3.8322,77.9059,0.0,11.8192,5.9113,3.6408,2.4709,53.9171,58.0645,9.1982,0.7059,1.1172,0.7396,0.2334,5.0571,8.72,4.8813,9.2594,3.2924,3.5678,26.5863,5.3928,4.9258,9.5783,146.2053,4.9284,29.962,90.4145,622.7865,160.8624,142.7368,0.0,90.1804,442.1505,199.9105,40.1049,1.9604,3.9742,1.262,5.6979,27.018,0.0,45.3515,574.359,13.9578,4.8338,18.0809,0.1441,6.0358,7.9634,3.2988,11.7126,77.232,17.56,1.21,8.0739,0.4964,93.6885,4.3313,1.5667,0.5058,0.0834,50.2702,4.52,0.1344,1.7326,0.0567,1.7046,22.2544,531.2591,2.395,5.96,0.3922,2.1771,0.1212,1.1219,16.3758,0.0144,2.8893,0.0005,0.0115,0.0
-1.0,3079.17,2217.3777,1.7585,106.2556,1.4794,-0.0198,-0.0004,197.4874,8.0655,419.1988,0.9719,187.1962,12.6006,1.3977,-3526.0,-3200.6667,1.2963,2.0313,7.4395,70.0556,1.6778,0.126,85.2296,8.4421,64.0899,66.2998,86.8508,79.06,2.035,365.0318,142.3436,752.3565,1.2627,141.44,648.8155,176.2604,4.647,4.902,2852.0,0.9211,-1.4345,364.1709,10.3,120.9091,19.181,21.4345,30.0664,722.2901,144.5545,629.6345,105.8896,-0.0107,-0.009,-0.0909,0.0262,-0.0881,-0.0239,-0.0079,7.0048,0.1355378954882609,0.9873,1780.6717,0.2009,8925.6302,-0.1635,0.0465,0.1649,0.1009,0.4673,0.9319,733.3834,0.9907,58.1458,0.5985,0.9688,6.2889,15.87,2.854,15.87,15.88,1.343,0.4947,3.265,-0.9461,0.8244,2.3573,1008.0704,129.0,57.5,147.0,61.1001,291.271,0.3336,0.0517,0.0648,0.0562,0.0187,5.899,6.78,13.675,0.0097,0.62,0.0569,2060.5,17919.5,0.164,0.075,0.167,2.3,0.478,1.0629,0.0748,0.8627,0.4926,0.6733,0.572,0.0973,5.97,26.25,25.22,0.663,26.86,5.08,34.259,113.467,0.0537,0.0627,0.0256,0.0625,0.0762,0.1026,0.114,0.0518,3.3857,0.0486,0.0011,48.6101,0.0417,2240.2002,0.0198,0.0207,0.0263,0.0359,217.9194,2.3805,0.0355,0.4493,0.0935,2.9982,31.8096,20.1607,49.7806,0.1162,1.9384,0.0169,1.8495,0.1013,0.0198,912.5788,290.6424,276.5779,8994.62525,0.0676,0.0344,0.0776,0.6483,0.0585,0.141,0.4183,0.0303,0.1319,5.2483,0.172,11.2091,0.0345,2.0798,7.9675,7.2798,0.2211,1.7799,2.3034,11.3806,31.3621,0.0142,0.0266,0.0114,0.0293,0.0226,0.0545,0.0549,0.0261,0.9775,0.0156,0.0003,18.0146,0.0121,706.2052,0.0068,0.0121,66.9432,0.6285,0.0122,0.1489,0.0328,4.8581,1.0391,5.7804,1.8674,6.1108,2.7555,20.4386,18.9687,3.4946,84.0622,3.2622,0.9968,4.9204,4.0703,16.8463,580.4103,12.6519,3.6923,2.2448,3.2831,71.5232,154.7619,13.8891,1.2471,0.8865,1.3461,0.3623,4.9174,8.5005,5.0456,7.7064,4.2209,4.0458,14.3084,5.7436,6.4369,8.6677,140.0347,4.7431,8.5245,107.1559,500.1164,91.2996,68.7569,290.9785,116.4586,477.4869,657.7778,48.3348,2.767415078337677,1.9901,0.1075,2.7299,20.7614,809.78,31.4342,640.0,5.6326,3.8522,29.7143,0.0563,4.0941,7.1444,3.9663,7.96,81.296,17.71,0.75,8.0567,0.3185,100.0291,4.3519,0.9226,0.1475,0.0283,15.7758,6.370817128799321,0.14027282005795813,2.52274676061067,0.05641228364562803,2.4298538282040565,23.45213356640723,532.4618,2.2846,9.36,0.2135,3.1597,0.0671,1.7579,9.344,0.0139,2.7328,0.0234,0.0073,31.3771
-1.0,2911.37,2207.8111,1.6219,108.7689,1.5322,0.0205,-0.0213,198.587,5.9071,397.4344,0.9718,188.5607,12.5302,1.3878,-3726.0,1375.25,0.9745,1.892,5.1137,69.5889,2.7111,0.1984,86.931,8.8384,64.0776,66.3401,87.0242,78.29,3.692,366.1345,142.5418,750.4528,0.8542,132.3836,641.06,117.2253,4.645,4.915,2854.0,0.9202,-0.3327,364.9845,10.269,122.2091,4.4578,20.3327,24.1854,726.2675,151.7991,638.9927,114.8015,-0.0337,0.0227,-0.0853,0.0172,-0.0852,-0.0148,-0.0094,7.2498,0.1348,0.9904,1807.7849,0.1896,8476.7,-0.1954,-0.0121,0.0966,0.0246,0.4659,0.9299,751.8475,0.9867000000000001,58.192,0.6012,0.9633,6.3865,15.87,2.854,15.87,15.88,1.343,0.4947,3.265,-0.9461,0.8244,2.3573,1008.0704,97.0,80.6,51.2,69.3,164.754,0.5461,0.1404,0.061,0.10045,0.019,6.5582,2.191,15.033,0.0111,0.24,0.0834,432.0,121.0,0.104,0.074,0.14,2.4,0.149,0.6676,0.0991,0.6328,0.383,0.7611,0.406,0.0727,5.54,22.49,18.313,0.639,10.13,6.14,33.976,158.96999999999997,0.0541,0.0316,0.0366,0.0365,0.0931,0.1106,0.1202,0.0636,4.1243,0.0515,0.0011,138.0026,0.0302,1021.0,0.0161,0.0172,0.0302,0.0099,40.0958,2.468,0.0288,0.4114,0.0935,2.9982,30.9207,27.1702,16.3136,0.1705,0.5615,0.0484,0.6334,0.0584,0.0318,182.3184,323.1455,938.3137,50.9992,0.0469,0.0308,0.064,0.7424,0.0342,0.048,0.2717,0.0426,0.1463,5.5199,0.1437,11.0611,0.0201,1.6607,7.0847,5.1994,0.1777,1.7026,1.5641,10.4496,50.3185,0.0173,0.0161,0.0175,0.0168,0.0294,0.0571,0.0602,0.0306,1.32,0.0148,0.0003,40.6148,0.0086,345.0434,0.008,0.003,11.9423,0.7902,0.0094,0.1432,0.0328,4.8581,1.0391,4.1586,2.7685,2.0148,3.1389,13.7015,33.6696,9.1631,37.091,3.7825,1.1405,1.9154,6.0124,56.4412,8.7984,10.6721,3.9112,2.7377,3.4488,44.2623,52.4076,3.2076,0.768,1.121,0.9876,0.1869,4.9736,8.152,4.9545,8.5118,4.1848,3.5083,15.6221,5.3591,6.2226,7.7899,227.2434,4.6782,27.1455,148.3953,160.6533,44.6485,42.7776,542.2643,129.7741,812.1622,680.2139,56.8886,2.5973,2.1309,0.1111,7.6338,15.9562,359.7386,73.6634,0.0,6.4895,1.0673,5.333,0.25379999999999997,4.2412,6.4411,3.9663,7.96,80.50342768839232,16.64231320154408,1.2981246382424256,8.091528617180423,0.5284592405826294,69.20846157735537,4.114928809291674,1.6187245558373489,0.7051,0.1946,54.5601,4.62,0.1374,1.9329,0.0577,1.7419,19.6943,523.3110000000001,2.4691,15.390000000000002,0.6164999999999999,5.3345,0.18730000000000002,2.8874999999999993,28.50255,0.015618035442092134,3.1420965706002857,0.0234,0.0073,31.3771
-1.0,3085.57,2178.6889,1.6603,100.8022,1.4945,0.0247,-0.0049,198.6292,8.2483,427.5357,0.9713,188.482,12.5302,1.4195,-4334.25,44.0,1.2862,2.0377,7.4323,67.8222,2.0667,0.1737,84.6614,8.7994,64.1107,66.1349,86.7297,63.93999999999998,1.1460000000000004,357.6027,140.0273,739.1288,0.9275,135.96,633.59,127.2115,4.623,4.899,2849.0,0.9251,0.5682,358.3455,10.2648,120.5955,10.611,19.4318,24.9899,714.1389,145.6264,624.5673,82.016,0.0118,-0.0002,-0.09,0.0008,-0.081,-0.0331,-0.0263,7.1405,0.1333,0.985,1811.5779,0.195,8785.2899,-0.23135,-0.0623,0.1089,0.0653,0.4619,0.932,761.0258,0.9867000000000001,57.1673,0.5959,0.9777,6.3725,15.87,2.854,15.87,15.88,1.343,0.4947,3.265,-0.9461,0.8244,2.3573,1008.0704,134.0,89.2,51.0,60.8,235.323,0.5762,0.1121,0.0534,0.048,0.0181,6.5649,3.074,10.905,0.0112,0.24,0.1074,2060.5,9771.0,0.192,0.076,0.421,2.4,0.412,0.7141,0.0833,0.4138,0.3421,0.7448,0.752,0.0993,11.43,25.29,13.816,0.527,19.68,8.31,37.479,108.908,0.072,0.0545,0.0563,0.0807,0.0544,0.0692,0.0567,0.0583,6.4803,0.0428,0.003,123.7551,0.047,648.5996,0.0369,0.0336,0.0359,0.0095,64.9549,3.0568,0.0266,0.5581,0.0935,2.9982,32.7223,30.0706,18.3598,0.2044,1.9767,0.0381,1.0914,0.0584,0.0307,912.5788,240.5196,1171.6716,4945.7912,0.0875,0.0345,0.1828,0.7138,0.0668,0.1292,0.2553,0.0341,0.108,5.931,0.2982,11.6452,0.0275,3.7201,6.7323,4.3459,0.1858,2.1294,2.2583,11.4658,42.6705,0.0183,0.0263,0.0276,0.0363,0.015,0.0372,0.031,0.0278,2.0287,0.0134,0.0011,45.9174,0.016,244.0561,0.0096,0.0028,22.0611,0.9852,0.0093,0.1797,0.0328,4.8581,1.0391,6.1924,2.8909,2.1566,2.7907,14.1987,34.706,7.501,37.2684,2.5507,1.1539,1.9154,7.5669,55.3037,0.0,14.9271,3.7296,5.6645,3.5387,101.6129,98.4645,12.2502,0.8435,0.9462,0.6454,0.2977,6.0179,9.5767,5.223,10.7036,8.4069,3.9915,10.8607,5.6029,5.134,9.9092,185.4679,5.2481,36.306,132.7887,608.2365,120.5752,89.6418,0.0,85.4321,171.0407,221.2524,90.754,2.2508,1.7872,0.3053,6.8313,24.1221,366.7121,36.7722,776.1194,7.7636,1.0187,8.5352,0.25379999999999997,5.3472,8.7587,3.9663,7.96,77.54914583585773,16.82795836867049,1.2583380799641364,7.606398787974341,0.51197438381382,49.14713444704201,4.170941611189387,1.6201661431802123,0.2197,0.0392,23.0054,6.450947409187537,0.1526448418024093,2.4476877002080046,0.06328547525379037,2.4559902123344033,21.538657765393996,538.3636,1.9631,6.04,0.3553,1.9273,0.0858,1.1219,18.1001,0.0147,2.9493,0.0142,0.0156,109.5996
-1.0,3053.49,2172.5333,1.6377,103.88,1.568,0.0009,0.0094,198.1353,6.0246,398.1607,0.9716,188.0548,12.5894,1.413,-3937.75,-5292.0,1.3168,1.986,7.3695,65.7111,2.1667,0.2141,84.6614,8.7994,64.1107,66.1349,86.7297,63.93999999999998,1.1460000000000004,357.3491,139.8655,739.6701,0.9203,137.89,635.1045,134.7514,4.623,4.899,2849.0,0.9251,2.9518,357.1009,10.2792,122.8173,9.9015,17.0482,22.1675,717.5026,146.3445,626.2627,51.9428,-0.0042,0.0062,-0.0937,0.0013,-0.0684,-0.0313,-0.0272,7.986,0.1336,0.9892,1882.515,0.1906,8588.1999,-0.1999,-0.0056,0.0916,0.0538,0.4636,0.9471,732.0802,0.9905,59.0601,0.6037,0.9672,6.3807,15.87,2.854,15.87,15.88,1.343,0.4947,3.265,-0.9461,0.8244,2.3573,1008.0704,144.0,189.8,95.2,55.2,300.8981,0.6121,0.1144,0.0735,0.085,0.0185,6.5542,4.218,14.801,0.0114,0.33,0.0731,800.0,14382.0,0.112,0.135,0.144,1.5,0.33,0.7141,0.0833,0.4138,0.3421,0.7448,0.666,0.1301,10.09,24.02,18.134,0.427,19.86,6.44,31.574,65.215,0.0696,0.0457,0.0523,0.0347,0.0489,0.0787,0.1022,0.0468,2.9835,0.0424,0.0019,128.0022,0.0237,929.5,0.0149,0.0159,0.0176,0.0235,84.0531,2.9376,0.0217,0.586,0.0935,2.9982,34.7928,61.4416,37.3464,0.2339,1.6021,0.0442,1.5359,0.0604,0.0288,363.3349,271.2973,719.8895,8140.6454,0.05,0.0571,0.0666,0.5465,0.0246,0.0908,0.2553,0.0341,0.108,6.778,0.2094,11.0799,0.0362,3.2037,7.7039,4.9052,0.157,1.892,1.7447,9.9001,23.1113,0.0194,0.0206,0.0229,0.0148,0.0155,0.038,0.0504,0.0232,0.9795,0.0137,0.0006,49.4526,0.0068,330.4064,0.0052,0.0077,29.194,0.942,0.0089,0.189,0.0328,4.8581,1.0391,6.5413,6.2158,3.8745,2.5408,22.2564,37.3729,7.2959,70.0125,3.7173,1.1766,2.6213,5.1763,40.4038,271.7687,8.5058,6.7976,1.954,2.2827,60.0,28.0228,9.6135,0.8435,0.9462,0.6454,0.2977,5.9578,7.9505,4.971,14.1326,7.3174,3.7821,13.4574,5.6029,4.154,6.929,200.5756,4.4005,38.9198,125.5515,0.0,60.6302,37.0232,0.0,115.1005,326.5176,171.7431,37.3584,2.3767,1.7556,0.19,6.7995,12.4577,278.0328,42.4178,0.0,3.7925,2.4822,11.4814,0.078,4.974,9.1841,3.9663,7.96,81.29,14.53,1.59,6.6478,0.5923,81.6854,3.5464,1.956,0.1092,0.0248,11.7421,6.536867208954814,0.15126439795366795,2.5775582277395275,0.06154231692448511,2.469040861427242,22.672123195456813,534.5545,2.3853,8.2,0.2814,2.9624,0.0917,1.534,11.7989,0.0132,2.6491,0.0142,0.0156,109.5996
-1.0,3120.68,2177.0222,1.5565,103.2567,1.492,-0.0095,0.0165,203.9795,10.9552,418.5165,0.9703,193.8873,12.5227,1.3809,-2685.75,1347.75,0.9715,1.8962,5.1485,68.7667,2.6111,0.1932,85.8823,8.7851,63.8402,66.2593,86.585,77.05,3.029,355.45,141.8609,739.0993,0.8468,135.1727,632.4836,105.0989,4.588,4.833,2860.0,0.9266,7.7727,354.8309,10.1182,129.6336,3.6036,12.2273,15.6295,723.4698,146.86,631.3245,73.8263,0.008,-0.0164,-0.0684,-0.0016,-0.0777,-0.0178,0.0081,7.0022,0.1388,0.9882,1848.1731,0.223,8798.21,-0.0945,0.0911,0.17079999999999998,0.0424,0.4608,0.9615,768.2529,0.9908,59.0096,0.5984,0.9739,6.1971,15.83,3.074,15.87,15.85,1.078,0.5542,3.31,-0.8042,0.8258,2.3737,1006.6387,120.0,79.5,131.3,87.1003,91.455,0.5548,0.1142,0.0592,0.0735,0.0232,10.6135,6.527,26.932000000000002,0.0134,0.28,0.0781,216.0,186.0,0.104,0.059,0.169,2.5,0.24,0.3769,0.139,0.5707,0.3297,0.5904,0.898,0.0906,13.33,23.56,21.6,0.828,11.38,7.19,36.731,98.151,0.0687,0.0719,0.0435,0.0592,0.0301,0.0736,0.0939,0.0238,4.5017,0.0319,0.0021,118.3518,0.1254,495.7002,0.0156,0.03420000000000001,0.0177,0.0247,51.4551,4.6301,0.0472,0.3591,0.0887,4.2777,30.132,29.2278,43.4806,0.1778,0.896,0.044,2.1488,0.0695,0.0289,89.3882,262.9132,3901.3824,81.3772,0.0475,0.0253,0.0739,0.7,0.0328,0.0737,0.1563,0.0547,0.0488,5.0532,0.3297,11.525,0.0341,4.57715,6.3491,6.2621,0.1973,1.8525,1.7131,11.5082,35.7117,0.0164,0.0302,0.0203,0.0269,0.008,0.0389,0.0505,0.0112,1.6957,0.0099,0.0008,44.8813,0.0374,189.2021,0.0055,0.0097,19.1006,1.2288,0.0137,0.118,0.0293,5.5615,1.5016,5.3739,2.5475,5.4791,3.906427332733898,6.3122,35.6436,7.6539,59.5791,6.508749999999999,1.3839,2.2359,5.6573,298.58439999999996,13.8008,10.7051,3.1114,3.2825,3.6355,30.6383,61.5871,5.1393,0.4389,1.5818,0.894,0.6795,3.8458,10.1296,5.2237,10.7038,9.8615,3.725,20.5521,5.0966,8.1833,8.5163,293.3152,5.0771,37.7123,132.9486,854.7434,171.0886,86.5814,0.0,94.6624,529.0141,292.0245,64.2903,1.8732,1.3349,0.2154,6.4037,63.31987047269746,897.0013,73.0964,571.4286,3.8355,2.5711,6.6977,0.0789,7.8463,5.7943,3.7386,10.7389,75.528,17.95,0.55,8.2961,0.2273,13.5787,4.4698,0.7282,0.4331,0.1374,42.2357,11.969999999999999,0.265,4.532500000000001,0.0973,4.638249999999999,30.5403,532.9282,2.4995,7.84,0.181,2.8553,0.0679,1.4711,7.2419,0.014,2.8098,0.0142,0.0156,109.5996
-1.0,2956.84,2217.3777,1.7585,106.2556,1.5383,-0.0268,-0.001,198.7817,8.1382,420.1999,0.9755,188.6791,12.3686,1.405,-2891.0,1529.25,0.9992,1.8935,5.1813,66.5333,3.1,0.2101,84.2999,8.6439,64.4484,66.2423,86.7383,78.04,3.521,357.3273,134.8218,736.0881,1.4351,148.8055,640.9545,175.7529,4.603,4.86,2857.0,0.9248,2.75,357.1982,10.5606,117.5718,17.1627,17.25,23.7232,712.3649,149.0218,623.7918,140.0625,-0.0228,0.0077,-0.0939,0.0233,-0.0857,-0.0203,-0.0152,6.9277,0.1333,0.99,1805.1722,0.1552,8653.9501,0.0748,0.0614,-0.0259,-0.0136,0.4591,0.9467,748.68,0.9911,57.8299,0.592,0.9772,6.3409,15.87,2.854,15.87,15.88,1.343,0.4947,3.265,-0.9461,0.8244,2.3573,1008.0704,93.0,79.6,72.3,61.1001,291.271,0.3336,0.1054,0.069,0.0435,0.0171,6.1414,5.572,11.641,0.01,0.36,0.0745,449.0,122.0,0.138,0.091,0.112,2.8,0.177,0.8544,0.1662,0.5235,0.3374,0.8007,0.379,0.1092,7.36,23.35,54.265,0.364,23.12,5.92,36.176,103.962,0.0704,0.0438,0.0275,0.0575,0.0816,0.0948,0.0879,0.0297,4.1714,0.082,0.0011,117.6033,0.0143,692.1992,0.0145,0.0193,0.0172,0.0232,81.7484,2.2713,0.0405,0.5067,0.0935,2.9982,26.0902,27.3196,27.0901,0.1162,1.9384,0.0353,1.9121,0.0645,0.0277,186.0096,294.5522,968.1987,53.1499,0.0574,0.0384,0.0475,0.9042,0.0286,0.0525,0.316,0.0628,0.1222,6.0275,0.1082,11.7629,0.0359,2.1742,6.8601,15.7753,0.1199,1.7662,1.9644,11.0815,31.635,0.022,0.0182,0.0119,0.0282,0.0228,0.0485,0.0464,0.0166,1.3886,0.0258,0.0004,33.9099,0.0049,195.9676,0.0053,0.0071,25.2578,0.6061,0.0109,0.1704,0.0328,4.8581,1.0391,4.0689,2.6921,2.789,2.7555,20.4386,18.9687,6.8516,68.4674,2.7703,1.0274,2.9106,5.2995,73.7115,7.9778,13.8104,4.8059,2.1616,4.2084,22.5806,39.9788,3.8132,1.0135,1.9223,0.8123,0.2091,5.2305,10.1096,5.5332,7.6075,4.946,3.643,30.8757,5.5872,3.4468,9.9344,134.7108,5.0783,9.8059,74.2254,308.9413,58.1673,61.2191,350.0268,110.6507,432.4723,196.0396,60.213,2.2508,3.4156,0.1088,6.5148,9.2438,812.6316,70.4545,618.1818,3.7442,2.4548,10.919,0.06,3.9275,7.9913,3.9663,7.96,77.688,14.36,0.3,6.3259,0.1207,21.1567,3.5107,0.3862,0.3804,0.0692,39.043,6.382797433740644,0.14342124564742284,2.5420982929434377,0.05846220983485041,2.448541705241171,20.835209386497255,534.9382,2.3874,8.45,0.4582,2.8896,0.1468,1.5796,19.1907,0.0124,2.4736,0.0142,0.0156,109.5996
-1.0,3068.98,2172.5333,1.6377,103.88,1.4688,0.0147,-0.01,199.6873,6.2149,404.5104,0.9591,189.4104,12.4896,1.4076,-3703.3333,-1947.0,1.2803,1.9777,7.184,67.9556,2.4778,0.1898,86.4465,8.6527,63.9211,66.1517,86.9642,77.24,2.914,350.7764,126.9727,712.387,1.019,141.9055,619.6545,52.8993,4.599,4.825,2811.0,0.9354,15.64135,346.7182,10.9314,102.7827,18.7563,24.19,29.5935,682.7935,151.3973,600.8982,87.6383,0.0248,-0.0017,-0.0333,0.057850000000000006,-0.0751,-0.017,0.0396,7.9689,0.1316,0.9847,1829.0059,0.2106,8953.71,0.0049,0.0456,0.1405,0.2165,0.4662,0.9465,732.1428,0.9909,58.0879,0.6004,0.9773,6.3661,15.87,2.854,15.87,15.88,1.343,0.4947,3.265,-0.9461,0.8244,2.3573,1008.0704,87.0,82.6,86.8,55.2,300.8981,0.6121,0.1083,0.0971,0.0501,0.0281,6.6393,3.987,17.694,0.0205,0.8700000000000001,0.0412,243.0,3750.0,0.166,0.07,0.109,3.3,0.345,1.026,0.1637,0.489,0.2871,0.8246,0.663,0.1152,9.25,19.04,23.245,0.112,16.34,6.39,29.021,44.397,0.1227,0.0782,0.0532,0.0983,0.0621,0.0641,0.0734,0.0889,2.1773,0.0869,0.0042,164.0906,0.1254,769.8008,0.0303,0.0259,0.0189,0.0272,78.656,2.7285,0.0361,0.4168,0.0935,2.9982,23.6336,29.6323,31.062,0.2339,1.6021,0.0318,1.099,0.1923,0.0111,124.189,162.6653,967.7217,2026.4489,0.077,0.0313,0.0472,0.8946,0.0429,0.1184,0.3774,0.0609,0.1092,5.2089,0.2227,9.0891,0.0411,2.4436,5.0738,7.7849,0.0378,1.891,1.5832,9.0665,13.4485,0.0368,0.0326,0.0245,0.0473,0.0193,0.0286,0.0417,0.0428,0.8774,0.0266,0.0013,53.9414,0.0374,282.2127,0.0063,0.0094,26.2664,0.7551,0.0123,0.1351,0.0328,4.8581,1.0391,3.9375,2.6914,3.5588,2.5408,22.2564,37.3729,7.3735,64.1522,4.3742,2.1387,6.94175,2.9283,46.9847,192.604,12.9662,3.5394,1.5173,4.8561,44.3946,76.9321,10.2001,1.1869,1.8918,0.765,0.1964,4.8008,7.0881,4.4139,11.31,6.5184,3.0727,43.942,6.6344,1.0246,4.0863,87.1173,4.2503,14.0055,50.6594,495.0076,143.9485,294.7526,93.7447,85.3529,430.4985,224.4949,27.3221,2.1284,3.6768,0.4271,8.9716,63.31987047269746,316.5775,66.6667,669.3878,4.0554,2.8762,10.7433,0.1131,4.6972,6.5478,3.9663,7.96,75.048,16.15,1.11,7.725,0.4097,42.3666,4.0129,1.4791,0.8154,0.1946,64.6982,6.7779626185332225,0.1604585113725516,2.6275325893526276,0.06714224043727512,2.5588824744570298,21.36637476833062,523.3110000000001,2.469,15.390000000000002,0.3316,5.3345,0.1054,2.8874999999999993,13.4312,0.0111,2.2258,0.0142,0.0156,109.5996
-1.0,2999.89,2178.6889,1.6603,100.8022,1.4925,0.0203,-0.0109,198.2146,11.4336,416.256,0.9698,188.1388,12.5894,1.397,-4331.0,6995.75,1.3268,1.985,7.1792,70.9556,1.7,0.1543,86.3849,8.7897,63.8901,66.3232,86.7752,63.93999999999998,5.041,361.5745,136.9091,742.7082,1.3839,148.3518,646.8355,208.3754,4.659,4.911,2848.0,0.928,3.4882,359.7155,10.544,120.3973,16.4128,16.5118,23.4389,719.2693,150.31,630.4227,109.4146,0.0054,0.0454,-0.0764,0.0214,-0.0963,-0.0129,-0.0383,7.3027,0.1259,0.99,1770.3007,0.163,8466.0,-0.1146,0.1088,0.1172,0.0892,0.4613,0.9178,711.8079,0.9867000000000001,58.1226,0.5922,0.9612,6.6311,15.83,3.074,15.87,15.85,1.078,0.5542,3.31,-0.8042,0.8258,2.3737,1006.6387,151.0,89.8,35.1,60.8,235.323,0.5762,0.1468,0.0728,0.047,0.0202,6.562,6.585,9.517,0.0119,0.33,0.0352,853.0,3736.0,0.224,0.104,0.346,1.6,0.499,0.4645,0.1403,0.679,0.3742,0.5741,0.572,0.1463,11.54,18.3,54.308,0.463,24.79,3.63,34.288,85.481,0.0426,0.0581,0.0848,0.0633,0.0535,0.074,0.0238,0.0656,1.034,0.0933,0.0027,90.5886,0.0282,616.8994,0.0165,0.018,0.0223,0.052199999999999996,70.9652,3.8137,0.0287,0.6893,0.0887,4.2777,37.0503,28.9569,10.3116,0.2044,1.9767,0.0495,2.2615,0.0604,0.0131,368.329,212.7367,1388.1459,1527.6325,0.1016,0.0459,0.1479,0.5525,0.073,0.1564,0.1781,0.0575,0.0721,6.9314,0.1555,10.9764,0.0451,3.4294,5.8787,17.3064,0.1484,1.2292,1.426,11.2265,28.0756,0.0119,0.0244,0.0416,0.029,0.0164,0.0397,0.0114,0.0316,0.4237,0.0292,0.0007,32.4791,0.0083,196.3823,0.0051,0.018000000000000002,22.6735,1.0201,0.0083,0.2195,0.0293,5.5615,1.5016,6.8212,2.9934,1.4004,2.7907,14.1987,34.706,9.8357,57.5932,2.2863,1.2304,2.6213,2.5175,60.3556,53.4039,16.8834,5.2393,4.8194,2.2549,82.3529,138.6609,14.8694,0.5377,1.5958,1.0628,0.6795,6.5962,8.6042,4.9422,10.5688,7.7788,2.8292,26.0626,4.9408,4.3911,9.2942,151.0409,4.7671,16.6927,78.1257,793.4808,112.8703,82.8534,249.927,76.8432,184.4961,171.5033,14.159,1.7471,3.8882,0.2761,5.1171,17.3153,0.0,18.7013,164.1026,4.8413,5.5677,9.9697,0.25379999999999997,6.5615,9.7602,3.7386,10.7389,78.2551052715767,16.735539727751277,1.2489016379471043,7.688570450149649,0.4920114937354627,53.389444149898814,4.141711947325684,1.5654548957228707,0.1245,0.0277,13.0712,6.308356290644235,0.1257559991937763,2.3280119213924566,0.05232076241610445,2.4091774838192945,20.03780586433109,531.4355,2.4873,9.5,0.3502,3.3719,0.1021,1.7876,14.0796,0.0159,3.1216,0.0142,0.0156,109.5996
-1.0,3114.68,2172.5333,1.6377,103.88,1.5356,0.0278,-0.0019,197.8987,10.0405,408.8065,0.9679,187.9732,12.481,1.3961,-4459.6667,1516.0,0.985,1.8958,5.1837,68.6556,2.3556,0.1553,84.0746,9.3335,64.3729,66.5362,86.8786,66.55,3.142,352.3791,132.9482,725.2512,1.4232,142.7455,628.0727,203.4214,4.574,4.778,2834.0,0.9337,1.2673,351.7082,10.557,114.2155,17.2427,18.7327,25.3075,699.9437,144.9064,610.83,123.1126,0.0102,0.0204,-0.0517,0.057850000000000006,-0.0876,-0.0196,-0.0329,7.3575,0.1293,0.9889,1827.1249,0.1924,8492.84,0.1173,-0.0121,0.0255,0.1125,0.467,0.946,741.2014,0.9867000000000001,58.4062,0.597,0.9653,6.3518,15.83,3.074,15.87,15.85,1.078,0.5542,3.31,-0.8042,0.8258,2.3737,1006.6387,137.0,103.3,29.5,55.2,300.8981,0.6121,0.0943,0.0623,0.053,0.0277,6.4723,11.113,16.058,0.0172,0.53,0.0383,417.0,115.0,0.121,0.104,0.12,2.5,0.181,0.6425,0.1151,0.6534,0.4311,0.8073,0.352,0.1513,6.12,19.33,58.628,0.317,26.81,4.34,35.196,93.415,0.104,0.0824,0.0802,0.0295,0.0702,0.0637,0.078,0.0496,4.2646,0.0328,0.0007,33.4761,0.0408,1464.3999,0.0197,0.0144,0.0282,0.0185,152.6393,5.9458,0.0176,0.5379,0.0887,4.2777,33.8103,35.9953,8.3989,0.2339,1.6021,0.0312,3.2115,0.1694,0.0125,193.0188,277.6341,762.1485,48.6552,0.0504,0.0433,0.0526,0.8647,0.0168,0.0538,0.2516,0.0408,0.133,4.8083,0.1217,9.4417,0.0394,1.9408,5.5364,17.8772,0.0921,1.53,2.3828,11.0059,30.8619,0.0281,0.0349,0.0359,0.013,0.0218,0.0328,0.0376,0.0252,1.5198,0.0128,0.0002,10.7204,0.0127,447.1203,0.0085,0.0062,48.9581,1.822,0.0069,0.1787,0.0293,5.5615,1.5016,6.0383,3.3166,1.1322,2.5408,22.2564,37.3729,6.1411,110.6812,3.928,1.7746,4.2464,2.7441,32.6258,7.5858,12.2843,5.486,2.3149,3.6414,21.2264,31.5451,3.8925,0.7642,1.2332,1.015,0.2593,3.9787,6.0023,4.3801,10.6343,4.2873,3.0777,28.821,8.9807,3.0028,8.4927,155.4861,5.0284,9.6957,75.8777,0.0,265.5923,57.0876,105.9223,72.7377,398.4674,150.6454,57.9635,1.0824,1.3885,0.0755,1.8322,21.2242,238.2627,37.0221,0.0,6.036,1.9555,20.5935,0.25379999999999997,10.1801,8.4683,3.7386,10.7389,80.312,13.43,2.17,5.9567,0.88615,77.1831,3.3251,2.9958,0.7942,0.1527,82.0961,6.360596305688429,0.14982657450049505,2.5773050184805033,0.05795440544221006,2.4395072451928557,20.89968859428483,534.8673,2.2965,6.5699,0.2508,2.4693,0.0793,1.2283,10.923,0.0164,3.2556,0.0116,0.0125,107.102
-1.0,3232.6099999999997,2217.3777,1.7585,106.2556,1.4398,-0.0075,-0.0055,198.0737,10.4828,408.5361,0.9673,188.2297,12.4753,1.394,-3991.0,1584.5,0.983,1.8905,5.1632,66.7,3.0444,0.2023,86.1197,9.043,63.8744,65.8445,86.5358,78.68,2.096,364.7882,126.7882,728.7132,1.0166,138.7782,630.3545,51.0037,4.657,4.896,2861.0,0.9242,4.7864,361.7327,10.637,111.5745,12.6318,15.2136,20.9566,707.7565,144.4155,617.7227,114.8615,0.0032,0.0428,-0.0297,0.0495,-0.003,-0.0017,-0.0362,7.976,0.1246,0.9808,1825.4069,0.26075000000000004,8431.02,0.0875,0.026,-0.0809,0.0052,0.4602742471436232,0.9475,763.64,0.9909,58.6295,0.599,0.9678,6.278,15.83,3.074,15.87,15.85,1.078,0.5542,3.31,-0.8042,0.8258,2.3737,1006.6387,81.0,222.8,168.9,61.1001,291.271,0.3336,0.1304,0.0828,0.0534,0.0232,10.5545,8.423,9.751,0.017,0.64,0.0471,549.0,83.0,0.085,0.072,0.155,3.5,0.189,0.6523,0.1477,0.5788,0.3169,0.7077,0.707,0.1654,6.11,22.17,25.58,0.366,20.18,7.34,33.14,70.503,0.0881,0.0592,0.0484,0.051,0.0896,0.0784,0.1065,0.0394,3.821,0.0505,0.0043,117.517,0.0353,764.8003,0.0156,0.0147,0.05934859094409467,0.0237,71.52,4.8692,0.0194,0.4102,0.0887,4.2777,22.7229,72.9969,54.0241,0.1162,1.9384,0.0396,2.8892,0.1819,0.0168,229.7542,199.6904,855.5649,39.0085,0.0373,0.0302,0.0683,0.9899,0.0224,0.0574,0.2721,0.0539,0.1463,5.2236,0.1812,10.7618,0.0494,1.7,7.4948,7.3848,0.1137,2.0011,2.3587,10.007,23.5169,0.0253,0.0253,0.0204,0.0212,0.0257,0.042,0.0519,0.018,1.342,0.0147,0.0015,36.5174,0.01,227.2136,0.011227408559259577,0.007,26.5654,1.4274,0.0074,0.1351,0.0293,5.5615,1.5016,3.6701,6.8217,6.9879,2.7555,20.4386,18.9687,9.0571,80.3505,2.3868,1.7536,5.1301,3.3809,51.4909,5.2382,8.647,3.8085,3.002,5.2474,22.9927,36.0791,4.0336,0.7574,1.6333,0.9062,0.2082,3.6295,8.5339,4.9073,16.266,4.4027,3.5171,50.1532,5.8835,3.4408,7.5465,159.7559,4.6824,12.4853,61.3809,0.0,563.8095,171.7172,181.1473,0.0,0.0,108.915,47.9057,1.6851,2.051,0.4343,6.4379,9.1697,794.5946,55.04,0.0,11.69127530784419,2.5049,9.3657,0.1343,8.305,6.5334,3.7386,10.7389,73.01,19.14,1.09,8.3013,0.5016,53.2542,4.7138,1.4929,0.1028,0.0308,10.7623,3.85,0.0871,1.6907,0.0392,1.4437,13.4535,536.0973,2.0779,9.02,0.1652,2.9018,0.0453,1.6825,7.9513,0.0099,1.9769,0.0091,0.0111,122.4135
-1.0,3041.33,2213.7556,0.7217,104.1667,1.4501,0.0011,-0.014,198.9504,8.6212,406.427,0.9779,188.9012,12.4492,1.4064,-1363.875,455.0,1.2982,2.0235,7.37,69.6556,2.4333,0.1582,83.9167,9.4043,64.4134,66.5991,86.8908,65.84,4.021,364.1664,129.2118,734.4347,1.3371,142.6509,636.0291,196.6623,4.633,4.886,2866.0,0.9227,14.7345,360.11,10.8802,103.9464,25.8046,25.2655,34.3528,700.0819,146.1682,610.2245,93.7871,-0.0195,-0.0205,-0.0419,0.005,-0.1021,-0.0185,-0.029,6.6159,0.13,0.988,1810.8689,0.1733,8220.8,-0.0101,0.0344,-0.0171,0.02,0.4649,0.958,679.5659,0.9909,58.0372,0.5966,0.9627,6.3569,15.83,3.074,15.87,15.85,1.078,0.5542,3.31,-0.8042,0.8258,2.3737,1006.6387,93.0,67.5,124.6,53.9001,415.735,0.0594,0.1241,0.0978,0.0709,0.0096,6.4444,4.053,12.298,0.006,0.34,0.0324,508.0,703.0,0.092,0.123,0.211,3.3,0.732,0.4764,0.0593,0.5445,0.2655,0.8549,0.348,0.1887,5.09,23.04,72.822,0.316,24.42,3.51,32.77,105.173,0.0778,0.0481,0.0445,0.056,0.0519,0.1052,0.0858,0.0538,3.3137,0.0646,0.0014,129.4547,0.042,1351.7998,0.0104,0.0121,0.0162,0.0117,121.8126,2.6777,0.0245,0.3927,0.0887,4.2777,25.045,24.0596,41.1893,0.0218,3.1379,0.0415,1.3034,0.0901,0.0101,213.6438,173.2378,4402.7941,353.1411,0.0434,0.0515,0.1011,1.0236,0.0306,0.2062,0.2038,0.0224,0.1139,6.2457,0.1365,10.4099,0.0516,1.5147,7.5718,20.9445,0.0973,1.1628,1.8845,10.6619,29.4908,0.023,0.0219,0.0182,0.028,0.0145,0.0551,0.047,0.0256,1.2383,0.0215,0.0005,47.4405,0.0134,475.9256,0.0051,0.0033,42.2311,0.776,0.0068,0.1318,0.0293,5.5615,1.5016,4.1278,2.2194,4.9313,2.4348,37.3339,8.226,8.558,47.0121,3.0259,0.6164,2.7311,2.3045,0.0,154.5055,7.0865,6.0786,2.863,4.7376,49.3151,60.6742,21.4195,0.5677,0.631,0.8453,0.1337,5.5414,7.36,4.6411,14.1112,3.5681,3.6225,37.029,5.8683,2.9044,7.9464,94.6345,4.6809,15.1983,112.1402,399.1023,66.6667,133.5719,0.0,103.011,464.4114,185.6773,50.0863,1.5386,2.7018,0.143,7.1488,24.2107,0.0,68.0614,994.5946,3.4814,1.2245,17.9251,0.0972,4.6137,6.1783,3.7386,10.7389,75.69996347512028,17.201714495589417,1.2127384458195247,8.014317416310842,0.5142057195426915,63.039384287534794,4.266367822112412,1.611222869006296,0.2813,0.0604,29.3353,6.404151436560034,0.13671317124378143,2.587143623802965,0.05319348030527171,2.446091945398594,20.269307972559044,532.0082,2.2994,6.89,0.3821,2.5136,0.1042,1.2951,16.6149,0.0148,2.9318,0.0254,0.0047,18.539
-1.0,3071.58,2217.3777,1.7585,106.2556,1.527,0.0066,-0.0124,200.2884,10.2077,405.2716,0.9596,190.832,12.47,1.4232,-4648.0,177.5,1.255,2.0275,7.3687,59.9778,3.0556,0.2512,86.0209,9.2328,63.7799,65.7516,86.5146,75.31,2.353,351.0982,131.6627,718.692,1.0375,135.5791,618.34,49.2902,4.61,4.849,2802.0,0.9366,-8.3955,346.7464,10.9013,103.2673,21.3864,28.3955,35.1195,683.5725,146.94,596.9536,99.2697,0.0083,0.0167,-0.0231,0.057850000000000006,-0.0092,-0.0192,0.0296,8.4523,0.1374,0.9744,1801.1735,0.1884,8861.67,-0.1097,0.0419,0.1686,0.0694,0.48045400720118925,0.9527,753.7133,0.9907,58.1165,0.5947,0.9698,6.2238,15.83,3.074,15.87,15.85,1.078,0.5542,3.31,-0.8042,0.8258,2.3737,1006.6387,135.0,88.2,103.9,61.1001,291.271,0.3336,0.0644,0.0948,0.0474,0.0216,5.7988,11.388,16.265,0.0192,0.5,0.0433,993.0,729.0,0.182,0.121,0.277,2.0,0.178,0.6917,0.1311,0.6505,0.3852,0.69,0.967,0.19,9.04,25.81,13.174,0.186,19.07,9.29,31.378,55.711,0.1504,0.0441,0.0321,0.1134,0.1466,0.0934,0.1132,0.1593,2.2647,0.0736,0.0011,39.1058,0.0555,1434.2998,0.016,0.0259,0.07529525319345906,0.005,158.7482,2.6635,0.0254,0.4287,0.0887,4.2777,26.1835,25.4763,34.4929,0.1162,1.9384,0.0193,2.9942,0.1652,0.0146,424.0923,444.3625,1668.8671,342.4369,0.0753,0.0506,0.1306,0.7726,0.0335,0.065,0.2892,0.0524,0.0431,7.7567,0.3284,8.9437,0.0586,2.9751,7.5728,3.9824,0.0595,2.8432,3.0607,9.7016,20.6124,0.0392,0.0208,0.0159,0.052,0.0386,0.0518,0.058,0.0791,0.8691,0.0253,0.0003,11.339,0.0159,407.5356,0.00928886381079104,0.0016,44.7482,0.6953,0.0082,0.1396,0.0293,5.5615,1.5016,6.0356,2.8715,4.1736,2.7555,20.4386,18.9687,4.2175,111.5626,4.0134,1.9967,4.0096,3.0411,82.8313,410.7042,14.502,5.9679,3.7591,3.3346,26.1818,42.1937,5.0102,0.8041,1.4195,1.0199,0.3058,6.3857,9.8509,4.2672,18.3111,6.6677,4.1741,26.7274,6.3246,1.7062,7.7469,89.1691,4.5903,15.3576,56.1208,0.0,474.1935,490.9091,235.6913,0.0,588.0519,538.1757,26.7936,2.4021,3.0596,0.1141,2.1711,29.4365,712.0275,59.2058,426.6667,12.909305821344326,0.5251,21.0621,0.0689,4.583,6.8889,3.7386,10.7389,73.426,25.505000000000003,0.68,11.458299999999996,0.3052,45.0088,6.362449999999999,0.9261,0.5414,0.0968,53.0444,4.98,0.0877,2.0902,0.0382,1.8844,15.4662,530.6027,2.397,7.11,0.2709,2.3928,0.0895,1.34,11.3021,0.026000000000000006,5.21645,0.0329,0.0055,16.6695
-1.0,2921.48,2213.9333,1.8848,97.1856,1.4266,0.0181,-0.0118,204.4783,9.4535,421.5449,0.9554,194.9363,12.5894,1.4011,-1519.0,868.0,1.3117,2.0122,7.3338,68.7111,2.1667,0.1654,85.2764,8.7219,63.8842,66.1097,86.5265,76.78,3.629,354.7609,138.1409,736.7406,0.8943,139.8045,632.7064,116.61,4.623,4.903,2850.0,0.9265,1.2209,356.5191,10.2524,119.3618,9.2384,18.7791,24.3568,712.3838,148.7918,624.6727,68.7678,-0.0289,-0.0491,-0.0968,0.0203,-0.1137,-0.0243,-0.037,7.1224,0.1306,0.9887,1732.4919,0.1584,8999.8701,-0.0264,0.0521,-0.0604,-0.0102,0.4611,0.9415,778.4373,0.9911,59.2956,0.597,0.9717,5.9926,15.78,3.175,15.79,15.73,0.9413,0.5406,3.124,1.088,0.8361,2.3695,1004.3856,125.0,113.9,129.1,63.3,356.723,0.1305,0.0458,0.0705,0.0772,0.04285,8.5447,6.691,9.764,0.02935,0.33,0.0414,640.0,17150.0,0.082,0.065,0.182,3.4,0.395,0.6535,0.1224,0.6321,0.3036,0.6848,0.667,0.0782,7.71,26.23,19.204,0.73,16.12,11.04,33.899,68.871,0.0675,0.0495,0.0436,0.0403,0.0402,0.1399,0.0929,0.0459,4.7555,0.0748,0.0021,97.454,0.0448,911.8994,0.0141,0.0212,0.0166,0.0208,85.2608,4.4547,0.0251,0.413,0.0817,3.8222,33.1282,37.9894,46.33,0.0561,2.6033,0.0162,1.9201,0.0604,0.017,308.7398,298.3771,5135.8294,8150.986,0.035,0.0277,0.0803,1.0529,0.0393,0.147,0.2416,0.049,0.0688,4.7162,0.1718,11.8,0.0245,2.1505,7.7098,5.9016,0.198,2.868,2.9935,10.3271,22.6027,0.0224,0.0218,0.0195,0.019,0.0103,0.0697,0.0502,0.0196,1.8463,0.0233,0.0007,32.2861,0.0177,375.628,0.0052,0.0083,35.3033,1.1769,0.0087,0.136,0.0288,4.7805,1.2918,5.6721,3.8987,5.1712,2.8592,28.5694,6.9229,3.2104,70.7777,2.3162,3.05365,2.6213,2.9569,298.58439999999996,0.0,6.2512,3.2302,2.4817,4.9483,69.2308,68.9053,11.5093,0.7663,1.4033,0.9894,0.6795,3.9773,9.5048,5.5625,8.7494,5.5148,4.1457,16.4686,5.9088,7.1203,8.4617,174.4892,4.7585,34.7905,100.15,233.8168,297.2973,41.6322,197.6644,123.0431,383.0928,123.8866,66.7689,4.941799999999999,3.1196,0.2141,5.6251,28.267,825.3041,33.7514,842.8571,3.6041,2.2107,10.9528,0.0845,7.5127,6.9943,3.4486,9.8724,81.896,19.56,1.12,9.8408,0.4653,81.9871,4.8473,1.3676,0.1631,0.0359,16.8093,2.81,0.1985,1.2579,0.089,1.0573,25.6878,536.8282,2.1262,6.88,0.2227,2.4837,0.0686,1.2816,10.4728,0.0139,2.7641,0.0329,0.0055,16.6695
-1.0,3059.2,2196.0889,1.8246,95.6322,1.3787,0.0025,-0.0085,203.8253,8.3871,401.423,0.9622,194.5373,12.6006,1.3976,-4004.25,562.5,1.3065,1.9963,7.2695,67.5111,2.2778,0.1807,84.2999,8.6439,64.4484,66.2423,86.7383,78.04,3.521,359.1818,140.8173,739.5462,0.8988,134.29,634.2891,117.4105,4.619,4.9,2858.0,0.9243,1.0345,358.4873,10.1859,121.8518,6.1447,18.9655,23.0824,716.4638,150.0527,630.3918,67.218,-0.0215,-0.0091,-0.0774,-0.0081,-0.1019,-0.0142,-0.0453,7.1248,0.1298,0.99,1805.1722,0.1514,8641.0399,-0.0984,0.1107,0.0039,-0.014,0.4722,0.9418,757.1037,0.9867000000000001,58.5558,0.601,0.9783,6.2581,15.78,3.175,15.79,15.73,0.9413,0.5406,3.124,1.088,0.8361,2.3695,1004.3856,200.0,122.3,96.5,59.2,560.981,0.1702,0.0958,0.0511,0.0455,0.0171,8.4427,5.608,7.186,0.0151,0.62,0.0565,258.0,13604.0,0.106,0.025,0.112,2.8,0.42,0.8544,0.1662,0.5235,0.3374,0.8007,0.764,0.1116,9.86,23.44,30.947,0.975,12.19,8.29,39.426,104.142,0.066,0.0326,0.0535,0.0958,0.0586,0.0745,0.089,0.0669,5.2077,0.0515,0.0011,117.6033,0.0234,1359.9995,0.0147,0.0179,0.019,0.0219,135.3568,2.4545,0.0269,0.4722,0.0817,3.8222,45.32809999999999,37.5361,33.0817,0.0499,2.5669,0.0284,1.6733,0.1013,0.0182,111.2669,203.6361,390.2319,6442.5384,0.0478,0.0114,0.0507,0.9075,0.0463,0.1614,0.316,0.0628,0.1222,6.0188,0.2675,11.8497,0.0299,2.9057,6.9352,8.7465,0.2805,2.318,2.2529,11.8461,38.3835,0.0184,0.0154,0.0285,0.0426,0.0161,0.0389,0.0498,0.0313,1.6288,0.0148,0.0004,33.9099,0.0083,481.4519,0.0049,0.0082,50.1418,0.8045,0.0083,0.152,0.0288,4.7805,1.2918,9.053150000000002,3.9978,3.9104,2.6957,43.9001,9.3304,6.9484,66.8647,1.7901,1.5732,4.9204,4.0405,18.6302,0.0,8.1133,1.2523,1.5407,4.1475,35.122,61.4391,12.1708,1.0135,1.9223,0.8123,0.2091,5.9079,8.9975,5.4206,12.4124,7.3423,3.6955,26.358,5.5078,9.5721,11.2103,198.3837,5.5029,47.129650000000005,154.9317,307.066,116.1175,123.8526,719.5702,73.093,625.6591,147.6821,73.0921,1.3095,2.1309,0.1088,6.5148,15.4451,0.0,35.6636,389.916,4.0245,2.3274,17.8782,0.25379999999999997,4.1916,7.5456,3.4486,9.8724,73.512,16.66,1.37,7.0444,0.582,110.6496,4.1161,1.8636,0.3804,0.0692,39.043,6.564271090559923,0.14800892621249537,2.6599713891938492,0.059307438185871614,2.4897716548464555,21.608623542465246,523.3110000000001,2.5672,15.390000000000002,0.6164999999999999,5.3345,0.18730000000000002,2.8874999999999993,27.1393,0.0157,3.0854,0.0329,0.0055,16.6695
-1.0,3062.54,2177.0222,1.5565,103.2567,1.5533,0.0196,-0.003,202.8325,6.0066,399.6261,0.9564,192.3804,12.6006,1.3835,-3612.3333,1517.75,0.9855,1.889,5.1155,69.8222,2.5111,0.1771,85.1059,8.5987,64.3081,66.236,86.7807,79.98,3.312,366.1,141.6082,748.5121,0.8446,131.5836,639.2918,122.2315,4.645,4.915,2854.0,0.9202,1.0636,364.1391,10.2626,122.6718,6.5935,18.9364,22.5764,725.9356,150.9927,637.8036,89.8198,0.0393,-0.0153,-0.0946,0.026,-0.0858,-0.0301,-0.0392,7.7715,0.1333,0.9897,1660.6167,0.1936,8138.85,-0.1074,-0.0009,0.0997,0.0621,0.4699,0.9378,690.038,0.9902,58.5757,0.6016,0.9686,6.3121,15.78,3.175,15.79,15.73,0.9413,0.5406,3.124,1.088,0.8361,2.3695,1004.3856,134.0,104.6,40.1,87.1003,91.455,0.5548,0.1748,0.0642,0.0452,0.0262,10.3853,3.909,9.78,0.0187,0.62,0.0361,381.0,48.0,0.121,0.105,0.182,2.7,0.234,0.7495,0.1266,0.7112,0.406,0.6115,0.676,0.0803,6.95,22.4,20.277,0.377,14.08,5.06,32.622,138.644,0.0571,0.0678,0.0356,0.0733,0.0537,0.0752,0.088,0.066,2.6031,0.093,0.0017,109.6056,0.0703,892.2002,0.0133,0.0182,0.0208,0.0429,100.8589,2.9894,0.0388,0.3842,0.0817,3.8222,32.7223,33.5357,11.9484,0.1778,0.896,0.0557,1.1803,0.1013,0.0123,179.4594,259.5051,608.3521,20.4022,0.0496,0.0472,0.0875,0.88,0.0238,0.065,0.2959,0.0469,0.1246,6.1948,0.2054,10.4232,0.0264,1.8413,7.0313,7.0848,0.1145,1.3336,1.3812,10.0817,41.7678,0.0144,0.0338,0.0174,0.0332,0.0132,0.0408,0.045,0.0323,0.9305,0.0281,0.0007,42.2978,0.0203,235.5029,0.0055,0.0127,26.4981,1.0078,0.0124,0.1281,0.0288,4.7805,1.2918,6.1924,3.4155,1.6916,3.906427332733898,6.3122,35.6436,11.2536,65.078,2.4473,1.9578,4.9204,2.6063,31.0879,3.1626,12.278,5.5585,3.5578,3.867,31.8584,38.9586,5.0452,0.8807,1.4724,1.1059,0.0881,5.1134,6.8428,4.4584,9.506,5.2818,3.5039,16.589,5.3591,3.6735,8.6654,213.5447,4.4938,17.7634,154.3579,145.3388,211.875,77.4432,206.8368,87.6202,292.8453,168.3673,33.4954,2.2508,3.8214,0.1732,6.6003,36.3077,441.2121,35.6979,0.0,4.4181,4.5776,14.6164,0.084,5.1035,6.0865,3.4486,9.8724,81.468,13.03,2.14,6.2063,0.8589,32.4306,3.1853,2.6268,0.3804,0.0692,39.043,6.19,0.1432,2.3222,0.0564,2.2963,21.0412,523.3110000000001,2.5236,15.390000000000002,0.5534,5.3345,0.18730000000000002,2.8874999999999993,21.9288,0.0109,2.1794,0.0329,0.0055,16.6695
-1.0,3067.7,2177.0222,1.5565,103.2567,1.576,0.0272,0.0009,203.9146,6.0511,397.6668,0.9601,193.4164,12.6006,1.4134,-2805.75,1265.75,0.984,1.9007,5.197,70.0444,2.6,0.1724,85.2296,8.4421,64.0899,66.2998,86.8508,79.06,2.035,366.7155,140.1673,747.2044,0.8621,133.5091,640.3918,121.0943,4.645,4.915,2854.0,0.9202,1.6173,363.6855,10.2828,121.7845,7.7574,18.3827,22.992,724.2124,149.6009,635.0709,69.6212,-0.0135,0.009,-0.1135,0.0198,-0.0911,-0.0208,-0.0061,6.9927,0.1375,0.9882,1789.9489,0.2,8669.0599,-0.0731,0.1237,0.087,0.0437,0.468,0.936,647.2282,0.9901,58.9017,0.5959,0.9679,6.3424,15.78,3.175,15.79,15.73,0.9413,0.5406,3.124,1.088,0.8361,2.3695,1004.3856,122.0,140.4,103.2,87.1003,91.455,0.5548,0.0547,0.0989,0.0674,0.0249,10.5897,4.429,11.685,0.018,0.62,0.0375,202.0,154.0,0.1,0.042,0.214,1.8,0.129,1.0629,0.0748,0.8627,0.4926,0.6733,0.631,0.095,6.29,22.65,19.746,0.359,14.04,4.85,33.506,121.065,0.1012,0.10470000000000002,0.034,0.0305,0.0433,0.115,0.0768,0.0368,2.4043,0.0432,0.0016,90.2764,0.0387,1028.0,0.0089,0.0122,0.0269,0.0345,104.2266,2.9685,0.0279,0.4292,0.0817,3.8222,31.4495,52.9244,37.46,0.1778,0.896,0.0191,1.2245,0.1013,0.0121,91.7183,237.7246,2960.4138,66.3444,0.0465,0.019,0.1017,0.6126,0.0341,0.0535,0.4183,0.0303,0.1319,6.7145,0.2245,10.543,0.0303,2.3015,7.3689,6.9027,0.1213,1.407,1.6197,11.1495,34.7226,0.0233,0.0455,0.016,0.0144,0.0147,0.0479,0.0381,0.0193,0.9175,0.0169,0.0005,27.6,0.014,320.703,0.0069,0.0116,31.2062,0.9644,0.0095,0.1425,0.0288,4.7805,1.2918,5.6553,4.5767,4.1276,3.906427332733898,6.3122,35.6436,3.4708,73.1934,2.9384,1.8707,4.9204,2.6519,231.0969,12.1667,10.1626,2.2097,4.1178,2.5698,38.4615,59.1495,2.7669,1.2471,0.8865,1.3461,0.3623,5.1402,6.7277,4.751,11.0161,4.7113,3.5369,16.3063,5.3591,3.4913,7.0534,180.9893,4.6265,30.059,172.49815,751.0204,230.3161,26.8722,218.136,126.2003,370.1205,605.7613,34.3828,1.9632,1.7835,0.1577,5.0435,19.3674,413.5593,36.0153,168.4211,5.7469,3.6841,16.1035,0.0645,5.0397,6.7664,3.4486,9.8724,80.798,20.74,1.42,9.5257,0.553,41.2789,5.1446,1.7575,0.128,0.0293,13.7543,6.59,0.058,2.6159,0.0273,2.4716,10.7758,541.7199999999999,2.0868,15.390000000000002,0.6164999999999999,5.3345,0.18730000000000002,2.8874999999999993,28.50255,0.0142,2.8368,0.0329,0.0055,16.6695
-1.0,2948.76,2185.3334,1.7632,93.9844,1.4117,0.0089,-0.0093,202.47,6.5042,400.9347,0.9691,192.4784,12.6006,1.4088,-3540.0,1533.0,0.9692,1.8932,5.1095,69.2444,2.4667,0.1896,86.8866,8.8505,64.0557,66.2627,86.8482,78.3,2.906,349.6736,125.3382,711.0016,1.0805,141.2173,616.2291,48.8429,4.588,4.846,2820.0,0.9352,-7.1564,346.6082,10.9092,98.1818,18.9336,27.1564,33.0615,677.9402,152.5055,597.2955,90.9865,-0.0092,-0.002,-0.0959,-0.0002,0.0281,-0.0095,-0.0244,7.4928,0.1298,0.9905,1824.9624,0.2024,8511.4601,0.0354,-0.026,0.0366,0.0152,0.4635,0.9283,744.0503,0.9917,59.0979,0.5968,0.9778,6.3493,15.77,3.067,15.8,15.73,1.248,0.5494,3.31,0.0,0.8217,2.3735,1003.61,130.0,157.5,126.0,55.3,603.4551,0.3844,0.1391,0.0462,0.056,0.0223,11.3417,3.666,12.923,0.0134,0.62,0.0795,713.0,111.0,0.1,0.099,0.271,3.3,0.19,0.5969,0.081,0.5982,0.2703,0.7092,0.642,0.2111,7.88,13.63,17.261,0.206,11.45,5.1,26.853,111.421,0.0586,0.06,0.0526,0.0749,0.0659,0.0986,0.0769,0.0614,3.3516,0.0515,0.0006,78.7338,0.1254,904.4004,0.0329,0.0129,0.0158,0.0196,90.8509,3.5446,0.0396,0.618,0.0842,4.66,35.6718,49.8505,43.7547,0.1264,2.5275,0.0459,1.1263,0.1013,0.0282,296.9994,187.6564,525.9968,52.0449,0.0437,0.0405,0.1151,1.1928,0.0353,0.054,0.2383,0.0309,0.0977,4.9289,0.1908,8.5549,0.068,2.6896,3.8793,5.5075,0.0611,1.6102,1.7675,8.2277,38.146,0.018,0.0276,0.0228,0.0317,0.0164,0.0406,0.0386,0.0309,1.2339,0.0148,0.0002,25.072,0.0374,346.5135,0.0046,0.0069,35.3767,0.9275,0.0105,0.1939,0.0284,2.9225,1.2479,5.9119,5.3412,4.7649,2.5305,33.8941,21.8035,9.853,56.3637,3.2232,1.3776,4.9204,5.6459,29.3785,7.2407,10.3173,5.2291,5.3038,4.7657,36.4865,70.1641,4.1045,0.687,0.9157,0.9339,0.2281,5.1591,7.1247,4.2797,19.5358,5.58,2.2118,35.3398,7.9898,1.8883,5.9176,60.4744,3.961,25.4847,122.4589,634.3708,304.9555,78.0818,0.0,350.8897,811.6095,252.1561,44.7309,1.3095,2.1309,0.062,4.3143,63.31987047269746,432.7044,62.7451,0.0,3.4174,2.11,12.2103,0.0513,5.9978,9.7341,3.5463,11.5617,82.062,14.2,1.19,6.1041,0.4992,69.25,3.4707,1.4501,0.3804,0.0692,39.043,6.299189559073519,0.18473102745744405,2.5443290914099688,0.07316767420577794,2.404255433642854,21.257346911062676,537.0273,1.4573,7.59,0.2296,2.5651,0.0798,1.4133,15.757,0.0125,2.502,0.0329,0.0055,16.6695
-1.0,3079.77,2207.0444,1.7571,97.0189,1.4607,0.0155,0.0093,198.5381,6.8827,408.2091,0.9663,188.6791,12.3686,1.425,-3669.6667,499.25,1.2825,1.992,7.198,66.4,3.0556,0.2318,85.5573,8.6915,64.1145,66.1976,86.8147,79.48,2.213,364.9891,140.7127,747.2317,0.8532,135.5491,641.2509,123.7509,4.645,4.915,2854.0,0.9202,0.6991,363.0018,10.366,121.4118,5.9553,19.3009,23.2216,724.0101,152.9882,637.4018,90.6173,-0.0095,-0.0138,-0.1113,0.0113,0.0106,-0.0161,-0.0439,7.2406,0.1333,0.9888,1777.7633,0.161,9131.0599,-0.1835,0.0391,0.0811,0.0566,0.4611,0.9305,785.5426,0.9916,59.2662,0.6067,0.9793,6.3654,15.76,2.932,15.83,15.82,1.196,0.5374,3.358,0.0,0.8203,2.3766,1001.2553,134.0,95.7,70.8,54.5,449.78,0.1339,0.0898,0.0732,0.0346,0.0173,6.7977,5.627,14.104,0.0127,0.36,0.0788,1454.0,652.0,0.128,0.128,0.31,2.0,0.246,0.8247,0.106,0.6741,0.3306,0.7185,0.727,0.0998,10.94,20.17,18.26,0.345,14.68,10.46,32.706,102.938,0.0772,0.10470000000000002,0.0504,0.0575,0.0741,0.0434,0.076,0.0568,4.07,0.0771,0.0024,181.1365,0.0284,1446.9004,0.0357,0.0149,0.0152,0.052199999999999996,138.4521,3.763,0.0351,0.5801,0.0828,2.5755,32.7223,33.4015,22.2761,0.0412,3.3728,0.0302,1.9218,0.0645,0.0287,610.7729,158.2032,344.4334,291.8097,0.0595,0.0574,0.1314,0.6245,0.0231,0.0732,0.3077,0.0489,0.1406,6.9408,0.2812,11.0518,0.0335,3.7011,6.7786,6.7756,0.099,2.7133,2.6994,9.8737,35.6756,0.0237,0.0455,0.0246,0.0249,0.017,0.0202,0.0413,0.0251,1.2556,0.0251,0.0007,60.1274,0.0096,415.6463,0.0045,0.018000000000000002,45.531,0.9878,0.0119,0.182,0.0288,2.0867,0.9471,6.1924,3.1074,3.007,2.4694,35.4267,7.6185,6.1475,81.7554,3.4551,1.3155,2.9106,5.5277,17.4675,130.5959,9.9805,6.4257,4.3068,3.012,19.6364,32.3586,7.3176,0.9639,1.2202,1.0514,0.1421,4.4631,9.0397,4.9135,11.7004,8.0709,3.1454,14.7554,5.3591,3.3282,7.9976,246.5011,4.5173,18.6817,113.5964,814.7757,503.1171,51.6506,654.6659,407.5117,472.0497,129.385,56.2102,2.2508,3.2425,0.2455,10.189,17.6201,0.0,84.9279,742.8571,3.2924,5.5677,17.625,0.0463,6.3493,9.1138,3.4853,6.4684,78.76479956413966,16.742074870237555,1.2675619835418446,7.670797573330167,0.5118436392435133,58.8442208992545,4.154881176082378,1.6210720602878863,0.7051,0.1946,54.5601,7.96,0.1718,3.0964,0.0678,2.9805,21.4355,523.3110000000001,2.6271,15.390000000000002,0.6164999999999999,5.3345,0.18730000000000002,2.8874999999999993,24.5741,0.011,2.1899,0.0282,0.0194,68.7444
-1.0,3114.46,2207.0444,1.7571,97.0189,1.4164,0.0006,0.0056,204.5303,6.0865,401.5505,0.9698,194.4026,12.3686,1.4012,-6375.125,-1786.0,1.2708,1.9888,7.2125,68.9333,1.8889,0.1652,85.5265,8.659,64.061,66.2245,86.8196,77.74,2.864,352.1,140.4609,736.5464,1.3743,142.2764,634.8373,198.6956,4.518,4.764,2873.0,0.9247,2.5964,352.0755,10.248,123.0573,10.7955,17.4036,25.0576,711.4887,148.9091,624.0418,53.6642,-0.0008,-0.0078,-0.0963,0.0012,0.0243,-0.0172,-0.0265,7.1478,0.1349,0.9902,1795.1019,0.2062,8455.9102,-0.0053,0.0549,0.042,0.0829,0.467,0.934,753.6547,0.9867000000000001,58.1903,0.6059,0.9662,6.3097,15.77,3.067,15.8,15.73,1.248,0.5494,3.31,0.0,0.8217,2.3735,1003.61,124.0,99.1,36.1,54.5,449.78,0.1339,0.0689,0.0534,0.0457,0.0216,8.3447,4.697,12.896,0.0133,0.36,0.0381,1216.0,16123.0,0.047,0.099,0.204,1.5,0.358,0.8444,0.1704,0.5565,0.2244,0.6831,0.492,0.1171,4.03,21.63,60.594,1.063,19.6,16.76,35.718,108.37,0.0787,0.0897,0.0342,0.0614,0.0471,0.0297,0.0778,0.042,2.6821,0.0739,0.0011,84.7013,0.0399,559.2002,0.0236,0.0139,0.0141,0.0077,55.5623,3.931,0.0498,0.5319,0.0842,4.66,30.9143,33.4417,11.501,0.0412,3.3728,0.0212,1.4664,0.0645,0.0118,547.6218,336.6408,5203.7763,6591.6044,0.022,0.0454,0.0922,0.5362,0.0401,0.1321,0.3284,0.0639,0.1448,4.6901,0.1195,10.8794,0.0356,1.5056,6.3229,15.6989,0.3029,4.5975,5.2381,10.5218,27.5227,0.0222,0.0375,0.0155,0.0268,0.0128,0.0129,0.04,0.019,0.8673,0.0237,0.0003,27.2131,0.014,192.9111,0.0045,0.0022,19.0305,1.0832,0.0144,0.1769,0.0284,2.9225,1.2479,5.6618,3.1819,1.3588,2.4694,35.4267,7.6185,4.8644,77.1702,3.2116,1.375,2.9106,2.7206,163.3536,878.8110999999999,3.6986,4.978,2.8284,2.176,74.1176,68.998,10.6196,0.9873,1.9676,0.8687,0.2514,4.2176,8.8993,4.8248,8.5238,2.8325,3.4072,30.4959,5.0321,10.3728,15.0743,181.5573,5.0202,47.129650000000005,172.49815,0.0,186.9724,63.7756,0.0,122.3481,452.984,158.6402,37.5233,3.7071,3.1191,0.1103,4.7185,19.3352,520.8431,66.9951,718.6441,3.0271,0.8245,7.3724,0.25379999999999997,6.7555,8.4298,3.5463,11.5617,80.334,15.25,1.24,6.4181,0.4508,111.4616,3.7336,1.5436,0.7272,0.143,71.0573,6.513813809290061,0.17653765569180743,2.6073427071739355,0.07299031381606395,2.4842329350282615,20.471622527621527,531.3936,2.3207,10.19,0.1742,3.5751,0.0606,1.9176,7.5069,0.0091,1.8001,0.0282,0.0194,68.7444
-1.0,2882.17,2213.9333,1.8848,97.1856,1.5604,0.0054,0.0034,204.53,7.9207,425.887,0.9681,194.5456,12.5894,1.3903,-3549.25,-1730.0,1.3033,2.025,7.391,68.2333,1.7667,0.1553,85.2296,8.4421,64.0899,66.2998,86.8508,79.06,2.035,364.6327,147.3436,755.9185,0.8242,131.2991,643.2755,124.7712,4.645,4.915,2854.0,0.9202,-0.4091,366.7445,9.9177,126.9345,10.9205,20.4091,25.9181,730.0005,146.9091,640.5882,69.0277,-0.0284,0.0256,-0.1077,0.0095,0.0158,-0.0318,-0.0296,7.8022,0.1381,0.9865,1871.4415,0.2001,8738.93,0.0218,0.0884,-0.039,-0.0266,0.4646,0.9328,702.5985,0.9867000000000001,57.3464,0.6019,0.9685,6.2795,15.77,3.067,15.8,15.73,1.248,0.5494,3.31,0.0,0.8217,2.3735,1003.61,91.0,133.9,121.9,63.3,356.723,0.1305,0.186,0.0515,0.0388,0.023,8.3497,3.884,16.324,0.0129,0.33,0.0386,295.0,14417.0,0.161,0.167,0.331,2.7,0.493,1.0629,0.0748,0.8627,0.4926,0.6733,0.39,0.0476,4.63,22.62,13.029,1.126,11.94,7.7,35.764,74.892,0.065,0.10470000000000002,0.0914,0.0737,0.0628,0.0244,0.0445,0.0497,2.6418,0.0334,0.0025,110.7181,0.0435,607.5,0.013,0.0194,0.0212,0.0389,64.9022,3.227,0.0366,0.4111,0.0842,4.66,24.995,42.7622,39.7677,0.0561,2.6033,0.0702,1.4898,0.0604,0.0159,123.915,358.4582,103.5258,7224.5063,0.0675,0.069,0.1593,0.7665,0.0533,0.1869,0.4183,0.0303,0.1319,5.9835,0.1301,10.9643,0.0168,1.5437,7.1405,4.2646,0.4506,2.0545,2.1562,11.1539,21.5497,0.0217,0.0455,0.0395,0.0302,0.017,0.0117,0.0191,0.0221,0.9229,0.0107,0.0007,35.6881,0.0158,192.4758,0.0049,0.011,21.2514,1.0375,0.0119,0.1473,0.0284,2.9225,1.2479,4.0629,4.6458,4.6849,2.8592,28.5694,6.9229,11.92,49.0359,3.8329,1.332,2.6213,2.7727,6.8465,833.3526,12.3537,8.2469,4.4784,3.957,56.6038,100.4292,14.2536,1.2471,0.8865,1.3461,0.3623,5.0571,7.418,4.7739,5.7746,3.5263,3.5164,10.4423,5.3591,11.3534,8.7683,109.3356,4.8992,47.129650000000005,108.4955,228.974,258.8114,68.4308,661.4878,154.9206,139.9371,168.0473,33.8603,2.462,1.3989,0.2565,5.9162,21.7512,0.0,44.1472,328.4211,4.5664,4.1719,9.2374,0.25379999999999997,5.6271,6.5471,3.5463,11.5617,72.728,16.56,0.43,6.9391,0.1686,56.191,4.072,0.5912,0.5058,0.0834,50.2702,10.12,0.0884,3.8264,0.0318,3.8046,12.6444,536.1555,1.894,9.41,0.3022,3.3051,0.0789,1.7551,15.9553,0.0168,3.2968,0.0282,0.0194,68.7444
-1.0,3014.35,2203.0445,1.366,104.6633,1.4794,0.0083,0.0005,202.5944,7.0238,390.8367,0.958,192.1669,12.371,1.4088,-3700.3333,1522.0,1.0023,1.882,5.1,62.9778,3.3889,0.2261,84.7228,9.5689,64.0806,65.7291,86.3899,75.55,2.595,355.21,145.8309,742.5695,1.0594,127.6718,628.7127,47.8656,4.596,4.837,2870.0,0.9293,-5.0245,357.2564,10.0681,120.8064,8.8157,25.0245,32.3293,710.2403,143.2591,621.3218,74.837,0.0076,0.0235,-0.0687,-0.0054,-0.0379,-0.0181,-0.0075,7.068,0.1361,0.9871,1877.3975,0.1982,9030.3202,-0.0117,0.0019,-0.029,-0.098,0.4680345756620309,0.9379,740.4595,0.9909,59.2184,0.6001,0.9775,6.1448,15.78,3.175,15.79,15.73,0.9413,0.5406,3.124,1.088,0.8361,2.3695,1004.3856,83.0,64.4,64.5,48.7,285.919,0.1414,0.1138,0.0463,0.0498,0.0317,10.8437,6.067,9.284,0.023,0.51,0.0538,286.0,99.0,0.115,0.079,0.221,2.5,0.183,0.7593,0.2103,0.7241,0.3789,0.7461,0.556,0.1384,7.2,18.49,11.346,1.11,11.37,6.49,35.816,68.239,0.1045,0.0527,0.0443,0.1152,0.0481,0.0686,0.0935,0.0651,4.6767,0.0338,0.0013,84.7578,0.0416,707.1006,0.0265,0.0128,0.05111579254043397,0.0498,125.8728,2.1072,0.0202,0.4653,0.0817,3.8222,20.8327,17.9617,20.3036,0.049,2.2613,0.0329,1.816,0.1557,0.021,157.333,255.3468,1027.4387,43.7645,0.0481,0.0334,0.0971,0.9654,0.0242,0.052,0.2743,0.0833,0.1146,6.2162,0.1759,9.4743,0.0387,2.7656,5.6524,3.5169,0.3627,1.9975,1.8878,10.7425,21.8817,0.0309,0.0264,0.0199,0.0555,0.0174,0.0346,0.0485,0.0307,1.5296,0.0113,0.0004,31.6497,0.014,259.1034,0.010992590547970534,0.0173,42.8633,0.6832,0.0065,0.1483,0.0288,4.7805,1.2918,3.7129,2.1364,2.431,2.2106,28.7022,10.3517,7.692,86.3775,2.3754,2.3988,4.1225,3.8196,54.8869,6.5046,11.4742,4.1977,4.3333,3.9697,23.6066,27.4201,3.9287,0.8962,2.1977,1.13,0.1737,4.8647,6.679,4.3912,13.0673,5.6395,2.9409,23.7039,6.0687,11.0249,7.9218,128.9746,5.0428,22.8082,91.1835,0.0,118.0952,167.8077,889.711,180.8833,515.8621,870.903,66.1669,3.8812,1.4054,0.128,4.5146,20.9612,417.1079,113.3333,0.0,11.313253297137406,5.3104,16.9993,0.0768,3.5583,7.5719,3.4486,9.8724,72.562,24.07,0.79,10.7594,0.2878,20.4319,5.9878,1.0887,0.5147,0.148,40.469,2.42,0.0854,1.0696,0.0313,0.9026,13.6847,529.4873,2.4094,7.76,0.3774,2.4528,0.1124,1.4656,15.6642,0.0111,2.2111,0.0283,0.0204,72.2002
-1.0,2901.07,2207.0444,1.7571,97.0189,1.513,0.0011,0.0026,204.4123,5.6194,409.8024,0.9673,194.3435,12.5351,1.3929,-2445.0,4442.5,1.2887,2.0068,7.2338,69.9111,2.1333,0.1988,86.3849,8.7897,63.8901,66.3232,86.7752,63.93999999999998,5.041,358.1755,141.8855,743.8126,1.3552,140.1055,640.1664,203.901,4.635,4.907,2851.0,0.9248,-0.7236,357.1709,10.3828,121.1618,17.1709,20.7236,29.1042,714.7085,144.6627,622.9955,100.3465,0.0291,0.0452,-0.0907,0.0019,-0.0133,-0.0511,-0.0264,7.4754,0.1373,0.9917,1795.6262,0.1958,9379.4399,-0.0148,0.0353,-0.0183,0.0558,0.4587,0.9464,803.9097,0.9903,59.5345,0.6067,0.9697,6.3226,15.76,2.932,15.83,15.82,1.196,0.5374,3.358,0.0,0.8203,2.3766,1001.2553,125.0,62.8,72.7,54.5,449.78,0.1339,0.1116,0.0551,0.0248,0.0235,8.279,3.67,12.244,0.0143,0.26,0.0392,634.0,10483.0,0.029,0.094,0.157,1.7,0.599,0.4645,0.1403,0.679,0.3742,0.5741,0.695,0.1289,12.04,22.01,51.652,0.412,20.55,6.26,37.002,67.095,0.0847,0.10470000000000002,0.0904,0.1067,0.0849,0.0484,0.0836,0.0989,4.3612,0.0897,0.0009,111.1252,0.0383,1253.9004,0.0181,0.0207,0.120188138292432,0.0193,128.2955,2.5676,0.0509,0.4614,0.0828,2.5755,30.8931,20.2898,22.7575,0.0412,3.3728,0.036,1.2301,0.0787,0.0134,269.099,209.9603,1636.8075,4282.6148,0.0129,0.0415,0.0745,0.6173,0.0279,0.166,0.1781,0.0575,0.0721,5.376,0.1948,11.4061,0.0411,3.1241,6.8617,16.4954,0.1204,1.679,1.6666,11.6273,24.1013,0.0194,0.0455,0.0427,0.046,0.0253,0.0212,0.0395,0.0459,1.6121,0.0285,0.0003,43.6653,0.0117,408.6596,0.02801905827358544,0.0062,41.2,0.8653,0.0147,0.1479,0.0288,2.0867,0.9471,5.4734,2.1647,2.9012,2.4694,35.4267,7.6185,7.3761,65.3099,2.9878,1.4735,2.0742,2.8149,153.047,235.9707,2.2502,4.6842,2.1704,2.4317,70.3125,45.7798,17.5763,0.5377,1.5958,1.0628,0.6795,5.2097,9.409,5.1841,9.5143,8.5935,3.4382,25.3319,5.9285,3.9681,8.5093,119.6789,5.1772,16.8649,66.8633,291.5035,257.6971,117.5758,0.0,363.9098,163.6809,374.6212,58.3414,2.8398,3.7156,0.088,6.1887,19.5589,0.0,47.2973,0.0,26.600115265074077,2.039,15.9589,0.084,4.3127,7.2976,3.4853,6.4684,77.538,16.98,1.3,7.7989,0.4972,13.4034,4.2103,1.6766,0.1031,0.0253,10.8294,6.87,0.1074,2.5087,0.047,2.575,13.6166,530.21,2.2897,10.4,0.2327,3.4848,0.0833,1.9615,10.1625,0.0119,2.3597,0.0235,0.0355,150.7761
-1.0,2882.76,2172.5333,1.6377,103.88,1.5766,-0.0104,0.0042,198.2299,5.6548,394.7654,0.9772,187.698,12.4722,1.4198,-3868.25,1558.0,0.9987,1.8735,5.0773,66.8222,2.5444,0.1987,85.5573,8.6915,64.1145,66.1976,86.8147,79.48,2.213,353.3864,126.9936,714.8273,1.1164,140.2491,620.6291,44.3742,4.588,4.846,2820.0,0.9352,1.3255,350.1791,10.7674,108.3191,15.0927,18.6745,23.2849,691.5424,147.0382,605.5364,112.308,-0.0199,0.0076,-0.0386,-0.0114,0.0249,-0.0209,0.0179,7.2199,0.1388,0.9902,1787.2954,0.2029,8731.8,-0.1597,0.0074,0.1615,0.1289,0.4664,0.9412,616.1472,0.9867000000000001,57.767,0.599,0.9667,6.2852,15.77,3.067,15.8,15.73,1.248,0.5494,3.31,0.0,0.8217,2.3735,1003.61,126.0,113.2,59.3,55.2,300.8981,0.6121,0.1492,0.0642,0.0448,0.0095,6.4248,4.072,16.796,0.0065,0.37,0.0385,742.0,88.0,0.144,0.108,0.107,3.1,0.207,0.8247,0.106,0.6741,0.3306,0.7185,0.881,0.2711,11.72,17.71,18.097,0.341,18.9,5.82,31.02,87.032,0.0364,0.0772,0.0308,0.0921,0.0631,0.0245,0.0881,0.0588,4.2356,0.1074,0.0005,112.7899,0.0896,691.7998,0.0167,0.0254,0.0427,0.043,116.4966,5.0419,0.0246,0.6329,0.0842,4.66,33.5499,32.8746,16.6014,0.2339,1.6021,0.0502,1.1548,0.0937,0.0122,304.6434,381.9218,778.8228,42.7395,0.0647,0.0483,0.0474,1.0918,0.0308,0.0633,0.3077,0.0489,0.1406,6.0309,0.224,9.6326,0.0695,3.7993,5.609,5.3685,0.0981,1.8927,1.8717,9.8504,25.2798,0.0115,0.0345,0.013,0.0432,0.0166,0.0112,0.0477,0.0289,1.2937,0.0333,0.0001,34.8268,0.026,240.1218,0.0111,0.0142,40.8811,1.5894,0.0069,0.2159,0.0284,2.9225,1.2479,5.678,3.9268,2.3568,2.5408,22.2564,37.3729,9.4635,72.0094,4.2547,0.6628,2.9666,2.711,44.1802,5.6483,14.418,5.7646,2.1074,4.6392,31.441,42.7852,4.4961,0.9639,1.2202,1.0514,0.1421,4.8021,7.0476,4.8966,24.2854,8.3566,2.8536,40.7827,7.9898,3.167,6.9517,125.2259,4.4856,16.4183,77.494,183.2023,97.7834,238.9105,552.2976,98.4925,422.0359,329.4118,58.6661,1.9452,4.4723,0.0482,6.3106,44.1735,0.0,51.296,0.0,9.1547,4.5731,18.9073,0.25379999999999997,8.7281,10.0697,3.5463,11.5617,80.20380939301367,17.172786785136193,1.3495548496045726,7.9056769255772865,0.550993412024253,50.45265214218609,4.23198194680595,1.6516695675967386,0.1028,0.0308,10.7623,4.98,0.0877,2.0902,0.0382,1.8844,15.4662,536.44,1.4805,8.33,0.3351,2.7261,0.0953,1.5528,22.631,0.011,2.2067,0.0235,0.0355,150.7761
-1.0,3047.76,2187.6667,0.9253,101.8611,1.6004,-0.0024,0.0056,199.7304,7.0945,408.0503,0.9712,189.6225,12.481,1.403,-4363.75,1481.0,0.9713,1.8915,5.1098,68.3111,2.3667,0.1644,84.0746,9.3335,64.3729,66.5362,86.8786,66.55,3.142,349.8718,150.7491,742.7219,0.9145,126.1864,626.8073,61.1522,4.599,4.816,2828.0,0.9319,-6.8627,353.73,9.8308,123.8864,8.6287,26.8627,33.9056,708.8163,144.6455,622.2618,60.9487,-0.0135,0.0066,-0.0455,0.0058,-0.0628,-0.0121,-0.0073,6.3978,0.1241,0.9884,1747.3708,0.2018,8733.4701,-0.0325,0.0288,0.1246,0.1126,0.4669,0.9371,754.9704,0.9909,58.2705,0.5757999999999998,0.9674,6.312,15.87,2.854,15.87,15.88,1.343,0.4947,3.265,-0.9461,0.8244,2.3573,1008.0704,200.0,179.6,92.6,58.2,259.3379,0.3278,0.23175000000000004,0.1007,0.0615,0.0285,6.6255,3.669,16.791,0.0165,0.53,0.0361,384.0,170.0,0.065,0.08,0.192,4.0,0.145,0.6425,0.1151,0.6534,0.4311,0.8073,0.773,0.1585,11.33,21.81,27.644,1.107,13.26,9.11,30.988,110.125,0.091,0.0387,0.0546,0.0542,0.0899,0.1077,0.1257,0.0821,3.1221,0.0689,0.0057,90.368,0.058,1529.5005,0.0263,0.0261,0.034,0.0415,160.1375,2.7155,0.0195,0.3851,0.0935,2.9982,43.4094,54.4269,24.6068,0.1251,1.3538,0.08085,1.0692,0.1694,0.0134,169.6604,247.319,2583.2899,72.3786,0.0277,0.0341,0.0905,1.2098,0.0341,0.0471,0.2516,0.0408,0.133,6.3875,0.2265,9.255,0.045,3.537,6.5405,8.1558,0.4516,3.2391,2.6955,10.0987,33.3692,0.0264,0.017,0.0241,0.0237,0.0274,0.0539,0.0613,0.0377,1.1091,0.024,0.0017,28.4082,0.0198,563.8094,0.0081,0.0134,55.8666,0.7289,0.0082,0.1309,0.0328,4.8581,1.0391,9.053150000000002,5.8929,3.7843,2.6604,17.6553,35.4223,16.1177,51.7165,4.1149,1.6959,4.2464,2.5724,144.0275,11.4787,6.6924,4.2294,3.7575,5.8556,38.0282,60.8108,3.1123,0.7642,1.2332,1.015,0.2593,5.7221,6.2156,4.1127,17.3284,8.9788,3.4795,45.2053,6.2634,11.2605,8.9114,153.6727,4.3718,47.129650000000005,172.49815,674.6988,59.7222,119.0555,0.0,171.5651,0.0,0.0,48.8003,2.6587,2.8605,0.5746,5.1717,28.7267,405.0436,32.3316,670.9677,7.2732,4.4307,21.2111,0.1097,4.6602,6.1016,3.9663,7.96,73.99341526669744,17.038663027764603,1.20528466048538,7.609478977724415,0.4796736414416458,64.19261186722949,4.22303577646784,1.6444770988474113,0.4722,0.102,47.843,10.21,0.2088,4.0258,0.0786,3.8098,35.6964,530.5864,2.4746,9.96,0.3503,3.4423,0.1132,1.8772,14.1572,0.0139,2.7758,0.0235,0.0355,150.7761
-1.0,3133.43,2173.4556,1.0304,110.5422,1.5261,0.0019,0.0034,197.1227,10.7231,432.2275,0.9634,187.6152,12.5478,1.4133,-5122.0,1380.25,0.9817,1.8755,5.0382,68.2222,2.6333,0.1722,85.7103,8.5251,64.2481,65.7041,87.1828,79.59,2.23,354.35,142.4982,741.8324,1.3071,141.6027,638.4509,219.6996,4.591,4.848,2859.0,0.9257,7.0591,353.7773,10.1959,129.5573,13.7289,12.9409,19.9831,721.8494,142.8527,626.1873,114.3696,-0.0256,0.0059,-0.0871,-0.0291,-0.0001,-0.0144,-0.0008,8.4861,0.1304,0.964,1860.1034,0.2001,9125.72,-0.0393,0.0186,-0.0445,-0.0623,0.4602,0.948,784.4543,0.9904,57.305,0.6042,0.9744,6.1596,15.88,4.289,15.95,15.92,1.206,0.7372,3.225,-0.5204,0.7884,2.2588,1004.7367,129.0,95.2,103.5,52.5,143.6,0.1972,0.1073,0.0482,0.0358,0.0178,2.3177,6.717,14.944,0.0122,0.23,0.0354,347.0,79.0,0.142,0.088,0.104,2.2,0.144,0.7448,0.0729,0.5286,0.279,0.7792,0.388,0.1064,7.92,24.53,34.763,0.462,18.22,5.78,40.736,84.364,0.0455,0.0627,0.0819,0.0408,0.0526,0.0869,0.0497,0.0379,3.1216,0.0208,0.0109,91.7208,0.042,799.2002,0.014,0.0148,0.0291,0.0221,94.1448,1.835,0.0319,0.3454,0.1056,4.846,31.6811,32.9223,33.5442,0.0784,1.6246,0.0323,1.8612,0.0716,0.0128,147.8434,321.5561,2536.9566,32.8773,0.0598,0.0368,0.044,0.6629,0.0342,0.0474,0.2744,0.0267,0.1338,5.0673,0.1242,11.8933,0.0319,2.6425,7.155,9.9747,0.1536,1.9001,2.5575,12.6476,28.9785,0.0141,0.028,0.0356,0.017,0.0158,0.0423,0.0253,0.0191,0.9876,0.0087,0.0041,32.1777,0.0119,245.504,0.0083,0.0069,26.9513,0.6203,0.0112,0.117,0.0383,5.2657,1.6323,5.6924,3.0382,4.3007,2.4155,10.0162,19.1426,7.0311,62.6405,3.4574,1.267,1.833,2.5048,105.8376,5.7236,14.464,4.6921,2.0642,3.2248,41.7722,56.9032,3.1003,0.869,0.8555,0.8227,0.154,4.219,10.5405,5.5717,8.1373,5.5931,3.8421,15.823,6.0634,4.5312,10.7752,132.7128,5.6433,15.4905,73.7643,178.0386,618.59025,46.8158,180.6396,0.0,345.7391,0.0,36.7847,2.7607,0.8614,1.1329,4.931,20.9657,0.0,44.4902,0.0,6.3298,2.3266,12.0013,0.0751,3.2022,5.6077,4.6735,13.2593,73.976,19.75,1.39,8.8722,0.5158,91.8182,4.8823,1.879,0.1623,0.0397,16.633,4.98,0.0877,2.0902,0.0382,1.8844,15.4662,533.0191,2.0856,10.4301,0.3025,3.4041,0.1072,1.9568,14.5051,0.0168,3.3773,0.0235,0.0355,150.7761
-1.0,3080.01,2172.1223,1.5915,100.2533,1.4337,-0.0006,0.0082,197.5113,8.5405,412.8772,0.9613,188.1044,12.5478,1.3972,-3988.25,1592.5,0.9872,1.8702,5.04,70.4667,2.4222,0.1819,85.7103,8.5251,64.2481,65.7041,87.1828,79.59,2.23,354.4564,136.8655,733.1962,0.931,139.5109,630.8327,115.2115,4.584,4.829,2858.0,0.9265,2.2118,355.4882,10.388,119.0773,12.1947,17.7882,23.5681,709.6281,145.7764,620.3418,120.3037,-0.0206,-0.021,-0.0884,0.0144,0.0061,-0.0086,-0.0139,7.9662,0.1388,0.9882,1848.1731,0.2269,9021.22,-0.0261,-0.0009,-0.0314,-0.0006,0.4646,0.9412,701.3177,0.9913,59.5637,0.6046,0.9667,6.4197,15.88,4.289,15.95,15.92,1.206,0.7372,3.225,-0.5204,0.7884,2.2588,1004.7367,109.0,126.4,137.9,43.5,330.35,0.6545,0.082,0.0397,0.0336,0.0182,2.5733,7.13,13.967,0.0137,0.23,0.0728,132.0,233.0,0.074,0.033,0.205,2.2,0.162,0.7448,0.0729,0.5286,0.279,0.7792,0.649,0.0921,11.07,20.11,21.419,0.564,17.33,4.16,35.088,72.027,0.051,0.0424,0.0362,0.0393,0.0696,0.0875,0.0898,0.029,3.4689,0.0319,0.0021,118.3518,0.1254,449.6006,0.0104,0.0127,0.0446,0.0161,34.9927,3.3584,0.0208,0.3431,0.1056,4.846,29.2832,39.4726,45.3123,0.2699,0.8979,0.0265,2.4605,0.0716,0.0211,54.4977,191.4906,408.2429,99.6477,0.0342,0.0158,0.0945,0.7365,0.0213,0.0524,0.2744,0.0267,0.1338,6.0691,0.2224,10.6789,0.026,2.8252,6.6571,5.759,0.1762,1.4154,1.4306,11.115,20.1317,0.0131,0.0199,0.0168,0.0176,0.0179,0.0451,0.05,0.0134,1.2079,0.0099,0.0008,44.8813,0.0374,129.1183,0.0125,0.0052,11.1042,0.8769,0.0084,0.1214,0.0383,5.2657,1.6323,5.0503,4.1039,5.5582,2.0026,17.654,41.1249,5.7193,83.4841,3.3828,1.4277,1.833,5.2127,21.6887,14.6311,7.4956,1.7645,4.0675,3.122,33.0275,38.485,3.516,0.869,0.8555,0.8227,0.154,6.0797,8.8846,4.8043,9.8966,7.9349,3.1878,18.591,9.842500000000001,5.4293,8.9522,142.1109,4.9446,8.7525,59.871,247.1978,618.59025,44.4696,484.5953,0.0,0.0,207.8853,43.5458,1.8732,1.3349,0.2154,6.4037,63.31987047269746,664.0523,67.884,0.0,9.6013,1.7075,4.9896,0.0507,5.6383,5.3445,4.6735,13.2593,74.68,20.92,1.15,9.4824,0.4773,57.8532,5.0986,1.5399,0.1282,0.0293,13.3303,4.98,0.0877,2.0902,0.0382,1.8844,15.4662,533.0191,2.0856,10.4301,0.3025,3.4041,0.1072,1.9568,14.5051,0.0152,3.0469,0.0235,0.0355,150.7761
-1.0,2967.57,2172.1223,1.5915,100.2533,1.4873,0.0,0.0031,196.9941,7.9655,425.0815,0.9616,187.7264,12.5478,1.3952,-1363.875,-3775.25,1.3245,2.0008,7.2403,70.5444,1.6111,0.1254,85.7103,8.5251,64.2481,65.7041,87.1828,79.59,2.23,354.1745,137.6236,735.9456,1.3719,143.7173,635.5155,203.1476,4.591,4.848,2859.0,0.9257,7.9373,354.5909,10.3482,125.5609,12.8055,12.0627,18.1451,717.8006,142.5582,622.71,114.8653,-0.0323,-0.0135,-0.0917,-0.0019,-0.0087,-0.0264,0.0002,6.719,0.1306,0.9836,1900.1544,0.1459,9374.13,0.0025,0.0865,0.0156,-0.0605,0.4653,0.9365,813.1202,0.9909,59.2458,0.6026,0.9763,6.2186,15.88,4.289,15.95,15.92,1.206,0.7372,3.225,-0.5204,0.7884,2.2588,1004.7367,142.0,72.2,42.7,43.5,330.35,0.6545,0.1374,0.0454,0.0384,0.0156,2.3318,7.644,12.459,0.0132,0.23,0.0466,574.0,17919.5,0.048,0.069,0.205,2.6,0.446,0.7448,0.0729,0.5286,0.279,0.7792,0.399,0.1687,6.83,20.56,46.903,0.257,21.01,6.24,34.4821,81.33,0.0393,0.045,0.029,0.0439,0.0525,0.0734,0.0879,0.0423,2.58,0.0266,0.0131,131.4241,0.0165,735.4004,0.0114,0.0179,0.0263,0.0143,66.8197,3.3492,0.0368,0.3784,0.1056,4.846,36.7491,24.9011,13.9232,0.2699,0.8979,0.0484,2.2612,0.0716,0.0166,259.8493,261.4766,4366.9941,8981.9436,0.0222,0.0326,0.0939,0.8546,0.0359,0.1597,0.2744,0.0267,0.1338,5.3721,0.1139,10.3068,0.0492,2.1423,6.4497,15.278,0.0788,2.0649,2.764,10.967,27.5288,0.0118,0.0209,0.0133,0.02,0.0151,0.0363,0.0464,0.0181,0.7968,0.0089,0.0039,42.5318,0.0055,255.1632,0.0062,0.0052,23.3166,0.9996,0.0126,0.1233,0.0383,5.2657,1.6323,6.3689,2.433,1.6938,2.0026,17.654,41.1249,9.238,95.9644,2.931,1.3733,1.833,3.3423,298.58439999999996,537.4214,3.624,3.4487,2.8314,3.6856,55.8621,89.2826,13.3263,0.869,0.8555,0.8227,0.154,4.7462,8.7412,4.645,12.3005,4.7524,3.2352,23.0881,6.0634,2.4835,7.2873,164.07,4.8038,15.1578,70.8047,121.7425,297.5207,47.8605,0.0,838.8571,333.2701,0.0,38.3989,2.6031,1.0926,1.3313,6.9165,11.3019,0.0,46.6586,335.4839,5.6533,1.5217,8.2177,0.0787,5.6531,6.085,4.6735,13.2593,82.048,19.71,1.57,8.6046,0.6454,43.0461,4.8384,1.9135,0.1882,0.0419,19.2616,4.98,0.0877,2.0902,0.0382,1.8844,15.4662,533.0191,2.0856,10.4301,0.3025,3.4041,0.1072,1.9568,14.5051,0.0126,2.5294,0.0235,0.0355,150.7761
-1.0,3007.38,2170.9667,1.043,104.9756,1.4396,0.0043,0.0064,200.0002,3.574,413.8273,0.9634,189.9534,12.4724,1.4081,-2348.0,1455.0,0.988,1.8835,5.103,70.1667,2.6444,0.1704,85.7103,8.5251,64.2481,65.7041,87.1828,79.59,2.23,376.0782,131.8818,746.7126,1.3295,141.7045,649.6645,186.7506,4.628,4.831,2901.0,0.919,0.8745,370.71,10.4641,112.7564,23.33,19.1255,27.5264,719.1863,142.8682,626.3345,81.1397,0.0091,-0.0007,-0.0512,0.0203,0.0071,-0.0302,0.0639,8.7231,0.1404,0.9906,1787.1343,0.2015,9243.0101,0.1094,-0.0298,-0.0181,-0.0637,0.4598,0.9471,785.3684,0.9908,58.637,0.6032,0.968,6.3108,15.88,4.289,15.95,15.92,1.206,0.7372,3.225,-0.5204,0.7884,2.2588,1004.7367,84.0,84.6,106.2,47.0,377.083,0.3053,0.0902,0.0357,0.0458,0.0217,9.7495,3.227,5.444,0.0148,0.26,0.0429,400.0,173.0,0.128,0.079,0.158,2.9,0.104,0.7448,0.0729,0.5286,0.279,0.7792,0.463,0.1641,5.15,11.05,24.973,0.528,10.66,5.7,20.171,72.848,0.0456,0.0474,0.0782,0.0817,0.0949,0.0899,0.0529,0.1183,2.5678,0.0698,0.001,100.9746,0.0533,1098.4004,0.0129,0.0203,0.0264,0.0192,143.1306,1.9135,0.0341,0.3455,0.1056,4.846,23.3469,27.0513,34.5064,0.0982,2.265,0.0325,0.9815,0.0697,0.014,179.862,309.3406,2315.5617,80.2039,0.0525,0.0357,0.0706,0.9747,0.0271,0.033,0.2744,0.0267,0.1338,5.0138,0.1332,4.4974,0.0474,1.7031,2.9752,7.765,0.157,1.5172,2.6366,5.6384,19.7598,0.0125,0.0222,0.0356,0.0399,0.0253,0.0455,0.0228,0.0643,0.818,0.0253,0.0004,32.1465,0.0171,320.1793,0.0068,0.005,40.9921,0.6725,0.0117,0.1216,0.0383,5.2657,1.6323,3.7985,2.8131,4.291,2.1649,23.562,29.2712,6.2656,90.291,1.3155,1.5321,2.0846,3.0467,219.4208,11.89,12.9555,4.1943,3.0962,4.133,26.4706,51.043,2.2454,0.869,0.8555,0.8227,0.154,4.1826,11.4117,2.1198,12.3399,3.6343,1.7009,13.3724,2.6251,5.0458,9.25,45.6923,2.8047,11.2202,89.7809,498.7013,618.59025,159.4924,468.0641,0.0,175.0207,185.133,29.4367,1.5671,3.063,0.101,5.6501,26.4596,0.0,47.4506,1000.0,5.7412,2.0229,18.2246,0.1306,3.2633,5.4749,4.6735,13.2593,75.4526390715233,16.79079222453986,1.2365483515508204,7.615126145428817,0.5090682119087759,59.21145317463171,4.171359374378805,1.6604482669967593,0.2003,0.0413,20.7785,6.463018096351825,0.12973767665646882,2.766599565993939,0.054108473559156225,2.4754687010256995,20.303521939927528,532.38,1.9613,7.14,0.1887,2.5516,0.059,1.3412,9.6225,0.0142,2.8677,0.0235,0.0355,150.7761
-1.0,3012.56,2180.7,1.0177,98.9367,1.411,-0.0016,0.0129,204.2996,7.8925,416.9795,0.972,194.4858,12.5208,1.3713,-4686.5,5385.6667,1.259,1.9945,7.2805,70.1556,2.0444,0.1836,85.7103,8.5251,64.2481,65.7041,87.1828,79.59,2.23,377.2973,132.81,750.1098,1.3163,142.3718,652.4791,185.3621,4.628,4.831,2901.0,0.919,3.99,373.8664,10.2062,116.8,20.0736,16.01,23.6925,726.4173,141.7391,632.4055,89.2172,0.008,-0.0156,-0.064,0.0006,0.0106,-0.0149,0.0003,7.4967,0.1388,0.9906,1837.1822,0.2535,8912.9999,0.0039,0.0186,0.0385,0.0524,0.4581,0.9393,690.3471,0.9906,58.5367,0.598,0.9602,6.6311,15.84,4.013,15.85,15.81,1.007,0.7099,3.343,0.8042,0.789,2.2622,1006.4757,200.0,91.6,68.3,45.7,442.248,0.2324,0.0737,0.0401,0.0407,0.0115,8.6798,3.117,19.375,0.0083,0.36,0.0818,790.0,17919.5,0.017,0.093,0.11,1.7,0.456,0.7448,0.0729,0.5286,0.279,0.7792,0.489,0.1798,6.87,9.47,35.054,1.132,18.05,5.16,17.653,60.934,0.0516,0.0573,0.0449,0.0362,0.0347,0.1005,0.0949,0.0885,3.3645,0.0319,0.0004,88.3533,0.1254,1156.4004,0.029,0.0208,0.0204,0.0188,129.5646,2.0987,0.0392,0.4197,0.0992,4.9888,45.32809999999999,30.1135,26.1955,0.0708,2.5498,0.031,1.0102,0.0839,0.032,328.1732,132.6383,1206.9401,8994.62525,0.008,0.0436,0.0459,0.579,0.0397,0.1565,0.2744,0.0267,0.1338,4.5588,0.1508,5.2507,0.0506,1.8294,2.8249,9.2127,0.3428,1.8296,2.8051,5.3186,20.5645,0.0111,0.0267,0.021,0.0148,0.0092,0.0428,0.0503,0.0383,1.1762,0.0099,0.0001,32.814,0.0374,376.6241,0.0057,0.0081,40.4514,0.6135,0.0128,0.1542,0.0379,6.1407,1.7398,9.053150000000002,3.0406,2.6947,2.0957,38.1451,22.8359,5.2231,39.493,4.6465,0.8588,2.8752,5.9666,58.2951,364.8945,1.3503,4.6628,1.5109,2.4232,58.6957,64.8305,13.4083,0.869,0.8555,0.8227,0.154,3.7106,10.2251,2.4588,13.6628,4.8254,1.4514,18.9111,2.6251,11.0913,9.2295,89.9188,2.4301,14.751,68.2985,641.4918,0.0,56.5625,0.0,945.8824,639.0572,0.0,44.8801,1.8732,1.3349,0.0414,4.8092,63.31987047269746,0.0,51.6432,0.0,4.4626,1.9964,18.768,0.0816,3.5852,5.5798,4.3844,12.3204,74.612,19.89,1.13,9.402,0.5245,47.5471,4.865,1.5145,0.3275,0.061,35.1945,7.83,0.1404,3.1999,0.0587,3.0867,20.7897,535.1664,2.0973,7.19,0.2556,2.2021,0.0745,1.3435,12.1875,0.0254,5.098,0.0262,0.0123,47.1425
-1.0,2958.91,2191.5667,0.9187,104.4511,1.4482,-0.0321,0.0048,198.6748,8.9288,403.6765,0.9758,188.7429,12.4849,1.4139,-2409.5,1517.25,0.9865,1.883,5.0972,67.0556,2.6889,0.2184,85.4112,8.6005,64.0546,66.1606,86.6618,77.69,1.1460000000000004,375.2936,129.45,741.2695,0.9163,138.8291,643.5727,122.5178,4.661,4.9,2887.0,0.9194,4.4455,372.5282,10.4475,113.8955,14.7982,15.5545,21.9164,719.3532,142.3509,628.7745,102.5914,-0.0038,-0.0182,-0.0598,-0.0134,0.0365,-0.0213,-0.0295,7.2191,0.1353,0.9669,1753.205,0.2261,9091.42,0.0413,-0.1088,0.0115,0.0145,0.4487,0.9411,802.4611,0.9916,57.9866,0.5979,0.9648,6.4195,15.71,4.062,15.71,15.74,1.182,0.5822,2.745,-0.6623,0.6852,2.3296,993.4924,84.0,74.1,82.7,54.5,228.416,0.2207,0.1083,0.086,0.0524,0.0123,7.809,11.072,11.242,0.0078,0.3,0.0307,347.0,138.0,0.133,0.103,0.156,1.6,0.149,0.9607,0.1188,0.5322,0.2887,0.7379,0.513,0.0971,3.91,13.1,22.867,0.483,12.79,4.95,18.445,68.233,0.0458,0.026,0.0391,0.0427,0.0712,0.041,0.0758,0.0565,7.2824,0.0743,0.0054,119.6819,0.1254,701.8994,0.0105,0.0103,0.0383,0.0214,82.2494,3.5694,0.0434,0.6279,0.0307,2.2354,24.4949,28.011,27.8613,0.0635,2.1807,0.0336,3.0778,0.0849,0.0096,143.9708,339.2692,2912.5156,57.4942,0.0556,0.0457,0.0654,0.5151,0.0404,0.0435,0.3688,0.0459,0.1072,5.2038,0.1374,4.5995,0.0273,1.2469,3.6655,6.3728,0.1506,1.6785,2.3385,5.4556,22.3297,0.0146,0.0121,0.0169,0.0194,0.0189,0.0182,0.0428,0.0273,2.5408,0.0231,0.0015,35.4452,0.0374,234.4754,0.011,0.0061,23.7191,0.9172,0.0122,0.202,0.0109,12.9251,0.8402,3.8189,2.5043,3.3615,2.4868,15.7651,24.0175,7.4784,124.003,2.7849,0.7993,2.4029,2.1712,285.3704,9.0954,13.482,5.47,3.0605,2.3861,40.9091,59.0539,3.2202,1.1248,1.3818,0.8309,0.1803,4.6604,10.1275,2.2919,10.5995,2.8164,2.0355,18.6642,2.1982,4.6231,8.8766,86.4297,2.5641,17.3173,66.5095,0.0,49.5238,71.4047,532.5853,112.1751,355.4513,191.6879,107.56075,2.218,3.169,0.5578,6.8265,63.31987047269746,0.0,66.8407,396.5812,8.5471,2.2767,10.2496,0.0902,6.1555,9.7814,1.3183,6.084,75.00685001413692,16.73344884020052,1.23119815409166,7.627160813696617,0.5054875241451662,69.59604147171481,4.152645616553398,1.657685837594801,0.2003,0.0413,20.7785,4.94,0.3378481311764915,2.1565,0.1352392452747727,1.9513,38.05341532073962,532.5227,1.9491,7.18,0.1639,2.6016,0.0507,1.3483,8.4114,0.0139,2.779,0.005,0.0138,255.5817
-1.0,2940.56,2170.9667,1.043,104.9756,1.4035,0.002,0.0027,198.7807,10.8036,410.0879,0.9719,188.3173,12.5478,1.4076,-3727.0,-280.25,1.2868,2.0072,7.298,68.0889,2.1111,0.1738,84.6614,8.7994,64.1107,66.1349,86.7297,63.93999999999998,1.1460000000000004,358.0255,139.0055,739.2924,1.3598,140.7564,637.7873,170.4445,4.595,4.84,2862.0,0.9244,15.64135,332.7900000000001,10.4545,138.46505,28.095450000000003,33.141349999999996,23.241,746.1558999999997,135.88494999999995,649.8572499999998,74.5819,-0.0118,-0.0145,-0.0741,-0.0046,0.0394,-0.0144,-0.0112,7.569,0.1373,0.9917,1795.6262,0.1991,8729.3199,0.0418,0.0288,-0.0011,-0.0617,0.4589,0.9324,750.868,0.9867000000000001,56.3711,0.5973,0.9786,6.2494,15.71,4.062,15.71,15.74,1.182,0.5822,2.745,-0.6623,0.6852,2.3296,993.4924,115.0,105.8,103.8,47.0,377.083,0.3053,0.0699,0.0295,0.0351,0.0193,9.0736,6.395,5.19,0.0109,0.23,0.0467,816.0,8134.0,0.103,0.114,0.146,3.1,0.291,0.7141,0.0833,0.4138,0.3421,0.7448,0.759,0.1317,8.93,25.52,43.601,1.5694999999999997,21.63,5.02,50.50850000000001,158.96999999999997,0.0515,0.0501,0.0405,0.0613,0.0389,0.069,0.072,0.0487,3.2971,0.1074,0.0009,111.1252,0.0936,393.1006,0.0258,0.03420000000000001,0.0203,0.007,38.3231,7.013000000000001,0.0578,0.3884,0.0307,2.2354,30.3155,32.0915,31.8812,0.0982,2.265,0.0218,1.6443,0.0716,0.0136,391.0891,66.2621,721.2411,3575.5089,0.0468,0.0484,0.0715,0.7928,0.0481,0.0898,0.2553,0.0341,0.108,5.1021,0.2162,12.2044,0.0407,2.9714,7.2245,12.5314,0.45265,2.7301,6.425799999999999,15.979750000000005,50.93910000000001,0.013,0.0211,0.0166,0.026,0.0122,0.0316,0.0406,0.025,1.064,0.0333,0.0003,43.6653,0.0268,122.1204,0.0058,0.0021,10.9061,2.1109999999999998,0.0161,0.1208,0.0109,12.9251,0.8402,5.0643,3.598,4.1675,2.1649,23.562,29.2712,4.9805,59.193,1.2656,1.1257,1.833,3.3199,45.3448,0.0,8.0047,5.6794,2.0005,4.5529,61.5789,78.8363,8.5457,0.8435,0.9462,0.6454,0.2977,4.5388,11.5679,5.7259,9.6834,6.3443,4.0013,25.5808,5.8592,15.138300000000001,17.537999999999997,11.4997,7.166999999999998,47.129650000000005,172.49815,436.2096,0.0,82.726,843.3604,175.1269,499.1334,432.8889,43.5597,2.8398,4.4723,0.088,6.1887,47.0261,0.0,68.75,954.8387,4.4213,0.7455,5.1038,0.25379999999999997,11.90745,6.2146,1.3183,6.084,87.95727032293902,18.433732736134342,1.450953658281421,8.606792268881662,0.4612212420989106,69.92040026306685,4.423054664629725,1.7371689598314266,0.2197,0.0392,23.0054,5.92,0.1346,2.2899,0.055,2.2318,16.7125,534.34,2.044,9.17,0.2759,2.996,0.0746,1.7161,13.4998,0.0114,2.3065,0.005,0.0138,255.5817
-1.0,3021.45,2113.0778,0.9218,97.92,1.5448,-0.016,0.0016,197.2046,8.3735,407.3401,0.9716,187.4787,12.5227,1.3976,-5077.75,-1363.6667,1.3043,1.9852,7.299,67.0444,2.5222,0.2194,84.2212,9.2047,64.0841,66.4854,87.0488,65.01,3.459,356.23,140.7155,741.4598,0.9419,144.4782,641.4236,122.6392,4.613,4.867,2856.0,0.9266,-0.2845,356.0273,10.4555,120.4309,12.0856,20.2845,26.7021,714.7577,154.0873,630.5455,99.412,0.0156,-0.0214,-0.069,0.029,0.0508,-0.0108,-0.013,8.3689,0.1293,0.9647,1717.4289,0.1764,8943.13,-0.0317,0.0028,0.0313,0.0372,0.4619,0.9476,758.9631,0.9903,58.5086,0.6079,0.9672,6.6311,15.72,4.264,15.75,15.77,1.154,0.694,2.945,-0.1419,0.6556,2.3162,1007.3403,143.0,262.9,237.5,53.6001,261.163,0.1532,0.0858,0.0902,0.0519,0.013,3.3525,6.478,8.191,0.0105,0.28,0.0428,318.0,2170.0,0.196,0.075,0.236,3.3,0.558,0.6024,0.1348,0.7844,0.4061,0.8855,0.614,0.1477,14.11,24.44,36.012,0.386,15.21,4.32,35.465,101.87,0.1077,0.0428,0.0428,0.0737,0.0641,0.0399,0.0764,0.0939,2.1238,0.0481,0.0075,68.6842,0.0595,1321.5,0.0198,0.0187,0.0676,0.018,121.3321,3.32,0.0265,0.6208,0.0377,4.5031,34.7169,80.2814,72.4735,0.0467,1.7179,0.0317,2.0808,0.0695,0.0158,146.3626,201.4504,1879.6867,1140.1936,0.0884,0.0324,0.1048,0.9567,0.0632,0.2044,0.2567,0.0537,0.0857,7.4994,0.1824,11.522,0.043,4.0662,6.9501,11.9839,0.109,1.1668,1.3395,11.1914,33.6046,0.0255,0.0213,0.0192,0.0312,0.0218,0.0172,0.0404,0.0434,0.8054,0.0135,0.0021,20.3986,0.0176,422.6129,0.0137,0.0048,41.1082,1.0343,0.0105,0.2051,0.012,11.1806,1.4405,6.1067,8.7011,9.0927,2.5366,25.688,16.6165,5.5542,77.3635,2.0109,1.079,2.2359,3.0589,83.6591,159.1298,15.0278,3.7779,3.2333,4.9221,35.6828,96.6076,16.6099,0.7153,1.4641,1.224,0.1932,6.0691,8.67,5.212,15.6848,9.7662,3.8103,29.3642,5.2017,3.6918,8.1291,125.8522,4.9618,25.0665,102.4725,692.6045,97.2175,106.8503,221.3684,78.5433,705.7737,723.6994,25.3769,1.7787,1.9901,0.7732,3.9992,33.7448,0.0,60.5678,0.0,14.627,1.8947,15.9866,0.0869,5.6743,9.1299,1.6263,11.3528,80.348,20.78,1.27,9.7909,0.5422,76.7827,5.1217,1.5806,0.3357,0.0626,34.8875,6.457432634237107,0.14051893587346662,2.599326308986373,0.05955629523544975,2.45548804897501,20.845867656818523,533.31,2.361,9.16,0.3915,3.1515,0.1178,1.7176,16.5814,0.0141,2.7875,0.005,0.0138,255.5817
-1.0,2996.66,2235.0556,1.6347,109.9856,1.5458,-0.0107,-0.0048,198.4792,10.324,403.3676,0.9727,188.3443,12.5455,1.3967,-2958.5,-23.75,1.2863,1.9955,7.2255,67.7889,2.6333,0.2076,85.26639899493874,8.857490979904519,64.11991444296126,66.15752915106411,86.82087825905487,64.74,2.856,364.9864,139.6609,746.5214,0.8707,136.3864,641.0336,116.0509,4.645,4.915,2854.0,0.9202,2.0609,362.51,10.3518,121.7218,12.9186,17.9391,23.7857,722.7356,145.2864,629.5182,64.9531,0.0105,0.0596,-0.0919,-0.0044,0.0783,-0.0065,-0.0172,7.0507,0.1352,0.9838,1871.2326,0.1889,8250.63,-0.0407,-0.0046,-0.0134,0.0238,0.4619,0.9369,709.5378,0.9904,59.1346,0.6191,0.9664,6.3547,15.72,4.264,15.75,15.77,1.154,0.694,2.945,-0.1419,0.6556,2.3162,1007.3403,90.0,68.8,59.5,52.7002,340.736,0.0928,0.1149,0.0338,0.0476,0.0189,9.7191,7.421,10.306,0.0108,0.19,0.0364,414.0,934.0,0.085,0.096,0.203,3.1,0.314,0.6848404232988986,0.12281551251583356,0.5752805754981312,0.32007926069143533,0.7770268153754125,0.658,0.1267,10.7,18.77,28.367,0.486,17.94,4.86,33.354,100.456,0.0523,0.0285,0.0661,0.0682,0.0307,0.0392,0.0749,0.0491,3.3031,0.0351,0.0053,137.4941,0.0765,1193.3999,0.0096,0.0095,0.02,0.0213,121.0994,3.2089,0.0277,0.5556,0.0377,4.5031,23.4651,23.5985,19.1771,0.0315,1.8399,0.0352,2.2301,0.0483,0.012,174.8454,123.4298,905.3311,402.1454,0.0352,0.0403,0.0897,0.9623,0.0589,0.1037,0.25946748899385375,0.048734961026127926,0.10030167319411624,6.1941,0.2318,10.8304,0.035,3.3213,6.4107,8.6118,0.1429,1.5211,1.5593,10.3646,33.2243,0.0124,0.0129,0.032,0.031,0.0077,0.0211,0.0374,0.0238,1.073,0.0114,0.0015,38.9083,0.0232,464.4995,0.0054,0.0057,44.1257,0.9981,0.0085,0.1836,0.012,11.1806,1.4405,4.0963,2.2959,2.379,2.3579,26.1569,5.6797,7.4329,71.8811,2.555,1.1093,1.5145,2.6048,69.6637,0.0,6.6084,4.8108,2.8095,4.573,34.1772,93.469,9.2997,0.8039203343546965,1.404267874057532,0.896975121481646,0.3347743099315966,5.0714,8.7355,4.7457,14.547,7.8454,2.9281,24.4436,5.3591,4.6948,7.8786,138.8696,4.615,40.7848,154.6593,497.503,59.0062,74.2515,694.7666,50.0639,0.0,285.4651,46.8471,1.9226,1.4637,0.5405,7.3478,40.4769,337.0288,77.707,0.0,4.3383,2.2704,17.0674,0.065,5.4265,8.7435,1.6263,11.3528,72.762,15.28,1.22,7.3129,0.4603,128.5721,3.7593,1.6767,0.7693,0.1441,78.3125,6.01,0.1301,2.4282,0.0511,2.2695,15.0552,531.4773,2.3788,8.95,0.3061,3.2663,0.1122,1.684,12.8679,0.0137,2.7137,0.0232,0.0071,30.4587
-1.0,3072.41,2183.3111,1.6269,102.8467,1.4499,0.0212,-0.0027,197.4786,6.5889,413.1167,0.9699,188.2237,12.5065,1.3959,-2486.5,-1025.6667,1.3043,1.9805,7.382,67.4444,1.9778,0.1687,85.3825,9.7324,64.2442,66.6973,87.1381,63.93999999999998,5.041,350.8327,129.6155,717.1312,1.0728,138.3545,618.8027,50.7329,4.576,4.819,2830.0,0.9327,1.7373,349.4127,10.5968,111.3527,11.5227,18.2627,21.2309,695.9003,146.5145,607.28,118.2048,-0.0028,-0.0358,-0.0173,0.0147,0.091,-0.038,0.0221,7.6143,0.1338,0.9906,1803.9935,0.1665,8518.33,0.1741,-0.0372,-0.0444,0.0854,0.4664,0.9585,744.1361,0.9867000000000001,57.0942,0.608,0.9769,6.3186,15.72,4.264,15.75,15.77,1.154,0.694,2.945,-0.1419,0.6556,2.3162,1007.3403,151.0,268.9,212.8,58.0,165.9249,0.4527,0.086,0.0566,0.0597,0.0261,3.2128,4.891,15.866,0.0076,0.34,0.0577,2060.5,608.0,0.203,0.173,0.198,2.4,0.582,0.7473,0.0743,0.6345,0.3412,0.9513,0.995,0.1755,8.9,17.56,29.151,0.179,16.89,3.43,32.478,28.296,0.0858,0.0099,0.0328,0.0784,0.1275,0.0514,0.0729,0.078,4.2802,0.0763,0.0005,118.7314,0.0307,1124.8999,0.0362,0.0283,0.120188138292432,0.0076,119.4024,3.1319,0.0515,0.6351,0.0377,4.5031,29.7258,82.7279,62.8526,0.137,1.6569,0.0355,1.5761,0.0951,0.0197,912.5788,238.4638,3465.6271,351.029,0.0859,0.0735,0.0862,0.7384,0.0288,0.2283,0.302,0.0324,0.1126,4.9065,0.2622,8.9392,0.0561,3.0577,5.2171,9.8226,0.0543,1.0265,1.4628,9.724,7.7016,0.0269,0.0045,0.0154,0.0433,0.0333,0.0255,0.0382,0.0342,1.4224,0.0241,0.0002,35.6156,0.0108,471.3337,0.02801905827358544,0.0026,50.3076,1.0566,0.0177,0.2014,0.012,11.1806,1.4405,6.8638,8.7521,7.8664,2.6565,10.4453,27.8252,5.9312,74.2308,3.8406,0.7851,2.7186,4.1363,298.58439999999996,59.2785,15.5645,8.7352,2.6822,3.5585,45.5056,44.4664,17.2223,0.8752,0.7634,0.9876,0.1169,4.8884,7.0131,3.9947,16.3609,6.4327,2.8377,57.4597,5.72,1.6892,7.0856,146.5802,4.6671,10.7672,23.9381,0.0,16.5899,453.1792,864.7732,56.499,191.8421,353.7415,56.2122,2.4814,3.1991,0.0506,6.5816,18.4571,492.1739,53.4954,860.0,26.600115265074077,0.7939,16.0458,0.25379999999999997,5.4855,10.0513,1.6263,11.3528,74.342,17.04,0.59,7.366,0.2308,39.0365,4.1674,0.7936,0.1339,0.0362,13.6884,6.560479099962419,0.14731039285631006,2.6320001111936415,0.05953387587410322,2.4783036790003075,21.485181844260165,535.02,2.4763,7.99,0.4764,2.8107,0.1219,1.4934,19.2371,0.0164,3.2855,0.0232,0.0071,30.4587
-1.0,3200.36,2163.5889,1.7014,104.8333,1.3732,0.0314,0.0041,198.3245,2.9193,445.34084999999993,0.9733,188.0735,12.4722,1.3826,-5779.25,5193.6667,1.3082,1.995,7.3125,67.3556,2.0333,0.1424,85.0066,9.6938,64.2263,66.5811,87.0735,65.74,3.08,349.4282,130.55,720.4484,1.389,143.2418,623.22,218.9617,4.594,4.848,2820.0,0.9353,3.1191,350.3845,10.4101,113.6691,15.0145,16.8809,24.0994,696.3489,144.1518,608.2055,68.986,-0.0047,-0.023,-0.0444,-0.0178,0.10290000000000002,-0.0178,0.03,8.2108,0.1342,0.9895,1832.3214,0.1953,8997.2601,-0.0246,-0.0019,-0.0254,-0.0509,0.4709,0.9447,781.5844,0.991,56.8481,0.6022,0.9662,6.2846,15.72,4.264,15.75,15.77,1.154,0.694,2.945,-0.1419,0.6556,2.3162,1007.3403,150.0,84.4,141.9,56.8999,288.1161,0.3835,0.1255,0.0778,0.0483,0.0062,8.2535,12.384,26.932000000000002,0.0069,0.37,0.0658,414.0,17919.5,0.096,0.087,0.144,1.8,0.376,0.827,0.0479,0.5923,0.3178,0.8225,0.174,0.1364,4.44,22.33,78.292,0.289,22.4,4.63,31.662,103.358,0.0635,0.0449,0.0352,0.1425,0.0641,0.041,0.0862,0.054,2.0391,0.0736,0.0031,126.7039,0.0495,1119.7002,0.0151,0.0144,0.0229,0.0219,117.8215,3.3127,0.0308,0.4312,0.0377,4.5031,40.2363,28.9566,51.423,0.1216,1.3812,0.0434,4.232,0.0937,0.025,190.4633,141.0966,2642.0066,8994.62525,0.044,0.0399,0.0606,0.6948,0.0363,0.126,0.3004,0.019,0.0812,4.7844,0.0643,9.1491,0.0352,1.5705,6.6344,23.4782,0.1042,1.3611,2.0271,9.6509,33.401,0.0191,0.019,0.0171,0.0662,0.0213,0.0174,0.0436,0.0254,0.6396,0.0236,0.0008,52.7198,0.0161,421.0193,0.0059,0.0069,43.3464,1.1875,0.0117,0.1439,0.012,11.1806,1.4405,6.3582,2.6372,5.9653,2.6299,19.8922,22.5423,9.139,164.29784999999998,6.508749999999999,0.7087,2.9666,4.7585,107.4361,430.5821,7.338,4.3609,1.9692,2.6724,63.9344,81.4353,11.1657,0.9729,0.4941,0.9222,0.2626,4.3328,6.7943,4.2761,9.823,3.0997,3.583,35.756,5.8276,2.7762,9.4397,149.1887,4.5469,47.129650000000005,149.8246,0.0,66.5925,320.7653,360.8726,37.8665,485.6338,180.1501,24.8349,2.3853,3.1276,0.3164,6.9149,25.3469,0.0,49.8468,0.0,4.8587,2.3156,15.0747,0.0726,5.8273,6.8614,1.6263,11.3528,81.72,13.11,2.17,5.7351,0.88615,29.2918,3.2173,2.9958,0.0922,0.0263,9.5588,10.38,0.2164,4.4434,0.0796,4.1771,24.2302,534.6536,1.6344,6.45,0.2708,2.1987,0.0877,1.2064,16.5701,0.0216,4.2522,0.0232,0.0071,30.4587
-1.0,3012.41,2141.0667,0.9698,98.3344,1.5477,0.0145,-0.0032,197.7446,9.3115,404.4062,0.9707,187.972,12.4673,1.4076,-6050.0,-1502.25,1.2508,2.017,7.3582,65.1333,2.6111,0.22,85.822,9.0776,64.059,66.94045000000003,86.8379,77.92,3.758,366.6073,147.8555,758.3295,1.185,132.4791,646.9418,190.4483,4.603,4.85,2867.0,0.9142,0.2818,367.7418,9.7625,128.1373,11.4596,19.7182,26.9505,731.3791,142.4118,638.2909,91.5775,-0.0232,0.0453,-0.045,-0.0005,0.10290000000000002,-0.0398,0.0077,7.4429,0.1313,0.9861,1870.0537,0.1477,8877.29,0.1372,-0.0456,-0.0541,-0.0399,0.4537,0.9287,766.7332,0.9908,58.4977,0.6115,0.9771,6.2668,15.72,4.264,15.75,15.77,1.154,0.694,2.945,-0.1419,0.6556,2.3162,1007.3403,88.0,114.0,41.0,61.3999,322.771,0.0854,0.1017,0.0637,0.0485,0.0143,3.2986,8.619,13.348,0.011,0.21,0.0635,1905.0,2879.0,0.108,0.083,0.2,3.2,0.448,0.5053,0.1245,0.6077,0.3488,0.7835,0.357,0.1362,4.85,21.38,35.484,0.725,13.87,7.42,36.889,124.261,0.0947,0.0262,0.0646,0.0754,0.0409,0.0841,0.0387,0.067,4.5821,0.0251,0.0014,102.5078,0.0293,911.6006,0.0147,0.0131,0.0215,0.0141,80.5978,1.9426,0.023,0.4574,0.0377,4.5031,25.9714,40.9712,13.1939,0.0278,2.0315,0.0377,2.5574,0.0498,0.0244,886.7365,41.7532,4188.6476,1351.5281,0.0507,0.0361,0.0918,1.0332,0.0618,0.1642,0.1956,0.0507,0.1023,6.0098,0.0933,9.1067,0.0345,1.4472,6.0557,10.5155,0.245,2.548,3.4365,11.0764,37.0807,0.0261,0.0108,0.0268,0.0313,0.0118,0.039,0.0186,0.0306,1.9574,0.0091,0.0005,31.9695,0.0104,251.0296,0.0066,0.0046,22.4666,0.5651,0.007,0.1542,0.012,11.1806,1.4405,3.9125,3.7843,1.6522,2.8677,26.1032,8.8091,6.5709,92.5634,3.3006,1.1351,1.6844,4.5085,141.1074,191.6459,8.6348,4.115,2.718,4.913,45.9574,89.0909,13.0794,0.5888,1.3711,0.9487,0.2787,5.109,7.4465,4.0927,11.4946,3.6609,3.3048,18.6318,5.5308,7.4264,7.8432,121.0342,5.0438,24.8971,135.6895,408.1897,42.7581,167.6487,0.0,80.6715,97.3585,867.3139,61.563,3.0457,1.0402,0.1417,5.4815,19.8161,0.0,49.2462,800.0,4.7368,1.5157,10.5118,0.0739,3.3208,7.2983,1.6263,11.3528,77.474,14.49,0.63,7.1791,0.2343,116.1994,3.5456,0.8132,0.1882,0.0419,19.2616,4.43,0.0915,1.6341,0.0366,1.6845,16.471,528.1664,2.0671,10.15,0.3351,3.3373,0.0957,1.9217,16.2126,0.0138,2.7746,0.0155,0.0101,64.8825
-1.0,2961.36,2163.5889,1.7014,104.8333,1.468,-0.033,-0.0022,199.336,6.4852,413.5628,0.9816,189.0975,12.4978,1.3788,-3111.5,1479.0,0.9842,1.909,5.2637,68.6556,2.9222,0.195,85.5528,8.9546,64.1864,66.2016,86.9821,78.38,1.831,350.6027,133.3945,720.952,1.0523,138.8391,622.8364,53.4625,4.576,4.819,2830.0,0.9327,4.06,348.5818,10.4071,117.4545,8.8144,15.94,20.4742,700.4778,149.0182,615.0545,90.4054,-0.0108,-0.0208,-0.0411,0.0216,0.10290000000000002,-0.0282,-0.0123,7.7797,0.1397,0.9611,1863.2137,0.1885,8478.44,0.0164,0.0353,-0.0017,0.0273,0.4659,0.9268,724.0843,0.9908,58.7125,0.6115,0.9654,6.3864,15.74,3.494,15.75,15.75,1.078,0.536,2.816,-0.0473,0.6887,2.3259,996.2163,132.0,110.3,44.4,56.8999,288.1161,0.3835,0.0499,0.0789,0.0567,0.0075,10.2331,3.513,17.308,0.0042,0.17,0.1261,299.0,53.0,0.13,0.066,0.192,3.3,0.101,0.76,0.0593,0.6347,0.4036,0.6944,1.188,0.1556,8.84,13.49,22.555,0.187,11.6,7.55,30.1331,72.466,0.0617,0.0191,0.0343,0.035,0.0522,0.0256,0.091,0.0486,3.5587,0.1074,0.0127,76.4387,0.0308,742.5,0.0123,0.0204,0.0253,0.0254,72.436,1.8929,0.0205,0.4661,0.044,3.5332,34.9484,36.3782,13.8394,0.1216,1.3812,0.0198,1.2362,0.0458,0.0434,130.2827,323.9907,1313.8464,22.9056,0.0589,0.0303,0.0806,1.2289,0.0144,0.0349,0.3021,0.0227,0.1049,5.0865,0.3416,9.6858,0.0465,3.4492,4.6301,6.7979,0.0604,2.3155,2.2576,9.4252,23.2147,0.0166,0.0082,0.015,0.0151,0.0149,0.0128,0.05,0.0246,1.224,0.0311,0.0038,22.8534,0.0092,242.5273,0.0072,0.0089,24.8156,0.5223,0.0076,0.1529,0.0143,13.0513,1.2142,6.0338,3.7246,1.8797,2.6299,19.8922,22.5423,3.3992,54.1696,4.1851,0.4251,1.3602,9.13815,99.9839,3.5835,13.208,3.4573,3.6476,4.8066,17.1103,20.5128,2.1395,0.8883,0.6623,0.9888,0.1188,5.5533,9.9329,4.7443,14.7907,6.3671,2.1659,42.1885,5.72,1.7969,7.0155,131.6027,4.3018,10.2286,80.1568,573.62,25.4582,85.1064,241.3175,24.3288,322.4092,393.5223,45.7441,2.506,4.5618,1.3202,4.1025,16.3381,0.0,73.5751,863.1579,5.4279,2.7382,10.0038,0.091,3.2241,7.2985,1.8899,8.9496,78.49189348377182,16.62407406384867,1.3025408584734999,7.46118875802994,0.5509308473392849,66.08179551113793,4.1128218753442125,1.6459620359289102,0.4722,0.102,47.843,5.26,0.0999,2.0526,0.041,2.0844,12.4261,533.3109,2.2646,10.37,0.2855,3.5425,0.0778,1.9445,12.6092,0.0106,2.1099,0.0155,0.0101,64.8825
-1.0,3106.55,2202.2889,0.9257,94.8922,1.4116,-0.0041,0.0025,204.029,11.2144,408.0078,0.9633,193.8211,12.3686,1.4155,-4306.0,-1742.5,1.3077,2.0053,7.344,69.1889,2.5333,0.1952,85.4112,8.6005,64.0546,66.1606,86.6618,77.69,1.1460000000000004,354.6682,137.7182,736.4035,0.9432,142.3655,634.7518,127.1051,4.623,4.899,2849.0,0.9251,-0.3182,356.5773,10.5745,117.4,12.9063,20.3182,25.4548,710.9487,147.8682,621.8455,102.9135,-0.0191,-0.0045,-0.0995,0.0101,0.0661,-0.0254,-0.0352,7.8032,0.1307,0.9665,1838.012,0.205,8942.1301,0.0059,0.013,-0.0912,-0.1187,0.4643,0.9508,788.1325,0.9907,59.5503,0.5957,0.9637,6.4084,15.71,4.062,15.71,15.74,1.182,0.5822,2.745,-0.6623,0.6852,2.3296,993.4924,124.0,106.2,49.0,65.5,444.087,0.1199,0.0663,0.0415,0.0757,0.021,10.8497,10.39,11.482,0.0172,0.36,0.0771,354.0,5001.0,0.125,0.139,0.085,1.9,0.616,0.9607,0.1188,0.5322,0.2887,0.7379,0.372,0.0418,6.71,22.82,12.28,0.403,20.65,6.03,32.525,106.253,0.0906,0.0716,0.0459,0.0597,0.0714,0.0491,0.075,0.0418,2.979,0.093,0.0082,79.5017,0.0845,649.0,0.0336,0.03420000000000001,0.0539,0.0103,74.3924,2.1877,0.0428,0.6452,0.0307,2.2354,30.9143,34.6867,15.2961,0.0445,1.61,0.0229,2.9231,0.0645,0.0257,161.6385,110.7159,1230.8512,2333.9184,0.0561,0.0592,0.0389,0.5349,0.0543,0.1789,0.3688,0.0459,0.1072,4.9744,0.1098,11.7492,0.0142,2.2605,7.5731,3.9277,0.13,1.5289,2.001,10.5278,28.8387,0.027,0.0314,0.0211,0.0284,0.0172,0.0233,0.0403,0.0199,1.2533,0.0281,0.0029,25.1477,0.025,194.3016,0.0126,0.0039,22.3534,0.6753,0.0126,0.2104,0.0109,12.9251,0.8402,5.6618,3.4186,1.8329,2.9742,29.2491,12.9561,4.6968,92.649,2.8142,1.7897,2.9106,5.4496,65.8151,287.0014,9.5584,6.9318,1.1574,2.7461,78.9474,78.8845,18.609,1.1248,1.3818,0.8309,0.1803,4.4239,10.0713,5.3672,4.4316,4.7132,3.5951,9.6613,5.6029,3.8111,8.816,159.9987,4.5749,19.5574,103.245,473.5707,584.4898,60.0,706.4935,74.2814,295.5665,118.9189,38.1772,2.1423,3.8214,0.8519,4.3254,41.2154,744.353,118.77044999999998,0.0,11.6162,1.0827,9.4391,0.0784,3.6737,10.0689,1.3183,6.084,78.9380267231857,17.42982209904474,1.2862979914045076,8.075533521070067,0.5648299212330263,55.687422141947586,4.3433721739682065,1.6253528619852131,0.2197,0.0392,23.0054,8.1,0.1238,2.985,0.0487,3.0496,14.4919,534.36,2.3676,8.1,0.2015,2.7255,0.0613,1.5158,8.5096,0.0108,2.1414,0.0155,0.0101,64.8825
-1.0,3043.23,2230.7555,1.0038,111.5489,1.4526,0.0383,-0.0115,196.9527,6.9717,413.0281,0.9721,187.4148,12.448,1.3866,-4043.25,-4348.0,1.3475,1.982,7.2807,66.9333,2.0,0.1744,85.1669,8.3324,64.154,66.2381,86.8346,77.63,3.385,353.1118,135.53,726.9874,1.3962,140.5818,629.2236,208.3011,4.574,4.778,2834.0,0.9337,-0.0636,351.0564,10.4148,115.4664,15.5991,20.0636,26.5755,700.4119,147.1018,613.6245,116.8845,-0.0071,0.0031,-0.0174,0.032,0.0836,-0.0197,0.0119,7.2116,0.1383,0.9894,1875.3806,0.1979,8536.1801,0.1511,0.014,-0.039,-0.1424,0.4679,0.9467,729.1587,0.9915,58.5372,0.6076,0.9655,6.3525,15.74,3.494,15.75,15.75,1.078,0.536,2.816,-0.0473,0.6887,2.3259,996.2163,91.0,208.6,181.2,52.3,263.8879,0.2879,0.1019,0.0539,0.055,0.0196,2.9303,3.729,19.179,0.0072,0.33,0.054,867.0,2028.0,0.086,0.093,0.212,1.8,0.391,0.9912,0.2526,0.5231,0.2366,0.7471,0.452,0.1173,7.2,18.88,58.695,0.223,21.16,8.13,34.139,50.421,0.1068,0.044,0.0308,0.1126,0.075,0.0181,0.1241,0.0573,1.5623,0.0326,0.0016,137.5809,0.0518,1772.1001,0.0251,0.0226,0.0231,0.0313,181.4554,3.8667,0.0222,0.6081,0.044,3.5332,24.995,59.7123,63.3864,0.0979,2.3562,0.0445,1.3436,0.0877,0.0196,387.6416,158.3098,437.3865,1093.2904,0.0435,0.0479,0.1045,0.745,0.04,0.1401,0.3511,0.0985,0.0919,5.5842,0.1475,9.0432,0.0338,2.1517,4.8119,19.0697,0.0686,2.3558,2.8117,11.1531,19.6802,0.0302,0.0181,0.0142,0.0524,0.0226,0.0076,0.061,0.0244,0.6171,0.0125,0.0005,43.1682,0.018,550.1344,0.0057,0.0121,55.5409,0.9953,0.0077,0.198,0.0143,13.0513,1.2142,4.0629,6.8546,7.0886,2.3445,20.5875,28.6801,7.0149,53.4875,4.6435,0.737,2.651,3.8959,25.3262,46.6421,6.3822,4.6922,2.9118,2.6892,65.0,55.6051,11.6219,1.1638,2.9167,0.8154,0.244,5.9131,6.161,4.106,8.4022,5.1216,3.0005,28.178,8.9807,2.1412,9.2581,135.6494,4.8741,16.4067,43.1374,0.0,90.0716,645.2722,234.1463,21.6572,631.5522,479.4979,21.663,2.3138,1.3589,0.1635,7.3362,26.1857,267.2579,32.4528,0.0,4.9285,3.3066,24.8856,0.1028,6.6056,9.573,1.8899,8.9496,73.49103959066348,17.204601845285108,1.2184301262223556,7.842325615501459,0.4869841411989395,62.91597692945532,4.273607231818167,1.645413205735449,0.4722,0.102,47.843,6.3897760932574625,0.14313185108304835,2.5991062141558627,0.058529368565136436,2.427295474567776,22.232431710503743,534.5873,2.3512,9.02,0.2129,3.2322,0.0801,1.6873,9.0532,0.0111,2.2092,0.0193,0.0122,63.0838
-1.0,3043.34,2170.9667,1.043,104.9756,1.5446,-0.0034,0.0034,199.9462,12.0049,412.4322,0.9659,190.0581,12.5478,1.403,-4062.0,1537.25,0.9805,1.8918,5.1428,69.8,2.3778,0.1808,86.8866,8.8505,64.0557,66.2627,86.8482,78.3,2.906,352.07,127.5845,717.9318,1.4162,145.08,624.7345,196.7632,4.588,4.846,2820.0,0.9352,15.64135,360.1364,11.195750000000004,138.46505,22.5923,16.63,30.3896,687.5423,135.88494999999995,610.93,104.7846,-0.0081,-0.0077,-0.0997,0.002,0.0279,-0.0253,-0.0268,7.5202,0.1298,0.9905,1824.9624,0.1872,8416.6001,0.0108,0.0046,-0.0251,-0.0395,0.4731,0.9435,728.0024,0.9911,57.8318,0.5982,0.964,6.302,15.71,4.062,15.71,15.74,1.182,0.5822,2.745,-0.6623,0.6852,2.3296,993.4924,200.0,105.4,80.1,47.0,377.083,0.3053,0.1013,0.0561,0.0456,0.016,9.4421,12.534,15.858,0.0131,0.23,0.0753,588.0,104.0,0.112,0.092,0.246,3.3,0.165,0.5969,0.081,0.5982,0.2703,0.7092,0.379,0.1408,6.69,17.03,32.941,1.5694999999999997,32.160000000000004,9.41,50.50850000000001,55.674,0.057,0.0301,0.0629,0.0605,0.0441,0.0742,0.0867,0.0425,3.0756,0.082,0.0006,78.7338,0.0339,1278.3003,0.0115,0.0197,0.0783,0.0377,118.5314,2.3711,0.0439,0.6188,0.0307,2.2354,45.32809999999999,36.4398,27.5703,0.0982,2.265,0.0365,3.5868,0.0716,0.03,247.0364,273.7449,3956.2384,52.8291,0.047,0.0392,0.1107,1.07,0.0379,0.0588,0.2383,0.0309,0.0977,5.073,0.1056,9.1266,0.0427,1.94,4.8961,10.4251,0.45265,3.8898,6.425799999999999,15.979750000000005,21.8275,0.016,0.0143,0.0279,0.029,0.015,0.0342,0.0468,0.0188,1.0536,0.0258,0.0002,25.072,0.0115,408.8991,0.0201,0.012,34.2702,0.6414,0.0121,0.2133,0.0109,12.9251,0.8402,9.053150000000002,3.4633,3.2383,2.1649,23.562,29.2712,6.5582,104.4073,3.845,1.3557,1.833,5.367,236.1398,6.7653,11.4227,4.8632,4.7834,4.7278,37.8505,72.4647,3.544,0.687,0.9157,0.9339,0.2281,5.0445,5.902,4.2919,9.9395,4.6113,2.726,16.7414,7.9898,15.138300000000001,17.537999999999997,168.1106,7.166999999999998,47.129650000000005,53.1318,702.6194,166.2983,60.682,0.0,265.9498,343.3663,158.4343,40.898,1.3095,3.4156,0.062,4.3143,18.1002,0.0,68.2803,0.0,16.5438,3.9952,16.2817,0.0996,4.1001,9.819,1.3183,6.084,80.23026933114296,16.943239759285152,1.2798242669946231,7.278560842119764,0.541478694458345,57.64064005616206,4.115512682612844,1.5458122018582467,0.7051,0.1946,54.5601,4.62,0.2358,1.8297,0.1063,1.7367,28.4953,538.3864,2.2819,15.390000000000002,0.6164999999999999,5.3345,0.18730000000000002,2.8874999999999993,27.5549,0.0127,2.5378,0.0193,0.0122,63.0838
-1.0,3044.88,2230.7555,1.0038,111.5489,1.4868,-0.0325,0.0003,199.9935,6.0974,408.0709,0.9648,190.0862,12.5471,1.402,-4862.75,-1757.6667,1.2435,2.0275,7.255,67.2667,2.6111,0.188,83.7263,8.7867,64.0159,66.3724,86.5708,76.15,2.956,355.0382,140.2845,739.1271,1.3626,141.8509,637.1736,192.6998,4.612,4.851,2847.0,0.9289,1.0291,355.4227,10.376,121.3136,16.7036,18.9709,26.5379,712.5892,143.7336,620.47,87.9218,-0.0058,0.0018,-0.0635,0.0107,0.0523,-0.0242,-0.0205,7.0604,0.1282,0.9619,1865.0032,0.172,8565.08,0.1393,-0.0595,-0.0984,-0.1333,0.46,0.9437,744.7048,0.9867000000000001,56.281,0.6063,0.9659,6.3729,15.74,3.494,15.75,15.75,1.078,0.536,2.816,-0.0473,0.6887,2.3259,996.2163,110.0,259.8,193.3,52.3,263.8879,0.2879,0.1217,0.0394,0.047,0.0169,7.7121,2.6,9.978,0.0144,0.85,0.0714,424.0,1302.0,0.137,0.138,0.137,2.4,0.287,0.6531,0.1175,0.6535,0.3376,0.5457,0.481,0.2001,10.24,19.76,49.572,0.347,21.12,5.91,40.601,42.44,0.0761,0.0855,0.0245,0.032,0.0633,0.0378,0.0752,0.0538,4.072,0.0829,0.0116,144.4226,0.0633,796.3008,0.0177,0.0208,0.0099,0.0471,95.5123,3.0673,0.0285,0.3657,0.044,3.5332,29.161,76.5649,58.5933,0.0979,2.3562,0.0421,0.9404,0.1207,0.0259,186.5494,100.0583,2942.9631,681.9841,0.059,0.0646,0.0569,0.7874,0.0714,0.11,0.2525,0.0534,0.0443,5.0376,0.1455,11.7333,0.0513,3.1769,6.3454,16.2615,0.1218,1.5715,2.7164,11.9693,14.5353,0.0208,0.0354,0.0106,0.0133,0.0201,0.0156,0.043,0.0238,1.1696,0.0264,0.004,45.1974,0.0195,216.9989,0.0033,0.015,26.8271,0.7859,0.0102,0.1322,0.0143,13.0513,1.2142,4.9878,8.5324,7.3312,2.3445,20.5875,28.6801,8.1853,42.6414,2.4452,1.4885,6.7745,5.0943,139.7769,74.0755,11.0173,6.8064,1.8884,3.5679,34.4681,131.9149,8.1956,0.78,1.3368,1.0208,0.6795,4.3432,11.2557,5.4253,14.6871,7.2189,3.1012,25.725,6.3869,3.3442,9.529,126.44,5.6977,12.6899,48.2702,0.0,122.8007,50.3937,592.6273,72.2753,310.4231,262.1194,57.6737,2.6526,3.4544,1.2037,7.7438,36.8026,278.2609,46.1825,625.0,2.1441,4.9908,12.8255,0.25379999999999997,5.45,5.7385,1.8899,8.9496,71.786,15.41,1.02,7.2286,0.4317,107.4768,3.9077,1.4209,0.1623,0.0397,16.633,4.98,0.0877,2.0902,0.0382,1.8844,15.4662,532.7609,1.9518,7.9901,0.1517,2.8686,0.042,1.4997,7.7724,0.0138,2.7637,0.0193,0.0122,63.0838
-1.0,2975.62,2198.6889,1.8008,98.0211,1.375,0.0022,0.0193,198.5268,7.9559,413.9592,0.9601,188.6747,12.5471,1.3701,-5866.0,-3212.25,1.2815,1.9898,7.2565,70.7778,1.9667,0.1446,85.7103,8.5251,64.2481,65.7041,87.1828,79.59,2.23,367.6636,126.7018,731.2435,0.9089,139.0473,633.4127,127.3495,4.604,4.851,2900.0,0.921,1.9591,365.3818,10.7344,108.6609,14.3136,18.0409,23.1602,708.0834,145.0564,619.0991,97.6656,0.0033,-0.0011,-0.0533,-0.0026,0.0575,-0.0338,-0.0113,7.3659,0.13,0.9862,1860.6086,0.1954,9141.7798,0.1149,-0.0149,-0.0533,-0.1287,0.4596,0.9705,800.6865,0.991,58.4356,0.6074,0.976,6.3411,15.81,4.019,15.89,15.85,1.116,0.6206,2.887,0.7569,0.7025,2.2909,1000.9047,138.0,90.9,54.1,52.6001,573.434,0.1339,0.0573,0.0498,0.0429,0.0201,7.0629,4.588,9.779,0.0162,0.85,0.0561,822.0,7804.0,0.015,0.081,0.213,2.0,0.509,0.7448,0.0729,0.5286,0.279,0.7792,0.799,0.1654,7.61,11.38,33.507,0.556,14.77,5.81,17.067,70.069,0.0729,0.0642,0.1004,0.0403,0.0576,0.0656,0.0591,0.0353,4.011,0.0729,0.0019,92.45,0.0264,1166.2998,0.0258,0.0189,0.0074,0.0157,121.3864,1.8846,0.0382,0.5813,0.0262,4.6775,31.3617,31.9744,17.9155,0.0453,2.6507,0.0195,1.2972,0.1207,0.0181,352.5747,106.3469,3547.4031,3642.8238,0.0066,0.0375,0.0951,0.8043,0.0578,0.1818,0.2744,0.0267,0.1338,6.7197,0.2413,4.4308,0.0459,2.0437,3.3035,10.1108,0.1508,1.6635,1.8629,4.7712,22.7161,0.0172,0.0301,0.0446,0.0166,0.0173,0.0314,0.026,0.0176,1.3506,0.0231,0.0005,29.1537,0.0076,379.0088,0.0024,0.0053,41.0088,0.519,0.0145,0.1889,0.0096,13.3817,1.5604,6.0465,3.0548,2.1946,2.3923,45.7973,7.433,4.1672,57.6678,2.3623,1.6923,6.7745,4.0946,127.8554,242.945,1.1705,4.0709,2.9353,2.8257,76.2712,122.4443,15.1423,0.869,0.8555,0.8227,0.154,6.4624,11.9888,2.3774,18.2024,5.473,1.7966,26.3111,2.3713,5.1796,12.7829,103.1884,2.4103,10.0895,71.7438,0.0,0.0,75.5743,0.0,113.9878,174.7228,311.6998,54.4527,2.4622,3.0848,0.1977,4.9688,13.4824,297.931,20.5674,0.0,1.605,1.6136,15.1603,0.0805,3.2251,9.1677,1.1443,10.6698,76.32528462699142,16.58780026197937,1.2485018222795292,7.707781818670768,0.5051080125539447,68.08881805185271,4.132353996154409,1.627629981836673,0.2003,0.0413,20.7785,6.399220528808784,0.14518051439012378,2.532189868719664,0.05926439624593628,2.462277065247401,20.98912198382103,529.3827,1.9833,8.39,0.3697,2.7962,0.1378,1.5849,18.6404,0.0188,3.7664,0.0193,0.0122,63.0838
-1.0,2997.15,2183.1,1.7881,111.89,1.3647,0.0106,0.0039,204.1897,7.9627,420.7401,0.9821,193.4761,12.4841,1.3977,-4227.75,1510.0,0.9888,1.885,5.1022,67.4889,2.4444,0.1936,85.1059,8.5987,64.3081,66.236,86.7807,79.98,3.312,357.2645,134.6227,734.2988,1.3666,142.9709,634.8582,185.4271,4.623,4.899,2849.0,0.9251,1.6373,355.8982,10.5374,116.26,16.1673,18.3627,26.6305,707.6684,146.5327,618.6909,74.3267,-0.0036,-0.0049,-0.0995,0.0265,0.0431,-0.0305,-0.0282,7.1384,0.1366,0.9888,1777.7633,0.1884,9491.1301,0.1014,0.0233,-0.0411,-0.1512,0.457,0.9322,811.2332,0.9908,58.7323,0.6063,0.977,6.3307,15.74,3.494,15.75,15.75,1.078,0.536,2.816,-0.0473,0.6887,2.3259,996.2163,144.0,132.2,74.3,62.2998,212.88,0.66,0.0624,0.0594,0.0671,0.0103,9.4657,4.172,15.412,0.0055,0.3,0.0294,415.0,218.0,0.105,0.079,0.24,2.5,0.102,0.7495,0.1266,0.7112,0.406,0.6115,0.295,0.1306,6.46,21.22,65.821,0.334,17.92,10.61,35.174,105.171,0.0952,0.0498,0.0342,0.0743,0.0889,0.0649,0.0874,0.0612,3.768,0.093,0.0024,181.1365,0.0325,775.0,0.0231,0.0168,0.0154,0.0409,79.1478,2.0792,0.0532,0.6024,0.044,3.5332,34.7928,37.2823,23.3149,0.2034,2.077,0.0231,1.567,0.0839,0.0118,184.1256,277.0817,670.9865,91.4075,0.0454,0.0342,0.1083,0.9293,0.0398,0.0329,0.2959,0.0469,0.1246,5.5742,0.0981,11.3511,0.0393,2.2739,6.3996,24.0724,0.1157,2.8438,2.8979,10.0525,32.8377,0.0236,0.0234,0.0146,0.0321,0.028,0.0284,0.0456,0.0297,1.1566,0.0281,0.0007,60.1274,0.0112,240.772,0.0052,0.0134,26.039,0.5968,0.0166,0.1875,0.0143,13.0513,1.2142,6.5413,4.4109,2.9353,2.8537,18.1152,36.9109,4.5723,52.3941,3.6631,0.5648,2.4031,2.1034,33.0199,14.4371,10.6195,4.191,4.7038,3.7043,40.9091,66.6475,2.2068,0.8807,1.4724,1.1059,0.0881,4.736,9.0624,5.1487,9.5567,4.5184,3.3425,35.497,5.6029,3.1697,9.5734,110.8411,4.9704,47.129650000000005,141.4982,0.0,89.5281,74.6546,335.3135,150.7549,286.7925,217.2138,52.7847,3.2208,3.8214,0.2455,10.189,17.227,264.3068,24.6154,0.0,3.3605,4.3829,9.7565,0.0594,3.5402,9.5154,1.8899,8.9496,78.02323719175337,17.185148139773933,1.269963884960148,7.771701800199138,0.5486658755590903,61.42686098526266,4.271551915630012,1.6371319338397545,0.2197,0.0392,23.0054,9.09,0.2115,3.6525,0.082,3.636,19.0245,538.7818,1.7819,5.32,0.1315,1.8645,0.0418,0.9874,7.3798,0.013,2.5962,0.0193,0.0122,63.0838
-1.0,2929.84,2183.3111,1.6269,102.8467,1.5545,-0.037,-0.0001,199.6956,7.3735,414.8036,0.9654,189.8189,12.5471,1.4162,-3626.0,-3682.25,1.2837,2.0177,7.2845,70.5111,2.2333,0.1987,86.3849,8.7897,63.8901,66.3232,86.7752,63.93999999999998,5.041,355.1182,142.8273,742.4191,1.3405,142.1827,640.1282,190.9328,4.612,4.851,2847.0,0.9289,-1.2209,355.0318,10.2418,121.6064,15.5682,21.2209,30.0565,712.3626,149.8382,626.4764,99.23,-0.0248,-0.0281,-0.0567,-0.0287,0.0402,-0.0084,-0.0244,6.3909,0.1368,0.9696,1808.9068,0.1603,8551.1601,0.1738,-0.0567,-0.0936,-0.0837,0.4639,0.9543,750.2944,0.9867000000000001,57.1928,0.6096,0.9654,6.4148,15.74,3.494,15.75,15.75,1.078,0.536,2.816,-0.0473,0.6887,2.3259,996.2163,125.0,87.8,57.4,58.0,165.9249,0.4527,0.0933,0.0584,0.041,0.0176,8.6683,5.402,16.384,0.0138,0.85,0.0718,1308.0,17919.5,0.126,0.099,0.175,1.2,0.683,0.4645,0.1403,0.679,0.3742,0.5741,0.577,0.163,7.47,26.67,61.769,1.261,18.48,5.99,33.511,109.767,0.0779,0.078,0.0493,0.0648,0.0972,0.0199,0.1294,0.0489,4.6507,0.0828,0.0054,87.6296,0.0353,957.7998,0.0154,0.0222,0.0217,0.0136,105.9105,3.1682,0.0415,0.3855,0.044,3.5332,30.2593,27.4168,16.7792,0.137,1.6569,0.0287,1.4935,0.1207,0.0291,534.384,181.4963,1014.8399,8994.62525,0.0521,0.0506,0.0719,0.3408,0.0588,0.2329,0.1781,0.0575,0.0721,4.866,0.184,11.5257,0.0552,2.3592,7.6766,20.1409,0.3459,1.5032,2.432,10.6124,32.3272,0.0232,0.0368,0.0264,0.0268,0.0299,0.0093,0.0657,0.0223,1.5859,0.0246,0.0015,28.0116,0.0118,269.1951,0.0062,0.0043,30.9353,1.0793,0.0133,0.1305,0.0143,13.0513,1.2142,5.7018,2.9968,2.2919,2.6565,10.4453,27.8252,6.0021,73.2619,3.9498,1.4319,6.7745,5.0708,62.2173,738.5159,9.815,4.9065,2.4024,1.7019,62.6866,98.6577,19.9773,0.5377,1.5958,1.0628,0.6795,4.3985,9.557,5.2909,12.1609,5.2538,4.1664,32.3512,6.3869,12.3123,8.2315,118.7035,4.7042,19.8304,110.6188,314.7475,130.3803,114.3361,338.5285,49.5025,0.0,200.0,72.7707,3.2905,3.4584,0.5525,4.8443,22.0143,233.0709,26.2425,524.5902,4.6745,1.4299,14.1159,0.25379999999999997,5.5395,6.0091,1.8899,8.9496,82.144,14.68,1.45,7.3434,0.5258,18.5182,3.584,1.7652,0.1031,0.0253,10.8294,6.488086814480881,0.17551880437337372,2.5063112725823142,0.07320205608336089,2.467761348527406,22.96778327200321,531.4127,2.1005,11.11,0.1383,3.9453,0.042,2.0907,6.5821,0.015,3.0151,0.0193,0.0122,63.0838
-1.0,3036.93,2230.7555,1.0038,111.5489,1.5067,-0.0081,0.0037,199.0955,9.1496,402.8545,0.9823,189.0909,12.4655,1.3954,-3786.0,-1637.3333,1.345,2.0198,7.3855,68.7889,2.1,0.1643,85.1669,8.3324,64.154,66.2381,86.8346,77.63,3.385,351.6009,119.8709,707.851,1.4436,145.6773,617.1491,180.1093,4.613,4.83,2822.0,0.9361,8.8445,349.0591,10.6107,108.7155,12.8946,11.1555,18.5022,689.3488,146.48,604.2545,86.7787,-0.0326,-0.0119,-0.0428,-0.0193,0.10290000000000002,-0.0218,0.0307,7.0467,0.1221,0.9845,1827.9181,0.1964,8948.36,0.0153,0.0279,-0.0093,-0.0293,0.4644,0.9484,773.5535,0.9867000000000001,55.9232,0.602,0.9744,6.2394,15.72,4.264,15.75,15.77,1.154,0.694,2.945,-0.1419,0.6556,2.3162,1007.3403,148.0,64.1,107.5,52.3,263.8879,0.2879,0.0887,0.0695,0.0507,0.0074,8.2487,5.61,11.387,0.0047,0.27,0.0479,904.0,11902.0,0.056,0.094,0.075,2.3,0.391,0.9912,0.2526,0.5231,0.2366,0.7471,0.282,0.0968,6.96,20.67,41.158,0.245,19.72,3.57,32.524,88.303,0.0975,0.066,0.0174,0.1346,0.0406,0.0405,0.0796,0.0626,4.2324,0.0573,0.0014,54.6012,0.0624,1441.9004,0.0138,0.0109,0.0424,0.015,144.1198,1.8845,0.0309,0.3776,0.0377,4.5031,26.2466,23.1247,34.7201,0.0979,2.3562,0.0246,1.5917,0.0655,0.0169,474.4994,52.7194,330.0798,6056.0226,0.0248,0.0497,0.0338,0.7913,0.039,0.1361,0.3511,0.0985,0.0919,5.7787,0.0824,8.7621,0.0299,2.2476,5.7425,13.7391,0.0767,1.2106,2.2644,9.8265,31.4642,0.0235,0.0271,0.008,0.0617,0.0101,0.0167,0.0457,0.0319,1.3269,0.0198,0.0005,17.3523,0.0175,523.4081,0.0097,0.0053,51.8587,0.5492,0.0114,0.1281,0.012,11.1806,1.4405,6.6371,2.1107,4.1827,2.3445,20.5875,28.6801,5.8869,61.3139,2.8266,0.4759,2.166,3.4355,17.7232,726.9137,4.1636,4.654,1.0155,3.3436,61.9048,78.499,11.6608,1.1638,2.9167,0.8154,0.244,5.4522,5.9481,4.1961,6.7053,4.7777,3.3493,22.8517,5.9949,2.309,5.0131,152.9327,4.7181,17.638,101.7565,299.0224,80.8576,314.119,210.0906,39.0738,364.7194,204.2414,60.0625,2.7034,2.3965,0.1434,2.9871,31.7851,479.1209,31.7741,773.3333,9.1217,1.5805,18.6309,0.25379999999999997,3.3698,6.0523,1.6263,11.3528,73.634,23.28,0.62,10.3258,0.2293,13.947,5.7017,0.842,0.1138,0.0253,11.6755,6.501330909097384,0.1384208267938096,2.604794907003339,0.05955927020171127,2.4581218609141136,22.30895154417167,536.56,1.5473,7.68,0.317,2.5429,0.0958,1.4313,20.4894,0.0111,2.2118,0.0189,0.0072,37.8921
-1.0,3100.12,2231.4889,1.6787,94.1256,1.4412,0.0051,-0.0004,199.3895,10.7893,407.7466,0.9649,189.4878,12.5494,1.3987,-2572.75,1325.25,0.9787,1.8845,5.1143,70.7667,2.1778,0.1703,84.8892,8.7418,63.9238,66.3572,86.5759,78.11,2.508,353.0855,142.1291,739.1848,0.9202,137.1845,632.3991,124.9145,4.6,4.875,2857.0,0.9259,-1.1255,357.6664,10.0958,121.0036,10.8401,21.1255,27.041,712.1438,144.2164,622.8864,103.5016,0.0221,-0.0348,-0.0605,-0.0203,0.0513,-0.0204,0.0566,7.453,0.1307,0.9665,1838.012,0.1921,9164.36,0.1169,-0.0344,0.1532,-0.0664,0.4704,0.9472,803.5339,0.9911,57.6715,0.5977,0.9771,6.2761,15.65,4.375,15.69,15.69,1.182,0.7448,3.276,-0.2838,0.5438,2.3244,989.4793,113.0,99.5,76.5,59.8,571.627,0.2084,0.0503,0.0431,0.0441,0.0163,9.3399,10.694,19.44,0.0137,0.21,0.0374,427.0,183.0,0.13,0.109,0.131,4.0,0.246,0.7804,0.0723,0.5351,0.2949,0.6215,0.62,0.1239,8.31,23.24,18.458,0.923,19.42,3.86,36.459,86.336,0.0572,0.0287,0.0708,0.0804,0.0694,0.0397,0.077,0.16615,3.0552,0.093,0.0082,79.5017,0.0367,640.2002,0.0308,0.0197,0.0194,0.0133,75.6243,2.4454,0.0289,0.2558,0.0461,3.8147,31.1114,32.5285,26.4016,0.0771,2.7579,0.0162,2.9067,0.0513,0.0111,187.8446,229.2108,1966.3142,75.6059,0.0538,0.0445,0.0555,1.1822,0.0191,0.0762,0.2832,0.0307,0.0885,4.3122,0.2175,10.9334,0.0342,2.8928,6.7698,5.4175,0.2918,1.3836,1.5763,11.6885,25.6376,0.0137,0.0126,0.0319,0.0336,0.016,0.0183,0.0397,0.08248588237179322,1.0221,0.0281,0.0029,25.1477,0.0108,197.9343,0.0061,0.0043,24.049,0.7783,0.0104,0.0886,0.0149,13.7819,1.2304,5.1518,3.2096,3.1709,2.6798,44.8229,12.4168,3.4902,99.117,4.7677,1.4171,1.6734,2.6746,174.5992,13.8087,13.2822,5.784,2.5615,5.6524,27.551,35.8121,5.2931,0.9193,0.8275,0.8371,0.6795,4.574,7.9716,4.8084,13.4678,6.0575,3.6749,14.7765,6.0112,9.1424,9.4625,179.1494,5.1196,10.3621,83.4151,259.1166,370.3226,132.9475,341.3464,77.3126,376.989,329.5364,40.9925,2.1423,3.8214,0.8519,4.3254,19.1189,616.8297,25.9811,0.0,4.1266,1.4087,9.4115,0.0791,4.2402,4.0752,1.9822,9.9193,75.518,13.04,1.79,6.109,0.6731,51.7114,3.1903,2.3703,0.3804,0.0692,39.043,6.44595201305047,0.1510782605361702,2.608128532935897,0.059992847496422905,2.457529216458815,20.48055416926856,534.1073,2.096,7.3,0.2424,2.582,0.0791,1.3668,11.5667,0.0157,3.1301,0.0189,0.0072,37.8921
-1.0,3038.93,2219.1333,0.9002,97.9378,1.4144,-0.0061,-0.0072,198.8464,12.3204,405.0104,0.9832,188.8311,12.5065,1.3667,-3449.6667,1570.5,0.9732,1.8922,5.151,68.2889,2.0222,0.1404,83.6359,9.7836,64.1163,66.5667,87.2,66.12,3.242,359.1009,137.3936,739.7508,0.9388,141.3155,637.81,125.2128,4.659,4.911,2848.0,0.928,2.9409,359.6855,10.4672,120.3345,12.037,17.0591,22.3822,717.3686,147.0136,627.0336,121.0851,0.002,-0.0198,-0.0919,0.0294,0.0914,-0.0229,-0.0169,7.4115,0.1397,0.9806,1784.4188,0.1957,8872.8101,-0.2016,-0.0093,0.032,-0.2226,0.461,0.9405,749.9402,0.9867000000000001,58.6143,0.5966,0.9666,6.3582,15.72,4.264,15.75,15.77,1.154,0.694,2.945,-0.1419,0.6556,2.3162,1007.3403,132.0,203.1,172.6,61.3999,594.899,0.1186,0.0684,0.1015,0.0532,0.0064,8.3247,13.914,10.909,0.0039,0.34,0.128,403.0,195.0,0.123,0.068,0.206,2.3,0.349,0.5844,0.0617,0.5844,0.3105,0.7618,0.526,0.1295,11.0,21.74,24.535,0.505,17.91,4.04,35.455,71.789,0.1171,0.0296,0.0378,0.0228,0.085,0.0358,0.1028,0.0418,3.2377,0.0985,0.0126,117.9119,0.0402,807.5,0.0369,0.03420000000000001,0.0212,0.0313,76.7454,2.2045,0.0309,0.598,0.0377,4.5031,34.9484,63.1007,53.9665,0.0412,3.1115,0.0207,3.7839,0.0951,0.045799999999999993,171.0448,304.5733,529.7182,85.1919,0.0513,0.0284,0.0861,0.6809,0.0311,0.104,0.2303,0.0313,0.1059,7.1505,0.1814,11.0326,0.0347,3.0961,7.2632,7.8533,0.1562,1.2141,1.6223,11.1674,21.4401,0.0278,0.0123,0.0167,0.011,0.0243,0.0154,0.0535,0.0176,1.3477,0.029,0.0038,36.3402,0.0119,223.8033,0.0067,0.0095,21.7641,0.8359,0.012,0.1996,0.012,11.1806,1.4405,6.0338,6.6833,7.8897,2.7668,50.9366,13.1808,4.8361,112.935,2.6935,0.3971,2.7186,9.13815,29.5681,12.4164,12.6381,3.5936,3.9992,3.368,49.4505,79.0348,7.4754,0.6987,0.6306,0.9115,0.1628,6.4717,7.584,4.8624,13.7928,7.784,3.4085,19.5946,4.9408,4.8246,8.8586,148.7913,4.9424,14.1404,59.2881,0.0,37.3855,24.8163,289.4233,39.1899,448.9083,248.0712,43.6848,2.506,4.1487,1.2862,6.6079,20.5265,0.0,35.0663,0.0,4.6078,3.3235,10.2335,0.25379999999999997,3.7611,9.4052,1.6263,11.3528,81.722,13.84,1.48,5.9653,0.5939,83.3171,3.4037,1.811,0.5058,0.0834,50.2702,7.32,0.306,2.6486,0.1256,2.9095,36.3727,533.0927,2.4479,8.46,0.2936,2.9117,0.0883,1.587,11.9922,0.0127,2.5288,0.0189,0.0072,37.8921
-1.0,3008.92,2235.0556,1.6347,109.9856,1.4738,-0.0045,0.0017,198.1307,11.6285,414.5041,0.9787,188.0423,12.4892,1.4138,-4284.5,1409.5,0.9788,1.885,5.137,66.1556,3.0667,0.1963,85.822,9.0776,64.059,66.94045000000003,86.8379,77.92,3.758,363.8755,151.6327,761.1023,0.8152,129.3264,644.8345,135.6754,4.603,4.85,2867.0,0.9142,-4.4845,368.9136,9.7288,127.1482,9.7001,24.4845,29.3998,731.7024,141.74,637.8018,114.4532,0.0072,-0.0231,-0.0731,0.0183,0.0746,-0.014,-0.0093,7.6617,0.1298,0.9824,1744.551,0.1834,8520.7699,-0.1125,-0.0028,-0.02,-0.0627,0.4607,0.9465,703.7025,0.991,58.158,0.6068,0.9768,6.3136,15.76,3.981,15.81,15.78,1.276,0.6086,2.894,-0.4731,0.6645,2.3087,997.4462,133.0,126.6,58.5,52.7002,340.736,0.0928,0.1211,0.0523,0.0559,0.0088,7.8886,11.066,10.529,0.0052,0.36,0.0645,581.0,142.0,0.119,0.09,0.106,1.8,0.103,0.5053,0.1245,0.6077,0.3488,0.7835,0.278,0.0659,4.09,20.53,21.001,0.914,17.06,3.23,33.394,32.996,0.1137,0.0989,0.0428,0.0194,0.0968,0.0572,0.0635,0.0578,2.457,0.0771,0.0048,86.858,0.05,653.9004,0.0198,0.0228,0.0227,0.0143,71.5474,2.3135,0.0408,0.4486,0.0324,3.8593,35.7499,38.7803,17.5041,0.0315,1.8399,0.0471,3.0842,0.0884,0.0254,247.5305,331.6347,1388.0136,64.6761,0.0506,0.0383,0.0445,0.6821,0.0281,0.0331,0.1956,0.0507,0.1023,5.3967,0.091,9.9152,0.0209,1.3899,5.9172,6.9846,0.325,1.0627,1.2887,10.3259,9.388,0.0266,0.0417,0.0209,0.0087,0.0256,0.0265,0.0279,0.0262,0.8942,0.0251,0.0018,34.118,0.0184,209.6871,0.0048,0.0048,20.7937,0.6285,0.0131,0.1473,0.0124,10.7055,1.3424,6.1351,4.2075,2.279,2.3579,26.1569,5.6797,8.2167,95.1631,2.5401,0.527,2.8825,4.5614,68.246,10.0745,12.1584,4.7745,2.0635,2.7209,26.087,40.747,2.1935,0.5888,1.3711,0.9487,0.2787,4.9935,5.9024,4.4593,8.078,3.1625,3.1838,15.4789,5.5308,9.3948,7.4637,175.8753,4.5639,17.3346,28.8293,0.0,178.5199,26.5481,528.06,76.7013,453.5714,619.8391,32.0683,1.3095,3.2425,0.4934,4.9788,27.2819,470.1031,74.6386,0.0,4.9312,1.5123,10.1673,0.0632,3.978,7.1057,1.4024,9.859,82.164,16.28,1.38,7.9147,0.5793,57.8128,4.0096,1.6796,0.1732,0.0405,17.5662,6.501145566590446,0.1448059692694996,2.5880263975363214,0.05623822787552979,2.487311315774336,20.851721820889072,531.2018,2.0455,5.55,0.1796,1.819,0.0618,1.0448,8.7807,0.0247,4.9546,0.0189,0.0072,37.8921
-1.0,2981.5,2173.6444,0.8811,101.5667,1.5216,-0.0257,0.002,198.6686,8.6025,421.9627,0.9607,188.5131,12.4724,1.3953,-3152.25,-2323.0,1.263,2.0092,7.3255,70.6111,2.5556,0.2042,83.7738,8.6427,64.2704,66.3237,86.575,78.0,2.473,355.4245,138.11,733.6077,0.9076,136.24,629.7745,112.1876,4.584,4.829,2858.0,0.9265,8.1418,357.3509,10.0134,126.2518,7.8558,11.8582,15.8955,717.7122,141.8027,625.4055,115.6139,-0.0217,-0.0086,-0.0576,-0.0141,0.0506,-0.0178,0.0314,7.3468,0.1353,0.9678,1759.3559,0.2035,8856.7201,-0.0025,0.0307,0.161,-0.0176,0.4676,0.9471,769.3171,0.9907,58.4762,0.6102,0.977,6.3337,15.74,3.494,15.75,15.75,1.078,0.536,2.816,-0.0473,0.6887,2.3259,996.2163,142.0,110.1,60.7,54.3,279.73,0.1797,0.0983,0.0519,0.0484,0.0195,8.806,3.57,13.608,0.0164,0.26,0.128,1261.0,2759.0,0.094,0.105,0.254,1.8,0.704,0.7606,0.1471,0.661,0.3331,0.5729,0.888,0.1105,11.35,22.05,18.998,0.939,15.07,3.99,35.205,73.405,0.0403,0.0354,0.0555,0.0799,0.0599,0.0275,0.0949,0.1437,4.5183,0.038,0.013699999999999999,74.0629,0.0389,909.0,0.0204,0.0224,0.025,0.025,95.8959,2.0635,0.038,0.602,0.044,3.5332,36.5376,35.1677,19.6538,0.0592,1.6178,0.0346,0.8817,0.0697,0.0383,538.5997,154.252,805.4077,1548.7889,0.0399,0.0441,0.1164,0.6882,0.054,0.2397,0.2974,0.0545,0.0852,6.712,0.3051,11.5907,0.0349,3.4833,7.0234,5.9705,0.3026,1.2387,1.4094,10.5926,23.1802,0.0109,0.0155,0.0239,0.0363,0.017,0.0119,0.0399,0.0653,1.866,0.0121,0.0046,24.6808,0.0141,262.8496,0.0064,0.0093,28.7516,0.5875,0.0109,0.1909,0.0143,13.0513,1.2142,6.521,3.6928,2.4274,2.4981,19.1764,20.3935,6.4604,41.4993,3.2249,1.705,2.0846,9.13815,54.6911,118.7688,7.4426,5.2258,3.4673,2.5492,43.0435,79.815,20.5908,0.9079,1.7021,1.0285,0.6795,6.6878,9.2463,5.136,12.1765,8.3309,3.5013,16.9341,9.842500000000001,9.3775,9.291,191.8339,4.9052,9.1007,63.4915,185.7143,57.189,138.595,423.5086,54.3747,532.3983,457.2792,61.4995,2.218,1.5753,1.3944999999999999,4.2097,19.1154,0.0,63.6025,0.0,5.3561,2.6411,12.4651,0.1259,3.5288,9.5042,1.8899,8.9496,76.92851420806842,17.024414576815655,1.2848899099224909,7.927039902563563,0.5414336124113674,56.756433328863174,4.228572055104421,1.6775783067606267,0.4571,0.1025,47.815,6.49,0.0688,2.6785,0.0294,2.468,10.3252,539.0582,2.0084,5.41,0.2516,1.8131,0.0807,1.0036,12.5296,0.018,3.6376,0.0114,0.022,193.4385
-1.0,3046.93,2179.0778,1.6746,99.33,1.4633,0.0204,-0.0066,198.1008,6.1443,403.4934,0.9587,187.7127,12.47,1.4075,-4027.5,1324.0,0.9895,1.886,5.0635,70.0,2.6111,0.1694,86.4541,8.5687,64.0072,66.3241,87.032,79.03,3.186,351.5864,128.8218,715.4136,1.0499,140.7727,621.1809,49.7208,4.61,4.849,2802.0,0.9366,9.4864,346.2645,10.9875,98.3082,23.5409,30.5136,36.6135,678.8001,153.0673,597.64,106.1608,-0.0296,0.0306,-0.0654,-0.0078,0.0911,-0.0309,-0.016,7.9932,0.1291,0.9849,1813.14,0.1943,9892.9601,0.1135,-0.0539,-0.0483,-0.1464,0.4714,0.9124,865.5526,0.9913,58.7948,0.5999,0.9642,6.4227,15.72,4.264,15.75,15.77,1.154,0.694,2.945,-0.1419,0.6556,2.3162,1007.3403,116.1444553005064,114.6,81.9,40.4001,413.78,0.5671,0.0776,0.0752,0.0679,0.0097,3.3561,3.186,16.181,0.0194,0.5,0.028,444.0,134.0,0.134,0.103,0.119,2.4,0.14,0.7108,0.0714,0.4659,0.4023,0.7245,1.157,0.1907,8.17,19.4,22.918,0.247,19.17,4.79,28.891,76.675,0.1365,0.0325,0.0924,0.0603,0.0676,0.0485,0.0588,0.0876,3.3445,0.0334,0.0024,104.6329,0.0343,922.2002,0.0203,0.0147,0.0244,0.0184,71.2699,2.8427,0.0535,0.4095,0.0377,4.5031,27.746879458650035,41.8071,23.0311,0.1832,2.3371,0.0281,0.9653,0.1652,0.0077,212.1077,336.9751,544.8,64.2703,0.0602,0.0485,0.0603,0.7906,0.0246,0.0416,0.2833,0.0273,0.1231,6.0009,0.3225,9.4666,0.064,2.4471,5.7004,7.5529,0.0775,1.7649,1.6312,9.2348,23.0814,0.0339,0.0147,0.0423,0.0272,0.0202,0.0218,0.0278,0.0431,1.0975,0.0107,0.0007,32.0348,0.0107,262.8959,0.0059,0.0059,21.5901,0.7441,0.0171,0.1432,0.012,11.1806,1.4405,5.226354146957207,3.7612,3.3303,1.854,22.7344,33.8649,5.3031,51.8532,4.0102,2.0235,4.0096,1.9915,28.7275,10.1208,13.5422,5.4613,2.3502,3.4286,26.8085,36.0,3.0614,0.8222,0.8327,0.7279,0.2039,5.4638,8.5156,4.4385,18.1668,5.8037,3.1231,46.0934,6.3246,2.248,10.8129,81.4328,4.2562,10.1443,72.2253,461.4409,45.63,92.2018,870.8535,53.2528,190.4453,548.3568,41.8422,1.3169,1.3989,0.2434,5.7708,17.6705,151.254,39.1179,579.3103,5.1822,2.02,8.234,0.0734,4.8349,6.3765,1.6263,11.3528,76.31492133117445,17.06444423697113,1.257783125556387,7.8197397344825985,0.5170721570711851,75.2056648499914,4.224720683616279,1.6424779858546643,0.1124,0.0284,11.6369,9.39,0.2332,3.7914,0.0964,3.5098,28.8152,533.9609,2.2365,7.57,0.5457,2.7239,0.1449,1.4177,24.3991,0.0081,1.606,0.0208,0.0287,138.2861
-1.0,2957.63,2230.7555,1.0038,111.5489,1.4441,0.0086,-0.0027,199.708,11.0463,403.9733,0.9737,189.7158,12.4998,1.4013,-3684.25,-2507.75,1.3215,2.0095,7.32,68.2111,2.3889,0.199,84.7226,8.9635,64.2798,66.2774,86.9622,77.84,3.243,362.9264,143.6991,751.9074,0.8714,136.6882,643.3136,120.2685,4.645,4.915,2854.0,0.9202,-7.5073,364.7091,10.4831,116.1918,16.6263,27.5073,33.7563,718.1511,145.7864,626.6873,121.1862,-0.0097,-0.0512,-0.1001,0.0216,0.0857,-0.0159,-0.0126,6.915,0.1353,0.9647,1854.7706,0.2113,9424.28,-0.1842,0.0009,0.036,-0.1818,0.4669,0.9298,664.1564,0.9867000000000001,55.9967,0.5999,0.9768,6.3633,15.72,4.264,15.75,15.77,1.154,0.694,2.945,-0.1419,0.6556,2.3162,1007.3403,125.0,197.9,158.2,52.3,263.8879,0.2879,0.0742,0.0638,0.0796,0.0192,8.3713,9.865,11.347,0.012,0.17,0.0428,2060.5,6762.0,0.149,0.061,0.165,3.1,0.242,0.6475,0.072,0.5249,0.2169,0.7847,0.615,0.1116,10.9,24.4,18.941,0.976,21.5,10.03,30.952,105.238,0.0857,0.0308,0.0298,0.0578,0.0766,0.0503,0.078,0.0342,4.967,0.0658,0.013,113.4626,0.027,1461.1992,0.0369,0.0224,0.0215,0.0377,67.1097,1.924,0.0503,0.6243,0.0377,4.5031,31.1663,66.4175,54.2415,0.0979,2.3562,0.0306,3.0385,0.0473,0.0136,912.5788,142.2463,445.0875,2861.6833,0.0745,0.0275,0.0902,0.9158,0.0244,0.0792,0.261,0.0274,0.1076,7.3872,0.2054,11.1626,0.0349,3.6646,7.3475,6.7561,0.2798,2.52,2.3553,9.7436,28.3963,0.0267,0.0137,0.014,0.026,0.0217,0.0214,0.0427,0.0163,1.6599,0.0199,0.004,34.0329,0.0081,439.3155,0.0071,0.0115,22.5359,0.5631,0.0169,0.1998,0.012,11.1806,1.4405,5.8044,6.6912,6.1826,2.3445,20.5875,28.6801,5.1381,89.3061,2.8089,1.2322,1.36,3.0514,27.3597,269.6441,11.2751,3.0356,2.2541,4.5447,41.8605,39.6985,6.9224,0.7643,0.8028,0.8166,0.1552,6.0398,8.7057,5.0529,12.8051,7.9743,3.7929,15.7489,5.3591,9.3102,7.238,129.313,4.31,20.0185,86.8399,882.9363,46.7198,57.7423,353.9128,58.6931,491.3386,271.4286,71.8293,2.0688,2.6924,1.3503,6.1173,12.7833,0.0,37.3749,0.0,4.6151,4.0494,10.1045,0.25379999999999997,3.436,9.8109,1.6263,11.3528,80.626,21.23,2.17,9.6673,0.88615,57.8845,5.2853,2.7783,0.3463,0.0644,35.3519,6.417619730864748,0.16064532483933067,2.624475108112163,0.0660866022510588,2.4519670349638765,22.460906795651205,533.4455,2.2724,9.23,0.4078,3.2464,0.1441,1.7303,17.944,0.0115,2.2957,0.0208,0.0287,138.2861
-1.0,3023.34,2208.2334,1.098,110.19,1.4487,-0.0145,0.0083,197.545,10.357,404.7815,0.9718,189.1258,12.4849,1.3985,-4037.75,-5718.5,1.324,1.9983,7.371,69.5444,2.8333,0.2451,86.0936,8.5891,64.1358,66.0981,86.7366,78.4,2.915,350.6391,128.3836,718.9673,1.4285,143.6882,622.7109,167.689,4.539,4.729,2873.0,0.9313,3.8264,349.4,10.5781,112.21,13.4554,16.1736,22.997,695.9703,147.6455,609.2555,93.002,-0.0215,0.0319,-0.0673,0.0202,0.0861,-0.0376,0.0012,7.7473,0.1291,0.9878,1796.8323,0.2044,9221.64,0.0774,0.053,-0.0795,0.0266,0.4654,0.9567,812.8688,0.9918,57.7683,0.6179,0.9657,6.368,15.76,3.981,15.81,15.78,1.276,0.6086,2.894,-0.4731,0.6645,2.3087,997.4462,117.76132470251426,145.3,130.4,62.7,610.354,0.1262,0.1101,0.0843,0.0523,0.0098,7.4032,7.964,13.785,0.0068,0.3,0.0319,1146.0,9844.0,0.06,0.087,0.327,2.1,0.429,0.969,0.0613,0.6485,0.4581,0.6511,0.244,0.2514,4.6,9.59,76.136,0.858,21.96,16.31,29.434,119.905,0.0672,0.0508,0.0695,0.0137,0.0628,0.0285,0.0617,0.0781,2.7077,0.0568,0.0019,94.3829,0.0741,569.3008,0.011,0.0158,0.120188138292432,0.0209,59.1387,1.94,0.0226,0.4442,0.0324,3.8593,29.114018343026757,52.1394,37.1415,0.0405,2.3057,0.041,3.2205,0.0849,0.0113,501.7509,237.1657,520.3194,5273.0791,0.0265,0.0407,0.1428,0.7091,0.0224,0.1612,0.3537,0.0228,0.0785,6.2339,0.0793,5.563,0.0655,1.2733,3.2788,23.4978,0.2426,4.3436,4.8635,9.1195,42.96,0.0195,0.0212,0.03,0.0064,0.0173,0.0136,0.0314,0.0383,0.9751,0.0201,0.0005,32.0976,0.0233,162.007,0.02801905827358544,0.0066,17.2638,0.5353,0.0076,0.1532,0.0124,10.7055,1.3424,5.304015774281033,4.8059,5.2304,2.8394,40.2339,11.4929,7.5997,76.8949,3.4055,0.697,2.4029,2.2781,27.1934,172.143,4.5317,4.3538,4.4363,3.0197,28.2353,24.8867,12.8102,1.1255,0.7133,1.0111,0.1645,5.9406,14.8929,2.2893,17.5964,3.2014,1.54,45.4031,5.7928,8.1111,17.537999999999997,163.2052,4.2292,47.129650000000005,128.9273,312.3765,69.9243,20.3491,310.315,33.101,164.3142,0.0,34.9497,1.3169,2.3769,0.1906,5.2527,36.2727,0.0,27.8867,968.4211,26.600115265074077,2.1872,7.2753,0.091,3.3583,6.9749,1.4024,9.859,72.628,17.46,1.27,7.4855,0.5172,84.2306,4.3063,1.7486,0.1103,0.0268,11.6115,6.385686458166126,0.13685428652863038,2.6532709868477538,0.06110955168078455,2.4505345638671563,22.392207618091835,532.5227,1.9491,7.18,0.1639,2.6016,0.0507,1.3483,8.4114,0.0128,2.553,0.0208,0.0287,138.2861
-1.0,3042.78,2173.4556,1.0304,110.5422,1.4964,0.0204,0.0133,197.4142,6.4832,407.2145,0.959,187.5696,12.5553,1.4098,-3360.0,1270.0,0.989,1.905,5.271,71.3111,2.5889,0.1738,84.8892,8.7418,63.9238,66.3572,86.5759,78.11,2.508,354.8109,135.52,734.4658,1.4023,146.8264,637.1573,198.8263,4.586,4.822,2859.0,0.9247,10.2355,356.8936,10.1472,125.7555,13.0423,9.7645,14.7061,719.7597,142.8836,625.5327,109.2538,0.0049,-0.0053,-0.066,-0.0217,0.0614,-0.0238,-0.003,7.6467,0.126,0.9903,1817.5571,0.1664,8615.15,-0.0316,-0.0791,-0.0563,-0.0215,0.4637,0.9318,751.7695,0.9867000000000001,55.8504,0.6035,0.9712,6.51,15.65,4.375,15.69,15.69,1.182,0.7448,3.276,-0.2838,0.5438,2.3244,989.4793,136.0,125.6,127.3,52.5,143.6,0.1972,0.0792,0.067,0.0463,0.0189,2.5575,3.763,18.322,0.0148,0.2,0.0596,186.0,76.0,0.127,0.078,0.096,2.4,0.152,0.7804,0.0723,0.5351,0.2949,0.6215,0.199,0.1502,4.52,24.13,41.986,0.91,18.36,5.18,32.31,59.736,0.0672,0.0608,0.0277,0.0597,0.0585,0.0352,0.0925,0.0368,3.9314,0.0384,0.0018,117.4829,0.0496,386.2998,0.0129,0.0106,0.0345,0.0057,41.2164,3.242,0.0448,0.2937,0.0461,3.8147,33.6568,38.1848,43.6917,0.0784,1.6246,0.029,1.2041,0.0511,0.0186,76.1856,269.1089,503.6527,34.7659,0.0519,0.0335,0.0441,0.7944,0.0335,0.0543,0.2832,0.0307,0.0885,5.0133,0.0648,10.8718,0.0428,1.3022,6.9049,13.3295,0.2458,1.5031,1.6584,9.7132,15.0434,0.0163,0.0281,0.0127,0.0265,0.0184,0.0145,0.0496,0.0191,1.2914,0.0121,0.0007,38.3384,0.0145,136.8812,0.0088,0.002,14.2612,0.8375,0.0131,0.1142,0.0149,13.7819,1.2304,6.2083,4.1278,5.3535,2.4155,10.0162,19.1426,5.2926,58.0425,4.4993,1.5403,1.593,4.231,35.0298,5.9843,12.8413,4.0945,1.8213,3.3655,34.7639,67.9028,3.2492,0.9193,0.8275,0.8371,0.6795,4.3488,8.2423,4.964,10.714,3.0785,3.7871,21.1169,6.1462,8.968,6.2661,140.7727,4.489,14.675,54.6763,0.0,209.4746,90.4545,269.6629,57.3057,389.4737,0.0,51.4132,0.5558,1.5775,0.1767,6.4638,29.787,445.1444,46.2963,320.0,7.4392,0.613,5.4826,0.25379999999999997,5.8047,4.5109,1.9822,9.9193,80.418,19.79,2.17,9.0194,0.88615,146.2962,4.853,2.9958,0.1474,0.0399,15.3056,4.98,0.0877,2.0902,0.0382,1.8844,15.4662,535.3327,2.0886,9.37,0.3066,3.4013,0.0934,1.7503,14.6788,0.0114,2.2877,0.0208,0.0287,138.2861
-1.0,3091.64,2200.7333,0.979,95.3311,1.532,-0.0005,-0.0051,197.8935,3.2775,400.753,0.9702,187.3538,12.6006,1.3775,-4200.0,1521.75,0.986,1.8845,5.1025,71.4222,2.2778,0.1691,85.1059,8.5987,64.3081,66.236,86.7807,79.98,3.312,365.7691,141.9909,749.1055,0.8568,132.59,640.35,118.6677,4.645,4.915,2854.0,0.9202,1.0218,363.7673,10.2503,123.0127,11.2733,18.9782,23.6862,725.4193,144.9255,631.7055,120.3705,0.0245,0.0256,-0.0954,0.0032,0.0307,-0.0354,-0.0138,7.6163,0.1389,0.9718,1767.4238,0.1935,8922.93,-0.0475,0.0995,0.0701,0.0503,0.4617,0.9632,735.1954,0.9916,59.2528,0.604,0.9684,6.2975,15.9,4.062,15.94,15.91,1.135,0.6128,2.824,-0.7096,0.6802,2.2697,1002.4074,87.0,218.7,197.5,63.4001,587.886,0.0697,0.0761,0.0357,0.0501,0.0196,6.9966,2.687,17.63,0.0115,0.62,0.0549,491.0,111.0,0.14,0.102,0.208,3.1,0.186,0.7495,0.1266,0.7112,0.406,0.6115,0.741,0.0787,7.01,22.33,18.633,0.721,15.24,4.77,35.97,98.784,0.069,0.0319,0.0682,0.0283,0.0478,0.0474,0.0634,0.0375,3.1801,0.064,0.0025,101.995,0.0502,1924.5,0.0103,0.0225,0.0452,0.006,206.75,3.5568,0.0418,0.4368,0.0342,3.2172,25.239,75.9638,57.1779,0.0282,2.341,0.0298,0.8722,0.1013,0.018,224.1805,316.0111,974.0517,50.9926,0.059,0.0425,0.0853,0.9692,0.0214,0.062,0.2959,0.0469,0.1246,5.8286,0.2045,10.7875,0.025,2.2212,6.7927,5.8055,0.226,1.5801,2.0245,11.1815,27.5784,0.0168,0.0149,0.0306,0.0134,0.0123,0.022,0.0303,0.0206,1.1155,0.0205,0.0009,31.9126,0.0145,567.3775,0.0096,0.0017,60.1651,0.9342,0.0133,0.1539,0.0114,12.8334,0.9343,3.8991,7.0739,8.44,2.8809,36.6777,7.1219,4.9674,81.9821,4.3992,1.1866,4.9204,3.9839,52.881,7.2942,14.1988,5.4126,4.0764,4.3404,39.5122,40.2102,4.0097,0.8807,1.4724,1.1059,0.0881,4.5356,8.6344,4.717,9.1888,5.287,3.4872,15.7018,5.3591,7.034,8.9584,135.1862,4.9585,18.543,82.0666,281.2022,0.0,29.6801,0.0,154.5232,178.9697,272.2323,41.7535,3.6,2.7778,0.2574,5.7708,25.9653,0.0,35.5739,239.2523,9.7985,0.6255,28.1218,0.089,6.0027,6.9353,1.5088,7.6118,77.432,18.89,1.26,7.8191,0.507,146.2962,4.6496,1.6272,0.588,0.0989,61.233,8.12,0.1302,3.5866,0.0527,3.0714,21.9978,533.3591,2.3759,9.75,0.4187,3.3423,0.1197,1.828,17.6233,0.0154,3.0809,0.0208,0.0287,138.2861
-1.0,3008.02,2230.7555,1.0038,111.5489,1.4411,0.0238,-0.0183,201.9034,7.811,419.1435,0.9702,191.1334,12.4759,1.4047,-3764.0,1461.25,1.0012,1.875,5.0358,73.0222,2.3889,0.141,87.4809,8.6829,65.0056,66.5518,86.9236,63.93999999999998,4.97,350.5764,128.3218,716.0284,1.3965,144.7536,623.6518,218.0917,4.595,4.847,2823.0,0.9368,3.8664,348.9736,10.5269,112.1882,16.5391,16.1336,23.5073,692.5211,145.9509,607.1127,121.2466,0.0181,-0.0099,-0.0251,0.0091,0.0766,-0.0156,0.0202,7.0634,0.1361,0.9913,1725.4839,0.1714,8592.0401,-0.0737,0.0205,-0.0447,0.24300000000000002,0.4647,0.9694,675.9019,0.9913,59.1221,0.6047,0.9791,6.1157,15.81,4.019,15.89,15.85,1.116,0.6206,2.887,0.7569,0.7025,2.2909,1000.9047,172.0,88.4,144.5,52.3,263.8879,0.2879,0.1,0.0674,0.0719,0.0305,10.2681,4.615,14.547,0.0177,0.63,0.0503,423.0,160.0,0.138,0.083,0.168,3.1,0.099,0.6262,0.0562,0.3712,0.2162,0.7079,0.465,0.1323,8.91,13.64,57.47,0.319,11.72,4.22,26.645,91.984,0.1094,0.0528,0.0528,0.0766,0.0733,0.0597,0.0881,0.0543,3.165,0.0438,0.0021,110.2527,0.0727,1647.8999,0.0298,0.0259,0.0251,0.0139,144.1305,2.8201,0.0454,0.5311,0.0262,4.6775,38.4333,26.5281,49.8096,0.0979,2.3562,0.0386,1.5597,0.1847,0.0152,195.1316,355.3659,185.262,72.7662,0.0613,0.0362,0.0715,1.1099,0.0244,0.0381,0.2998,0.0213,0.1109,5.0435,0.1386,8.8509,0.0359,2.2886,3.9553,17.5977,0.0963,1.351,1.782,9.1465,30.2079,0.0325,0.0231,0.0226,0.0372,0.0219,0.0282,0.0387,0.0243,1.0017,0.0142,0.0006,33.523,0.0228,535.8202,0.0068,0.0045,46.3871,0.7398,0.0157,0.171,0.0096,13.3817,1.5604,7.8418,2.9388,5.9584,2.3445,20.5875,28.6801,6.939,59.0833,3.4706,1.8197,5.0497,3.58,6.9607,10.9495,13.7828,4.4267,3.3361,4.2453,25.1163,53.9007,2.1498,0.7158,0.6474,0.4682,0.4236,5.0688,6.211,4.0815,9.4769,6.1553,2.1871,26.3513,6.372,3.0303,5.3927,70.8625,3.8475,11.2167,75.8652,604.0028,111.3337,304.8756,802.7379,77.9628,565.6501,269.145,44.8091,3.8812,1.8046,0.2097,6.3897,42.43,617.5857,56.3246,0.0,5.3916,1.4362,21.3242,0.0596,4.77,8.684,1.1443,10.6698,81.28,20.64,1.4,8.7368,0.5474,104.4406,5.0745,1.7224,0.3311,0.0895,32.8864,6.4323579338069115,0.16212425495144242,2.555095847865804,0.06690080685120346,2.4786590857628985,21.329888638572772,531.4409,2.3579,7.69,0.2934,2.595,0.0885,1.447,12.4442,0.0134,2.6617,0.0147,0.01,68.231
-1.0,2993.53,2180.7,1.0177,98.9367,1.4909,-0.0034,-0.0088,203.8317,12.6976,417.4887,0.9732,194.3685,12.508,1.3965,-4210.75,1310.75,0.9878,1.8725,4.9648,69.9667,2.6,0.1774,85.2764,8.7219,63.8842,66.1097,86.5265,76.78,3.629,352.0073,128.0318,716.7356,1.4122,143.4891,623.5282,177.6065,4.613,4.83,2822.0,0.9361,-6.0545,346.05,10.8734,101.9773,24.3473,26.0545,35.8454,680.8903,151.1536,599.1809,62.9731,-0.0047,-0.0062,-0.0155,-0.0043,0.0577,-0.0211,0.0256,7.302,0.13375806175975163,0.9913,1725.4839,0.1634,9434.33,0.0327,0.0149,-0.0114,0.0445,0.4652,0.9353,737.1228,0.9907,59.0359,0.6026,0.9703,6.3215,15.65,4.375,15.69,15.69,1.182,0.7448,3.276,-0.2838,0.5438,2.3244,989.4793,126.0,167.4,55.3,45.7,442.248,0.2324,0.1384,0.0538,0.045,0.0089,8.674,4.679,13.153,0.0076,0.36,0.0539,582.0,159.0,0.126,0.127,0.174,3.3,0.107,0.6535,0.1224,0.6321,0.3036,0.6848,0.486,0.1716,5.7,20.16,37.602,0.196,18.53,4.78,29.234,62.863,0.0621,0.0207,0.0378,0.0829,0.0323,0.0561,0.0874,0.0663,4.58,0.0729,0.0021,110.2527,0.0377,1222.7998,0.0131,0.012,0.0185,0.0441,135.1677,2.7152,0.0138,0.5641,0.0461,3.8147,32.8329,51.1345,18.0405,0.0708,2.5498,0.0475,1.2783,0.0969,0.0214,241.1265,286.6479,645.9837,71.3273,0.0516,0.0532,0.0711,1.0137,0.0227,0.0321,0.2416,0.049,0.0688,5.0295,0.1614,9.1445,0.0457,1.885,5.4241,13.3759,0.0593,1.3077,1.8685,8.7327,18.5087,0.0187,0.01,0.0172,0.04,0.0098,0.0275,0.0443,0.0347,1.5236,0.0239,0.0006,33.523,0.0126,418.1062,0.0048,0.0148,42.7556,0.7267,0.006,0.1823,0.0149,13.7819,1.2304,5.6361,5.5921,2.2654,2.0957,38.1451,22.8359,9.2829,36.8494,3.1505,0.781,2.8782,3.8568,33.272,12.1305,12.7563,6.7824,3.5047,4.7165,42.3077,40.5761,2.3275,0.7663,1.4033,0.9894,0.6795,4.7954,6.5452,4.2583,12.1546,3.9724,3.2332,21.1715,5.9949,1.8026,5.2855,76.1071,4.2935,16.83,99.8252,0.0,37.8428,535.7027,760.0,97.227,413.7278,258.4795,62.7232,2.525210404429093,3.0825,0.2097,6.3897,23.0734,598.1308,17.7986,0.0,3.9853,4.7126,18.3372,0.0603,4.5993,8.924,1.9822,9.9193,81.022,23.97,1.44,11.458299999999996,0.6245,66.0994,5.8483,1.7773,0.1475,0.0283,15.7758,6.489026222496569,0.1632463758343546,2.5924785978257248,0.06687700924361398,2.4706702003548555,20.76772502188676,530.7018,2.5277,10.17,0.4995,3.6555,0.1249,1.9163,19.7595,0.0122,2.4158,0.0316,0.0098,31.0788
-1.0,3003.08,2183.3111,1.6269,102.8467,1.4102,0.0308,-0.0119,197.0076,7.4221,411.0986,0.9719,187.4329,12.5065,1.4166,-4261.25,-3969.0,1.325,1.9605,7.287,67.9333,1.5444,0.1208,85.3825,9.7324,64.2442,66.6973,87.1381,63.93999999999998,5.041,350.9173,123.9618,710.4946,1.1086,139.8018,614.6809,42.9529,4.588,4.846,2820.0,0.9352,2.8745,348.5673,10.7024,106.8364,12.6869,17.1255,22.8489,687.6457,147.9018,603.3055,63.9188,-0.0064,0.0332,-0.0142,0.0089,0.0865,-0.036,0.0236,7.176,0.1352,0.9675,1753.3566,0.1933,8400.2601,-0.1152,-0.0381,0.0359,-0.24175000000000002,0.4628,0.9396,699.0903,0.9909,57.3235,0.6028,0.9772,6.3769,15.81,4.019,15.89,15.85,1.116,0.6206,2.887,0.7569,0.7025,2.2909,1000.9047,101.0,152.7,131.6,58.0,165.9249,0.4527,0.1287,0.06,0.0531,0.0099,3.0327,3.384,20.026,0.0072,0.34,0.0383,759.0,4295.0,0.084,0.099,0.136,2.0,0.505,0.7473,0.0743,0.6345,0.3412,0.9513,0.451,0.2108,5.85,19.27,24.179,0.281,15.62,4.85,32.817,78.267,0.1033,0.0694,0.0671,0.1083,0.0795,0.031,0.0551,0.0927,4.8443,0.0448,0.0082,158.7328,0.0413,699.5,0.0369,0.0232,0.0188,0.0203,92.0443,2.684,0.0312,0.5803,0.0262,4.6775,30.9273,51.3055,44.6929,0.137,1.6569,0.045,1.0846,0.0951,0.0143,333.5551,116.2393,1427.8589,2353.1887,0.039,0.0451,0.0582,0.6442,0.0522,0.1781,0.302,0.0324,0.1126,5.1169,0.1391,8.5587,0.062,1.8255,6.0837,6.2751,0.0926,1.555,2.2824,9.8289,27.4334,0.0257,0.031,0.0313,0.0508,0.0219,0.0161,0.0287,0.0456,1.8037,0.0138,0.0023,46.6029,0.0148,212.8855,0.0052,0.0077,27.4049,0.7755,0.0101,0.1877,0.0096,13.3817,1.5604,4.5478,5.0848,5.2186,2.6565,10.4453,27.8252,9.1263,45.5936,4.8713,0.7446,2.7186,2.7022,71.6926,108.2137,6.3396,5.0497,1.8663,2.9441,103.5971,144.0662,15.0566,0.8752,0.7634,0.9876,0.1169,4.2831,7.8492,4.0238,19.0143,4.1845,3.135,56.2919,7.9898,2.6256,7.0014,123.1189,4.7724,40.7892,122.4475,0.0,98.9661,761.3357,895.1443,35.8485,153.1619,393.2131,67.5073,1.9226,1.8597,0.8467,9.0531,21.3428,0.0,31.9645,0.0,4.0675,2.1656,13.1663,0.1013,4.6823,9.1,1.1443,10.6698,77.81229035624156,17.20694270451511,1.2965670993383858,7.905589015389098,0.5456737422215845,60.05965209159839,4.280427152807773,1.660746164459087,0.4722,0.102,47.843,6.499985122710297,0.17065910150246041,2.53949074136227,0.0689189693735801,2.4774767847202868,21.99778650278745,534.14,2.4975,7.8,0.4831,2.719,0.1397,1.4603,19.3415,0.0125,2.5006,0.0316,0.0098,31.0788
-1.0,3053.95,2183.1,1.7881,111.89,1.3539,0.0088,-0.0022,203.9062,8.5675,421.7719,0.971,193.1819,12.5351,1.4093,-2542.75,1554.0,0.9902,1.8818,5.088,69.4222,2.7667,0.1934,84.2999,8.6439,64.4484,66.2423,86.7383,78.04,3.521,347.4682,144.7855,733.9512,1.2785,137.4455,629.6991,188.0746,4.547,4.819,2837.0,0.9323,-0.81,345.7555,10.1909,123.9755,13.4236,20.81,29.1501,704.8011,146.5445,616.2755,84.1425,-0.0288,-0.0163,-0.0976,-0.0114,0.0186,-0.0129,-0.0098,6.4962,0.1368,0.9635,1697.1294,0.1497,9750.47,-0.0474,-0.149,-0.0211,-0.1767,0.4603,0.9291,828.4183,0.9867000000000001,56.2629,0.5954,0.9675,6.3476,15.71,4.062,15.71,15.74,1.182,0.5822,2.745,-0.6623,0.6852,2.3296,993.4924,111.0,141.9,77.9,62.2998,212.88,0.66,0.0572,0.0651,0.0608,0.0257,9.236,4.031,9.686,0.0144,0.26,0.0824,291.0,160.0,0.139,0.097,0.193,3.2,0.222,0.8544,0.1662,0.5235,0.3374,0.8007,0.652,0.0739,5.32,19.41,38.419,0.288,22.18,5.5,34.341,122.729,0.1139,0.0467,0.0387,0.062,0.1133,0.1225,0.0872,0.0955,5.2053,0.0827,0.0073,183.175,0.0188,992.2002,0.0369,0.0083,0.0138,0.0194,93.0222,2.9246,0.041,0.452,0.0307,2.2354,27.496,44.5093,23.941,0.2034,2.077,0.0197,1.4072,0.0787,0.0282,138.8221,354.8205,2948.8247,71.7449,0.0572,0.0409,0.0894,0.9884,0.0199,0.0589,0.316,0.0628,0.1222,6.3528,0.1838,9.2016,0.022,1.7046,6.1302,10.2962,0.0854,1.4796,2.8384,10.0344,37.9433,0.0294,0.0192,0.0182,0.0311,0.034,0.0572,0.0407,0.0414,1.8254,0.0268,0.0023,56.3301,0.0066,308.4709,0.0043,0.0072,29.1709,0.7636,0.0123,0.1593,0.0109,12.9251,0.8402,4.895,4.6464,3.1675,2.8537,18.1152,36.9109,4.2248,47.0501,2.2965,1.4873,2.0742,5.8467,235.3358,10.296,14.0369,5.1548,3.7932,4.6095,36.1446,30.4997,4.8305,1.0135,1.9223,0.8123,0.2091,4.858,6.5614,4.254,5.7776,3.8706,3.0824,20.4275,5.983,2.826,7.6789,165.2309,4.8724,41.1449,145.8584,395.4861,103.8355,63.5083,995.497,659.4886,677.2816,890.8199000000001,80.1295,3.2905,3.4439,0.7621,10.7932,12.5755,150.7378,118.77044999999998,84.507,2.9891,2.0842,11.2289,0.2425,5.1981,7.1202,1.3183,6.084,71.628,15.6,1.19,7.4927,0.4953,81.8449,3.8376,1.6614,0.1031,0.0253,10.8294,6.127852933433705,0.1730291528689126,2.4976562931257718,0.07122915500725391,2.3400870552487394,20.229047133493502,537.5418,1.7735,7.93,0.1733,2.7238,0.0597,1.4752,9.7715,0.0124,2.4948,0.0316,0.0098,31.0788
-1.0,2933.89,2189.6555,0.9898,98.0433,1.5448,-0.0088,0.0057,198.5519,12.1194,423.0623,0.9716,187.9693,12.4998,1.425,-3094.5,1271.5,0.9902,1.8847,5.1208,69.3111,2.5556,0.1803,84.2999,8.6439,64.4484,66.2423,86.7383,78.04,3.521,351.9409,141.8982,735.8546,1.363,141.1264,634.9655,179.0231,4.605,4.869,2828.0,0.9332,8.1445,352.7391,9.9354,130.0427,7.6619,11.8555,17.3399,718.5147,144.5218,627.3036,111.8096,-0.0324,0.036,-0.0754,-0.0044,0.0454,-0.0361,-0.0082,7.8342,0.1388,0.9917,1795.6262,0.2061,9138.99,-0.0454,0.0242,0.0112,0.0936,0.4475,0.9722,784.2107,0.9905,58.7587,0.6038,0.9751,6.4683,15.76,3.981,15.81,15.78,1.276,0.6086,2.894,-0.4731,0.6645,2.3087,997.4462,136.0,98.1,80.5,58.2,670.994,0.1116,0.0867,0.0518,0.0439,0.0217,11.0157,7.101,4.594,0.0111,0.17,0.0432,546.0,226.0,0.111,0.098,0.184,2.9,0.197,0.8544,0.1662,0.5235,0.3374,0.8007,0.678,0.0784,4.21,20.34,35.295,0.788,9.33,7.95,37.456,90.368,0.0661,0.0689,0.0892,0.0438,0.0667,0.0274,0.0777,0.041,3.4863,0.0897,0.0009,111.1252,0.0307,1115.2998,0.0183,0.0135,0.120188138292432,0.0208,119.7313,2.2366,0.0404,0.484,0.0324,3.8593,35.619,29.7546,23.0836,0.0372,2.8666,0.0249,2.4312,0.0473,0.0128,240.9901,343.9942,4590.788,101.9722,0.0508,0.0413,0.0834,0.8992,0.0239,0.0598,0.316,0.0628,0.1222,5.2941,0.2332,9.1321,0.0279,1.4734,5.4595,12.215,0.2952,2.3209,2.8849,10.4845,30.1517,0.0179,0.0294,0.0386,0.0182,0.0195,0.0124,0.032,0.019,1.487,0.0285,0.0003,43.6653,0.0123,341.4864,0.02801905827358544,0.0063,36.5538,0.6212,0.0135,0.1601,0.0124,10.7055,1.3424,5.7517,3.3437,3.2388,2.658,55.8886,11.2781,5.6125,58.5922,1.0859,1.1433,1.36,3.0317,298.58439999999996,17.7743,11.2093,5.1996,3.5932,4.184,31.3043,42.1442,4.2628,1.0135,1.9223,0.8123,0.2091,5.9072,5.4053,4.1185,5.7557,2.9831,3.2033,19.7153,5.9363,7.9313,6.1672,121.7715,5.213,22.8576,80.8231,203.8944,296.3441,58.1287,0.0,60.3857,215.0865,501.5291,44.5016,1.9452,3.7156,0.088,6.1887,14.9152,455.6962,58.5143,0.0,26.600115265074077,2.1398,15.2677,0.1398,3.8063,7.4831,1.4024,9.859,71.24,13.37,1.37,5.7859,0.5386,59.9761,3.2797,1.9231,0.0806,0.022,8.4661,6.574924551352622,0.1399219377285099,2.665771173572078,0.05747990096387133,2.5087723374355013,19.80319578463603,539.0582,2.0084,5.41,0.2516,1.8131,0.0807,1.0036,12.5296,0.0097,1.9799,0.0316,0.0098,31.0788
-1.0,2996.95,2163.5889,1.7014,104.8333,1.5713,-0.0125,-0.0065,196.6883,7.0427,414.8541,0.9631,187.0808,12.4998,1.3959,-4102.0,1511.5,0.981,1.8855,5.0768,67.2667,2.6778,0.1889,86.5513,8.8043,64.056,66.2008,86.7995,63.93999999999998,5.041,356.7627,131.5291,730.3696,1.4107,144.44,632.7318,196.2791,4.595,4.84,2862.0,0.9244,11.4855,358.6782,10.2503,123.0145,11.5991,8.5145,13.7855,716.5842,139.44,621.1327,104.5916,-0.0354,-0.0517,-0.1053,-0.0069,0.0255,-0.0146,0.0141,6.9514,0.1344,0.9707,1794.6672,0.1543,8912.71,-0.0467,0.0698,0.0615,-0.0901,0.4613,0.9454,778.3338,0.9911,58.3253,0.6059,0.9747,6.0076,15.9,4.062,15.94,15.91,1.135,0.6128,2.824,-0.7096,0.6802,2.2697,1002.4074,142.0,78.4,67.1,56.8999,288.1161,0.3835,0.1207,0.0569,0.0513,0.0143,4.9851,4.022,11.007,0.0138,0.17,0.0596,237.0,66.0,0.116,0.095,0.136,2.2,0.145,0.6332,0.0727,0.5321,0.4456,0.8126,0.513,0.153,6.36,24.18,39.944,0.683,23.15,4.5,33.352,79.637,0.0461,0.0244,0.0374,0.0606,0.0821,0.0393,0.1014,0.0339,3.6132,0.0389,0.0055,94.6543,0.0371,634.3994,0.0189,0.025,0.0254,0.0277,70.9803,2.5814,0.0357,0.3333,0.0342,3.2172,36.5376,26.4692,18.9955,0.1216,1.3812,0.0368,1.0978,0.0473,0.0178,102.3633,279.7611,2058.4774,28.4898,0.0477,0.0408,0.0571,0.6801,0.0368,0.0383,0.2673,0.033,0.1135,5.9031,0.1463,10.9381,0.0457,2.1216,6.9827,10.9499,0.2302,1.2888,1.401,10.1282,26.362,0.0153,0.0103,0.0169,0.0257,0.0239,0.0172,0.0523,0.0184,1.2411,0.0122,0.0019,30.0601,0.0116,191.5934,0.008,0.0109,21.7112,0.7741,0.0101,0.1077,0.0114,12.8334,0.9343,6.521,2.616,2.7422,2.6299,19.8922,22.5423,7.6817,57.1086,2.6532,1.4371,1.36,4.2732,120.6728,4.3665,11.8247,5.0385,2.6789,3.2706,33.61,53.4706,3.1219,0.7316,0.8254,0.8307,0.1527,5.0874,9.1919,5.1395,10.8472,4.4032,3.8215,20.3506,5.8592,6.6632,7.4056,199.5847,4.6543,13.3046,76.1409,130.0652,84.0655,57.5225,0.0,154.1176,693.3333,240.0,51.9785,3.7196,1.6091,0.5706,5.2742,24.0674,814.664,29.932,512.0,5.5123,2.9287,9.1195,0.1101,4.4259,5.5483,1.5088,7.6118,80.09360493963393,16.9813348055436,1.3512147021191214,7.889151381839713,0.5485013777728587,61.056328409246866,4.193725164046056,1.6650964277688582,0.2197,0.0392,23.0054,6.38840875381577,0.14808316658031292,2.518448253125376,0.06284295800060866,2.436333959724493,20.214209962938142,535.5609,2.097,8.4,0.3064,2.8915,0.0817,1.5684,14.6131,0.0095,1.8989,0.0316,0.0098,31.0788
-1.0,3070.54,2183.3111,1.6269,102.8467,1.5975,0.0104,-0.0095,201.1689,10.7441,413.6401,0.9711,192.9844,12.5471,1.4207,-3592.5,402.75,1.3105,2.0245,7.3673,68.2,2.6444,0.2018,85.2227,8.5288,64.1901,66.0973,86.6692,78.52,3.182,354.4691,140.0173,737.3184,1.3507,142.2409,636.7273,185.545,4.612,4.851,2847.0,0.9289,1.4745,355.2336,10.3698,121.4918,18.5328,18.5255,25.9662,711.3522,141.4691,618.1945,102.6512,-0.0112,-0.0144,-0.0408,-0.0138,0.0252,-0.0163,0.0232,7.2273,0.1353,0.9862,1888.1251,0.2073,9020.6,-0.0153,-0.0381,0.035,-0.2113,0.4599,0.9444,795.9462,0.9909,58.945,0.6084,0.9769,6.3291,15.81,4.019,15.89,15.85,1.116,0.6206,2.887,0.7569,0.7025,2.2909,1000.9047,125.0,207.3,163.8,58.0,165.9249,0.4527,0.0769,0.046,0.0511,0.0274,11.2396,8.798,8.309,0.0151,0.85,0.0708,2060.5,464.0,0.033,0.062,0.177,1.8,0.501,0.7978,0.0929,0.6767,0.4021,0.7542,0.521,0.2156,12.29,19.98,56.894,0.7,22.06,5.28,40.292,61.55,0.1277,0.0165,0.0858,0.0775,0.1262,0.033,0.1064,0.118,3.5022,0.0743,0.002,149.5063,0.0394,1167.1006,0.0286,0.0267,0.0202,0.0323,125.0427,2.6523,0.0413,0.6252,0.0262,4.6775,30.2593,65.9976,53.3272,0.137,1.6569,0.0275,2.5152,0.1207,0.021,912.5788,95.8541,763.0869,222.3441,0.016,0.0255,0.0776,0.5745,0.0538,0.1529,0.2868,0.0384,0.1474,5.7336,0.1928,11.7174,0.0506,3.4496,6.5539,17.5918,0.2458,1.7067,1.8892,12.5465,21.4997,0.0401,0.0075,0.0418,0.0395,0.0327,0.0143,0.0509,0.061,1.1693,0.0231,0.0007,55.2702,0.0116,388.2964,0.0059,0.0115,39.407,0.6965,0.0149,0.2003,0.0096,13.3817,1.5604,5.7018,6.7513,6.8068,2.6565,10.4453,27.8252,4.8138,81.8869,2.0087,1.56,6.7745,4.9842,48.7683,115.2079,2.5181,3.0625,2.4025,2.6393,37.8151,93.1718,14.8337,0.9361,1.0887,1.0542,0.3236,5.8143,9.9273,5.3605,15.9643,8.6403,3.1379,30.6632,6.3869,6.7504,12.7828,119.0326,5.6641,10.8006,59.9603,0.0,36.2041,190.0674,916.9846,131.0824,654.7692,508.0732,48.4582,2.218,3.169,0.199,7.9182,19.0301,253.8324,71.9723,0.0,4.4028,3.4244,15.7099,0.0889,4.4996,9.8788,1.1443,10.6698,75.75051953327417,17.01639339679895,1.2566721433701935,7.595355742093045,0.5127525229402801,60.90158015069472,4.219217678424775,1.6535334144696192,0.2393,0.0467,24.3354,8.96,0.1965,3.3603,0.0816,3.3766,24.1238,535.1664,2.0973,7.19,0.2556,2.2021,0.0745,1.3435,12.1875,0.0155,3.1216,0.0316,0.0098,31.0788
-1.0,3085.99,2179.0778,1.6746,99.33,1.4537,-0.0275,0.0002,199.3353,6.7628,404.405,0.9774,189.0427,12.4841,1.434,-3886.75,-6143.25,1.3325,2.0,7.3163,66.4556,2.4667,0.2126,84.6614,8.7994,64.1107,66.1349,86.7297,63.93999999999998,1.1460000000000004,358.5545,137.5173,739.4909,1.4053,144.2591,640.3309,187.1549,4.603,4.86,2857.0,0.9248,2.0127,358.0718,10.4408,119.53,16.5918,17.9873,25.4566,714.0343,146.1373,623.7391,104.7521,-0.0131,0.08445,-0.0981,-0.0105,0.0413,0.0137,-0.0246,7.5437,0.1397,0.9892,1882.515,0.2085,8755.2601,0.1514,-0.0679,-0.0573,-0.0642,0.462,0.947,754.3479,0.9908,58.8109,0.6136,0.9749,6.3374,15.72,4.264,15.75,15.77,1.154,0.694,2.945,-0.1419,0.6556,2.3162,1007.3403,144.0,86.9,47.6,40.4001,413.78,0.5671,0.1339,0.048,0.052,0.0051,6.8895,4.287,18.756,0.0043,0.3,0.0783,90.0,15390.0,0.106,0.091,0.25,1.7,0.389,0.7141,0.0833,0.4138,0.3421,0.7448,0.688,0.1583,7.47,21.12,58.348,0.338,21.37,5.99,33.415,83.533,0.0811,0.0444,0.12045,0.0588,0.0873,0.0557,0.1311,0.0643,4.1376,0.0773,0.0019,128.0022,0.0885,1478.2002,0.0211,0.0207,0.0182,0.0313,144.0089,2.1781,0.0179,0.4873,0.0377,4.5031,34.7928,30.7517,15.5355,0.1832,2.3371,0.0428,1.2349,0.0839,0.0274,40.4804,94.7888,535.4527,7109.6177,0.0454,0.0429,0.1188,0.4953,0.0533,0.1526,0.2553,0.0341,0.108,5.9644,0.2241,11.7154,0.0471,2.4346,6.5865,19.3287,0.1174,2.0993,2.4416,10.4369,25.3977,0.0227,0.0185,0.055099999999999996,0.0262,0.0262,0.0287,0.0552,0.0296,1.7459,0.0246,0.0006,49.4526,0.0315,475.3196,0.0045,0.0092,46.4373,0.6127,0.0053,0.1626,0.012,11.1806,1.4405,6.5413,2.816,1.8663,1.854,22.7344,33.8649,9.2107,63.3907,4.6379,0.4382,2.4031,5.461,31.08,250.5189,7.955,4.55,3.4171,2.5581,60.8108,71.9812,11.7016,0.8435,0.9462,0.6454,0.2977,4.8891,9.2716,5.3086,11.263,5.1782,3.2983,31.1763,5.5872,3.2373,6.7682,128.7985,4.6797,19.9054,79.7435,617.0233,74.1855,59.9388,831.4286,135.0303,955.1913,261.648,54.8489,1.9326,3.2532,0.19,6.7995,42.4529,227.6289,28.6885,909.589,3.9374,3.3056,19.0905,0.0683,3.7036,7.6895,1.6263,11.3528,81.924,15.35,1.4,6.7451,0.5956,56.0267,3.7671,1.7089,0.3804,0.0692,39.043,8.06,0.2367,2.9153,0.0989,3.2278,22.77,535.2218,2.2168,6.71,0.3428,2.4428,0.0962,1.2537,15.4641,0.0151,3.0083,0.0316,0.0098,31.0788
-1.0,3094.34,2207.0444,1.7571,97.0189,1.4413,0.0136,0.0083,198.8039,3.0406,411.2695,0.9753,188.7498,12.5539,1.4257,-3832.0,-204.25,1.2665,1.9968,7.327,68.7667,2.5667,0.236,85.1059,8.5987,64.3081,66.236,86.7807,79.98,3.312,366.0782,142.5073,750.8916,0.8674,134.3891,642.9745,117.1521,4.645,4.915,2854.0,0.9202,0.91,365.2573,10.1774,123.4173,11.4445,19.09,24.9957,725.8959,144.1445,632.8191,121.03,-0.003,-0.0174,-0.0962,0.019,0.047,-0.0246,-0.0369,7.2991,0.1366,0.9897,1660.6167,0.1911,7769.61,-0.1439,0.0223,0.1352,0.0793,0.4687,0.945,641.5862,0.9867000000000001,57.7144,0.5975,0.9784,6.2987,15.9,4.062,15.94,15.91,1.135,0.6128,2.824,-0.7096,0.6802,2.2697,1002.4074,113.0,174.8,89.6,54.5,449.78,0.1339,0.0514,0.0553,0.0405,0.0158,6.6652,2.13,9.165,0.0089,0.22,0.0846,251.0,1456.0,0.123,0.056,0.305,1.9,0.278,0.7495,0.1266,0.7112,0.406,0.6115,0.562,0.0957,8.33,22.39,21.244,0.975,20.85,4.74,32.518,68.615,0.051,0.0586,0.0403,0.0622,0.0489,0.0501,0.0784,0.0541,2.7465,0.082,0.0017,109.6056,0.0381,1706.3999,0.0147,0.0188,0.0216,0.0147,147.2217,2.9576,0.0466,0.4786,0.0342,3.2172,31.1114,58.8573,35.8919,0.0412,3.3728,0.0168,0.6934,0.0462,0.0304,112.8934,562.8794,412.1181,626.1477,0.052,0.0236,0.1264,0.6595,0.0514,0.0863,0.2959,0.0469,0.1246,6.9024,0.1799,10.181,0.0323,2.4303,6.925,6.4805,0.2698,1.438,1.2503,10.334,18.7937,0.0133,0.0258,0.0178,0.0283,0.0151,0.0221,0.0408,0.0251,0.9041,0.0258,0.0007,42.2978,0.0107,482.7795,0.0063,0.0054,43.8885,0.9617,0.0157,0.161,0.0114,12.8334,0.9343,5.1518,5.649,3.7472,2.4694,35.4267,7.6185,3.5663,70.0511,2.2285,0.9094,1.7524,5.932,26.2526,712.8519,9.7118,2.8046,4.1627,2.763,85.7143,75.4237,8.4234,0.8807,1.4724,1.1059,0.0881,5.7037,7.4312,4.5463,11.037,6.1984,3.4823,18.1337,5.3591,9.5801,7.8352,182.1835,4.4797,9.7025,56.6926,0.0,536.3844,64.6906,257.2838,106.4825,318.3756,146.6125,37.6281,3.2208,3.4156,0.1732,6.6003,19.9355,348.5516,30.1602,0.0,4.5988,1.5564,22.9465,0.25379999999999997,5.1246,7.5979,1.5088,7.6118,75.622,16.25,1.52,7.1338,0.5818,81.8098,3.9698,2.01,0.3804,0.0692,39.043,9.63,0.1274,3.4552,0.0495,3.6235,22.2419,533.7936,2.317,9.14,0.314,3.1437,0.0961,1.7123,13.5534,0.0102,2.0253,0.0279,0.0335,119.9899
-1.0,2973.71,2163.5778,1.6241,105.0833,1.5171,-0.0154,-0.0165,203.9849,9.9348,408.29,0.9712,193.375,12.5351,1.4257,-5219.5,1535.75,0.9773,1.8842,5.0682,68.9778,2.5556,0.1954,84.2999,8.6439,64.4484,66.2423,86.7383,78.04,3.521,357.5564,141.5955,743.5159,1.3723,140.4591,639.6109,204.0966,4.635,4.907,2851.0,0.9248,-1.5118,356.8782,10.3866,120.0836,17.1182,21.5118,30.3514,713.1646,145.5309,622.4927,100.4161,0.0095,-0.0059,-0.0916,0.0109,0.0362,-0.0311,-0.0481,7.5607,0.1259,0.9852,1784.2011,0.1612,8570.0001,0.026,0.0567,0.0939,-0.2124,0.4641,0.9448,748.0732,0.9908,59.6698,0.6037,0.9665,6.3793,15.9,4.062,15.94,15.91,1.135,0.6128,2.824,-0.7096,0.6802,2.2697,1002.4074,112.0,84.8,27.8,61.0999,198.972,0.4923,0.1131,0.0767,0.10045,0.0153,8.4523,4.789,10.557,0.0114,0.26,0.0816,696.0,49.0,0.117,0.075,0.23,2.3,0.162,0.8544,0.1662,0.5235,0.3374,0.8007,0.587,0.1134,9.31,23.79,54.563,0.626,25.78,9.5,36.958,50.872,0.089,0.0798,0.0301,0.0505,0.0486,0.039,0.0828,0.0708,5.5408,0.0807,0.0016,116.1683,0.0419,1490.0005,0.0369,0.03420000000000001,0.0195,0.0274,157.5283,2.1159,0.0467,0.4829,0.0342,3.2172,30.2504,29.5733,9.9835,0.1589,2.268,0.042,1.5033,0.0787,0.0297,298.2732,276.1152,1164.4837,20.6135,0.0483,0.0326,0.1,0.8121,0.0423,0.0474,0.316,0.0628,0.1222,5.7194,0.1993,12.2695,0.034,2.69,7.4222,18.4961,0.1849,2.2715,1.9327,11.2823,16.1505,0.0259,0.0346,0.0129,0.0245,0.0132,0.0175,0.0435,0.0357,1.6829,0.0252,0.0005,41.4879,0.0132,513.8632,0.0059,0.0117,51.7592,0.6945,0.0133,0.1639,0.0114,12.8334,0.9343,4.9833,2.8517,1.1176,2.824,13.8726,30.3116,7.455,48.2042,2.5857,1.1721,2.0742,5.7201,43.2992,3.1906,11.9724,3.9804,4.5381,3.3344,27.3913,75.7248,3.5002,1.0135,1.9223,0.8123,0.2091,5.2244,11.5964,5.5247,8.2631,6.6283,3.7195,26.7339,5.9285,6.027,8.4524,150.6002,5.1823,17.3119,50.6612,938.6948,437.8601,55.116,444.8513,107.5862,265.8106,147.2699,73.2843,1.7471,3.3547,0.1622,6.5109,25.9961,0.0,67.8967,655.7377,4.2085,2.9011,21.0579,0.0706,3.5461,7.5694,1.5088,7.6118,71.914,15.26,1.26,6.6615,0.4931,101.0533,3.7375,1.7521,0.1031,0.0253,10.8294,6.440222286233298,0.1275152315229162,2.6196622554606757,0.055631580603586514,2.455809106994936,20.545633015837858,535.6864,2.242,6.55,0.3665,2.252,0.126,1.2227,16.3481,0.017,3.3681,0.0279,0.0335,119.9899
-1.0,2934.01,2168.7222,1.5175,106.7589,1.3322,0.0256,0.0073,201.9994,3.1553,405.723,0.971,192.0304,12.448,1.3992,-4449.0,1521.25,0.961,1.8995,5.094,69.0222,2.3222,0.1742,85.2626,8.4092,64.2111,66.2249,86.7481,77.83,3.434,350.6018,135.3318,721.7287,0.9616,133.56,619.4936,60.4675,4.575,4.84,2822.0,0.9378,0.9091,348.7536,10.4139,116.2409,5.1158,19.0909,20.5351,701.1936,151.2927,616.2873,171.74984999999998,0.035,0.0481,-0.0843,0.0435,-0.0101,-0.0324,0.0048,8.2767,0.1277,0.9704,1812.6917,0.1886,8983.2,-0.0124,0.0707,0.0087,0.0225,0.4776317189674061,0.9474,772.681,0.9906,57.6847,0.6042,0.9799,6.3257,15.65,4.375,15.69,15.69,1.182,0.7448,3.276,-0.2838,0.5438,2.3244,989.4793,77.0,96.4,84.4,64.7,211.181,0.4677,0.1076,0.0862,0.0669,0.0084,8.6019,2.474,11.443,0.0088,0.33,0.0286,322.0,110.0,0.098,0.067,0.214,3.0,0.158,0.7888,0.1535,0.5833,0.2973,0.828,0.785,0.0869,8.88,21.71,17.715,0.299,11.39,4.97,29.272,42.346,0.1046,0.0344,0.1004,0.0941,0.0971,0.0587,0.0467,0.0627,3.2626,0.0388,0.0041,86.829,0.035,1242.1997,0.0139,0.0141,0.04687396337548683,0.0208,118.5435,2.9572,0.0262,0.6072,0.0461,3.8147,21.9835,34.6167,31.3643,0.1557,1.7389,0.0439,0.9976,0.0877,0.0089,147.9152,213.5593,591.5308,51.4871,0.0408,0.0318,0.0986,1.001,0.0458,0.0485,0.2947,0.0543,0.1611,6.3665,0.2932,9.3982,0.0248,3.4231,5.833,5.0035,0.0825,1.6225,1.304,8.8097,11.36,0.025,0.0167,0.0457,0.046,0.0308,0.0297,0.0224,0.0313,1.0637,0.0126,0.0012,26.3784,0.0107,376.9659,0.013932606550510018,0.0062,34.6404,0.9177,0.0098,0.1927,0.0149,13.7819,1.2304,3.6717,3.2856,3.4291,2.9833,17.4227,30.819,8.0769,78.4084,2.8204,0.9092,2.651,2.0427,32.5242,7.2309,10.1977,3.5272,4.201,4.3464,38.756,74.0434,3.4064,0.9251,1.8257,0.9084,0.2228,6.7398,7.5814,4.4235,9.0384,6.6487,3.5045,29.2967,7.0363,2.8712,5.6176,222.6427,4.1746,9.6535,20.1827,298.9639,423.3846,111.6251,223.0261,579.7531,144.0247,0.0,39.4196,1.4099,1.6119,0.4199,4.7901,18.5806,0.0,54.7009,284.2105,11.592197304720276,2.1966,15.3418,0.1061,5.1265,9.5988,1.9822,9.9193,77.32515798355827,16.726430889761037,1.2284815862940213,7.742591562172026,0.5170135141850258,63.39147646612613,4.15234683317322,1.5982588569977891,0.3909,0.0783,41.9184,4.98,0.0877,2.0902,0.0382,1.8844,15.4662,535.9227,1.911,8.65,0.1435,3.1242,0.0437,1.614,7.508,0.0113,2.2429,0.0279,0.0335,119.9899
-1.0,3043.22,2191.5667,0.9187,104.4511,1.515,-0.0114,-0.0075,199.5213,12.3683,424.5635,0.9723,189.4747,12.4849,1.3599999999999999,-1363.875,4181.6667,1.269,2.016,7.2602,68.1222,2.2889,0.1808,83.7263,8.7867,64.0159,66.3724,86.5708,76.15,2.956,354.8127,128.0755,722.4101,0.962,139.25,622.1382,115.9784,4.6,4.859,2858.0,0.9314,0.6191,354.3218,10.686,108.6945,12.7122,19.3809,23.1287,699.2814,147.94,610.9564,116.4485,0.0124,0.0014,-0.0708,-0.0208,-0.0017,-0.0258,-0.0025,8.2918,0.1314,0.9895,1906.6056,0.1956,8881.1499,0.0999,-0.0911,-0.0442,-0.0992,0.469,0.9401,742.3405,0.9905,58.4837,0.6051,0.9662,6.3232,15.74,3.562,15.81,15.79,1.201,0.5333,2.916,-0.9461,0.6893,2.3386,994.2346,147.0,192.8,180.6,54.5,228.416,0.2207,0.0702,0.0438,0.0489,0.0102,7.8658,8.775,9.192,0.0072,0.3,0.128,937.0,17919.5,0.118,0.11,0.245,2.8,0.454,0.6531,0.1175,0.6535,0.3376,0.5457,0.407,0.1393,6.25,12.34,33.437,1.5694999999999997,9.82,12.84,28.156,70.126,0.0984,0.10470000000000002,0.065,0.0419,0.0355,0.1299,0.0548,0.0786,3.33,0.0729,0.0019,130.1761,0.0311,1739.4004,0.0149,0.012,0.0444,0.0411,125.4112,3.3558,0.0242,0.6559,0.0524,3.0266,31.8803,65.0306,65.8583,0.0635,2.1807,0.0254,2.4944,0.0849,0.045799999999999993,430.661,68.9082,4875.4965,8994.62525,0.0488,0.0522,0.1271,0.9757,0.0381,0.1436,0.2525,0.0534,0.0443,6.4131,0.1111,6.2683,0.0378,1.906,3.8949,8.8249,0.45265,3.2904,3.6712,9.0079,22.5439,0.0229,0.0455,0.0299,0.0172,0.0104,0.0596,0.0286,0.0346,1.2481,0.0231,0.0005,40.4409,0.0109,491.9914,0.0104,0.0127,38.6984,1.0884,0.0078,0.2004,0.0163,14.7277,0.9666,6.4871,6.3354,7.2682,2.4868,15.7651,24.0175,4.6337,70.9477,2.165,0.737,2.4029,9.13815,298.58439999999996,572.4033,9.2987,5.4563,3.3745,4.1103,52.4272,57.5292,13.4064,0.78,1.3368,1.0208,0.6795,6.3329,16.217,2.655,14.4857,4.4883,1.9835,28.8304,6.2692,15.138300000000001,17.537999999999997,77.2488,4.0264,26.401,60.2206,792.7492,157.5338,59.139,170.7757,0.0,212.4031,0.0,40.16,3.0444,3.0848,0.1894,6.8276,15.8816,313.2137,71.028,187.7551,9.4653,4.3745,16.894,0.1078,5.7379,10.3725,2.2391,7.9949,73.90870664680872,16.80837448562068,1.221909848985807,7.997259299148124,0.5094718961979043,34.64425299978329,4.1934256082997505,1.648518222734569,0.2003,0.0413,20.7785,7.95,0.3189,3.424,0.1352392452747727,3.167,36.4867,533.1246,2.1672,9.43,0.2236,3.2845,0.0726,1.7688,10.3164,0.0134,2.6904,0.0279,0.0335,119.9899
-1.0,3037.38,2146.1111,1.6513,100.7244,1.3552,0.0024,-0.015,200.8669,10.0095,406.3165,0.9667,190.1128,12.5351,1.3994,-3240.0,461.25,1.267,2.009,7.2348,68.4667,2.7556,0.2192,86.5513,8.8043,64.056,66.2008,86.7995,63.93999999999998,5.041,357.3964,140.6964,742.265,1.3713,141.0491,639.1418,217.3799,4.635,4.907,2851.0,0.9248,3.3655,354.6527,10.3143,124.0618,15.0473,16.6345,25.076,717.189,145.38,624.0945,76.2635,-0.0193,-0.0486,-0.0941,0.0127,0.0102,-0.0124,-0.0307,6.7306,0.1259,0.9898,1777.5048,0.1709,8746.6701,0.0215,0.026,-0.0448,-0.028,0.4639,0.9312,748.4143,0.9905,59.2147,0.6131,0.9671,6.3292,15.9,4.062,15.94,15.91,1.135,0.6128,2.824,-0.7096,0.6802,2.2697,1002.4074,112.0,118.5,50.3,51.0999,243.834,0.7513,0.0853,0.0447,0.0316,0.0201,8.1966,7.352,11.159,0.0152,0.26,0.0458,1692.0,817.0,0.066,0.031,0.29,1.6,0.528,0.6332,0.0727,0.5321,0.4456,0.8126,0.631,0.2109,4.91,28.76,44.226,0.456,26.44,5.45,37.969,98.834,0.0467,0.0708,0.0372,0.0695,0.0811,0.0496,0.0969,0.0525,3.9072,0.0828,0.0011,116.8209,0.0378,780.2998,0.0223,0.0271,0.032,0.012,71.4066,3.1132,0.025,0.4796,0.0342,3.2172,30.2504,34.999,19.2093,0.2272,1.6616,0.0371,2.4966,0.0787,0.0127,711.2362,562.8794,395.1367,374.8052,0.0334,0.0149,0.1201,0.6819,0.0467,0.1687,0.2673,0.033,0.1135,6.0366,0.1699,11.7454,0.0578,1.346,8.5016,14.4485,0.1378,1.6529,2.8293,12.1695,29.3918,0.0139,0.0305,0.0176,0.0307,0.023,0.024,0.0543,0.0286,1.3638,0.0246,0.0004,42.2631,0.0107,269.423,0.0075,0.0033,25.7918,0.9938,0.0086,0.1641,0.0114,12.8334,0.9343,4.9833,3.9014,2.0605,2.381,13.6014,45.4979,6.2942,73.4499,2.7464,1.5762,2.0742,3.2729,24.3827,177.1274,5.2092,1.5431,4.0084,2.3369,21.7742,63.8621,15.3612,0.7316,0.8254,0.8307,0.1527,5.9933,10.0927,5.2931,15.3778,3.4811,4.4998,20.345,5.9285,4.4211,10.3255,175.7132,5.2941,31.4197,129.5953,241.8906,476.7677,73.8772,638.2686,486.2745,779.8793,171.1491,58.0518,1.7471,3.4584,0.1067,6.5722,22.1102,0.0,35.3222,0.0,6.8928,1.2903,9.5411,0.0739,5.2575,7.5772,1.5088,7.6118,76.97725171716654,16.82392055794325,1.268915123234977,7.537930505752208,0.5106203993508911,55.61535623344164,4.166221312388416,1.6487078671512867,0.2197,0.0392,23.0054,6.293680571509962,0.1827805730786972,2.444521773552003,0.07718122532830601,2.4117145476303365,21.49531225587891,536.1264,1.8394,7.27,0.1347,2.598,0.0386,1.356,7.3227,0.0158,3.1217,0.0255,0.026,102.1652
-1.0,2974.93,2200.7333,0.979,95.3311,1.3947,0.0018,-0.0125,198.5742,2.7716,397.3574,0.9723,188.5955,12.5351,1.4075,-3601.0,7084.9583,1.284,2.036,7.3075,70.4444,2.0889,0.1696,86.3849,8.7897,63.8901,66.3232,86.7752,63.93999999999998,5.041,354.7745,144.7736,746.5588,0.9273,139.6,639.1482,129.6224,4.6,4.864,2857.0,0.9237,-2.63,357.3,10.3605,122.1436,13.1382,22.63,29.1444,717.4145,146.5664,626.01,118.1421,-0.0033,-0.005,-0.0852,0.0034,0.0208,-0.0137,-0.0227,7.8583,0.1259,0.99,1770.3007,0.1565,8753.7601,-0.003,0.0446,0.0373,0.042,0.4626,0.9333,756.3569,0.991,58.0522,0.6014,0.9764,6.2034,15.9,4.062,15.94,15.91,1.135,0.6128,2.824,-0.7096,0.6802,2.2697,1002.4074,125.0,91.0,53.8,63.4001,587.886,0.0697,0.1073,0.0432,0.0249,0.0181,6.4692,2.973,12.219,0.0104,0.26,0.1005,1009.0,13109.0,0.041,0.064,0.187,2.7,0.531,0.4645,0.1403,0.679,0.3742,0.5741,0.659,0.1122,9.24,22.03,29.662,0.377,18.41,5.1,32.893,62.639,0.0719,0.0531,0.0391,0.0824,0.0587,0.0539,0.0819,0.0506,3.338,0.0807,0.0027,90.5886,0.0277,791.2998,0.0124,0.0153,0.0214,0.052199999999999996,91.3872,2.6836,0.029,0.5509,0.0342,3.2172,30.2593,29.1734,20.5245,0.0282,2.341,0.0366,0.9233,0.0787,0.0322,427.8839,157.0401,739.521,6074.5142,0.0169,0.0301,0.0828,0.856,0.0592,0.2265,0.1781,0.0575,0.0721,5.9073,0.2316,10.7103,0.0316,3.5934,6.8614,9.9668,0.1198,1.4059,1.5178,10.8945,20.4915,0.0221,0.0229,0.0178,0.0367,0.0177,0.0236,0.043,0.026,0.9675,0.0252,0.0007,32.4791,0.009,225.6251,0.0057,0.018000000000000002,25.5236,0.723,0.0108,0.1755,0.0114,12.8334,0.9343,5.7018,3.0589,2.1752,2.8809,36.6777,7.1219,7.6932,107.2652,3.0751,1.068,2.0742,7.1369,49.0697,127.9083,3.1931,3.1434,2.559,3.8328,47.8723,107.3394,16.2374,0.5377,1.5958,1.0628,0.6795,6.1081,8.3026,4.4982,12.1009,6.6189,3.4468,22.8834,5.612,3.6388,9.538,140.1258,4.5849,12.1443,53.0201,0.0,458.7473,96.7704,0.0,259.1346,600.0,223.1533,42.4775,1.7471,3.3547,0.2761,5.1171,17.6901,821.4765,67.7419,833.3333,4.6177,5.5677,12.0826,0.0507,4.6227,8.8812,1.5088,7.6118,75.84242681667668,17.10074597425019,1.2546471157885961,7.673823299847489,0.47345002759730037,59.734947587909936,4.237334872335302,1.6691386582009915,0.2197,0.0392,23.0054,6.458881780830477,0.13052207698558668,2.5680110662816356,0.05339565439809113,2.464310039720906,19.72225750896593,532.7718,2.3951,7.64,0.2605,2.6151,0.0887,1.434,10.8753,0.0108,2.151,0.0255,0.026,102.1652
-1.0,2964.74,2163.5889,1.7014,104.8333,1.4547,-0.0106,0.0088,199.0842,10.63,400.9161,0.9673,188.3188,12.5494,1.3924,-3971.25,1537.5,0.9778,1.8842,5.0678,66.6333,2.4222,0.192,85.4112,8.6005,64.0546,66.1606,86.6618,77.69,1.1460000000000004,356.4318,136.2509,732.0241,0.9121,137.7891,630.4718,111.7596,4.584,4.829,2858.0,0.9265,1.1527,356.7055,10.3517,117.4036,11.6468,18.8473,24.6357,707.3884,146.1,620.2091,115.2955,-0.0453,-0.0426,-0.0375,-0.0043,0.0501,-0.026,0.0428,7.5656,0.1398,0.9872,1743.7621,0.1903,9257.4501,-0.0818,0.1209,0.0051,0.0456,0.4672,0.9435,795.0944,0.9905,58.5491,0.604,0.9778,6.3275,15.9,4.062,15.94,15.91,1.135,0.6128,2.824,-0.7096,0.6802,2.2697,1002.4074,122.0,91.8,78.8,56.8999,288.1161,0.3835,0.0966,0.0601,0.048,0.0171,10.164,5.957,10.374,0.0123,0.21,0.0474,669.0,90.0,0.109,0.088,0.086,3.4,0.098,0.9607,0.1188,0.5322,0.2887,0.7379,0.784,0.158,8.83,21.82,26.869,1.219,16.98,8.69,33.442,55.721,0.0583,0.0613,0.0343,0.0963,0.0561,0.0209,0.1162,0.1367,3.3036,0.038,0.001,125.683,0.0367,1118.1992,0.0158,0.0128,0.0241,0.0259,102.3473,2.0688,0.0357,0.5808,0.0342,3.2172,29.8997,28.3315,28.381,0.1216,1.3812,0.0312,1.8246,0.0513,0.0147,273.6604,328.9148,2100.1805,37.9342,0.0483,0.0369,0.0372,1.0037,0.0303,0.0301,0.3688,0.0459,0.1072,5.441,0.271,10.9154,0.0426,3.1759,6.693,8.4919,0.3531,2.4376,1.6047,10.6812,19.337,0.0162,0.0286,0.0151,0.051,0.0182,0.0096,0.0582,0.0679,1.1687,0.0121,0.0003,37.3116,0.0111,331.78,0.0059,0.0088,32.3301,0.6744,0.0114,0.1868,0.0114,12.8334,0.9343,5.6436,3.0964,3.1768,2.6299,19.8922,22.5423,6.6405,56.0395,2.5876,1.2765,1.6734,3.4035,124.797,5.8537,11.148,4.6703,1.697,5.1026,28.8991,55.7292,2.1095,1.1248,1.3818,0.8309,0.1803,4.4805,9.9155,4.8739,17.3236,6.4083,3.4609,24.0418,9.842500000000001,11.7758,9.9486,145.7913,4.7275,9.763,48.3289,128.7153,178.4571,256.9713,0.0,41.6958,447.3532,319.2061,43.6666,2.0749,1.5753,0.0963,7.2076,19.2928,605.9172,60.1058,344.6154,5.1629,2.7408,12.8723,0.1101,3.5334,9.1791,1.5088,7.6118,81.87,18.19,1.3,8.511,0.5064,59.8396,4.4311,1.5879,0.4087,0.0773,41.2704,4.4,0.1322,1.6749,0.054,1.6701,22.3347,535.3318,2.087,7.74,0.327,2.8605,0.1231,1.4458,15.6692,0.0187,3.765,0.0255,0.026,102.1652
-1.0,3057.56,2180.7,1.0177,98.9367,1.3784,0.0166,0.0083,197.7383,8.753,423.2127,0.9519000000000001,187.3432,12.5894,1.419,-1363.875,1485.0,0.988,1.882,5.1418,69.2222,2.1778,0.1668,86.5513,8.8043,64.056,66.2008,86.7995,63.93999999999998,5.041,356.2909,144.3464,743.4575,0.8857,133.0827,633.72,115.5944,4.619,4.9,2858.0,0.9243,0.2055,357.2036,10.2302,124.5518,11.923,19.7945,24.8465,718.6111,141.2691,623.0245,107.105,0.0114,-0.0081,0.12925,-0.0259,0.0437,-0.0131,0.0608,7.3518,0.1259,0.9703,1879.8848,0.2014,8642.55,-0.0491,0.0688,-0.0414,0.0312,0.457,0.9117,745.6198,0.9906,58.8641,0.5965,0.9774,6.2022,15.74,3.494,15.75,15.75,1.078,0.536,2.816,-0.0473,0.6887,2.3259,996.2163,111.0,204.2,115.1,45.7,442.248,0.2324,0.0892,0.0647,0.0377,0.04285,10.2146,5.401,12.187,0.02935,0.33,0.0411,862.0,137.0,0.155,0.096,0.125,2.5,0.112,0.6332,0.0727,0.5321,0.4456,0.8126,0.662,0.1197,9.06,23.63,17.31,0.465,18.69,4.52,38.053,95.906,0.073,0.0734,0.0425,0.14704999999999996,0.0611,0.0549,0.1055,0.16615,3.901,0.0807,0.013699999999999999,128.5543,0.0731,602.9004,0.0114,0.0168,0.0212,0.052199999999999996,89.9573,1.9166,0.0461,0.417,0.044,3.5332,27.496,69.167,40.9221,0.0708,2.5498,0.0288,1.7529,0.0604,0.0138,360.1592,445.0637,5823.189049999999,62.3912,0.0652,0.0407,0.0529,0.7742,0.0471,0.0432,0.2673,0.033,0.1135,6.8171,0.2675,11.3435,0.04,3.1264,6.8291,6.2504,0.1642,1.3367,1.3562,11.9616,28.8881,0.0213,0.0309,0.0184,0.06770000000000001,0.0185,0.0248,0.0559,0.08248588237179322,1.7296,0.0252,0.0046,45.3312,0.022,173.4544,0.0063,0.018000000000000002,26.4809,0.6425,0.0154,0.1356,0.0143,13.0513,1.2142,4.895,6.6785,4.658,2.0957,38.1451,22.8359,6.4713,61.7046,2.8796,3.05365,2.6213,2.8972,0.0,9.2256,15.6883,5.101,2.4311,3.6116,64.2857,92.3384,2.3953,0.7316,0.8254,0.8307,0.1527,5.459,7.4474,5.1053,13.5144,6.8078,3.7288,14.9748,5.5078,4.5454,9.7068,156.7559,5.2954,9.0546,89.5439,643.1718,551.8797,373.0337,236.3065,125.6293,805.3435,0.0,53.0621,1.7471,3.3547,1.3944999999999999,6.8384,36.2908,0.0,61.9565,378.3784,4.637,5.5677,12.0648,0.1011,3.256,6.7228,1.8899,8.9496,79.60460785995721,16.65940220688434,1.3206441805395905,7.978057950219623,0.5285488652384687,79.50612675596565,4.136483570197834,1.6962022054230403,0.1245,0.0277,13.0712,6.933412654309355,0.17281946045303406,2.8331236649287996,0.0705928301831818,2.6287775120331007,18.81311072449156,523.3110000000001,2.6883,15.390000000000002,0.6164999999999999,5.3345,0.18730000000000002,2.8874999999999993,24.8325,0.0113,2.2611,0.0255,0.026,102.1652
-1.0,2954.41,2208.2334,1.098,110.19,1.4699,0.008,0.0058,199.0747,8.8927,403.0156,0.9785,188.9801,12.4849,1.4218,-4410.25,1588.5,0.9817,1.8775,5.0377,65.1,3.1222,0.209,85.822,9.0776,64.059,66.94045000000003,86.8379,77.92,3.758,353.1364,146.47,753.6276,1.3109,150.1436,649.75,210.0893,4.61,4.852,2906.0,0.9276,-3.8982,355.1673,10.4105,122.5718,19.4473,23.8982,32.3627,721.2649,152.5636,630.3027,102.2182,-0.0291,-0.0206,-0.0876,0.0069,0.0769,-0.0221,-0.0069,6.9519,0.1348,0.9895,1832.3214,0.1934,8844.77,0.0228,-0.0326,-0.0434,-0.05,0.4549,0.9641,757.4582,0.9908,58.1124,0.601,0.9643,6.407,15.81,4.019,15.89,15.85,1.116,0.6206,2.887,0.7569,0.7025,2.2909,1000.9047,96.0,52.9,19.2,62.7,610.354,0.1262,0.0563,0.0774,0.0755,0.0102,7.755,8.875,6.285,0.0055,0.3,0.081,384.0,58.0,0.145,0.064,0.138,3.2,0.201,0.5053,0.1245,0.6077,0.3488,0.7835,0.216,0.0919,3.55,20.24,68.917,0.276,21.73,9.65,29.971,104.117,0.0694,0.0628,0.0198,0.0126,0.0376,0.0255,0.0994,0.16615,5.184,0.082,0.0031,126.7039,0.0558,1309.0,0.0149,0.0158,0.034,0.013,105.2731,2.0056,0.0452,0.4441,0.0262,4.6775,27.85,18.388,8.2216,0.0405,2.3057,0.0187,2.7471,0.0849,0.0309,178.0962,298.4437,2169.8661,25.8392,0.0593,0.027,0.0602,0.9,0.0271,0.0601,0.1956,0.0507,0.1023,5.5693,0.0769,8.0414,0.0323,1.1065,5.9331,22.4638,0.0812,2.3588,2.6109,9.0289,34.6217,0.0222,0.027,0.0089,0.0065,0.011,0.0116,0.0555,0.08248588237179322,1.9595,0.0258,0.0008,52.7198,0.0149,441.2505,0.0089,0.004,37.0503,0.6827,0.017,0.1504,0.0096,13.3817,1.5604,4.2467,1.7905,0.7342,2.8394,40.2339,11.4929,3.8303,99.8007,1.5595,0.5582,2.4029,5.6977,98.9286,3.6512,14.7695,3.4088,2.7393,4.9155,41.637,40.1914,4.3411,0.5888,1.3711,0.9487,0.2787,4.6469,6.9229,3.7089,7.0128,2.3644,3.115,32.8037,4.4557,2.6512,5.1888,111.738,4.1553,23.1225,101.8576,238.7957,94.1882,14.3836,542.9603,33.1599,450.2831,0.0,74.5697,2.5973,3.4156,0.3164,6.9149,28.8417,240.076,35.2542,982.8571,7.4716,1.3498,13.8982,0.0936,3.4512,6.9316,1.1443,10.6698,79.448,25.1,1.34,10.8858,0.5284,12.6298,6.1286,1.6866,0.1339,0.0362,13.6884,6.555410930742313,0.15829652713223405,2.6492601841192434,0.07048162205836803,2.484708305066669,20.4424448020636,529.7355,2.0133,8.82,0.4281,3.0053,0.1339,1.665,21.2626,0.0236,4.7366,0.0048,0.0226,255.5817
-1.0,2997.27,2148.6223,1.499,107.9122,1.456,0.0142,-0.0041,203.4887,8.7325,406.4456,0.9797,192.7992,12.448,1.3927,-5126.5,-2475.0,1.2937,1.9643,7.2862,67.1,1.5333,0.1492,84.2212,9.2047,64.0841,66.4854,87.0488,65.01,3.459,350.6409,130.0345,720.4526,1.4228,145.8782,626.5536,211.4852,4.574,4.778,2834.0,0.9337,3.2764,350.5355,10.483,113.3109,15.1018,16.7236,23.8465,696.6062,147.6055,611.4518,97.0033,0.0151,-0.0332,-0.0027,0.0318,-0.1052,-0.0046,0.0265,7.0413,0.1293,0.9721,1831.4591,0.189,8401.2601,0.0138,0.0586,0.0532,0.1114,0.4623,0.9523,733.817,0.9907,57.6027,0.5841,0.9656,6.3252,15.95,4.361,16.04,15.99,1.314,0.6629,2.968,-0.6623,0.7101,2.2689,1010.787,143.0,226.6,193.4,52.7998,234.014,0.4541,0.1043,0.0685,0.0469,0.0069,8.6439,6.679,9.474,0.005,0.33,0.0441,330.0,17919.5,0.172,0.069,0.162,2.1,0.419,0.6024,0.1348,0.7844,0.4061,0.8855,0.325,0.089,7.63,14.06,44.777,0.439,27.08,5.9,36.747,73.444,0.1302,0.0425,0.0387,0.1246,0.0949,0.0845,0.069,0.1005,1.8047,0.0481,0.0081,92.3901,0.0466,834.4004,0.02,0.019,0.0125,0.0085,67.4296,2.1807,0.0326,0.5772,0.0305,4.3424,34.7169,74.6335,58.3912,0.1388,1.6618,0.0352,2.0243,0.0877,0.0176,160.2768,180.5702,3129.573,8994.62525,0.0782,0.0294,0.0683,0.6801,0.0494,0.1409,0.2567,0.0537,0.0857,4.866,0.0997,9.4257,0.0269,2.3,4.3447,14.7934,0.1332,2.0153,3.2046,11.2017,24.2331,0.0331,0.0196,0.0162,0.0549,0.0253,0.0465,0.0378,0.0458,0.5885,0.0135,0.0027,32.5884,0.0149,242.3011,0.0045,0.0029,21.1356,0.6368,0.0126,0.1938,0.0102,10.7455,1.4988,6.1067,7.5602,7.382,2.4574,18.1629,30.2967,7.1637,76.484,2.3309,0.5108,2.651,3.1645,128.1381,815.6364,13.2947,3.5128,2.2234,3.1297,97.8261,93.8198,12.3243,0.7153,1.4641,1.224,0.1932,4.6001,6.2599,4.4197,6.2548,5.2304,2.244,21.1726,8.9807,4.1877,8.7105,179.3165,5.2751,13.7705,75.7129,861.1823,181.2367,0.0,298.3104,80.3041,0.0,379.6034,25.6307,1.7787,1.9901,0.8363,5.0446,24.6739,0.0,81.3333,673.0159,2.7053,0.8892,9.1889,0.0812,3.7857,9.126,1.3443,9.8127,80.348,21.99,1.66,9.207,0.7062,41.0107,5.4148,2.066,0.3166,0.0557,32.3989,6.3813451957475875,0.15098045471224084,2.4858240207859126,0.06275738741767503,2.414790884234865,21.642957186935167,532.4136,2.3575,10.37,0.2324,3.535,0.081,1.9477,9.856,0.0151,3.0258,0.0048,0.0226,255.5817
-1.0,3069.02,2151.2,0.886,100.5622,1.4192,0.0247,-0.0041,198.9003,10.5047,445.34084999999993,0.9805,189.4473,12.5031,1.3919,-4225.0,-2950.25,1.2833,1.9832,7.1935,63.6889,2.5,0.2466,85.822,9.0776,64.059,66.94045000000003,86.8379,77.92,3.758,353.0473,145.0709,749.3116,0.837,142.7464,640.8645,124.6581,4.61,4.852,2906.0,0.9276,-4.0373,356.1973,10.4058,121.0336,12.239,24.0373,29.8481,719.4635,151.3945,628.6255,106.2889,-0.0212,0.0295,-0.0509,0.0495,-0.0903,-0.0314,-0.0236,7.7748,0.1313,0.9872,1814.5477,0.1973,8512.6402,0.1212,-0.0326,0.0001,-0.0798,0.4648,0.9367,771.2991,0.9904,57.9411,0.5932,0.962,6.4497,15.95,4.361,16.04,15.99,1.314,0.6629,2.968,-0.6623,0.7101,2.2689,1010.787,108.0,180.9,170.2,46.3999,364.16,0.1219,0.1493,0.0468,0.0365,0.0061,10.593,13.764,26.932000000000002,0.0049,0.4,0.0455,887.0,3893.0,0.104,0.121,0.189,2.7,0.278,0.5053,0.1245,0.6077,0.3488,0.7835,0.519,0.05,7.1,18.81,30.56,0.23,17.14,7.32,31.019,97.562,0.083,0.0523,0.0621,0.0375,0.1076,0.0553,0.0652,0.0474,3.769,0.0251,0.0016,100.6228,0.0305,664.0,0.014,0.0119,0.0555,0.0261,221.9772,3.0294,0.0432,0.453,0.0305,4.3424,29.3266,55.0796,56.6979,0.0469,1.4392,0.046,3.7775,0.0969,0.0162,386.7992,97.3597,818.2058,1783.5168,0.0428,0.0495,0.0806,0.8894,0.0507,0.112,0.1956,0.0507,0.1023,7.0294,0.1729,6.9128,0.0152,2.1902,6.1522,7.8704,0.072,2.3462,3.1383,9.1647,30.6103,0.0267,0.0223,0.0284,0.0167,0.0311,0.027,0.0316,0.0217,1.4638,0.0091,0.0006,36.2189,0.0096,234.2469,0.0159,0.0105,77.4233,1.0517,0.0139,0.1485,0.0102,10.7455,1.4988,4.8324,5.8944,6.8785,2.1569,33.4216,13.7627,10.5203,131.0267,6.508749999999999,0.4986,3.1992,3.2675,39.7396,131.9549,8.1044,6.1011,2.6274,4.2394,48.0,58.4047,8.6386,0.5888,1.3711,0.9487,0.2787,5.7018,6.004,3.2159,5.9777,4.9739,2.9351,24.5151,4.4557,2.2103,6.428,140.0436,4.3114,19.5625,91.7894,391.6249,87.1667,73.6016,217.1818,61.2234,207.6433,200.8475,48.4768,3.0457,1.0402,0.1661,5.5453,15.4745,0.0,52.6674,937.1429,11.946,2.7905,28.7796,0.0893,5.2285,7.0234,1.3443,9.8127,76.52475196839166,16.971786524980264,1.2306624631550267,7.650954195180012,0.5293509630413633,63.9823474029232,4.202614196032905,1.5823597417721584,0.2003,0.0413,20.7785,6.3356605550376495,0.15062461175362693,2.526418797773088,0.0619066329976259,2.4053545449557676,21.611806510870082,529.3827,1.9833,8.39,0.3697,2.7962,0.1378,1.5849,18.6404,0.015,2.9788,0.0048,0.0226,255.5817
-1.0,2987.72,2180.7,1.0177,98.9367,1.4207,0.0016,-0.0056,203.139,12.816,423.7855,0.961,193.6582,12.4896,1.407,-3918.75,-371.5,1.3118,1.9937,7.268,65.8222,2.9111,0.2541,84.9334,8.5459,64.1179,66.2647,86.6954,77.72,2.013,350.7564,138.3836,729.2869,1.4109,138.2791,627.4191,199.6725,4.574,4.778,2834.0,0.9337,0.1618,349.9991,10.3605,118.5455,13.0755,19.8382,25.1262,704.1607,145.7991,614.3436,53.1371,0.0113,-0.0281,-0.0541,0.009,0.0725,-0.0173,-0.0087,8.4675,0.1299,0.9674,1893.0435,0.1599,8637.1,-0.0882,0.0009,0.0271,-0.0358,0.4624,0.9509,748.4817,0.9907,59.0236,0.6037,0.9641,6.3657,15.76,3.981,15.81,15.78,1.276,0.6086,2.894,-0.4731,0.6645,2.3087,997.4462,139.0,118.1,48.0,45.7,442.248,0.2324,0.0942,0.0586,0.0572,0.0245,8.6207,7.863,9.593,0.0196,0.8700000000000001,0.0478,247.0,1877.0,0.112,0.093,0.062,2.4,0.406,0.9273,0.1506,0.5927,0.396,0.5986,0.431,0.135,7.08,16.68,68.701,0.675,18.64,7.97,35.591,24.821,0.0759,0.098,0.0332,0.0332,0.0289,0.049,0.081,0.0443,3.4402,0.0889,0.0071,95.9432,0.0229,1762.3999,0.0282,0.03420000000000001,0.0221,0.0103,170.8138,2.0013,0.0411,0.5339,0.0324,3.8593,34.3845,41.1694,18.2466,0.0708,2.5498,0.034,2.4389,0.1923,0.0138,101.0429,115.2288,972.0344,952.3243,0.0474,0.0407,0.0278,0.7791,0.0376,0.1299,0.3312,0.0536,0.1319,5.4007,0.1406,8.5869,0.0392,2.2299,4.8133,19.6892,0.2023,2.6695,3.4382,10.9612,7.5511,0.0176,0.0402,0.0148,0.0146,0.0088,0.0237,0.041,0.0211,1.1251,0.0272,0.0023,32.8103,0.0076,508.0041,0.0051,0.0035,48.5953,0.5648,0.0142,0.1752,0.0124,10.7055,1.3424,6.114,3.9528,1.882,2.0957,38.1451,22.8359,6.6306,61.353,2.2636,2.0403,6.94175,3.4003,53.9203,505.249,8.5382,4.6646,0.8531,3.6462,48.0916,43.2882,12.2024,1.0918,1.7625,0.9244,0.1629,4.9778,5.9472,3.9611,9.5658,5.1201,2.6585,34.4068,8.9807,6.5152,10.6541,142.5571,5.0544,14.3833,46.7112,669.4598,235.2941,61.4246,322.4547,67.6095,468.8857,507.7364,40.6276,1.5391,3.7999,0.7308,5.0682,14.2933,867.7966,39.7838,0.0,4.7875,1.0804,22.8214,0.0553,3.3906,8.3878,1.4024,9.859,82.056,19.81,2.17,9.1289,0.88615,79.0993,4.8164,2.7298,0.588,0.0989,61.233,8.94,0.1539,3.8002,0.0609,3.322,23.9782,533.6555,2.2472,8.08,0.2548,2.8935,0.0734,1.5141,11.3379,0.0099,1.9562,0.0048,0.0226,255.5817
-1.0,3057.06,2183.3111,1.6269,102.8467,1.4902,-0.0013,0.0017,201.7986,10.8525,409.9816,0.9633,191.2534,12.5471,1.4195,-2811.75,2446.0,1.2825,2.013,7.3,69.9889,2.0778,0.1946,86.3849,8.7897,63.8901,66.3232,86.7752,63.93999999999998,5.041,355.5582,141.8873,740.3739,1.3594,140.4318,637.8773,186.4785,4.612,4.851,2847.0,0.9289,-3.9436,356.9909,10.3407,117.9436,18.7391,23.9436,31.9933,708.3806,144.2036,619.1382,96.5857,-0.0086,-0.0174,-0.0699,-0.0119,0.0093,0.0087,0.0264,8.2926,0.1344,0.9635,1697.1294,0.151,9052.29,-0.0123,0.0298,-0.0695,-0.1573,0.4748,0.9386,785.6371,0.9909,58.3737,0.5873,0.9683,6.4075,15.95,4.361,16.04,15.99,1.314,0.6629,2.968,-0.6623,0.7101,2.2689,1010.787,111.0,182.3,164.7,58.0,165.9249,0.4527,0.0894,0.0574,0.0509,0.0218,8.9978,10.765,8.156,0.0151,0.85,0.0911,992.0,17919.5,0.154,0.103,0.179,1.5,0.445,0.4645,0.1403,0.679,0.3742,0.5741,0.758,0.1437,9.99,25.66,56.716,1.105,24.09,5.99,31.533,63.014,0.0827,0.0572,0.0444,0.0574,0.0805,0.1317,0.0774,0.1007,1.6602,0.0389,0.0073,183.175,0.0185,1355.4004,0.0352,0.0229,0.0372,0.0209,117.7632,2.5707,0.0346,0.2942,0.0305,4.3424,27.496,55.2883,54.0375,0.137,1.6569,0.0251,2.7197,0.1207,0.0325,447.908,315.0909,433.0869,8994.62525,0.0703,0.0438,0.078,0.5465,0.0485,0.1702,0.1781,0.0575,0.0721,5.5417,0.2353,11.4179,0.0421,3.1238,7.5164,14.5242,0.3112,1.858,2.0942,9.9939,20.4056,0.0235,0.0277,0.0187,0.0244,0.026,0.0616,0.0413,0.0455,0.6439,0.0122,0.0023,56.3301,0.0066,460.2539,0.012,0.0077,37.7236,0.7479,0.0108,0.1182,0.0102,10.7455,1.4988,4.895,5.9632,6.7347,2.6565,10.4453,27.8252,5.9993,99.1941,1.9894,1.5624,6.7745,6.4141,32.8621,0.0,12.0078,5.1167,2.4521,2.1432,72.1925,90.9766,13.5185,0.5377,1.5958,1.0628,0.6795,5.4759,9.3243,5.073,10.5676,7.1138,4.0227,30.4142,6.3869,10.6859,7.0627,128.5545,4.4514,12.9335,65.2415,958.1463,92.3325,82.1173,674.6988,0.0,889.6552,381.8009,20.0206,3.7196,1.6091,0.7621,10.7932,12.2796,508.1831,49.6552,0.0,7.8354,2.2276,14.9895,0.0609,4.4038,4.5923,1.3443,9.8127,72.06,16.39,1.24,6.9645,0.5546,66.3872,4.0454,1.7208,0.1031,0.0253,10.8294,6.343165893877592,0.1883415990745496,2.431190094206527,0.07998359485094717,2.4309076064958797,22.230062216363287,531.39,2.1855,9.82,0.3374,3.4983,0.1126,1.848,15.4378,0.0126,2.5226,0.0048,0.0226,255.5817
-1.0,2976.4,2185.3334,1.7632,93.9844,1.4711,-0.0106,0.0065,203.7687,7.4074,411.3695,0.9621,193.8013,12.3686,1.4047,-3838.0,1529.5,0.996,1.8815,5.1405,69.8444,2.3222,0.1767,85.4112,8.6005,64.0546,66.1606,86.6618,77.69,1.1460000000000004,358.1227,140.6482,740.3028,0.9061,136.0309,634.8018,134.1516,4.623,4.899,2849.0,0.9251,-1.2518,357.46,10.4536,119.3964,13.3418,21.2518,27.0255,713.2773,144.6036,621.46,123.8628,-0.0031,0.003,-0.0913,-0.0027,0.0544,-0.0243,-0.0393,6.7642,0.1333,0.9665,1838.012,0.2112,9010.99,-0.0392,0.0251,0.1462,0.0217,0.4636,0.9497,790.1214,0.9908,57.4112,0.5876,0.9752,6.427,15.94,5.261,15.97,15.99,1.418,0.8522,3.278,-0.5677,0.6786,2.2773,1009.9188,200.0,89.3,74.2,55.3,603.4551,0.3844,0.1292,0.041,0.0386,0.0159,8.4081,3.421,17.608,0.0165,0.36,0.0588,352.0,177.0,0.103,0.06,0.197,2.7,0.196,0.9607,0.1188,0.5322,0.2887,0.7379,0.705,0.1044,9.11,25.61,21.868,0.447,24.03,3.86,34.998,121.789,0.0419,0.10470000000000002,0.0328,0.048,0.0779,0.0866,0.0845,0.0383,3.3657,0.0428,0.0082,79.5017,0.1254,473.0996,0.0127,0.0242,0.0189,0.0101,72.9778,1.8662,0.0308,0.8194,0.0341,2.2571,45.32809999999999,28.5172,26.7255,0.1264,2.5275,0.0487,1.1933,0.0645,0.0224,153.2479,257.4762,658.8237,81.7007,0.0443,0.0257,0.082,0.8748,0.0286,0.0672,0.3688,0.0459,0.1072,6.2167,0.2681,11.7374,0.0269,2.9794,7.1442,6.9691,0.1365,1.1481,1.4478,11.0471,37.3506,0.0157,0.0455,0.0135,0.0251,0.0185,0.0379,0.0448,0.0173,1.1043,0.0134,0.0029,25.1477,0.0374,147.011,0.0057,0.0035,21.2594,0.5801,0.0093,0.2544,0.0117,12.7224,0.689,9.053150000000002,3.0003,2.9271,2.5305,33.8941,21.8035,8.7827,46.1838,4.2803,1.711,2.9106,4.1839,39.0307,11.5724,10.3414,3.1889,3.8323,3.8657,25.8373,45.8491,4.2537,1.1248,1.3818,0.8309,0.1803,5.9449,9.7975,5.3559,11.5191,6.697,4.0343,16.301,5.6029,4.276,9.1209,180.1107,4.9067,29.5989,98.3257,0.0,209.0962,52.5739,0.0,159.2644,347.7366,97.5796,49.758,2.2508,1.7872,0.8519,4.3254,63.31987047269746,0.0,44.9931,0.0,4.0742,1.0686,9.2363,0.0793,3.2506,12.749,1.4958,5.5315,73.938,16.21,1.48,7.4041,0.5595,75.3366,3.9745,2.0017,0.3804,0.0692,39.043,6.342456444681814,0.1654922651386502,2.5398509742196547,0.0670476205284243,2.4210893909840956,20.680886404678564,536.8291,2.2289,7.05,0.2706,2.5286,0.1081,1.3133,12.141,0.0189,3.7877,0.0048,0.0226,255.5817
-1.0,3120.81,2126.6555,1.4381,102.4733,1.5188,-0.0109,-0.0005,196.0453,10.5245,417.1791,0.9803,186.3018,12.5031,1.3993,-4617.25,1533.75,0.9952,1.8927,5.217,65.9556,3.1778,0.22,85.5265,8.659,64.061,66.2245,86.8196,77.74,2.864,353.8364,139.8173,738.2344,1.3781,144.6382,638.2918,192.1466,4.612,4.851,2847.0,0.9289,1.3664,354.9455,10.2349,121.1836,17.8328,18.6336,25.688,712.5464,146.0973,622.2264,94.1258,0.0131,0.0495,-0.0605,0.0025,0.0041,-0.0168,-0.0148,7.307,0.1259,0.9703,1879.8848,0.1853,8674.79,0.062,-0.0493,-0.0056,0.0724,0.4592,0.938,752.7615,0.9912,56.6455,0.5938,0.9642,6.4283,15.95,4.361,16.04,15.99,1.314,0.6629,2.968,-0.6623,0.7101,2.2689,1010.787,112.0,183.8,202.0,55.0999,252.0059,0.1443,0.1016,0.0565,0.0551,0.0056,5.4123,6.548,8.597,0.0045,0.4,0.0481,357.0,57.0,0.132,0.084,0.128,3.4,0.188,0.8444,0.1704,0.5565,0.2244,0.6831,0.753,0.1811,10.12,24.69,64.928,0.491,16.32,3.45,40.359,70.594,0.0998,0.0606,0.0775,0.0192,0.1023,0.0814,0.0208,0.0348,4.0589,0.0933,0.013699999999999999,128.5543,0.0233,1268.1001,0.0215,0.0192,0.0217,0.052199999999999996,130.5098,3.1386,0.0276,0.3063,0.0305,4.3424,30.2504,63.2981,66.4008,0.0475,2.6595,0.0301,1.7919,0.0969,0.0133,146.1879,271.933,1780.4764,23.7118,0.0549,0.0358,0.0622,0.9787,0.0275,0.0685,0.3284,0.0639,0.1448,5.8843,0.2024,11.5596,0.0539,2.7633,7.3964,19.5324,0.1603,1.0883,2.2254,11.8378,24.0036,0.0231,0.0279,0.0354,0.0081,0.0276,0.0408,0.0091,0.0184,1.4292,0.0292,0.0046,45.3312,0.0073,390.9001,0.0057,0.018000000000000002,40.6614,1.0547,0.0091,0.1135,0.0102,10.7455,1.4988,4.9833,5.8895,8.5984,2.5909,24.8263,10.0314,6.6895,62.217,2.0607,0.4568,3.1992,3.4403,92.4576,3.7164,13.263,4.438,2.4535,5.155,22.028,34.0909,4.0443,0.9873,1.9676,0.8687,0.2514,6.0876,10.2705,5.2873,13.1391,6.9968,3.8681,33.7909,6.3869,4.7973,11.6435,91.5166,5.6641,11.161,74.9996,762.5597,236.2573,31.7355,0.0,0.0,123.8095,235.533,55.5478,1.7471,3.8882,1.3944999999999999,6.8384,12.5566,0.0,35.5995,513.2075,4.7312,5.5677,17.3375,0.0657,5.5407,4.765,1.3443,9.8127,72.13,18.45,1.64,7.5109,0.6214,146.2962,4.5218,2.2737,0.3885,0.0627,40.4954,11.2,0.2313,4.532500000000001,0.0987,4.4319,30.5059,535.1664,2.0973,7.19,0.2556,2.2021,0.0745,1.3435,12.1875,0.0193,3.8842,0.0048,0.0226,255.5817
-1.0,2984.05,2235.0556,1.6347,109.9856,1.5634,-0.0059,-0.0029,200.2441,10.899,425.6396,0.9744,190.5392,12.4849,1.4355,-3532.5,-822.25,1.315,2.0158,7.3055,68.1333,2.5778,0.197,85.3154,8.5135,64.1605,66.2242,86.6662,78.79,3.194,355.3791,123.3764,718.9254,1.4464,146.8318,625.5873,167.8616,4.6,4.859,2858.0,0.9314,5.65,353.5245,10.6075,109.0264,13.1343,14.35,20.0533,698.8721,151.48,614.0309,58.0499,0.0098,0.0098,-0.064,-0.0066,0.0583,-0.0133,-0.0091,7.1274,0.1406,0.9896,1810.8589,0.1867,8616.7302,0.0891,0.0456,-0.0614,-0.0459,0.465,0.9316,740.7274,0.9903,58.5894,0.6025,0.9636,6.3621,15.81,4.019,15.89,15.85,1.116,0.6206,2.887,0.7569,0.7025,2.2909,1000.9047,124.0,98.3,66.1,52.7002,340.736,0.0928,0.0642,0.0505,0.0448,0.0094,7.538,9.576,5.586,0.007,0.3,0.0605,637.0,2609.0,0.132,0.089,0.278,1.7,0.624,0.8867,0.0417,0.4481,0.3555,0.6013,0.673,0.2003,12.53,12.02,44.209,1.555,16.39,10.55,29.265,74.405,0.0695,0.0719,0.0272,0.0344,0.0392,0.0573,0.0749,0.052,2.1185,0.0424,0.0014,135.6062,0.0286,817.9995,0.012,0.0185,0.0522,0.0204,96.8895,3.092,0.0224,0.4507,0.0262,4.6775,30.9143,30.2242,23.3264,0.0315,1.8399,0.0271,2.9504,0.0849,0.0245,282.8816,562.8794,699.4977,1158.3976,0.0564,0.0387,0.124,0.559,0.042,0.1991,0.3188,0.0162,0.0781,5.8068,0.1916,6.3808,0.0609,3.3506,4.0199,16.3748,0.4514,2.9597,3.8421,9.3764,25.534,0.0165,0.0308,0.0121,0.0143,0.0101,0.025,0.0368,0.0269,0.7724,0.0137,0.0004,41.0681,0.0099,240.4779,0.0119,0.0077,26.3664,1.0109,0.0082,0.1489,0.0096,13.3817,1.5604,5.6618,3.2942,2.5422,2.3579,26.1569,5.6797,4.1064,87.8613,1.3124,0.7133,2.4029,4.2131,43.3121,317.3001,10.038,4.4152,3.8054,2.4951,62.069,69.5431,18.7337,1.0393,0.4896,0.6984,0.1132,4.8061,16.1944,2.5733,13.8463,8.5336,1.9214,26.3366,6.2692,14.6594,17.537999999999997,124.7878,4.1875,42.5121,128.1742,711.9078,165.6682,53.771,596.1977,98.3269,561.0487,573.0028,29.7235,2.1334,1.7556,0.1385,7.4885,15.2988,0.0,33.3709,685.7143,11.2256,2.1876,13.0803,0.0754,5.2774,7.0843,1.1443,10.6698,75.66613883695047,17.21760093932151,1.2879689479507954,7.813659438373294,0.5169800818008907,45.94130871133901,4.2643187974221854,1.6589003188345612,0.2003,0.0413,20.7785,6.50169449437518,0.16334921555401957,2.5470690344314795,0.07155610048342992,2.5094073877439858,21.322802680315476,532.3055,2.0377,8.24,0.2728,2.9214,0.0915,1.548,13.3898,0.01,1.9969,0.0048,0.0226,255.5817
-1.0,3071.29,2219.1333,0.9002,97.9378,1.4699,0.0112,-0.0112,197.3234,6.7303,419.1987,0.9607,187.048,12.5227,1.4024,-5117.5,-5009.25,1.307,1.9963,7.3412,69.2,2.1222,0.201,86.4465,8.6527,63.9211,66.1517,86.9642,77.24,2.914,350.88,126.6418,713.6885,1.3795,145.7545,623.2764,210.6018,4.581,4.808,2824.0,0.9367,7.8264,348.8645,10.3771,114.4682,11.62,12.1736,19.6859,694.0026,148.3236,611.6564,79.8195,-0.0034,-0.0121,-0.0977,0.0205,-0.0878,-0.0193,-0.0009,7.2377,0.1288,0.9845,1827.9181,0.207,8746.44,0.0594,-0.0009,-0.1474,0.0724,0.467,0.9579,720.9066,0.9867000000000001,57.4407,0.5961,0.9758,6.317,15.95,4.361,16.04,15.99,1.314,0.6629,2.968,-0.6623,0.7101,2.2689,1010.787,148.0,75.0,102.0,61.3999,594.899,0.1186,0.115,0.0717,0.0622,0.0097,3.1106,3.554,9.071,0.015,0.28,0.0505,732.0,16107.0,0.056,0.108,0.156,2.3,0.281,1.026,0.1637,0.489,0.2871,0.8246,0.29,0.1425,4.45,15.16,85.151,0.358,18.65,2.92,29.251,96.351,0.1204,0.0484,0.0214,0.0848,0.081,0.0636,0.0796,0.0712,2.7038,0.0573,0.0014,54.6012,0.1254,1137.8994,0.034,0.0276,0.0523,0.0085,113.7053,3.2044,0.0514,0.6289,0.0305,4.3424,26.2466,24.1203,35.0553,0.0412,3.1115,0.0383,1.1042,0.0695,0.018,313.8821,132.4877,2501.1126,7553.3472,0.0243,0.0566,0.0708,0.7937,0.0291,0.1001,0.3774,0.0609,0.1092,4.9158,0.086,8.994,0.0443,1.5853,4.464,22.1289,0.1149,0.8902,1.627,9.6118,29.3499,0.0295,0.0222,0.0093,0.0382,0.0225,0.032,0.0457,0.0315,0.8045,0.0198,0.0005,17.3523,0.0374,406.504,0.0123,0.0033,39.5354,1.0558,0.0171,0.2023,0.0102,10.7455,1.4988,6.6371,2.442,3.9813,2.7668,50.9366,13.1808,7.8239,52.8062,2.1639,1.5655,2.2359,3.6009,106.0479,321.5451,4.2846,5.4101,2.125,3.3237,47.1204,42.2886,8.0495,1.1869,1.8918,0.765,0.1964,4.6654,5.4642,4.202,10.3291,3.0531,2.4323,40.4322,6.3312,3.4499,6.9102,160.4985,4.2148,42.7346,120.711,0.0,69.4156,86.7963,394.5205,72.3961,412.9702,0.0,37.3578,2.8719,2.3965,0.1434,2.9871,63.31987047269746,798.5533,70.1754,0.0,11.2063,0.8904,15.7725,0.25379999999999997,5.5786,9.9564,1.3443,9.8127,74.636,24.54,0.61,10.7503,0.2572,74.7481,6.1091,0.8173,0.2835,0.0534,30.1487,6.414804033300759,0.16017968624885712,2.4649137135254904,0.06823102198615577,2.443375488887936,22.100549000199003,536.1964,2.1583,7.21,0.2176,2.374,0.0596,1.3446,10.0838,0.0175,3.4946,0.0048,0.0226,255.5817
-1.0,2965.67,2155.6333,0.8024,101.4333,1.4161,0.0209,-0.0095,198.3902,11.6708,421.3578,0.9748,188.9239,12.5553,1.3943,-4973.25,101.0,1.2948,1.9905,7.301,68.9222,2.8111,0.2241,84.9334,8.5459,64.1179,66.2647,86.6954,77.72,2.013,360.1064,142.57,747.3419,0.9143,137.4,640.0764,118.3703,4.643,4.857,2852.0,0.9236,-1.1927,361.3418,10.3595,121.3773,12.1246,21.1927,27.0988,720.2431,145.2327,627.9518,111.1015,-0.0235,-0.0243,-0.0939,0.0032,-0.1055,-0.024,-0.0184,7.1646,0.1297,0.9641,1847.4067,0.1902,8866.58,0.1286,0.0567,-0.0787,0.0923,0.4565,0.9637,762.0235,0.9908,57.9682,0.5949,0.967,6.338,15.95,4.361,16.04,15.99,1.314,0.6629,2.968,-0.6623,0.7101,2.2689,1010.787,84.0,151.6,116.9,55.2,330.043,0.1043,0.1134,0.0521,0.039,0.0138,11.0159,4.711,3.993,0.0092,0.2,0.1251,857.0,805.0,0.105,0.096,0.152,2.8,0.5,0.9273,0.1506,0.5927,0.396,0.5986,0.365,0.0911,3.23,23.75,27.072,0.554,22.27,4.66,34.146,106.081,0.073,0.0382,0.0333,0.0602,0.062,0.0641,0.0811,0.0548,2.9408,0.0889,0.0116,122.635,0.0286,876.1006,0.019,0.019,0.0199,0.0104,99.871,2.8664,0.0352,0.4318,0.0305,4.3424,22.7541,50.6184,44.9459,0.0379,2.2388,0.04,1.5272,0.0511,0.0432,406.3685,161.0528,2045.7641,366.1211,0.048,0.0435,0.0657,1.0906,0.0391,0.1753,0.3312,0.0536,0.1319,5.9157,0.1036,10.8989,0.0277,1.1252,7.0081,7.2789,0.1962,1.2484,1.1977,10.8868,29.4431,0.0224,0.0166,0.0154,0.0285,0.0217,0.0332,0.0423,0.0287,0.9882,0.0272,0.004,38.1266,0.0095,272.1983,0.0062,0.0029,28.4187,0.8562,0.011,0.1481,0.0102,10.7455,1.4988,3.8103,5.1118,4.4858,2.5607,30.8439,13.004,8.0077,40.3656,0.9476,0.9407,1.593,8.9759,90.8862,797.0297,8.1097,4.8229,2.0819,4.0626,42.6877,55.3297,14.4504,1.0918,1.7625,0.9244,0.1629,5.104,8.3047,4.7535,9.9598,2.3508,3.7105,22.8706,5.6016,5.3477,8.0575,183.6765,4.7409,15.5753,95.4812,310.8036,63.3499,64.1278,0.0,60.7583,337.9167,297.8261,41.0459,2.6214,3.7999,1.2022,6.6382,15.0392,0.0,63.6364,773.7705,4.3689,1.0754,13.106,0.1137,4.9448,6.8128,1.3443,9.8127,74.83,14.13,0.76,6.8245,0.3032,25.3845,3.4756,1.0156,0.588,0.0989,61.233,8.19,0.0993,2.9681,0.0411,3.0624,12.8843,536.8282,2.3113,6.81,0.5466,2.4323,0.1468,1.2686,23.6473,0.0138,2.7728,0.0048,0.0226,255.5817
-1.0,2970.71,2180.8333,1.5082,107.3322,1.5299,-0.0037,-0.0037,199.8652,10.5981,411.7174,0.965,190.0736,12.5471,1.4024,-2227.5,1423.0,0.9802,1.8798,5.0698,68.5,2.7889,0.1854,85.5265,8.659,64.061,66.2245,86.8196,77.74,2.864,354.3973,128.2573,722.4444,0.9805,139.7327,622.3873,125.4057,4.6,4.859,2858.0,0.9314,-0.0309,353.6964,10.7155,108.2264,13.6953,20.0309,23.8671,698.5774,148.2891,610.2118,125.3271,-0.0152,0.0533,-0.0331,-0.0204,0.023,-0.0258,0.0132,6.7133,0.1373,0.9703,1879.8848,0.1634,8495.5701,0.0497,-0.0502,-0.0292,-0.0966,0.4628,0.9221,735.6543,0.9867000000000001,57.4239,0.594,0.9653,6.3612,15.94,5.261,15.97,15.99,1.418,0.8522,3.278,-0.5677,0.6786,2.2773,1009.9188,151.0,69.3,46.5,60.3999,290.578,0.5608,0.0957,0.0521,0.0486,0.0144,8.2251,6.307,15.29,0.0135,0.85,0.0527,480.0,93.0,0.15,0.097,0.17,2.3,0.163,0.8444,0.1704,0.5565,0.2244,0.6831,0.318,0.1124,7.2,13.57,18.347,1.5694999999999997,10.77,12.5,25.742,59.073,0.1175,0.10470000000000002,0.0797,0.06,0.0692,0.0669,0.041,0.0823,5.2351,0.0897,0.013699999999999999,128.5543,0.0326,707.7998,0.0185,0.0187,0.0105,0.052199999999999996,84.2936,3.6124,0.061,0.5706,0.0341,2.2571,37.0503,25.6992,14.9238,0.1959,2.6122,0.0365,1.8685,0.1207,0.0148,200.338,326.4378,2095.7733,40.4722,0.0613,0.0407,0.0774,0.7906,0.0278,0.0464,0.3284,0.0639,0.1448,6.0001,0.0982,6.4476,0.0278,2.1536,4.011,5.8414,0.4465,3.2153,3.2367,8.5945,17.7225,0.0304,0.0455,0.0382,0.0267,0.0224,0.028,0.022,0.0437,2.1062,0.0285,0.0046,45.3312,0.0096,198.0733,0.0031,0.018000000000000002,25.3241,1.1867,0.0184,0.1898,0.0117,12.7224,0.689,6.8212,2.3328,1.8553,2.7696,20.2483,37.1798,6.2554,59.5107,3.7137,1.4002,6.7745,3.7578,216.6554,6.5355,15.3022,5.1603,3.3532,3.3577,43.0279,43.6788,3.5128,0.9873,1.9676,0.8687,0.2514,5.807,15.5079,2.7252,11.4607,5.1527,2.1803,14.6301,6.2692,15.138300000000001,17.537999999999997,78.64,3.6849,26.2707,47.1351,772.7086,202.6182,180.9955,339.1118,290.2386,158.7609,625.8555,77.9804,2.8398,3.7156,1.3944999999999999,6.8384,19.9694,241.4851,40.8387,666.6667,2.265,5.5677,11.4583,0.25379999999999997,6.2907,8.9705,1.4958,5.5315,82.708,16.65,1.95,7.6781,0.7792,26.5403,4.0663,2.3577,0.2393,0.0467,24.3354,4.98,0.0877,2.0902,0.0382,1.8844,15.4662,533.1246,2.1672,9.43,0.2236,3.2845,0.0726,1.7688,10.3164,0.0149,2.9708,0.0048,0.0226,255.5817
-1.0,3060.07,2219.1333,0.9002,97.9378,1.4469,0.0208,-0.0032,204.2045,7.1805,407.5651,0.9641,193.6656,12.5455,1.3918,-6375.125,1558.75,0.9698,1.887,4.973,67.6111,2.4,0.159,85.3825,9.7324,64.2442,66.6973,87.1381,63.93999999999998,5.041,349.0809,133.7155,718.7985,1.217,143.6591,626.4555,77.6898,4.576,4.819,2830.0,0.9327,0.5091,348.7509,10.3997,114.2245,13.7382,19.4909,23.1579,695.6406,149.7418,612.7173,69.6275,0.0107,-0.0294,-0.0959,0.0268,0.10290000000000002,-0.016,-0.0157,8.1449,0.1283,0.9886,1743.2584,0.1952,9805.1499,0.0353,-0.149,0.0016,-0.0328,0.4621,0.9217,834.2252,0.9867000000000001,56.17,0.5985,0.9786,6.3205,15.74,3.494,15.75,15.75,1.078,0.536,2.816,-0.0473,0.6887,2.3259,996.2163,180.0,255.2,144.1,61.3999,594.899,0.1186,0.0697,0.0856,0.0713,0.0209,8.5551,5.039,13.927,0.0146,0.19,0.0278,377.0,269.0,0.103,0.087,0.223,2.7,0.239,0.7473,0.0743,0.6345,0.3412,0.9513,1.198,0.2948,14.625,15.11,116.057,0.285,16.72,4.43,32.386,72.574,0.1041,0.0414,0.0148,0.0404,0.1415,0.0317,0.1251,0.0348,1.7745,0.0584,0.0025,125.3848,0.0203,1474.9004,0.0105,0.0141,0.0216,0.032,137.5047,2.9193,0.0414,0.6365,0.044,3.5332,35.8303,73.5463,44.7169,0.0412,3.1115,0.023,1.7641,0.0483,0.0119,178.0384,198.4817,5823.189049999999,113.4765,0.0455,0.0388,0.0993,0.8054,0.0212,0.0664,0.302,0.0324,0.1126,4.3721,0.3314,8.5404,0.088,4.57715,4.5821,38.810750000000006,0.0935,1.6102,1.4075,9.4567,21.7804,0.0302,0.0208,0.0072,0.019,0.0335,0.0168,0.0643,0.0193,0.8054,0.0211,0.0007,43.521,0.006,410.311,0.0072,0.0109,38.9207,0.7725,0.0142,0.2013,0.0143,13.0513,1.2142,8.1895,8.3397,5.3505,2.7668,50.9366,13.1808,4.8172,70.1757,3.4171,1.5137,1.5145,1.9975,189.042,17.2574,10.6213,4.6105,4.4842,3.9934,37.5,32.0755,5.2412,0.8752,0.7634,0.9876,0.1169,4.847,5.3173,3.8843,24.2225,10.6208,2.412,65.59535,5.72,2.7405,6.3209,121.7043,4.6556,25.0005,104.2319,968.9354,61.699,42.1162,527.0019,28.6037,781.875,222.3642,21.7872,2.0267,2.5291,0.2523,7.1926,10.3879,0.0,49.9376,209.0909,4.6805,3.4732,16.4829,0.25379999999999997,5.1972,10.0707,1.8899,8.9496,78.422,15.18,1.32,7.0216,0.5541,86.7877,3.7307,1.6832,0.1339,0.0362,13.6884,9.16,0.1644,3.4665,0.0648,3.4638,18.5935,523.3110000000001,1.8366,15.390000000000002,0.6164999999999999,5.3345,0.18730000000000002,2.8874999999999993,28.50255,0.0109,2.1695,0.0048,0.0226,255.5817
-1.0,3108.24,2183.3444,1.5548,97.5311,1.5094,0.0039,0.0059,199.6228,5.7127,398.4009,0.9817,188.8239,12.4892,1.405,-6375.125,-1158.0,1.2893,2.0125,7.3825,69.1,2.5222,0.2142,85.7419,8.5788,64.1013,66.2428,86.6582,78.0,3.483,355.53891315131307,136.7430597128567,734.0548529981861,1.1483442841745384,139.97223321405434,632.254196735589,143.2052446212427,4.587,4.831,2856.0,0.927,-2.440156434419343,353.1636,10.4257,118.1873,14.672141217261055,19.635794025746183,27.041325184912978,708.0318,148.7727,620.1236,100.2243,0.0102,0.0562,-0.055,0.0215,-0.0809,-0.02,-0.0064,7.9336,0.1388,0.9644,1825.5244,0.156,8651.9899,0.0897,-0.0949,-0.0455,0.0283,0.4641,0.9441,761.3352,0.9904,58.4868,0.5985,0.9768,6.3479,15.84,4.809,15.9,15.9,1.163,0.7242,3.025,-0.1419,0.6764,2.3044,997.8064,136.0,180.3,192.2,60.8999,261.921,0.1386,0.1578,0.0522,0.0553,0.0064,7.7634,4.661,15.444,0.0047,0.36,0.0175,1074.0,4349.0,0.048,0.056,0.117,3.2,0.652,0.833,0.0953,0.4863,0.2635,0.7203,0.5402982955720018,0.1421673609514633,7.446419249627674,17.949898683528822,36.50296257458856,0.293,20.21027255548304,7.306384550407646,34.727,101.344,0.1033,0.10470000000000002,0.0753,0.0191,0.0894,0.0842,0.0591,0.0523,4.2572,0.1074,0.0129,137.0032,0.0318,1081.1997,0.0125,0.0083,0.044,0.0217,113.6241,3.6073,0.024,0.4646,0.0384,5.1375,35.619,58.7789,58.8736,0.0461,1.4279,0.0542,1.4731,0.0884,0.0074,448.2272,159.5274,5823.189049999999,2062.8807,0.0263,0.0276,0.0547,0.8471,0.0601,0.2102,0.351,0.0352,0.0918,6.106296717620619,0.17335122971004216,8.02283760428859,0.04172805389291134,2.25984114235233,5.324827363497655,11.018951690153742,0.0966,1.9979097105329622,3.4466556316470998,10.7989,30.7164,0.0259,0.0455,0.034,0.0085,0.024,0.0399,0.0301,0.0234,1.3506,0.0333,0.0044,55.9016,0.0107,365.0154,0.0108,0.0082,36.5232,1.1825,0.0094,0.1568,0.0119,10.9722,1.4918,5.7517,5.8007,7.2182,2.7893,23.5657,8.9121,10.4542,81.5898,3.8765,0.4759,2.8825,1.2477,174.6325,375.5613,3.7231,2.7826,1.5848,4.631,39.6476,92.4274,19.337,0.9715,1.1104,0.7586,0.1508,5.35039981493305,7.7146813789651105,3.6545450302117364,11.983111563945045,5.350729290921327,2.840813199898567,30.332606304172288,5.9487,2.8104,8.0127,150.90081796617437,4.9047,17.9731,101.1172,0.0,559.2899,34.7115,416.1769,104.0148,295.8698,817.1875,53.6607,1.9452,4.4723,1.3362,7.5049,20.3683,567.5214,53.1208,470.5882,9.4887,2.2945,14.9243,0.1014,6.1678,7.3191,1.6684,14.158,74.59590071180266,16.9838783118654,1.2085074635576103,7.812769656319584,0.47985824674806765,55.30259367669573,4.227068481457589,1.60308867861264,0.2003,0.0413,20.7785,7.51,0.1689,3.1187,0.067,2.975,22.6329,533.5409,2.0568,9.11,0.2586,3.2019,0.0753,1.7075,12.5749,0.014,2.7987,0.0048,0.0226,255.5817
-1.0,3008.5,2173.6444,0.8811,101.5667,1.5032,0.0266,-0.0081,203.9961,12.6669,420.8905,0.9703,193.6417,12.5553,1.3932,-5781.75,1199.5,0.97,1.8758,4.8762,71.3333,2.5778,0.1772,84.2942,8.7199,63.8867,65.9445,86.7612,76.97,3.102,358.3164,142.4445,744.8642,1.3781,141.2755,642.0364,215.3915,4.635,4.907,2851.0,0.9248,-4.996668049654971,355.15908049252556,10.296280202595842,116.50233761183317,15.339161713039589,19.35215123854755,28.3721589343882,715.2033323512767,147.43758008224967,619.1016865404094,98.47763949482776,-0.0087,0.0053,-0.0921,-0.0035,-0.0031,-0.0161,-0.0098,6.1426,0.1396,0.9848,1778.933,0.1541,9075.89,-0.0439,-0.0316,-0.0302,-0.0636,0.462,0.9285,713.6637,0.9908,58.5037,0.6041,0.9672,6.3528,15.95,4.361,16.04,15.99,1.314,0.6629,2.968,-0.6623,0.7101,2.2689,1010.787,96.0,188.4,145.7,54.3,279.73,0.1797,0.0663,0.0546,0.0678,0.0249,9.0184,10.869,7.884,0.0161,0.2,0.0477,456.0,209.0,0.055,0.066,0.164,2.2,0.103,0.6019,0.1365,0.6086,0.2314,0.6482,0.516,0.206,5.32,24.88,86.244,0.5432997526539871,23.47126915264587,8.86506220657235,30.51768033849519,69.52242121062572,0.0631,0.0664,0.0773,0.0645,0.0591,0.0884,0.0976,0.0504,3.2319,0.038,0.0022,91.8998,0.0361,503.2998,0.0145,0.0139,0.0154,0.0433,46.236,2.3569,0.0308,0.4788,0.0305,4.3424,24.3177,65.883,54.3146,0.0592,1.6178,0.0196,3.2702,0.0511,0.0184,209.5225,177.9876,4504.237,93.0036,0.0261,0.0303,0.0693,0.7053,0.0204,0.0404,0.2161,0.058,0.0543,5.8591,0.1964,11.5385,0.0555,1.8491,7.5451,27.1546,0.1397109706708766,1.916709519707279,2.4983545757958394,10.065975809340362,21.418592227935697,0.0172,0.0277,0.0317,0.0304,0.0157,0.0408,0.0487,0.0255,1.1959,0.0132,0.0008,30.122,0.0125,177.634,0.004,0.0146,14.6266,0.7372,0.0094,0.1601,0.0102,10.7455,1.4988,4.3225,6.2623,5.7676,2.4981,19.1764,20.3935,4.4106,85.8063,1.8732,1.6595,1.593,3.4215,166.524,17.4239,5.6701,3.5186,3.3632,3.0841,38.7931,42.3197,2.2746,0.714,1.566,0.9526,0.6795,5.1184,8.8596,5.0999,14.9476,3.7657,3.8752,40.0406,5.9285,5.589444582070183,9.341634753012556,137.08041655389138,4.306665145495884,18.929692345618577,77.20489345708903,723.2092,275.2332,70.0326,0.0,0.0,604.3344,515.601,52.6134,2.1485,1.6183,0.2261,5.166,23.4319,382.7883,26.1723,0.0,3.3404,4.6656,6.4787,0.106,4.0286,7.5376,1.3443,9.8127,73.838,19.61,0.73,9.3302,0.286,76.1477,4.8064,0.9887,0.4962,0.0792,51.1223,6.446028366136525,0.16956612232458554,2.6334320519794554,0.06826390446234332,2.4663777527008297,19.49575185052343,534.6782,2.3952,10.18,0.188,3.5736,0.0519,1.9039,7.8488,0.0232,4.7137,0.0279,0.0217,77.7519
-1.0,3034.9,2208.2334,1.098,110.19,1.4119,-0.0031,0.0117,200.2723,8.7724,401.4416,0.9656,189.8856,12.5455,1.408,-4588.75,1504.75,0.973,1.8895,5.063,68.2222,1.9444,0.155,83.6359,9.7836,64.1163,66.5667,87.2,66.12,3.242,359.5864,144.1418,749.0273,0.9032,138.0955,641.8236,126.3261,4.643,4.857,2852.0,0.9236,0.5755,359.7336,10.2777,124.7173,10.8896,19.4245,25.0179,724.0094,147.99,632.4409,62.9122,-0.0034,-0.0298,-0.1025,0.0031,-0.0732,-0.0051,-0.0197,6.8492,0.1384,0.9911,1870.7982,0.1944,8501.46,-0.0183,0.0558,-0.0085,-0.0618,0.4619,0.9626,724.8634,0.9906,58.1685,0.6024,0.9658,6.3599,15.84,4.809,15.9,15.9,1.163,0.7242,3.025,-0.1419,0.6764,2.3044,997.8064,136.0,213.0,169.8,62.7,610.354,0.1262,0.1156,0.1007,0.0498,0.0189,8.0723,7.712,6.544,0.0134,0.19,0.1041,1948.0,95.0,0.15,0.096,0.311,2.2,0.126,0.5844,0.0617,0.5844,0.3105,0.7618,0.651,0.1019,11.75,21.54,33.414,0.608,22.91,3.84,37.391,91.719,0.0591,0.10470000000000002,0.0622,0.0679,0.0691,0.058,0.0846,0.0479,3.8882,0.0815,0.0021,60.2979,0.0328,618.7002,0.0124,0.0139,0.0195,0.0157,66.8856,2.6951,0.0218,0.4527,0.0384,5.1375,33.7732,67.5417,52.9631,0.0405,2.3057,0.0334,2.2919,0.0483,0.037,905.9249,286.8949,245.2976,41.9792,0.0666,0.0401,0.137,0.7138,0.0333,0.0458,0.2303,0.0313,0.1059,6.1628,0.1777,11.111,0.0257,3.2645,6.7296,11.0053,0.1615,1.0858,1.4986,11.5082,26.9582,0.0176,0.0455,0.031,0.0319,0.0182,0.0259,0.0407,0.0212,1.2684,0.0243,0.0006,16.8534,0.0091,182.3384,0.0067,0.0047,20.539,0.8345,0.0072,0.1691,0.0119,10.9722,1.4918,6.2229,7.0184,6.5357,2.8394,40.2339,11.4929,8.1873,87.9124,1.6301,1.3827,1.5145,7.3965,11.0706,6.3133,15.4162,5.0807,6.1426,3.2248,41.1429,63.871,2.7243,0.6987,0.6306,0.9115,0.1628,5.7093,8.0615,4.8137,11.2794,8.5086,3.3561,26.4506,5.6016,5.9157,9.4694,210.384,5.1644,47.129650000000005,145.7889,0.0,397.861,66.2277,0.0,79.2891,0.0,243.4562,56.7692,1.8782,3.4864,0.2071,3.2231,16.8567,0.0,31.8408,493.3333,4.2207,1.6305,9.2273,0.073,4.6332,7.1179,1.6684,14.158,82.684,23.08,1.0,10.2235,0.3837,146.2962,5.633,1.2094,0.5058,0.0834,50.2702,6.495213355869432,0.13356268448841277,2.569829415824696,0.05524788646335657,2.5017831573410856,21.104610902724907,535.5236,2.0048,8.58,0.3274,3.0626,0.1117,1.6022,16.3329,0.0168,3.3338,0.0279,0.0217,77.7519
-1.0,2884.65,2208.2667,0.9143,102.6267,1.3761,0.0108,-0.0013,203.6089,7.9538,413.6755,0.9725,193.4479,12.5494,1.417,-4587.5,1271.0,1.2905,1.9805,7.2027,67.2889,2.3,0.2033,85.5265,8.659,64.061,66.2245,86.8196,77.74,2.864,355.5973,137.4973,733.8885,0.9141,137.4391,630.5336,113.9635,4.584,4.829,2858.0,0.9265,0.2573,353.4691,10.6227,117.7545,14.76,19.7427,25.518,708.3705,144.55,615.7736,101.0472,0.0204,0.0452,-0.045,-0.0088,-0.0058,-0.0432,0.0485,7.3228,0.1373,0.99,1770.3007,0.1586,8455.6002,0.0587,0.0149,-0.0346,0.0306,0.4656,0.933,730.0768,0.9867000000000001,57.0785,0.5968,0.9781,6.3394,15.94,5.261,15.97,15.99,1.418,0.8522,3.278,-0.5677,0.6786,2.2773,1009.9188,126.0,91.1,61.0,70.9001,461.4921,0.1846,0.09,0.0454,0.0336,0.0175,12.4747,4.979,13.34,0.0117,0.21,0.0857,1053.0,17919.5,0.08,0.104,0.195,1.5,0.487,0.8444,0.1704,0.5565,0.2244,0.6831,0.726,0.0663,6.84,20.43,27.287,0.332,17.97,5.77,31.673,47.497,0.0654,0.021,0.1003,0.0693,0.0398,0.0407,0.1125,0.1115,2.8935,0.0933,0.0027,90.5886,0.0127,1545.9004,0.0142,0.0195,0.0138,0.052199999999999996,156.9982,2.8328,0.0325,0.6188,0.0341,2.2571,33.5499,35.4902,19.4771,0.0546,1.0008,0.0345,1.5162,0.0513,0.0296,456.4416,101.9199,1581.0926,8994.62525,0.0359,0.0446,0.0882,0.5011,0.0597,0.1537,0.3284,0.0639,0.1448,5.7795,0.2468,10.601,0.0231,2.2357,6.6128,8.2196,0.0952,1.5421,1.2631,9.8944,14.949,0.0196,0.0096,0.0432,0.035,0.0107,0.018,0.0536,0.0529,1.0039,0.0292,0.0007,32.4791,0.005,513.2647,0.0041,0.018000000000000002,46.8692,0.7895,0.0098,0.1965,0.0117,12.7224,0.689,5.678,3.1581,2.4174,3.2107,27.8642,20.1928,6.5402,62.5989,3.2247,1.2046,1.6734,6.0517,73.3079,0.0,6.1991,5.2512,2.7073,2.2292,95.6522,93.9344,14.7536,0.9873,1.9676,0.8687,0.2514,5.3122,8.5965,4.7751,7.2538,4.9767,3.2401,23.9436,9.842500000000001,3.1254,8.2629,121.7482,4.4712,12.3421,47.0048,320.7848,183.0065,154.0,454.2083,701.7241,260.266,229.8969,39.513,2.8398,3.8882,0.2761,5.1171,8.0222,936.9369,57.971,0.0,2.9619,5.5677,21.5043,0.25379999999999997,4.9629,9.7611,1.4958,5.5315,80.538,15.49,1.88,7.5296,0.8111,141.3116,3.7904,2.3343,0.1028,0.0308,10.7623,3.04,0.1189,1.1639,0.0495,1.1496,19.7943,535.3318,2.087,7.74,0.327,2.8605,0.1231,1.4458,15.6692,0.0162,3.2472,0.0279,0.0217,77.7519
-1.0,3028.5,2234.5222,1.7889,93.1967,1.471,0.0154,-0.0039,200.1966,6.8229,410.4215,0.9654,190.3154,12.5478,1.3999,-3032.0,-1289.75,1.303,2.0132,7.3355,65.5778,2.4556,0.1786,84.6614,8.7994,64.1107,66.1349,86.7297,63.93999999999998,1.1460000000000004,357.3973,131.9182,731.2592,1.4231,144.4418,633.7573,196.6479,4.595,4.84,2862.0,0.9244,9.2827,359.6145,10.2452,121.2009,12.9133,10.7173,16.5512,714.708,141.5127,622.3282,120.7728,-0.0047,0.0182,-0.0711,0.0034,-0.0067,-0.0188,-0.0073,7.6609,0.1298,0.9667,1752.1221,0.1982,7767.31,-0.0054,-0.0186,0.0357,0.0612,0.4515,0.96,683.8262,0.9904,59.8385,0.6,0.9733,6.1473,15.94,5.261,15.97,15.99,1.418,0.8522,3.278,-0.5677,0.6786,2.2773,1009.9188,200.0,92.1,75.1,58.3,529.7151,0.2777,0.1284,0.0432,0.0501,0.0188,8.5009,2.771,11.112,0.0134,0.23,0.0452,721.0,3690.0,0.149,0.053,0.212,2.9,0.48,0.7141,0.0833,0.4138,0.3421,0.7448,0.407,0.1507,6.39,25.18,48.987,1.083,20.92,6.19,34.16,91.723,0.0694,0.0778,0.0376,0.0954,0.0749,0.0372,0.104,0.0551,3.0558,0.0515,0.0083,148.8944,0.025,2322.228871323444,0.0129,0.0161,0.0253,0.0369,244.27409999999998,2.4348,0.0433,0.3849,0.0341,2.2571,45.32809999999999,34.0817,25.2822,0.084,2.5143,0.055,1.0243,0.0716,0.0132,338.0675,170.6192,2241.0706,1682.309,0.0752,0.0259,0.0994,0.8363,0.0346,0.185,0.2553,0.0341,0.108,6.2345,0.1376,11.5492,0.041,1.905,7.469,12.1304,0.31,1.8601,1.695,10.7848,28.0414,0.0244,0.0325,0.0181,0.0448,0.023,0.017,0.0519,0.0245,1.1689,0.0148,0.0027,44.904,0.0073,767.29565,0.0081,0.0107,79.11909999999999,0.8281,0.0125,0.126,0.0117,12.7224,0.689,9.053150000000002,3.0411,3.0276,2.6091,33.31,15.5262,8.7288,40.6132,2.7075,1.3858,1.833,3.228,158.5092,286.102,11.4351,2.6326,2.8901,4.4222,44.7964,62.1655,13.9625,0.8435,0.9462,0.6454,0.2977,5.4197,8.8995,5.324,10.5928,4.4239,3.9731,24.911,5.8592,10.5708,7.2772,162.0037,4.7796,15.8994,75.9467,0.0,166.2393,134.1301,0.0,555.2239,554.6667,757.3883,39.8882,1.3095,2.1309,0.8597,8.4979,12.6285,0.0,38.3901,0.0,5.6136,3.8402,33.17265000000001,0.0918,4.0689,6.2613,1.4958,5.5315,78.86477134495514,17.203047911546793,1.2992193833430166,7.869079884995762,0.5295838565276483,61.20959431912258,4.237206744636791,1.6137777945057525,0.2197,0.0392,23.0054,6.242545089389163,0.151924213364344,2.5308336776415965,0.06111914884490058,2.3930066087002215,21.892506708034002,533.0191,2.0856,10.4301,0.3025,3.4041,0.1072,1.9568,14.5051,0.0111,2.2151,0.0279,0.0217,77.7519
-1.0,2941.25,2219.1333,0.9002,97.9378,1.5015,-0.0097,0.0133,199.6883,7.8391,419.8217,0.9716,189.904,12.5227,1.4176,-2539.25,1501.25,0.9745,1.8838,5.0173,68.3889,1.8889,0.1577,83.6359,9.7836,64.1163,66.5667,87.2,66.12,3.242,359.5955,142.9436,747.3086,0.9156,137.7891,640.3282,120.2203,4.643,4.857,2852.0,0.9236,-1.0482,360.4327,10.2926,121.8955,11.9482,21.0482,27.6136,719.6951,147.3027,629.6309,61.4883,-0.0349,-0.1046,-0.1041,0.0294,-0.0883,0.0068,-0.0223,6.4739,0.1335,0.9902,1800.2195,0.1694,8711.62,0.1012,0.014,0.0137,-0.0827,0.4657,0.9715,740.7927,0.9909,58.4673,0.6016,0.9785,6.2347,15.87,4.563,15.96,15.91,1.541,0.6567,2.89,0.0,0.7717,2.2965,1001.3796,117.0,124.2,108.4,61.3999,594.899,0.1186,0.1038,0.0538,0.0551,0.0189,8.4308,4.422,15.269,0.0122,0.28,0.0556,381.0,128.0,0.101,0.074,0.152,2.1,0.105,0.5844,0.0617,0.5844,0.3105,0.7618,0.593,0.0923,9.32,24.32,28.488,0.442,22.92,6.8,39.017,90.641,0.1027,0.0709,0.0319,0.0861,0.0892,0.0612,0.0808,0.0753,4.2953,0.0857,0.0016,101.0593,0.0388,1157.6006,0.0186,0.0168,0.0251,0.0191,113.4878,2.6382,0.016,0.4856,0.039,3.6498,30.3453,43.7301,42.8584,0.0412,3.1115,0.0399,1.3895,0.0695,0.0167,164.7834,259.0719,2145.2121,54.2671,0.0434,0.0317,0.069,0.6173,0.0294,0.0348,0.2303,0.0313,0.1059,5.9818,0.1778,11.598,0.0302,2.4849,7.342,9.6518,0.1312,1.7373,2.0361,11.7132,28.5283,0.0252,0.0328,0.0154,0.0382,0.0242,0.0337,0.0401,0.0377,1.3765,0.0259,0.0006,32.4708,0.0137,409.8802,0.0052,0.008,36.9279,0.6929,0.0055,0.1573,0.0119,12.0637,1.1609,5.3879,4.2227,4.3485,2.7668,50.9366,13.1808,6.9131,56.4096,3.637,1.2601,2.2359,3.9208,181.8253,8.5262,10.3643,3.9283,3.0295,3.0707,52.9412,60.8879,2.2674,0.6987,0.6306,0.9115,0.1628,5.3254,9.1714,5.1295,10.0762,6.764,3.7981,23.6965,5.6016,4.2943,10.6977,191.8281,5.4213,30.4332,147.4119,294.4803,121.0414,82.6891,303.3369,69.2699,0.0,338.0471,66.3488,3.0701,3.5251,0.1607,5.6137,22.899,163.2058,43.8462,0.0,5.3926,1.9679,15.3198,0.0617,4.5123,7.7891,1.6967,9.9207,81.396,25.505000000000003,1.59,11.3249,0.7105,84.1007,6.2312,1.9534,0.338,0.0593,34.2197,8.87,0.1161,3.2911,0.0471,3.3627,13.3284,533.8791,1.998,8.74,0.2103,2.9644,0.0597,1.6371,10.5253,0.0199,3.9823,0.0279,0.0217,77.7519
-1.0,2980.11,2201.8222,1.6769,95.9789,1.4805,-0.0073,0.0025,197.0832,6.6693,403.9057,0.9603,186.2904,12.4998,1.4224,-3683.25,-1551.0,1.3093,1.9958,7.3532,69.3889,2.3222,0.2061,85.2227,8.5288,64.1901,66.0973,86.6692,78.52,3.182,352.6845,140.2727,733.5246,1.3741,139.5882,632.5455,180.2895,4.605,4.869,2828.0,0.9332,5.6309,351.9382,10.2794,125.9036,13.9137,14.3691,19.8754,713.6493,140.79,618.6318,117.7305,0.0087,-0.0075,-0.0483,-0.0066,-0.0129,-0.0213,0.0464,7.4277,0.124,0.9899,1745.6538,0.1983,9195.1899,-0.0666,0.0298,-0.0378,-0.04,0.4566,0.9435,776.6501,0.9914,58.9646,0.595,0.9748,6.4888,15.84,4.809,15.9,15.9,1.163,0.7242,3.025,-0.1419,0.6764,2.3044,997.8064,74.0,95.0,83.9,59.2,532.019,0.2062,0.1382,0.0425,0.043,0.0211,4.9433,2.057,13.19,0.0153,0.17,0.083,786.0,4321.0,0.207,0.069,0.202,2.3,0.475,0.7978,0.0929,0.6767,0.4021,0.7542,0.398,0.1418,6.75,19.57,37.601,0.301,19.95,3.62,33.616,89.641,0.0941,0.0769,0.0358,0.1223,0.0304,0.0703,0.0964,0.1313,3.3854,0.038,0.0022,142.2784,0.0736,635.4004,0.0161,0.012,0.0184,0.0196,60.5665,3.079,0.0262,0.4687,0.0384,5.1375,20.347,27.4581,25.9761,0.0758,2.5903,0.0471,0.6421,0.0473,0.0327,345.7195,279.3976,552.092,1908.4309,0.0868,0.0296,0.0825,0.739,0.0277,0.1433,0.2868,0.0384,0.1474,5.2759,0.1432,9.038,0.0389,1.9625,5.7123,11.9483,0.0898,1.1712,1.7775,9.8665,28.6099,0.026,0.0333,0.0166,0.0567,0.0083,0.0378,0.0544,0.0722,1.2135,0.0121,0.0006,43.8018,0.0222,204.9849,0.0055,0.0056,20.5676,0.803,0.0081,0.1526,0.0119,10.9722,1.4918,3.5746,3.1878,3.3342,2.6887,41.3031,12.2969,9.3344,30.8429,3.2656,1.5908,1.36,5.835,30.1907,278.5945,15.8106,3.4573,2.7471,3.3147,60.2871,45.6065,14.3736,0.9361,1.0887,1.0542,0.3236,4.6274,5.4893,4.2142,10.3172,4.8357,3.0939,20.8559,5.9363,2.9282,7.4025,143.3839,4.7104,9.6249,76.1409,0.0,320.0832,253.0781,457.5729,547.0817,452.0516,283.1267,45.5781,2.2587,1.5753,0.2272,8.1504,37.1066,0.0,26.943,0.0,4.026,2.0733,7.7984,0.0551,5.2218,7.2236,1.6684,14.158,79.78,16.19,1.09,7.1117,0.4357,16.794,3.9517,1.3663,0.4087,0.0773,41.2704,6.08,0.0486,2.1939,0.0189,2.2687,6.3972,538.8482,2.2732,7.09,0.1496,2.454,0.0482,1.3158,6.5829,0.0104,2.093,0.0331,0.021,63.2615
-1.0,2933.27,2183.3111,1.6269,102.8467,1.3973,0.0348,-0.017,203.792,7.9459,415.37,0.9811,193.0517,12.5065,1.4041,-4326.0,1524.5,0.9882,1.8882,5.1195,67.9222,2.4778,0.1917,85.9922,8.5334,63.9469,66.1932,86.8109,78.33,3.342,351.1164,120.5918,708.1765,1.4493,144.5945,616.3027,170.8077,4.613,4.83,2822.0,0.9361,5.1736,348.4773,10.8442,105.7655,17.3254,14.8264,20.671,687.5056,144.7345,598.9773,113.1257,0.0124,-0.036,-0.0075,0.0206,-0.1011,-0.0256,0.0059,7.5261,0.1404,0.9882,1827.4076,0.1658,8355.5202,0.0805,-0.027,-0.0377,0.0223,0.4647,0.9287,706.1614,0.9909,58.5163,0.5955,0.9762,6.3363,15.87,4.563,15.96,15.91,1.541,0.6567,2.89,0.0,0.7717,2.2965,1001.3796,168.0,198.8,174.1,58.0,165.9249,0.4527,0.0855,0.0517,0.0545,0.0114,9.0098,2.933,8.728,0.0059,0.34,0.0324,213.0,107.0,0.124,0.085,0.243,2.6,0.177,0.845,0.0722,0.8189,0.3488,0.802,0.171,0.1802,6.13,17.16,41.235,0.298,18.51,6.54,31.825,63.134,0.0664,0.0492,0.0515,0.0878,0.0351,0.0904,0.092,0.0793,3.8768,0.0454,0.0022,200.9971,0.045,861.3003,0.013,0.0122,0.0114,0.0416,114.8495,2.331,0.0366,0.7803,0.039,3.6498,33.8951,69.34,61.0399,0.137,1.6569,0.0363,0.9757,0.0951,0.0105,92.5612,313.5936,1210.3515,48.1698,0.0514,0.038,0.1023,0.9244,0.0235,0.0556,0.3146,0.031,0.0598,5.8216,0.0593,8.3876,0.0553,1.6744,5.157,12.9314,0.0883,1.9397,2.3828,9.9378,22.3058,0.0186,0.0225,0.0218,0.0435,0.0104,0.0444,0.0508,0.0405,1.3632,0.0148,0.0007,60.829,0.014,240.7979,0.0033,0.0154,31.7531,0.6985,0.0134,0.2229,0.0119,12.0637,1.1609,7.5886,6.7774,7.0385,2.6565,10.4453,27.8252,6.1188,36.9121,2.1013,0.6006,2.7186,2.3075,61.7198,7.0187,12.5474,4.5015,4.7466,3.8279,48.4305,35.4783,3.7962,0.9826,0.8463,1.2806,0.113,5.1094,5.6637,3.9908,12.4336,4.2394,2.7843,24.1412,5.9949,2.748,8.4243,106.8372,4.6291,8.8526,55.8087,536.8368,137.3343,0.0,170.4401,89.3943,359.7263,0.0,51.5119,4.941799999999999,1.9096,0.2241,10.999,27.1155,0.0,28.1553,910.3448,2.4597,4.4788,16.2639,0.1094,3.9834,12.3146,1.6967,9.9207,83.248,19.78,1.76,9.2127,0.6947,84.6127,4.7937,2.1142,0.3544,0.0695,36.9618,7.59,0.2429,2.8029,0.0936,3.0483,26.5287,534.7291,2.4644,8.88,0.3358,2.8346,0.1103,1.6607,13.6247,0.014,2.817,0.0331,0.021,63.2615
-1.0,2793.085000000001,2180.7,1.0177,98.9367,1.546,-0.0149,-0.0024,197.7082,5.7074,397.1866,0.9809,186.9412,12.508,1.4013,-3738.75,-4780.0,1.3142,1.9973,7.3182,67.7778,1.8444,0.1472,85.1669,8.3324,64.154,66.2381,86.8346,77.63,3.385,352.9627,126.9836,718.0677,1.4131,144.2373,624.1836,188.6306,4.613,4.83,2822.0,0.9361,4.8373,350.8809,10.5047,111.8209,15.2691,15.1627,23.9068,694.1609,146.2127,608.9145,65.1285,-0.02,0.0046,-0.0187,0.0212,-0.1014,-0.056650000000000006,0.0134,6.1991,0.1274,0.9875,1839.6873,0.1811,8338.1102,-0.0349,0.0028,0.023,-0.0383,0.4597,0.9478,735.0312,0.9909,59.3632,0.5862,0.971,6.3174,15.87,4.563,15.96,15.91,1.541,0.6567,2.89,0.0,0.7717,2.2965,1001.3796,89.0,200.2,137.8,45.7,442.248,0.2324,0.0743,0.0562,0.0619,0.0076,10.9787,2.894,15.969,0.0044,0.36,0.078,229.0,9008.0,0.103,0.119,0.315,1.5,0.468,0.9912,0.2526,0.5231,0.2366,0.7471,0.299,0.2408,9.27,19.11,51.711,0.355,19.37,3.38,30.713,92.284,0.0638,0.0507,0.0619,0.0767,0.049,0.0817,0.0383,0.0537,6.2499,0.0392,0.003,149.9529,0.0561,1207.4004,0.0131,0.0115,0.0206,0.0196,126.8903,3.1358,0.0429,0.5649,0.039,3.6498,26.8857,65.8961,43.5599,0.0708,2.5498,0.0279,0.9734,0.0969,0.0256,106.6282,96.7505,216.8815,3905.179,0.0462,0.0531,0.1351,0.574,0.042,0.1444,0.3511,0.0985,0.0919,5.3511,0.084,9.6884,0.0618,2.3539,5.5142,16.4231,0.1155,1.0438,1.7971,10.0124,32.241,0.0189,0.0214,0.0285,0.0385,0.0131,0.04,0.0186,0.0299,2.1912,0.0131,0.0009,44.8463,0.018,392.5048,0.0058,0.008,38.5219,0.8247,0.0144,0.186,0.0119,12.0637,1.1609,4.1794,7.1699,5.4386,2.0957,38.1451,22.8359,4.806,50.7064,4.0205,0.4517,2.8782,5.5655,13.7212,188.4519,7.8372,5.9582,4.3043,2.2131,75.9036,87.6226,13.8157,1.1638,2.9167,0.8154,0.244,5.0289,6.3236,4.601,17.0372,6.4269,3.0616,27.4139,5.9949,3.3794,5.7055,126.8579,4.4245,42.0458,141.6952,318.8007,201.992,410.1604,231.1321,80.5323,64.6959,400.7463,100.8189,1.2557,1.6191,0.3076,8.151,30.9642,365.8052,118.77044999999998,0.0,4.4833,2.0723,17.2632,0.0372,5.2825,8.9418,1.6967,9.9207,74.47,19.02,1.03,8.799,0.4529,97.7032,4.7283,1.3831,0.3311,0.0895,32.8864,10.58,0.1079,4.0333,0.0516,4.2714,19.3634,534.5173,1.5036,10.3,0.2068,3.6885,0.0632,1.927,13.7536,0.0182,3.6046,0.0331,0.021,63.2615
-1.0,2991.74,2173.6444,0.8811,101.5667,1.5514,-0.0275,-0.0001,196.9584,8.1367,413.7779,0.9733,186.9654,12.5478,1.3998,-1363.875,-56.75,1.2888,2.0183,7.2492,71.4444,2.2667,0.1997,86.3849,8.7897,63.8901,66.3232,86.7752,63.93999999999998,5.041,354.2018,144.98,745.8256,1.367,143.2491,642.4309,204.9942,4.589,4.819,2861.0,0.9254,6.3691,356.4427,9.975,131.3491,12.8879,13.6309,19.6579,726.1677,143.0427,630.8345,105.4701,-0.0163,-0.0347,-0.0674,-0.0087,0.0052,-0.0232,0.0057,7.4985,0.1368,0.9856,1804.0434,0.1944,8054.11,0.0313,0.027,0.0668,0.0242,0.4613,0.9455,710.0026,0.9905,58.5982,0.5977,0.9773,6.3686,15.94,5.261,15.97,15.99,1.418,0.8522,3.278,-0.5677,0.6786,2.2773,1009.9188,111.0,175.2,152.1,54.3,279.73,0.1797,0.1002,0.0554,0.0447,0.0162,9.199,4.718,10.509,0.0096,0.23,0.0444,878.0,17919.5,0.158,0.167,0.271,1.7,0.432,0.4645,0.1403,0.679,0.3742,0.5741,0.609,0.1262,8.08,24.84,41.955,1.082,16.6,7.56,34.506,82.043,0.0805,0.0363,0.0512,0.0329,0.0309,0.0336,0.095,0.0338,3.555,0.0828,0.0025,130.7773,0.0342,654.7002,0.0175,0.0154,0.0342,0.0189,53.1805,2.1698,0.0592,0.4518,0.0341,2.2571,27.496,53.6983,52.4352,0.0592,1.6178,0.0317,1.4672,0.0716,0.0131,371.7441,244.5097,2471.2597,8994.62525,0.0712,0.0703,0.115,0.5411,0.0446,0.1458,0.1781,0.0575,0.0721,5.5444,0.2005,11.9891,0.0376,2.3529,7.4742,12.7822,0.3741,1.8805,2.2778,10.5186,27.8543,0.0204,0.0154,0.0214,0.0161,0.0091,0.0141,0.049,0.0167,1.154,0.0246,0.0007,41.6804,0.0121,187.9918,0.0086,0.0073,17.6978,0.6428,0.0155,0.1565,0.0117,12.7224,0.689,4.895,5.8561,5.9059,2.4981,19.1764,20.3935,6.4588,57.984,2.5398,0.9899,1.833,3.1718,298.58439999999996,0.0,12.2599,8.2745,3.7383,2.3795,48.5294,75.1252,13.0046,0.5377,1.5958,1.0628,0.6795,5.3416,10.2635,5.4363,9.235,5.6405,3.8666,20.4664,5.79,10.8471,8.0016,128.803,4.7518,11.2368,77.7879,493.1087,58.2197,48.8131,354.9174,643.0622,410.3672,587.8261,47.409,3.2905,3.4584,0.2523,7.2491,17.5691,0.0,74.5149,965.5172,7.4184,1.9954,7.4902,0.1198,3.7028,7.0941,1.4958,5.5315,76.70196960030282,16.857937266920455,1.2675807843331048,7.443104107764326,0.523400089584021,62.7102795199034,4.167920293706055,1.6769219807738296,0.1028,0.0308,10.7623,4.98,0.0877,2.0902,0.0382,1.8844,15.4662,539.0582,2.0084,5.41,0.2516,1.8131,0.0807,1.0036,12.5296,0.0184,3.6981,0.0331,0.021,63.2615
-1.0,2960.22,2183.3111,1.6269,102.8467,1.57,0.0178,-0.0002,198.4244,11.9112,421.8221,0.9693,188.0988,12.5471,1.4331,-4576.75,-6605.0,1.269,1.999,7.231,70.7778,2.1222,0.1722,83.7738,8.6427,64.2704,66.3237,86.575,78.0,2.473,355.6064,138.8145,736.8254,1.3751,141.5145,635.9355,194.1539,4.612,4.851,2847.0,0.9289,0.2818,356.2445,10.2727,119.0964,18.4325,19.7182,26.8707,709.9546,144.0982,619.4391,101.86,-0.0071,-0.0421,-0.0261,-0.0175,0.0002,-0.0272,0.0162,7.021,0.126,0.9874,1783.2841,0.1997,8421.3802,0.0574,-0.0298,-0.0616,-0.2365,0.4606,0.9455,716.6117,0.9908,58.5601,0.5958,0.976,6.3673,15.95,4.361,16.04,15.99,1.314,0.6629,2.968,-0.6623,0.7101,2.2689,1010.787,142.0,77.6,90.2,58.0,165.9249,0.4527,0.2029,0.0562,0.0516,0.0223,3.0504,4.328,10.668,0.0128,0.85,0.0323,1066.0,9862.0,0.094,0.039,0.109,2.9,0.676,0.7606,0.1471,0.661,0.3331,0.5729,0.773,0.1805,11.82,19.82,50.657,1.297,15.19,4.43,35.317,78.155,0.0958,0.0461,0.0405,0.0613,0.0686,0.0516,0.1117,0.0817,2.5713,0.0384,0.0022,116.8848,0.0376,833.2002,0.0277,0.0204,0.025,0.0301,79.0602,2.0116,0.0464,0.6251,0.0305,4.3424,35.1406,29.1901,25.9174,0.137,1.6569,0.069,1.2914,0.1207,0.0098,450.3276,100.1012,3712.2155,4950.4331,0.0434,0.018,0.0495,0.8628,0.064,0.1849,0.2974,0.0545,0.0852,6.0756,0.298,11.0132,0.0501,3.8727,6.3567,16.0006,0.3577,1.0747,1.9158,11.2031,23.7884,0.0283,0.0214,0.0186,0.0302,0.0192,0.0279,0.0596,0.0423,0.8255,0.0121,0.0007,36.3861,0.011,248.0423,0.0071,0.012,24.6091,0.5721,0.0139,0.2022,0.0102,10.7455,1.4988,6.441,2.6214,3.6048,2.6565,10.4453,27.8252,12.9232,36.3356,2.529,1.3253,6.7745,2.2517,170.5796,149.3111,7.4074,1.951,1.5074,4.0973,75.3927,124.2581,20.0118,0.9079,1.7021,1.0285,0.6795,5.6383,9.9485,4.8864,13.125,8.3525,3.1167,26.0912,6.3869,12.6257,9.9835,82.4089,4.9745,16.6001,76.7279,0.0,142.835,235.0911,392.2802,0.0,411.418,505.8824,36.6233,0.5558,1.5775,0.2278,6.5545,18.8219,290.65,34.8837,0.0,5.4249,3.1854,11.0325,0.117,3.4351,9.8169,1.3443,9.8127,76.47618649925263,16.942670846185155,1.2528534470770356,7.952252232141441,0.5089902990332174,48.68764130775856,4.215381495568468,1.6338969471674865,0.2197,0.0392,23.0054,6.371076084346467,0.15698367757348838,2.50943668366748,0.06617507824473187,2.4266771455566882,22.16040990216137,535.1664,2.0973,7.19,0.2556,2.2021,0.0745,1.3435,12.1875,0.0107,2.1456,0.0331,0.021,63.2615
-1.0,3078.79,2167.2,1.4869,94.26,1.5877,-0.0046,-0.0013,195.8957,6.4152,402.6028,0.9811,185.4186,12.4892,1.409,-1607.75,3890.25,1.2455,1.987,7.3138,70.1889,1.6444,0.1216,84.7007,8.7283,63.9335,66.2469,86.6108,63.93999999999998,5.041,350.0527,129.8755,720.2874,1.4149,144.5409,624.4691,166.0335,4.539,4.729,2873.0,0.9313,-0.8964,348.7873,10.76,108.9791,16.1773,20.8964,25.5848,694.7025,150.5255,608.2918,111.7905,-0.0248,0.0297,-0.0713,-0.0427,-0.1137,-0.036,-0.0144,7.856,0.1352,0.9821,1834.4234,0.1897,9253.8801,0.0277,-0.0167,-0.0421,-0.054,0.4578,0.9416,779.5474,0.9919,58.6031,0.5997,0.9632,6.4128,15.87,4.563,15.96,15.91,1.541,0.6567,2.89,0.0,0.7717,2.2965,1001.3796,195.0,215.0,213.0,68.1001,1015.8822,0.148,0.0706,0.0408,0.0411,0.0117,11.3335,3.502,13.518,0.005,0.36,0.0329,1531.0,2749.0,0.238,0.057,0.134,2.5,0.597,0.5116,0.0342,0.7034,0.4111,0.6583,0.254,0.2548,6.05,11.98,55.474,0.809,20.07,16.17,29.74,14.98,0.0645,0.0581,0.0649,0.1107,0.16685000000000003,0.1083,0.048,0.0107,2.6162,0.0448,0.0065,176.028,0.0237,1325.0,0.0103,0.0132,0.016,0.023,133.137,2.9742,0.043,0.4203,0.039,3.6498,34.2274,66.8554,71.9643,0.0598,4.1378,0.0211,1.1737,0.0884,0.0105,627.7882,454.1263,3338.6845,1247.9731,0.1118,0.027,0.0626,0.8007,0.079,0.1847,0.2085,0.0153,0.0919,5.9494,0.0802,5.9872,0.066,1.6906,3.5743,18.4528,0.2265,4.267,4.7144,9.2498,5.4974,0.02,0.0263,0.0307,0.0477,0.0485,0.0555,0.0235,0.0047,0.9609,0.0138,0.0022,53.2993,0.009,369.6084,0.0046,0.0067,38.5757,0.7688,0.0152,0.143,0.0119,12.0637,1.1609,8.6175,6.9833,7.8298,3.1423,77.0342,9.9562,4.4468,54.5892,3.3577,0.5054,2.8825,2.3343,298.58439999999996,70.6638,19.1088,2.8686,1.8322,3.5618,127.49480000000001,159.51774999999998,17.6621,0.604,0.3919,1.1002,0.6795,5.362,13.9518,2.5548,18.0124,4.1857,1.9184,33.4113,5.7928,7.5186,17.537999999999997,124.0628,4.281,17.2719,13.4001,260.1462,178.4946,155.205,469.9268,95.2507,133.2408,74.4348,33.3023,1.9226,1.8597,0.6595,9.5958,12.484,610.4046,59.8226,0.0,3.4934,2.4443,17.0788,0.0415,5.0751,6.5544,1.6967,9.9207,74.49509116836084,16.999029336638383,1.1836539797964718,7.750061799215483,0.47205651657635195,67.74136836528453,4.217187419849571,1.593311685155726,0.2003,0.0413,20.7785,10.06,0.1493,4.3418,0.0545,4.0202,19.3829,531.3473,2.0767,9.21,0.2491,3.3191,0.0765,1.7333,11.9961,0.0174,3.4568,0.037,0.0178,48.0601
-1.0,2953.55,2146.1111,1.6513,100.7244,1.451,0.0041,0.0021,202.9072,9.6213,404.6424,0.9718,192.1325,12.5351,1.3987,-3690.0,1483.25,0.9725,1.8873,5.0397,66.4111,2.1667,0.1737,86.5513,8.8043,64.056,66.2008,86.7995,63.93999999999998,5.041,357.3391,142.9364,743.1414,0.9109,136.3736,636.6491,130.0989,4.6,4.864,2857.0,0.9237,-0.1745,356.3036,10.3815,122.7618,13.3946,20.1745,26.166,716.9754,144.1891,623.2545,95.2321,-0.004,-0.023,-0.0936,0.0214,-0.0199,-0.0182,-0.03,7.4021,0.1373,0.99,1770.3007,0.1584,8461.7499,0.1021,0.0046,-0.0617,0.1075,0.4633,0.9142,738.4034,0.9904,58.5136,0.6029,0.9775,6.2496,15.84,4.809,15.9,15.9,1.163,0.7242,3.025,-0.1419,0.6764,2.3044,997.8064,125.0,97.8,65.3,51.0999,243.834,0.7513,0.104,0.0528,0.0365,0.0157,8.2316,5.234,14.203,0.0119,0.26,0.0504,392.0,25.0,0.084,0.092,0.181,2.4,0.138,0.6332,0.0727,0.5321,0.4456,0.8126,0.557,0.056,8.67,21.08,30.923,0.479,24.87,7.01,37.093,63.812,0.0569,0.0595,0.0484,0.0636,0.072,0.0625,0.0931,0.0456,3.0002,0.0807,0.0027,90.5886,0.0305,770.5,0.0255,0.0251,0.0258,0.052199999999999996,82.3518,3.1379,0.0335,0.5303,0.0384,5.1375,30.2593,30.1899,24.1805,0.2272,1.6616,0.0367,1.7118,0.0787,0.0134,187.709,326.5725,755.2487,12.1209,0.0391,0.0446,0.0754,0.8085,0.0468,0.0381,0.2673,0.033,0.1135,4.6227,0.191,11.769,0.0183,2.9255,6.2797,9.629,0.1291,1.7854,1.4412,11.3529,23.42,0.0184,0.0266,0.0228,0.0291,0.0196,0.0293,0.0501,0.0243,0.9024,0.0252,0.0007,32.4791,0.0095,263.5025,0.0069,0.018000000000000002,29.1263,1.0273,0.0102,0.1717,0.0119,10.9722,1.4918,5.7018,3.3113,2.6055,2.381,13.6014,45.4979,7.1675,54.4003,3.51,1.2276,2.0742,3.6018,48.5095,1.6855,8.6375,4.8748,3.5914,3.6139,50.7692,85.2207,2.9915,0.7316,0.8254,0.8307,0.1527,4.3348,10.7111,5.3883,6.1474,6.3575,3.3111,23.7688,5.612,4.614,7.8526,185.6725,5.1735,20.4497,67.0068,0.0,394.0397,67.9306,336.8421,313.6763,510.8368,151.7471,40.5323,2.8398,3.3547,0.2761,5.1171,19.2803,0.0,63.3245,0.0,5.561,5.5677,11.1527,0.0759,5.3626,8.4861,1.6684,14.158,80.338,14.82,0.99,6.796,0.4619,61.5717,3.6236,1.2323,0.1031,0.0253,10.8294,4.99,0.2087,2.0646,0.0939,1.8815,24.2172,541.7199999999999,2.1059,15.390000000000002,0.6164999999999999,5.3345,0.18730000000000002,2.8874999999999993,28.50255,0.0107,2.1253,0.0091,0.0085,93.0476
-1.0,2994.56,2234.5222,1.7889,93.1967,1.5755,-0.0009,-0.0027,199.7065,6.2768,413.9843,0.9639,189.8732,12.5478,1.4271,-3253.0,1323.5,0.975,1.8765,5.0187,70.6444,2.4333,0.1852,85.8823,8.7851,63.8402,66.2593,86.585,77.05,3.029,356.4227,139.0045,738.2106,1.3448,141.54,636.9673,187.4468,4.582,4.847,2858.0,0.9263,7.0709,356.0809,10.1981,126.0755,10.0637,12.9291,18.8096,719.401,144.7473,626.9036,104.0255,0.0087,-0.0051,-0.0759,-0.0016,0.0178,-0.0218,-0.0043,6.5258,0.1343,0.986,1879.8357,0.1638,9069.8799,-0.065,0.0195,0.0891,-0.0741,0.4638,0.9475,723.3346,0.9901,58.7687,0.6051,0.975,6.2279,15.94,5.261,15.97,15.99,1.418,0.8522,3.278,-0.5677,0.6786,2.2773,1009.9188,84.0,91.1,95.6,58.3,529.7151,0.2777,0.181,0.0501,0.0469,0.0189,8.4838,4.047,14.783,0.0141,0.23,0.0738,400.0,125.0,0.108,0.065,0.071,2.1,0.154,0.3769,0.139,0.5707,0.3297,0.5904,0.505,0.1594,7.48,24.14,47.28,0.328,20.2,6.16,35.502,83.416,0.0678,0.0642,0.061,0.0874,0.1004,0.0258,0.1166,0.0594,3.5182,0.0335,0.0026,160.7589,0.034,1295.0,0.0217,0.02,0.0515,0.0159,152.3431,3.469,0.0228,0.4003,0.0341,2.2571,24.4949,29.5282,28.0002,0.084,2.5143,0.0559,1.2902,0.0716,0.0239,166.7503,300.3047,1393.3454,68.8016,0.0484,0.0288,0.0318,0.6948,0.0259,0.05,0.1563,0.0547,0.0488,5.4252,0.1427,11.3902,0.046,2.2036,6.3618,12.9576,0.12,1.6214,1.9681,10.4836,27.8724,0.0205,0.0276,0.0264,0.0411,0.0272,0.0133,0.0583,0.0327,1.1332,0.0104,0.0009,58.182,0.014,500.903,0.0133,0.0051,56.4081,0.9588,0.0077,0.1311,0.0117,12.7224,0.689,3.8189,3.0422,3.8158,2.6091,33.31,15.5262,11.4886,64.4753,3.5709,1.4645,1.833,5.1707,98.217,9.4447,11.0769,3.4639,1.4147,2.9726,32.8767,43.1914,3.3086,0.4389,1.5818,0.894,0.6795,5.356,9.3738,5.4154,11.85,5.2847,3.7898,25.2232,5.4685,3.2163,6.8689,200.7221,4.9349,13.5805,80.1881,777.0774,109.4629,115.0757,0.0,144.9438,534.8624,0.0,53.9116,3.0526,1.3767,0.265,8.5518,20.7347,0.0,34.709,0.0,11.113,1.6769,21.0612,0.25379999999999997,5.9027,6.4269,1.4958,5.5315,78.566,19.94,0.76,9.2343,0.3238,40.2635,4.8408,0.9673,0.5711,0.1258,54.3883,7.61,0.0439,2.8688,0.0173,2.8748,5.3216,534.34,2.044,9.17,0.2759,2.996,0.0746,1.7161,13.4998,0.0162,3.2066,0.0217,0.0282,130.1233
-1.0,2946.11,2167.2,1.4869,94.26,1.5602,-0.0006,-0.0044,195.6162,6.7015,407.2508,0.9822,184.9599,12.4996,1.3982,-2907.5,1231.75,0.9663,1.8875,5.1135,66.0444,2.9889,0.2086,85.8748,8.8132,63.6886,66.3674,86.52,77.26,2.244,359.6991,143.9018,742.8336,0.8202,129.8345,633.4355,127.4165,4.642,4.89,2843.0,0.9302,0.4545,359.4936,9.83,124.3564,7.7125,19.5455,26.6523,716.1814,143.4373,627.2873,54.2805,0.0165,0.0374,-0.0355,-0.0059,-0.0078,-0.056650000000000006,0.0407,7.4007,0.1343,0.9681,1845.6472,0.198,8873.9599,0.0247,-0.0037,0.0198,-0.0242,0.4598,0.9599,760.3131,0.9909,57.9811,0.5955,0.9671,6.3147,15.87,4.563,15.96,15.91,1.541,0.6567,2.89,0.0,0.7717,2.2965,1001.3796,200.0,92.5,109.4,68.1001,1015.8822,0.148,0.067,0.039,0.0464,0.01,11.4249,5.623,12.159,0.0048,0.28,0.0664,1799.0,294.0,0.131,0.086,0.18,3.4,0.219,0.6995,0.082,0.6884,0.4311,0.5868,0.451,0.0706,5.82,17.76,21.255,0.998,16.43,4.99,33.321,79.978,0.0826,0.0503,0.1036,0.058,0.0559,0.084,0.042,0.1178,3.2817,0.0335,0.0077,103.917,0.1036,804.0996,0.0119,0.0095,0.0184,0.0055,94.835,2.3482,0.0351,0.4457,0.039,3.6498,45.32809999999999,30.0009,38.1459,0.0598,4.1378,0.022,1.6439,0.0743,0.0259,836.4636,314.963,990.822,138.0709,0.0554,0.0379,0.081,1.0737,0.0331,0.0641,0.2539,0.0329,0.0356,5.5892,0.1356,8.8613,0.0217,1.6001,5.2758,5.4868,0.3489,1.3946,1.8705,9.1541,29.1047,0.0194,0.0231,0.0431,0.0286,0.0139,0.0474,0.0173,0.0617,1.0867,0.0104,0.0026,35.7429,0.0307,206.081,0.0052,0.0016,22.9879,0.7019,0.0109,0.1511,0.0119,12.0637,1.1609,9.053150000000002,3.1397,4.3902,3.1423,77.0342,9.9562,4.2942,83.9072,2.9856,0.4856,2.2401,4.7475,74.6002,23.8685,13.5576,4.5563,3.5201,5.148,33.4572,50.8258,4.667,0.8146,0.9302,1.0809,0.6795,4.8374,5.8443,4.0683,8.6063,4.4826,2.8038,16.6815,5.5763,10.1526,8.3309,213.0307,4.6526,47.129650000000005,147.3422,501.937,134.492,163.3803,949.4692,0.0,68.5714,289.2572,44.343,3.0526,1.3767,0.8005,5.6304,52.3084,0.0,90.8023,0.0,4.0028,0.577,12.4732,0.0686,4.0499,7.0587,1.6967,9.9207,77.68848979516405,17.251151646771692,1.2644115281212698,8.005149791816802,0.5359960399300527,62.81092011075082,4.2583956664965665,1.6046350094178403,0.6839,0.1946,46.6919,6.298050520831224,0.15941726382643248,2.4885067934061462,0.06488374584901202,2.40483496404138,20.952974563309,531.4073,2.0161,8.05,0.3213,2.8487,0.1038,1.5148,15.9361,0.0174,3.4921,0.0217,0.0282,130.1233
-1.0,2987.43,2124.8444,0.8465,100.7978,1.5274,0.0075,0.0044,200.9449,8.3687,418.5142,0.9813,191.042,12.5031,1.4157,-3967.75,1559.5,0.9857,1.8873,5.1383,68.7,2.3333,0.169,86.2857,8.5855,63.9733,66.0928,86.8774,78.33,2.809,350.39,129.7236,719.9956,1.4032,143.5582,623.6718,172.2198,4.539,4.729,2873.0,0.9313,2.2518,348.32,10.6128,111.9755,13.6936,17.7482,24.5136,695.482,149.6827,609.9782,87.811,0.0172,-0.0165,-0.0651,-0.0046,-0.0955,-0.0139,-0.0401,7.0619,0.1375,0.9906,1820.0463,0.1483,9118.49,0.0746,-0.0084,-0.0852,-0.132,0.4674,0.9413,784.3755,0.9905,58.2197,0.6045,0.9624,6.4102,15.84,4.809,15.9,15.9,1.163,0.7242,3.025,-0.1419,0.6764,2.3044,997.8064,129.0,210.6,173.5,57.4001,533.8361,0.12,0.23175000000000004,0.0736,0.0418,0.012,6.8144,5.411,13.158,0.0045,0.4,0.128,721.0,67.0,0.143,0.082,0.318,3.0,0.117,0.8273,0.1027,0.4794,0.3367,0.5985,0.301,0.1623,2.82,11.04,79.606,0.588,17.4,9.75,26.814,81.413,0.081,0.0515,0.0522,0.0456,0.0419,0.0641,0.0657,0.0788,3.6846,0.0283,0.0009,84.3625,0.0378,919.1992,0.0261,0.0274,0.0396,0.0204,97.2798,1.8041,0.0336,0.4634,0.0384,5.1375,31.1758,71.6235,58.9098,0.0368,2.5067,0.08085,1.5471,0.0969,0.0427,303.8853,345.5849,317.2364,30.6866,0.0584,0.0362,0.1394,1.0392,0.0129,0.0358,0.3069,0.0387,0.0927,5.9603,0.0779,5.9937,0.0466,0.9138,3.619,24.5707,0.1606,2.6715,3.6703,8.7849,28.8821,0.0239,0.0236,0.0231,0.023,0.0127,0.0302,0.0363,0.041,1.4245,0.0116,0.0002,26.3608,0.0104,287.6666,0.0106,0.0077,26.096,0.6252,0.0121,0.1505,0.0119,10.9722,1.4918,5.8964,7.0495,6.9173,2.7014,45.2295,14.1805,16.1177,64.6574,3.144,0.4541,3.1992,9.1222,17.4406,4.2962,14.5067,4.3449,6.1889,4.3668,30.0,25.4438,2.5162,0.9588,1.1967,0.7494,0.329,5.6508,15.5022,2.5615,11.5665,1.9644,1.7702,46.2235,5.7928,5.5405,17.537999999999997,127.0664,3.8555,29.7709,92.7139,470.7592,90.3113,70.0102,902.288,67.0853,471.8133,196.3455,52.1754,1.9643,1.1971,0.0887,4.6352,25.5128,0.0,57.7227,0.0,8.479,2.1628,12.4022,0.0823,3.0987,7.2298,1.6684,14.158,80.724,17.36,1.16,8.0653,0.4758,146.2962,4.3289,1.437,0.9511,0.1946,76.4208,8.27,0.1603,3.107,0.0741,3.2728,21.0554,533.0809,2.0118,7.84,0.258,2.5328,0.0847,1.4707,12.8264,0.0161,3.2298,0.0222,0.0182,81.9472
-1.0,3100.96,2167.2,1.4869,94.26,1.5288,-0.0144,-0.0046,194.7008,6.927,407.7636,0.9821,184.1422,12.5031,1.4258,-4328.5,1486.75,0.9783,1.905,5.2142,65.6444,2.9111,0.2024,88.2693,9.97415,65.0056,66.94045000000003,87.0024,77.9,3.552,349.9964,128.6709,717.1955,0.9387,140.3882,619.0555,126.055,4.554,4.763,2871.0,0.9308,0.9991,348.3145,10.6923,109.67,11.4805,19.0009,24.1484,693.0472,150.9955,608.98,74.9351,-0.0375,-0.0088,-0.06,-0.021,-0.1076,-0.032,-0.0069,7.342,0.131,0.9876,1920.6247,0.1866,8702.61,-0.075,-0.0409,0.0812,0.0035,0.4492,0.9743,748.2392,0.991,57.1635,0.6031,0.9624,6.4567,15.87,4.563,15.96,15.91,1.541,0.6567,2.89,0.0,0.7717,2.2965,1001.3796,159.0,194.9,143.2,68.1001,1015.8822,0.148,0.0822,0.0339,0.0468,0.0083,7.2092,4.779,14.618,0.0039,0.4,0.031,422.0,195.0,0.118,0.079,0.175,3.0,0.152,0.792,0.2011,0.4391,0.16,0.7855,0.243,0.0681,4.64,12.73,20.583,0.755,11.11,14.11,28.136,94.52,0.0682,0.041,0.0383,0.0326,0.16685000000000003,0.0953,0.0808,0.0379,4.2938,0.047,0.0037,128.8506,0.0263,1414.5996,0.0163,0.0211,0.1087,0.009,146.9712,1.9836,0.0135,0.5751,0.039,3.6498,37.8656,61.7315,51.8341,0.0598,4.1378,0.0292,1.8225,0.0969,0.0109,205.9361,206.7146,1028.8769,90.142,0.0486,0.0349,0.0742,0.8719,0.0283,0.0453,0.3219,0.0816,0.1215,5.5943,0.0813,5.5307,0.0206,1.6266,4.403,6.5227,0.2098,3.7857,4.409,8.8408,24.3217,0.022,0.0201,0.0176,0.0136,0.0485,0.0504,0.0438,0.0164,1.5372,0.0138,0.001,46.4247,0.0097,387.841,0.02801905827358544,0.0028,40.4706,0.5628,0.0043,0.191,0.0119,12.0637,1.1609,6.917,6.2852,5.6205,3.1423,77.0342,9.9562,5.3766,68.9909,3.5849,0.4001,3.1992,2.1763,56.1857,13.1159,12.0624,4.147,3.3562,4.5701,24.0458,36.0593,3.2305,0.7681,0.8684,0.5866,0.1641,5.0486,14.37,2.3168,7.2513,3.3051,2.0564,16.3286,5.9469,7.0612,17.537999999999997,96.7728,4.0598,30.1589,126.1358,182.0183,117.3944,54.356,0.0,88.5276,252.5,545.3237,58.4826,1.4499,1.9282,0.3762,6.7088,14.1116,0.0,55.5053,654.5455,24.1978,0.9191,19.6423,0.0938,3.47,8.9077,1.6967,9.9207,77.66497556901102,16.960849454231788,1.2680688813428862,7.643473305390578,0.5296781702804672,68.12079303393622,4.229039153260843,1.5839593822062672,0.2003,0.0413,20.7785,6.342516570035047,0.11801842015245109,2.5947710676050377,0.046917404481939845,2.4146874912780234,20.562152779504377,533.4936,1.9555,8.2,0.229,2.8334,0.0824,1.537,11.7118,0.0103,2.0782,0.0222,0.0182,81.9472
-1.0,3047.28,2235.0556,1.6347,109.9856,1.4619,0.0189,-0.006,197.1621,2.2935,445.34084999999993,0.979,187.2146,12.5451,1.3933,-3974.0,-312.5,1.268,2.019,7.3115,69.0667,2.8667,0.2298,86.0936,8.5891,64.1358,66.0981,86.7366,78.4,2.915,353.7609,136.2255,733.9389,1.3894,144.1891,634.1755,215.8735,4.591,4.848,2859.0,0.9257,2.3691,356.9127,10.1725,118.5945,10.9515,17.6309,25.1846,708.7543,149.3536,624.8609,53.4357,-0.0048,-0.0213,-0.0379,0.0376,-0.0896,-0.025,0.0229,7.7446,0.1275,0.9761,1821.8166,0.166,8744.62,0.0386,-0.0046,-0.0748,0.014,0.4643,0.9483,758.4047,0.9905,59.455,0.6034,0.9722,6.2474,15.84,4.809,15.9,15.9,1.163,0.7242,3.025,-0.1419,0.6764,2.3044,997.8064,101.0,237.2,181.0,52.7002,340.736,0.0928,0.0935,0.0566,0.0462,0.0118,5.3719,6.778,26.932000000000002,0.006,0.27,0.0114,1019.0,1756.0,0.126,0.11,0.148,1.0,0.656,0.969,0.0613,0.6485,0.4581,0.6511,0.466,0.0826,4.69,24.93,28.546,0.831,20.42,6.91,38.832,44.645,0.0996,0.05,0.0366,0.0525,0.1085,0.0598,0.0806,0.1108,4.9161,0.0527,0.013699999999999999,149.0726,0.0399,942.6006,0.0107,0.0152,0.0277,0.018,96.824,2.3912,0.0368,0.4592,0.0384,5.1375,27.5865,74.9305,61.2652,0.0315,1.8399,0.0322,1.9652,0.0798,0.0038,446.2678,154.759,1278.5393,780.2925,0.058,0.052,0.0632,0.3202,0.0743,0.225,0.3537,0.0228,0.0785,5.1818,0.1206,11.4562,0.0262,1.482,7.7236,7.8666,0.2746,1.86,1.8972,11.5711,16.2555,0.0248,0.0246,0.0153,0.0272,0.0272,0.0278,0.0437,0.0584,1.8058,0.0145,0.0046,48.6361,0.014,336.8288,0.0073,0.005,34.4315,0.817,0.0153,0.1525,0.0119,10.9722,1.4918,4.4389,7.784,8.2797,2.3579,26.1569,5.6797,6.3957,164.29784999999998,6.508749999999999,0.6155,2.1522,0.8204,71.0116,561.92,9.9369,5.4482,2.0242,1.4479,45.3488,123.5977,18.9243,1.1255,0.7133,1.0111,0.1645,4.5002,10.3065,5.2458,5.9484,3.2527,3.9311,13.2235,6.0634,8.1691,10.7846,186.4584,5.4789,28.9412,83.549,0.0,88.7705,138.6139,288.1806,66.7411,322.7227,483.3152,63.4781,1.9604,2.1759,1.3944999999999999,8.1826,24.0356,0.0,44.7427,0.0,5.9618,1.8993,12.7668,0.0869,4.0219,7.3508,1.6684,14.158,73.022,16.13,1.44,7.906,0.5283,48.461,3.97,1.972,0.1927,0.0369,15.2895,5.56,0.2455,2.3325,0.1037,2.1779,28.6267,534.6555,2.0338,6.93,0.399,2.2109,0.1056,1.2962,19.6191,0.0131,2.6229,0.0222,0.0182,81.9472
-1.0,3076.81,2208.2334,1.098,110.19,1.4357,0.0089,0.0052,199.7795,9.5309,412.8315,0.9715,189.4522,12.5031,1.3936,-6286.75,1542.0,0.9815,1.8963,5.1583,69.6111,2.3778,0.1511,84.0746,9.3335,64.3729,66.5362,86.8786,66.55,3.142,356.06,137.0591,734.2707,1.3907,140.8191,633.9382,198.8364,4.587,4.831,2856.0,0.927,3.43,353.5827,10.3811,120.4891,12.7509,16.57,24.1049,710.1658,147.1155,621.1873,118.7831,-0.0118,-0.0104,-0.0599,-0.0004,-0.0814,-0.0331,-0.0108,6.5108,0.1397,0.9806,1784.4188,0.1917,9319.68,0.0695,-0.0567,-0.0552,-0.1042,0.4596,0.9604,765.0814,0.9911,58.37,0.5975,0.9647,6.4081,15.95,4.361,16.04,15.99,1.314,0.6629,2.968,-0.6623,0.7101,2.2689,1010.787,101.0,281.2,219.8,62.7,610.354,0.1262,0.136,0.0799,0.0497,0.0116,7.8595,8.036,5.33,0.0086,0.4,0.0323,237.0,70.0,0.125,0.082,0.146,2.5,0.322,0.6425,0.1151,0.6534,0.4311,0.8073,0.744,0.1416,11.15,17.64,28.724,0.318,28.23,4.6,38.963,70.572,0.0752,0.10470000000000002,0.034,0.0312,0.07,0.1043,0.0958,0.06,4.2382,0.1074,0.0126,117.9119,0.0429,830.2002,0.0151,0.0144,0.0202,0.0081,90.6967,1.715,0.0184,0.5659,0.0305,4.3424,27.5865,96.7096,84.5465,0.0405,2.3057,0.0456,2.0576,0.0969,0.0122,107.6394,219.7309,5135.8678,35.6183,0.0519,0.0343,0.0653,0.9185,0.0221,0.0997,0.2516,0.0408,0.133,5.0292,0.1781,11.1274,0.0484,3.2176,5.3205,9.8325,0.1001,1.2731,1.1912,11.8084,22.1106,0.0181,0.0455,0.0148,0.0132,0.0213,0.0439,0.0508,0.0258,1.659,0.0311,0.0038,36.3402,0.0116,213.1124,0.0066,0.0029,24.5656,0.493,0.0059,0.1834,0.0102,10.7455,1.4988,4.4389,9.1393,10.1818,2.8394,40.2339,11.4929,9.4725,84.3151,1.2911,0.8839,3.1992,2.3171,171.5036,4.5396,12.7356,4.3243,2.8304,3.5914,21.028,48.9706,6.8717,0.7642,1.2332,1.015,0.2593,4.3925,9.2807,5.069,10.1785,7.918,2.7826,14.446,5.9487,3.0633,10.3578,221.3959,5.4865,10.0758,59.4125,634.934,356.369,52.1086,0.0,128.054,289.426,558.1395,65.095,2.506,4.5618,1.2862,6.6079,22.3577,811.2676,48.9241,550.8197,4.3915,0.8486,11.8545,0.0508,2.9382,8.8315,1.3443,9.8127,75.59617386932388,17.495950358533474,1.2146089437401444,7.858707788503039,0.4948202062485312,64.49505230930504,4.316952956493683,1.5986644156539473,0.2197,0.0392,23.0054,8.25,0.2698,3.3504,0.1041,3.2559,31.1737,533.2291,2.2587,8.28,0.2158,2.8321,0.0724,1.5528,9.5549,0.0152,3.0319,0.0465,0.0299,64.2405
-1.0,2951.62,2253.5111,0.966,109.7611,1.5527,0.0119,-0.0082,199.7862,11.6535,413.2373,0.9737,189.2818,12.4673,1.3879,-4134.3333,1526.5,0.9712,1.8872,5.067,68.1111,2.0889,0.1519,83.6359,9.7836,64.1163,66.5667,87.2,66.12,3.242,355.2927,133.8773,730.6197,1.4053,143.9318,633.1018,205.5932,4.587,4.831,2856.0,0.927,2.3755,352.99,10.4832,116.2527,14.7873,17.6245,24.9602,705.6595,149.0718,618.3145,62.8368,0.0005,-0.0403,-0.0626,0.0478,-0.1074,-0.0206,-0.0317,6.7352,0.1332,0.971,1817.0486,0.148,8542.16,-0.0849,-0.0046,0.0212,-0.0842,0.4575,0.9451,738.7298,0.9908,59.7608,0.6001,0.9642,6.4305,15.84,4.809,15.9,15.9,1.163,0.7242,3.025,-0.1419,0.6764,2.3044,997.8064,96.0,121.4,105.9,70.4001,403.536,0.1905,0.1256,0.0507,0.0491,0.0193,7.5131,7.602,7.274,0.0099,0.21,0.1258,469.0,183.0,0.077,0.095,0.159,2.3,0.089,0.5844,0.0617,0.5844,0.3105,0.7618,0.315,0.1806,5.75,20.11,41.49,0.304,23.55,3.75,29.924,63.553,0.1249,0.0485,0.081,0.035,0.0922,0.0535,0.1179,0.0678,5.4294,0.0319,0.0083,130.873,0.0222,1355.0005,0.0257,0.0237,0.0225,0.0191,117.1096,1.9568,0.0431,0.5977,0.0384,5.1375,26.5667,37.1245,34.1837,0.0522,2.0978,0.0445,2.5525,0.0498,0.045799999999999993,203.0016,273.4683,905.3079,79.0886,0.0321,0.0393,0.0705,0.7474,0.018,0.0313,0.2303,0.0313,0.1059,5.0931,0.0919,10.1967,0.0499,1.6638,6.312,12.4891,0.0816,1.1525,1.3399,9.9026,24.6877,0.0318,0.0201,0.0346,0.0157,0.0281,0.0226,0.0608,0.0319,1.9041,0.0121,0.0028,45.4733,0.0068,501.0217,0.0055,0.0064,47.6582,0.6586,0.0147,0.2014,0.0119,10.9722,1.4918,4.2153,4.113,4.2159,3.124,28.8754,19.7192,8.0891,65.2334,1.7602,1.0139,1.6844,9.0633,39.1115,11.9882,7.9279,5.0338,3.138,3.3768,52.6596,38.8442,1.9115,0.6987,0.6306,0.9115,0.1628,4.3936,8.1194,4.4254,12.8511,3.9949,3.1764,20.1806,5.9487,2.8999,9.7202,159.2588,4.2406,27.5679,101.1397,0.0,82.343,55.8659,192.761,49.8022,573.0255,213.8801,80.6126,2.1014,1.3389,0.858,7.2025,14.9844,525.9362,28.5472,0.0,4.913,2.0186,15.8528,0.1111,3.2743,9.295,1.6684,14.158,72.9,12.71,0.12,6.2595,0.052,36.7217,3.1473,0.1646,0.4397,0.0728,44.8745,6.358265511997646,0.1506404442148804,2.603189668040768,0.062217179375795295,2.429956354133848,21.17190771498565,531.9209,2.2497,7.99,0.2536,2.9131,0.08,1.5021,11.2721,0.0105,2.1266,-0.0012,0.0252,0.0
-1.0,2930.42,2235.0556,1.6347,109.9856,1.4588,-0.0143,0.0017,198.3353,10.4761,420.1418,0.9802,188.2143,12.5031,1.4147,-2732.5,-1411.5,1.2933,1.9968,7.332,68.6,2.3333,0.1899,85.3154,8.5135,64.1605,66.2242,86.6662,78.79,3.194,354.2445,140.1591,738.5474,1.3753,141.9682,636.3718,201.7307,4.587,4.831,2856.0,0.927,1.1682,353.4,10.3411,121.3273,14.4718,18.8318,26.8972,711.6502,147.1727,621.9,93.5076,-0.0019,0.0,-0.0553,0.0282,-0.1204,-0.0268,-0.0195,7.29,0.1298,0.9905,1824.9624,0.2081,8956.1699,0.0986,0.0716,-0.0492,-0.0951,0.4602,0.9435,781.077,0.9912,57.3112,0.6037,0.9769,6.3281,15.84,4.809,15.9,15.9,1.163,0.7242,3.025,-0.1419,0.6764,2.3044,997.8064,200.0,44.7,67.8,52.7002,340.736,0.0928,0.0617,0.0391,0.0479,0.0087,7.7434,10.912,5.461,0.0053,0.4,0.0707,1161.0,3828.0,0.15,0.112,0.124,3.2,0.496,0.8867,0.0417,0.4481,0.3555,0.6013,0.492,0.1789,8.16,21.34,52.832,0.267,26.14,6.13,36.596,71.249,0.0769,0.0387,0.0415,0.0408,0.0958,0.0714,0.0971,0.0595,3.1861,0.0771,0.0006,78.7338,0.1051,500.3994,0.014,0.0252,0.0162,0.0286,47.4918,3.9506,0.0283,0.4996,0.0384,5.1375,45.32809999999999,18.2008,21.904,0.0315,1.8399,0.0233,3.2658,0.0969,0.0273,520.3943,237.0724,1135.4161,1679.9543,0.0696,0.058,0.0589,1.0062,0.0528,0.1726,0.3188,0.0162,0.0781,5.443,0.1377,11.4262,0.0522,2.7227,6.6935,15.3685,0.0762,1.6024,2.8629,11.6924,26.5998,0.0234,0.0181,0.0194,0.0174,0.0262,0.0397,0.0494,0.0283,1.1246,0.0251,0.0002,25.072,0.0333,184.5364,0.0049,0.0101,16.9905,1.2234,0.0097,0.1639,0.0119,10.9722,1.4918,9.053150000000002,1.5254,2.7064,2.3579,26.1569,5.6797,4.2296,104.161,1.2998,0.5412,3.1992,4.9953,92.7356,271.2009,11.5987,5.6091,1.6912,4.6647,90.0,75.8338,14.5001,1.0393,0.4896,0.6984,0.1132,5.0389,9.6533,5.1586,13.0091,5.7478,3.3534,26.1894,5.9487,2.5819,9.5527,180.6271,5.1424,20.6914,76.1959,0.0,111.6078,73.7127,339.7916,59.3146,361.6387,305.5199,43.7043,1.3095,3.2425,0.062,4.3143,50.4994,0.0,56.5998,519.4805,3.5104,3.0339,6.0803,0.0918,6.8932,7.8944,1.6684,14.158,73.42,12.8,1.3,5.8523,0.4781,97.2304,3.1621,1.7706,0.3804,0.0692,39.043,6.410424435247543,0.14336632938028057,2.604643686601772,0.05997252323340049,2.4527900648354306,21.395778866473186,537.41,2.1437,5.17,0.1427,1.7648,0.053,0.962,6.6571,0.0111,2.2296,-0.0012,0.0252,0.0
-1.0,2997.28,2141.0667,0.9698,98.3344,1.5973,-0.049600000000000005,-0.0284,197.6416,9.3115,412.9151,0.9744,188.1427,12.5455,1.384,-2914.0,1381.25,0.9863,1.8988,5.204,68.1778,2.5889,0.1619,84.2212,9.2047,64.0841,66.4854,87.0488,65.01,3.459,360.3582,143.1564,747.4086,0.9078,134.8382,638.3527,120.503,4.643,4.857,2852.0,0.9236,0.1691,359.4836,10.2771,123.3255,11.6717,19.8309,24.6599,722.7487,145.0809,627.89,53.7075,-0.0303,-0.0038,-0.1014,0.0035,-0.1024,-0.0107,-0.0348,8.1997,0.1292,0.9808,1772.7789,0.1529,8637.8101,0.0153,-0.0167,-0.0215,0.0328,0.4594,0.9731,719.8728,0.9913,57.7984,0.6001,0.9674,6.3491,15.91,4.392,15.94,15.89,1.239,0.6586,2.91,-0.5204,0.7586,2.2967,1003.0211,96.0,73.2,83.3,61.3999,322.771,0.0854,0.0637,0.11930000000000002,0.10045,0.0147,10.9103,4.472,9.429,0.0098,0.19,0.0404,356.0,250.0,0.09,0.074,0.13,3.2,0.171,0.6024,0.1348,0.7844,0.4061,0.8855,0.448,0.1081,7.48,22.84,31.687,0.453,29.8,6.34,30.688,116.531,0.088,0.074,0.0369,0.0747,0.0794,0.1474,0.0796,0.0477,4.0848,0.0584,0.013699999999999999,134.4961,0.0434,1222.6001,0.0224,0.0246,0.0192,0.0124,106.0247,1.785,0.039,0.415,0.0334,4.0302,27.85,24.9491,27.0277,0.0278,2.0315,0.0235,1.4958,0.0483,0.0156,164.3979,241.3994,2532.069,107.1988,0.0426,0.0323,0.0589,0.8913,0.0186,0.053,0.2567,0.0537,0.0857,5.1317,0.132,11.4766,0.0343,1.9217,6.9399,9.9679,0.1403,1.9749,2.4148,9.8956,35.4071,0.0282,0.0348,0.0163,0.0327,0.0222,0.0757,0.0406,0.0261,1.3369,0.0211,0.0046,43.9416,0.0134,335.5979,0.0054,0.0045,30.9519,0.5347,0.0131,0.1401,0.012,13.4011,1.3131,4.2467,2.4422,3.5327,2.8677,26.1032,8.8091,3.988,48.0269,2.2835,1.0019,1.5145,2.919,191.9698,18.0995,9.1255,3.8973,2.4981,4.6936,38.6266,37.0625,3.6647,0.7153,1.4641,1.224,0.1932,4.0043,9.7306,5.1348,11.9095,5.5474,3.578,26.2956,5.6016,4.4079,6.1707,255.3186,4.246,33.8367,172.49815,290.7289,74.1483,73.6323,0.0,143.9102,742.1911,136.9706,49.816,1.2384,2.5291,1.3944999999999999,7.5867,28.3756,953.0266,42.7141,0.0,4.187,1.2727,14.7283,0.0888,3.0884,6.5367,1.4539,10.3597,79.4441882666807,16.800238246786943,1.2682459340607415,8.040084932631622,0.5534621212549664,67.10107904606457,4.1774709895086675,1.611025654616454,0.1245,0.0277,13.0712,6.424076533680187,0.14592645169883464,2.5602167370967726,0.06005128440015636,2.466339407640014,20.37495231213851,530.8673,2.3145,9.85,0.4535,3.4587,0.1169,1.8554,19.5919,0.0086,1.7297,-0.0012,0.0252,0.0
-1.0,3025.1,2235.0556,1.6347,109.9856,1.5525,-0.0078,-0.0005,198.4894,11.6119,415.9781,0.9788,188.3537,12.5059,1.4162,-6375.125,-3293.25,1.293,2.015,7.3477,69.2111,2.3111,0.1942,85.5528,8.9546,64.1864,66.2016,86.9821,78.38,1.831,354.8327,138.1955,735.7722,1.4036,142.8809,635.9091,186.2993,4.587,4.831,2856.0,0.927,2.6491,353.92,10.312,120.8445,13.57,17.3509,25.1013,710.6709,147.5745,622.3391,108.6802,-0.0199,0.0193,-0.0592,0.027,-0.1118,-0.0162,-0.0249,6.278,0.1267,0.9878,1796.8323,0.1549,9454.83,0.0385,0.0493,-0.1245,-0.0762,0.4697,0.94,803.8346,0.9908,58.1353,0.5865,0.9764,6.3417,15.87,4.563,15.96,15.91,1.541,0.6567,2.89,0.0,0.7717,2.2965,1001.3796,116.0,113.9,105.9,52.7002,340.736,0.0928,0.0653,0.0439,0.0395,0.01,7.5167,11.099,8.921,0.006,0.31,0.0245,574.0,10009.0,0.147,0.074,0.117,3.2,0.356,0.76,0.0593,0.6347,0.4036,0.6944,0.805,0.1781,9.5,20.42,55.443,0.9,19.92,5.18,40.332,89.198,0.0769,0.0334,0.0837,0.019,0.0742,0.0883,0.05,0.0356,4.1035,0.0334,0.0019,94.3829,0.0313,1958.9004,0.0194,0.0228,0.0468,0.0273,182.7313,1.8307,0.053,0.5921,0.039,3.6498,29.5719,33.4869,33.937,0.0315,1.8399,0.0213,3.807,0.0877,0.0077,250.5319,298.9006,5823.189049999999,4675.243,0.0657,0.0302,0.0519,0.9918,0.0362,0.1302,0.3021,0.0227,0.1049,4.8905,0.2205,11.1455,0.0472,2.514,6.3433,18.6183,0.2419,1.6186,3.1052,12.2256,25.6653,0.0228,0.0151,0.0349,0.0092,0.0259,0.0468,0.0224,0.0164,1.362,0.0127,0.0005,32.0976,0.0088,733.2918,0.0126,0.0089,63.6851,0.6683,0.0162,0.1894,0.0119,12.0637,1.1609,5.3162,3.7652,4.2785,2.3579,26.1569,5.6797,4.206,95.5829,2.1446,0.6081,2.4788,1.7314,170.555,303.9247,11.3689,3.6725,1.5923,4.6235,73.5577,52.5172,10.5603,0.8883,0.6623,0.9888,0.1188,4.9178,9.6385,5.1057,12.6914,6.6489,3.2112,29.7602,5.9487,8.7277,10.9066,146.7942,5.6752,20.3606,82.0738,386.5536,105.1969,32.081,275.197,78.9627,309.119,142.8285,65.3625,1.8158,1.397,0.1906,5.2527,20.2259,0.0,37.3576,664.1509,9.9614,2.9082,22.7325,0.0889,3.1491,9.336,1.6967,9.9207,76.26269660441963,16.635798527325488,1.1935792391986269,7.427134940063424,0.5075136187012863,60.807439167692515,4.135332292678221,1.5520480830069232,0.2197,0.0392,23.0054,6.4396829074644915,0.12782624939586326,2.65210721121593,0.05817261482324447,2.4449688068898006,20.442859145739497,535.8409,2.2266,6.37,0.2423,2.0838,0.0736,1.1888,10.8826,0.0159,3.1927,-0.0012,0.0252,0.0
-1.0,2992.15,2162.8445,0.8286,100.3633,1.4509,0.0028,-0.0059,200.187,7.7716,425.5928,0.9807,190.0599,12.4849,1.4094,-3292.25,-316.0,1.273,1.9798,7.3343,68.5889,2.4111,0.2156,85.7419,8.5788,64.1013,66.2428,86.6582,78.0,3.483,355.0682,136.6964,734.9422,1.3452,142.2082,633.9727,185.1224,4.584,4.829,2858.0,0.9265,3.1382,353.9855,10.3609,119.8345,13.4267,16.8618,24.5541,710.3881,148.0836,621.9036,87.0393,-0.012,0.0209,-0.0767,-0.0068,-0.1069,-0.0181,-0.015,7.4462,0.1332,0.9878,1832.138,0.1872,8626.21,0.0775,-0.0102,0.0157,0.0073,0.4602,0.9381,738.2743,0.9907,58.0778,0.602,0.9678,6.3704,15.91,4.392,15.94,15.89,1.239,0.6586,2.91,-0.5204,0.7586,2.2967,1003.0211,84.0,82.4,78.5,58.8999,334.1429,0.0502,0.0939,0.0522,0.0376,0.0124,8.7923,4.218,10.08,0.0058,0.3,0.0374,328.0,1111.0,0.136,0.088,0.175,2.7,0.407,0.833,0.0953,0.4863,0.2635,0.7203,0.479,0.1635,5.19,23.15,37.524,0.463,18.97,4.27,30.804,122.019,0.077,0.0561,0.0672,0.0314,0.06,0.0564,0.0505,0.1046,3.5957,0.0759,0.0023,117.928,0.0217,1366.1997,0.0225,0.0141,0.0148,0.0438,141.5192,1.9069,0.0538,0.399,0.0334,4.0302,23.2572,28.7106,27.2949,0.0186,2.1735,0.0415,1.321,0.0849,0.0122,152.0537,562.8794,418.4952,514.8819,0.0704,0.0445,0.072,0.8253,0.0496,0.1503,0.351,0.0352,0.0918,4.1069,0.1341,10.267,0.0442,1.7425,6.708,10.4229,0.1279,1.3313,1.4217,10.4141,40.4714,0.0256,0.0253,0.0299,0.0147,0.0182,0.029,0.0247,0.0475,1.1561,0.0229,0.0007,44.3071,0.0064,504.8244,0.0049,0.0136,51.6485,0.676,0.0192,0.133,0.012,13.4011,1.3131,3.6945,2.7539,3.0929,2.7233,25.462,6.0568,6.4717,54.2743,2.3685,0.5896,2.4029,2.6528,28.2482,351.5823,10.6834,4.445,2.3861,3.9365,66.3594,78.866,12.18,0.9715,1.1104,0.7586,0.1508,4.2189,8.5445,4.4957,12.1539,3.6496,3.6516,20.2698,9.842500000000001,4.4687,9.2628,141.2854,4.3362,24.0095,140.1884,639.6677,143.662,40.9121,877.5137,52.7843,278.6207,699.6656,48.2892,1.3518,3.1678,0.2375,6.4366,11.6009,0.0,37.8022,0.0,3.2071,4.6697,19.1689,0.0763,3.2834,6.2637,1.4539,10.3597,73.764,15.44,0.95,7.4832,0.3457,46.1535,3.7893,1.2879,0.082,0.0215,8.5751,3.8,0.1593,1.7435,0.0602,1.5131,20.3322,535.0791,2.1879,8.15,0.3154,2.8597,0.0937,1.5231,14.4164,0.0115,2.2979,-0.0012,0.0252,0.0
-1.0,3055.87,2235.0556,1.6347,109.9856,1.481,0.0191,-0.0029,196.7289,11.1189,417.5475,0.9787,186.8182,12.5031,1.4218,-2297.25,306.75,1.2635,2.014,7.2885,68.2778,2.6222,0.2201,85.3154,8.5135,64.1605,66.2242,86.6662,78.79,3.194,350.5736,130.3718,721.8424,1.467,144.1064,625.0518,213.0674,4.539,4.729,2873.0,0.9313,4.4364,350.5273,10.457,114.8082,9.8018,15.5636,21.5368,700.3056,151.1327,616.4682,60.0684,-0.0098,0.0359,-0.0648,-0.0057,-0.0973,-0.0269,-0.0295,7.9311,0.1388,0.984,1757.5821,0.1605,8159.48,0.0971,0.0335,-0.013,0.0964,0.4596,0.9378,700.279,0.9909,59.3288,0.5956,0.9655,6.391,15.95,4.361,16.04,15.99,1.314,0.6629,2.968,-0.6623,0.7101,2.2689,1010.787,136.0,184.8,127.1,52.7002,340.736,0.0928,0.1057,0.0493,0.0534,0.0105,6.6424,5.268,9.431,0.0053,0.4,0.0713,610.0,1138.0,0.118,0.139,0.305,1.2,0.513,0.8867,0.0417,0.4481,0.3555,0.6013,0.233,0.1105,6.49,12.97,52.368,0.737,9.39,11.14,24.918,99.237,0.0603,0.0522,0.0924,0.0229,0.0489,0.0541,0.0464,0.0558,3.4728,0.0933,0.0008,97.2151,0.0324,652.1997,0.0167,0.0078,0.0138,0.0156,74.1287,2.5585,0.0186,0.4652,0.0305,4.3424,35.619,64.9312,48.7697,0.0315,1.8399,0.0426,1.6586,0.0969,0.0306,284.0849,134.9083,3820.5036,489.2725,0.0505,0.0623,0.1343,0.4438,0.0747,0.1583,0.3188,0.0162,0.0781,6.2098,0.0803,5.5879,0.0401,1.7251,3.7552,17.7349,0.1998,2.7646,3.4399,8.0749,34.2503,0.0168,0.0217,0.0409,0.0098,0.0124,0.025,0.0237,0.0269,1.1538,0.0292,0.0003,34.5992,0.0089,265.3492,0.0045,0.0044,29.6983,0.7476,0.0073,0.1557,0.0102,10.7455,1.4988,5.7517,6.0474,4.9462,2.3579,26.1569,5.6797,7.1373,47.3788,2.2587,0.5423,3.1992,5.0149,298.58439999999996,370.9861,9.3391,6.9017,4.1847,1.7575,64.8305,97.6779,15.524,1.0393,0.4896,0.6984,0.1132,5.9303,14.2899,2.3865,7.5308,4.5036,2.075,24.5781,5.7928,7.0479,17.537999999999997,95.7985,3.5582,47.129650000000005,165.2068,616.092,116.3231,35.3123,859.7802,55.6155,172.6512,189.1525,43.787,1.9452,3.8882,0.0849,5.5312,20.1903,323.3161,69.3587,911.1111,2.9921,1.6632,10.5856,0.0653,4.3123,7.2791,1.3443,9.8127,71.316,18.47,1.47,7.6336,0.5256,114.341,4.5281,2.0613,0.7272,0.143,71.0573,6.28,0.1658,2.5136,0.0766,2.499,20.9253,535.1218,1.9541,7.24,0.2395,2.4668,0.0753,1.353,12.2576,0.011,2.2162,-0.0012,0.0252,0.0
-1.0,2971.23,2183.3444,1.5548,97.5311,1.3906,0.0047,-0.0069,195.4009,6.2743,404.5037,0.9758,184.84,12.4998,1.4207,-3579.75,1526.75,0.975,1.8878,5.0948,69.1667,2.2444,0.1646,85.0066,9.6938,64.2263,66.5811,87.0735,65.74,3.08,360.7727,139.0545,741.8922,0.9293,139.2782,639.1055,127.6423,4.659,4.911,2848.0,0.928,2.1045,362.4809,10.223,121.1591,12.1355,17.8955,22.9633,718.9289,146.6364,630.2764,58.9567,-0.0111,-0.0164,-0.0954,0.0171,-0.0986,-0.0285,-0.0266,7.194,0.1307,0.9895,1832.3214,0.1844,8499.47,0.0375,0.0642,0.0134,0.0578,0.4631,0.9471,759.8921,0.9909,57.5382,0.592,0.9648,6.4079,15.91,4.392,15.94,15.89,1.239,0.6586,2.91,-0.5204,0.7586,2.2967,1003.0211,124.0,97.5,58.9,60.8999,261.921,0.1386,0.0924,0.0732,0.0349,0.019,11.1909,3.388,16.761,0.0089,0.17,0.0649,518.0,22.0,0.131,0.083,0.289,2.9,0.07,0.827,0.0479,0.5923,0.3178,0.8225,0.793,0.1162,9.93,23.3,29.106,1.157,11.39,4.14,37.077,71.202,0.1025,0.0646,0.0668,0.0286,0.0943,0.1032,0.0926,0.0298,2.676,0.093,0.0031,126.7039,0.0198,1272.0,0.0183,0.0157,0.0533,0.0198,139.9864,2.354,0.0194,0.624,0.0334,4.0302,30.9143,28.6663,18.1278,0.0461,1.4279,0.0319,1.0564,0.0473,0.0253,216.3306,270.9691,572.4517,9.1059,0.0539,0.0366,0.1381,1.0524,0.0267,0.0245,0.3004,0.019,0.0812,7.4426,0.2793,11.0923,0.0317,3.1016,7.2946,7.8292,0.3698,1.2451,1.7332,11.0029,25.9016,0.0308,0.0292,0.0274,0.0133,0.0303,0.0523,0.0483,0.0137,0.9893,0.0281,0.0008,52.7198,0.0062,434.293,0.015,0.0073,48.858,0.7168,0.0065,0.2102,0.012,13.4011,1.3131,5.6618,3.2815,2.2428,2.7893,23.5657,8.9121,6.6445,53.9983,4.1436,0.9146,1.36,4.5675,37.6842,1.441,13.4359,4.3968,5.6725,4.1928,26.7327,41.3234,1.5084,0.9729,0.4941,0.9222,0.2626,6.8908,8.867,4.9451,12.5085,7.1296,3.6457,22.8028,4.9408,11.3176,9.9456,93.8569,5.1573,47.129650000000005,120.7699,924.9859,270.8595,29.9869,550.456,104.6919,325.1975,112.1355,37.1976,2.1423,3.8214,0.3164,6.9149,10.7611,319.1868,44.6247,347.8261,11.5032,2.0934,18.4219,0.0806,4.0911,9.7382,1.4539,10.3597,81.28,18.26,2.04,8.576,0.88615,113.7882,4.48,2.5098,0.1092,0.0248,11.7421,6.323500379889022,0.17485505086552786,2.5180203746945296,0.07333340757488503,2.428063994616028,20.680290678592144,541.7199999999999,2.1612,15.390000000000002,0.6164999999999999,5.3345,0.18730000000000002,2.8874999999999993,28.50255,0.0154,3.0695,-0.0012,0.0252,0.0
-1.0,3024.1516107595585,2180.7,1.0177,98.9367,1.5301,-0.0063,0.0039,198.8132,9.0689,407.2648,0.9618,188.68,12.4896,1.3958,-6060.0,7084.9583,1.303,1.981,7.2097,66.8111,1.9556,0.1432,84.2212,9.2047,64.0841,66.4854,87.0488,65.01,3.459,351.1927,137.3291,729.3797,1.3861,138.3245,626.8464,192.3117,4.574,4.778,2834.0,0.9337,3.9818,349.2555,10.3211,121.3109,12.4728,16.0182,21.1459,708.2338,143.8073,614.3736,53.1529,-0.0136,-0.0161,-0.0296,0.0122,-0.1023,-0.016,-0.0259,8.1456,0.1275,0.9721,1831.4591,0.2206,8251.1898,0.1923,0.0456,-0.17095,0.2223,0.4683,0.954,714.664,0.9911,59.055,0.5945,0.9702,6.2257,15.82,4.248,15.84,15.93,1.295,0.6068,2.768,0.0473,0.7888,2.2953,1003.4291,94.0,144.54757715169114,77.9,45.7,442.248,0.2324,0.0687,0.0476,0.0371,0.0236,7.2259,5.279,11.985,0.0187,0.8700000000000001,0.0383,862.0,16416.0,0.125,0.09,0.236,2.3,0.438,0.6024,0.1348,0.7844,0.4061,0.8855,0.424,0.0724,5.35,20.95,38.902,0.246,19.85,9.49,38.019,33.688,0.0533,0.0489,0.0457,0.0659,0.0676,0.0824,0.0781,0.0517,2.4444,0.0492,0.0081,92.3901,0.1254,753.2998,0.0272,0.03420000000000001,0.0134,0.052199999999999996,87.1028,2.8977,0.0302,0.3514,0.0351,4.5177,25.7894,46.16002452183646,23.6227,0.0708,2.5498,0.0212,1.7829,0.1923,0.0142,403.4,266.3988,4549.6834,8762.4533,0.0655,0.0416,0.1078,0.7219,0.0324,0.1413,0.2567,0.0537,0.0857,5.7653,0.1522,9.0456,0.025,1.6299,6.2434,13.5032,0.0857,3.1327,3.7618,11.8175,9.7978,0.0158,0.0231,0.02,0.0279,0.0184,0.0437,0.0417,0.0253,0.8216,0.0155,0.0027,32.5884,0.0374,251.8561,0.004,0.0138,27.1711,0.7646,0.0091,0.1164,0.0127,12.0982,1.4991,4.2656,4.781230830059358,2.9381,2.0957,38.1451,22.8359,4.4898,58.2099,2.9428,1.942,6.94175,2.7425,151.9802,179.7438,9.5932,4.5432,3.2733,3.4425,76.7045,61.443,12.994,0.7153,1.4641,1.224,0.1932,4.8264,6.4225,4.2114,5.2209,3.8677,3.3421,20.2286,8.9807,2.3835,13.3953,159.147,5.3681,16.0026,63.3794,393.1766,214.9451,222.8233,554.0984,80.5277,486.6044,199.6139,30.0086,1.9604,2.0183,0.8363,5.0446,63.31987047269746,0.0,45.5026,865.3061,2.859,5.5677,12.1879,0.0866,4.9067,5.6452,1.5307,12.4925,77.11,16.36,0.48,6.6278,0.2004,107.3961,4.0369,0.6225,0.1927,0.0369,15.2895,6.033146961371531,0.1081287273923914,2.410244417080711,0.045746321237542326,2.326677129756394,19.197251029547438,533.0,2.395,8.42,0.4246,3.1736,0.1222,1.5797,17.7272,0.0104,2.0538,-0.0012,0.0252,0.0
-1.0,3028.53,2220.4778,1.7751,107.6856,1.5495,-0.018,-0.0218,209.85114999999996,9.0989,405.6441,0.9768,180.37010000000004,12.5451,1.4184,-4287.0,1518.5,0.973,1.8898,5.1245,69.9333,2.5333,0.1937,85.5033,8.5297,63.9571,66.2891,86.8269,79.31,2.907,358.2727,140.3355,737.5687,0.8869,132.3609,630.9691,112.6605,4.591,4.848,2859.0,0.9257,2.8182,354.9909,10.2255,123.1536,8.3951,17.1818,22.6844,714.8843,145.4964,623.6409,65.0332,-0.0047,0.0174,-0.0353,0.0095,-0.1119,-0.0219,0.0239,7.8421,0.1352,0.9913,1889.6273,0.2038,8630.2701,-0.0046,0.0288,-0.0316,0.026,0.4709,0.9332,751.9014,0.9904,59.3086,0.5991,0.974,6.2029,15.87,4.563,15.96,15.91,1.541,0.6567,2.89,0.0,0.7717,2.2965,1001.3796,195.0,99.1,84.5,45.3999,380.0431,0.9433,0.0637,0.0789,0.0632,0.04285,15.907150000000005,5.122,13.132,0.02935,0.27,0.0715,421.0,79.0,0.079,0.071,0.107,3.0,0.131,0.7457,0.0619,0.5281,0.3263,0.7993,0.688,0.1078,11.29,22.25,16.251,0.507,15.8,3.22,34.614,111.86,0.0887,0.0482,0.0863,0.0638,0.0999,0.0708,0.0713,0.1579,1.6448,0.042,0.0006,78.6566,0.1254,623.5,0.0134,0.0151,0.0482,0.0045,62.0776,2.8385,0.0239,0.4342,0.039,3.6498,34.2274,32.6337,27.0966,0.2733,2.2908,0.0197,1.5244,0.0798,0.0286,178.8284,232.8939,666.9708,37.8638,0.0359,0.0343,0.0579,0.9708,0.0277,0.0368,0.3089,0.0253,0.0898,6.7766,0.2223,11.3105,0.03,3.328,6.6095,5.7343,0.1441,1.1612,1.611,10.2537,34.9991,0.0244,0.0237,0.04,0.0304,0.0247,0.0313,0.0346,0.08248588237179322,0.6612,0.0125,0.0002,25.3616,0.0374,242.2145,0.012,0.0014,23.0755,0.912,0.009,0.1449,0.0119,12.0637,1.1609,8.6175,3.2722,3.4067,2.0446,24.8119,53.1435,4.111,56.2925,3.2373,3.05365,2.1522,5.0408,35.1528,5.2025,8.1192,3.7571,2.088,4.2898,39.4737,43.8898,2.8067,0.8721,0.7262,0.8257,0.1934,6.777,9.2635,5.1934,12.1496,8.5297,3.5263,14.4248,6.0634,4.9582,9.0537,188.2053,4.8419,46.6174,172.0045,0.0,87.9562,180.8646,0.0,63.2566,325.1995,660.6695,20.9743,1.9226,1.7242,0.0566,4.1625,63.31987047269746,429.1297,53.265,0.0,10.241,0.4782,8.2561,0.0786,4.7861,7.0006,1.6967,9.9207,79.882,16.71,1.15,6.9209,0.5138,78.6194,4.1256,1.4396,0.2031,0.0455,20.9022,9.540589454400802,0.3378481311764915,0.4619999999999993,0.1352392452747727,3.511440521001089,20.912042816331873,533.3336,2.0324,8.09,0.4433,2.9186,0.1346,1.5169,21.8124,0.0153,3.0578,-0.0012,0.0252,0.0
-1.0,3072.67,2202.2889,0.9257,94.8922,1.5657,-0.0079,0.0028,197.2015,6.9304,407.5162,0.9629,187.3482,12.6006,1.4213,-4105.75,-506.3333,1.2985,2.0165,7.3025,67.9667,2.4,0.2057,85.1059,8.5987,64.3081,66.236,86.7807,79.98,3.312,356.5018,139.3227,741.1233,1.3648,144.2318,640.0564,212.5809,4.612,4.866,2853.0,0.9248,-0.1209,357.7218,10.268,119.2018,14.9973,20.1209,28.8518,712.2715,148.1355,625.0591,68.6079,-0.0123,-0.0044,-0.1068,0.0113,-0.0067,-0.0333,-0.0428,6.8014,0.1298,0.9888,1777.7633,0.2033,9395.9002,-0.0717,0.0177,-0.0119,-0.0221,0.4217006157501573,0.9339,808.1438,0.9903,58.3444,0.5905,0.9769,6.2973,15.84,4.809,15.9,15.9,1.163,0.7242,3.025,-0.1419,0.6764,2.3044,997.8064,200.0,97.3,77.4,65.5,444.087,0.1199,0.1011,0.043,0.0372,0.0176,2.5564,4.887,14.298,0.0124,0.62,0.0823,2060.5,1649.0,0.077,0.109,0.144,1.9,0.43,0.7495,0.1266,0.7112,0.406,0.6115,0.556,0.1545,8.55,20.85,52.773,1.084,21.52,6.52,36.31,92.129,0.0789,0.0526,0.0332,0.071,0.056,0.0964,0.1158,0.0518,5.3456,0.082,0.0024,181.1365,0.1254,638.5,0.0158,0.0206,0.120188138292432,0.0208,41.5453,3.1192,0.0439,0.5795,0.0384,5.1375,45.32809999999999,34.6422,25.0312,0.0445,1.61,0.0419,1.315,0.1013,0.0282,912.5788,374.4973,818.4071,829.7556,0.0334,0.0485,0.0705,0.6042,0.072,0.1617,0.2959,0.0469,0.1246,6.3084,0.1727,11.3247,0.0437,2.6844,6.62,12.9587,0.2997,2.0679,2.0628,11.0929,33.3054,0.0231,0.0223,0.015,0.0314,0.0157,0.0511,0.0546,0.0245,1.8718,0.0258,0.0007,60.1274,0.0374,233.3025,0.02801905827358544,0.0067,15.1046,1.0812,0.0142,0.1836,0.0119,10.9722,1.4918,9.053150000000002,3.1666,3.1121,2.9742,29.2491,12.9561,6.4573,70.5158,3.5086,1.2873,4.9204,5.7892,42.0386,325.6748,5.9299,5.4054,1.9719,2.7955,50.0,107.9417,12.9914,0.8807,1.4724,1.1059,0.0881,5.3492,9.6538,5.1207,11.3171,5.928,3.2575,24.8249,5.3425,10.5571,10.7716,143.4923,5.0978,34.918,134.2833,641.7895,0.0,66.4638,494.2085,0.0,347.4869,121.028,78.5955,1.3095,3.4156,0.2455,10.189,63.31987047269746,588.5714,67.3267,0.0,26.600115265074077,2.2261,5.1408,0.0781,5.3462,9.202,1.6684,14.158,78.4876574431198,17.124956639443344,1.2934190303599564,7.71767038192337,0.5577862327189378,49.70257286032352,4.250102146897446,1.6179163318963201,0.2197,0.0392,23.0054,6.354496036785595,0.13604741899004222,2.5875708717325105,0.06008684013275424,2.4252777162543513,21.296202837042664,533.2618,2.2691,10.56,0.3699,3.7221,0.0953,1.9803,16.3015,0.0136,2.7385,-0.0012,0.0252,0.0
-1.0,3048.78,2183.3444,1.5548,97.5311,1.4511,-0.0018,0.0013,197.7106,5.1446,406.0384,0.9762,186.9348,12.4784,1.4131,-1363.875,-1006.75,1.2552,2.0088,7.2693,68.2222,2.5111,0.1928,84.8892,8.7418,63.9238,66.3572,86.5759,78.11,2.508,355.0564,137.9191,733.9755,0.9166,137.5573,630.5327,107.8699,4.614,4.849,2843.0,0.9293,1.1782,355.2264,10.3852,119.0973,7.674,18.8218,20.0249,713.9505,152.1927,626.5164,171.74984999999998,0.0015,0.0136,-0.0108,-0.0074,-0.013,-0.0108,0.0045,7.7961,0.1307,0.9866,1816.2699,0.1912,8332.2201,0.0127,0.0353,-0.0426,0.1657,0.4552,0.9321,716.2204,0.9908,59.8217,0.5959,0.9682,6.3117,15.84,4.809,15.9,15.9,1.163,0.7242,3.025,-0.1419,0.6764,2.3044,997.8064,113.0,142.4,158.9,60.8999,261.921,0.1386,0.1203,0.0515,0.0509,0.0138,6.9555,4.0,12.181,0.009,0.22,0.048,994.0,1894.0,0.146,0.11,0.239,3.9,0.516,0.7804,0.0723,0.5351,0.2949,0.6215,0.624,0.1281,9.52,25.43,18.497,0.519,9.29,3.95,34.697,71.952,0.0777,0.0527,0.0501,0.0403,0.0518,0.0824,0.0626,0.0939,3.6731,0.093,0.0016,63.1437,0.0451,487.5,0.0193,0.0177,0.024,0.0369,60.66,2.2874,0.0349,0.4919,0.0384,5.1375,31.1114,47.7717,45.0697,0.0461,1.4279,0.0464,1.2117,0.0625,0.0148,463.6639,125.2863,5823.189049999999,880.556,0.0639,0.0479,0.1003,1.2245,0.0445,0.1907,0.2832,0.0307,0.0885,7.2599,0.2346,10.6227,0.037,2.9032,7.8921,6.5708,0.135,1.4121,1.5349,11.0839,19.3118,0.0228,0.024,0.0209,0.0186,0.0136,0.046,0.0354,0.0504,1.4125,0.0281,0.0005,19.147,0.0127,177.2933,0.0064,0.0105,21.6999,0.808,0.0105,0.1573,0.0119,10.9722,1.4918,5.1518,4.6707,6.5057,2.7893,23.5657,8.9121,8.2902,77.7509,3.0,0.9178,1.7631,3.3989,0.0,188.1301,11.6311,5.476,3.2878,5.7166,47.7876,71.0663,14.6767,0.9193,0.8275,0.8371,0.6795,6.5961,8.5775,4.7335,13.9715,6.9208,4.0331,17.1475,5.2045,4.9975,10.63,121.0589,4.8599,11.1658,31.9865,0.0,278.836,373.1481,697.6431,635.0674,580.9745,0.0,47.1151,2.1423,3.8214,0.1619,3.4766,23.5692,0.0,90.5109,968.4211,5.2755,3.9581,8.4695,0.0698,3.8237,7.7932,1.6684,14.158,76.36456024201965,16.92829696399937,1.235187755246624,7.7587621589270155,0.5102569411614879,66.77845428373166,4.205903913090475,1.626358939656566,0.4877,0.1407,46.866,6.562957255607764,0.13598604313568505,2.6788344552992447,0.05760709143291984,2.483919480403752,19.05311030508709,532.7309,1.8891,8.4,0.1958,3.0002,0.0584,1.5768,10.3628,0.026000000000000006,5.21645,-0.0012,0.0252,0.0
-1.0,2962.79,2155.6333,0.8024,101.4333,1.5391,0.0086,-0.0063,200.4115,10.563,417.6844,0.9707,189.893,12.481,1.3851,-2630.3333,6579.5,1.3197,1.9878,7.3215,67.1222,1.5667,0.1237,84.2212,9.2047,64.0841,66.4854,87.0488,65.01,3.459,348.3455,150.0509,743.6734,1.3175,135.1409,633.5373,212.7201,4.589,4.883,2833.0,0.9324,0.1664,348.9245,10.032,130.2173,11.2309,19.8336,26.1038,717.5695,143.1645,622.3064,115.7602,0.005,0.0379,-0.0239,0.0103,-0.083,-0.0379,-0.0182,8.5646,0.1402,0.9671,1894.9172,0.1947,9037.95,0.0106,0.0242,-0.0504,0.24300000000000002,0.4623,0.9755,754.7281,0.9908,58.7145,0.6018,0.968,6.3517,15.91,4.392,15.94,15.89,1.239,0.6586,2.91,-0.5204,0.7586,2.2967,1003.0211,79.0,49.8,71.5,55.2,330.043,0.1043,0.1253,0.072,0.0518,0.0272,7.466,5.409,7.868,0.0114,0.53,0.0402,1400.0,5827.0,0.167,0.16,0.28,3.9,0.375,0.6024,0.1348,0.7844,0.4061,0.8855,0.568,0.1044,5.81,19.39,41.357,0.802,21.31,8.96,38.565,52.197,0.1003,0.0586,0.0868,0.0529,0.1142,0.0534,0.0604,0.0565,3.8866,0.0429,0.0116,126.0663,0.028,1475.7998,0.0369,0.0307,0.0148,0.0061,159.1943,2.09,0.0211,0.4242,0.0334,4.0302,22.2733,19.2794,25.6107,0.0379,2.2388,0.0534,1.6204,0.1694,0.0164,576.4879,200.3536,1712.8171,2686.759,0.0775,0.0681,0.1244,1.0474,0.0408,0.1242,0.2567,0.0537,0.0857,6.833,0.1616,8.7934,0.027,2.0045,5.7815,12.3061,0.2178,3.0051,3.6278,11.5106,18.8052,0.0352,0.0277,0.041,0.0236,0.0323,0.0246,0.0291,0.0241,1.2881,0.0142,0.0037,39.0002,0.0091,428.287,0.0044,0.0019,46.2066,0.5436,0.0071,0.1431,0.012,13.4011,1.3131,3.5619,1.6808,2.7922,2.5607,30.8439,13.004,8.1409,51.207,1.8837,1.174,4.2464,2.9008,128.5769,88.563,12.6539,8.0493,3.8244,5.8103,114.8936,93.8005,11.098,0.7153,1.4641,1.224,0.1932,5.9309,5.0383,4.1255,7.9259,4.2992,3.0606,19.442,6.0946,7.9944,8.7546,189.7438,5.3744,16.5023,45.0906,0.0,176.9057,221.8029,0.0,64.2986,159.5773,310.0137,45.3798,2.7824,1.7738,1.2042,6.6529,14.403,481.5686,41.9251,0.0,3.1987,0.6228,21.0929,0.0694,3.5596,6.6787,1.4539,10.3597,76.67382809394313,16.853454942676297,1.214011137476034,7.808195324494011,0.5141157479054834,55.5880685716539,4.165533691989415,1.584121744006884,0.1423,0.0387,14.7029,6.381133453531512,0.12991580750226847,2.5582745102442956,0.055243198584048345,2.4400960282009625,20.265384662526916,532.7427,2.3382,9.13,0.2724,3.2479,0.0738,1.7138,11.6508,0.0184,3.6355,0.0451,0.0087,19.3621
-1.0,3085.35,2201.8222,1.6769,95.9789,1.5166,-0.0088,0.0049,203.8928,10.2454,413.8704,0.9737,193.6953,12.4655,1.3599999999999999,-5388.5,-6575.5,1.295,2.0012,7.2908,67.1778,2.1889,0.1814,85.3825,9.7324,64.2442,66.6973,87.1381,63.93999999999998,5.041,350.9327,122.54,710.7553,1.443,146.0818,619.5546,163.5238,4.613,4.83,2822.0,0.9361,4.92,347.9455,10.6823,107.46,15.0528,15.08,22.7427,688.0126,149.0964,604.5018,62.1682,-0.0086,-0.0175,-0.0194,0.0036,-0.0923,-0.015,0.0123,6.9046,0.1293,0.9886,1743.2584,0.1905,9794.51,-0.1054,0.0205,0.0409,-0.0132,0.4585,0.9182,824.3834,0.991,58.5577,0.5888,0.9667,6.3472,15.87,4.563,15.96,15.91,1.541,0.6567,2.89,0.0,0.7717,2.2965,1001.3796,105.0,167.2,195.6,59.2,532.019,0.2062,0.0954,0.0435,0.0443,0.0091,8.9259,5.072,8.612,0.0075,0.27,0.0744,390.0,12268.0,0.179,0.061,0.193,2.5,0.49,0.7473,0.0743,0.6345,0.3412,0.9513,0.338,0.1235,4.47,16.46,48.753,0.299,16.99,4.29,30.639,63.483,0.0698,0.0464,0.044,0.0992,0.0684,0.0847,0.0834,0.0611,6.8452,0.0481,0.0025,125.3848,0.0349,1740.5,0.017,0.0175,0.0272,0.0326,161.6724,1.7915,0.0232,0.5809,0.039,3.6498,29.8946,58.0294,67.4597,0.0758,2.5903,0.037,1.6612,0.0655,0.0295,187.4235,302.9923,5530.6661,6191.0512,0.0827,0.0277,0.0804,0.7155,0.0373,0.151,0.302,0.0324,0.1126,5.4468,0.1145,8.4626,0.0402,1.4256,4.9197,14.5716,0.0932,1.3393,1.957,9.451,19.9158,0.019,0.0203,0.019,0.0472,0.0209,0.0382,0.0453,0.0302,2.0234,0.0135,0.0007,43.521,0.0114,501.7087,0.0076,0.0085,44.3811,0.5324,0.009,0.1906,0.0119,12.0637,1.1609,4.7101,5.4192,7.8119,2.6887,41.3031,12.2969,6.2905,49.5053,2.0808,0.7664,2.166,5.4829,233.4973,186.5714,13.8224,3.0481,2.6472,3.7215,27.4112,55.6644,14.8966,0.8752,0.7634,0.9876,0.1169,4.8499,5.59,4.0418,8.5575,3.0599,2.6567,29.814,5.9949,2.799,7.6587,112.8696,4.4533,43.9712,102.1149,810.4499,100.3243,510.6821,0.0,91.766,554.1528,498.7755,99.1398,1.7787,1.9901,0.2523,7.1926,18.3002,523.3645,35.9955,0.0,5.9227,3.5516,19.6113,0.0806,3.0594,9.1516,1.6967,9.9207,73.792,8.29,1.24,4.2508,0.5069,124.5407,2.028,1.6804,0.246,0.0488,25.3822,7.56,0.187,3.1112,0.0843,3.0326,24.9737,523.3110000000001,1.5211,15.390000000000002,0.6164999999999999,5.3345,0.18730000000000002,2.8874999999999993,28.50255,0.0133,2.6682,0.0492,0.0182,36.998
-1.0,3037.82,2167.2,1.4869,94.26,1.5308,0.0055,-0.0062,200.4794,7.8402,409.8728,0.9747,189.7908,12.4706,1.4048,-5695.25,1417.25,0.971,1.89,5.1098,67.7444,2.8333,0.2016,85.5983,8.5232,64.0577,66.2289,86.6814,78.95,2.607,351.8482,141.2418,743.7398,1.297,148.5691,641.6591,200.1255,4.624,4.858,2888.0,0.9329,-1.3227,353.8073,10.4624,119.9191,17.2327,21.3227,29.827,713.9128,150.7,624.4264,61.8409,-0.0035,0.0095,-0.0164,0.0103,-0.112,-0.0204,0.0399,7.4125,0.1332,0.9906,1820.0463,0.157,9580.61,-0.0575,-0.0149,0.0658,-0.09,0.4669,0.9434,814.5702,0.9905,58.8705,0.6065,0.9639,6.452,15.93,4.585,15.98,15.95,1.376,0.6903,2.92,-1.655,0.7591,2.2937,1005.3318,93.0,72.7,103.7,68.1001,1015.8822,0.148,0.2225,0.0585,0.044,0.0232,8.032,4.694,10.868,0.0116,0.21,0.0564,759.0,176.0,0.091,0.083,0.08,3.1,0.143,0.8849,0.0676,0.5148,0.3177,0.7387,0.214,0.1044,4.7,15.4,45.56,0.175,24.95,6.51,27.761,91.825,0.0663,0.028,0.0534,0.0362,0.0341,0.0961,0.0711,0.0962,3.0988,0.0283,0.0009,84.3625,0.0399,721.6006,0.0225,0.0171,0.0406,0.0216,78.3502,3.8859,0.0263,0.5974,0.0215,4.0608,25.045,26.0418,35.1585,0.0598,4.1378,0.0716,1.3794,0.0585,0.0181,320.2555,282.9292,5823.189049999999,74.1861,0.0397,0.035,0.0401,0.9139,0.0225,0.0499,0.362,0.0262,0.0617,5.7706,0.0671,6.9408,0.0339,1.5966,4.5133,13.6134,0.0654,2.2183,2.2432,8.5279,34.8273,0.0172,0.0122,0.0307,0.0166,0.0104,0.0499,0.0347,0.0462,0.9077,0.0116,0.0002,26.3608,0.0158,214.3652,0.013,0.006,23.2428,1.1838,0.0088,0.1983,0.0066,9.1571,1.2545,4.1278,2.3932,4.2563,3.1423,77.0342,9.9562,14.5344,59.8711,2.6516,1.1935,1.684,4.0133,298.58439999999996,12.4184,9.3718,4.3915,1.5656,4.576,24.7059,33.2415,3.0822,1.0338,0.7934,0.8036,0.3248,4.482,5.2746,3.1804,8.0509,3.1635,2.4,22.7657,4.1453,1.6727,5.2535,144.7825,3.8886,47.129650000000005,148.4859,0.0,165.6805,221.4067,331.9273,85.8036,348.5294,240.801,41.8053,2.1014,1.1971,0.0887,4.6352,25.4215,670.5882,46.4957,0.0,8.6999,2.2844,9.6186,0.1046,6.6008,9.2586,0.9382,9.4593,72.604,18.9,1.05,8.1786,0.4679,79.0827,4.708,1.4462,0.7942,0.1527,82.0961,6.406090858526812,0.12578238344908185,2.512437778235717,0.05247426309848506,2.4400703931294716,17.707684902740667,532.5182,2.0621,8.87,0.2525,2.883,0.087,1.6657,12.2428,0.0137,2.7577,0.0334,0.0188,56.2041
-1.0,3089.53,2242.8555,0.8832,106.21,1.5219,-0.0022,-0.0003,200.4165,8.2149,424.9716,0.9814,190.6908,12.5059,1.3982,-5006.75,1493.0,0.9888,1.8907,5.1645,70.1,2.5889,0.193,85.3154,8.5135,64.1605,66.2242,86.6662,78.79,3.194,354.2445,137.1373,735.1128,1.4032,145.1518,636.5336,196.1374,4.587,4.831,2856.0,0.927,-0.7845,353.6054,10.512,116.3527,14.6036,20.7845,28.7982,706.3146,151.9718,621.93,109.3084,-0.0185,-0.0207,-0.0362,0.0395,-0.1058,-0.0091,-0.0061,6.904,0.1297,0.9849,1763.6142,0.1817,8626.7101,-0.23135,0.0353,0.0872,0.1263,0.4651,0.9475,731.0047,0.9904,58.894,0.6024,0.9658,6.3212,15.92,4.92,15.96,15.96,1.399,0.7857,3.062,-0.0946,0.7436,2.3063,1006.0844,84.0,194.3,178.0,62.9001,227.0289,0.1099,0.1294,0.0555,0.0437,0.0054,6.2989,5.311,13.256,0.0042,0.31,0.0419,293.0,175.0,0.131,0.083,0.254,2.2,0.149,0.8867,0.0417,0.4481,0.3555,0.6013,0.239,0.1607,8.86,21.19,29.149,0.208,19.36,6.69,32.545,81.334,0.1382,0.0765,0.037,0.0329,0.1033,0.1018,0.0837,0.0293,5.0203,0.0584,0.0017,92.8213,0.0528,780.3003,0.0369,0.03420000000000001,0.0498,0.019,68.0631,3.7947,0.0234,0.4429,0.0343,4.5258,22.7541,63.7683,54.755,0.0359,2.1317,0.0497,1.537,0.0877,0.0155,122.0393,295.8947,4580.177,74.2114,0.0551,0.0345,0.1057,0.7176,0.033,0.0456,0.3188,0.0162,0.0781,4.7145,0.0832,11.2429,0.0499,2.702,6.4785,8.9278,0.0538,1.9844,2.2472,10.1901,29.3659,0.0325,0.0317,0.018,0.015,0.0328,0.0529,0.0454,0.0131,1.9602,0.0211,0.0005,28.9089,0.0171,244.4531,0.0112,0.0056,18.8357,1.1749,0.0079,0.1465,0.0112,10.5767,1.3543,3.8103,6.289,6.6034,2.8045,15.8681,12.4432,8.5028,64.6507,3.1193,0.4254,2.4788,2.9989,202.7862,11.7214,13.2491,4.3898,4.9182,3.1384,23.176,54.4041,3.1916,1.0393,0.4896,0.6984,0.1132,4.1581,10.7775,5.2124,11.4488,6.104,3.329,14.8615,5.9487,1.9787,8.8094,132.5701,4.6077,14.1729,74.4078,747.7849,242.8571,90.884,261.726,96.2648,919.7802,482.3045,72.7161,2.6214,2.5291,0.1733,5.2631,29.0477,0.0,66.0793,0.0,10.7068,2.0092,9.3109,0.0995,6.4432,7.0066,1.4871,11.5631,77.17004544842874,16.67156630138835,1.1873528702723382,7.698650948927553,0.5058667435974824,66.66603923015015,4.140808682395925,1.526395848170602,0.3954,0.0986,41.5699,7.89,0.0892,3.1667,0.036,3.1391,15.2357,537.4627,2.1325,7.48,0.2969,2.5692,0.0925,1.3917,13.9238,0.0233,4.6616,0.0334,0.0188,56.2041
-1.0,3106.03,2216.4778,0.8379,105.1111,1.5168,-0.0097,0.0009,200.5661,6.821,407.0275,0.9614,190.9605,12.4724,1.4088,-4766.25,1576.0,0.984,1.8805,5.0945,68.0889,2.5889,0.2028,86.3794,8.5615,64.0756,66.1344,86.8706,79.0,3.478,354.3218,137.3309,733.0152,0.9214,138.4136,630.0664,118.5933,4.584,4.829,2858.0,0.9265,0.2655,354.6864,10.4077,117.5964,10.2814,19.7345,25.8087,707.2065,148.9355,621.2182,65.7047,-0.0199,0.0068,-0.0367,0.0004,-0.1036,-0.0175,0.0186,6.6096,0.1287,0.99,1747.7034,0.2126,8720.6101,0.0869,0.0363,-0.0749,-0.1339,0.4648,0.9299,748.7528,0.9904,58.4256,0.6028,0.9697,6.297,15.93,4.585,15.98,15.95,1.376,0.6903,2.92,-1.655,0.7591,2.2937,1005.3318,103.0,191.2,123.8,53.3,180.863,0.2243,0.1024,0.0446,0.0397,0.0238,9.6927,4.461,15.378,0.0172,0.26,0.041,628.0,56.0,0.119,0.094,0.13,2.9,0.157,0.7187,0.1334,0.5936,0.3401,0.68,0.662,0.106,7.89,24.75,28.051,0.624,19.14,4.89,35.147,80.99,0.0431,0.055,0.0407,0.0737,0.0408,0.0935,0.1008,0.1602,4.8164,0.0466,0.0019,152.9594,0.1221,772.6992,0.0169,0.0147,0.0464,0.0128,72.2472,3.333,0.0282,0.3853,0.0215,4.0608,28.8442,63.2816,44.6487,0.0786,1.2819,0.0406,1.3577,0.0697,0.016,292.8462,276.6229,788.6725,22.891,0.0505,0.0385,0.0561,0.8223,0.0256,0.0477,0.296,0.0542,0.1011,4.698,0.2104,11.1848,0.0369,2.6019,7.0446,10.3366,0.1707,1.4499,1.2664,11.0596,26.371,0.012,0.0232,0.0221,0.0389,0.0108,0.049,0.055,0.08248588237179322,1.5009,0.014,0.0005,46.6872,0.0374,258.4544,0.0133,0.004,28.4313,1.0621,0.0088,0.1314,0.0066,9.1571,1.2545,4.695,6.1558,4.9393,2.4047,14.5595,26.7732,6.7509,65.401,3.7781,1.7869,2.0846,2.9067,38.1012,3.5533,12.0935,4.9987,2.5518,4.2591,30.9013,37.9726,3.3744,0.832,1.5577,0.9264,0.2509,4.5185,9.1531,5.1124,11.5071,5.7003,3.9282,23.6531,9.842500000000001,5.9956,10.349,186.1612,4.9698,32.5739,123.2636,216.7872,135.9703,201.0914,0.0,90.251,576.824,858.9812,72.8695,2.0986,1.9178,0.1873,8.752,57.4424,0.0,32.0875,0.0,9.9757,1.3789,9.649,0.0976,5.7048,6.1194,0.9382,9.4593,73.632,16.1,1.1,6.6938,0.406,138.5152,3.9453,1.4939,0.3357,0.0626,34.8875,7.67,0.1653,3.4855,0.0655,2.8925,25.1272,535.0918,2.0927,6.36,0.2646,2.3244,0.0753,1.1886,12.6428,0.0206,4.0966,0.0188,0.0172,91.3965
-1.0,3050.22,2242.8555,0.8832,106.21,1.6053,-0.0017,-0.0049,200.851,7.375,418.1633,0.9738,191.1403,12.4673,1.403,-4114.3333,1503.75,0.992,1.8878,5.0723,69.7889,2.1,0.1733,86.2857,8.5855,63.9733,66.0928,86.8774,78.33,2.809,365.44,146.7009,754.132,0.8421,130.1691,642.31,134.6282,4.603,4.85,2867.0,0.9142,-3.6855,367.6218,9.9856,123.0155,8.39,23.6855,28.4754,725.6566,146.2955,636.9327,72.1096,-0.0202,-0.0146,-0.0711,0.0427,-0.1148,-0.0104,0.0955,8.2621,0.136,0.9894,1866.7297,0.1982,8496.97,0.0337,0.0428,-0.0178,-0.0382,0.4609,0.9386,722.9924,0.9906,59.8959,0.5988,0.9756,6.2884,15.92,4.92,15.96,15.96,1.399,0.7857,3.062,-0.0946,0.7436,2.3063,1006.0844,136.0,202.4,229.7,62.9001,227.0289,0.1099,0.23175000000000004,0.0579,0.0435,0.013,6.0834,4.903,16.145,0.0102,0.21,0.0175,360.0,178.0,0.125,0.103,0.096,2.7,0.116,0.8273,0.1027,0.4794,0.3367,0.5985,0.217,0.0944,6.26,18.42,24.035,0.567,10.15,8.52,38.299,73.559,0.1245,0.0675,0.0561,0.14704999999999996,0.1316,0.0787,0.1131,0.16615,2.1401,0.0326,0.0028,111.5599,0.0512,980.8999,0.0161,0.0109,0.0225,0.033,104.7552,2.0524,0.0298,0.4651,0.0343,4.5258,33.7732,71.5694,69.3048,0.0359,2.1317,0.08085,1.6548,0.0498,0.0052,161.5106,329.2805,350.4431,80.5704,0.0526,0.0448,0.0417,0.9373,0.0289,0.0368,0.3069,0.0387,0.0927,5.5498,0.0667,9.3344,0.0273,1.5441,5.4252,7.2318,0.1904,2.7609,2.8774,11.4314,20.286,0.0291,0.028,0.0246,0.06770000000000001,0.0363,0.039,0.0564,0.08248588237179322,0.8552,0.0125,0.0009,45.0539,0.0147,254.2719,0.0063,0.0109,34.1561,0.6392,0.0098,0.1592,0.0112,10.5767,1.3543,6.2229,6.6356,8.9601,2.8045,15.8681,12.4432,16.1177,66.4813,3.8609,1.0482,1.6844,1.2452,16.9894,11.8371,12.6008,5.4562,1.8927,3.8688,47.619,45.5769,2.5148,0.9588,1.1967,0.7494,0.329,4.7477,6.8302,4.371,11.2109,4.8091,2.8678,17.8529,5.5308,5.6782,9.8199,120.9773,5.2778,26.0723,102.0099,616.9093,226.5101,347.5387,308.1967,68.554,0.0,219.8849,25.902,1.6179,1.3589,0.2816,5.9762,25.8194,0.0,36.036,800.0,4.8777,3.521,14.4891,0.0878,3.4266,7.3957,1.4871,11.5631,80.964,14.74,1.87,6.3563,0.782,86.1141,3.6244,2.3097,0.5058,0.0834,50.2702,5.44,0.1626,2.1232,0.0615,2.0494,29.2697,533.7682,1.9722,5.6201,0.2812,1.9278,0.0963,1.0529,14.2593,0.0121,2.4428,0.0188,0.0172,91.3965
-1.0,2929.6,2216.4778,0.8379,105.1111,1.519,-0.0053,-0.0124,199.3192,7.2128,400.3552,0.9802,188.7055,12.4618,1.4033,-3781.0,4460.5,1.294,2.0393,7.257,69.0444,1.6556,0.1362,84.7007,8.7283,63.9335,66.2469,86.6108,63.93999999999998,5.041,360.6155,146.6436,750.0185,1.1979,136.6527,643.9118,208.2604,4.61,4.869,2855.0,0.923,-1.7609,361.8009,9.774,124.8827,12.8948,21.7609,31.1484,718.8701,145.7055,632.3891,79.8047,-0.021,0.0294,-0.0254,-0.008,-0.1202,-0.0263,0.0178,6.4292,0.1375,0.9683,1743.9933,0.1592,8611.06,0.0447,0.0102,-0.0201,0.1403,0.4592,0.9252,712.8031,0.9919,58.0641,0.6029,0.9776,6.2913,15.92,4.92,15.96,15.96,1.399,0.7857,3.062,-0.0946,0.7436,2.3063,1006.0844,122.0,182.5,180.0,53.3,180.863,0.2243,0.0842,0.0385,0.0427,0.0122,9.2147,2.937,15.42,0.006,0.66,0.0407,1799.0,15062.0,0.106,0.16,0.197,2.4,0.834,0.5116,0.0342,0.7034,0.4111,0.6583,0.446,0.1424,4.7,20.25,51.607,0.874,18.24,8.15,33.884,92.453,0.0615,0.0448,0.0643,0.0543,0.0401,0.0733,0.0909,0.0773,6.1379,0.099,0.0044,85.8933,0.0396,1103.8003,0.0198,0.0118,0.0151,0.0469,109.2778,2.4326,0.0254,0.6475,0.0343,4.5258,31.4495,59.8507,64.6619,0.0786,1.2819,0.0325,1.1178,0.106,0.0165,749.7471,37.0529,5707.945,6219.4588,0.0495,0.0767,0.0814,0.8457,0.0764,0.2338,0.2085,0.0153,0.0919,5.1793,0.1148,10.3854,0.041,1.433,5.8685,17.1161,0.3398,2.3084,2.0665,10.6327,27.9874,0.0191,0.0216,0.0296,0.0238,0.0114,0.0402,0.0458,0.0399,2.0918,0.0304,0.0013,26.8506,0.0118,372.6489,0.0051,0.0147,37.7713,0.6284,0.0089,0.2104,0.0112,10.5767,1.3543,5.6553,6.2295,7.0178,2.4047,14.5595,26.7732,5.5432,40.7192,3.8516,0.6073,5.2962,2.8983,298.58439999999996,337.6751,8.1917,7.846,2.7146,3.476,78.5235,153.4258,23.9962,0.604,0.3919,1.1002,0.6795,4.459,7.3375,4.8743,11.8847,3.4394,3.1448,24.78,5.6239,8.9421,9.2567,141.4523,4.7135,47.129650000000005,115.849,292.8571,119.1489,214.2012,501.6419,60.969,344.9715,433.6606,95.4691,1.9632,4.0589,0.4591,4.9251,24.8898,570.3927,22.4404,0.0,3.2969,5.0707,15.3307,0.0542,4.1895,10.2918,1.4871,11.5631,81.216,21.89,1.92,9.9266,0.88615,41.4561,5.4411,2.3641,0.128,0.0293,13.7543,5.66,0.1004,2.3792,0.0435,2.2591,15.8565,531.0854,2.0685,9.93,0.2932,3.3856,0.0858,1.8698,14.1723,0.012,2.4192,0.0354,0.0146,41.3226
-1.0,3058.6,2228.4444,0.8795,106.2756,1.5886,-0.0044,0.0092,201.2684,7.095,409.8962,0.9756,191.4545,12.4618,1.3978,-3635.0,-5033.75,1.2837,2.0065,7.2762,65.6556,1.8111,0.167,85.8807,9.754,63.9959,66.5687,87.1954,65.11,3.462,356.1009,135.0364,730.478,0.9249,138.0755,629.2127,123.3803,4.617,4.868,2843.0,0.929,2.9691,354.41,10.4229,118.0055,12.1627,17.0309,22.5569,707.9211,146.0755,618.4909,71.1621,-0.0332,-0.012,-0.0279,0.0175,-0.1035,-0.0219,0.0127,6.8674,0.1288,0.9913,1725.4839,0.1667,8726.7798,0.0152,0.0158,0.0211,-0.0111,0.4569,0.9352,744.2807,0.992,58.5766,0.6027,0.9775,6.2204,15.92,4.92,15.96,15.96,1.399,0.7857,3.062,-0.0946,0.7436,2.3063,1006.0844,148.0,78.2,119.3,71.0999,205.2839,0.3197,0.1253,0.0434,0.0391,0.0075,6.146,4.288,12.143,0.0063,0.66,0.0562,631.0,8142.0,0.095,0.109,0.218,3.3,0.491,0.4955,0.0807,0.5871,0.3767,0.9365,0.711,0.121,10.03,23.53,20.566,0.592,22.52,5.29,32.558,84.15,0.0522,0.052,0.021,0.0406,0.0474,0.1062,0.0895,0.0869,2.984,0.0573,0.0021,110.2527,0.0287,1291.3994,0.0105,0.0131,0.0203,0.0386,120.1171,2.2199,0.0224,0.4768,0.0343,4.5258,26.2466,27.8286,36.6552,0.0965,1.9144,0.0476,1.4113,0.106,0.0198,296.7045,139.858,401.8159,3638.443,0.0397,0.0488,0.0898,0.9812,0.0444,0.1473,0.2118,0.0379,0.1003,5.5332,0.2635,10.2887,0.0359,2.737,6.6744,6.5789,0.1553,1.5403,1.5635,10.2473,28.3427,0.0141,0.0225,0.0096,0.0177,0.0112,0.0509,0.0461,0.0451,0.9745,0.0198,0.0006,33.523,0.0089,449.0989,0.0063,0.0134,44.2552,0.5986,0.0088,0.1533,0.0112,10.5767,1.3543,6.6371,2.5567,4.645,3.1906,15.0495,36.3498,7.8874,60.4369,2.9625,0.6418,5.2962,4.0228,26.74,161.7482,7.4002,5.4323,2.996,5.0262,71.7791,71.2575,14.097,0.577,0.8274,0.9174,0.1407,5.8916,7.9682,4.7213,13.0853,7.2641,3.7396,16.6688,6.0034,5.6798,8.9233,185.1563,4.5991,27.5844,118.2512,157.4364,210.3134,145.2594,270.4708,102.6583,409.1429,682.9077,43.4515,2.8719,2.3965,0.2097,6.3897,17.2175,0.0,67.0391,0.0,4.4362,4.1323,16.1387,0.0306,3.7897,7.6651,1.4871,11.5631,78.39509904590119,16.83364062362629,1.2445438424722264,7.928260239268616,0.49047188050175716,61.88243559447428,4.165416540395527,1.5727148237896365,0.0789,0.0226,8.3522,7.38,0.0806,2.7719,0.0325,2.9438,12.591,529.4909,2.0437,10.66,0.3671,3.649,0.1111,2.0132,17.9606,0.0111,2.2577,0.0354,0.0146,41.3226
-1.0,2961.59,2167.2,1.4869,94.26,1.4863,-0.0064,-0.0059,194.8339,8.7108,418.4021,0.9817,184.2405,12.448,1.4104,-2143.25,1502.5,0.9838,1.8855,5.0565,67.6111,3.1111,0.2063,85.5528,8.9546,64.1864,66.2016,86.9821,78.38,1.831,348.5927,137.6518,726.5601,1.0286,134.7582,621.0027,56.8818,4.598,4.87,2824.0,0.9338,-1.7982,350.8618,10.3683,115.8536,9.7697,21.7982,25.6366,700.9235,145.8109,612.5264,103.4198,-0.0239,0.0263,0.0007,0.001,-0.1103,-0.0025,0.0093,6.8873,0.1385,0.9884,1679.6377,0.1651,7788.46,-0.0099,0.1395,0.0147,-0.0446,0.4568,0.9485,638.4671,0.9912,56.956,0.5907,0.9789,6.0053,15.87,4.563,15.96,15.91,1.541,0.6567,2.89,0.0,0.7717,2.2965,1001.3796,200.0,234.9,203.7,68.1001,1015.8822,0.148,0.0927,0.0488,0.0315,0.0091,7.0713,4.94,11.693,0.004,0.33,0.0309,339.0,17.0,0.119,0.084,0.199,2.9,0.1,0.76,0.0593,0.6347,0.4036,0.6944,0.96,0.1062,6.0,19.0,21.695,0.343,19.31,7.8,38.72,66.925,0.0497,0.0371,0.12045,0.14704999999999996,0.0552,0.1064,0.1478,0.1041,5.1939,0.0358,0.0014,124.1143,0.0434,475.0996,0.02,0.03420000000000001,0.0484,0.02,52.4576,1.9674,0.0326,0.5802,0.039,3.6498,38.9095,87.798,84.1782,0.0598,4.1378,0.0322,1.3479,0.0877,0.0102,158.79,266.0464,3293.0013,7.4162,0.0503,0.0378,0.083,1.1005,0.0306,0.0295,0.3021,0.0227,0.1049,4.7883,0.2648,9.411,0.036,2.233,5.5976,6.8169,0.1006,2.7912,3.5624,12.2461,23.7565,0.0162,0.0156,0.055099999999999996,0.06770000000000001,0.0118,0.0548,0.0691,0.0462,1.9972,0.0129,0.0005,41.3583,0.0137,175.3255,0.0172,0.0073,18.6322,0.6201,0.0115,0.1911,0.0119,12.0637,1.1609,9.053150000000002,7.9316,7.8799,3.1423,77.0342,9.9562,6.237,56.7111,2.7947,0.4091,2.651,2.1929,298.58439999999996,1.1314,12.0966,4.4551,3.9355,4.2892,22.5,38.2876,2.1545,0.8883,0.6623,0.9888,0.1188,4.4493,6.7271,4.1332,10.3215,4.4524,3.0596,38.1405,6.4112,3.3082,11.7303,197.6519,5.5241,10.9616,64.712,208.0586,95.8037,0.0,0.0,96.4861,0.0,0.0,75.4123,2.0935,1.5059,0.1446,7.3893,26.2718,0.0,32.1377,224.0,10.6014,2.1087,8.2162,0.0592,3.4543,9.6609,1.6967,9.9207,74.72,14.54,1.31,7.1828,0.5968,95.5325,3.5861,1.7532,0.4397,0.0728,44.8745,4.28,0.1141,1.7605,0.0439,1.7179,18.7865,534.1364,2.3033,9.14,0.3106,3.2821,0.0985,1.7112,13.4839,0.017,3.4408,0.0335,0.0122,36.297
-1.0,3158.88,2216.4778,0.8379,105.1111,1.479,-0.0041,0.0095,199.9411,6.6688,409.9817,0.9735,190.3121,12.5031,1.4056,-3594.0,3488.6667,1.323,2.0005,7.2915,68.7667,2.1,0.1559,84.7226,8.9635,64.2798,66.2774,86.9622,77.84,3.243,353.7273,139.6191,735.8355,0.9419,139.4709,632.8173,142.5085,4.587,4.831,2856.0,0.927,-0.3736,354.7345,10.3671,119.2455,10.6183,20.3736,26.4354,709.4002,149.5255,623.5055,90.3106,-0.0104,0.0015,-0.0736,0.0,-0.1003,-0.0116,-0.0023,8.2565,0.1386,0.9849,1813.14,0.1882,9064.2501,0.0607,0.0242,0.009,-0.1331,0.4592,0.9234,686.1109,0.9909,58.0777,0.6037,0.9634,6.4622,15.93,4.585,15.98,15.95,1.376,0.6903,2.92,-1.655,0.7591,2.2937,1005.3318,89.0,290.4,235.4,53.3,180.863,0.2243,0.088,0.0499,0.0481,0.0095,8.3116,3.501,9.767,0.0073,0.4,0.0347,569.0,17919.5,0.123,0.129,0.238,2.5,0.359,0.6475,0.072,0.5249,0.2169,0.7847,0.456,0.0759,9.99,24.1,14.193,0.334,16.68,3.87,33.298,57.007,0.0487,0.0636,0.0376,0.0149,0.0478,0.1045,0.1314,0.059,2.573,0.0404,0.0024,104.6329,0.0256,1223.5996,0.0189,0.0156,0.0147,0.0482,139.762,1.8825,0.0249,0.4115,0.0215,4.0608,24.2638,84.5104,76.0494,0.0786,1.2819,0.0318,1.2237,0.0969,0.0114,248.4364,279.1111,424.9463,8994.62525,0.0536,0.0591,0.1012,0.7858,0.0393,0.1233,0.261,0.0274,0.1076,5.2192,0.1372,10.7483,0.0272,2.6384,7.4035,3.9433,0.097,1.0663,1.7504,10.6826,17.3927,0.0127,0.0263,0.019,0.0066,0.0162,0.0562,0.064,0.0283,1.0377,0.0132,0.0007,32.0348,0.0077,343.2942,0.0047,0.0152,38.6858,0.5458,0.0083,0.1422,0.0066,9.1571,1.2545,4.024,9.1931,9.5588,2.4047,14.5595,26.7732,5.9498,52.4981,2.3823,0.7473,3.1992,2.4707,27.6294,651.7963,9.2971,6.4484,3.2641,3.6355,90.4762,74.412,10.264,0.7643,0.8028,0.8166,0.1552,4.7522,8.8885,4.7799,8.061,7.1628,3.8084,9.9594,5.9487,3.2217,8.7383,157.0873,4.6938,20.5068,63.1232,469.6805,229.6029,20.2377,0.0,104.2134,0.0,0.0,31.1633,2.0197,1.6709,0.2434,5.7708,13.6116,352.5424,62.9108,0.0,3.2042,5.2145,20.3702,0.0635,3.2413,6.3673,0.9382,9.4593,74.312,17.91,1.17,8.2262,0.5337,146.2962,4.3755,1.5744,0.1103,0.0268,11.6115,6.391441718610035,0.12937246485065876,2.5871136009455107,0.05380014791169713,2.440690333797644,21.71767364283363,533.1246,2.1672,9.43,0.2236,3.2845,0.0726,1.7688,10.3164,0.0179,3.5675,0.0335,0.0122,36.297
-1.0,2945.19,2216.4778,0.8379,105.1111,1.552,0.0175,0.0027,200.5718,8.1971,416.7517,0.9794,190.7641,12.4871,1.4026,-6256.5,1575.5,0.989,1.8958,5.2127,66.1444,2.6222,0.2067,85.9922,8.5334,63.9469,66.1932,86.8109,78.33,3.342,363.54,134.8391,734.215,1.2962,137.71,636.0891,211.2935,4.601,4.847,2852.0,0.9238,4.9073,359.9255,10.0705,119.7464,14.6155,15.0927,22.6375,711.5775,141.8018,621.4736,76.4897,-0.0158,-0.0651,-0.0134,-0.0068,-0.1013,-0.0194,0.0125,7.1796,0.1335,0.9902,1800.2195,0.1649,8296.7401,0.1879,-0.067,-0.0223,0.24300000000000002,0.4533,0.9615,727.2449,0.9914,57.2243,0.6031,0.9795,6.304,15.92,4.92,15.96,15.96,1.399,0.7857,3.062,-0.0946,0.7436,2.3063,1006.0844,88.0,120.2,186.2,53.3,180.863,0.2243,0.1535,0.0807,0.0359,0.0068,5.7925,4.62,12.757,0.0059,0.27,0.0229,614.0,150.0,0.126,0.077,0.222,3.7,0.187,0.845,0.0722,0.8189,0.3488,0.802,0.306,0.1307,4.09,20.8,42.356,0.847,27.14,10.9,42.02,75.791,0.0651,0.043,0.0362,0.041,0.0352,0.064,0.104,0.108,4.0177,0.0857,0.0016,101.0593,0.0213,909.4004,0.0369,0.0256,0.0302,0.0078,89.0393,1.6562,0.0156,0.4671,0.0343,4.5258,23.8212,50.5909,60.5644,0.0786,1.2819,0.0481,1.4562,0.0784,0.0097,256.5125,218.4008,4413.093,61.4573,0.0521,0.0335,0.1049,0.9926,0.027,0.0666,0.3146,0.031,0.0598,5.9707,0.0851,8.2762,0.0388,1.1161,5.9781,15.2429,0.2501,3.5103,4.7682,12.3846,26.643,0.0162,0.0192,0.016,0.0182,0.0087,0.0336,0.0554,0.0479,1.6976,0.0259,0.0006,32.4708,0.0068,324.0479,0.0089,0.0026,33.0666,0.4932,0.0058,0.1503,0.0112,10.5767,1.3543,3.8077,4.0812,7.5797,2.4047,14.5595,26.7732,9.8903,56.3615,3.0611,0.5981,2.1622,1.6356,143.7705,9.5208,12.7401,4.0617,4.2588,5.5938,41.9492,42.0968,4.0087,0.9826,0.8463,1.2806,0.113,5.2264,5.7773,3.8908,10.0825,2.97,3.27,20.046,6.8238,8.4107,11.3907,185.6937,5.9052,33.7458,99.0865,412.8419,114.7432,305.4004,519.5572,63.1787,536.7742,865.7315,55.9599,3.0701,3.5251,0.1607,5.6137,12.8967,0.0,68.1739,577.7778,6.6706,0.815,12.2434,0.0978,2.8943,7.4093,1.4871,11.5631,77.53158469582029,17.14371936609047,1.2495669851270863,8.04633707494801,0.5027681854443888,67.4397128035709,4.236393000939813,1.5887094354607436,0.0789,0.0226,8.3522,10.42,0.1138,3.779,0.0476,4.1373,17.3813,533.77,2.0384,6.66,0.2881,2.4182,0.0966,1.2477,14.1331,0.0178,3.5857,0.0335,0.0122,36.297
-1.0,3071.43,2216.4778,0.8379,105.1111,1.4103,-0.0089,0.0061,200.6603,7.2552,425.6299,0.981,190.8577,12.4892,1.3854,-5528.5,1349.75,0.9938,1.8847,5.1845,69.0889,2.8667,0.1959,85.2601,8.5779,64.1459,66.183,86.6492,63.93999999999998,5.019,354.7291,135.9009,731.9724,0.9287,139.2764,629.9064,116.1783,4.584,4.829,2858.0,0.9265,1.49,354.5527,10.4273,117.3909,10.4974,18.51,24.3465,707.6259,148.8755,620.8191,96.7349,-0.0175,-0.0087,-0.0667,-0.0035,-0.0974,-0.0209,-0.0011,6.9937,0.1291,0.9894,1875.3806,0.1591,8630.7298,0.0536,0.0167,-0.0549,-0.1107,0.4565,0.9481,764.6541,0.9903,58.4683,0.61,0.9664,6.3956,15.92,4.92,15.96,15.96,1.399,0.7857,3.062,-0.0946,0.7436,2.3063,1006.0844,110.0,208.5,227.9,53.3,180.863,0.2243,0.1148,0.0526,0.0447,0.0053,5.9941,4.564,17.567,0.0044,0.36,0.0475,579.0,275.0,0.133,0.087,0.245,2.7,0.158,0.8687,0.0754,0.6137,0.3693,0.7476,0.78,0.1297,7.01,23.14,24.761,0.26,16.92,7.2,33.984,66.867,0.0612,0.0443,0.0428,0.0276,0.0522,0.0662,0.1037,0.0569,3.4533,0.0404,0.0016,137.5809,0.0416,844.1001,0.0174,0.0147,0.0158,0.0241,90.6258,3.3249,0.0218,0.4251,0.0343,4.5258,28.0674,74.5673,64.5534,0.0786,1.2819,0.0472,1.2757,0.0884,0.0151,254.6743,308.4461,2445.5209,129.2372,0.0604,0.0373,0.117,0.8781,0.0264,0.053,0.3207,0.0304,0.1053,5.3185,0.211,11.2839,0.0384,2.2935,6.845,7.078,0.0834,1.6543,1.5486,10.4361,26.4579,0.0208,0.0197,0.0175,0.0116,0.015,0.0368,0.0514,0.0248,1.3516,0.0132,0.0005,43.1682,0.0124,259.3762,0.0042,0.0084,28.6069,1.067,0.007,0.1393,0.0112,10.5767,1.3543,4.7214,6.7884,9.6131,2.4047,14.5595,26.7732,8.1402,62.9068,4.1273,0.4508,2.8825,3.4307,96.8617,20.3741,13.3836,4.616,4.7256,3.908,17.4419,32.6716,3.3841,1.0189,0.879,0.9567,0.1852,4.8093,9.8748,5.316,13.963,5.0332,3.6736,21.3129,9.842500000000001,2.4935,8.5185,161.1828,4.8025,11.1904,69.124,348.8422,122.2912,41.3483,0.0,67.9671,494.9881,0.0,49.3779,1.3169,1.6709,0.1635,7.3362,26.1645,714.8936,50.2513,0.0,3.4565,2.5393,11.8519,0.1067,5.6866,6.6474,1.4871,11.5631,78.606,11.88,0.87,5.6551,0.3438,119.4835,2.9274,1.1068,0.082,0.0215,8.5751,6.496696209686687,0.14819903061531978,2.686695996655163,0.06191705157412716,2.481327618195259,20.248474335948487,533.5727,2.147,10.21,0.3167,3.4322,0.0923,1.9135,14.7511,0.0127,2.5374,0.0335,0.0122,36.297
-1.0,3026.87,2163.8667,1.6273,100.8,1.4862,0.0014,-0.0056,194.5337,7.1662,415.7168,0.9797,185.1278,12.508,1.3904,-4952.25,-415.0,1.287,2.0195,7.3807,66.5222,2.4778,0.2158,85.5528,8.9546,64.1864,66.2016,86.9821,78.38,1.831,352.2264,127.3464,713.2858,1.0692,139.33,618.9027,49.9345,4.588,4.846,2820.0,0.9352,3.2491,348.9891,10.5308,110.5955,12.4782,16.7509,23.4873,689.7986,146.84,606.4245,69.9023,0.0052,0.0316,-0.0148,-0.0106,-0.1094,-0.0245,0.0239,7.1416,0.1277,0.9729,1821.9848,0.1883,9026.55,0.0084,0.0465,0.0794,0.0324,0.4624,0.9478,783.251,0.9908,57.6354,0.6114,0.9787,6.4069,15.93,4.585,15.98,15.95,1.376,0.6903,2.92,-1.655,0.7591,2.2937,1005.3318,149.0,61.2,116.1,58.7,259.343,0.2145,0.1004,0.0535,0.0412,0.0065,7.2936,3.458,14.583,0.0049,0.36,0.0495,400.0,732.0,0.124,0.122,0.198,2.6,0.18,0.76,0.0593,0.6347,0.4036,0.6944,1.211,0.1758,5.81,27.76,22.888,0.358,21.94,4.32,32.633,102.584,0.0953,0.0525,0.0849,0.0731,0.0787,0.0681,0.0795,0.0481,2.8988,0.0328,0.0025,120.9088,0.0337,896.0,0.0166,0.0142,0.0138,0.0115,78.5765,2.2043,0.0187,0.6479,0.0215,4.0608,36.9695,21.5442,36.7185,0.0722,2.318,0.039,1.0908,0.0969,0.0148,202.3001,138.2703,2547.8987,328.0803,0.0507,0.0613,0.0827,0.951,0.0359,0.0611,0.3021,0.0227,0.1049,6.8121,0.4022,8.7655,0.048,1.7989,7.4111,7.345,0.1248,1.1225,1.1856,9.6203,36.3149,0.0254,0.0223,0.0407,0.0306,0.018,0.0369,0.0375,0.0215,1.1416,0.0128,0.001,44.847,0.0091,253.1117,0.0046,0.0035,23.2022,0.7406,0.007,0.2046,0.0066,9.1571,1.2545,6.5728,2.0219,4.7643,2.7127,23.4474,13.1809,6.7555,48.2544,3.5079,0.4977,2.8782,3.5608,108.9202,176.3855,9.6348,6.0411,2.6827,3.9085,32.287,55.6128,5.2812,0.8883,0.6623,0.9888,0.1188,6.4192,6.6119,4.1135,16.4389,4.17,4.4854,45.836,7.9898,3.3996,6.6549,175.8273,4.7308,47.129650000000005,146.7535,0.0,219.8953,493.9189,738.9671,62.2629,324.4898,201.0449,40.5903,1.5664,1.3885,0.2563,6.6361,17.8996,204.133,37.9691,608.0,2.9784,1.2097,10.0321,0.0799,3.8246,10.112,0.9382,9.4593,79.988,11.56,2.17,5.2016,0.88615,83.6262,2.8675,2.7379,0.0926,0.0236,9.4814,6.381074468241491,0.14668025211004684,2.58293014940348,0.06234528229295408,2.430446146370126,20.4889790758076,533.7791,1.6068,9.31,0.2706,3.364,0.0782,1.7442,16.8414,0.0212,4.2023,0.0335,0.0122,36.297
-1.0,2983.83,2235.0556,1.6347,109.9856,1.5828,0.0091,-0.0045,197.1978,11.2427,411.4665,0.9807,187.1781,12.5451,1.425,-6375.125,1430.0,0.9855,1.8912,5.1953,67.3,2.8778,0.1929,88.2693,9.97415,65.0056,66.94045000000003,87.0024,77.9,3.552,354.1809,137.4791,733.2048,0.9168,138.79,630.45,118.7253,4.584,4.829,2858.0,0.9265,-1.0927,354.2364,10.4813,116.3864,11.845,21.0927,27.729,705.4758,149.3582,619.9809,60.3025,0.0133,-0.0086,-0.0505,0.0064,-0.0723,-0.0303,0.0379,6.9292,0.1322,0.9894,1772.8633,0.1968,8867.06,0.0658,0.0651,-0.1411,-0.1377,0.4432,0.9412,774.5916,0.9917,58.0151,0.6036,0.9677,6.3531,15.92,4.567,15.99,15.99,1.338,0.6982,3.019,0.2365,0.7287,2.2728,1008.7232,141.0,174.4,147.4,52.7002,340.736,0.0928,0.2271,0.0517,0.044,0.01,5.719,5.091,14.337,0.0051,0.27,0.0649,515.0,211.0,0.119,0.075,0.271,3.2,0.179,0.792,0.2011,0.4391,0.16,0.7855,0.711,0.0836,7.68,23.41,30.347,0.396,12.18,4.13,33.358,109.262,0.0429,0.0559,0.0245,0.0857,0.045,0.0937,0.0828,0.1423,5.5516,0.047,0.002,152.8048,0.0629,847.9004,0.0256,0.021,0.120188138292432,0.02,94.5694,3.3436,0.0252,0.3902,0.0322,5.223,36.8516,55.0739,53.3765,0.0315,1.8399,0.08085,1.8204,0.0798,0.0249,216.9531,269.0965,3649.1942,89.0431,0.0487,0.0344,0.1266,0.9605,0.0353,0.0573,0.3219,0.0816,0.1215,5.8811,0.2388,11.3675,0.0277,2.7703,6.7731,8.3657,0.1131,1.3739,1.8408,11.0523,34.1562,0.0131,0.0242,0.0111,0.0445,0.012,0.0466,0.0436,0.074,1.8342,0.0138,0.0006,50.0358,0.0177,268.3078,0.02801905827358544,0.0066,29.3507,0.8507,0.0083,0.1332,0.0106,11.6371,1.8206,6.2522,5.8448,6.1069,2.3579,26.1569,5.6797,14.348,45.2826,3.4844,0.5172,2.1522,4.5516,124.9577,14.7552,12.0751,3.9656,5.2163,4.7548,27.7992,55.4724,3.8369,0.7681,0.8684,0.5866,0.1641,5.1838,9.696,5.1545,9.1137,5.5335,3.7132,25.5607,9.842500000000001,3.7782,10.4737,102.8283,4.7284,47.129650000000005,172.49815,321.4988,61.21,169.787,706.5751,129.5093,273.493,375.2142,80.1193,4.4644,1.9282,0.2063,8.6191,31.973,0.0,48.5126,514.2857,26.600115265074077,2.1275,12.2089,0.0494,5.7634,6.1425,1.4182,13.3877,80.302,15.78,1.58,7.6585,0.5686,103.4141,3.8645,1.9676,0.7563,0.1946,72.9703,6.513435846812084,0.13905761025993643,2.6114147653428947,0.05694397698607109,2.4975010122379446,19.762340165890663,535.1664,2.0973,7.19,0.2556,2.2021,0.0745,1.3435,12.1875,0.0127,2.5286,0.0335,0.0122,36.297
-1.0,2923.26,2216.4778,0.8379,105.1111,1.587,-0.0191,0.0064,200.2693,10.4684,413.349,0.9789,190.6345,12.4849,1.4062,-4901.75,7084.9583,1.3068,1.9838,7.4213,65.2,0.9666999999999999,0.07170000000000004,85.8807,9.754,63.9959,66.5687,87.1954,65.11,3.462,353.6882,136.9836,734.0079,1.3916,143.1873,633.8591,197.9676,4.587,4.831,2856.0,0.927,0.2536,352.9909,10.4539,117.2373,15.8009,19.7464,28.3785,705.6295,147.83,618.0582,95.9877,-0.0023,-0.0095,-0.0509,0.0261,-0.0802,-0.0139,-0.0085,7.341,0.1342,0.9812,1739.3732,0.2033,9141.3299,0.057,-0.0651,0.024,-0.1793,0.4633,0.9301,773.3142,0.9909,58.3607,0.6009,0.9759,6.3499,15.92,4.92,15.96,15.96,1.399,0.7857,3.062,-0.0946,0.7436,2.3063,1006.0844,150.0,75.7,74.7,53.3,180.863,0.2243,0.0639,0.0326,0.0577,0.0117,9.5523,6.374,3.866,0.0063,0.3,0.0232,300.0,14342.0,0.067,0.045,0.116,3.9,0.623,0.4955,0.0807,0.5871,0.3767,0.9365,0.67,0.1189,11.17,19.14,60.335,0.312,18.51,6.89,31.294,89.205,0.0938,0.0416,0.0387,0.0154,0.108,0.0803,0.0856,0.0566,4.1343,0.0568,0.0102,85.0316,0.1041,1023.7998,0.0199,0.0163,0.0157,0.052199999999999996,116.9719,2.5138,0.0251,0.563,0.0343,4.5258,40.2363,25.4912,25.3304,0.0786,1.2819,0.0221,2.3301,0.0849,0.0084,127.4765,171.9486,2986.7497,6547.8735,0.0293,0.02,0.0487,1.0559,0.034,0.1861,0.2118,0.0379,0.1003,5.0449,0.207,11.0746,0.0364,3.1026,5.8897,15.0319,0.0865,1.7943,1.835,10.1299,26.877,0.0257,0.0177,0.0184,0.0078,0.0305,0.0358,0.0418,0.0241,1.4038,0.0164,0.0029,26.5595,0.0306,307.9922,0.005,0.0168,33.3992,0.6542,0.0082,0.1827,0.0112,10.5767,1.3543,6.3582,2.5896,2.9313,2.4047,14.5595,26.7732,4.0265,60.8882,0.9353,0.6415,2.4029,1.6498,124.8534,129.9712,5.1272,2.2684,1.5631,5.9816,127.49480000000001,159.51774999999998,17.6894,0.577,0.8274,0.9174,0.1407,5.1854,10.2348,5.1268,8.5405,7.801,3.0196,30.4772,5.9487,2.9845,7.0114,117.1451,4.4349,18.659,92.9338,0.0,92.8571,30.2405,414.4879,100.1247,614.7217,663.9296,56.3176,2.3853,2.3343,1.039,4.8886,51.1943,0.0,69.1162,640.0,3.3868,5.5677,15.1261,0.1006,4.3074,8.8665,1.4871,11.5631,79.98920051762246,16.823009363367905,1.300336317886284,7.660608129157146,0.5477092813327336,59.112258913147706,4.170959584090728,1.5996049287846195,0.2003,0.0413,20.7785,6.36033240737805,0.1364173023842262,2.5518628486794386,0.05628641208693694,2.4487889483187906,18.882403396497057,532.1109,2.0349,9.49,0.2684,3.3041,0.0757,1.7835,13.1891,0.0088,1.774,0.0335,0.0122,36.297
-1.0,2967.53,2155.6333,0.8024,101.4333,1.5267,0.0228,0.0068,199.386,9.6348,419.3355,0.9744,189.9278,12.5351,1.4006,-1363.875,-3844.6667,1.3153,2.0035,7.372,68.6,2.1222,0.1899,85.1669,8.3324,64.154,66.2381,86.8346,77.63,3.385,359.8564,144.4655,749.0093,0.8981,134.83,639.1518,127.2692,4.643,4.857,2852.0,0.9236,-0.7036,362.2455,10.087,123.7618,8.4078,20.7036,26.841,722.1683,146.0609,632.0682,78.0255,-0.0168,-0.0223,-0.1009,0.0124,-0.0723,-0.0202,-0.0295,8.0846,0.1373,0.9904,1788.815,0.1721,8605.28,-0.0723,0.0521,-0.0173,-0.24175000000000002,0.4701,0.9763,731.9925,0.9905,58.1742,0.6092,0.9655,6.3727,15.92,4.567,15.99,15.99,1.338,0.6982,3.019,0.2365,0.7287,2.2728,1008.7232,81.0,61.3,89.1,55.2,330.043,0.1043,0.0825,0.0572,0.0493,0.0146,10.7803,5.121,3.621,0.0099,0.26,0.0534,307.0,6072.0,0.053,0.109,0.175,1.9,0.393,0.9912,0.2526,0.5231,0.2366,0.7471,0.625,0.1223,10.54,21.78,31.296,1.011,19.06,6.92,37.126,147.348,0.0772,0.1015,0.0172,0.0395,0.055,0.0631,0.0693,0.0415,2.423,0.0445,0.0009,132.3302,0.0416,1226.8999,0.0369,0.0212,0.0798,0.0082,130.6542,1.9631,0.0234,0.4206,0.0322,5.223,22.7229,19.4421,28.4559,0.0379,2.2388,0.032,1.6541,0.0787,0.0209,132.7137,122.7772,5823.189049999999,3261.07,0.0249,0.051,0.0772,0.7018,0.0545,0.1245,0.3511,0.0985,0.0919,5.5866,0.2142,10.9962,0.0316,2.919,6.6613,9.2011,0.3113,2.2379,2.3503,11.3837,42.4725,0.0251,0.0455,0.007,0.0171,0.0139,0.0319,0.0371,0.0235,0.9043,0.0142,0.0003,42.8612,0.0167,350.8352,0.0198,0.0024,37.3043,0.691,0.0074,0.1427,0.0106,11.6371,1.8206,3.6701,2.0657,3.4999,2.5607,30.8439,13.004,5.4038,53.151,0.8635,1.0179,2.0742,3.8105,0.0,157.9331,4.0297,5.4405,2.3738,2.7697,70.6806,86.3663,11.495,1.1638,2.9167,0.8154,0.244,5.3382,8.0919,4.9094,13.6217,7.8172,3.4076,24.5904,5.6016,10.0228,9.8415,226.6942,5.1409,40.3194,172.49815,459.0115,182.0628,39.1671,443.996,87.3054,342.2222,140.9168,29.9704,4.941799999999999,1.8035,0.0883,7.3976,24.1927,0.0,39.2894,814.2857,16.9746,0.8445,17.8491,0.0793,3.3745,6.6006,1.4182,13.3877,74.25,14.59,0.47,6.7742,0.1823,32.3307,3.6503,0.633,0.4442,0.0758,45.6897,6.413500571284566,0.1391329033681836,2.5786923476880874,0.06213658443449724,2.435402010316452,20.28567815190023,541.7199999999999,2.0367,15.390000000000002,0.6164999999999999,5.3345,0.18730000000000002,2.8874999999999993,28.50255,0.0124,2.4606,0.0335,0.0122,36.297
-1.0,2996.16,2180.7,1.0177,98.9367,1.4616,-0.01,0.0037,199.3767,8.4764,400.0975,0.9739,188.6517,12.5227,1.409,-3734.6667,-2479.5,1.3155,2.0005,7.348,66.0,2.2333,0.1888,84.7226,8.9635,64.2798,66.2774,86.9622,77.84,3.243,360.0355,139.8255,742.7117,0.9261,138.0236,637.8845,125.8539,4.659,4.911,2848.0,0.928,3.73,360.4655,10.2115,123.5555,12.2001,16.27,20.899,721.8127,144.3464,628.3673,55.2647,-0.0173,0.0007,-0.0935,0.0213,-0.086,-0.0046,-0.0326,7.5661,0.1306,0.9915,1800.4917,0.1561,8328.6299,0.029,-0.0112,0.0338,0.1123,0.458,0.9563,645.7231,0.9912,59.1681,0.6002,0.9751,6.2531,15.95,4.41,16.01,15.97,1.447,0.6809,3.118,-0.5204,0.7232,2.2771,1007.4808,125.0,138.6,202.4,45.7,442.248,0.2324,0.1143,0.0546,0.0444,0.0192,10.574,2.825,14.801,0.0098,0.28,0.0463,661.0,2896.0,0.249,0.099,0.174,2.1,0.624,0.6475,0.072,0.5249,0.2169,0.7847,0.824,0.0633,10.52,25.7,18.411,1.491,10.06,6.47,37.814,112.652,0.0491,0.0435,0.0708,0.0404,0.0542,0.1033,0.0644,0.0455,3.3629,0.0851,0.0012,148.652,0.0339,623.7002,0.0235,0.0136,0.0161,0.0212,72.2847,2.9644,0.0264,0.4438,0.0413,2.7649,33.1282,53.1489,69.2086,0.0708,2.5498,0.0349,0.7579,0.0695,0.0174,297.0617,241.7387,64.0495,1198.2767,0.104,0.0435,0.0799,0.7681,0.044,0.1847,0.261,0.0274,0.1076,6.7593,0.2849,11.1104,0.0206,3.3227,7.4496,7.1298,0.407,1.7411,1.5776,10.9272,30.4611,0.0147,0.0182,0.0331,0.0217,0.0141,0.0557,0.0293,0.0211,1.1761,0.0265,0.0003,49.1085,0.0119,233.201,0.0054,0.0059,23.6225,0.7775,0.0094,0.1472,0.0135,11.4372,0.8707,5.6721,4.6259,8.2637,2.0957,38.1451,22.8359,7.8203,33.328,3.6993,1.0107,2.2359,3.2838,3.3738,116.7977,18.9282,4.9488,2.368,3.1818,53.7313,74.1613,18.6715,0.7643,0.8028,0.8166,0.1552,5.3911,8.4105,4.8037,6.8373,7.6219,4.0289,14.6289,4.9408,14.6011,9.6313,82.4586,5.2388,47.129650000000005,172.49815,283.3033,74.4863,43.2201,254.0873,120.0814,0.0,139.3568,44.4465,4.941799999999999,3.5477,0.118,8.2562,21.7002,214.5957,20.9567,0.0,3.5156,2.221,11.1944,0.0558,5.0102,7.0973,1.8115,7.2038,81.548,17.49,1.61,8.4276,0.7135,42.3374,4.3644,1.9743,0.3259,0.0726,34.4987,6.419871898376191,0.1680823643678838,2.5470696177543672,0.07196815540942711,2.4454438227590423,21.973706374106634,536.2118,1.9617,9.64,0.3201,3.3571,0.0883,1.7978,16.3179,0.0132,2.6314,0.0335,0.0122,36.297
-1.0,3072.99,2126.6555,1.4381,102.4733,1.5006,-0.0321,-0.0087,197.3168,10.9411,406.7105,0.9736,187.837,12.5351,1.4005,-3447.0,1495.75,0.9755,1.881,5.0473,68.8,1.9444,0.1397,83.6359,9.7836,64.1163,66.5667,87.2,66.12,3.242,360.4636,146.1582,751.6531,0.8908,134.9173,641.5391,121.8364,4.643,4.857,2852.0,0.9236,-0.4173,361.2082,10.127,125.7409,11.4469,20.4173,27.1259,724.5272,145.7555,632.7045,71.7535,0.0109,0.0159,-0.0869,-0.0104,-0.0964,-0.0081,-0.0024,6.7418,0.1385,0.9871,1763.0268,0.1872,9137.5001,-0.0346,-0.0512,0.0161,-0.0415,0.4633,0.9424,778.3407,0.9914,58.2714,0.6,0.9772,6.3482,15.92,4.92,15.96,15.96,1.399,0.7857,3.062,-0.0946,0.7436,2.3063,1006.0844,86.0,160.3,137.4,55.0999,252.0059,0.1443,0.1088,0.0738,0.0449,0.0156,11.0911,6.65,14.211,0.011,0.26,0.0568,531.0,153.0,0.127,0.093,0.181,2.7,0.098,0.5844,0.0617,0.5844,0.3105,0.7618,0.758,0.1121,12.63,23.48,25.977,1.216,20.16,4.64,39.539,95.869,0.09,0.0435,0.0773,0.0682,0.0503,0.0616,0.1108,0.0563,4.7725,0.0358,0.0023,124.1927,0.0413,805.9004,0.012,0.0084,0.0175,0.0245,80.1763,2.6445,0.0214,0.5906,0.0343,4.5258,22.9356,56.2574,50.4749,0.0475,2.6595,0.0372,2.2186,0.0787,0.0214,234.9503,273.4476,179.2568,67.2774,0.0519,0.0383,0.0808,0.8322,0.0219,0.0336,0.2303,0.0313,0.1059,7.353,0.2506,11.4628,0.0334,4.0338,6.978,8.6456,0.3854,1.3416,1.721,11.9241,29.0347,0.0254,0.0197,0.0326,0.0295,0.0133,0.0306,0.0488,0.0276,1.9053,0.0129,0.0009,42.0521,0.0112,213.809,0.0053,0.0072,20.34,0.6938,0.0085,0.187,0.0112,10.5767,1.3543,3.808,5.2164,5.5591,2.5909,24.8263,10.0314,7.2507,60.7801,3.4941,1.1263,2.0742,4.0577,10.3568,10.229,13.019,4.9442,3.5861,3.9244,36.0,48.6874,2.1136,0.6987,0.6306,0.9115,0.1628,6.2281,9.6539,4.9722,12.5851,9.3613,3.6599,21.3212,5.6016,12.0075,11.2056,176.118,5.4572,23.1128,133.6089,821.9178,53.3579,78.4584,485.4041,63.9004,0.0,0.0,70.7899,2.0935,1.5059,0.2348,7.0443,22.0691,380.7365,34.1801,407.2727,3.7746,2.5987,10.3009,0.0451,4.5383,9.303,1.4871,11.5631,75.02,17.83,0.4,8.6858,0.1548,90.864,4.3577,0.5332,0.163,0.0336,17.2927,4.43,0.1641,2.1123,0.071,1.6723,19.2648,536.15,1.9941,8.78,0.3613,3.2879,0.099,1.6376,18.1211,0.0174,3.4384,0.0335,0.0122,36.297
-1.0,3017.28,2124.8444,0.8465,100.7978,1.5211,0.0206,-0.0159,200.4979,11.4927,416.3685,0.9734,190.8051,12.4892,1.3804,-3766.5,-186.75,1.2898,2.0528,7.45,68.6333,2.3889,0.1896,85.2505,8.7812,64.0886,66.1006,86.6597,79.07,3.103,355.0418,130.3027,727.252,1.4224,143.7591,629.1036,161.6224,4.6,4.859,2858.0,0.9314,1.4464,353.7873,10.6531,111.7491,14.8863,18.5536,23.7545,703.4975,148.6809,614.2173,112.3516,0.0183,-0.0371,-0.0384,0.0317,-0.0872,-0.0227,-0.0046,7.2088,0.1299,0.9906,1814.3331,0.1597,8589.6398,0.006,0.0149,-0.0077,-0.0553,0.4593,0.93,743.0132,0.9905,59.6185,0.6105,0.9691,6.2904,15.95,4.41,16.01,15.97,1.447,0.6809,3.118,-0.5204,0.7232,2.2771,1007.4808,139.0,124.4,52.3,57.4001,533.8361,0.12,0.1316,0.0745,0.0468,0.0088,7.4456,7.105,9.773,0.0074,0.36,0.1164,725.0,962.0,0.078,0.118,0.081,1.7,0.603,0.7017,0.0929,0.3964,0.3561,0.7394,0.23,0.1945,4.2,17.41,69.012,0.873,23.35,13.99,29.086,28.007,0.1201,0.0489,0.0294,0.0835,0.0883,0.0573,0.0825,0.0787,1.857,0.0985,0.0005,74.6156,0.0479,744.0,0.0148,0.0106,0.0158,0.024,84.6305,2.7317,0.0141,0.4343,0.0413,2.7649,34.3845,41.8918,16.7901,0.0368,2.5067,0.0415,2.5033,0.0884,0.042,314.8411,51.0123,421.9419,442.6506,0.0406,0.0519,0.038,0.4899,0.0429,0.2075,0.2774,0.0383,0.1054,6.554,0.0818,6.2726,0.0561,1.314,5.2094,22.4284,0.2311,3.6962,3.9589,9.3259,8.4476,0.0284,0.0232,0.0151,0.0388,0.0256,0.0276,0.0445,0.0372,0.68,0.029,0.0002,20.7063,0.0126,228.0939,0.0052,0.0074,29.9005,0.9,0.0055,0.1394,0.0135,11.4372,0.8707,6.114,4.1229,2.0186,2.7014,45.2295,14.1805,8.6518,61.8217,2.3472,0.7595,2.8825,8.4311,24.771,515.1272,6.0477,5.7484,1.0872,2.4769,75.3488,77.5498,17.2939,0.8231,1.0578,0.6185,0.208,5.6979,14.7886,2.5957,13.6717,2.9216,2.7674,42.6995,6.2692,8.1948,17.537999999999997,156.8551,4.1345,20.55,24.928,656.0601,85.8271,217.5896,278.8788,65.711,363.0363,0.0,25.7597,1.5391,4.1487,0.0526,4.1126,30.0109,683.871,65.1163,0.0,3.4478,2.5821,11.3902,0.0997,4.582,6.9034,1.8115,7.2038,81.65,13.87,1.62,6.501,0.6762,35.7651,3.417,1.9841,0.588,0.0989,61.233,6.411954029030443,0.15828022564121622,2.6242384767058136,0.0691803919303092,2.4549023828445726,21.293475489590243,533.0327,2.0001,9.3,0.3841,3.3142,0.1102,1.7447,19.206,0.0157,3.125,0.0164,0.0093,56.705
-1.0,3009.4,2164.3,1.3626,102.1322,1.574,-0.0116,-0.0051,199.8059,7.0985,416.359,0.9792,189.7833,12.4824,1.4105,-1363.875,4327.0,1.2997,2.0347,7.289,70.9,2.1556,0.1822,84.7348,8.6706,64.5635,65.8977,86.8967,77.84,3.515,352.8573,130.3609,723.8464,0.9583,139.8736,623.0918,123.1063,4.566,4.796,2876.0,0.9295,4.8364,352.92,10.4793,115.1973,6.5598,15.1636,20.0445,703.8019,149.5873,617.7045,103.1089,0.0083,-0.0052,-0.0796,0.0033,-0.0995,-0.0178,-0.008,7.832,0.1318,0.99,1809.8939,0.2022,8373.26,-0.0938,0.0353,-0.0285,-0.0101,0.4624,0.957,722.5858,0.9914,59.8646,0.5989,0.9732,6.2049,15.91,3.193,15.96,15.95,1.04,0.5172,3.093,0.3311,0.7884,2.3378,1008.7769,82.0,138.0,140.1,45.7002,230.117,0.1287,0.1608,0.04,0.0377,0.0127,7.2755,4.097,13.44,0.0057,0.28,0.0466,571.0,16616.0,0.097,0.086,0.232,2.2,0.438,0.4945,0.0975,0.5131,0.4189,0.7879,0.237,0.0986,5.72,14.99,39.93,0.564,15.22,17.67,37.166,133.046,0.0634,0.0451,0.0336,0.0213,0.0427,0.109,0.0892,0.0429,3.5341,0.0244,0.0006,86.4391,0.054,582.6006,0.016,0.017,0.0182,0.0185,69.2999,2.8531,0.0272,0.5264,0.0304,3.5779,24.5398,48.6255,47.3265,0.0401,2.5113,0.0549,1.0716,0.0821,0.0166,251.187,141.6322,4709.1321,8473.1002,0.0442,0.0399,0.1002,0.7842,0.0387,0.1374,0.2281,0.0386,0.034,6.8081,0.0799,6.7104,0.0292,2.0263,4.5989,9.7684,0.1621,4.5988,5.2593,10.8054,38.8822,0.0148,0.0215,0.0164,0.0093,0.0131,0.054,0.0499,0.0198,1.2024,0.0102,0.0002,25.6649,0.0185,176.1937,0.0052,0.0069,20.1077,0.7282,0.0094,0.1781,0.0111,10.5761,1.1475,3.8361,4.5856,5.7503,2.1115,22.3111,9.4461,10.216,57.7161,3.228,0.5803,2.2431,3.3016,298.58439999999996,384.0074,7.463,4.2266,3.1829,3.103,51.0309,56.5244,12.8191,0.5836,1.1239,0.7947,0.6795,5.6283,17.0757,2.8539,10.2884,4.0894,2.4057,32.4354,6.7865,5.3821,17.537999999999997,232.0189,5.2807,36.9164,129.0344,762.7068,73.3035,26.7672,0.0,109.6028,501.8284,537.931,45.1235,2.96,0.9992,0.0596,4.7759,26.7005,0.0,47.1204,0.0,3.9263,1.9314,9.5905,0.0427,4.7659,8.4838,1.3018,8.3022,76.686,12.67,0.42,4.9269,0.179,47.3263,3.1711,0.5477,0.1361,0.0315,14.8109,4.98,0.0877,2.0902,0.0382,1.8844,15.4662,532.5646,2.7395,13.35,0.6164999999999999,4.0485,0.18730000000000002,2.5067,28.50255,0.0191,3.7962,0.0164,0.0093,56.705
-1.0,2979.95,2164.3,1.3626,102.1322,1.4899,0.0005,0.0055,199.7459,9.27,426.9702,0.9813,189.7365,12.4824,1.4088,-4518.75,1277.0,0.9935,1.8925,5.18,70.2222,2.7,0.1813,84.7348,8.6706,64.5635,65.8977,86.8967,77.84,3.515,350.4273,137.3291,735.4157,0.8866,144.6427,632.3991,113.8125,4.632,4.856,2867.0,0.9357,-2.6655,352.5,10.5644,114.6636,12.7551,22.6655,28.1985,707.2173,153.8045,620.9682,111.2536,0.0084,-0.0085,-0.0713,-0.0119,-0.0998,-0.0154,-0.0122,7.8686,0.1322,0.9893,1697.1242,0.1978,8884.93,-0.0542,0.0102,-0.0754,0.0179,0.4741,0.9194,754.1953,0.9914,59.4602,0.5992,0.9756,6.2276,15.91,3.193,15.96,15.95,1.04,0.5172,3.093,0.3311,0.7884,2.3378,1008.7769,105.0,98.2,25.2,45.7002,230.117,0.1287,0.1592,0.0306,0.0383,0.0112,9.5853,3.779,10.851,0.005,0.28,0.0887,240.0,103.0,0.094,0.072,0.06,3.9,0.109,0.4945,0.0975,0.5131,0.4189,0.7879,0.381,0.0741,6.97,13.16,14.271,0.24,14.42,7.37,32.856,77.806,0.0619,0.0527,0.075,0.0507,0.0464,0.1045,0.0972,0.0379,3.1904,0.0348,0.0018,72.6282,0.0292,435.1006,0.015,0.0154,0.0876,0.0172,54.4973,1.9177,0.0277,0.608,0.0304,3.5779,24.3936,31.4096,8.6211,0.0401,2.5113,0.0495,1.0905,0.0821,0.0337,99.1195,170.2731,1648.3522,44.4447,0.0418,0.0325,0.0289,1.1956,0.0262,0.0331,0.2281,0.0386,0.034,6.3086,0.1285,6.5051,0.0215,2.2578,3.9053,5.6664,0.0671,2.5659,3.8444,9.3135,23.5062,0.0144,0.0242,0.0314,0.0213,0.0123,0.0515,0.0507,0.0161,0.9412,0.0125,0.0005,21.4212,0.0099,145.1191,0.0224,0.0058,16.7571,0.5687,0.0088,0.2011,0.0111,10.5761,1.1475,4.7309,3.2954,1.0006,2.1115,22.3111,9.4461,10.6851,40.7659,2.5414,0.5141,2.2431,6.2988,84.3154,8.0658,9.4615,3.8045,1.1583,5.5538,25.9259,43.0147,2.3291,0.5836,1.1239,0.7947,0.6795,5.1851,5.3375,2.9982,8.3588,4.8188,2.081,12.5391,8.9899,2.2718,4.0117,113.0528,4.6458,14.6192,69.9357,734.1735,90.3171,71.108,388.8947,104.7357,632.1951,310.0204,40.5457,1.9075,1.4208,0.1811,4.2795,14.7521,0.0,72.2222,0.0,18.4647,1.8716,7.2259,0.0619,3.2251,9.7636,1.3018,8.3022,79.222,13.4,1.23,6.5673,0.4706,21.0689,3.4456,1.5526,0.1361,0.0315,14.8109,7.36,0.1041,2.6174,0.0423,2.9108,13.0993,532.5646,2.7395,13.35,0.6164999999999999,4.0485,0.18730000000000002,2.5067,28.50255,0.0141,2.8005,0.0267,0.0134,50.053
-1.0,2978.67,2253.5111,0.966,109.7611,1.5643,0.0263,-0.0021,200.1374,9.2329,405.9453,0.979,189.6617,12.5218,1.385,-6375.125,5204.0,1.273,1.9952,7.2893,68.0,1.6222,0.1439,84.7007,8.7283,63.9335,66.2469,86.6108,63.93999999999998,5.041,367.3891,145.5818,755.882,1.2433,135.1936,648.1645,203.2663,4.67,4.931,2836.0,0.9217,-0.3455,369.5964,9.678249999999997,125.2364,9.4727,20.3455,28.4793,727.4027,143.8591,638.6918,71.3735,0.0125,0.0265,-0.0372,0.0252,-0.0794,-0.0285,0.0442,6.7025,0.1274,0.99,1769.8568,0.1967,8400.72,-0.1358,-0.0772,0.027,-0.1054,0.45,0.9307,712.0768,0.9905,58.5845,0.6055,0.9758,6.2756,15.92,4.567,15.99,15.99,1.338,0.6982,3.019,0.2365,0.7287,2.2728,1008.7232,132.0,123.4,69.9,70.4001,403.536,0.1905,0.0604,0.0531,0.042,0.0107,7.5473,5.178,5.998,0.005,0.26,0.0489,1554.0,2131.0,0.183,0.112,0.159,2.6,0.384,0.5116,0.0342,0.7034,0.4111,0.6583,0.257,0.1082,4.41,20.0,66.904,0.975,16.43,6.6,35.999,41.656,0.1378,0.0429,0.0722,0.095,0.0901,0.0715,0.1101,0.104,4.3551,0.0681,0.002,128.1581,0.0402,809.4004,0.0218,0.0252,0.0211,0.0283,87.5464,3.9977,0.0308,0.5183,0.0322,5.223,34.9484,41.5767,26.3716,0.0522,2.0978,0.0232,1.7232,0.0743,0.0152,646.8982,239.5245,5823.189049999999,1022.9321,0.0813,0.0525,0.0699,0.9721,0.0663,0.1345,0.2085,0.0153,0.0919,5.6345,0.0729,9.1953,0.0361,1.2723,5.8483,19.4914,0.3542,2.1024,2.8494,10.9004,12.1323,0.0317,0.0203,0.0302,0.0401,0.0261,0.0361,0.0533,0.0534,1.3583,0.0222,0.0006,41.057,0.0151,331.212,0.0055,0.0104,31.6843,1.2694,0.0106,0.1717,0.0106,11.6371,1.8206,6.0338,4.1428,2.7312,3.124,28.8754,19.7192,3.861,56.082,1.4775,0.5152,2.0764,3.5298,228.3117,40.9493,14.3755,5.6133,2.1813,3.8235,104.7945,118.1467,11.1265,0.604,0.3919,1.1002,0.6795,4.6028,6.395,4.1631,8.6996,3.262,3.0856,32.9145,5.5634,10.1217,8.7834,173.4462,4.949,17.5296,58.3634,0.0,58.7269,255.3763,357.0084,90.0787,386.9947,235.4273,64.977,1.962,2.8844,0.2059,7.2412,20.4192,973.913,45.7338,549.3976,4.6806,3.0438,12.2945,0.1105,6.8237,8.2584,1.4182,13.3877,79.35751764723668,16.950030137775546,1.2962783161859197,7.69262294415027,0.5363982483196363,46.343583063073886,4.181551833863249,1.6209742994774734,0.3212,0.0592,32.9353,6.4224691446164845,0.13398421600767915,2.597956310042596,0.053892518565250416,2.4537986015977005,18.45358754882264,532.6046,2.11,9.92,0.1493,3.3781,0.0429,1.8625,7.0781,0.0155,3.1036,0.0184,0.0127,68.7057
-1.0,3108.5,2162.8445,0.8286,100.3633,1.3701,-0.0081,0.0013,201.0986,7.0014,409.2618,0.9744,191.4793,12.5031,1.407,-4059.0,115.0,1.3167,2.0,7.421,68.5778,2.7111,0.1937,85.513,8.7932,64.0127,66.1703,86.8489,63.93999999999998,1.1460000000000004,352.2509,149.6,754.9506,0.8217,143.6209,645.4718,128.5811,4.61,4.852,2906.0,0.9276,-6.6055,355.8027,10.3885,122.9945,11.6909,26.6055,32.7516,722.199,154.9836,633.7809,57.8782,0.01,-0.0152,-0.066,0.0038,-0.0807,-0.0098,-0.0133,5.8337,0.131,0.985,1811.5779,0.1819,8622.7099,0.0977,0.0019,-0.0088,0.0089,0.4694,0.9494,735.6821,0.9903,57.7331,0.6075,0.9639,6.4464,15.93,4.585,15.98,15.95,1.376,0.6903,2.92,-1.655,0.7591,2.2937,1005.3318,141.0,166.0,200.3,58.8999,334.1429,0.0502,0.0656,0.0768,0.0457,0.0093,7.4246,4.008,16.459,0.0064,0.4,0.0187,533.0,760.0,0.133,0.093,0.276,2.3,0.523,0.6977,0.0637,0.4922,0.214,0.7596,0.639,0.0837,3.54,22.06,18.117,0.375,21.47,7.14,30.665,73.231,0.0464,0.0539,0.0408,0.0144,0.0232,0.0959,0.0815,0.0494,7.2824,0.0734,0.003,123.7551,0.0247,938.0996,0.0157,0.0122,0.0251,0.0227,93.4224,2.8626,0.0275,0.4406,0.0215,4.0608,36.8516,54.7118,72.9768,0.0186,2.1735,0.0234,1.7537,0.0969,0.0069,221.4895,562.8794,945.0887,312.8493,0.0595,0.0439,0.1218,0.7949,0.0536,0.1659,0.278,0.0247,0.0995,6.7536,0.1796,7.6267,0.0208,0.9453,6.5655,6.2742,0.0991,2.6941,3.0056,9.5394,25.359,0.0139,0.026,0.0192,0.0066,0.0074,0.0475,0.044,0.021,2.5408,0.0231,0.0011,45.9174,0.0069,329.2772,0.0068,0.0068,34.2852,1.016,0.0086,0.1507,0.0066,9.1571,1.2545,6.2522,5.3402,8.6282,2.7233,25.462,6.0568,4.788,57.246,4.0216,0.6557,3.1992,1.3297,47.1791,660.8696,10.1006,4.65,3.7192,3.3539,55.3279,71.7728,14.7481,0.8159,0.724,0.7689,0.2136,5.8509,5.3008,3.507,10.183,2.4648,3.4177,14.0899,4.4557,3.6097,6.2686,183.6471,4.2461,47.129650000000005,126.5261,463.7102,126.1556,21.8017,615.5887,118.7984,835.8974,371.4286,107.56075,1.4499,3.0642,0.3053,6.8313,13.5661,0.0,36.715,0.0,5.3428,2.3939,12.6987,0.087,4.9583,6.8352,0.9382,9.4593,78.19869033369835,17.426860675403187,1.2992061363894878,7.722774625713931,0.527277990321467,64.20787879611206,4.282898394457308,1.5996452167446076,0.2003,0.0413,20.7785,6.446998483535633,0.16126281922730587,2.7070243373915712,0.07072311300185118,2.4490134760086555,21.327697339326235,529.8882,1.9955,8.88,0.2739,3.1371,0.0745,1.6758,13.7278,0.0105,2.1007,0.0184,0.0127,68.7057
-1.0,3064.81,2167.2,1.4869,94.26,1.4866,0.0018,-0.0018,194.7933,8.7773,397.0927,0.9794,184.9834,12.5094,1.4025,-5245.25,215.5,1.2848,1.993,7.3068,65.9111,2.7667,0.2391,84.6838,9.0425,64.4947,66.94045000000003,86.8006,63.93999999999998,5.041,352.1682,139.8855,742.4168,1.3382,147.7191,639.7727,198.7883,4.614,4.865,2840.0,0.9313,-0.0191,353.8627,10.4265,119.8664,14.2545,20.0191,27.3069,715.1099,151.7891,625.5182,72.6313,-0.0118,-0.0116,-0.0393,0.0003,-0.1039,-0.0247,0.0173,6.8707,0.1284,0.9905,1833.5098,0.1542,8846.63,-0.1227,-0.1163,-0.0149,-0.1944,0.4547,0.9491,758.1576,0.9906,58.3868,0.6032,0.9772,6.2352,15.92,4.92,15.96,15.96,1.399,0.7857,3.062,-0.0946,0.7436,2.3063,1006.0844,129.0,157.5,82.9,68.1001,1015.8822,0.148,0.0628,0.0485,0.0395,0.0062,6.9676,6.529,7.118,0.0056,0.24,0.0391,884.0,439.0,0.212,0.062,0.153,2.9,0.526,0.5365,0.0788,0.5934,0.3461,0.8211,0.159,0.1192,6.99,21.44,62.112,0.373,20.41,10.28,33.866,84.241,0.0458,0.0568,0.0222,0.0577,0.0294,0.0623,0.0892,0.0522,5.3963,0.0398,0.0006,95.1692,0.0245,905.0,0.0325,0.0293,0.0411,0.0106,124.0166,4.0735,0.0161,0.4785,0.0343,4.5258,32.5243,48.3997,31.7074,0.0598,4.1378,0.0208,1.8661,0.0782,0.0152,401.9469,562.8794,2819.6909,197.2722,0.09,0.0284,0.0775,0.8978,0.0427,0.1652,0.235,0.0334,0.1269,5.5926,0.0497,6.8615,0.0349,1.9431,5.7974,20.3983,0.1043,3.405,4.5061,10.243,27.3576,0.0149,0.0251,0.0097,0.0258,0.0075,0.0321,0.0455,0.0274,1.6955,0.0143,0.0002,27.3886,0.0079,336.0106,0.0099,0.0037,40.841,1.3303,0.0059,0.156,0.0112,10.5767,1.3543,5.7015,5.139,3.2658,3.1423,77.0342,9.9562,4.2245,74.3853,1.7925,0.5758,1.9186,2.7893,112.9975,203.7123,16.5013,3.1109,2.094,4.3999,50.6024,55.2045,15.4343,0.6335,0.8717,0.9201,0.1809,4.8727,5.8691,3.3496,8.9105,4.732,3.3512,31.2453,4.1692,3.5774,7.8838,143.1826,4.7358,27.3558,115.9845,388.7533,165.1163,147.0064,0.0,59.9327,360.404,301.2987,78.541,2.4152,1.6658,0.0598,5.1905,15.8931,0.0,18.1303,256.0,9.0472,1.1193,16.3576,0.1147,6.9767,7.6741,1.4871,11.5631,81.824,13.56,2.17,5.5179,0.852,67.6362,3.3581,2.652,0.1192,0.0299,12.5736,4.05,0.1616,1.5084,0.0624,1.6164,25.8606,531.4073,2.0161,8.05,0.3213,2.8487,0.1038,1.5148,15.9361,0.026000000000000006,5.21645,0.0184,0.0127,68.7057
-1.0,3023.07,2242.8555,0.8832,106.21,1.5613,-0.0028,0.0008,197.4289,10.5239,418.3575,0.9736,187.0288,12.4231,1.4124,-3126.5,51.75,1.3055,1.9978,7.3123,69.0667,2.6889,0.2338,85.2227,8.5288,64.1901,66.0973,86.6692,78.52,3.182,363.4118,130.7782,729.1866,1.3415,138.4627,632.6527,200.0735,4.622,4.872,2846.0,0.9258,1.4845,360.9091,10.4695,112.2627,20.0572,18.5155,25.426,703.7606,139.4236,612.5955,128.6231,-0.0169,-0.0229,-0.0455,0.0174,-0.006,-0.0295,0.0699,7.4943,0.124,0.9862,1888.1251,0.1996,9205.3697,-0.1951,-0.027,0.0718,-0.1445,0.4555,0.9406,814.3718,0.9905,59.4888,0.5981,0.9702,6.3056,15.79,4.254,15.81,15.77,0.9649,0.9233,3.7820000000000005,0.7569,0.6627,2.3495,1000.8402,116.0,101.5,39.2,62.9001,227.0289,0.1099,0.1295,0.0318,0.0331,0.0148,6.6719,8.716,7.466,0.0103,0.35,0.0612,1077.0,1144.0,0.213,0.087,0.109,2.0,0.303,0.7978,0.0929,0.6767,0.4021,0.7542,0.376,0.134,4.12,17.35,45.448,0.203,24.39,6.64,34.573,72.225,0.1218,0.0672,0.0364,0.0993,0.16685000000000003,0.0798,0.098,0.1066,2.2751,0.038,0.002,149.5063,0.034,1468.7002,0.0353,0.0199,0.0195,0.0292,166.7729,3.4714,0.0404,0.4486,0.0446,4.079,31.1255,35.1342,15.1015,0.0359,2.1317,0.0405,2.9288,0.0801,0.0192,505.6857,168.1031,2679.2656,540.1119,0.0952,0.0461,0.0476,0.5679,0.0237,0.1242,0.2868,0.0384,0.1474,5.5519,0.11,8.0929,0.0502,1.1871,5.0608,12.2045,0.0684,2.3084,3.0447,10.4556,23.4452,0.0304,0.029,0.0204,0.0466,0.0466,0.0357,0.047,0.057,0.6548,0.0121,0.0007,55.2702,0.0113,468.463,0.0061,0.009,51.1898,1.0605,0.014,0.1471,0.0138,12.3207,1.2009,5.2312,3.3575,1.5778,2.8045,15.8681,12.4432,8.2945,82.8209,1.7846,1.062,2.8173,4.3317,195.5861,0.0,16.3156,4.3549,1.4906,2.8958,40.9091,33.365,9.0095,0.9361,1.0887,1.0542,0.3236,4.6174,5.7272,3.9326,9.9915,2.9755,2.7424,22.7157,5.6328,1.939,9.2729,121.602,4.9126,15.2509,56.1524,720.7101,364.2276,218.4818,983.423,0.0,331.9221,152.6127,30.3581,2.2587,1.5753,0.199,7.9182,17.0492,641.9355,62.3288,0.0,4.2724,3.1064,20.4787,0.0885,5.8354,7.1149,1.8976,8.9839,78.08024256692542,16.884959181122955,1.2602538822397864,7.898410439587619,0.526083193572729,41.65663907435388,4.186163632530031,1.5758857088020404,0.0789,0.0226,8.3522,6.4611478852006305,0.13984576553557734,2.6157110303807434,0.05682762309791882,2.466292701006579,20.98194612275493,533.5555,2.0417,6.08,0.3579,2.091,0.1153,1.1395,17.5289,0.0165,3.3098,0.0184,0.0127,68.7057
-1.0,3032.98,2180.7,1.0177,98.9367,1.4234,-0.002,0.0027,204.1234,16.365,429.5954,0.973,194.5836,12.508,1.4016,-3748.6667,-2303.0,1.3335,2.0023,7.396,63.8444,2.2667,0.223,85.5983,8.5232,64.0577,66.2289,86.6814,78.95,2.607,351.1945,133.3809,722.3445,1.3733,139.3382,623.9136,184.3855,4.585,4.833,2826.0,0.9335,8.9864,348.0518,10.2485,122.3673,11.1346,11.0136,17.1276,705.217,143.6782,614.0973,88.1429,0.0001,-0.0049,-0.0302,0.0006,-0.1008,-0.0169,0.0381,6.2666,0.1252,0.9891,1811.7807,0.1864,9005.5399,0.0041,0.0614,-0.031,-0.0642,0.4505,0.9483,765.0469,0.9907,59.1123,0.5953,0.9659,6.2792,15.95,4.41,16.01,15.97,1.447,0.6809,3.118,-0.5204,0.7232,2.2771,1007.4808,81.0,83.6,143.4,45.7,442.248,0.2324,0.0965,0.0464,0.0347,0.0092,8.9203,10.832,10.735,0.0073,0.36,0.0471,692.0,15586.0,0.201,0.171,0.258,3.1,0.497,0.8849,0.0676,0.5148,0.3177,0.7387,0.642,0.1526,5.96,21.93,38.554,0.331,13.81,5.83,40.006,89.353,0.0627,0.0273,0.0333,0.1135,0.0589,0.0927,0.0848,0.0544,3.5968,0.0405,0.0014,80.7842,0.0264,1370.2002,0.0129,0.0148,0.1053,0.0268,134.8903,2.9379,0.0376,0.4252,0.0413,2.7649,22.6765,25.4251,45.3938,0.0708,2.5498,0.0289,3.8329,0.0969,0.0128,285.8875,191.1143,498.5522,7126.077,0.0862,0.0819,0.1199,1.2249,0.0719,0.1672,0.362,0.0262,0.0617,5.9035,0.1961,9.3265,0.052,1.7231,6.486,11.0645,0.0953,1.6901,3.0487,11.3363,30.8236,0.0169,0.0122,0.0143,0.0545,0.0142,0.0474,0.0473,0.027,1.2525,0.0145,0.0005,24.9805,0.0087,434.6186,0.02801905827358544,0.0079,42.2159,0.7674,0.0117,0.1415,0.0135,11.4372,0.8707,3.706,2.7564,5.9664,2.0957,38.1451,22.8359,6.7794,66.19,2.4989,0.7518,2.8782,3.3576,25.7692,676.7694,15.0731,8.5404,3.4884,4.8556,83.8235,119.2825,14.5558,1.0338,0.7934,0.8036,0.3248,5.786,6.95,4.4004,11.1114,4.2774,3.5149,20.9094,6.0088,3.2298,9.8801,124.0279,5.6729,31.5178,101.3729,0.0,40.1028,375.517,0.0,91.9871,503.2641,142.6885,57.3967,1.5977,1.6654,0.1383,4.4588,14.1822,444.2777,76.8769,751.5152,23.3728,2.8237,17.6316,0.0572,4.97,6.7722,1.8115,7.2038,73.642,18.9,0.7,7.9213,0.2891,75.4768,4.6208,0.9505,0.0907,0.0268,9.3697,6.20800552565255,0.15586908765087135,2.5598141931287355,0.06594796406977396,2.365355293549415,22.11730465402501,534.7282,1.6257,7.0,0.3806,2.3357,0.0994,1.3091,23.4142,0.0136,2.6989,0.0348,0.016,45.9641
-1.0,2972.12,2167.2,1.4869,94.26,1.5607,0.0138,0.0039,199.3313,6.354,412.8214,0.9799,189.2443,12.4996,1.4096,-3927.25,1488.0,0.9962,1.8945,5.2085,72.3111,2.1444,0.1594,85.2679,8.4896,64.3145,65.5737,87.0327,78.04,2.957,361.2482,143.8727,743.0945,0.8115,129.1373,634.2582,110.0237,4.61,4.869,2855.0,0.923,-0.95,363.8927,9.9197,122.9227,12.3092,20.95,24.9604,718.1342,136.75,623.5655,104.2311,-0.0282,0.0055,-0.0239,0.0024,0.0003,-0.0202,0.0396,7.7319,0.1353,0.9858,1755.7161,0.2031,8889.4001,-0.1301,-0.0763,0.0545,-0.0045,0.4557,0.9254,742.6547,0.9906,59.2654,0.6065,0.9635,6.2834,15.91,4.392,15.94,15.89,1.239,0.6586,2.91,-0.5204,0.7586,2.2967,1003.0211,155.0,114.1,42.0,68.1001,1015.8822,0.148,0.23175000000000004,0.0417,0.0364,0.0128,9.6871,4.747,17.364,0.0071,0.28,0.0449,342.0,75.0,0.14,0.091,0.186,3.5,0.128,0.8301,0.0854,0.5431,0.3824,0.9243,0.243,0.0393,1.94,23.8,23.634,0.683,16.04,9.51,35.922,104.336,0.0749,0.0665,0.0514,0.1134,0.0708,0.097,0.1277,0.1072,2.2093,0.0743,0.0045,126.5963,0.0713,877.9004,0.013,0.0139,0.0286,0.0175,75.4018,3.1985,0.0405,0.4534,0.0334,4.0302,38.4143,38.8102,13.6053,0.0598,4.1378,0.08085,1.1989,0.0743,0.0129,168.9859,249.613,808.1581,36.5057,0.0584,0.0394,0.0884,1.1141,0.0262,0.0428,0.322,0.0388,0.1267,6.405,0.0795,8.9269,0.0135,0.6114,6.9114,7.3324,0.2409,2.7968,3.2985,10.8273,33.4936,0.0218,0.0283,0.0247,0.049,0.0172,0.0452,0.0683,0.0609,0.7063,0.0231,0.0015,41.7239,0.0199,254.632,0.0085,0.0054,24.1136,0.9953,0.0104,0.1553,0.012,13.4011,1.3131,6.9906,3.839,1.6335,3.1423,77.0342,9.9562,16.1177,74.7088,4.2062,0.7204,2.2401,3.1825,43.8475,5.0403,14.0527,4.8034,3.5711,4.8402,41.9689,48.9199,2.7471,0.9735,1.0065,0.8444,0.3041,5.517,6.5266,4.0774,4.8391,1.5023,3.7524,21.4808,5.6239,6.8853,8.7616,130.3091,5.0021,20.7022,100.1006,265.4264,0.0,474.477,0.0,0.0,632.1782,270.5363,28.5736,2.218,3.169,0.4596,7.2105,35.0946,889.6,61.9718,517.0732,6.283,1.8897,10.153,0.0732,5.397,7.2165,1.4539,10.3597,81.212,17.01,1.11,7.5344,0.5272,63.6387,4.1552,1.3668,0.5711,0.1258,54.3883,4.98,0.0877,2.0902,0.0382,1.8844,15.4662,532.8245,1.9063,10.0099,0.2329,3.4941,0.0745,1.8787,12.2165,0.0129,2.5978,0.0348,0.016,45.9641
-1.0,3041.89,2242.8555,0.8832,106.21,1.433,0.0388,0.0167,196.5961,3.8595,403.9058,0.9801,186.0931,12.4892,1.4104,-4440.0,1524.5,0.974,1.894,5.1555,66.7333,2.0889,0.1577,86.2857,8.5855,63.9733,66.0928,86.8774,78.33,2.809,354.5345,130.2973,726.7786,1.4068,144.0691,628.9009,167.8814,4.6,4.859,2858.0,0.9314,2.8618,353.5791,10.4568,113.1591,11.3909,17.1382,22.83,703.9486,150.7718,617.51,79.5062,0.0112,0.0015,-0.0723,0.0308,-0.0867,0.0005,-0.0032,7.2828,0.1291,0.9876,1846.8055,0.1973,8657.8701,0.0355,-0.0391,-0.0465,0.0605,0.4553,0.9459,768.9593,0.9912,59.2203,0.6117,0.9704,6.2499,15.91,3.193,15.96,15.95,1.04,0.5172,3.093,0.3311,0.7884,2.3378,1008.7769,121.52895949406218,202.1,129.5,62.9001,227.0289,0.1099,0.0728,0.0535,0.0542,0.0069,5.5385,3.212,8.042,0.0049,0.36,0.0367,627.0,92.0,0.116,0.093,0.171,2.1,0.27,0.8273,0.1027,0.4794,0.3367,0.5985,0.384,0.1646,10.2,13.43,65.442,0.614,18.69,12.23,29.135,103.576,0.128,0.0392,0.12045,0.049,0.1274,0.0651,0.1374,0.0573,3.9615,0.0568,0.0017,118.2354,0.0547,2011.7998,0.0139,0.0141,0.0236,0.0231,244.27409999999998,2.3849,0.0211,0.4087,0.0304,3.5779,29.557688832805212,62.2912,45.9261,0.0359,2.1317,0.0301,1.0442,0.0884,0.0123,259.364,297.7766,704.1141,38.923,0.0528,0.0387,0.0702,0.7314,0.039,0.0733,0.3069,0.0387,0.0927,5.9291,0.1223,6.4883,0.0463,2.4791,4.7595,23.0794,0.1754,3.2766,3.8854,9.4427,35.5838,0.0306,0.0181,0.055099999999999996,0.0203,0.0367,0.0314,0.0593,0.0256,1.228,0.0201,0.0005,40.3438,0.0163,672.5819,0.0069,0.0075,79.11909999999999,0.7158,0.0072,0.1409,0.0111,10.5761,1.1475,5.414064268599005,6.6439,5.2683,2.8045,15.8681,12.4432,5.0803,83.2222,1.9911,0.5019,2.8825,2.6022,35.991,6.0348,11.9097,4.9102,3.3168,3.1469,47.8723,70.4017,5.7859,0.9588,1.1967,0.7494,0.329,5.4353,14.6972,2.6825,11.7,7.0799,2.1355,38.9811,6.2692,5.8718,17.537999999999997,164.0785,4.1388,47.129650000000005,130.2741,0.0,189.601,67.7966,413.1334,75.1298,0.0,0.0,54.3959,1.3169,2.3769,0.1673,6.4022,27.7137,0.0,55.377,533.3333,5.1816,2.4454,33.17265000000001,0.0654,4.0271,6.539,1.3018,8.3022,72.668,15.43,1.9,6.8613,0.7849,146.2962,3.8014,2.6146,0.1103,0.0268,11.6115,6.326339766942554,0.12752742768253508,2.5884819168584094,0.05461907903474676,2.4290017922890597,21.147804780544558,531.6773,1.9737,7.58,0.2852,2.6042,0.0855,1.4257,14.4492,0.0116,2.3394,0.0142,0.0102,71.778
-1.0,3006.39,2220.4778,1.7751,107.6856,1.5624,-0.0159,0.0013,197.3294,12.2403,408.2175,0.9818,187.8345,12.5218,1.4079,-4039.0,1567.0,0.9762,1.888,5.0947,67.4111,2.7556,0.1837,86.0936,8.5891,64.1358,66.0981,86.7366,78.4,2.915,354.8445,141.9809,748.5214,1.2706,147.9718,644.7973,202.1775,4.637,4.836,2881.0,0.934,-2.0764,356.29,10.3665,119.9045,15.5746,22.0764,30.4914,718.03,153.0282,629.2227,85.7339,-0.0195,0.001,-0.0459,0.0344,-0.0765,0.0,0.0398,7.2439,0.1351,0.9876,1846.8055,0.2021,8763.57,-0.0109,-0.0605,-0.0574,-0.1738,0.4526,0.9443,755.3514,0.9902,59.0644,0.6034,0.979,6.3163,15.93,4.585,15.98,15.95,1.376,0.6903,2.92,-1.655,0.7591,2.2937,1005.3318,129.0,242.7,194.3,45.3999,380.0431,0.9433,0.1721,0.0605,0.0506,0.0059,10.9516,15.901,6.152,0.0047,0.26,0.0316,572.0,154.0,0.142,0.096,0.239,2.4,0.136,0.969,0.0613,0.6485,0.4581,0.6511,0.282,0.1104,7.4,23.9,67.492,0.212,23.85,7.16,31.282,69.7,0.1157,0.0579,0.0916,0.0642,0.1017,0.0831,0.0715,0.1445,4.0175,0.0559,0.0017,118.2354,0.0587,2322.228871323444,0.0277,0.023,0.0162,0.0212,196.4097,3.3302,0.0223,0.4863,0.0215,4.0608,31.1758,79.1368,67.7041,0.2733,2.2908,0.0573,4.3312,0.0743,0.013,252.5449,320.9241,657.3561,65.7774,0.0587,0.0411,0.1005,0.7574,0.0277,0.0511,0.3537,0.0228,0.0785,6.314,0.0927,8.1083,0.0363,2.3871,7.1578,20.0055,0.0597,2.1391,2.2432,9.6708,19.4219,0.0278,0.0246,0.0435,0.0323,0.0313,0.0384,0.0312,0.0726,1.5415,0.0169,0.0005,40.3438,0.0183,767.29565,0.0049,0.0071,65.1065,1.0441,0.0072,0.1515,0.0066,9.1571,1.2545,5.8964,8.0728,7.7827,2.0446,24.8119,53.1435,11.0152,129.9072,1.507,0.4793,2.0764,2.2466,32.4585,9.8277,14.5455,5.0847,4.6911,3.5602,36.2903,47.9129,2.9221,1.1255,0.7133,1.0111,0.1645,5.5574,4.7401,3.7537,8.6902,5.001,3.7066,33.3826,4.6095,2.0451,5.6045,153.1343,4.3566,13.6147,81.298,593.3333,98.7633,139.7171,295.2104,108.6275,0.0,362.8374,55.46,2.812,2.3632,0.1673,6.4022,29.0453,0.0,33.2449,738.4615,3.5726,2.2476,26.0024,0.1155,5.6382,7.6994,0.9382,9.4593,77.88288642515282,16.69598380582617,1.2368074048209479,7.380918984040448,0.5295710727069316,66.54974900333644,4.105163704677243,1.530849773553041,0.1038,0.036,10.9099,6.424071650026648,0.1424230174291132,2.624377109486688,0.05929297506777301,2.4451406639974653,21.17284701174206,531.8827,2.0572,8.31,0.2494,3.0,0.0771,1.5624,12.124,0.022,4.3823,0.0142,0.0102,71.778
-1.0,2976.75,2242.8555,0.8832,106.21,1.4413,-0.0206,0.0151,196.88,11.3892,409.5023,0.9797,186.5023,12.4996,1.3956,-4143.5,-632.5,1.2763,1.9957,7.2045,67.3667,2.7222,0.2289,85.7033,8.7568,63.6774,66.3915,86.5928,76.76,3.341,354.6527,131.5155,728.2117,1.391,145.1209,631.2891,231.2733,4.611,4.856,2848.0,0.9305,3.36,354.4973,10.4435,114.8755,15.4055,16.64,25.3734,702.8384,146.5109,615.8836,53.5951,0.0097,0.0063,-0.0376,0.0243,0.0185,-0.0201,0.0367,7.0181,0.1211,0.9671,1664.8378,0.1962,8642.9699,-0.0126,-0.0707,-0.0467,-0.24175000000000002,0.4341,0.9199,721.9475,0.9903,56.9709,0.5986,0.966,6.2851,15.79,4.254,15.81,15.77,0.9649,0.9233,3.7820000000000005,0.7569,0.6627,2.3495,1000.8402,200.0,57.6,105.1,62.9001,227.0289,0.1099,0.0996,0.0677,0.1002,0.0088,6.9564,8.655,10.93,0.0059,0.28,0.0668,1090.0,2503.0,0.168,0.099,0.17,2.8,0.351,0.497,0.1144,0.5167,0.3131,0.7184,0.362,0.1546,6.25,21.08,41.733,0.442,28.9,5.87,33.587,74.961,0.0858,0.0618,0.12045,0.0676,0.1098,0.0899,0.0574,0.1194,3.1541,0.0642,0.013699999999999999,82.1368,0.0444,806.5,0.0369,0.0206,0.120188138292432,0.0229,68.8286,3.5704,0.0318,0.4285,0.0446,4.079,45.32809999999999,22.4426,35.1482,0.0359,2.1317,0.0429,2.7238,0.0743,0.0232,550.8844,100.7058,2781.9314,1050.1036,0.076,0.051,0.0784,0.9206,0.0438,0.1159,0.1883,0.0442,0.0502,5.318,0.1058,10.1082,0.0442,1.7548,6.6742,13.4493,0.1278,1.4819,2.175,10.1995,21.4487,0.0225,0.0291,0.055099999999999996,0.0325,0.0328,0.0426,0.026,0.0634,1.1475,0.023,0.0039,30.9904,0.012,264.1052,0.02801905827358544,0.0074,21.981,1.1962,0.0098,0.1476,0.0138,12.3207,1.2009,9.053150000000002,1.935,4.1904,2.8045,15.8681,12.4432,6.9104,75.9932,2.6691,0.5985,2.2401,4.7843,164.1125,395.7312,13.1636,4.9605,2.3596,4.1564,29.3878,61.165,10.224,0.5799,1.306,0.8114,0.6795,4.8695,7.0638,4.6473,11.117,4.3068,3.3392,18.0449,5.6735,4.2323,9.0359,187.5957,4.7788,37.132,139.8654,883.3977,140.5344,179.9069,451.2715,485.9459,285.9278,325.3406,44.942,2.8899,2.622,1.3944999999999999,4.9336,22.6181,642.4951,45.8732,431.5789,26.600115265074077,2.4892,9.5337,0.1251,6.267,6.8174,1.8976,8.9839,73.95,19.64,1.24,9.332,0.4695,32.9648,4.7631,1.6768,0.1042,0.0297,10.8507,4.98,0.0877,2.0902,0.0382,1.8844,15.4662,534.0555,2.0153,8.58,0.1975,3.0459,0.071,1.6066,9.8005,0.0097,1.9471,0.0142,0.0102,71.778
-1.0,3009.65,2216.4778,0.8379,105.1111,1.5996,-0.0095,-0.0072,200.4821,7.5901,404.3479,0.9754,189.807,12.5351,1.4185,-3819.0,304.0,1.3165,2.0238,7.3545,66.9333,2.2,0.1873,84.7226,8.9635,64.2798,66.2774,86.9622,77.84,3.243,361.7155,140.4445,745.9903,1.2882,139.6882,641.8482,198.343,4.659,4.911,2848.0,0.928,4.0427,358.9464,10.167,124.4873,12.3891,15.9573,23.229,722.7613,146.0255,629.4591,54.9354,-0.0177,-0.0214,-0.0916,0.0068,-0.1174,-0.056650000000000006,-0.022,7.6154,0.139,0.9882,1729.1412,0.2034,9322.2499,-0.0376,0.026,-0.0306,-0.0851,0.4628,0.9404,718.4279,0.9907,58.0339,0.6019,0.9686,6.2891,15.92,4.92,15.96,15.96,1.399,0.7857,3.062,-0.0946,0.7436,2.3063,1006.0844,131.0,74.9,86.3,53.3,180.863,0.2243,0.0911,0.036,0.0377,0.0205,9.1675,3.734,7.64,0.0105,0.26,0.0307,197.0,13723.0,0.151,0.184,0.149,2.2,0.311,0.6475,0.072,0.5249,0.2169,0.7847,0.602,0.1701,7.7,23.88,38.844,0.884,26.18,7.61,31.265,106.08,0.0617,0.0647,0.0416,0.0756,0.045,0.0952,0.069,0.0465,3.5969,0.0758,0.0026,93.6949,0.1254,1411.4004,0.0264,0.0206,0.031,0.0193,142.7325,1.9651,0.0297,0.4234,0.0343,4.5258,31.9114,22.5536,31.8371,0.0786,1.2819,0.0257,1.4344,0.0787,0.0098,86.7967,562.8794,248.4525,5735.0669,0.0726,0.0754,0.0664,0.6481,0.0581,0.0915,0.261,0.0274,0.1076,5.6554,0.1879,11.4274,0.0462,1.9762,7.1874,14.2163,0.2496,2.1851,3.4577,9.5925,31.4582,0.0179,0.0328,0.0202,0.0331,0.0128,0.0512,0.0285,0.0217,1.3744,0.0241,0.0008,30.2974,0.0374,399.0067,0.0081,0.0065,42.7497,0.6908,0.0103,0.1453,0.0112,10.5767,1.3543,6.0079,2.4887,3.4301,2.4047,14.5595,26.7732,5.6951,49.1957,1.8895,1.0777,2.0742,2.1663,14.0613,0.0,11.4698,9.092,2.026,3.2869,45.4545,79.5374,9.1572,0.7643,0.8028,0.8166,0.1552,4.6694,9.0854,5.2273,13.2064,5.5123,3.7205,19.5843,4.9408,8.6948,8.3462,211.3148,4.3258,32.0428,172.49815,347.7281,164.3175,82.5553,659.945,81.0558,102.4119,211.6041,47.2323,2.0858,3.1529,0.2581,5.4186,63.31987047269746,826.0652,69.7051,971.4286,6.6988,2.05,19.8673,0.0696,3.3861,6.7317,1.4871,11.5631,82.076,17.24,1.57,8.2458,0.7845,63.9363,4.2451,1.9129,0.4397,0.0728,44.8745,4.55,0.099,1.8045,0.0373,1.7105,12.2083,534.3355,2.2662,9.03,0.2605,3.3888,0.0777,1.69,11.4947,0.0198,3.9426,0.0142,0.0102,71.778
-1.0,3052.16,2141.0667,0.9698,98.3344,1.4922,0.0195,0.0003,197.0727,8.2874,406.2886,0.9695,186.7301,12.5227,1.4079,-4969.75,-4992.3333,1.305,2.0155,7.3768,68.8556,1.8333,0.1529,85.1669,8.3324,64.154,66.2381,86.8346,77.63,3.385,359.3836,138.7573,742.1335,0.9278,137.5227,635.6636,125.8429,4.659,4.911,2848.0,0.928,2.8618,359.9545,10.3463,121.6191,8.6469,17.1382,21.7888,720.3446,147.81,629.3836,68.9028,-0.0408,-0.0053,-0.0961,0.0251,-0.0871,-0.056650000000000006,-0.0277,6.7047,0.1309,0.9875,1839.6873,0.189,8571.1401,0.1358,-0.0214,-0.0778,-0.1409,0.4597,0.9752,746.4008,0.9912,58.8306,0.6066,0.9705,6.186,15.91,4.392,15.94,15.89,1.239,0.6586,2.91,-0.5204,0.7586,2.2967,1003.0211,110.0,195.8,156.8,61.3999,322.771,0.0854,0.107,0.0569,0.0553,0.0152,3.166,3.949,8.316,0.0118,0.28,0.0823,485.0,17042.0,0.109,0.101,0.174,2.8,0.689,0.9912,0.2526,0.5231,0.2366,0.7471,0.587,0.0664,8.09,26.29,17.725,0.542,16.71,4.88,30.804,92.967,0.0972,0.0374,0.0547,0.0442,0.0637,0.0778,0.0712,0.0542,4.3129,0.0593,0.003,149.9529,0.059,1718.2998,0.018,0.0219,0.0199,0.0116,175.1519,2.8724,0.0376,0.4464,0.0334,4.0302,24.0283,71.493,55.6412,0.0278,2.0315,0.0383,1.2315,0.0695,0.0253,214.2623,270.6622,3461.3988,8883.5714,0.0498,0.0455,0.0829,0.9221,0.0569,0.2324,0.3511,0.0985,0.0919,7.1774,0.1975,10.9805,0.0214,2.7465,8.026,6.5706,0.1558,1.4848,2.0975,10.1533,30.737,0.0283,0.0169,0.0271,0.0184,0.0221,0.0395,0.0296,0.0291,1.5559,0.0202,0.0009,44.8463,0.0228,525.7493,0.0055,0.0035,51.9175,0.7457,0.0118,0.1464,0.012,13.4011,1.3131,5.0095,6.4151,6.0865,2.8677,26.1032,8.8091,7.1704,47.6509,2.0468,1.2189,2.2359,5.8484,148.5185,341.3634,8.3525,5.0112,2.3588,4.0665,98.1818,121.0029,19.7333,1.1638,2.9167,0.8154,0.244,5.7376,7.9203,4.8583,7.1515,5.8827,4.1358,14.085,4.9408,5.2386,7.9757,193.2476,4.2763,47.129650000000005,134.9248,238.491,75.9391,45.9698,253.5323,89.3483,118.0763,195.8446,64.326,1.7568,2.5372,0.3076,8.151,31.1969,306.8301,29.4004,0.0,4.3333,1.1934,23.4662,0.0509,4.8825,7.2163,1.4539,10.3597,72.7,22.04,0.84,10.3503,0.3143,50.3223,5.4644,1.1554,0.3916,0.0774,38.6727,10.1,0.1294,3.7801,0.0528,3.7769,18.1549,536.48,1.924,8.98,0.3394,3.07,0.0905,1.6739,17.6407,0.0121,2.4294,0.0142,0.0102,71.778
-1.0,3033.91,2164.3,1.3626,102.1322,1.5835,-0.0236,0.0044,200.9876,5.112,402.951,0.9746,190.9098,12.58,1.4055,-4763.5,6028.5,1.2762,1.9693,7.3427,71.5444,1.9556,0.1616,84.7348,8.6706,64.5635,65.8977,86.8967,77.84,3.515,349.4127,136.7591,733.9962,0.8822,144.9355,631.1073,127.3066,4.627,4.888,2870.0,0.9356,-1.9909,351.1264,10.5597,114.7682,12.5046,21.9909,26.8809,707.1153,152.7082,618.6027,72.7324,0.0143,0.0605,-0.0436,0.0014,0.0102,-0.0068,0.0028,7.1705,0.1326,0.9668,1832.2863,0.2033,8746.5098,-0.1202,0.0437,-0.0033,-0.0535,0.4579,0.9551,752.0981,0.9909,59.0358,0.6094,0.9727,6.1906,15.91,3.193,15.96,15.95,1.04,0.5172,3.093,0.3311,0.7884,2.3378,1008.7769,129.0,52.9,93.2,45.7002,230.117,0.1287,0.1563,0.0305,0.0359,0.0247,7.2591,2.063,11.63,0.0113,0.17,0.0342,368.0,4853.0,0.125,0.081,0.077,2.1,0.479,0.4945,0.0975,0.5131,0.4189,0.7879,0.341,0.0746,5.51,18.32,22.993,0.247,17.36,4.95,27.352,101.888,0.0634,0.0619,0.0526,0.1189,0.023,0.0955,0.0782,0.1598,4.9855,0.036,0.0074,111.6951,0.039,1916.6001,0.019,0.0195,0.08,0.0278,184.0014,1.7218,0.0198,0.5614,0.0304,3.5779,30.8561,19.5554,27.2189,0.0401,2.5113,0.0538,0.6666,0.0499,0.0125,163.186,182.0385,474.9221,3431.5892,0.0512,0.0335,0.0326,0.7518,0.0592,0.1362,0.2281,0.0386,0.034,6.0443,0.096,6.7757,0.0225,1.4288,4.8459,8.9063,0.0731,1.4115,1.7451,8.0912,30.1526,0.0149,0.0268,0.0252,0.0529,0.0073,0.0528,0.0426,0.0728,1.7789,0.0129,0.0027,36.9226,0.0115,574.0401,0.0203,0.0095,55.7511,0.5068,0.0064,0.1816,0.0111,10.5761,1.1475,6.0282,1.7436,3.5745,2.1115,22.3111,9.4461,9.8706,40.356,2.8862,1.1597,1.3514,2.4304,24.0369,80.501,9.7943,4.1132,1.0487,2.9352,61.3636,123.7964,13.5989,0.5836,1.1239,0.7947,0.6795,6.0301,5.3232,3.1312,8.4597,3.8017,2.9028,18.0611,4.1991,2.3391,4.2956,138.8291,3.8681,23.7517,140.0862,443.3566,360.9329,272.7064,0.0,940.8867,0.0,0.0,69.5284,2.7149,1.4855,0.763,6.0959,19.195,0.0,40.0891,0.0,17.4688,2.9139,24.4651,0.0865,2.9165,9.069,1.3018,8.3022,80.28446717667904,17.22841781312322,1.337357964361125,8.06132966811115,0.532558072828617,65.50448455194953,4.253372748029939,1.646407065228106,0.1361,0.0315,14.8109,4.98,0.0877,2.0902,0.0382,1.8844,15.4662,532.5646,2.7395,13.35,0.6164999999999999,4.0485,0.18730000000000002,2.5067,28.50255,0.0142,2.8275,0.0277,0.0118,42.7294
-1.0,2922.65,2201.8222,1.6769,95.9789,1.4838,0.0,-0.0074,203.7049,10.7967,405.6717,0.972,193.5824,12.508,1.4125,-1363.875,1538.25,0.997,1.8685,4.9273,69.7556,2.3111,0.1819,85.9922,8.5334,63.9469,66.1932,86.8109,78.33,3.342,351.8118,132.3682,720.9485,1.0273,134.5318,618.7118,55.7386,4.576,4.819,2830.0,0.9327,0.7655,350.3173,10.4556,113.1336,8.8098,19.2345,25.2115,695.737,147.6055,611.0564,67.5434,-0.0173,-0.0672,-0.0455,0.002,-0.1084,-0.0148,0.0225,7.384,0.1353,0.9647,1854.7706,0.2134,9152.0399,-0.0267,0.0809,0.0288,-0.0292,0.4653,0.9439,644.3452,0.9904,58.8905,0.594,0.9685,6.3016,15.95,4.41,16.01,15.97,1.447,0.6809,3.118,-0.5204,0.7232,2.2771,1007.4808,125.0,178.3,118.6,59.2,532.019,0.2062,0.062,0.0325,0.0364,0.0105,8.7142,7.094,10.521,0.0096,0.36,0.0429,405.0,113.0,0.104,0.063,0.282,2.9,0.174,0.845,0.0722,0.8189,0.3488,0.802,0.972,0.1519,8.8,24.79,18.591,0.347,15.36,4.8,31.353,85.001,0.0519,0.0466,0.0328,0.1003,0.0344,0.076,0.0957,0.0572,2.991,0.0658,0.013,113.4626,0.0347,820.6006,0.0124,0.0179,0.0244,0.0207,107.1619,2.1635,0.0302,0.448,0.0413,2.7649,31.1663,57.0416,49.4104,0.0758,2.5903,0.0233,2.4828,0.0969,0.0132,165.363,260.2953,5816.3,47.6751,0.0468,0.0304,0.1254,0.9799,0.0304,0.0575,0.3146,0.031,0.0598,7.1479,0.3137,8.7336,0.0396,2.732,7.657,4.744,0.0976,1.377,1.9061,9.9325,28.7877,0.0162,0.0204,0.0159,0.0518,0.0093,0.0391,0.0467,0.0249,1.0135,0.0199,0.004,34.0329,0.0106,298.1231,0.0073,0.0079,33.4078,0.5973,0.009,0.1478,0.0135,11.4372,0.8707,5.8044,6.1006,4.6311,2.6887,41.3031,12.2969,4.1785,65.7051,2.5935,0.9829,2.8782,3.0357,0.0,7.346,10.4313,3.3717,5.7233,4.1574,38.9423,51.6799,3.7902,0.9826,0.8463,1.2806,0.113,7.126,6.8974,3.9854,14.7857,6.5412,4.0067,33.3539,5.72,3.3188,7.9464,174.3512,4.5064,47.129650000000005,125.8466,300.1084,96.281,220.3185,0.0,70.1107,647.7157,253.6585,40.5059,2.0688,2.6924,1.3503,6.1173,16.2381,482.1549,63.6872,367.8161,5.2376,2.1939,16.6311,0.0823,3.6737,7.1094,1.8115,7.2038,80.522,19.16,1.79,9.0232,0.6854,45.9176,4.7666,2.223,0.3463,0.0644,35.3519,6.3602629134246,0.1268626444151227,2.582535177090918,0.05322150434678907,2.433739822638631,19.406437483309006,536.6973,1.5839,8.14,0.1965,2.5457,0.056,1.5167,12.4072,0.0104,2.0573,0.0277,0.0118,42.7294
-1.0,2973.53,2228.4444,0.8795,106.2756,1.5731,0.0076,0.004,200.3836,10.1586,416.7089,0.9729,189.8885,12.4706,1.4122,-1583.75,6471.0,1.2803,2.0125,7.331,66.9444,2.0111,0.1814,84.2049,8.7662,64.006,66.4953,86.5018,75.71,3.408,360.5818,139.7309,737.1974,0.8467,132.4664,632.7791,127.9121,4.63,4.912,2840.0,0.9265,-0.1973,363.9773,9.8152,119.5336,12.818,20.1973,25.7623,711.4351,139.6136,623.1245,31.767350000000008,0.0153,-0.0048,-0.027,-0.0126,0.0033,-0.0262,0.0678,7.3236,0.1368,0.9645,1681.6427,0.1577,9353.74,-0.0208,-0.0344,-0.0461,-0.0887,0.4705,0.9491,800.4397,0.9911,58.2355,0.6053,0.9628,6.3466,15.79,4.254,15.81,15.77,0.9649,0.9233,3.7820000000000005,0.7569,0.6627,2.3495,1000.8402,98.0,86.4,62.3,71.0999,205.2839,0.3197,0.23175000000000004,0.0429,0.0416,0.0179,6.0517,8.55,5.151,0.011,0.21,0.049,1522.0,3743.0,0.103,0.112,0.122,2.1,0.349,0.48,0.0611,0.7437,0.3386,0.7309,0.195,0.0483,3.44,18.91,23.4,0.944,16.93,11.01,36.903,7.773,0.0482,0.054,0.0607,0.1029,0.0679,0.0745,0.0766,0.1128,4.3946,0.0793,0.0068,164.9443,0.0424,586.7002,0.0182,0.0134,0.0413,0.0228,76.7468,2.6222,0.0367,0.4241,0.0446,4.079,28.4939,28.2272,20.0531,0.0965,1.9144,0.08085,2.532,0.0585,0.0168,707.3973,237.766,2208.8695,1720.3905,0.0422,0.051,0.0589,0.6616,0.0362,0.1286,0.1932,0.0286,0.0691,5.9963,0.0598,8.7137,0.0166,0.9938,5.628,6.4358,0.2968,2.8586,2.9998,11.1486,2.91,0.0145,0.0231,0.0286,0.0496,0.0243,0.041,0.0337,0.061,1.3679,0.0254,0.0023,50.0377,0.0127,171.8629,0.0096,0.0065,20.0876,0.6619,0.0117,0.1421,0.0138,12.3207,1.2009,4.2872,2.9056,2.4597,3.1906,15.0495,36.3498,16.1177,84.1648,1.2361,1.1347,1.684,3.4669,293.5438,57.8427,8.0453,5.5652,1.6642,3.1369,64.6409,53.4599,10.0361,0.57,0.6965,1.1619,0.6795,4.9115,6.534,4.1751,5.6992,2.5969,2.9884,18.2938,7.3771,9.6178,8.9013,132.0802,5.1871,26.1884,36.1112,315.5483,227.8481,381.4643,537.5557,0.0,292.3664,166.4945,60.0055,2.6314,3.3368,0.7069,9.8085,26.9156,0.0,48.9152,0.0,8.7875,2.4073,9.5881,0.0613,4.5028,6.6827,1.8976,8.9839,78.838,18.26,1.28,8.5902,0.4547,21.6942,4.4438,1.6236,0.3275,0.061,35.1945,4.98,0.0877,2.0902,0.0382,1.8844,15.4662,531.2927,1.9943,11.33,0.1347,4.0086,0.0415,2.1325,6.7561,0.0156,3.0967,0.0182,0.0139,76.6094
-1.0,2898.08,2159.0556,0.8184,100.7056,1.4981,0.0022,-0.002,198.6898,7.1735,404.3186,0.9722,189.2949,12.5094,1.4082,-3799.0,-131.0,1.2878,2.007,7.2605,68.1889,2.5222,0.1838,85.513,8.7932,64.0127,66.1703,86.8489,63.93999999999998,1.1460000000000004,366.7327,145.2318,754.466,1.2269,134.8382,646.8027,184.0125,4.67,4.931,2836.0,0.9217,-1.9855,366.5318,9.9894,123.2464,15.2572,21.9855,30.1818,724.2842,141.7673,631.5455,89.7235,0.0033,0.0231,-0.0297,-0.0023,-0.1085,-0.0297,0.0089,7.8619,0.1386,0.9812,1745.0393,0.1899,9002.0502,-0.12,-0.0437,-0.0009,-0.1749,0.4619,0.955,737.2486,0.9916,59.4504,0.6052,0.9772,6.2208,15.79,4.254,15.81,15.77,0.9649,0.9233,3.7820000000000005,0.7569,0.6627,2.3495,1000.8402,116.0,161.9,177.8,50.3999,331.64,0.1054,0.0943,0.0492,0.0406,0.0046,6.8658,4.212,13.381,0.0082,0.24,0.0258,987.0,1986.0,0.114,0.111,0.215,1.9,0.509,0.6977,0.0637,0.4922,0.214,0.7596,0.34,0.1071,5.8,18.74,66.129,0.797,26.5,3.89,33.812,100.856,0.0736,0.0457,0.0721,0.0331,0.056,0.0905,0.0369,0.0767,2.6368,0.071,0.013699999999999999,72.5696,0.0435,733.7002,0.0335,0.0291,0.0152,0.0103,129.3572,1.9507,0.0241,0.4783,0.0446,4.079,29.5719,56.103,55.1966,0.0358,2.2086,0.0319,1.4758,0.0782,0.0097,405.6328,220.3853,427.5239,829.7735,0.0559,0.0483,0.0893,0.6431,0.0567,0.1537,0.278,0.0247,0.0995,6.085,0.1012,9.6694,0.0355,1.8942,5.6464,22.324,0.2876,1.3667,1.8312,10.3544,34.6454,0.0197,0.02,0.0319,0.016,0.0155,0.051,0.018,0.0379,0.8368,0.0233,0.0046,20.705,0.0143,220.7539,0.0054,0.0037,50.8531,0.692,0.0076,0.155,0.0138,12.3207,1.2009,5.3162,5.5865,6.9093,2.3343,30.5834,12.8744,6.2946,58.7157,3.3095,0.8449,1.9186,1.835,25.8752,0.0,8.8526,5.5306,2.9612,2.7864,63.4361,99.0326,14.7422,0.8159,0.724,0.7689,0.2136,5.2436,6.5344,4.4844,8.7261,4.3015,2.8973,35.9372,5.5634,7.9785,7.0022,173.6879,4.6683,29.2683,112.4076,0.0,96.9761,111.3541,0.0,83.4101,124.3471,859.3838,33.539,2.3084,2.9719,1.3944999999999999,4.1586,22.8859,0.0,25.3968,578.7234,3.2995,1.0737,17.5459,0.0759,3.2811,7.6887,1.8976,8.9839,77.66552000227846,16.797801467376008,1.251618214234468,7.780710757949399,0.49664168789976126,56.92926068350902,4.14956057680833,1.5958963697683508,0.3212,0.0592,32.9353,6.516417321323909,0.14342854102950706,2.629805589713543,0.057174182162657655,2.4871179215411563,21.18647158992151,531.1664,2.0013,11.17,0.2269,3.7252,0.0705,2.1029,11.3389,0.015,3.0266,0.0182,0.0139,76.6094
-1.0,3042.36,2124.8444,0.8465,100.7978,1.3725,0.0335,0.0001,200.9639,7.4213,421.1456,0.981,191.0187,12.4849,1.3961,-4510.3333,4179.5,1.3003,2.0158,7.2765,69.4222,1.5222,0.1396,84.7007,8.7283,63.9335,66.2469,86.6108,63.93999999999998,5.041,355.1427,134.8945,731.8948,1.436,145.3336,635.3709,200.8941,4.587,4.831,2856.0,0.927,2.4718,353.9673,10.4231,117.3664,16.0027,17.5282,24.4754,707.4195,148.0345,619.3682,100.3722,0.0034,0.018,-0.065,0.0064,-0.094,-0.0276,-0.0134,7.7776,0.1351,0.9882,1729.1412,0.185,8644.4398,0.0606,0.1051,-0.0754,-0.0554,0.4609,0.9535,738.3185,0.9907,58.244,0.5991,0.965,6.3642,15.95,4.41,16.01,15.97,1.447,0.6809,3.118,-0.5204,0.7232,2.2771,1007.4808,116.0,103.7,76.8,57.4001,533.8361,0.12,0.0774,0.0618,0.0554,0.0094,6.1347,3.773,6.1,0.0043,0.3,0.1248,1110.0,1127.0,0.082,0.164,0.375,3.3,0.18,0.5116,0.0342,0.7034,0.4111,0.6583,0.568,0.145,4.98,21.84,41.728,0.484,32.160000000000004,8.6,38.37,92.242,0.0527,0.0578,0.0679,0.0174,0.0421,0.078,0.0528,0.0526,2.5622,0.0327,0.0026,93.6949,0.0307,1456.1992,0.0129,0.023,0.0194,0.0218,125.0933,2.1632,0.0368,0.4393,0.0413,2.7649,29.5719,31.6239,23.1575,0.0368,2.5067,0.0252,1.0563,0.0849,0.045799999999999993,527.1945,144.5484,1675.9959,481.1836,0.0364,0.0712,0.1568,1.1702,0.053,0.0681,0.2085,0.0153,0.0919,4.6869,0.1582,10.697,0.0444,1.533,6.6644,13.642,0.1372,2.3484,3.2196,11.5439,33.7963,0.0155,0.0261,0.0307,0.0076,0.0128,0.0393,0.0242,0.0235,0.8003,0.012,0.0008,30.2974,0.008,509.9826,0.0048,0.0061,44.5966,0.7153,0.011,0.1554,0.0135,11.4372,0.8707,5.3162,3.4085,3.0796,2.7014,45.2295,14.1805,5.6394,50.8403,1.4484,0.4344,2.4029,8.9383,72.6997,26.9649,6.3065,8.1359,5.1536,4.7535,105.1095,119.6656,5.2536,0.604,0.3919,1.1002,0.6795,3.6774,8.7402,4.894,10.0943,3.4266,3.4374,20.7711,5.9487,4.6435,10.8293,202.9655,5.4239,26.2512,91.9,0.0,72.3631,26.7487,662.9921,83.0008,191.3043,392.5373,32.944,2.812,1.3692,0.2581,5.4186,16.6098,0.0,37.7104,375.2212,4.1992,2.289,16.943,0.1007,3.714,6.902,1.8115,7.2038,74.43,18.03,1.11,7.6413,0.4238,133.392,4.513,1.4913,0.1661,0.0403,17.045,2.92,0.1367,1.2151,0.057,1.1639,16.2776,531.5855,2.346,9.01,0.233,3.1072,0.0758,1.6949,9.932,0.0143,2.8703,0.0182,0.0139,76.6094
-1.0,2977.46,2183.3444,1.5548,97.5311,1.3976,-0.0022,-0.0064,193.7936,5.799,405.4969,0.9723,184.3543,12.4998,1.4047,-2423.25,1515.5,0.9717,1.8908,5.0518,69.9111,2.3,0.1873,85.2626,8.4092,64.2111,66.2249,86.7481,77.83,3.434,351.37,139.2373,734.5942,1.3667,143.3655,633.9727,201.5658,4.619,4.9,2858.0,0.9243,3.7127,352.44,10.1885,122.95,9.5027,16.2873,22.2294,712.3648,150.48,625.87,68.4208,-0.0114,0.0198,-0.0424,0.0047,-0.0268,-0.018,-0.0215,7.1311,0.1357,0.9889,1827.6397,0.1914,8941.72,-0.0405,-0.0112,0.0368,0.1057,0.4805074430908296,0.9464,674.5678,0.9905,58.5121,0.6104,0.9759,6.1742,15.93,4.585,15.98,15.95,1.376,0.6903,2.92,-1.655,0.7591,2.2937,1005.3318,63.0,187.8,128.2,60.8999,261.921,0.1386,0.0613,0.0473,0.0412,0.0159,7.1876,4.484,11.929,0.0093,0.17,0.0443,647.0,71.0,0.116,0.075,0.159,3.0,0.229,0.7888,0.1535,0.5833,0.2973,0.828,0.391,0.1985,6.61,24.16,32.887,0.407,17.53,5.01,33.132,97.267,0.0919,0.0604,0.0347,0.0535,0.0785,0.0773,0.0764,0.0421,4.0938,0.0529,0.0006,112.5768,0.0309,1034.6992,0.022,0.0097,0.05769942730145672,0.0178,89.72,1.9272,0.0266,0.4151,0.0215,4.0608,17.3769,63.0738,41.0882,0.0461,1.4279,0.0258,1.3199,0.0473,0.0187,313.7211,241.3909,2129.8185,31.6491,0.0543,0.0351,0.0654,0.8594,0.0212,0.0712,0.2947,0.0543,0.1611,4.4837,0.1125,10.7018,0.0594,2.0684,6.8008,12.2472,0.1241,1.5318,1.5242,10.4836,27.8226,0.0204,0.0272,0.0173,0.0221,0.0242,0.0423,0.041,0.0224,1.2562,0.0169,0.0002,40.7715,0.0097,377.9438,0.013332932010138972,0.0065,33.4018,0.5668,0.0108,0.1368,0.0066,9.1571,1.2545,2.8904,6.3074,5.134,2.7893,23.5657,8.9121,4.386,77.3237,2.9418,0.9612,1.36,3.1523,184.8757,4.6849,11.9372,3.9667,3.1474,4.2912,43.4783,32.0285,4.9511,0.9251,1.8257,0.9084,0.2228,4.6276,8.8554,4.7713,14.5209,4.6106,3.8109,16.3158,5.5078,3.9947,8.5238,184.4739,4.651,47.129650000000005,142.1599,803.0584,0.0,126.1049,0.0,288.972,423.8558,196.2704,57.4072,2.285,2.1455,0.0605,6.1597,16.1643,0.0,118.77044999999998,0.0,11.704217270709925,1.8841,13.3004,0.0811,3.2937,6.7224,0.9382,9.4593,77.76486110924935,17.20964466879359,1.2297932386681627,8.003184668869526,0.4937503312501945,64.20471247147526,4.229566011534082,1.597799245547042,0.3417,0.0716,33.8642,7.17,0.0762,2.8696,0.0326,2.6991,9.6733,533.3591,2.3759,9.75,0.4187,3.3423,0.1197,1.828,17.6233,0.01,2.0027,0.0332,0.0216,65.1043
-1.0,2994.64,2159.0556,0.8184,100.7056,1.4268,0.0127,-0.0005,198.5237,6.0522,407.8684,0.9727,189.1142,12.5065,1.4044,-3920.5,-1772.5,1.2848,1.995,7.3053,66.5,2.5778,0.1853,84.7226,8.9635,64.2798,66.2774,86.9622,77.84,3.243,360.49,140.8218,744.3585,0.9261,137.3682,638.68,120.3278,4.643,4.857,2852.0,0.9236,-0.66,360.4664,10.4567,120.1618,13.8445,20.66,26.0425,718.316,144.2073,624.8355,123.7945,0.0065,0.0348,-0.078,-0.0009,-0.1113,-0.0254,-0.0116,7.8816,0.1275,0.9898,1762.0097,0.2023,8822.4301,0.02,0.0335,-0.0191,-0.0416,0.4639,0.9625,734.2345,0.9909,57.8715,0.6041,0.9695,6.3335,15.79,4.254,15.81,15.77,0.9649,0.9233,3.7820000000000005,0.7569,0.6627,2.3495,1000.8402,94.0,128.7,66.2,50.3999,331.64,0.1054,0.1302,0.0552,0.0392,0.0053,7.272,2.298,19.69,0.0061,0.34,0.0167,752.0,4809.0,0.153,0.089,0.246,1.8,0.613,0.6475,0.072,0.5249,0.2169,0.7847,0.74,0.1075,10.08,24.45,22.065,0.458,23.55,5.01,35.978,79.623,0.0673,0.0611,0.075,0.0631,0.0193,0.0794,0.0415,0.0701,3.7846,0.0392,0.0038,107.1808,0.0485,860.2002,0.0135,0.0225,0.0126,0.0062,86.666,2.3345,0.0159,0.603,0.0446,4.079,25.7894,39.6917,22.5251,0.0358,2.2086,0.0424,0.8715,0.0951,0.007,316.6411,161.6962,542.2303,2030.5954,0.0794,0.0383,0.1077,0.6164,0.0419,0.1685,0.261,0.0274,0.1076,7.2623,0.2561,11.2826,0.0327,3.7269,7.1812,7.1361,0.1679,1.3733,1.7426,10.6346,25.9834,0.019,0.0282,0.0331,0.0266,0.0057,0.0424,0.0199,0.0329,1.1791,0.0133,0.0011,33.4377,0.0168,286.1918,0.0036,0.0022,27.0389,0.6811,0.0055,0.1941,0.0138,12.3207,1.2009,4.2656,4.2977,2.4831,2.3343,30.5834,12.8744,9.1252,37.9698,4.8275,0.6287,2.7186,1.1919,30.2768,271.3117,11.9089,4.4612,3.3674,2.7068,38.7931,60.9712,17.8885,0.7643,0.8028,0.8166,0.1552,6.7713,8.3155,4.931,11.6089,7.3379,3.8282,18.3374,5.6016,4.38,8.8464,170.1032,5.0087,16.0743,64.3187,0.0,149.3888,80.8715,0.0,71.3548,163.3858,605.6156,48.0182,1.9604,1.6238,0.3793,6.0829,23.9511,0.0,63.8498,0.0,2.713,0.6424,11.8036,0.0668,4.0339,9.5213,1.8976,8.9839,76.28808539016796,16.705679697009405,1.2045889181062208,7.720861207606675,0.5094491235746814,44.84387065258232,4.159409643543316,1.574339773007224,0.7051,0.1946,54.5601,4.53,0.2048,1.8611,0.0851,1.8296,20.6195,532.4464,2.3405,9.27,0.2345,3.4091,0.0663,1.741,10.0209,0.0195,3.8456,0.0332,0.0216,65.1043
-1.0,2984.68,2179.0778,1.6746,99.33,1.4794,0.0042,0.0089,200.2243,12.2192,410.2924,0.9519000000000001,190.2234,12.285800000000002,1.4036,-2112.75,-2815.25,1.2905,1.9648,7.0797,68.9,2.2778,0.1906,84.7226,8.9635,64.2798,66.2774,86.9622,77.84,3.243,360.3482,136.8,741.4595,1.3514,142.4573,639.6055,203.7335,4.659,4.911,2848.0,0.928,-1.0573,361.4555,10.4913,115.7427,18.1719,21.0573,29.012,712.4475,144.2355,621.4336,111.1234,-0.0099,0.0185,-0.1009,0.0537,-0.071,-0.0172,-0.023,7.4139,0.1241,0.9884,1753.8124,0.1987,8889.2499,-0.0367,-0.04,-0.0952,0.24300000000000002,0.4613,0.9682,659.4543,0.9914,58.6458,0.6108,0.9673,6.3054,15.95,4.41,16.01,15.97,1.447,0.6809,3.118,-0.5204,0.7232,2.2771,1007.4808,129.0,121.5,90.8,40.4001,413.78,0.5671,0.0729,0.0698,0.0477,0.04285,8.4482,9.803,7.606,0.02935,0.35,0.0354,928.0,8889.0,0.155,0.128,0.2,2.3,0.355,0.6475,0.072,0.5249,0.2169,0.7847,0.315,0.146,6.28,23.9,48.114,0.436,23.61,4.04,34.339,47.501,0.0678,0.0488,0.0498,0.1099,0.0727,0.057,0.0962,0.0509,2.8347,0.0689,0.0019,88.4565,0.0353,1067.8994,0.0363,0.0243,0.0121,0.0117,102.2893,2.1024,0.0392,0.5788,0.0413,2.7649,31.8096,40.8691,29.7258,0.1832,2.3371,0.0224,3.5757,0.095,0.0117,402.0485,249.7432,3966.5529,4143.5087,0.0653,0.0548,0.0898,0.7,0.044,0.1175,0.261,0.0274,0.1076,5.9499,0.0873,10.9835,0.0409,2.1303,7.0799,16.7815,0.1508,1.1269,1.017,10.8227,14.1955,0.024,0.0243,0.0254,0.055,0.0247,0.0312,0.0509,0.024,0.8513,0.024,0.0005,26.8285,0.0094,312.9093,0.0039,0.0035,30.1341,0.6209,0.013,0.1903,0.0135,11.4372,0.8707,5.7804,4.0708,3.6357,1.854,22.7344,33.8649,4.9278,80.2263,1.8538,3.05365,2.8872,2.5207,298.58439999999996,315.7446,12.0108,6.5148,2.825,3.3382,61.4634,74.519,10.4528,0.7643,0.8028,0.8166,0.1552,5.1284,8.2968,4.8247,10.8064,4.4083,3.7367,23.6161,4.9408,4.1558,8.9941,129.9263,4.8199,8.9986,42.7462,686.5823,62.8866,108.9467,135.303,80.2534,560.1164,221.5452,38.2347,2.6587,2.8605,0.1927,5.0437,17.7762,506.25,62.7615,0.0,2.6261,1.2086,15.5112,0.0537,3.585,9.1788,1.8115,7.2038,80.26185566355386,17.20600070486356,1.2843415607325102,7.957438668189721,0.5625056299537379,53.68940086259706,4.258684476176585,1.5980698496051593,0.1245,0.0277,13.0712,5.1,0.1598,2.0652,0.0637,1.6377,29.5911,533.3945,2.3192,8.19,0.342,3.0021,0.1065,1.5354,14.7455,0.0152,3.0271,0.0332,0.0216,65.1043
-1.0,2968.78,2171.8222,0.8599,103.6356,1.5415,0.0055,-0.0208,200.7314,10.4629,416.0259,0.9608,191.6899,12.5592,1.4238,-1363.875,3329.5,1.3235,2.0062,7.2975,70.8111,2.3889,0.1974,84.7348,8.6706,64.5635,65.8977,86.8967,77.84,3.515,351.2436,135.11,732.5931,0.887,144.7882,631.1418,112.9615,4.625,4.848,2875.0,0.9346,-1.9573,353.0064,10.524,113.1527,12.8818,21.9573,27.0214,705.5717,152.1009,618.26,63.8022,-0.0218,0.0561,-0.0619,-0.0106,-0.1014,-0.0013,-0.0043,6.3766,0.1273,0.9874,1751.8155,0.1558,9206.9899,-0.0049,0.0716,-0.0173,-0.119,0.4594,0.9417,781.3525,0.9908,59.0052,0.6015,0.9723,6.2562,15.89,3.879,15.9,15.98,0.9649,0.6295,3.199,-0.1419,0.827,2.3406,1004.4267,152.0,165.6,124.5,54.3,353.751,0.0574,0.0843,0.11930000000000002,0.10045,0.0167,4.9517,6.465,5.756,0.0159,0.55,0.0446,737.0,15189.0,0.123,0.04,0.14,2.7,0.461,0.4945,0.0975,0.5131,0.4189,0.7879,0.217,0.0412,5.78,15.29,11.161,0.172,15.45,4.09,23.265,102.953,0.0688,0.037,0.05,0.014,0.0618,0.088,0.0554,0.0279,6.7061,0.036,0.002,108.0521,0.0232,858.1992,0.0189,0.0192,0.0145,0.024,76.7083,2.6299,0.0379,0.515,0.0291,3.634,39.0579,51.422,43.4929,0.0185,3.3316,0.0262,1.7819,0.0794,0.0157,302.478,213.6118,5823.189049999999,8994.62525,0.0567,0.0182,0.0632,0.8753,0.0506,0.1368,0.2281,0.0386,0.034,6.2807,0.0587,6.6606,0.0148,1.9632,4.5757,3.4672,0.061,1.282,1.2147,7.0856,30.2224,0.0238,0.018,0.0247,0.0066,0.0169,0.0491,0.029,0.0127,2.1789,0.0129,0.0009,34.2345,0.0083,266.5158,0.0043,0.0078,24.2155,0.7609,0.0127,0.1728,0.009,9.1065,1.2164,7.0996,5.578,4.9771,2.5002,35.0226,6.6752,5.4685,61.7897,1.3836,1.6538,4.3793,3.1317,0.0,456.1946,9.2935,1.9938,1.9185,3.813,29.3023,79.0096,13.5292,0.5836,1.1239,0.7947,0.6795,5.4122,5.8767,3.09,4.6449,3.992,2.4226,9.8804,4.6975,1.6344,3.4025,119.9368,3.2973,37.8956,161.3628,315.2348,65.227,22.608,580.9636,86.7422,0.0,656.4706,105.1663,1.6491,1.4855,0.2055,6.168,14.8781,789.7172,55.0169,415.5844,3.1556,2.5433,9.8174,0.1173,4.4571,8.2317,1.2444,9.7247,78.29670698019831,17.115121399583753,1.2571613394257386,8.102131889883957,0.524603941469777,63.886223225453115,4.235601646655519,1.5776326321828065,0.1226,0.0349,12.6436,4.87,0.0951,2.0365,0.034,1.8372,11.9494,538.54,2.0768,5.3,0.3411,1.7213,0.0939,0.9842,16.4231,0.0096,1.9389,0.0353,0.0298,84.3454
-1.0,3093.75,2160.6,1.5257,98.7122,1.5859,0.0286,-0.0035,199.4305,10.8755,423.2763,0.9787,190.2674,12.4824,1.4338,-3877.75,6434.25,1.2953,1.9682,7.3537,71.4111,2.1444,0.1694,84.7348,8.6706,64.5635,65.8977,86.8967,77.84,3.515,352.3791,132.3936,732.2701,1.3586,149.0045,633.7773,241.3652,4.632,4.856,2867.0,0.9357,-0.4482,353.4782,10.6274,111.9455,15.1218,20.4482,28.0456,704.2245,153.2318,618.6555,103.8968,-0.0266,0.0435,-0.0677,-0.0134,-0.1002,-0.0005,-0.0128,7.6523,0.1291,0.9896,1883.9678,0.2012,8865.2798,-0.0977,-0.149,0.1294,-0.2231,0.4366537867583937,0.9442,751.7628,0.9917,59.0563,0.5996,0.9764,6.2575,15.89,3.879,15.9,15.98,0.9649,0.6295,3.199,-0.1419,0.827,2.3406,1004.4267,120.0,197.5,145.7,56.7002,246.6509,0.2148,0.0719,0.11930000000000002,0.10045,0.0131,7.7516,7.827,8.355,0.0061,0.28,0.0333,764.0,7188.0,0.053,0.075,0.215,2.0,0.3,0.4945,0.0975,0.5131,0.4189,0.7879,0.235,0.1152,5.52,14.3,55.336,0.157,17.0,9.75,31.928,94.447,0.0693,0.0422,0.0661,0.0251,0.0502,0.077,0.0912,0.0285,3.9491,0.0309,0.0016,192.9493,0.0125,1732.8994,0.0239,0.0195,0.035569496725111144,0.0284,189.0673,2.5518,0.0369,0.6259,0.0291,3.634,33.1438,64.4157,52.5638,0.0661,1.1187,0.0254,2.7658,0.0821,0.0127,332.6744,187.4644,811.8585,3257.5908,0.0266,0.0315,0.0898,0.7705,0.0457,0.0941,0.2281,0.0386,0.034,6.275,0.0707,6.4035,0.0342,1.9016,4.0796,18.6242,0.0598,2.9169,3.9156,9.1394,31.8418,0.0191,0.0174,0.0298,0.0106,0.0159,0.0394,0.0482,0.0138,1.4032,0.0127,0.0006,67.03,0.0036,536.4425,0.009669194108609287,0.0106,58.4545,0.6503,0.0119,0.2049,0.009,9.1065,1.2164,5.2593,6.3838,5.9693,2.6243,21.9327,14.0801,4.5337,71.9688,1.9739,0.6263,2.2431,2.3253,48.4559,111.7147,4.0919,3.8105,2.9237,2.8007,79.2746,71.4098,8.6414,0.5836,1.1239,0.7947,0.6795,5.6388,6.1332,3.0725,8.4777,3.7046,2.2563,22.9263,8.9899,1.4773,5.467,112.4201,4.5338,20.4024,90.9046,260.2817,77.5735,37.0616,374.9767,76.8271,0.0,222.2222,51.6074,2.9437,1.2811,0.1641,10.2416,6.2257,0.0,107.0994,137.4233,8.960114220697236,3.0085,25.1499,0.0464,4.3209,10.0016,1.2444,9.7247,77.5501444139954,17.065630845455313,1.2467563972008995,7.737556399431482,0.5317351677461035,58.848352457525586,4.211803623565502,1.597708631988809,0.1361,0.0315,14.8109,4.98,0.0877,2.0902,0.0382,1.8844,15.4662,532.5646,2.7395,13.35,0.6164999999999999,4.0485,0.18730000000000002,2.5067,28.50255,0.0125,2.5069,0.0353,0.0298,84.3454
-1.0,2973.88,2159.0556,0.8184,100.7056,1.5071,-0.0085,-0.0068,197.8729,8.6769,404.1517,0.9725,188.5376,12.4673,1.4109,-3692.75,-58.0,1.3035,1.9937,7.2585,67.3778,2.6333,0.2283,85.3154,8.5135,64.1605,66.2242,86.6662,78.79,3.194,359.0964,150.2845,763.8121,0.8702,142.5527,651.9336,123.5081,4.703,4.975,2857.0,0.9343,-3.9318,362.2836,10.2645,126.3527,10.2026,23.9318,29.5895,734.2226,154.3427,642.9791,85.338,-0.0132,-0.0191,-0.0462,-0.0054,-0.1084,-0.0203,0.0204,8.0094,0.1348,0.9905,1824.9624,0.1913,8754.59,0.0523,-0.0037,-0.0069,0.0956,0.4609,0.9614,764.1201,0.9911,57.7753,0.6023,0.9661,6.3567,15.85,3.23,15.87,15.83,0.9271,0.511,3.118,0.7569,0.7677,2.3503,1002.8717,190.0,83.7,112.0,50.3999,331.64,0.1054,0.1095,0.0314,0.0479,0.0128,7.7797,5.655,9.413,0.01,0.21,0.0183,448.0,2110.0,0.103,0.183,0.227,1.0,0.521,0.8867,0.0417,0.4481,0.3555,0.6013,0.459,0.0676,5.74,20.98,24.319,0.37,22.23,10.2,31.421,82.49,0.0595,0.0552,0.0525,0.0536,0.047,0.079,0.089,0.0769,2.8323,0.093,0.0006,78.7338,0.0313,566.3994,0.0146,0.0116,0.0187,0.0079,61.4467,2.6122,0.025,0.4301,0.034,2.8805,38.3072,28.2552,36.7084,0.0358,2.2086,0.0457,1.8173,0.0498,0.0056,192.4309,219.3156,321.2697,934.7823,0.0498,0.0842,0.0959,0.3492,0.0372,0.1662,0.3188,0.0162,0.0781,6.7701,0.1368,6.6706,0.025,1.6417,6.5009,8.7903,0.1042,3.2381,3.9489,9.7539,29.8942,0.0134,0.026,0.0238,0.0245,0.0134,0.0429,0.045,0.0337,0.9617,0.0281,0.0002,25.072,0.01,160.4659,0.0053,0.0027,20.0874,0.6791,0.0087,0.1386,0.0117,12.1852,1.0482,8.6528,2.8145,4.573,2.3343,30.5834,12.8744,7.2655,65.173,2.3291,1.0292,1.6844,1.2978,18.2791,0.0,7.9018,9.1787,3.1274,1.4842,60.7595,54.3066,15.5988,1.0393,0.4896,0.6984,0.1132,4.865,5.7491,3.0356,7.7684,4.0266,3.2181,19.6902,4.1284,3.6046,4.8752,217.8859,4.2795,17.2635,96.6627,451.3988,122.5305,115.8919,867.3587,72.8782,439.5062,377.887,35.3625,2.5973,3.8214,0.062,4.3143,16.3508,542.6901,35.0168,0.0,4.0675,0.8223,8.0415,0.0767,4.5214,6.7667,1.4455,8.0028,73.586,15.41,0.81,6.9009,0.3343,146.2962,3.7995,1.1007,0.1732,0.0405,17.5662,6.355260719621483,0.13361495442704638,2.5240807849083335,0.060993436628217323,2.432834377751191,21.433648195455863,534.2982,1.97,5.79,0.1893,2.1265,0.0617,1.0837,9.6108,0.0096,1.9314,0.0353,0.0298,84.3454
-1.0,2984.3,2238.4556,1.3404,103.2589,1.4773,0.0028,0.0101,197.1441,8.9804,412.6388,0.9768,187.8422,12.4618,1.4115,-4972.75,1530.0,0.9835,1.8852,5.118,68.9556,2.2333,0.1786,84.9334,8.5459,64.1179,66.2647,86.6954,77.72,2.013,353.1364,137.3209,733.7554,0.9392,140.2591,630.7164,118.4344,4.617,4.868,2843.0,0.929,-2.3355,355.2455,10.4502,114.9855,12.1404,22.3355,28.2141,705.5414,149.6673,619.8982,72.6186,-0.0102,-0.0536,-0.0984,-0.0227,-0.0792,-0.0071,0.0047,7.8682,0.136,0.9799,1856.4217,0.1694,8227.7,-0.0769,-0.0167,-0.0821,0.0564,0.4587,0.9731,671.2238,0.9904,58.7224,0.6031,0.9665,6.2591,15.85,3.23,15.87,15.83,0.9271,0.511,3.118,0.7569,0.7677,2.3503,1002.8717,88.0,182.8,225.6,49.4001,357.5901,0.3912,0.0918,0.049,0.0408,0.0077,8.4884,5.079,13.391,0.0059,0.66,0.0407,459.0,74.0,0.116,0.099,0.176,2.6,0.209,0.9273,0.1506,0.5927,0.396,0.5986,0.369,0.1583,7.35,20.98,35.599,0.205,14.06,7.16,31.276,71.614,0.16345,0.0783,0.0223,0.14704999999999996,0.1008,0.0713,0.0765,0.113,3.5536,0.0454,0.0064,145.1355,0.0357,738.1997,0.0246,0.0174,0.0282,0.0051,85.3426,3.3315,0.0297,0.4586,0.034,2.8805,23.8212,64.0056,77.7045,0.1372,1.3536,0.0363,1.9616,0.106,0.0128,197.8322,284.0263,4074.5996,32.5986,0.0487,0.0408,0.079,0.9139,0.0265,0.0609,0.3312,0.0536,0.1319,5.5167,0.123,10.4916,0.041,2.2657,6.3035,10.6974,0.0633,1.9598,2.1216,9.5189,24.646,0.045450000000000004,0.0382,0.011,0.06770000000000001,0.0269,0.0399,0.0315,0.0528,1.2636,0.0148,0.0023,50.7978,0.0116,253.8435,0.0071,0.002,28.6627,1.0638,0.0108,0.1566,0.0117,12.1852,1.0482,3.8077,6.1254,9.0924,2.2069,28.4588,29.1868,6.2142,56.5567,3.2452,0.6087,5.2962,2.8835,185.8127,4.8366,11.7946,5.2513,3.4388,3.7705,31.3433,44.804,4.4795,1.0918,1.7625,0.9244,0.1629,5.2076,8.6731,4.7929,16.8506,5.2403,3.3264,30.058,6.0034,1.9617,9.8795,115.8116,4.4329,17.8269,98.6166,0.0,288.1325,317.031,443.8085,89.9968,0.0,0.0,45.1645,3.6794,1.9096,0.6554,7.818,21.0914,264.1366,49.0934,0.0,6.1448,0.523,12.7145,0.0857,5.6734,7.3275,1.4455,8.0028,71.446,19.7,0.76,9.1382,0.3575,33.6771,4.8829,1.0637,0.1609,0.0356,16.9402,7.33,0.0917,2.7924,0.0356,2.9161,13.9857,534.0555,2.0153,8.58,0.1975,3.0459,0.071,1.6066,9.8005,0.0223,4.5124,0.0192,0.0167,86.9681
-1.0,2931.26,2242.8555,0.8832,106.21,1.547,-0.0021,0.003,195.0624,5.9987,405.2985,0.9728,185.6188,12.4673,1.4041,-4040.0,-1088.75,1.2658,2.014,7.3565,68.7444,2.7333,0.19,85.7881,8.77,63.708,66.4683,86.5202,76.89,3.21,366.0282,148.9636,758.9277,1.2165,132.9627,647.9545,193.5647,4.67,4.931,2836.0,0.9217,-0.2173,370.8382,9.678249999999997,128.7464,11.5072,20.2173,26.9312,731.9965,136.8627,636.4473,108.9158,-0.0193,-0.0134,-0.0379,0.0274,0.0008,-0.002,0.0484,7.8397,0.1298,0.9899,1835.0605,0.2031,9192.1001,-0.0579,-0.0837,0.0228,-0.0583,0.446,0.9435,791.3698,0.9914,58.7883,0.6073,0.9668,6.3293,15.93,4.585,15.98,15.95,1.376,0.6903,2.92,-1.655,0.7591,2.2937,1005.3318,134.0,59.8,87.6,62.9001,227.0289,0.1099,0.0836,0.0429,0.052,0.0167,7.0368,4.247,21.495,0.0104,0.21,0.0754,1043.0,3615.0,0.118,0.102,0.332,3.2,0.387,0.6514,0.1196,0.5767,0.3098,0.6984,0.196,0.1373,7.6,18.85,66.569,0.473,18.34,4.79,35.337,75.296,0.1007,0.042,0.0192,0.1167,0.155,0.0984,0.078,0.1048,3.6899,0.0696,0.0014,157.0836,0.0542,1637.5996,0.0133,0.0189,0.120188138292432,0.0223,183.1781,3.1001,0.0435,0.4886,0.0215,4.0608,32.6484,24.424,28.4491,0.0359,2.1317,0.0265,1.5936,0.0498,0.0254,506.5086,82.6574,3352.7068,1601.2123,0.0561,0.0436,0.1587,0.9541,0.0426,0.126,0.2342,0.0545,0.0644,5.6106,0.0574,9.946,0.0455,2.3168,6.1591,20.9561,0.1414,1.6315,2.1388,10.7934,22.0358,0.0225,0.0196,0.0085,0.0527,0.0418,0.0526,0.0365,0.0524,1.2185,0.0226,0.0004,58.6857,0.0152,550.8077,0.02801905827358544,0.0081,61.6371,0.8787,0.0118,0.1572,0.0066,9.1571,1.2545,6.038,2.0401,3.4655,2.8045,15.8681,12.4432,5.4041,70.7983,5.3035,1.0682,1.6844,5.373,195.2475,332.0321,9.3225,5.0645,4.513,4.6549,40.2439,70.5263,11.281,0.7593,1.364,0.9052,0.6795,4.5051,6.6929,4.5929,11.287,5.7159,2.9092,34.3911,5.5634,4.94,9.5692,159.3781,4.8275,12.4228,69.1323,521.2553,618.59025,308.3223,565.049,0.0,0.0,216.4171,47.0666,2.1566,2.9272,0.1392,8.5601,26.6957,0.0,29.0909,391.1111,26.600115265074077,2.3585,23.147,0.0699,5.2734,7.7194,0.9382,9.4593,82.174,20.48,1.78,9.871,0.7899,62.1631,5.0007,2.1661,0.6786,0.1914,63.4313,3.28,0.1275,1.353,0.0467,1.2395,24.4645,534.6764,2.0007,8.09,0.3016,2.8562,0.0819,1.5131,15.0738,0.0144,2.9319,0.0256,0.0189,73.8657
-1.0,2978.18,2159.0556,0.8184,100.7056,1.4661,-0.0057,0.0036,198.3914,10.6617,413.9935,0.9732,189.0849,12.4673,1.4193,-3607.6667,-245.5,1.2692,2.0255,7.4195,66.2556,2.6778,0.2234,85.2505,8.7812,64.0886,66.1006,86.6597,79.07,3.103,365.64,148.7973,757.1183,0.8184,129.1836,643.6209,134.5973,4.603,4.85,2867.0,0.9142,-0.6464,369.0,9.678249999999997,128.1509,5.7609,20.6464,25.0675,732.0508,143.8264,640.9773,77.7328,-0.0094,0.0178,-0.0698,0.0124,-0.0972,-0.0226,-0.0248,8.4835,0.1283,0.9904,1789.2868,0.2106,9064.6001,0.0663,-0.0391,-0.0612,-0.0838,0.4638,0.9675,798.8875,0.9916,58.0981,0.6097,0.9768,6.2984,15.85,3.23,15.87,15.83,0.9271,0.511,3.118,0.7569,0.7677,2.3503,1002.8717,124.81467506040988,248.5,190.0,50.3999,331.64,0.1054,0.0558,0.0411,0.0438,0.013,8.3097,6.746,9.813,0.0099,0.21,0.119,1324.0,1095.0,0.111,0.063,0.163,3.0,0.608,0.7017,0.0929,0.3964,0.3561,0.7394,0.301,0.0654,5.59,19.99,27.46,0.532,15.39,7.33,39.778,89.3,0.0738,0.0522,0.1032,0.0599,0.074,0.0804,0.0562,0.0518,2.5884,0.0344,0.0008,90.8806,0.1161,1874.3999,0.0147,0.0159,0.0194,0.0129,213.3358,3.3055,0.016,0.4494,0.034,2.8805,31.165135577775004,74.7041,57.1431,0.0358,2.2086,0.0192,2.134,0.0498,0.045799999999999993,562.2765,196.4355,169.3409,453.8197,0.0495,0.0269,0.0778,1.0051,0.0659,0.2276,0.2774,0.0383,0.1054,5.9938,0.0954,9.7023,0.0186,1.4229,6.3217,6.9063,0.1837,2.1407,2.2917,11.2366,24.4079,0.0254,0.0228,0.0493,0.0307,0.0217,0.0424,0.0305,0.0222,0.9502,0.0126,0.0002,30.1596,0.0337,556.9221,0.0065,0.0047,64.1335,0.8519,0.006,0.1529,0.0117,12.1852,1.0482,5.588895819666977,8.344,7.6466,2.3343,30.5834,12.8744,3.806,63.273,2.3703,1.0207,1.6844,8.3858,9.2303,446.0285,8.7453,3.1103,2.1969,4.5279,41.0788,79.2143,18.038,0.8231,1.0578,0.6185,0.208,5.076,6.4383,4.374,7.9862,4.3272,3.1059,20.4016,5.5308,5.5135,9.1455,267.1458,5.4338,24.591,114.8807,788.251,155.5887,85.8781,594.3775,82.7373,248.6726,208.6606,30.5108,1.6374,1.4307,0.0775,5.0792,55.1064,0.0,49.6614,0.0,4.1761,1.3347,26.7041,0.0764,5.6894,7.1354,1.4455,8.0028,77.48465481855843,16.987897343339124,1.246353135053909,7.5958799902100305,0.5345465642422693,69.76313535016959,4.214819906557936,1.5780397460836053,0.2003,0.0413,20.7785,6.24738205315757,0.13926112870420124,2.582564784335834,0.05741855693147438,2.405313303848944,21.572670848096557,534.6764,2.0007,8.09,0.3016,2.8562,0.0819,1.5131,15.0738,0.0214,4.2694,0.0256,0.0189,73.8657
-1.0,2890.67,2159.0556,0.8184,100.7056,1.5157,-0.0158,0.0008,201.5834,10.2639,410.0418,0.9624,192.0462,12.4759,1.3805,-3421.25,503.25,1.303,2.0107,7.3043,68.4667,2.6667,0.2149,84.9334,8.5459,64.1179,66.2647,86.6954,77.72,2.013,360.6764,127.1118,726.6594,1.4491,145.7191,633.5073,181.0638,4.642,4.9,2801.0,0.9217,7.24,358.5518,10.4016,114.3518,13.21,12.76,20.1964,706.463,147.3936,620.2973,90.1335,-0.0209,-0.0243,-0.0681,0.0265,-0.0852,-0.0364,-0.0169,7.7111,0.1275,0.9865,1779.2903,0.1932,8315.35,0.1455,-0.149,-0.1026,-0.093,0.4759,0.9533,708.1497,0.9903,57.843,0.598,0.9785,6.5097,15.89,3.879,15.9,15.98,0.9649,0.6295,3.199,-0.1419,0.827,2.3406,1004.4267,94.0,128.2,131.9,50.3999,331.64,0.1054,0.0661,0.0385,0.0479,0.025,6.9209,11.55,13.999,0.018,0.63,0.0428,761.0,219.0,0.107,0.065,0.177,2.6,0.25,0.9273,0.1506,0.5927,0.396,0.5986,0.465,0.2148,3.87,22.98,27.485,0.315,20.22,4.77,30.92,98.391,0.11,0.0701,0.0442,0.0774,0.0597,0.0937,0.0878,0.0518,3.2248,0.0985,0.013699999999999999,88.6595,0.0298,621.4995,0.0128,0.0324,0.0175,0.0284,77.6223,2.778,0.0237,0.471,0.0291,3.634,25.7894,43.9256,47.4881,0.0358,2.2086,0.0224,3.2742,0.1847,0.0136,346.2758,58.9322,637.6354,102.2167,0.0502,0.0278,0.0822,0.9747,0.0549,0.0853,0.3312,0.0536,0.1319,6.0587,0.1539,9.593,0.061,1.188,6.8965,8.0261,0.1099,1.3439,2.1654,9.9294,33.4197,0.028,0.0328,0.0181,0.0331,0.0186,0.0503,0.0487,0.0225,1.0631,0.029,0.0046,25.7039,0.0077,199.6852,0.0042,0.0103,23.8766,0.9646,0.0091,0.1539,0.009,9.1065,1.2164,4.2656,4.435,5.1237,2.3343,30.5834,12.8744,4.361,112.5302,3.414,1.8719,5.0497,3.1026,41.4468,43.5171,8.2118,3.2326,2.4232,3.7975,30.0,84.2296,7.1702,1.0918,1.7625,0.9244,0.1629,5.1764,5.5856,4.3428,14.8216,2.6558,3.6274,15.1797,5.3351,3.0284,7.5032,153.0655,4.3767,19.9232,109.1615,526.6308,136.0505,113.573,225.283,109.9765,241.0432,306.5089,41.8195,1.9604,4.1487,1.3944999999999999,4.9829,15.449,771.4286,87.2521,253.4161,3.6796,2.9817,10.9613,0.0868,4.8027,7.2349,1.2444,9.7247,76.66089385005796,16.83703429859271,1.2206549028462865,7.803926850024305,0.5207634927924987,69.22429771979637,4.198115087644984,1.5972251319106834,0.1423,0.0387,14.7029,4.33,0.152,1.761,0.066,1.637,22.1332,532.9764,2.3909,10.98,0.2422,3.6929,0.0833,2.0601,10.1292,0.0173,3.3839,0.0256,0.0189,73.8657
-1.0,2971.43,2167.2,1.4869,94.26,1.5055,0.0354,-0.0032,198.2406,4.986,404.3037,0.9717,188.0919,12.4706,1.3894,-4080.5,3843.25,1.2655,1.9905,7.2897,68.1667,1.6778,0.1374,85.8748,8.8132,63.6886,66.3674,86.52,77.26,2.244,353.4327,136.2282,737.6747,1.2942,147.9445,637.6055,231.1468,4.627,4.861,2873.0,0.9362,-2.8818,355.4464,10.5987,113.3464,21.2,22.8818,29.7075,707.9672,147.6127,616.4055,31.767350000000008,-0.0178,-0.0008,-0.0311,-0.0068,-0.0274,-0.0192,0.0496,7.8141,0.13,0.9895,1799.8915,0.1928,9240.9799,-0.0144,-0.0223,-0.0369,0.0096,0.4549,0.956,780.9506,0.9912,58.1892,0.6037,0.9642,6.3839,15.91,4.392,15.94,15.89,1.239,0.6586,2.91,-0.5204,0.7586,2.2967,1003.0211,128.0,103.5,49.7,68.1001,1015.8822,0.148,0.23175000000000004,0.0472,0.0541,0.0219,7.5937,2.564,14.917,0.0129,0.21,0.0442,2060.5,1416.0,0.047,0.106,0.209,3.8,0.553,0.6995,0.082,0.6884,0.4311,0.5868,0.224,0.1033,5.6,20.12,38.587,0.469,15.72,6.61,25.654,8.354,0.0737,0.0439,0.094,0.1072,0.0961,0.0686,0.0685,0.1302,6.9518,0.0729,0.0015,124.9973,0.0663,317.0996,0.0209,0.0236,0.02,0.0077,21.7569,2.0371,0.0475,0.4314,0.0334,4.0302,32.1292,29.6241,16.0799,0.0598,4.1378,0.0764,0.9151,0.0585,0.015,912.5788,152.7686,3665.0062,655.9163,0.0193,0.0471,0.106,1.1011,0.0573,0.1998,0.2539,0.0329,0.0356,6.6169,0.061,6.4923,0.0357,1.6561,5.9094,11.8153,0.1618,2.346,3.0438,8.5907,2.5268,0.015,0.0186,0.0418,0.0488,0.0208,0.0351,0.0367,0.0668,2.3826,0.0231,0.0004,45.1499,0.0212,109.3216,0.0059,0.0026,8.2252,0.5293,0.015,0.14,0.012,13.4011,1.3131,5.6544,3.4832,1.9347,3.1423,77.0342,9.9562,15.5094,51.424,3.6896,1.3251,1.684,3.1834,218.0615,36.8438,3.7139,5.3253,2.867,5.5746,127.49480000000001,145.5133,16.3427,0.8146,0.9302,1.0809,0.6795,5.6899,7.5388,3.2015,7.9823,3.7852,3.1556,16.6937,4.4526,4.4251,5.6817,74.1507,3.6236,17.0491,34.6366,414.6273,153.7653,344.1413,0.0,250.5936,357.7023,262.7649,88.9654,2.4622,3.0848,0.1515,6.9447,34.3974,892.6714,59.5136,0.0,4.3948,0.8101,2.786,0.0606,3.5007,6.757,1.4539,10.3597,74.436,17.44,1.09,8.2548,0.4367,18.4525,4.2781,1.4644,0.1623,0.0397,16.633,7.09,0.0933,2.8731,0.0424,2.6146,15.5325,531.4073,2.0161,8.05,0.3213,2.8487,0.1038,1.5148,15.9361,0.0106,2.1237,0.0256,0.0189,73.8657
-1.0,3022.02,2159.0556,0.8184,100.7056,1.4527,0.0,-0.0055,198.2131,12.5698,417.7679,0.9794,188.6068,12.5218,1.3826,-3517.75,2789.0,1.324,1.9883,7.2677,68.0,1.8333,0.1603,88.2693,9.97415,65.0056,66.94045000000003,87.0024,77.9,3.552,356.59,133.7373,738.3945,1.3427,148.2473,638.5746,190.5148,4.637,4.836,2881.0,0.934,-0.9409,356.9082,10.6115,112.7964,15.7682,20.9409,29.2332,709.1613,153.1018,622.8064,75.7604,0.0113,-0.0159,-0.0314,-0.004,-0.098,-0.03,0.0612,7.7911,0.131,0.9894,1772.8633,0.2013,8889.0501,0.0047,0.0056,0.0155,0.0122,0.4576,0.9585,770.3773,0.9915,59.3493,0.6091,0.978,6.3235,15.85,3.23,15.87,15.83,0.9271,0.511,3.118,0.7569,0.7677,2.3503,1002.8717,159.0,172.5,191.0,50.3999,331.64,0.1054,0.1229,0.0463,0.0442,0.0075,7.8158,15.039,10.863,0.0057,0.26,0.0405,509.0,14576.0,0.071,0.078,0.315,2.3,0.849,0.792,0.2011,0.4391,0.16,0.7855,0.138,0.1166,5.52,19.96,69.713,0.315,12.75,4.03,27.323,85.565,0.0502,0.0595,0.0341,0.1119,0.0492,0.0851,0.0848,0.0988,3.6031,0.0597,0.002,152.8048,0.1068,620.2998,0.0087,0.0113,0.0236,0.0065,53.8887,3.7084,0.0292,0.4431,0.034,2.8805,37.8656,64.6279,58.5337,0.0358,2.2086,0.045,4.6255,0.0743,0.0132,228.5709,126.4315,496.0023,6907.9457,0.0349,0.0319,0.1355,0.6928,0.0648,0.2758,0.3219,0.0816,0.1215,6.2044,0.0471,6.9117,0.0401,1.6943,5.9149,19.4868,0.0881,1.2834,2.3513,8.3452,25.2502,0.0122,0.0287,0.0145,0.0495,0.0141,0.0457,0.0457,0.0533,1.179,0.0175,0.0006,50.0358,0.0311,181.0862,0.006,0.0025,16.292,1.1064,0.0087,0.1308,0.0117,12.1852,1.0482,6.917,5.7081,8.2209,2.3343,30.5834,12.8744,8.4598,119.6437,2.6002,0.5862,2.0764,2.9315,29.8486,522.6246,5.3625,3.923,4.3342,3.3824,65.4545,98.5447,25.7004,0.7681,0.8684,0.5866,0.1641,5.4629,6.5202,3.347,8.6848,3.7235,3.1257,36.5919,4.6095,2.9685,5.6562,80.8588,3.8529,39.1418,112.9416,445.9745,177.8774,356.0859,0.0,86.8589,282.4313,161.5699,46.2458,1.4499,2.4585,0.2063,8.6191,53.0463,0.0,70.8688,0.0,5.163,0.6787,6.9951,0.1358,6.2485,7.0066,1.4455,8.0028,78.89634826197218,17.077290175702974,1.2917854020603883,7.670377355620931,0.5198455147895771,68.01569311183633,4.24773494606625,1.5893578151423575,0.1038,0.036,10.9099,5.59,0.1309,2.1015,0.0559,2.2427,19.847,536.0,2.0571,7.91,0.3413,2.442,0.0928,1.4758,16.5929,0.0233,4.6732,0.0256,0.0189,73.8657
-1.0,2941.23,2160.6,1.5257,98.7122,1.4713,0.0384,0.0011,199.7558,11.1116,416.9427,0.9616,190.0923,12.58,1.4071,-4031.5,-3358.75,1.2563,2.0055,7.3262,70.2667,2.2889,0.1896,84.7348,8.6706,64.5635,65.8977,86.8967,77.84,3.515,353.4809,129.0864,722.3626,0.9716,139.64,622.2073,118.6777,4.577,4.861,2873.0,0.9295,2.2855,352.9764,10.6605,111.3718,10.9018,17.7145,21.7095,700.6531,146.9573,611.3055,31.767350000000008,-0.0422,-0.0044,-0.0318,0.0016,-0.0944,-0.0213,-0.0027,6.839,0.1346,0.99,1872.5908,0.2011,8586.1801,-0.1071,-0.149,0.17079999999999998,-0.2231,0.4504684258852265,0.9372,730.9317,0.9922,59.5427,0.6033,0.971,6.2276,15.65,4.406,15.7,15.66,1.116,0.7675,3.4,1.04,0.657,2.3146,991.5424,92.0,201.9,207.9,56.7002,246.6509,0.2148,0.0814,0.11930000000000002,0.10045,0.0203,5.5658,5.201,5.9,0.0146,0.17,0.0449,2060.5,5071.0,0.035,0.063,0.137,3.2,0.431,0.4945,0.0975,0.5131,0.4189,0.7879,0.381,0.1115,6.0,14.59,19.986,0.874,26.46,16.51,32.193,15.199,0.0571,0.045,0.039,0.1015,0.07,0.089,0.0896,0.1396,4.0862,0.0274,0.0011,159.2495,0.0346,590.7002,0.0256,0.03420000000000001,0.05731584990703284,0.0251,69.0169,3.6222,0.0288,0.5826,0.1018,5.2144,26.6999,65.9697,65.2106,0.0661,1.1187,0.0285,1.7482,0.0499,0.0176,912.5788,157.1186,819.3471,2174.6567,0.0166,0.0281,0.0569,0.9165,0.0296,0.13,0.2281,0.0386,0.034,6.678,0.1158,6.6024,0.0321,2.0197,4.3296,7.1566,0.28,4.2695,3.7969,9.8122,5.2302,0.0162,0.0217,0.0166,0.0444,0.0209,0.0378,0.0477,0.0656,1.4951,0.0095,0.0004,49.5409,0.0114,168.3737,0.014881786022703378,0.0089,19.2774,0.9146,0.0096,0.1904,0.0367,5.8755,1.8627,4.1456,6.8645,8.2981,2.6243,21.9327,14.0801,5.5324,46.8068,1.4151,1.5151,1.3514,3.193,47.0544,150.9788,2.7861,3.1414,1.87,4.5541,56.7961,46.4244,12.3594,0.5836,1.1239,0.7947,0.6795,6.4332,17.0429,2.701,11.4761,4.2968,2.3449,16.8406,6.3975,8.1985,17.537999999999997,242.7112,4.5947,47.129650000000005,61.0729,135.248,150.8801,318.9317,0.0,94.3046,420.6573,0.0,59.7493,4.7556,1.1253,0.116,8.5042,17.185,0.0,42.0202,146.6135,13.000283238836733,2.6808,9.4423,0.0452,6.0834,9.3555,4.3977,11.2988,77.642,14.1,1.12,5.5596,0.4051,78.9332,3.501,1.4425,0.1361,0.0315,14.8109,4.98,0.0877,2.0902,0.0382,1.8844,15.4662,532.5336,2.2723,8.0,0.2372,2.7908,0.0892,1.5023,10.439,0.0179,3.5847,0.0256,0.0189,73.8657
-1.0,3042.7,2242.8555,0.8832,106.21,1.4817,0.003,0.0049,197.4725,5.3541,400.4759,0.9848,186.8644,12.499,1.4068,-4569.5,1191.25,0.989,1.8927,5.2405,67.4778,3.0,0.201,83.7263,8.7867,64.0159,66.3724,86.5708,76.15,2.956,361.7718,136.5209,734.1845,0.842,131.5618,629.8546,127.4543,4.642,4.89,2843.0,0.9302,0.7227,365.0782,9.845,117.2436,10.3116,19.2773,24.1852,709.9994,138.4818,620.8036,90.6389,-0.0244,-0.009,-0.0404,0.015,0.0007,-0.0229,0.0544,7.6453,0.1297,0.9619,1865.0032,0.1774,8437.5501,-0.0836,-0.0586,0.0103,-0.0716,0.4563,0.9479,731.424,0.9915,58.9889,0.6059,0.9645,6.3576,15.91,4.392,15.94,15.89,1.239,0.6586,2.91,-0.5204,0.7586,2.2967,1003.0211,147.0,192.0,131.4,62.9001,227.0289,0.1099,0.0851,0.0546,0.04,0.0053,4.8149,5.236,20.638,0.0059,0.38,0.0794,408.0,373.0,0.094,0.073,0.033,2.7,0.134,0.6531,0.1175,0.6535,0.3376,0.5457,0.172,0.0826,5.39,22.77,16.571,0.687,16.05,4.79,31.874,60.537,0.0491,0.0489,0.0366,0.0988,0.0402,0.0732,0.088,0.0955,3.8827,0.082,0.0116,144.4226,0.059,647.3999,0.0164,0.0172,0.0378,0.0212,77.8391,3.9208,0.0411,0.4386,0.0334,4.0302,31.8803,65.1601,49.1625,0.0359,2.1317,0.0245,1.4145,0.0964,0.025,184.8628,262.9411,1768.385,153.3783,0.041,0.0329,0.0156,0.8467,0.0245,0.0464,0.2525,0.0534,0.0443,5.8915,0.0518,8.9278,0.0255,1.4852,6.2704,5.1943,0.2181,1.5881,1.5027,9.0452,15.9151,0.0141,0.0261,0.0163,0.0468,0.012,0.0352,0.0463,0.0502,1.5527,0.0263,0.004,45.1974,0.0185,200.7063,0.0085,0.0079,23.0071,1.193,0.0131,0.1476,0.012,13.4011,1.3131,6.4871,6.3102,5.5794,2.8045,15.8681,12.4432,5.7433,97.7944,5.1534,0.6021,3.0402,5.6462,89.3533,31.3116,9.5046,3.8568,0.6297,4.0013,23.3333,35.3234,2.846,0.78,1.3368,1.0208,0.6795,5.1275,6.6657,4.4286,9.8098,4.0969,3.6151,13.0015,5.5763,6.9782,5.7914,155.6498,4.4893,13.9469,66.7892,201.2811,618.59025,244.2522,268.2235,0.0,385.1204,175.6322,50.7858,2.7763,3.4529,1.2037,7.7438,33.2635,547.1173,37.2712,787.3016,8.2751,2.2369,10.6421,0.1496,6.6467,6.8991,1.4539,10.3597,75.99125500362949,17.146881100184476,1.2249790863752488,7.587289185763431,0.511494907646223,64.64202567147348,4.239762496166662,1.6352030912317066,0.6839,0.1946,46.6919,6.334579270667519,0.12790793710946555,2.664998685936218,0.05190276432022553,2.444171715454674,20.195668060544335,531.4073,2.0161,8.05,0.3213,2.8487,0.1038,1.5148,15.9361,0.0153,3.0907,0.0256,0.0189,73.8657
-1.0,3036.34,2179.0778,1.6746,99.33,1.5186,0.0171,0.0043,197.2838,7.3383,421.9003,0.9702,187.0436,12.4722,1.4125,-1363.875,-1377.25,1.2895,1.977,7.3315,66.5778,2.0444,0.1812,85.3825,9.7324,64.2442,66.6973,87.1381,63.93999999999998,5.041,352.1627,126.86,715.6795,1.4301,142.5382,621.5609,175.4388,4.613,4.83,2822.0,0.9361,4.9073,348.5109,10.4675,111.7673,13.8418,15.0927,22.9594,692.7201,147.4409,607.7191,86.6301,-0.0448,-0.0085,-0.0221,0.0185,-0.077,-0.0117,0.027,7.9582,0.1327,0.9906,1800.5703,0.2108,8672.86,0.2246,-0.0651,-0.0853,-0.0982,0.4617,0.9511,754.3501,0.9867000000000001,57.0533,0.6123,0.9725,6.2458,15.95,4.41,16.01,15.97,1.447,0.6809,3.118,-0.5204,0.7232,2.2771,1007.4808,147.0,170.9,133.4,40.4001,413.78,0.5671,0.1,0.0643,0.0632,0.0107,3.2692,4.347,12.01,0.0076,0.37,0.0245,1124.0,1727.0,0.022,0.063,0.209,1.9,0.653,0.7473,0.0743,0.6345,0.3412,0.9513,0.309,0.2029,6.65,14.68,37.016,0.3,20.58,4.01,32.444,92.135,0.1242,0.0451,0.0394,0.0874,0.0715,0.0813,0.0837,0.0479,5.6162,0.0763,0.0009,104.1786,0.1118,1353.6997,0.0217,0.0268,0.0188,0.0101,144.7151,3.2574,0.0303,0.5214,0.0413,2.7649,36.4549,54.826,49.4347,0.1832,2.3371,0.0383,1.4419,0.0937,0.0095,524.0522,84.951,5823.189049999999,809.4209,0.0096,0.0302,0.0981,0.622,0.0584,0.1983,0.302,0.0324,0.1126,4.8511,0.101,9.2661,0.0648,2.2141,4.2746,12.3877,0.0901,1.0798,1.9175,9.9965,28.1938,0.0335,0.0214,0.0162,0.0407,0.0196,0.0458,0.0439,0.0217,1.9339,0.0241,0.0003,32.0493,0.034,398.4349,0.006,0.0032,41.0551,1.1208,0.01,0.1682,0.0135,11.4372,0.8707,6.4317,5.6285,5.4032,1.854,22.7344,33.8649,6.5852,59.2374,2.8466,0.7864,2.9666,1.7331,0.0,125.3948,1.7061,3.1866,2.8507,2.8538,63.587,92.1521,19.1896,0.8752,0.7634,0.9876,0.1169,4.4667,6.1722,4.3571,14.1901,4.6654,2.3618,21.0991,5.9949,2.866,6.5225,148.6801,4.6836,15.3889,106.3545,276.9231,53.1057,395.0282,387.2715,105.5159,716.9165,177.2433,70.5713,1.7152,3.1991,0.0927,5.7859,53.0288,303.0389,28.18,731.4286,4.0757,1.0633,19.1841,0.25379999999999997,5.7093,8.3485,1.8115,7.2038,79.828,13.24,1.54,6.1374,0.5988,112.0089,3.2749,1.9291,0.1339,0.0362,13.6884,5.86,0.0709,2.2712,0.0318,2.3701,7.8341,532.7527,2.4554,8.69,0.3926,3.1316,0.1139,1.6312,15.9899,0.0151,3.0173,0.0256,0.0189,73.8657
-1.0,3045.38,2124.8444,0.8465,100.7978,1.4309,0.0455,-0.0186,200.5263,8.2795,421.7674,0.9732,190.1225,12.481,1.3872,-3117.75,1115.0,0.9635,1.894,5.0808,67.5778,2.2556,0.1564,84.2212,9.2047,64.0841,66.4854,87.0488,65.01,3.459,350.5982,129.1973,713.6117,1.0666,137.41,617.2055,49.0073,4.575,4.84,2822.0,0.9378,2.28,348.0564,10.4413,111.4773,9.9055,17.72,23.4612,690.1506,149.0127,608.5464,100.1534,0.0147,-0.0295,-0.0514,0.0075,-0.1114,-0.0095,-0.0078,7.5277,0.1293,0.9671,1894.9172,0.1915,8933.02,0.0627,-0.0065,-0.0897,-0.0577,0.4645,0.9654,781.7359,0.9908,57.2015,0.6047,0.9747,6.3152,15.95,4.41,16.01,15.97,1.447,0.6809,3.118,-0.5204,0.7232,2.2771,1007.4808,105.0,142.6,149.4,57.4001,533.8361,0.12,0.0826,0.0573,0.0525,0.026,7.5405,5.6,9.489,0.0135,0.53,0.0778,496.0,446.0,0.101,0.066,0.243,3.3,0.157,0.6024,0.1348,0.7844,0.4061,0.8855,0.946,0.2217,9.17,20.71,26.984,0.23,13.14,5.87,32.769,84.786,0.0665,0.0445,0.0306,0.0448,0.0356,0.0552,0.0888,0.0503,1.6619,0.0481,0.0116,126.0663,0.0325,1030.7002,0.0177,0.0157,0.0478,0.01,106.9792,1.9686,0.0277,0.3954,0.0413,2.7649,29.8946,55.332,50.6712,0.0368,2.5067,0.0348,1.5592,0.1694,0.0298,215.2741,262.4703,2022.5071,195.6749,0.0463,0.0275,0.1302,0.9985,0.0297,0.0515,0.2567,0.0537,0.0857,7.8586,0.3987,8.3872,0.0752,2.5048,6.3269,7.9761,0.0688,1.7614,1.7233,9.7626,26.7657,0.0161,0.0201,0.0129,0.0201,0.0102,0.0272,0.0462,0.0281,0.6249,0.0135,0.0037,39.0002,0.0085,296.0687,0.0103,0.0028,31.2085,0.6621,0.0088,0.1321,0.0135,11.4372,0.8707,4.7101,4.6825,5.9445,2.7014,45.2295,14.1805,5.7726,67.6366,2.2498,1.3849,4.2464,5.6054,155.6571,40.0,10.4826,3.4847,4.7828,4.8833,31.0345,58.8068,3.3836,0.7153,1.4641,1.224,0.1932,7.3417,4.6828,3.8371,20.7888,6.6735,3.3554,55.0612,7.0363,2.2028,7.9299,132.6537,4.7481,17.2999,84.6562,451.6129,87.3834,87.2019,473.8769,49.5623,934.7368,646.9453,22.0769,1.7787,1.9901,1.2042,6.6529,16.9836,860.274,26.8108,0.0,10.2908,1.0335,13.6848,0.1042,3.4416,6.2608,1.8115,7.2038,73.658,12.27,1.34,5.6312,0.546,146.2962,3.0053,1.8192,0.1339,0.0362,13.6884,2.19,0.1618,0.8477,0.0574,0.8282,27.3133,536.0573,1.8813,8.42,0.2162,2.8159,0.066,1.5707,11.4941,0.0157,3.1364,0.0256,0.0189,73.8657
-1.0,2907.52,2159.0556,0.8184,100.7056,1.4043,0.0069,-0.0041,198.5285,11.5415,415.8879,0.9576,189.1341,12.5302,1.4008,-4898.75,645.3333,1.33,1.9937,7.3167,67.9444,1.8556,0.1428,88.2693,9.97415,65.0056,66.94045000000003,87.0024,77.9,3.552,353.5755,131.3264,732.2476,1.3727,151.2118,636.1136,188.7525,4.624,4.858,2888.0,0.9329,0.9518,354.3845,10.6303,112.2782,16.2372,19.0482,26.3334,705.9143,153.2136,619.8764,69.0185,-0.018,0.0042,-0.0529,-0.0102,-0.1052,-0.0196,0.0046,7.214,0.1319,0.9862,1847.0164,0.1916,9137.6599,-0.0349,-0.0521,-0.0449,-0.0484,0.4598,0.9511,790.743,0.9912,56.9734,0.5903,0.9636,6.4455,15.89,3.879,15.9,15.98,0.9649,0.6295,3.199,-0.1419,0.827,2.3406,1004.4267,131.0,207.7,147.8,50.3999,331.64,0.1054,0.0791,0.0534,0.0499,0.016,6.7185,10.798,14.202,0.0172,0.35,0.0418,820.0,17919.5,0.184,0.087,0.152,2.6,0.456,0.792,0.2011,0.4391,0.16,0.7855,0.193,0.0773,4.47,12.11,45.042,0.234,16.84,4.7,24.871,79.72,0.0592,0.0443,0.0776,0.0647,0.0599,0.0862,0.0763,0.0644,4.757,0.0292,0.0023,72.1797,0.0449,1350.7998,0.0193,0.0135,0.0174,0.0105,128.5095,3.2844,0.0176,0.609,0.0291,3.634,31.9114,61.5614,52.0251,0.0358,2.2086,0.029,3.9016,0.0947,0.0142,340.1166,136.744,1076.6505,8994.62525,0.0759,0.0413,0.0633,0.7907,0.0485,0.1957,0.3219,0.0816,0.1215,6.1273,0.0606,6.4153,0.0279,1.4636,3.5391,11.7875,0.0755,1.6452,1.8393,7.5567,24.4657,0.0203,0.0187,0.0388,0.03,0.0151,0.0446,0.0336,0.0272,1.4345,0.0111,0.0007,25.737,0.0128,386.2826,0.0051,0.0033,37.0816,1.0315,0.0059,0.1953,0.009,9.1065,1.2164,6.0079,7.1435,5.8026,2.3343,30.5834,12.8744,5.6326,93.5577,3.4149,1.7921,2.7933,2.9819,50.4414,0.0,13.8346,4.3636,2.0774,3.8267,86.2275,110.6615,12.898,0.7681,0.8684,0.5866,0.1641,5.4981,6.6628,3.0443,5.6297,2.9561,1.9037,23.863,4.1453,2.2013,4.6937,103.7122,3.5232,23.1954,115.5053,328.8889,83.0366,122.3641,584.7468,81.9586,388.7898,0.0,65.9407,2.6544,1.2288,0.2378,3.9079,23.4328,184.3003,67.7249,771.4286,3.7747,1.1087,16.2517,0.1774,5.7648,9.4492,1.2444,9.7247,81.73409504099763,16.99110510229328,1.3333724087775658,7.852493310158136,0.5636357964296035,72.12576798925201,4.20346998588774,1.5666726758072733,0.0789,0.0226,8.3522,6.292650934945068,0.14867681801435192,2.507627646025573,0.0599931146222035,2.377967139626199,21.720315876963603,531.4073,2.0161,8.05,0.3213,2.8487,0.1038,1.5148,15.9361,0.0155,3.1057,0.0256,0.0189,73.8657
-1.0,3033.29,2124.8444,0.8465,100.7978,1.4708,0.0121,-0.0155,199.8783,6.6656,413.3757,0.9734,189.3245,12.4998,1.417,-5047.5,1500.25,0.9768,1.884,5.0193,70.6889,1.7556,0.1294,83.6359,9.7836,64.1163,66.5667,87.2,66.12,3.242,360.2209,141.7582,745.4209,0.9171,136.4645,638.4436,126.5903,4.659,4.911,2848.0,0.928,1.2836,360.2055,10.2478,123.0418,10.1086,18.7164,23.8157,721.6052,149.5782,632.8255,63.3815,0.0439,0.0025,-0.0953,0.0269,-0.1054,-0.0191,-0.0185,7.0376,0.1337,0.9616,1854.9557,0.1634,8543.74,0.0251,0.0177,-0.0604,-0.0954,0.4618,0.9268,702.0668,0.9904,59.1488,0.5967,0.9766,6.2185,15.95,4.41,16.01,15.97,1.447,0.6809,3.118,-0.5204,0.7232,2.2771,1007.4808,161.0,67.5,140.8,57.4001,533.8361,0.12,0.1459,0.0746,0.0507,0.0189,7.0547,3.688,10.589,0.01,0.17,0.0488,417.0,84.0,0.114,0.064,0.245,2.3,0.162,0.5844,0.0617,0.5844,0.3105,0.7618,0.592,0.1146,9.21,25.84,18.0,1.056,17.7,5.47,38.154,109.323,0.1331,0.0433,0.0293,0.0529,0.0871,0.0618,0.0889,0.059,3.5598,0.0624,0.013699999999999999,147.3008,0.0408,885.3003,0.0161,0.0144,0.0293,0.0271,87.67,3.3734,0.0333,0.4518,0.0413,2.7649,34.8872,20.201,44.2694,0.0368,2.5067,0.0481,1.1766,0.0473,0.0156,171.0341,213.5187,2639.2201,41.6123,0.0472,0.0276,0.1082,0.7457,0.0274,0.0446,0.2303,0.0313,0.1059,7.2355,0.2133,11.4268,0.0346,2.9277,8.0506,6.5351,0.3004,1.5754,1.4517,11.5057,30.3227,0.0319,0.0199,0.0128,0.0227,0.0244,0.0324,0.0452,0.0262,1.2595,0.0175,0.0046,43.4399,0.0135,268.4729,0.0068,0.0086,25.738,1.0471,0.011,0.1493,0.0135,11.4372,0.8707,7.1553,2.2253,5.6121,2.7014,45.2295,14.1805,9.92,55.3285,2.5616,1.0257,1.36,3.4417,122.1991,5.5991,11.6714,3.397,4.8812,3.2537,51.2658,58.7124,3.4885,0.6987,0.6306,0.9115,0.1628,5.7604,8.2535,5.0114,12.4915,6.749,4.0473,14.2191,4.9408,10.3046,10.8175,175.0986,5.2874,47.129650000000005,172.4842,303.4483,47.2063,55.4944,323.6414,58.606,465.445,318.4885,50.5822,2.6169,2.578,1.3944999999999999,7.9409,24.9608,0.0,28.3333,0.0,6.3419,2.927,12.4874,0.1055,5.7033,7.2655,1.8115,7.2038,79.808,9.06,0.87,4.5084,0.3167,78.889,2.252,1.0901,0.1454,0.0332,15.2751,5.26,0.1654,2.1391,0.0644,1.9889,19.932,533.9782,2.3725,7.79,0.2836,2.7729,0.1052,1.4589,11.9549,0.0082,1.6361,0.0256,0.0189,73.8657
-1.0,2895.71,2173.6444,0.8811,101.5667,1.5477,0.0197,0.0057,203.3511,8.286,411.3554,0.9596,190.8736,12.5494,1.3982,-5834.5,1330.75,0.9722,1.8885,5.064,70.7111,2.5889,0.1882,84.8892,8.7418,63.9238,66.3572,86.5759,78.11,2.508,356.6909,138.7727,734.6234,0.8981,133.8727,629.3364,115.3544,4.584,4.829,2858.0,0.9265,0.7064,353.7227,10.4892,119.4791,13.5055,19.2936,23.9262,710.6973,142.6291,615.8309,102.1906,-0.0067,-0.0278,-0.0453,-0.011,0.007,-0.0015,0.0686,7.1112,0.13,0.9681,1843.4549,0.1993,8625.34,0.0015,0.0446,0.0217,0.0374,0.4673,0.9478,742.4278,0.9913,58.9724,0.6097,0.976,6.3205,15.91,4.392,15.94,15.89,1.239,0.6586,2.91,-0.5204,0.7586,2.2967,1003.0211,126.0,110.9,71.7,54.3,279.73,0.1797,0.1223,0.0455,0.0648,0.0265,11.1306,7.477,15.303,0.0184,0.21,0.0622,109.0,80.0,0.082,0.061,0.077,3.1,0.065,0.7804,0.0723,0.5351,0.2949,0.6215,0.766,0.1052,11.56,25.84,19.702,0.375,23.23,6.68,37.96,75.281,0.0574,0.0614,0.0557,0.1143,0.0253,0.1345,0.1015,0.1025,3.7195,0.0335,0.0106,93.9828,0.0484,2322.228871323444,0.0109,0.0108,0.09,0.0147,244.27409999999998,2.9372,0.0251,0.5907,0.0334,4.0302,33.5499,35.3244,22.2489,0.0592,1.6178,0.0383,2.316,0.0513,0.0201,45.0518,304.0114,4089.9877,37.8891,0.037,0.0256,0.0326,1.0493,0.034,0.0237,0.2832,0.0307,0.0885,7.5293,0.2991,11.855,0.0353,3.9207,7.7596,6.5887,0.125,2.3447,2.4156,12.0488,24.8461,0.0179,0.0288,0.0229,0.0534,0.0078,0.0616,0.0554,0.0579,1.2884,0.0104,0.0036,32.6672,0.0148,767.29565,0.0222,0.0046,79.11909999999999,0.7749,0.0089,0.1911,0.012,13.4011,1.3131,5.678,3.8298,2.786,2.4981,19.1764,20.3935,7.9019,90.2365,3.7201,1.9224,1.6734,4.4471,144.6396,6.0116,8.434,3.2301,1.5205,4.384,38.6266,45.1594,1.3956,0.9193,0.8275,0.8371,0.6795,6.336,9.5552,5.6187,11.715,8.6351,4.1059,17.0795,9.842500000000001,3.5751,10.755,172.0042,5.3412,17.0803,73.6672,863.1579,140.9874,252.3179,230.2617,0.0,0.0,149.4169,52.3046,2.3844,1.3767,1.09,5.0982,24.2977,939.1304,43.5233,783.3333,19.2675,1.553,33.17265000000001,0.0631,4.9806,9.3454,1.4539,10.3597,76.78775639751524,17.331951578451825,1.2468126494699465,7.847725063785913,0.5327158057827093,59.80929203164779,4.286003558821245,1.6268589405616953,0.4571,0.1025,47.815,4.98,0.0877,2.0902,0.0382,1.8844,15.4662,535.0918,2.0927,6.36,0.2646,2.3244,0.0753,1.1886,12.6428,0.0101,2.0162,0.0256,0.0189,73.8657
-1.0,2960.54,2164.3,1.3626,102.1322,1.3698,0.0141,0.004,198.2963,8.7521,402.1171,0.9748,187.9905,12.4673,1.4103,-4135.5,-2214.0,1.309,2.0315,7.47,68.5556,2.4667,0.2054,85.4112,8.6005,64.0546,66.1606,86.6618,77.69,1.1460000000000004,374.8218,128.8464,740.155,0.9389,138.6082,642.2764,118.6897,4.661,4.9,2887.0,0.9194,2.6873,369.9145,10.6495,111.5336,15.4246,17.3127,21.6739,718.4811,145.4036,626.8518,98.6581,0.0138,-0.0038,-0.0448,0.005,0.0039,-0.0146,0.035,8.1007,0.1264,0.9852,1784.2011,0.1939,8832.1702,-0.2086,-0.0763,0.0804,-0.1111,0.4753,0.9607,758.5839,0.9912,57.6372,0.6014,0.9636,6.4319,15.85,3.23,15.87,15.83,0.9271,0.511,3.118,0.7569,0.7677,2.3503,1002.8717,125.0,103.0,65.7,45.7002,230.117,0.1287,0.124,0.0476,0.0486,0.0128,7.8517,4.997,6.088,0.0094,0.21,0.0719,404.0,1000.0,0.209,0.074,0.206,1.8,0.614,0.9607,0.1188,0.5322,0.2887,0.7379,0.665,0.1263,4.25,13.98,18.857,0.3,11.88,5.99,20.327,81.371,0.0654,0.053,0.0271,0.0864,0.0594,0.0681,0.1016,0.1327,3.1621,0.0807,0.0016,116.1683,0.0397,615.5,0.0273,0.0232,0.120188138292432,0.0082,71.2469,2.5416,0.0418,0.5981,0.034,2.8805,30.2593,30.9696,21.5526,0.0401,2.5113,0.0427,1.5209,0.0498,0.0281,172.814,221.686,1202.5774,522.7472,0.0894,0.0353,0.0978,0.6064,0.0689,0.2302,0.3688,0.0459,0.1072,5.2869,0.1779,4.7008,0.0309,1.053,3.5753,5.2064,0.0982,1.9307,2.876,5.9527,26.8506,0.0168,0.0257,0.0111,0.0394,0.0147,0.0317,0.0538,0.0716,1.0077,0.0252,0.0005,41.4879,0.0149,237.9893,0.02801905827358544,0.0031,27.1002,0.7708,0.0127,0.1974,0.0117,12.1852,1.0482,5.7018,3.4791,2.6195,2.1115,22.3111,9.4461,9.0522,57.0949,1.514,0.9634,1.6844,5.0995,64.9015,45.1671,15.9664,3.6426,2.7577,2.6256,40.5405,120.7139,18.0825,1.1248,1.3818,0.8309,0.1803,4.282,10.5009,2.2203,13.4512,3.0662,2.1766,15.8877,2.1982,2.817,8.9928,77.02,2.8292,19.5607,82.4778,474.3427,550.6494,192.8571,0.0,0.0,693.5154,379.4139,39.0351,2.057,3.3547,0.1622,6.5109,20.4528,791.4712,48.4441,458.5366,26.600115265074077,0.8521,9.3921,0.0535,4.4097,9.2994,1.4455,8.0028,77.20569289942554,16.81075273099498,1.2655053236867657,7.75817217494014,0.5150674821041625,52.42284593444695,4.176268899351766,1.626135511503216,0.2003,0.0413,20.7785,6.429532693551084,0.13944898360468813,2.648465481628323,0.05820637145802006,2.4512548512942587,21.007107987759774,533.5309,1.994,8.01,0.2626,2.8603,0.0772,1.5013,13.1687,0.026000000000000006,5.21645,0.0225,0.0193,85.7175
-1.0,2974.2,2231.4889,1.6787,94.1256,1.4868,-0.0089,0.0142,199.8698,13.3652,408.6785,0.9659,189.9577,12.5553,1.3836,-3411.5,-856.3333,1.2765,2.0042,7.3805,68.2667,1.9,0.178,84.6614,8.7994,64.1107,66.1349,86.7297,63.93999999999998,1.1460000000000004,357.1627,138.1718,738.4097,1.3551,141.8982,637.2327,201.0551,4.588,4.834,2857.0,0.9261,7.9755,360.7555,9.9771,126.1473,10.7691,12.0245,17.5921,720.8176,139.5609,626.4636,110.0147,0.0163,-0.005,-0.051,-0.0117,0.02,0.0002,-0.0081,7.9512,0.1287,0.989,1780.4264,0.1887,8942.8202,-0.0334,0.0419,-0.056,-0.0375,0.452,0.9374,782.1142,0.9905,58.4725,0.5926,0.9668,6.433,15.92,4.567,15.99,15.99,1.338,0.6982,3.019,0.2365,0.7287,2.2728,1008.7232,141.0,47.9,65.9,59.8,571.627,0.2084,0.1134,0.0487,0.0628,0.0163,9.4192,11.687,14.727,0.0133,0.2,0.0621,1553.0,17057.0,0.105,0.089,0.139,2.6,0.397,0.7141,0.0833,0.4138,0.3421,0.7448,0.647,0.123,10.95,21.19,39.407,1.009,19.31,6.03,35.127,90.668,0.0614,0.0423,0.0389,0.032,0.08,0.0916,0.0966,0.0688,2.3973,0.0648,0.0026,120.6185,0.0282,694.0996,0.0145,0.0135,0.0309,0.0251,69.5342,2.0473,0.0248,0.4508,0.0322,5.223,36.8516,18.0264,22.3384,0.0771,2.7579,0.0405,4.246,0.0511,0.0195,679.0672,165.1007,133.6176,8569.9133,0.0483,0.0365,0.058,0.7937,0.0345,0.131,0.2553,0.0341,0.108,6.0237,0.2363,11.7483,0.0359,3.4445,6.5218,11.8872,0.3324,1.7716,1.8354,10.6198,30.0997,0.015,0.0189,0.0169,0.0147,0.0186,0.0444,0.0521,0.0315,0.8013,0.0179,0.0008,42.0553,0.0088,215.3203,0.0084,0.0069,22.7704,0.7138,0.0086,0.1479,0.0106,11.6371,1.8206,6.2522,1.6105,2.6907,2.6798,44.8229,12.4168,7.6272,87.4436,3.6036,1.3788,1.593,4.4883,8.1196,0.0,8.2256,4.4406,1.8833,3.8086,68.4211,46.6292,11.7746,0.8435,0.9462,0.6454,0.2977,5.7117,10.3205,5.3124,9.0737,7.7168,3.3253,19.6001,5.588,10.1132,8.9657,179.3101,4.8732,18.1052,82.4144,376.9762,128.279,62.7144,686.6953,458.0,0.0,846.7692,30.1504,2.0986,2.634,0.2672,6.7747,14.9578,0.0,50.1253,817.7778,6.8467,2.6796,8.8905,0.123,3.5013,7.0083,1.4182,13.3877,79.988,16.31,1.56,6.8231,0.5643,68.1248,3.9756,1.9503,0.7563,0.1946,72.9703,6.561853489768359,0.16315650186509342,2.574016340631469,0.06958112471640035,2.5013576287070283,22.23845385637385,538.0664,2.1359,8.23,0.2947,2.7525,0.0861,1.5295,13.7972,0.015,3.0343,0.0225,0.0193,85.7175
-1.0,3114.92,2200.0666,1.3954,103.0644,1.4207,0.0101,-0.0269,197.8585,3.8788,418.7713,0.9719,188.3758,12.4871,1.3972,-4525.0,-7175.24995,1.292,1.9823,7.2735,71.9556,2.4556,0.1799,83.7738,8.6427,64.2704,66.3237,86.575,78.0,2.473,353.9218,130.8364,731.4614,1.3446,148.5182,633.2764,211.6048,4.627,4.861,2873.0,0.9362,-0.6591,354.8973,10.8202,110.1773,20.3755,20.6591,25.2563,706.2051,147.8264,612.9009,31.767350000000008,0.022,-0.0298,-0.0279,-0.0116,-0.0208,-0.0154,0.0279,7.6901,0.1343,0.9872,1743.7116,0.1942,8878.8499,0.215,-0.013,-0.17095,0.1703,0.45109620878861945,0.9627,770.7664,0.9914,59.1388,0.5923,0.9639,6.3576,15.92,2.951,15.94,15.94,0.8845,0.4559,3.246,-0.1419,0.808,2.3289,1006.5471,142.0,175.4,151.2,47.5,281.316,0.255,0.1254,0.11930000000000002,0.10045,0.0058,5.1089,2.643,5.477,0.007,0.27,0.0353,588.0,8149.0,0.122,0.108,0.136,1.5,0.584,0.7606,0.1471,0.661,0.3331,0.5729,0.223,0.2088,5.33,18.51,49.747,0.503,25.42,10.46,26.025,6.571,0.0977,0.0342,0.0328,0.0476,0.0804,0.0965,0.096,0.0723,5.3792,0.0384,0.0021,93.0518,0.0373,723.1992,0.0354,0.03420000000000001,0.06529184987717043,0.0069,55.2678,2.8738,0.0254,0.3973,0.0342,3.8882,36.5376,60.7993,48.1044,0.083,2.5731,0.0398,0.9761,0.0784,0.0122,248.4371,138.6675,1596.8834,3385.5921,0.0505,0.0534,0.0579,0.4799,0.0482,0.1966,0.2974,0.0545,0.0852,6.3488,0.0744,6.3446,0.0633,1.8224,5.6186,18.1244,0.1376,3.056,3.1274,8.7059,2.056,0.0236,0.0171,0.0141,0.0205,0.0236,0.0452,0.0517,0.0336,1.6194,0.0121,0.0009,27.7965,0.0103,198.3412,0.01286647956271289,0.0024,17.7345,0.7325,0.0075,0.1377,0.0117,8.9689,1.3096,6.521,5.631,5.873,2.159,27.7795,18.2747,8.8268,68.1393,1.3079,0.7233,2.1622,2.5229,76.8619,94.3827,9.4427,5.4484,1.8698,2.0846,61.086,87.2761,17.2108,0.9079,1.7021,1.0285,0.6795,5.6425,7.368,3.1289,15.5284,3.5888,2.9229,23.5094,4.4526,4.6487,9.0309,124.7578,3.6852,16.9341,30.6581,444.0909,131.7919,170.4566,691.2413,463.9423,625.4072,259.3722,69.9491,3.0526,1.5775,0.2138,5.3364,19.178,0.0,118.77044999999998,0.0,14.026337665965816,0.7189,7.1705,0.0783,4.8595,6.2498,1.4685,10.3972,82.732,16.84,1.24,8.0512,0.5621,105.6131,4.1515,1.4988,0.1031,0.0253,10.8294,6.369364917427718,0.15009216383166865,2.645492145895349,0.06496205354550252,2.437200565367692,22.364469733888914,528.7891,2.0351,11.15,0.2917,3.9746,0.0862,2.1086,14.3355,0.0128,2.5373,0.0199,0.0159,79.7752
-1.0,2937.63,2200.0666,1.3954,103.0644,1.3946,-0.0019,0.0094,200.8398,4.0524,411.7162,0.9693,191.0747,12.4618,1.4061,-3771.5,1072.75,0.9802,1.882,5.102,71.6667,0.9889,0.081,83.768,8.6895,64.1715,66.243,86.7411,63.93999999999998,5.041,362.1282,139.4136,740.4455,1.2603,137.5664,639.1082,202.1435,4.622,4.872,2846.0,0.9258,-2.4609,359.48,10.2282,116.9527,19.1455,22.4609,31.4439,709.0015,143.53,619.9627,65.832,-0.0007,-0.0673,-0.0442,-0.0153,-0.08,-0.0207,-0.0004,7.1841,0.1305,0.9889,1728.3442,0.1515,9400.2201,-0.0574,0.013,0.0673,0.1763,0.467,0.935,817.635,0.9911,57.3716,0.6021,0.9635,6.3393,15.92,2.951,15.94,15.94,0.8845,0.4559,3.246,-0.1419,0.808,2.3289,1006.5471,143.0,99.3,131.1,47.5,281.316,0.255,0.1326,0.1109,0.0907,0.0108,5.2034,1.905,5.811,0.0082,0.66,0.0403,361.0,178.0,0.07,0.053,0.094,4.8,0.122,0.4486,0.0942,0.5136,0.3543,0.4616,0.303,0.1356,4.71,21.07,57.704,0.683,21.91,4.27,32.75,61.023,0.0623,0.0677,0.0528,0.0399,0.16685000000000003,0.1029,0.1117,0.0602,3.1334,0.0491,0.002,211.9427,0.0434,762.5996,0.0269,0.0195,0.0189,0.015,65.1989,1.2183,0.0282,0.4259,0.0342,3.8882,27.7474,34.057,43.9601,0.083,2.5731,0.04,0.602,0.106,0.0145,173.8294,271.4693,1824.177,75.3586,0.031,0.0251,0.051,1.4586,0.0167,0.0416,0.1849,0.0379,0.0734,5.8028,0.0857,9.3562,0.0458,1.416,6.4277,20.3546,0.1992,1.3776,2.9809,9.3427,18.7789,0.0206,0.0304,0.0242,0.0205,0.0485,0.0549,0.0541,0.0289,1.011,0.0176,0.0007,62.8106,0.0147,239.1052,0.0062,0.0041,19.2763,0.4106,0.0106,0.1364,0.0117,8.9689,1.3096,6.48,3.3803,5.2446,2.159,27.7795,18.2747,9.5078,47.0096,1.4114,0.8458,5.2962,2.8661,102.9564,16.5929,7.141,2.8162,1.8424,6.6977,60.6742,66.6667,2.6142,0.5355,1.0842,0.8004,0.6795,4.9982,7.2375,4.4168,10.7575,3.4238,3.2968,28.546,5.6328,6.6776,7.9861,114.4395,4.6192,29.1631,92.695,0.0,101.5373,90.2715,0.0,128.625,540.266,0.0,43.6154,2.0695,2.0142,0.2043,12.2628,28.6251,0.0,66.2144,0.0,4.0574,1.6071,7.9741,0.0669,2.1234,6.7189,1.4685,10.3972,72.494,16.34,0.88,7.4767,0.3349,52.5305,4.0856,1.2139,0.3106,0.0578,32.7151,6.379883061846139,0.16952246585646977,2.6386312431395647,0.07047676848309958,2.4306623152683544,20.112234809569234,533.1082,2.1742,9.65,0.2236,3.2382,0.0827,1.8101,10.2843,0.0146,2.9192,0.0199,0.0159,79.7752
-1.0,2985.38,2200.0666,1.3954,103.0644,1.4791,-0.0117,-0.0053,197.9212,11.4399,421.4733,0.9798,188.3226,12.4618,1.4059,-4740.25,-2394.25,1.2592,1.9763,7.204,69.9111,2.7556,0.2393,83.7738,8.6427,64.2704,66.3237,86.575,78.0,2.473,355.4145,140.1918,746.3839,1.3086,148.2836,643.89,191.642,4.65,4.902,2872.0,0.9334,-1.1391,358.1836,10.4996,119.0527,19.5291,21.1391,29.5723,716.8116,147.1245,624.3609,103.4205,0.0212,-0.0143,-0.0347,0.0037,0.004,-0.0242,0.0171,7.1259,0.1348,0.9704,1783.0385,0.1848,8938.6898,-0.1083,-0.0809,0.1503,-0.1508,0.4378928281584764,0.9483,761.5121,0.9911,57.4779,0.6016,0.9778,6.3795,15.92,2.951,15.94,15.94,0.8845,0.4559,3.246,-0.1419,0.808,2.3289,1006.5471,112.0,196.9,119.5,47.5,281.316,0.255,0.1347,0.1111,0.0845,0.04285,4.1435,4.806,15.555,0.0076,0.66,0.0627,596.0,2656.0,0.098,0.129,0.263,1.9,0.627,0.7606,0.1471,0.661,0.3331,0.5729,0.145,0.2102,8.34,19.14,62.522,0.197,18.5,8.75,29.47,80.281,0.0734,0.0323,0.0347,0.0634,0.0908,0.0792,0.094,0.078,4.7096,0.0287,0.0025,75.7468,0.045,481.2998,0.0239,0.0189,0.047696673465634276,0.0198,53.963,4.6757,0.0214,0.6173,0.0342,3.8882,32.9121,59.9192,46.9399,0.083,2.5731,0.048,1.8062,0.106,0.0236,256.2629,126.6715,1399.3461,1309.2772,0.0413,0.0561,0.1195,0.5798,0.047,0.23,0.2974,0.0545,0.0852,5.7855,0.0436,7.3476,0.0537,2.338,5.4969,20.4806,0.0564,2.4019,2.8359,8.8793,22.9695,0.0204,0.0145,0.0162,0.0277,0.0212,0.0376,0.0525,0.0406,1.3912,0.0094,0.0008,21.9017,0.0144,156.4966,0.014834576208595327,0.0059,16.8109,1.4209,0.0069,0.1969,0.0117,8.9689,1.3096,4.9997,6.5955,4.7004,2.159,27.7795,18.2747,9.1072,42.0108,3.6906,0.7797,5.2962,4.4619,72.2325,110.9324,7.7824,6.5275,3.6507,2.7177,58.0645,49.7214,18.4496,0.9079,1.7021,1.0285,0.6795,4.9435,5.6708,3.3668,16.063,5.6244,2.9726,32.6244,4.4318,1.8763,3.6874,94.7304,4.1113,12.5328,77.6258,346.8399,93.4201,182.446,0.0,0.0,389.234,456.8082,66.0915,3.1889,1.1829,0.2554,4.2482,24.349,0.0,69.12,524.1379,12.230297449435453,2.0885,7.0863,0.0722,8.1348,9.6757,1.4685,10.3972,74.264,17.89,1.11,8.4751,0.4674,86.0229,4.3703,1.4947,0.1882,0.0419,19.2616,4.3,0.1238,1.8012,0.0493,1.7147,19.7392,535.1145,2.1058,8.9,0.4334,2.9554,0.1311,1.6632,20.5797,0.0152,3.0171,0.0199,0.0159,79.7752
-1.0,3032.07,2172.4,1.2614,102.4522,1.4444,-0.0014,0.0001,197.8998,4.7449,421.7269,0.9715,188.4119,12.4922,1.4073,-4200.0,5075.25,1.2902,1.9527,7.2123,67.8444,1.8667,0.158,85.2764,8.7219,63.8842,66.1097,86.5265,76.78,3.629,360.3255,147.7218,748.2484,0.8144,130.05,638.0973,133.7496,4.61,4.869,2855.0,0.923,-4.1518,364.6027,9.678249999999997,123.57,9.3529,24.1518,30.4891,717.7593,142.9682,631.1409,86.7885,0.0094,-0.0086,-0.0369,0.0086,-0.0861,-0.0314,0.0325,6.6066,0.1283,0.9913,1725.4839,0.1657,8689.88,0.098,-0.0233,-0.17095,0.24300000000000002,0.4455960936857499,0.9559,759.5307,0.9911,58.9603,0.5936,0.9756,6.2908,15.92,2.951,15.94,15.94,0.8845,0.4559,3.246,-0.1419,0.808,2.3289,1006.5471,129.0,170.0,140.3,50.0,256.652,0.2666,0.0635,0.1156,0.10045,0.0058,4.7297,3.981,10.477,0.0071,0.46,0.0523,252.0,2587.0,0.068,0.091,0.13,3.3,0.376,0.6535,0.1224,0.6321,0.3036,0.6848,0.254,0.1213,5.44,19.78,41.506,0.728,17.77,9.99,33.59,94.168,0.0999,0.0876,0.0381,0.0554,0.0898,0.1035,0.0898,0.0973,4.3612,0.0486,0.0021,110.2527,0.0403,1091.3994,0.0369,0.03420000000000001,0.047502334238196,0.0188,102.3254,2.4235,0.025,0.6066,0.0342,3.8882,31.8096,54.5042,49.2861,0.0814,1.9275,0.0249,1.3526,0.089,0.0188,103.9663,178.559,1877.9366,1282.632,0.028,0.0441,0.0538,1.0596,0.068,0.1573,0.2416,0.049,0.0688,5.6536,0.0701,10.3008,0.0315,1.6917,5.9227,11.2691,0.2794,2.3903,3.6876,9.7354,30.6812,0.0269,0.0406,0.0164,0.0261,0.0237,0.0473,0.0412,0.0513,1.5758,0.0156,0.0006,33.523,0.0125,374.0927,0.010547478121504864,0.0061,36.5198,0.7224,0.0081,0.191,0.0117,8.9689,1.3096,5.7804,5.6067,5.6625,2.3016,22.3485,21.1352,4.3964,83.9005,2.4843,0.7327,3.6823,3.715,106.6667,50.9729,5.2703,4.6601,1.8025,4.8641,91.0714,130.3797,11.4282,0.7663,1.4033,0.9894,0.6795,4.7901,6.3092,5.1615,14.8961,4.183,3.0998,31.0326,5.6239,7.5433,8.9018,189.9955,4.6798,28.4269,108.5028,0.0,112.7776,150.1355,0.0,120.2091,285.7597,299.1545,66.013,1.2471,1.9901,0.2097,6.3897,24.3283,0.0,73.0077,0.0,9.34109256395851,1.9643,13.4722,0.0816,4.1105,9.6419,1.4685,10.3972,81.222,24.91,1.44,10.5544,0.5536,47.6642,6.0607,1.7729,0.1475,0.0283,15.7758,6.391000792599601,0.16256281436049733,2.6697978624051153,0.06573164136703048,2.4590961635797806,19.584400605710464,532.06,2.1892,7.88,0.2618,2.6968,0.0879,1.481,11.9584,0.0243,4.8336,0.0199,0.0159,79.7752
-1.0,3065.45,2200.0666,1.3954,103.0644,1.4522,-0.0099,-0.002,201.5791,4.9371,423.0952,0.9706,191.9418,12.4922,1.4071,-1363.875,-377.5,1.2702,2.024,7.2715,67.0,2.8889,0.2409,86.3794,8.5615,64.0756,66.1344,86.8706,79.0,3.478,353.2336,144.8691,751.0064,1.3273,148.5809,646.6836,190.1486,4.615,4.863,2892.0,0.9296,-0.6936,354.9209,10.3524,124.1755,15.6872,20.6936,28.2022,722.8043,151.9,630.9964,89.8495,-0.0196,-0.0206,-0.0193,-0.0015,-0.0961,-0.0264,-0.0071,7.5319,0.1389,0.9893,1816.0409,0.2088,8462.0301,0.0122,-0.0707,-0.0292,-0.0198,0.4641,0.9466,710.7979,0.9911,57.8466,0.6011,0.9698,6.2026,15.92,2.951,15.94,15.94,0.8845,0.4559,3.246,-0.1419,0.808,2.3289,1006.5471,87.0,218.3,163.0,47.5,281.316,0.255,0.1187,0.11930000000000002,0.0927,0.0112,5.4196,4.435,8.12,0.0087,0.46,0.0544,223.0,1403.0,0.055,0.078,0.364,1.8,0.349,0.7187,0.1334,0.5936,0.3401,0.68,0.44,0.1168,7.01,16.56,79.075,0.29,18.51,8.47,34.138,91.628,0.0621,0.0646,0.0401,0.0158,0.0702,0.1034,0.0864,0.0737,3.4952,0.0915,0.0013,110.5367,0.0949,1247.3003,0.0097,0.0124,0.0152,0.0189,139.6691,1.2925,0.01,0.4717,0.0342,3.8882,25.239,77.6921,62.8858,0.083,2.5731,0.0361,1.4446,0.089,0.0181,104.0401,562.8794,5715.6795,585.619,0.0293,0.0321,0.1786,0.5916,0.0519,0.1172,0.296,0.0542,0.1011,5.9975,0.1242,7.7487,0.0334,2.0728,5.0405,26.0961,0.0855,2.6051,3.1832,9.737,25.2994,0.0196,0.0302,0.0194,0.0077,0.0174,0.0521,0.0461,0.0382,1.1564,0.0273,0.0005,41.3879,0.0297,400.3282,0.0048,0.0066,41.7632,0.3934,0.0035,0.1525,0.0117,8.9689,1.3096,3.8991,7.1213,6.0412,2.159,27.7795,18.2747,8.1739,89.8302,1.9192,0.8961,3.6823,3.8668,0.0,371.6556,4.3299,3.8538,5.0058,2.6866,51.9231,62.6845,10.2842,0.832,1.5577,0.9264,0.2509,5.5034,5.4739,3.6729,8.8028,4.718,2.5608,41.5859,4.5762,2.8013,7.3686,117.994,4.723,21.4686,101.9795,316.7357,79.3612,81.6537,0.0,107.6243,326.9631,0.0,46.4052,3.6,3.9088,0.1302,6.0867,45.4494,0.0,55.0206,389.4737,3.2694,1.9934,19.6496,0.0733,2.2343,7.6049,1.4685,10.3972,76.992,19.12,0.76,9.1259,0.3055,82.5392,4.7043,0.9871,0.588,0.0989,61.233,5.47,0.1563,2.2183,0.0626,2.1749,24.4475,532.9918,2.0121,9.2599,0.3435,3.2396,0.103,1.7374,17.0702,0.0194,3.8846,0.0252,0.0157,62.3881
-1.0,2966.94,2113.0778,0.9218,97.92,1.4209,-0.0262,0.0018,197.3651,10.691,409.6919,0.9641,187.3557,12.5471,1.4204,-1363.875,1446.75,0.9813,1.884,5.0727,69.3111,2.9,0.1901,85.5265,8.659,64.061,66.2245,86.8196,77.74,2.864,356.2027,142.7173,741.3708,1.3348,138.7227,637.6427,192.7781,4.612,4.851,2847.0,0.9289,0.1891,353.6509,10.2605,122.9064,15.7782,19.8109,27.7146,713.6562,145.3073,621.8645,93.1906,-0.0166,-0.0281,-0.0333,0.001,0.0157,-0.0072,-0.0006,6.6874,0.1264,0.9856,1804.0434,0.1971,8439.8099,0.1317,-0.0391,-0.0803,-0.1517,0.4624,0.9304,725.8836,0.9902,58.7468,0.5988,0.9667,6.3762,15.94,5.261,15.97,15.99,1.418,0.8522,3.278,-0.5677,0.6786,2.2773,1009.9188,136.0,73.5,63.4,53.6001,261.163,0.1532,0.0784,0.0484,0.0531,0.0177,4.1292,7.066,12.445,0.0126,0.85,0.095,328.0,99.0,0.125,0.074,0.179,2.4,0.149,0.8444,0.1704,0.5565,0.2244,0.6831,0.513,0.0966,7.53,20.83,49.754,0.318,23.66,7.11,38.011,101.11,0.0953,0.0932,0.0588,0.0648,0.0997,0.0111,0.0976,0.1067,7.1894,0.0828,0.0025,130.7773,0.039,452.5,0.0288,0.0307,0.0213,0.0174,64.7735,3.1724,0.0436,0.2941,0.0341,2.2571,35.619,21.2075,21.8514,0.0467,1.7179,0.0279,1.9998,0.1207,0.0321,139.5111,323.6453,5823.189049999999,45.0139,0.0514,0.0305,0.0754,0.913,0.0382,0.0424,0.3284,0.0639,0.1448,4.3233,0.1944,10.9832,0.0349,2.876,6.1,18.1239,0.1128,2.3554,3.3154,11.746,33.5514,0.0273,0.0381,0.0281,0.0292,0.0249,0.005,0.0523,0.0559,2.0876,0.0246,0.0007,41.6804,0.0126,117.3527,0.0056,0.0052,20.0318,1.0178,0.0129,0.0989,0.0117,12.7224,0.689,5.7517,2.4773,2.5267,2.5366,25.688,16.6165,5.5178,66.093,3.0377,1.3096,6.7745,6.6869,0.0,6.8429,12.7389,3.9278,3.5287,3.4626,37.931,60.4909,3.2294,0.9873,1.9676,0.8687,0.2514,4.343,9.6975,4.9379,7.2371,5.4281,3.2667,25.8089,6.3869,3.0992,9.373,149.9543,5.3262,17.807,108.498,573.6644,131.083,194.8872,0.0,70.7006,0.0,0.0,107.5062,2.057,3.4584,0.2523,7.2491,19.7832,880.2867,42.6117,0.0,4.6043,1.8708,8.9234,0.0786,5.4002,4.6121,1.4958,5.5315,75.28182545441922,16.75545740552425,1.2377885107543134,7.772925397362754,0.5209015357760303,56.7184764641783,4.168623170227739,1.6631832599954992,0.495,0.0936,48.9647,4.56,0.0839,1.7204,0.0358,1.7121,11.4352,532.7609,1.9518,7.9901,0.1517,2.8686,0.042,1.4997,7.7724,0.0154,3.0844,0.0252,0.0157,62.3881
-1.0,3010.4,2172.4,1.2614,102.4522,1.3843,-0.001,-0.0004,198.2033,4.0447,419.7256,0.9628,188.7583,12.5302,1.3599999999999999,-3634.75,-1227.25,1.3173,2.006,7.2618,68.6444,2.4222,0.2026,86.3794,8.5615,64.0756,66.1344,86.8706,79.0,3.478,355.2955,138.1282,744.1924,1.2861,148.57,641.9936,203.5015,4.637,4.836,2881.0,0.934,2.39,356.7209,10.3825,120.5182,15.0863,17.61,25.5921,718.6003,149.6682,626.9073,86.75,-0.0195,-0.0073,-0.0146,0.0047,-0.094,-0.0231,0.021,7.872,0.1373,0.98,1775.7413,0.1709,8416.3199,-0.0736,-0.0484,0.081,-0.0994,0.45378525448540885,0.9345,655.7746,0.9904,58.7427,0.5881,0.9796,6.3421,15.92,2.951,15.94,15.94,0.8845,0.4559,3.246,-0.1419,0.808,2.3289,1006.5471,81.0,69.4,125.4195005664196,50.0,256.652,0.2666,0.1337,0.1122,0.0809,0.0134,4.8406,3.867,8.39,0.0153,0.35,0.0553,601.0,2158.0,0.113,0.107,0.231,1.6,0.387,0.7187,0.1334,0.5936,0.3401,0.68,0.182,0.1212,4.18,20.42,30.578,0.188,21.28,10.79,31.785,38.412,0.0889,0.0493,0.0419,0.0236,0.16685000000000003,0.1045,0.1002,0.0432,3.5494,0.0483,0.0023,88.2261,0.0501,1066.1997,0.0141,0.0163,0.052986113368299725,0.0303,113.6959,2.8366,0.0307,0.465,0.0342,3.8882,22.7229,22.7224,41.04243605653509,0.0814,1.9275,0.0414,1.0809,0.0947,0.0188,287.1694,204.2392,306.0734,881.9518,0.053,0.047,0.0958,0.4799,0.0671,0.158,0.296,0.0542,0.1011,6.3404,0.062,6.7832,0.0379,1.6151,5.6724,11.2328,0.0621,3.1505,3.281,9.2845,12.1636,0.0248,0.0207,0.019,0.0105,0.0485,0.059,0.0504,0.0193,1.2604,0.0158,0.0006,27.2892,0.0155,335.7663,0.01470065192188624,0.0119,36.5576,0.9469,0.0096,0.1469,0.0117,8.9689,1.3096,3.6701,2.3053,5.10269471830434,2.3016,22.3485,21.1352,9.6586,95.6059,1.9989,1.5935,2.7933,4.0884,19.5887,175.8403,8.5785,5.334,3.1811,2.3309,61.9266,118.486,11.3125,0.832,1.5577,0.9264,0.2509,6.0316,5.77,3.1237,9.4265,2.8135,3.1807,15.0259,4.6095,1.8107,4.1902,141.0547,4.4232,12.313,44.279,455.3137,74.7253,161.9211,0.0,111.2294,432.8294,205.2257,45.0883,4.941799999999999,1.9686,0.2374,4.9684,29.2903,999.2337,68.7831,784.6154,12.574628362186134,3.2438,17.3376,0.0995,4.8288,7.3312,1.4685,10.3972,73.978,14.06,0.59,6.6299,0.253,45.6225,3.5313,0.7975,0.4442,0.0758,45.6897,6.05776199502091,0.14257442542319174,2.5131132360346005,0.05817963002558396,2.3113759355894565,21.507878374573618,533.0873,2.0606,8.67,0.4796,3.0859,0.1288,1.6264,23.2761,0.0137,2.7339,0.0252,0.0157,62.3881
-1.0,2967.54,2160.6,1.5257,98.7122,1.475,0.0248,-0.0097,201.264,10.2465,412.7845,0.9633,191.6799,12.4231,1.3906,-3410.5,1335.5,0.9775,1.8825,5.035,68.6556,2.6778,0.1711,84.9737,8.441,64.3579,65.5794,87.0383,78.63,3.134,361.9609,142.3727,743.731,1.2359,137.8536,642.1873,198.6087,4.601,4.847,2852.0,0.9238,-0.9127,363.8609,9.7847,121.46,16.7109,20.9127,29.3191,714.4119,140.1555,625.4764,60.6355,0.0116,0.0085,-0.042,-0.0163,-0.0084,-0.0334,0.0705,7.0142,0.1403,0.9878,1816.6093,0.1531,9100.4501,0.0685,-0.0372,0.0069,0.0577,0.4424,0.954,808.6683,0.9911,57.9637,0.5948,0.977,6.259,15.89,3.879,15.9,15.98,0.9649,0.6295,3.199,-0.1419,0.827,2.3406,1004.4267,142.0,72.6,49.0,56.7002,246.6509,0.2148,0.1499,0.11930000000000002,0.0869,0.0192,5.5753,6.87,11.325,0.0142,0.35,0.0641,151.0,122.0,0.14,0.08,0.166,2.5,0.108,0.7973,0.1269,0.4841,0.1995,0.6606,0.297,0.1241,6.99,18.65,49.326,1.356,32.160000000000004,4.77,31.735,60.14,0.0487,0.0547,0.101,0.0679,0.0828,0.0817,0.0724,0.1162,4.3575,0.0849,0.0016,91.6594,0.021,794.2998,0.0113,0.0122,0.120188138292432,0.0143,66.4187,2.182,0.0366,0.6404,0.0291,3.634,36.7491,25.1562,17.7833,0.0661,1.1187,0.0443,2.5636,0.0801,0.025,83.8053,344.1913,1247.0243,58.2952,0.0584,0.0332,0.0698,0.8033,0.0175,0.0311,0.292,0.0539,0.1031,5.9491,0.0992,9.519,0.0345,1.9261,5.4608,14.0192,0.4095,1.6934,1.792,9.1745,18.2254,0.0154,0.0248,0.0461,0.0346,0.0201,0.0427,0.0374,0.063,1.5768,0.0253,0.0006,31.8188,0.0076,235.7925,0.02801905827358544,0.0046,20.3917,0.5518,0.0119,0.2026,0.009,9.1065,1.2164,6.3689,2.4465,1.9043,2.6243,21.9327,14.0801,10.1625,67.047,2.7436,1.4735,2.8173,4.6075,87.5825,9.1352,14.3223,4.2497,3.2969,3.6414,29.8755,29.8052,2.3428,0.9383,1.5029,0.7522,0.1976,4.7795,7.2907,4.4431,10.0408,5.0706,2.9041,24.8358,6.8238,13.8583,6.99,192.5087,4.4421,28.4248,99.1828,419.6015,537.5921,161.763,507.0034,975.5224,216.7665,164.7643,62.1238,1.5679,3.5701,0.1582,5.0456,13.6908,497.9592,64.5341,940.0,26.600115265074077,1.4993,8.2133,0.0952,3.7644,10.2313,1.2444,9.7247,79.233241347985,16.747058490882612,1.2816879272164063,7.698777741981414,0.5435061462785,60.15698858299722,4.1332126495272785,1.6163165097853434,0.0789,0.0226,8.3522,10.2,0.1794,4.4096,0.0776,3.8392,21.5028,531.0854,2.0685,9.93,0.2932,3.3856,0.0858,1.8698,14.1723,0.0129,2.6016,0.0252,0.0157,62.3881
-1.0,2891.17,2171.8556,1.2906,103.4733,1.5334,0.0098,0.001,200.269,11.056,405.3603,0.9713,190.9144,12.4922,1.4258,-3860.25,-4153.75,1.3157,2.016,7.4342,65.6889,2.0333,0.1522,85.8807,9.754,63.9959,66.5687,87.1954,65.11,3.462,353.8718,133.5382,735.0729,1.3751,151.3336,638.7436,200.7316,4.624,4.858,2888.0,0.9329,0.9409,354.3973,10.5675,114.4791,16.9681,19.0591,26.7098,708.3631,152.8991,621.7755,77.1592,0.0104,-0.0364,-0.0236,0.009,-0.0967,-0.025,0.019,7.0658,0.1404,0.9799,1856.4217,0.1758,8679.2601,-0.0242,0.1088,0.075,0.0155,0.4649,0.9294,749.3412,0.9909,58.5769,0.5947,0.9669,6.3782,15.95,3.446,15.97,16.01,0.946,0.5424,3.064,-0.0946,0.7908,2.3306,1010.6904,168.0,138.3,118.9,44.3999,182.999,0.1155,0.23175000000000004,0.11930000000000002,0.0879,0.0062,8.678,12.335,4.766,0.0077,0.46,0.0495,1154.0,3829.0,0.021,0.125,0.271,2.4,0.512,0.4955,0.0807,0.5871,0.3767,0.9365,0.182,0.1492,5.3,14.03,43.094,0.27,21.79,6.99,28.443,93.73,0.0887,0.0364,0.0496,0.0384,0.0873,0.099,0.1087,0.1034,3.3893,0.0454,0.0064,145.1355,0.0834,803.5,0.0167,0.0147,0.0165,0.0212,95.1938,2.1547,0.0248,0.5563,0.0333,2.5647,33.8951,51.4127,42.2484,0.0383,2.0414,0.08085,3.9114,0.089,0.0141,543.5975,160.3174,685.4047,1756.0259,0.0086,0.0653,0.1123,0.7491,0.0663,0.1616,0.2118,0.0379,0.1003,5.7667,0.0528,6.5092,0.0405,1.5383,3.877,16.3326,0.0747,2.1447,2.6086,8.5808,30.64,0.0234,0.0157,0.0237,0.0171,0.0241,0.054,0.0558,0.0498,1.0323,0.0148,0.0023,50.7978,0.0238,271.6517,0.0043,0.0061,28.5355,0.6282,0.0085,0.1871,0.0102,11.6523,0.9118,7.5886,4.7835,4.7941,2.0443,19.4475,8.9517,16.1177,111.5684,1.1757,0.7935,3.6823,3.4688,35.205,92.1818,1.596,6.2004,3.6453,3.6536,113.1148,134.6715,14.6845,0.577,0.8274,0.9174,0.1407,4.8549,6.2978,3.0956,10.8525,3.5022,2.1965,21.4685,4.1453,2.555,7.1541,128.417,4.0153,42.131,121.4762,855.971,56.9417,162.5397,967.313,102.3785,435.6713,544.9275,47.9673,4.941799999999999,1.9096,0.6554,7.818,47.4376,0.0,57.971,464.9573,3.54,2.2823,12.7037,0.0611,3.6784,8.7223,1.4279,7.1593,83.116,18.27,1.44,7.7171,0.5623,55.5783,4.4269,1.7325,0.4723,0.1055,48.3013,4.76,0.1446,2.1225,0.0679,1.8935,23.4995,531.4291,2.1392,9.32,0.2439,2.987,0.0899,1.7538,11.3995,0.026000000000000006,5.21645,0.0252,0.0157,62.3881
-1.0,2992.61,2171.8556,1.2906,103.4733,1.4373,-0.0027,0.0034,199.5909,9.4845,403.5943,0.9728,190.2823,12.4892,1.3869,-1363.875,-2744.75,1.2835,1.9795,7.2297,66.1889,2.4444,0.1974,85.822,9.0776,64.059,66.94045000000003,86.8379,77.92,3.758,353.0891,143.0745,746.9945,0.8511,144.9855,641.1491,124.1839,4.61,4.852,2906.0,0.9276,-2.0555,355.9918,10.434,121.0191,13.0401,22.0555,27.456,719.5385,152.4227,629.4336,66.9734,-0.0078,-0.0202,-0.0571,0.0024,-0.0733,-0.018,-0.0101,7.215,0.1313,0.9872,1814.5477,0.1943,8460.9799,0.0471,-0.0744,-0.0766,-0.0569,0.4632,0.9431,819.9061,0.9909,59.2783,0.6033,0.9624,6.4659,15.95,3.446,15.97,16.01,0.946,0.5424,3.064,-0.0946,0.7908,2.3306,1010.6904,88.0,93.0,87.0,44.3999,182.999,0.1155,0.0911,0.11930000000000002,0.0791,0.0063,8.605,5.629,4.686,0.0073,0.36,0.0476,486.0,3815.0,0.116,0.039,0.198,2.6,0.354,0.5053,0.1245,0.6077,0.3488,0.7835,0.332,0.0798,3.78,18.34,22.663,0.318,12.51,8.35,27.905,97.177,0.0714,0.0576,0.0384,0.036,0.0468,0.0903,0.0816,0.0553,4.1538,0.0287,0.0016,100.6228,0.0387,810.7998,0.0119,0.0137,0.0219,0.0149,98.429,2.2091,0.0281,0.4482,0.0333,2.5647,25.9714,30.1274,29.575,0.0383,2.0414,0.0269,1.9244,0.0884,0.0162,199.2854,61.7272,5823.189049999999,1596.8466,0.0542,0.0171,0.0905,0.7491,0.0376,0.1165,0.1956,0.0507,0.1023,6.8415,0.1138,6.4099,0.0271,1.256,5.7895,7.5116,0.0936,2.3491,2.6728,8.8486,33.3527,0.0176,0.0284,0.0179,0.0171,0.0114,0.0466,0.0433,0.03,1.5575,0.0094,0.0006,36.2189,0.0116,298.0102,0.0061,0.0051,34.1368,0.652,0.0098,0.1502,0.0102,11.6523,0.9118,3.9125,3.1077,3.4237,2.0443,19.4475,8.9517,6.3384,59.3492,1.1611,0.7481,2.8825,3.43,0.0,138.9926,9.0378,1.9702,2.7387,3.9282,28.6364,59.2572,10.421,0.5888,1.3711,0.9487,0.2787,5.7748,5.6194,2.9502,9.3745,2.6072,2.8605,18.2495,4.4557,3.0477,5.6024,95.9347,3.8782,47.129650000000005,145.098,917.5904,69.3558,63.0197,0.0,123.2344,453.3333,546.1728,57.5717,3.0457,1.1829,0.1661,5.5453,19.9427,0.0,41.8733,430.0,4.7175,1.5763,12.0049,0.066,3.7267,6.9324,1.4279,7.1593,77.02575975449423,17.035885979715513,1.2476356208047545,7.701359236852832,0.5062402236600299,62.038787490187936,4.214928348241479,1.6061830327204532,0.2003,0.0413,20.7785,5.22,0.1354,2.2185,0.0538,2.0796,17.697,530.0355,2.0373,7.85,0.3692,2.6747,0.1101,1.481,18.1228,0.0193,3.8463,0.0252,0.0157,62.3881
-1.0,2924.96,2171.8556,1.2906,103.4733,1.3949,0.0084,-0.0031,198.1286,10.6073,407.9911,0.9712,188.8016,12.4922,1.4292,-2726.25,1380.25,1.007,1.8685,5.0492,67.5667,2.9444,0.1868,85.2601,8.5779,64.1459,66.183,86.6492,63.93999999999998,5.019,353.21,137.5027,739.6392,1.3278,148.6482,639.3609,196.7371,4.624,4.858,2888.0,0.9329,-3.1455,354.2482,10.5716,114.3573,19.0018,23.1455,31.4605,708.1786,151.7536,620.3591,68.0215,0.0215,0.0156,-0.0237,0.0107,0.0928,-0.0174,0.0113,7.9734,0.1353,0.9895,1650.2713,0.1565,8969.65,-0.0632,0.0586,-0.0937,0.0662,0.4698889851466299,0.9131,712.5051,0.9907,58.7398,0.5876,0.9667,6.2708,16.0,3.102,16.01,16.04,0.9176,0.5213,3.167,-0.0946,0.7975,2.3257,1011.5203,118.0,103.3,130.2,44.3999,182.999,0.1155,0.109,0.1151,0.0867,0.0071,8.4237,11.682,9.193,0.0086,0.46,0.0457,735.0,123.0,0.107,0.09,0.32,2.3,0.13,0.8687,0.0754,0.6137,0.3693,0.7476,0.307,0.1364,3.83,16.99,30.711,0.302,16.87,6.22,24.974,90.545,0.1001,0.0798,0.068,0.0373,0.072,0.0499,0.063,0.0676,1.5018,0.0654,0.0018,162.855,0.0384,703.4004,0.0247,0.02,0.04832605070083218,0.052199999999999996,66.8132,1.73,0.0276,0.4576,0.0627,6.3485,32.1752,35.9765,44.6682,0.0383,2.0414,0.0326,3.2326,0.089,0.014,308.6167,353.2519,1674.1914,54.4816,0.0488,0.0412,0.1326,0.728,0.0178,0.0399,0.3207,0.0304,0.1053,6.7714,0.1008,6.5209,0.0395,1.2936,5.5934,9.6837,0.0929,1.7649,1.9976,7.7028,27.8536,0.0246,0.0364,0.029,0.0174,0.0191,0.0267,0.0335,0.0354,0.5063,0.0205,0.0005,52.2531,0.0118,206.921,0.011009420873008295,0.018000000000000002,19.7887,0.5378,0.0099,0.1498,0.0186,9.9911,1.9946,5.413,3.5317,5.0774,2.0443,19.4475,8.9517,7.814,110.132,2.2532,0.8899,3.6823,3.1983,139.679,8.9114,10.6256,4.8167,6.3376,3.404,27.1698,25.699,2.8126,1.0189,0.879,0.9567,0.1852,5.8294,5.9199,3.1056,10.2698,2.5765,2.6573,15.6102,4.1453,2.8567,5.4566,88.7811,3.5265,45.4003,133.1124,464.7707,256.1798,157.384,670.5471,53.7716,362.5899,599.5565,18.8358,2.0688,2.6906,0.1786,9.8684,24.5559,0.0,35.6627,507.9365,11.266761363431947,5.5677,9.3772,0.1182,2.9451,7.2974,2.6971,14.4719,81.466,20.37,1.86,9.0392,0.88615,40.5929,5.0078,2.2832,0.1631,0.0359,16.8093,6.586438498718514,0.16374091325123016,2.6696378937254215,0.07269122597928791,2.513092691162016,20.25744654306353,533.4727,2.0774,10.63,0.3376,3.5812,0.1026,1.9926,16.2491,0.0154,3.0668,0.0252,0.0157,62.3881
-1.0,2956.18,2171.8556,1.2906,103.4733,1.4635,0.0101,-0.0075,199.3273,7.4312,397.3341,0.9813,189.7079,12.4922,1.39,-4375.25,1325.75,0.9857,1.9053,5.2797,70.2778,2.7889,0.1837,85.2764,8.7219,63.8842,66.1097,86.5265,76.78,3.629,356.0791,135.7155,741.0284,1.3339,148.77,640.5645,208.1224,4.65,4.902,2872.0,0.9334,1.5445,355.1645,10.5522,117.26,17.0363,18.4555,26.3116,714.7168,151.1036,623.5282,82.8235,-0.0029,0.0062,-0.0202,0.0075,-0.0878,-0.0153,0.0123,6.9959,0.1357,0.967,1822.8702,0.1964,8238.7699,-0.0356,0.0753,-0.006,-0.0399,0.4573,0.9209,697.4918,0.9907,58.1276,0.5988,0.9633,6.3619,15.71,4.332,15.74,15.74,1.295,0.7001,3.177,-0.2365,0.7159,2.2793,997.7034,63.0,87.6,125.3,44.3999,182.999,0.1155,0.0991,0.1133,0.0871,0.0064,8.5421,4.272,16.827,0.0054,0.46,0.0385,444.0,131.0,0.093,0.065,0.106,3.9,0.217,0.6535,0.1224,0.6321,0.3036,0.6848,0.267,0.1125,7.06,20.59,49.49,0.298,22.19,5.82,28.594,80.317,0.1201,0.0354,0.014,0.0324,0.0766,0.1017,0.0853,0.0599,2.0483,0.0812,0.0093,132.3281,0.023,1253.7002,0.0107,0.0152,0.0209,0.0214,128.6296,3.911,0.016,0.4699,0.0985,4.3562,17.3769,31.6866,40.5677,0.0383,2.0414,0.0393,1.5018,0.089,0.0137,203.306,171.0875,3373.0988,60.8352,0.0388,0.0278,0.0444,1.2194,0.0199,0.0795,0.2416,0.049,0.0688,6.3195,0.0849,6.7381,0.0402,2.1786,6.0356,17.4898,0.0846,1.9023,2.8129,8.8373,25.7614,0.0322,0.0155,0.0063,0.0141,0.0235,0.0504,0.0436,0.0334,0.7402,0.0254,0.0034,39.9325,0.0087,367.9919,0.0076,0.007,36.2453,1.2449,0.0067,0.1608,0.0342,7.1857,1.4652,2.8904,2.9633,5.1437,2.0443,19.4475,8.9517,6.7714,57.4875,4.235,0.5544,3.6823,2.769,183.9895,9.8812,9.4344,3.4116,2.0077,5.5494,32.2709,30.49,4.6137,0.7663,1.4033,0.9894,0.6795,4.9736,5.1136,3.1579,8.4348,4.7456,3.2144,23.7793,4.4318,2.8241,5.2362,130.2511,4.0007,26.2352,96.9736,0.0,45.8549,160.396,0.0,115.8314,557.5163,486.0041,29.2788,2.285,3.4397,0.9618,7.2593,11.7197,887.5912,38.143,632.0988,4.5666,2.3207,18.4417,0.1411,6.7283,7.3869,4.3224,11.735,76.08,20.94,0.83,9.6044,0.3526,81.9955,5.1505,1.091,0.5391,0.1773,41.2733,6.511439800761937,0.1494157039046282,2.622074105272471,0.06292049501853217,2.4744255405547237,20.096509518832498,529.1382,2.1146,8.83,0.4019,3.11,0.1101,1.6688,19.0059,0.01,2.0112,0.0192,0.0077,40.2536
-1.0,3020.4,2171.8556,1.2906,103.4733,1.5227,0.0088,-0.0164,200.5035,11.0309,414.3964,0.9633,191.2152,12.4784,1.3841,-1661.25,-643.75,1.3165,1.9743,7.2083,67.5333,2.5222,0.2199,85.2505,8.7812,64.0886,66.1006,86.6597,79.07,3.103,366.3036,147.4355,757.4526,1.212,135.9509,649.69,206.2653,4.67,4.931,2836.0,0.9217,1.4373,367.2791,9.7331,128.8727,11.845,18.5627,25.7025,731.7501,143.0327,639.1845,89.7828,0.0245,-0.0407,-0.0183,-0.0024,0.0813,-0.0313,0.0067,7.4292,0.1275,0.9863,1739.5951,0.1857,8358.4099,-0.0223,-0.149,0.1631,-0.0691,0.4603,0.9312,718.4783,0.9909,59.3269,0.5946,0.9784,6.3113,16.0,3.102,16.01,16.04,0.9176,0.5213,3.167,-0.0946,0.7975,2.3257,1011.5203,94.0,122.1,72.0,44.3999,182.999,0.1155,0.0546,0.11930000000000002,0.0779,0.0124,5.3005,6.004,10.151,0.0141,0.22,0.0514,506.0,2157.0,0.149,0.087,0.165,1.7,0.387,0.7017,0.0929,0.3964,0.3561,0.7394,0.35,0.1491,6.26,20.19,60.745,0.774,22.54,9.13,39.286,67.24,0.0863,0.0544,0.0286,0.0342,0.0725,0.0336,0.0848,0.0627,4.6714,0.0892,0.0008,75.0157,0.0364,352.8003,0.0181,0.0211,0.0154,0.0331,48.6412,2.1089,0.0205,0.5026,0.0627,6.3485,25.7894,42.6362,23.5387,0.0383,2.0414,0.0216,1.9044,0.0625,0.0166,216.6939,234.4659,5823.189049999999,947.7367,0.0647,0.0437,0.0735,0.691,0.0407,0.1243,0.2774,0.0383,0.1054,5.7578,0.0915,9.4302,0.0413,1.937,6.0024,17.409,0.2887,2.5557,2.9377,10.9447,22.489,0.0232,0.0238,0.0128,0.0141,0.0219,0.0151,0.0446,0.0339,1.4896,0.0273,0.0003,24.794,0.0109,116.0499,0.0048,0.0114,14.8642,0.5792,0.0076,0.1676,0.0186,9.9911,1.9946,4.2656,4.0425,2.676,2.0443,19.4475,8.9517,3.5859,54.4289,2.4496,1.4643,1.7631,3.7164,298.58439999999996,335.068,11.3179,4.4067,2.289,2.5173,71.3656,58.2112,11.3029,0.8231,1.0578,0.6185,0.208,4.54,6.4435,4.1985,12.3056,4.6046,3.1076,29.4499,5.5634,7.9523,9.1253,190.2909,5.3688,23.5493,74.8918,352.7849,140.5685,187.3973,0.0,41.3284,271.36,890.8199000000001,62.8785,1.9604,3.779,0.0782,4.3123,19.614,902.6738,79.8859,224.3386,3.3415,3.5538,6.77,0.1101,3.5547,7.9642,2.6971,14.4719,75.25804565436304,17.174439400984486,1.2534066444764456,8.034898709583086,0.5263354571668037,48.422371530109224,4.280370894035068,1.6722331844335137,0.3212,0.0592,32.9353,8.05,0.1522,3.1715,0.0587,2.9934,22.1604,534.9636,2.1236,7.54,0.1155,2.6335,0.0377,1.4094,5.4377,0.0136,2.7372,0.0192,0.0077,40.2536
-1.0,3059.01,2171.8556,1.2906,103.4733,1.4402,0.0035,-0.0001,200.0096,8.8318,401.4761,0.9721,190.6311,12.499,1.3886,-4828.5,1553.75,0.9763,1.8782,5.0773,63.1889,3.3556,0.2282,85.822,9.0776,64.059,66.94045000000003,86.8379,77.92,3.758,352.8682,147.5536,754.3429,1.2766,149.6264,650.0482,196.5345,4.615,4.863,2892.0,0.9296,-6.0445,355.8055,10.419,121.5091,20.0855,26.0445,34.9236,719.4193,152.6482,629.9627,82.9712,0.0047,-0.0183,-0.0304,0.0105,-0.0907,-0.0209,0.0269,6.693,0.1373,0.9882,1676.8038,0.1947,9057.5901,0.0384,-0.0307,0.0637,0.0608,0.4643,0.9517,728.0219,0.9904,58.3078,0.5893,0.9669,6.2988,15.95,3.446,15.97,16.01,0.946,0.5424,3.064,-0.0946,0.7908,2.3306,1010.6904,136.0,182.9,122.0,44.3999,182.999,0.1155,0.0578,0.11930000000000002,0.0791,0.0069,8.7274,6.632,6.676,0.0081,0.38,0.0326,497.0,49.0,0.109,0.091,0.031,2.6,0.185,0.5053,0.1245,0.6077,0.3488,0.7835,0.266,0.1545,6.17,17.22,88.116,0.289,18.14,5.52,30.096,69.179,0.0503,0.048,0.0407,0.0648,0.0377,0.0737,0.082,0.0792,5.7252,0.1074,0.0015,120.5182,0.0319,1268.3003,0.017,0.0144,0.0494,0.0032,137.8385,3.3714,0.0305,0.5651,0.0333,2.5647,35.619,59.9086,47.3334,0.0383,2.0414,0.0207,2.3364,0.0964,0.0131,203.2361,316.7439,1200.696,20.1887,0.0465,0.0392,0.0139,0.8054,0.0185,0.0496,0.1956,0.0507,0.1023,5.4591,0.09,7.6653,0.0409,1.7707,5.0501,25.1127,0.0892,1.7289,2.6258,9.3703,20.7861,0.0161,0.022,0.0168,0.0294,0.0103,0.0415,0.0435,0.0447,1.8221,0.0333,0.0005,40.6028,0.0119,349.7629,0.0139,0.0011,36.6243,1.1027,0.0098,0.1862,0.0102,11.6523,0.9118,5.7517,5.9791,4.6193,2.0443,19.4475,8.9517,4.0134,75.0921,1.6629,0.8285,3.0402,2.3469,53.0807,3.1537,11.1652,4.8449,0.6106,4.1146,17.8808,23.223,3.9554,0.5888,1.3711,0.9487,0.2787,4.982,5.0626,3.6625,12.1032,4.1236,2.649,44.8349,4.5762,2.7738,5.8761,90.314,4.1834,20.2959,83.3771,0.0,68.9655,213.1579,358.834,81.3017,393.2854,294.6977,85.5408,2.8398,4.4723,0.1484,7.1874,16.3621,0.0,48.5584,0.0,10.6373,0.3342,18.9333,0.1035,5.7821,8.9721,1.4279,7.1593,71.472,16.11,0.95,6.7984,0.3401,104.1347,3.9529,1.3292,0.1031,0.0253,10.8294,6.422825323835064,0.15847992631498783,2.6890142998881297,0.06874089212950862,2.444303380740693,20.46862128357386,530.8864,2.0458,8.46,0.2395,2.5319,0.0808,1.5936,11.7087,0.0102,2.0522,0.0192,0.0077,40.2536
-1.0,2993.11,2171.8556,1.2906,103.4733,1.4701,-0.0181,-0.001,197.574,7.2066,405.593,0.9747,187.0666,12.5218,1.4146,-3918.0,1447.75,0.994,1.889,5.1643,69.7667,2.1222,0.1706,85.9922,8.5334,63.9469,66.1932,86.8109,78.33,3.342,361.0164,144.8309,744.9226,0.8036,128.9064,634.7536,124.0325,4.61,4.869,2855.0,0.923,1.3791,362.8818,9.678249999999997,126.21,8.7061,18.6209,24.6273,720.2954,141.15,630.2418,74.5354,0.0412,0.0089,-0.0263,0.0165,0.10290000000000002,-0.0066,0.0426,6.8964,0.1385,0.9884,1679.6377,0.1596,7574.11,0.2215,0.149,-0.1669,0.0059,0.4255,0.967,626.2357,0.9908,59.3145,0.5879,0.9782,6.3087,16.0,3.102,16.01,16.04,0.9176,0.5213,3.167,-0.0946,0.7975,2.3257,1011.5203,122.0,73.9,59.5,44.3999,182.999,0.1155,0.0903,0.0891,0.0827,0.0092,7.2764,2.725,11.417,0.0278,0.26,0.043,512.0,141.0,0.126,0.089,0.137,2.9,0.191,0.845,0.0722,0.8189,0.3488,0.802,0.24,0.0765,4.98,16.42,22.882,0.822,18.1,9.93,40.109,87.648,0.16345,0.10470000000000002,0.0376,0.104,0.1067,0.0593,0.0637,0.1636,3.284,0.0358,0.0014,124.1143,0.0399,1296.6997,0.0104,0.0282,0.120188138292432,0.0105,113.8476,2.2376,0.0274,0.5451,0.0627,6.3485,32.0936,26.235,18.1003,0.0383,2.0414,0.0307,0.8669,0.0743,0.0133,249.0641,337.6264,818.9835,58.3059,0.0518,0.0375,0.0605,1.0607,0.0294,0.0559,0.3146,0.031,0.0598,5.5712,0.0786,9.454,0.0228,1.3365,5.4213,8.0143,0.2749,3.0197,2.8952,11.5541,23.371,0.045450000000000004,0.0455,0.0165,0.0472,0.028,0.0294,0.0267,0.0805,1.1327,0.0129,0.0005,41.3583,0.0124,429.8591,0.02801905827358544,0.0037,35.8743,0.5924,0.0115,0.1862,0.0186,9.9911,1.9946,5.6255,2.469,2.381,2.0443,19.4475,8.9517,6.1424,37.8124,2.8149,2.8513,2.0764,3.0369,51.072,9.7393,12.6761,4.7115,2.6529,4.1567,47.1204,53.355,4.108,0.9826,0.8463,1.2806,0.113,4.8059,6.4213,4.3084,9.5257,3.8633,2.5868,18.4484,5.6239,8.5376,11.5363,207.9,5.5684,47.129650000000005,117.5925,650.0531,219.401,395.4373,645.9327,54.2419,957.8947,383.8123,47.6189,2.0935,1.5059,0.1446,7.3893,24.9819,0.0,36.6791,131.6129,26.600115265074077,1.0867,18.1797,0.095,3.7724,8.6398,2.6971,14.4719,81.894,19.62,1.62,8.8051,0.7947,40.0323,4.7837,1.9782,0.4397,0.0728,44.8745,9.64,0.1458,3.9371,0.062,3.8075,24.0585,533.5636,2.0273,7.33,0.2854,2.4497,0.0818,1.3738,14.0761,0.0126,2.5402,0.0227,0.0149,65.4831
-1.0,2987.75,2183.5,1.3593,104.4156,1.447,-0.0093,-0.0009,203.9315,8.2945,409.0844,0.9707,193.338,12.4618,1.4012,-2862.5,1591.0,0.9923,1.882,5.1063,68.0556,2.4667,0.1869,86.0936,8.5891,64.1358,66.0981,86.7366,78.4,2.915,352.4827,142.7236,746.5666,1.2907,147.6145,642.8209,197.0315,4.624,4.858,2888.0,0.9329,-0.9618,353.5336,10.4077,121.7618,16.9445,20.9618,29.4926,717.074,150.5809,625.8764,71.3977,-0.0052,-0.0031,-0.0186,0.0015,0.10290000000000002,-0.0383,0.0136,7.5678,0.1277,0.9876,1846.8055,0.1866,8834.0999,-0.0685,-0.1088,0.1693,-0.0964,0.4631900795939279,0.9461,757.6495,0.9907,59.2067,0.5881,0.9685,6.2939,16.0,3.102,16.01,16.04,0.9176,0.5213,3.167,-0.0946,0.7975,2.3257,1011.5203,88.0,209.6,173.7,41.4001,369.481,0.1662,0.1194,0.0787,0.0909,0.0117,9.0142,6.39,8.494,0.0083,0.66,0.0334,394.0,167.0,0.107,0.078,0.146,3.3,0.161,0.969,0.0613,0.6485,0.4581,0.6511,0.295,0.1128,9.49,21.9,64.071,0.322,22.19,8.49,31.069,60.095,0.0656,0.0734,0.0327,0.0555,0.16685000000000003,0.0847,0.0685,0.0742,4.3392,0.0758,0.0017,118.2354,0.0334,1935.2998,0.0251,0.0217,0.04167154261875705,0.0169,199.7626,2.1614,0.0288,0.4368,0.0627,6.3485,25.4787,69.7309,59.1923,0.0538,2.7493,0.0433,2.1936,0.106,0.0105,161.2253,292.877,1489.8516,68.9299,0.0487,0.0343,0.0682,0.9541,0.0287,0.054,0.3537,0.0228,0.0785,6.1471,0.1122,7.5488,0.0307,2.8083,6.3487,23.8422,0.0961,2.7883,3.1414,9.8513,20.6019,0.0199,0.0389,0.0146,0.0259,0.041,0.0372,0.0293,0.038,1.4486,0.0241,0.0005,40.3438,0.0125,648.1057,0.01431796392603438,0.0059,64.991,0.6255,0.0117,0.1523,0.0186,9.9911,1.9946,4.1256,7.0153,6.7469,1.896,33.6197,12.2234,8.2518,77.0386,2.0763,0.8503,5.2962,2.3808,122.7948,10.4965,10.7836,4.1445,2.8592,4.849,20.2703,47.0868,3.475,1.1255,0.7133,1.0111,0.1645,4.3945,5.2689,3.5971,8.7374,6.4289,3.4069,32.5182,4.1453,3.0939,7.3011,130.9566,4.3328,43.8631,84.1693,0.0,151.9669,298.3871,0.0,74.7243,178.7345,543.5897,57.3369,1.4099,3.1529,0.1673,6.4022,17.9219,678.125,70.7368,198.2906,11.174475890070065,1.7906,26.3661,0.1151,3.6506,6.9407,2.6971,14.4719,77.908,16.25,1.54,7.4594,0.6297,146.2962,4.0182,1.9767,0.1103,0.0268,11.6115,6.417187386285476,0.14423146887722235,2.577257723924583,0.0603023203003728,2.4450811731780724,20.873672103403745,534.9282,2.0004,8.17,0.262,2.9558,0.0814,1.5273,13.0969,0.0118,2.3766,0.0227,0.0149,65.4831
-1.0,3004.71,2217.8667,1.5487,105.2933,1.4256,-0.0125,0.0031,198.0151,8.2822,410.5357,0.9602,187.5158,12.4706,1.4168,-4509.75,1276.75,1.2957,1.9783,7.2465,69.1333,1.9889,0.1682,85.2764,8.7219,63.8842,66.1097,86.5265,76.78,3.629,353.5355,134.6773,736.0633,1.3697,149.5118,637.7245,187.6445,4.624,4.858,2888.0,0.9329,1.6073,353.8645,10.5271,116.2845,15.5718,18.3927,25.9809,710.0824,152.0036,622.1527,70.459,0.0154,-0.0083,-0.0308,0.006,0.1018,-0.0283,0.0174,7.5259,0.1306,0.9882,1737.5329,0.1516,9025.0999,-0.0884,0.0186,0.0852,0.0142,0.4412,0.9522,774.0379,0.9908,59.3308,0.5882,0.9662,6.4632,16.0,3.102,16.01,16.04,0.9176,0.5213,3.167,-0.0946,0.7975,2.3257,1011.5203,77.0,145.2,184.1,46.6001,196.969,0.3835,0.137,0.0771,0.0881,0.016,6.1265,5.344,8.049,0.0167,0.21,0.0323,1123.0,13149.0,0.032,0.132,0.498,3.2,0.645,0.6535,0.1224,0.6321,0.3036,0.6848,0.318,0.1221,4.36,16.19,47.61,0.23,18.45,8.32,30.933,79.044,0.0773,0.0805,0.0347,0.0612,0.092,0.0292,0.0721,0.0696,3.7769,0.0729,0.0017,62.3217,0.017,841.4004,0.0109,0.0131,0.120188138292432,0.0054,82.3124,2.2046,0.0209,0.5922,0.0627,6.3485,20.3137,60.813,61.5322,0.1155,1.7522,0.044,1.491,0.0585,0.0126,495.4237,215.9043,1062.2722,6397.843,0.0144,0.0548,0.218,0.8902,0.04,0.195,0.2416,0.049,0.0688,6.1799,0.0875,6.4445,0.0335,1.3201,4.4512,15.4313,0.0689,2.8181,3.3084,9.2349,22.7427,0.0232,0.0346,0.0164,0.026,0.0272,0.014,0.038,0.0379,1.3026,0.0228,0.0005,21.3848,0.0064,243.9149,0.02801905827358544,0.0018,24.5269,0.6317,0.0075,0.1875,0.0186,9.9911,1.9946,3.5472,4.8324,7.9024,2.1011,15.4474,24.7664,9.61,64.5241,1.9606,1.7426,1.684,2.2791,50.158,0.0,2.4696,6.6726,6.8861,4.6287,60.3352,79.6565,19.4089,0.7663,1.4033,0.9894,0.6795,4.9839,7.039,3.0382,8.9126,2.9162,2.5387,25.3724,4.1453,2.1848,7.2065,118.4837,4.3563,20.2233,112.1844,501.9481,164.2019,198.8627,0.0,28.6907,254.5455,399.4261,50.1847,1.0716,3.0844,0.1708,3.5868,11.2126,773.4317,43.7856,0.0,26.600115265074077,0.5704,10.6342,0.1224,3.7157,9.1633,2.6971,14.4719,74.278,21.25,0.93,8.8652,0.3866,36.6991,5.2615,1.2521,0.128,0.0293,13.7543,6.487091125094326,0.16355617980772805,2.668456139103954,0.07114477685399637,2.4760324581873063,21.44295232598139,523.3110000000001,2.0217,15.390000000000002,0.6164999999999999,5.3345,0.18730000000000002,2.8874999999999993,28.50255,0.012,2.4029,0.0227,0.0149,65.4831
-1.0,2931.4,2171.8556,1.2906,103.4733,1.4002,0.0153,0.0065,200.298,10.3117,409.3168,0.9733,190.9738,12.4922,1.4127,-3827.0,1466.0,0.9892,1.8782,5.0435,67.2556,2.7444,0.1987,88.2693,9.97415,65.0056,66.94045000000003,87.0024,77.9,3.552,353.9818,138.9218,742.1627,0.8516,144.46,637.3636,120.3468,4.646,4.884,2882.0,0.9331,-2.5727,355.8918,10.5095,116.3491,12.8363,22.5727,28.7966,713.3661,152.2864,624.5273,81.4196,-0.0016,-0.0669,-0.0187,0.0173,0.0903,-0.0295,0.0063,7.0211,0.1353,0.9822,1822.5785,0.2222,9039.7301,-0.0476,0.1116,0.0852,-0.0172,0.4659,0.928,709.405,0.9909,58.4076,0.5854,0.9752,6.2423,16.0,3.102,16.01,16.04,0.9176,0.5213,3.167,-0.0946,0.7975,2.3257,1011.5203,125.0,216.6,155.1,44.3999,182.999,0.1155,0.0827,0.11930000000000002,0.0889,0.0073,8.5259,5.163,12.529,0.0084,0.46,0.0736,631.0,362.0,0.131,0.07,0.224,2.2,0.218,0.792,0.2011,0.4391,0.16,0.7855,0.336,0.0392,4.67,14.78,22.799,0.461,18.47,5.33,27.636,93.084,0.0769,0.0693,0.0277,0.0408,0.0843,0.0386,0.0917,0.0754,4.4725,0.0658,0.0031,139.5775,0.0291,1157.5996,0.0117,0.0152,0.0131,0.0282,144.9867,2.4907,0.0168,0.5694,0.0627,6.3485,31.1663,68.8075,55.016,0.0383,2.0414,0.026,2.0891,0.089,0.0247,272.9241,272.9669,334.1118,151.2283,0.0541,0.0324,0.0956,0.6502,0.0343,0.0648,0.3219,0.0816,0.1215,5.8506,0.0909,7.4156,0.0113,1.5826,5.1176,7.0797,0.151,1.5208,1.7034,8.6436,26.8824,0.0232,0.0302,0.0128,0.0191,0.0244,0.0161,0.046,0.0359,1.3952,0.0199,0.001,45.3788,0.0094,467.3214,0.0033,0.0072,45.9658,0.7342,0.0069,0.1785,0.0186,9.9911,1.9946,5.8044,7.389,6.0275,2.0443,19.4475,8.9517,5.9065,50.0692,3.061,0.8581,3.6823,5.2126,19.9634,24.693,13.2424,3.7269,4.4414,3.2711,51.0121,48.3221,4.7322,0.7681,0.8684,0.5866,0.1641,4.7743,5.773,3.451,4.6061,3.2327,2.3189,18.9444,4.8773,4.3865,4.9506,143.8885,3.874,26.8993,114.3262,0.0,233.5299,218.4739,488.3418,42.7227,310.8475,0.0,63.7013,2.0688,2.6924,0.3193,7.6582,13.0793,633.3333,47.7612,400.0,2.8178,3.0439,20.4378,0.0646,4.2644,9.1223,2.6971,14.4719,81.66,20.04,2.17,8.363,0.88615,77.7518,4.9856,2.7308,0.3463,0.0644,35.3519,6.622336775864233,0.14211274286743733,2.6243999337103645,0.059374272347103546,2.510834183049538,20.778488396502212,532.8618,1.9972,9.06,0.185,3.0312,0.0671,1.7003,9.2649,0.0086,1.7063,0.0227,0.0149,65.4831
-1.0,3108.56,2201.0667,1.4148,106.5478,1.4385,-0.0171,0.007,198.0647,11.0782,428.3274,0.9692,188.3973,12.488,1.4232,-3697.5,1281.75,0.985,1.8803,5.124,67.3778,2.9889,0.1982,85.7833,8.7696,63.7482,66.4353,86.5639,76.61,3.317,363.1218,125.8255,721.0659,0.9086,136.2627,625.21,108.7042,4.639,4.902,2831.0,0.9312,3.3918,358.34,10.5443,109.2173,15.1773,16.6082,22.8177,698.2482,142.4755,610.0327,79.5265,-0.0071,0.0343,-0.0643,0.0051,0.0087,-0.0135,-0.0153,7.1632,0.126,0.9848,1781.0447,0.202,8597.09,-0.1301,0.053,0.1122,-0.0776,0.46800722188643573,0.9273,717.5174,0.9908,59.1695,0.5972,0.9672,6.2714,15.98,3.511,16.0,15.97,0.9649,0.5848,3.07,0.615,0.8261,2.3301,1009.1781,108.0,198.9,186.7,44.6001,144.823,0.1649,0.0941,0.0901,0.0924,0.011,5.0598,6.7,8.79,0.0092,0.25,0.0292,441.0,70.0,0.135,0.103,0.15,3.5,0.159,0.34,0.1166,0.4289,0.1596,0.5536,0.346,0.0737,5.09,13.54,15.806,0.283,17.79,3.6,30.392,76.999,0.0707,0.0576,0.12045,0.0079,0.0957,0.0476,0.0591,0.0413,4.6682,0.0642,0.0093,81.3291,0.0594,1186.0,0.017,0.0182,0.04879971416585732,0.0397,111.4443,1.1702,0.011,0.6082,0.0287,4.0746,29.3266,67.326,58.6381,0.054,1.9148,0.0325,2.1511,0.0697,0.0105,186.7019,324.1423,1694.7567,29.9152,0.0559,0.0423,0.0688,1.0872,0.0195,0.0481,0.122,0.0426,0.086,5.1635,0.1266,7.8228,0.0251,1.6404,3.7615,4.9159,0.0978,1.1956,1.832,9.4162,24.272,0.022,0.0279,0.055099999999999996,0.0033,0.024,0.0196,0.0255,0.0177,1.6175,0.023,0.0023,24.7412,0.017,370.2169,0.016616655951384212,0.0104,36.034,0.3496,0.0047,0.1983,0.0089,9.8814,1.3987,4.8324,6.3985,7.5628,2.0263,16.4528,11.6558,6.5418,60.4792,2.0522,0.9541,2.0019,2.0497,108.7221,5.4613,13.7056,5.478,2.9274,5.1946,23.4201,28.7556,3.3978,0.3963,1.3293,0.6728,0.6795,4.8937,4.1883,3.6543,8.1111,3.7354,2.1657,14.5404,5.5431,2.6839,5.6035,117.2147,4.3526,21.2508,96.8219,993.1519,65.2691,12.2814,0.0,548.7032,436.9686,269.9346,65.1698,0.5558,2.622,0.9397,4.5664,29.3909,853.9589,28.0193,757.8947,11.998070457779127,4.281,15.5319,0.0684,1.9778,9.6982,1.2312,11.3553,72.164,7.754999999999999,1.53,3.8037,0.6249,146.2962,1.8798,2.1202,0.6253,0.1157,66.8955,4.98,0.0877,2.0902,0.0382,1.8844,15.4662,532.21,2.2089,8.22,0.3725,2.9957,0.1226,1.5445,16.8636,0.026000000000000006,5.21645,0.0227,0.0149,65.4831
-1.0,3071.8,2200.0666,1.3954,103.0644,1.3949,0.0065,-0.0018,201.0295,9.1238,399.5597,0.9733,191.4026,12.5302,1.4134,-3755.75,1479.75,0.995,1.867,5.113,67.2667,2.5111,0.1959,84.6838,9.0425,64.4947,66.94045000000003,86.8006,68.7645908998298,3.1311620233074478,352.8527,138.9664,741.5961,1.2764,149.2955,641.1145,220.7255,4.627,4.861,2873.0,0.9362,-1.3773,353.5864,10.5226,117.5891,18.3509,21.3773,28.9871,712.609,151.5882,622.7636,73.0989,-0.0202,-0.0231,-0.0235,0.0257,-0.09,-0.0133,0.0096,8.5076,0.128,0.9878,1795.6614,0.2107,8543.9499,0.0818,0.0093,-0.046,-0.0183,0.45169408622998086,0.96,752.2997,0.9904,58.6319,0.5988,0.966,6.419,15.71,4.332,15.74,15.74,1.295,0.7001,3.177,-0.2365,0.7159,2.2793,997.7034,140.0,216.2,181.7,47.5,281.316,0.255,0.1263,0.0969,0.0955,0.0144,6.8041,5.849,11.204,0.0104,0.35,0.0578,540.0,93.0,0.064,0.053,0.178,3.2,0.087,0.5365,0.0788,0.5934,0.3461,0.8211,0.15,0.1725,5.01,17.19,77.313,0.319,25.45,3.5,28.661,105.781,0.1083,0.034,0.0262,0.0334,0.16685000000000003,0.1043,0.0849,0.0828,3.1712,0.0724,0.0023,118.0001,0.1254,1004.2998,0.008,0.0296,0.04656305284218201,0.0082,106.4933,3.4118,0.0164,0.4898,0.0985,4.3562,36.7818,71.4128,63.9839,0.083,2.5731,0.0484,1.7777,0.0947,0.0204,253.0025,142.7617,547.6613,38.4046,0.0271,0.023,0.0727,0.922,0.0225,0.0306,0.235,0.0334,0.1269,5.8336,0.0459,7.0885,0.0433,1.6085,5.4618,26.3867,0.0973,1.2289,1.7671,8.3061,29.3204,0.033,0.0158,0.0111,0.015,0.0485,0.0554,0.0477,0.0403,1.0219,0.0246,0.0007,42.4408,0.0374,315.4662,0.012087128260553004,0.0029,36.5703,1.1137,0.0057,0.1667,0.0342,7.1857,1.4652,6.4646,7.0382,7.217,2.159,27.7795,18.2747,9.0547,64.1069,2.8041,1.0703,2.7933,4.0887,33.8414,6.2848,6.4322,2.8388,3.4813,4.7572,31.8584,42.371,1.8623,0.6335,0.8717,0.9201,0.1809,5.3337,4.958,3.2087,13.5164,3.3558,2.6813,35.0268,4.4526,3.0316,5.3406,138.6856,4.022,43.1104,144.7094,537.1358,53.9255,142.4307,799.2214,115.8567,639.548,862.5,37.2752,1.313,2.9741,0.2308,6.5714,63.31987047269746,0.0,45.9096,0.0,11.333325808935443,0.8588,14.1557,0.1034,5.8189,7.6306,4.3224,11.735,80.3,16.28,1.62,7.9121,0.667,50.2278,4.0775,2.0174,0.1361,0.0315,14.8109,4.98,0.0877,2.0902,0.0382,1.8844,15.4662,533.4755,2.1902,9.08,0.6164999999999999,2.8292,0.18730000000000002,1.702,28.50255,0.0127,2.5394,0.0227,0.0149,65.4831
-1.0,2989.44,2201.0667,1.4148,106.5478,1.5301,-0.0023,0.002,198.3662,10.5812,412.0818,0.9649,188.6288,12.4876,1.4016,-1442.75,-753.0,1.301,1.995,7.2592,69.8889,2.6556,0.2196,86.3794,8.5615,64.0756,66.1344,86.8706,79.0,3.478,371.7818,131.5191,745.2466,1.3297,142.3436,645.6446,208.4155,4.693,4.938,2889.0,0.925,2.0336,368.5255,10.4781,113.5527,16.4828,17.9664,25.8665,719.3801,147.0836,629.1618,87.1039,-0.0062,-0.0092,-0.0583,-0.0304,-0.0054,-0.0246,-0.0164,6.9402,0.13376514319235483,0.9908,1817.9758,0.1873,8582.24,-0.0363,0.0586,0.0337,0.0897,0.4571,0.9482,608.6508,0.9906,58.0149,0.5919,0.9754,6.1032,15.98,3.511,16.0,15.97,0.9649,0.5848,3.07,0.615,0.8261,2.3301,1009.1781,129.0,110.9,74.9,44.6001,144.823,0.1649,0.071,0.0833,0.087,0.0162,5.0905,4.752,9.199,0.0127,0.34,0.0491,650.0,2039.0,0.075,0.112,0.167,2.5,0.478,0.7187,0.1334,0.5936,0.3401,0.68,0.64,0.2,6.38,11.48,41.695,0.418,15.39,6.21,19.714,73.149,0.1038,0.0899,0.0318,0.0389,0.16685000000000003,0.0077,0.0868,0.0485,1.9808,0.0729,0.0022,177.8818,0.1244,1227.0005,0.0165,0.0098,0.0247,0.0214,152.814,4.0774,0.0242,0.4698,0.0287,4.0746,31.8096,38.3013,27.1837,0.054,1.9148,0.0241,1.5565,0.0841,0.0164,314.2901,113.4563,3451.0237,944.8425,0.0306,0.0517,0.0748,0.8609,0.0471,0.1717,0.296,0.0542,0.1011,5.78,0.1942,4.3522,0.0584,2.1428,3.4432,12.9195,0.1183,1.9086,2.4701,5.4948,20.7342,0.032,0.0405,0.0138,0.0163,0.0485,0.0032,0.0447,0.0243,0.6907,0.0239,0.0007,50.6791,0.0368,329.205,0.0067,0.0076,40.3116,1.3006,0.0094,0.1547,0.0089,9.8814,1.3987,5.7804,3.7097,3.0109,2.0263,16.4528,11.6558,4.6403,44.9099,2.2323,1.3115,2.7227,3.5038,298.58439999999996,270.7835,5.7648,5.614,2.3005,3.5771,41.4226,60.5769,14.1156,0.832,1.5577,0.9264,0.2509,5.2235,9.8389,2.004,15.041,4.4821,1.7781,20.0057,2.1195,3.9893,6.9923,93.3702,2.7404,15.574,83.979,0.0,118.876,66.7525,0.0,142.5926,352.8455,295.7317,28.5405,2.39085465704477,3.0825,0.2228,9.7846,63.31987047269746,0.0,32.57,469.8413,5.4089,2.2581,25.2482,0.1339,7.0281,7.6969,1.2312,11.3553,81.216,22.56,1.14,11.2273,0.5013,55.4171,5.4927,1.4037,0.1502,0.0447,15.2466,8.92,0.202,3.891,0.0842,3.3861,28.9763,538.54,2.0768,5.3,0.3411,1.7213,0.0939,0.9842,16.4231,0.0126,2.5579,0.0227,0.0149,65.4831
-1.0,2996.89,2217.8667,1.5487,105.2933,1.5455,-0.014,-0.0039,203.7805,10.3926,414.5219,0.9679,195.0624,12.5018,1.4089,-3053.3333,2156.75,1.2808,2.0202,7.3818,66.6778,2.3222,0.1698,86.6785,9.0121,64.0904,66.94045000000003,86.6797,79.05,3.395,357.1918,141.1518,739.8839,1.3247,136.7245,635.0682,239.8566,4.609,4.842,2848.0,0.9288,1.5755,354.7336,10.2096,122.7273,11.4873,18.4245,25.849,714.0349,146.12,623.5809,75.044,0.0109,-0.0147,-0.1077,0.032,-0.0907,-0.0334,-0.0225,7.9985,0.1388,0.973,1867.539,0.1972,8847.7601,-0.0969,-0.0753,0.17079999999999998,-0.227,0.4649,0.9468,755.303,0.9908,59.2667,0.6045,0.9718,6.2612,15.96,3.099,15.97,16.02,0.9554,0.508,3.149,-0.4258,0.8222,2.3297,1008.1258,97.0,82.6,123.9,46.6001,196.969,0.3835,0.0609,0.0736,0.10045,0.0084,5.1888,5.219,15.666,0.0103,0.3,0.0508,439.0,11528.0,0.086,0.135,0.14,2.4,0.55,0.7555,0.1141,0.6073,0.3622,0.6522,0.724,0.093,9.83,23.01,56.806,0.424,21.72,7.06,35.759,71.561,0.0843,0.0452,0.0221,0.005,0.0836,0.0984,0.0846,0.0295,3.1886,0.0757,0.013699999999999999,106.03,0.0215,1052.8008,0.0291,0.0341,0.0191,0.0116,116.187,2.0789,0.0196,0.3626,0.0398,4.0323,26.585,22.4813,39.7869,0.1155,1.7522,0.0225,1.4793,0.0843,0.0181,201.8587,53.668,3325.5608,5917.5007,0.036,0.063,0.0669,0.9148,0.0528,0.1548,0.2843,0.0449,0.1165,5.8708,0.2177,10.9333,0.0302,2.5016,6.9956,18.0922,0.1372,1.9342,2.6957,11.7117,23.9308,0.0258,0.0213,0.009,0.002,0.024,0.0532,0.0457,0.0122,1.1248,0.024,0.0046,35.0071,0.0078,350.3546,0.0058,0.0035,37.2432,0.558,0.0084,0.1255,0.0118,10.0448,1.3373,4.3908,2.7562,4.9711,2.1011,15.4474,24.7664,3.9405,50.2182,3.7793,1.0662,2.3996,3.6036,217.6638,534.5079,6.7148,6.6823,1.8966,3.5994,73.2057,98.3639,15.8659,0.8716,1.2662,0.9476,0.1852,5.2325,9.5004,4.9444,7.022,7.1896,3.6232,23.6833,5.6434,4.1529,11.3504,189.0787,5.008,18.4845,95.3587,772.9513,75.1767,4.6414,261.301,108.4596,253.6732,130.9656,39.8656,2.0475,3.1675,1.3944999999999999,5.6775,10.9028,578.579,118.77044999999998,286.4198,4.1004,1.2217,15.3828,0.0671,3.5077,5.7909,1.7101,10.2782,78.102,15.88,1.02,7.7449,0.3751,74.374,3.9037,1.306,0.1226,0.0349,12.6436,4.98,0.0877,2.0902,0.0382,1.8844,15.4662,531.3891,2.0882,8.08,0.3356,2.5986,0.0923,1.5205,16.0712,0.0123,2.4294,0.0227,0.0149,65.4831
-1.0,2990.85,2167.9444,1.414,106.6033,1.4647,-0.0212,0.0009,204.1112,11.0871,420.1573,0.9719,194.5378,12.488,1.397,-4047.0,1253.25,0.989,1.8885,5.173,67.8111,2.3667,0.1891,85.7881,8.77,63.708,66.4683,86.5202,76.89,3.21,366.8991,124.6173,729.1378,1.4197,140.0336,631.55,207.0436,4.53,4.754,2917.0,0.9238,2.5336,362.1582,10.8157,107.1509,19.2555,17.4664,24.25,704.8878,142.9855,612.2945,94.7029,0.0027,0.0018,-0.0841,-0.0086,0.0022,-0.0253,-0.0286,7.3248,0.1343,0.9641,1858.9403,0.1665,8796.9399,-0.1119,-0.0074,0.0799,-0.0848,0.4621,0.951,766.2541,0.9906,57.4956,0.5939,0.9376999999999999,6.1588,15.98,3.511,16.0,15.97,0.9649,0.5848,3.07,0.615,0.8261,2.3301,1009.1781,200.0,72.4,85.6,64.7998,149.535,0.2209,0.0589,0.1118,0.0888,0.0109,8.8629,4.656,16.589,0.0083,0.25,0.0358,453.0,160.0,0.132,0.111,0.059,3.2,0.117,0.6514,0.1196,0.5767,0.3098,0.6984,0.591,0.236,14.625,28.4,45.531,0.34,11.24,14.5,16.501,69.121,0.1127,0.0833,0.0154,0.0303,0.1061,0.0595,0.1108,0.0507,3.2285,0.0335,0.0122,123.4944,0.0235,1671.0996,0.0141,0.0167,0.0135,0.0178,156.9562,4.147,0.0298,0.4051,0.0287,4.0746,45.32809999999999,27.4634,26.6976,0.0864,2.2662,0.0221,1.4055,0.0697,0.0124,185.8324,277.8109,1260.2611,69.8063,0.0557,0.0463,0.0279,0.9034,0.0381,0.0381,0.2342,0.0545,0.0644,5.6773,0.1476,4.4057,0.0704,4.57715,6.8218,13.5366,0.1028,3.9804,3.9832,4.5422,22.0261,0.0401,0.0345,0.0065,0.0135,0.0285,0.0271,0.0588,0.0264,1.2981,0.0104,0.0046,49.1998,0.0092,452.6006,0.004,0.0054,41.8523,1.3837,0.0097,0.1344,0.0089,9.8814,1.3987,9.053150000000002,2.4207,3.4433,2.989,17.3514,15.6198,4.0213,41.9948,3.9483,0.8584,2.0019,2.5598,70.8426,12.7668,13.3468,5.8777,1.1405,4.719,50.7042,63.4548,2.4858,0.7593,1.364,0.9052,0.6795,5.1049,17.3119,2.1468,16.6216,10.6208,4.4969,21.991,2.2285,3.1436,7.7461,58.373,2.3409,10.3326,72.9872,0.0,254.3511,36.0178,0.0,0.0,437.5123,177.1179,44.0758,3.0526,1.3767,1.266,6.6433,14.0957,0.0,41.6851,0.0,2.9112,1.8734,20.4836,0.1439,7.2127,6.5783,1.2312,11.3553,83.05432989858716,17.269187145917176,1.3491790350716373,8.250086198251896,0.5876498657907574,48.9569071851678,4.251647855222902,1.5821218841674247,0.1184,0.0323,12.6465,4.82,0.0916,1.8028,0.0409,1.9278,15.3518,535.4364,2.0862,6.23,0.2627,2.2294,0.0738,1.1635,12.593,0.013,2.5884,0.0227,0.0149,65.4831
-1.0,3059.43,2214.9333,1.0203,100.4456,1.4262,-0.0209,0.002,201.5588,9.932,411.5461,0.9804,192.5982,12.499,1.4261,-2452.6667,4733.0,1.3177,1.98,7.3035,66.4444,2.2111,0.184,84.2049,8.7662,64.006,66.4953,86.5018,75.71,3.408,361.7927,137.2564,734.7501,0.8385,132.56,631.6091,126.6663,4.642,4.89,2843.0,0.9302,-1.7327,364.5973,9.9762,115.5236,12.5951,21.7327,26.7697,707.9804,140.1627,620.2836,97.3683,0.0122,-0.0222,-0.0333,0.038,-0.0062,-0.0185,0.0372,7.4973,0.1368,0.9645,1681.6427,0.163,9473.93,-0.0286,0.0056,-0.0458,-0.1188,0.45312496224823295,0.9326,818.2537,0.9909,58.5018,0.5996,0.9686,6.259,15.96,3.267,15.98,16.02,1.068,0.566,3.255,0.0,0.8258,2.3341,1010.6104,109.0,131.6,141.9,54.5,221.54,0.1771,0.1018,0.0541,0.0498,0.0083,8.1929,6.121,22.223,0.0061,0.38,0.045,1167.0,734.0,0.1,0.126,0.077,2.5,0.356,0.48,0.0611,0.7437,0.3386,0.7309,0.395,0.0553,3.94,19.57,13.689,0.837,17.85,5.74,29.21,54.412,0.0696,0.0322,0.1021,0.1059,0.16685000000000003,0.0678,0.0501,0.1275,2.3236,0.0282,0.0068,164.9443,0.0349,845.0996,0.016,0.0149,0.04499555484102774,0.0171,78.0714,2.1763,0.0346,0.4622,0.0357,2.1794,29.2832,41.288,46.8428,0.0587,1.6772,0.0286,1.9534,0.0964,0.0163,543.0497,141.269,1482.6842,519.0164,0.0476,0.0569,0.0341,0.7634,0.0496,0.1206,0.1932,0.0286,0.0691,5.9265,0.1008,8.503,0.0168,1.2917,6.2614,4.0484,0.3377,2.035,1.7388,9.0731,16.3538,0.0224,0.0152,0.0472,0.0524,0.0485,0.0326,0.0249,0.0682,0.7682,0.0094,0.0023,50.0377,0.0093,244.7065,0.012748791683566631,0.0058,22.9644,0.549,0.0114,0.1523,0.012,12.6744,0.7079,5.0503,4.3015,5.7367,2.4606,13.3161,17.36,7.1378,61.6291,5.3999,0.622,3.0402,3.1562,118.7687,15.5081,7.5887,6.3636,1.0543,3.7625,63.3166,90.7609,10.4733,0.57,0.6965,1.1619,0.6795,4.8066,6.8266,4.0324,6.5951,2.9722,3.0984,10.8071,5.5763,8.39,7.9724,141.722,4.1258,14.0244,55.8827,572.2508,67.4699,318.018,0.0,0.0,270.8108,342.2819,30.9922,2.6314,1.169,0.7069,9.8085,21.3944,0.0,70.4545,0.0,10.378066684462642,1.8375,9.5412,0.1006,3.7201,7.3841,1.5316,5.6896,77.10285818704916,16.95615655191904,1.2246036942228131,7.625126839257329,0.5207793027981373,66.22567797626078,4.202185456539019,1.6316051117180856,0.6839,0.1946,46.6919,8.52,0.2262,3.4755,0.0916,3.3987,28.6441,531.4073,2.0161,8.05,0.3213,2.8487,0.1038,1.5148,15.9361,0.0073,1.4716,0.03,0.0326,108.6076
-1.0,3024.54,2167.9444,1.414,106.6033,1.4849,-0.0072,-0.0033,197.6563,9.602,423.7206,0.9806,188.0589,12.5602,1.4118,-3889.5,1487.25,0.9792,1.8952,5.1683,69.4778,2.7111,0.192,86.931,8.8384,64.0776,66.3401,87.0242,78.29,3.692,350.3345,135.8609,733.2725,0.8961,144.9482,631.1436,116.2465,4.625,4.848,2875.0,0.9346,-5.1655,353.3918,10.6792,110.6955,16.1227,25.1655,30.3892,702.8834,150.9336,615.0209,102.7565,0.0155,-0.0054,-0.0219,0.0028,-0.0079,-0.0154,0.0137,7.7116,0.1292,0.9808,1772.7789,0.1542,8761.1898,-0.0052,0.0167,0.0372,0.0211,0.4617,0.9603,757.3874,0.9909,59.0348,0.5934,0.972,6.2844,15.97,3.673,15.99,15.98,0.9554,0.6479,3.521,0.0,0.7987,2.3375,1010.9003,131.0,164.6,171.1,64.7998,149.535,0.2209,0.1074,0.0944,0.0849,0.0072,6.0424,6.289,11.021,0.0053,0.33,0.0705,585.0,138.0,0.083,0.099,0.114,3.0,0.156,0.6676,0.0991,0.6328,0.383,0.7611,0.289,0.0912,4.79,14.25,17.598,0.415,12.56,4.2,24.589,63.68,0.0945,0.10470000000000002,0.0644,0.0454,0.0761,0.0487,0.0923,0.0629,2.8265,0.0512,0.013699999999999999,134.4961,0.0457,740.8008,0.0369,0.0117,0.0226,0.0119,62.6786,2.5849,0.024,0.563,0.0285,2.8397,33.4829,54.257,55.6461,0.0864,2.2662,0.0315,2.0923,0.0952,0.0281,260.5718,272.5638,713.2954,61.3046,0.0346,0.0407,0.0559,0.8857,0.0287,0.0524,0.2717,0.0426,0.1463,5.957,0.0925,6.6196,0.0257,1.9089,4.4174,5.4994,0.1128,1.1659,1.3847,7.1246,22.9235,0.0252,0.0455,0.0267,0.0221,0.022,0.0204,0.0482,0.03,1.2377,0.0147,0.0046,43.9416,0.015,260.0709,0.0056,0.0033,23.0757,0.7461,0.0081,0.1825,0.0105,9.3532,1.0814,5.908,5.4421,7.0695,2.989,17.3514,15.6198,7.2327,65.4968,2.601,0.5448,2.6273,4.9951,42.4219,9.2789,8.4759,5.2236,2.2058,4.3179,18.4426,49.4792,3.3314,0.768,1.121,0.9876,0.1869,4.5357,5.9988,3.1228,10.1821,3.3046,2.2578,15.1385,4.6975,3.8861,8.031,77.9026,3.4983,10.063,61.9717,610.9091,199.0156,207.5429,0.0,616.4557,599.3506,459.1241,36.6529,1.2384,2.0946,1.3944999999999999,7.5867,29.6426,622.3404,47.3804,0.0,4.8984,1.2437,8.2756,0.1138,4.3787,8.9594,1.2172,7.1573,81.788,15.14,1.64,6.5229,0.6872,67.7548,3.7169,2.0052,0.1339,0.0362,13.6884,4.97,0.1734,2.3512,0.0761,1.9824,19.413,533.7309,2.1724,8.35,0.3156,2.8652,0.1189,1.5645,14.5294,0.0068,1.3667,0.03,0.0326,108.6076
-1.0,3069.44,2183.5,1.3593,104.4156,1.5549,-0.013,0.0074,203.8706,9.2649,404.2915,0.9704,194.124,12.5218,1.3873,-5036.0,1434.0,0.9695,1.8878,5.0385,67.6444,2.7556,0.1923,84.9334,8.5459,64.1179,66.2647,86.6954,77.72,2.013,353.7436,142.8709,746.9045,0.8539,144.0,640.6145,116.5322,4.646,4.884,2882.0,0.9331,-5.0027,356.4282,10.5372,117.8682,16.0554,25.0027,30.9658,715.9386,150.2627,624.5591,74.6953,0.0093,-0.0636,-0.0385,0.009,-0.0135,-0.0271,0.0492,7.4422,0.1439,0.9834,1816.7076,0.1618,8878.2698,-0.0227,0.0902,0.0777,0.0381,0.4639,0.9454,733.6039,0.9909,58.7099,0.5922,0.9764,6.2537,15.98,3.511,16.0,15.97,0.9649,0.5848,3.07,0.615,0.8261,2.3301,1009.1781,117.0,89.1,75.9,41.4001,369.481,0.1662,0.1163,0.0883,0.0939,0.0116,8.4366,9.329,12.32,0.0081,0.26,0.0366,284.0,257.0,0.116,0.062,0.155,2.6,0.136,0.9273,0.1506,0.5927,0.396,0.5986,0.316,0.0808,4.14,14.93,24.345,0.298,20.04,4.52,27.94,85.224,0.1167,0.0979,0.0378,0.0831,0.0811,0.0342,0.0893,0.1087,4.1804,0.0402,0.0042,116.4287,0.0317,802.7002,0.0107,0.0273,0.0288,0.0218,95.8044,3.4263,0.0216,0.6086,0.0287,4.0746,30.3453,30.6645,28.4074,0.0538,2.7493,0.0374,2.6253,0.0743,0.0113,130.2421,324.9892,2985.9066,122.977,0.048,0.0264,0.0634,0.8323,0.0346,0.0475,0.3312,0.0536,0.1319,6.2772,0.1096,7.5556,0.0252,1.3759,4.8389,8.3794,0.0736,1.529,1.6565,8.674,28.0703,0.0273,0.0455,0.0155,0.0407,0.0222,0.0147,0.049,0.0576,1.4269,0.0145,0.0012,36.8122,0.0114,235.7157,0.0084,0.0063,26.7877,0.9358,0.0076,0.1924,0.0089,9.8814,1.3987,5.3879,2.9028,3.086,1.896,33.6197,12.2234,7.4795,100.6918,3.0473,0.8324,2.0764,2.6375,145.0159,17.9219,11.9649,3.2843,3.0763,3.8436,43.5484,47.3137,2.9355,1.0918,1.7625,0.9244,0.1629,4.9782,5.0465,3.5868,9.4665,2.875,2.3306,20.8912,4.8773,2.8281,5.8201,124.8179,3.9026,26.8557,114.0956,0.0,107.6416,215.8442,902.9923,253.8033,330.1294,220.8228,56.1714,1.6683,1.6586,0.4279,6.4088,19.592,702.2508,53.406,305.1546,6.2179,2.3083,13.0594,0.1346,5.8359,9.7315,1.2312,11.3553,81.052,21.19,1.37,10.0164,0.5422,46.8917,5.1697,1.6903,0.338,0.0593,34.2197,6.616606339507759,0.14565252633504563,2.6348386713778185,0.06089115541808299,2.5147287213792104,20.014403859790374,531.2355,2.0715,9.72,0.3168,3.5144,0.0847,1.8297,15.2948,0.009,1.8039,0.03,0.0326,108.6076
-1.0,2989.37,2167.9444,1.414,106.6033,1.5097,-0.0023,0.0045,198.1011,10.0816,424.5496,0.9592,189.1553,12.58,1.4135,-2389.25,1275.25,0.9788,1.8798,5.028,68.8778,2.9,0.1924,84.2049,8.7662,64.006,66.4953,86.5018,75.71,3.408,363.4,132.1691,730.6957,1.3325,138.6391,634.2082,217.6515,4.651,4.867,2837.0,0.929,-1.0082,360.5609,10.5034,111.1609,24.5027,21.0082,28.539,702.1567,137.9836,609.7055,96.9875,0.0037,-0.0245,-0.0066,0.0004,0.0104,-0.0265,-0.0114,7.3019,0.1211,0.965,1838.7309,0.1906,9410.5199,-0.0568,-0.0344,0.1107,-0.1621,0.4712,0.9436,786.8163,0.9906,57.0367,0.601,0.966,6.4907,15.96,3.267,15.98,16.02,1.068,0.566,3.255,0.0,0.8258,2.3341,1010.6104,131.0,80.8,79.9,64.7998,149.535,0.2209,0.1542,0.11930000000000002,0.0631,0.0225,5.3551,8.128,12.277,0.0165,0.17,0.0322,437.0,69.0,0.116,0.101,0.2,3.0,0.201,0.48,0.0611,0.7437,0.3386,0.7309,0.354,0.1107,3.57,18.29,75.144,0.384,20.53,4.1,27.894,47.882,0.0668,0.0471,0.028,0.1052,0.1219,0.0934,0.1116,0.0899,2.9098,0.0384,0.0123,136.2786,0.0305,1434.9004,0.0203,0.0189,0.0444,0.0189,172.334,3.3142,0.0275,0.4261,0.0357,2.1794,30.0527,25.9915,25.7437,0.0864,2.2662,0.0491,2.3292,0.0499,0.0118,195.5631,267.4204,2031.6998,32.2219,0.0535,0.0415,0.0893,0.9808,0.0346,0.0617,0.1932,0.0286,0.0691,6.0708,0.0963,7.7924,0.0354,0.9961,5.1979,20.4973,0.1203,1.639,2.0843,8.3307,17.6498,0.0203,0.0248,0.0125,0.0462,0.032,0.051,0.0581,0.0439,1.1519,0.0121,0.0045,52.0311,0.0098,552.1748,0.012,0.0067,61.1127,1.132,0.0094,0.1343,0.012,12.6744,0.7079,5.9659,2.7029,3.0912,2.989,17.3514,15.6198,10.2136,80.6218,2.8918,1.7232,1.3514,2.2794,172.7739,5.4107,11.8519,5.3731,3.9777,4.3555,24.1379,63.3949,4.3553,0.57,0.6965,1.1619,0.6795,5.4485,6.3101,3.7823,8.3039,2.575,2.8839,34.5249,5.7182,3.656,6.765,83.7866,3.9726,9.7204,49.3692,0.0,168.0642,0.0,0.0,900.241,421.5297,785.1528,39.8502,2.8899,1.5775,1.2752,7.4116,16.0165,0.0,67.9245,0.0,9.4173,2.0022,21.9027,0.1482,5.8106,6.5648,1.5316,5.6896,75.43902907889014,17.13638247986027,1.1977722111876614,8.028071286996823,0.5042030254778236,57.912194788591286,4.236801105156682,1.5876490326423236,0.1184,0.0323,12.6465,4.68,0.0999,1.9232,0.0407,1.7546,15.7883,539.2554,1.6494,5.22,0.1842,1.8815,0.062,0.968,11.1656,0.0209,4.1543,0.03,0.0326,108.6076
-1.0,3147.74,2171.8556,1.2906,103.4733,1.4867,0.0014,0.0092,197.7229,10.1981,421.1547,0.9801,188.1445,12.4922,1.4163,-3819.0,-207.0,1.3403,2.001,7.3593,69.2222,2.8,0.2321,85.2505,8.7812,64.0886,66.1006,86.6597,79.07,3.103,353.4082,132.1136,732.9061,1.3829,150.1318,635.6536,197.3141,4.624,4.858,2888.0,0.9329,2.0591,353.94,10.6237,114.1727,18.08,17.9409,24.6557,708.2504,149.4609,617.5736,61.3774,-0.0038,-0.0156,-0.0404,0.0078,0.0095,-0.056650000000000006,0.0407,7.0012,0.1383,0.9903,1770.9701,0.1968,9448.4501,-0.0732,-0.0084,0.0822,0.0329,0.4627,0.9397,795.6814,0.9912,57.5958,0.5964,0.9669,6.3462,15.68,4.997,15.75,15.67,1.48,0.8215,3.274,0.1892,0.736,2.3631,991.8757,116.0,110.0,78.5,44.3999,182.999,0.1155,0.0909,0.11930000000000002,0.10045,0.0077,6.3777,4.528,9.671,0.0055,0.46,0.0258,858.0,681.0,0.102,0.102,0.189,1.6,0.556,0.7017,0.0929,0.3964,0.3561,0.7394,0.254,0.0838,6.03,13.66,27.836,0.229,15.81,6.54,26.493,86.807,0.0529,0.10470000000000002,0.0542,0.0503,0.0535,0.0194,0.0513,0.0621,4.3768,0.0758,0.001,82.2278,0.0306,1042.5996,0.0092,0.0258,0.0191,0.023,103.887,1.232,0.0239,0.4375,0.1009,2.2899,29.5719,37.1206,31.5927,0.0383,2.0414,0.0311,1.7378,0.089,0.0095,361.4308,233.9309,644.4683,306.53,0.0485,0.0427,0.0853,0.4944,0.0463,0.2022,0.2774,0.0383,0.1054,5.6631,0.074,6.4448,0.0238,2.0706,4.1666,9.5511,0.0828,2.3056,2.7634,8.3694,28.3428,0.0133,0.0455,0.0259,0.0238,0.016,0.0083,0.0221,0.0322,1.3348,0.0241,0.0003,27.4324,0.0107,333.5573,0.0049,0.0074,32.1998,0.3779,0.0083,0.148,0.0368,4.0686,0.8583,5.3162,3.4946,3.4409,2.0443,19.4475,8.9517,6.1144,44.4005,2.2963,0.5588,3.6823,1.8223,39.8795,328.9855,7.6105,5.0975,2.5682,2.3114,57.1429,62.4701,16.6628,0.8231,1.0578,0.6185,0.208,5.0027,6.8199,3.2015,6.0629,4.0165,2.149,14.1075,4.1453,2.1556,5.8946,87.4449,3.7406,47.129650000000005,141.4316,0.0,169.2452,124.582,689.7663,204.2105,89.1012,152.4862,62.5145,2.3447,3.1529,0.0969,4.6431,15.5274,0.0,39.3273,0.0,4.121,2.4495,13.0564,0.0604,2.139,6.8933,4.2718,6.4203,74.722,19.32,0.35,8.8726,0.1395,39.7978,4.8229,0.4684,0.1103,0.0268,11.6115,5.69,0.1064,2.5361,0.0437,2.2443,17.5611,535.2109,2.0871,7.45,0.3176,2.5451,0.1034,1.392,15.2171,0.026000000000000006,5.21645,0.03,0.0326,108.6076
-1.0,3031.65,2184.8889,1.3378,106.69,1.4819,-0.0153,0.0129,199.4854,7.8278,404.2026,0.9646,189.1325,12.58,1.3863,-3334.25,-2788.5,1.3065,2.0148,7.4083,69.1222,2.6111,0.1984,85.7881,8.77,63.708,66.4683,86.5202,76.89,3.21,363.47,129.4518,727.603,1.3409,139.2018,632.1236,198.7064,4.632,4.883,2834.0,0.9306,-0.17,359.5973,10.5685,109.2818,22.8082,20.17,28.121,699.482,140.4364,609.3154,108.9246,0.0159,-0.0197,-0.003,0.0005,0.0176,-0.0154,-0.002,7.8916,0.1388,0.9673,1807.5363,0.1507,8557.41,-0.0653,-0.1349,0.1672,-0.1484,0.4299576340746821,0.9332,763.5411,0.9907,59.2268,0.6024,0.9657,6.3061,15.96,3.267,15.98,16.02,1.068,0.566,3.255,0.0,0.8258,2.3341,1010.6104,200.0,84.3,56.8,52.2002,187.3051,0.2247,0.1332,0.0359,0.0381,0.0196,4.8081,6.216,9.025,0.014,0.17,0.0605,2060.5,57.0,0.118,0.095,0.262,3.3,0.477,0.6514,0.1196,0.5767,0.3098,0.6984,0.546,0.144,3.61,20.07,99.46,0.567,19.23,4.9,27.225,77.883,0.0515,0.0503,0.0421,0.0997,0.0529,0.0967,0.0938,0.0748,4.2911,0.0319,0.0062,107.9622,0.0316,604.3999,0.0209,0.0229,0.06018276420820967,0.0098,71.6064,1.1218,0.0262,0.5935,0.0357,2.1794,45.32809999999999,30.3602,19.6107,0.0791,2.3862,0.0437,1.7863,0.0499,0.0205,912.5788,150.5155,636.1454,40.3051,0.0532,0.0419,0.1247,1.0803,0.0413,0.1532,0.2342,0.0545,0.0644,5.723,0.1649,7.7719,0.0496,1.2662,5.267,26.2097,0.1655,1.6954,2.279,8.4279,21.0224,0.0158,0.0211,0.0221,0.0443,0.0133,0.0537,0.0513,0.0375,1.4822,0.0099,0.0018,37.8736,0.01,201.8948,0.019374520107823458,0.0034,23.3148,0.3123,0.009,0.1952,0.012,12.6744,0.7079,9.053150000000002,2.7807,2.214,2.3891,20.6933,16.7956,8.9885,79.4091,2.2328,1.4479,1.3514,4.364,42.9782,2.0441,9.0318,4.7152,3.5366,4.7742,34.4681,70.0448,14.0084,0.7593,1.364,0.9052,0.6795,5.2714,5.8246,3.6677,10.7389,2.5934,3.175,50.0538,5.1737,5.365,5.2982,84.312,3.8922,13.6288,71.5017,324.6651,120.7683,0.0,0.0,548.6525,611.0749,0.0,54.3755,1.8732,1.3349,0.6371,5.9729,20.9969,0.0,77.193,314.4828,14.95065569944132,1.0496,9.3782,0.0659,1.894,9.4108,1.5316,5.6896,74.98,19.68,1.14,9.1964,0.4091,57.8223,4.8297,1.5204,0.3275,0.061,35.1945,4.98,0.0877,2.0902,0.0382,1.8844,15.4662,533.69,2.0464,8.89,0.4115,2.9168,0.108,1.6658,20.1086,0.013,2.6143,0.03,0.0326,108.6076
-1.0,3007.85,2217.8667,1.5487,105.2933,1.4464,-0.0081,-0.0037,197.9001,9.5794,414.4638,0.9688,188.9179,12.499,1.4088,-3999.3333,1513.0,0.9735,1.8873,5.07,69.8,2.4889,0.1764,86.0936,8.5891,64.1358,66.0981,86.7366,78.4,2.915,361.5082,145.2873,748.4985,1.2168,133.7218,640.5173,200.5501,4.61,4.869,2855.0,0.923,-1.8791,362.5918,9.7968,123.4082,13.9443,21.8791,31.0771,717.4214,142.0245,628.0245,79.4094,-0.0024,-0.0179,-0.0285,0.0019,-0.0916,-0.0197,0.0136,8.2119,0.1275,0.9863,1739.5951,0.1893,8431.48,-0.1482,0.0632,0.0413,-0.0759,0.448,0.9268,727.4067,0.9908,59.4217,0.5962,0.9797,6.3068,15.96,3.267,15.98,16.02,1.068,0.566,3.255,0.0,0.8258,2.3341,1010.6104,94.0,124.3,54.4,46.6001,196.969,0.3835,0.1178,0.0788,0.0801,0.0126,5.3225,9.008,13.157,0.0094,0.38,0.0502,377.0,54.0,0.126,0.09,0.144,2.4,0.167,0.969,0.0613,0.6485,0.4581,0.6511,0.378,0.1338,6.93,18.52,65.848,1.147,24.54,4.04,31.618,70.716,0.1222,0.0516,0.0608,0.0357,0.0907,0.1253,0.095,0.0725,2.7376,0.1074,0.0008,75.0157,0.0454,590.0996,0.0369,0.0161,0.120188138292432,0.0226,72.4742,1.3277,0.016,0.4472,0.0357,2.1794,25.7894,41.7159,19.1303,0.1155,1.7522,0.0405,2.5961,0.0964,0.0162,159.7631,263.162,582.0011,23.1517,0.0523,0.039,0.0657,0.8846,0.0233,0.0458,0.3537,0.0228,0.0785,5.6399,0.1136,9.2639,0.038,1.9961,5.9932,18.0094,0.3923,1.1726,1.9795,9.8084,21.2324,0.0276,0.025,0.0251,0.0151,0.0259,0.0631,0.0502,0.037,1.0512,0.0311,0.0003,24.794,0.0148,170.6521,0.02801905827358544,0.007,20.7623,0.3855,0.0056,0.1525,0.012,12.6744,0.7079,4.2656,4.1325,2.026,2.1011,15.4474,24.7664,8.1444,94.0355,3.1745,0.9706,3.0402,3.5604,29.1049,3.5691,12.943,4.7688,2.8402,3.4384,24.1071,42.5063,3.6022,1.1255,0.7133,1.0111,0.1645,4.9957,7.351,4.2046,10.9949,5.1824,2.8914,32.8337,5.6239,11.7079,7.536,175.986,4.4072,26.6754,89.0525,0.0,60.9029,125.2632,0.0,136.7531,482.8463,532.1101,33.3365,1.9604,4.5618,0.0782,4.3123,24.0068,524.6436,52.8833,576.4706,26.600115265074077,2.441,9.9634,0.0698,2.2343,7.0904,1.5316,5.6896,77.37,15.58,0.79,6.3,0.3134,146.2962,3.8491,1.0211,0.1927,0.0369,15.2895,6.3526871222635615,0.14400459172230015,2.616850205444841,0.0576749087218745,2.4378735929256656,20.93945246918922,532.9591,2.0687,7.17,0.1993,2.6214,0.063,1.3453,9.6361,0.0141,2.782,0.021,0.0107,50.7912
-1.0,3017.53,2201.0667,1.4148,106.5478,1.372,-0.0005,0.0052,198.0364,10.1995,415.3266,0.9716,189.1111,12.4871,1.3902,-4643.5,-642.5,1.2805,1.999,7.3342,67.4778,2.4667,0.2439,85.7419,8.5788,64.1013,66.2428,86.6582,78.0,3.483,363.4464,136.4373,736.5305,1.3118,137.8873,637.7709,204.9855,4.622,4.872,2846.0,0.9258,2.1145,362.0718,10.0235,118.5518,16.7345,17.8855,26.4123,710.1183,140.4127,621.0364,61.7983,0.0059,0.0001,-0.0096,0.0109,-0.082,0.0021,-0.001,7.5695,0.13521862134724616,0.9844,1871.1087,0.2169,8793.4601,-0.0912,0.1023,0.0392,0.0938,0.468,0.9283,676.0029,0.991,59.0254,0.5965,0.9662,6.3517,15.96,3.267,15.98,16.02,1.068,0.566,3.255,0.0,0.8258,2.3341,1010.6104,131.0,217.9,179.8,44.6001,144.823,0.1649,0.0792,0.1036,0.0867,0.0103,5.2867,6.85,10.804,0.0077,0.27,0.1007,770.0,2202.0,0.082,0.095,0.131,2.4,0.474,0.833,0.0953,0.4863,0.2635,0.7203,0.243,0.1289,4.3,18.09,60.14,0.832,17.16,5.33,34.594,82.618,0.0874,0.0641,0.12045,0.0459,0.0778,0.0964,0.15199999999999997,0.1165,1.8402,0.0292,0.0035,65.7863,0.1254,1576.5996,0.0171,0.0194,0.0324,0.0162,164.4603,1.2906,0.0168,0.4619,0.0357,2.1794,31.9114,73.2143,65.5217,0.054,1.9148,0.0241,1.9091,0.0784,0.0376,354.3384,220.6677,1423.4134,1013.9121,0.0386,0.0434,0.0573,0.7293,0.0311,0.1705,0.351,0.0352,0.0918,6.1786,0.0793,8.5324,0.0377,1.2535,5.6654,19.7076,0.2271,1.8804,2.7184,10.331,26.1374,0.0238,0.0341,0.055099999999999996,0.0202,0.0225,0.0462,0.0789,0.055,0.6674,0.0111,0.0011,23.2294,0.0374,457.7232,0.0082,0.0058,49.3279,0.3806,0.0053,0.1573,0.012,12.6744,0.7079,6.0079,7.2211,7.1234,2.0263,16.4528,11.6558,5.7724,67.1599,2.6013,0.7966,2.1622,7.2462,66.9969,342.7237,6.4037,4.7524,1.7861,3.5567,60.8108,41.0023,13.9312,0.9715,1.1104,0.7586,0.1508,5.2222,6.0541,4.0248,9.8269,3.1185,2.8364,29.3387,5.6328,8.3005,8.4183,102.5424,4.8716,47.129650000000005,133.6898,0.0,88.2312,476.8831,713.3524,117.5251,0.0,0.0,24.3105,2.5316034742495512,1.2288,0.3537,3.5159,63.31987047269746,0.0,58.4927,283.6364,6.9299,1.7406,24.3283,0.0867,2.1865,7.2716,1.5316,5.6896,81.99,18.41,1.38,8.1119,0.5903,73.8618,4.5513,1.6831,0.7942,0.1527,82.0961,6.406530009108148,0.1419032956986742,2.610821987086715,0.05878146554202528,2.446658030166848,21.13670660596334,534.1891,2.0627,7.72,0.3563,2.78,0.1052,1.4452,17.2719,0.0097,1.9495,0.0328,0.0235,71.5333
-1.0,2980.53,2167.9444,1.414,106.6033,1.5782,-0.0092,0.0054,203.1553,12.3114,415.6212,0.9783,193.3371,12.4965,1.4011,-5228.0,1362.0,0.9875,1.8915,5.1095,69.4111,2.7333,0.1984,86.931,8.8384,64.0776,66.3401,87.0242,78.29,3.692,363.0282,135.2018,734.7764,1.3126,138.5327,636.7627,203.1292,4.639,4.902,2831.0,0.9312,-0.9918,363.3,10.2123,114.21,21.1663,20.9918,28.4192,706.3572,138.0864,615.5964,86.7311,0.0292,-0.0096,-0.0327,0.0024,-0.0777,-0.0293,0.0308,7.2588,0.131,0.9893,1867.4587,0.1893,9243.77,-0.1011,0.0874,0.0311,0.0202,0.4474511750354061,0.9448,796.6377,0.9908,59.0198,0.5974,0.9647,6.3756,15.96,3.267,15.98,16.02,1.068,0.566,3.255,0.0,0.8258,2.3341,1010.6104,159.0,110.7,169.7,64.7998,149.535,0.2209,0.0699,0.0988,0.0781,0.013,9.0138,15.976000000000003,11.0,0.0067,0.25,0.0481,888.0,420.0,0.101,0.091,0.167,3.0,0.085,0.6676,0.0991,0.6328,0.383,0.7611,0.322,0.0762,4.66,20.47,46.478,0.962,23.82,5.84,30.085,43.683,0.0958,0.062,0.0205,0.0844,0.0917,0.104,0.0869,0.1013,4.3512,0.0809,0.0019,126.1908,0.0265,594.7998,0.0246,0.0111,0.05558368298675148,0.0191,74.8148,2.0845,0.0231,0.437,0.0357,2.1794,37.8656,40.5989,47.9936,0.0864,2.2662,0.0283,4.7607,0.0747,0.021,366.0386,221.5024,1658.0232,181.3615,0.0427,0.0372,0.0789,0.961,0.029,0.0268,0.2717,0.0426,0.1463,5.7143,0.095,8.9035,0.0214,1.429,5.6789,17.604,0.285,1.9175,1.9691,9.2115,15.5295,0.0269,0.0281,0.01,0.0387,0.0258,0.053,0.0453,0.0503,1.2073,0.0252,0.0006,37.3318,0.0087,169.7814,0.012480817664241103,0.0059,22.8862,0.5591,0.0073,0.1574,0.012,12.6744,0.7079,6.917,3.7141,7.6404,2.989,17.3514,15.6198,4.429,135.4115,2.6466,0.6801,2.0006,3.4359,56.7521,30.837,10.2278,4.811,3.2684,4.3221,36.5854,45.3527,1.8246,0.768,1.121,0.9876,0.1869,5.0657,7.4851,4.2005,5.8026,3.3638,3.2147,22.881,5.5431,9.42,6.8821,112.5373,4.2592,10.3011,50.366,328.4337,76.7327,258.3015,0.0,133.7621,296.8403,328.8961,59.9446,1.679,3.3797,0.1872,6.7574,13.98,0.0,47.4674,400.0,11.587817349778318,2.0166,9.3913,0.1154,3.5318,6.8541,1.5316,5.6896,80.842,17.88,1.16,8.2684,0.4606,82.6606,4.3873,1.4349,0.1732,0.0405,17.5662,6.532224914430652,0.1327476299706893,2.6606541580486347,0.05781845550351565,2.48527674863704,20.176766597041254,535.8736,1.5932,8.85,0.3014,3.2479,0.0852,1.6515,18.9182,0.0186,3.7038,0.0328,0.0235,71.5333
-1.0,2925.34,2184.8889,1.3378,106.69,1.4872,-0.0065,0.0066,203.9564,10.9891,416.8214,0.9547,194.2392,12.4333,1.4027,-4281.75,1521.25,0.9768,1.8888,5.0898,67.9111,2.0889,0.1674,86.2857,8.5855,63.9733,66.0928,86.8774,78.33,2.809,362.2627,141.9491,743.1864,1.2221,135.7418,639.9536,214.0912,4.601,4.847,2852.0,0.9238,-0.8045,361.3564,10.0101,121.1445,14.5072,20.8045,28.8009,714.3855,142.9455,625.4464,70.9087,0.0028,0.0341,-0.023,0.0106,0.0009,-0.0275,0.0175,7.0413,0.1389,0.9812,1745.0393,0.1923,9045.3498,0.0419,0.0102,0.0517,0.0461,0.4604,0.9448,762.3597,0.9908,59.0661,0.5968,0.9786,6.2911,15.96,3.438,15.97,15.97,0.9602,0.5944,3.191,0.0473,0.8162,2.3323,1008.6706,116.0,233.8,195.1,52.2002,187.3051,0.2247,0.23175000000000004,0.055,0.0537,0.0207,9.0399,7.845,6.025,0.02935,0.5,0.0279,522.0,78.0,0.135,0.066,0.248,2.5,0.096,0.8273,0.1027,0.4794,0.3367,0.5985,0.346,0.1116,3.79,21.23,31.456,0.839,25.94,5.78,36.262,96.41,0.1067,0.0723,0.1081,0.0366,0.1243,0.1226,0.0215,0.0591,3.0549,0.071,0.013699999999999999,72.5696,0.0348,613.7998,0.0184,0.0183,0.0175,0.0215,80.9286,2.6577,0.026,0.447,0.0415,4.1347,29.5719,85.8785,72.2014,0.0791,2.3862,0.08085,2.5575,0.1211,0.0077,249.892,296.9949,1427.8876,32.928,0.0594,0.0292,0.1126,0.8964,0.0358,0.0306,0.3069,0.0387,0.0927,6.1287,0.1003,9.0661,0.033,1.4043,6.1975,12.1717,0.2624,1.7565,2.4039,10.6073,29.2313,0.0297,0.0302,0.0486,0.0163,0.0315,0.0588,0.0105,0.0283,0.9403,0.0233,0.0046,20.705,0.0109,234.1669,0.0047,0.0061,25.9103,0.8836,0.0082,0.1453,0.0122,8.854,1.3974,5.3162,7.9922,7.7364,2.3891,20.6933,16.7956,16.1177,71.389,1.4455,3.05365,4.0215,1.9868,71.2559,5.1274,13.8213,3.4944,4.8725,3.6813,47.8723,54.9436,2.0648,0.9588,1.1967,0.7494,0.329,5.3166,6.5798,4.2136,9.136,2.7921,3.3174,14.6928,6.8238,8.3815,9.5093,178.8072,5.076,44.1802,135.9635,0.0,314.0065,159.4771,0.0,0.0,78.3242,337.2325,43.3859,2.3764,2.9719,1.3944999999999999,4.1586,18.1181,722.963,55.1432,0.0,3.7958,2.2709,10.6155,0.0786,4.4995,7.1047,1.7798,9.7755,78.34970230222015,16.827782900338075,1.253995013123306,7.7828449448067945,0.5137918846074572,77.86464765723639,4.162674344237471,1.592269982363738,0.0789,0.0226,8.3522,7.61,0.202,3.3742,0.0791,2.8272,25.3901,536.44,2.0978,6.78,0.3154,2.4335,0.0944,1.2639,15.0358,0.013,2.6201,0.0328,0.0235,71.5333
-1.0,3048.42,2167.9444,1.414,106.6033,1.4449,-0.0099,0.0037,198.1909,8.7002,418.7121,0.9558,188.5666,12.4965,1.4078,-4518.5,1380.5,0.9838,1.8847,5.1072,68.1889,2.7333,0.1882,85.1669,8.3324,64.154,66.2381,86.8346,77.63,3.385,356.3827,135.9536,731.7082,0.8962,136.1545,628.4909,111.6845,4.592,4.838,2847.0,0.9295,0.5791,355.1391,10.5433,116.5327,14.1427,19.4209,24.9563,706.7519,142.6764,614.3482,123.9643,-0.0294,0.0314,-0.0246,0.0108,-0.0126,-0.004,-0.0049,6.9589,0.132,0.9828,1881.3592,0.1806,8601.61,0.0877,0.0679,-0.038,0.0498,0.4624851177486141,0.9483,739.9763,0.991,58.4855,0.5965,0.9642,6.4485,15.97,3.673,15.99,15.98,0.9554,0.6479,3.521,0.0,0.7987,2.3375,1010.9003,84.0,139.9,124.3,64.7998,149.535,0.2209,0.1282,0.0905,0.0817,0.04285,4.3118,6.627,9.389,0.02935,0.25,0.0351,521.0,106.0,0.07,0.071,0.162,2.8,0.127,0.9912,0.2526,0.5231,0.2366,0.7471,0.797,0.0993,8.25,22.68,11.626,0.377,17.98,5.41,34.392,41.814,0.0837,0.0741,0.0755,0.0686,0.0737,0.0286,0.0704,0.1124,4.0393,0.0487,0.0054,97.2949,0.0368,1044.0,0.0132,0.0233,0.05062956110270608,0.0223,106.5253,3.1622,0.0347,0.4833,0.0285,2.8397,22.7541,43.9405,42.5049,0.0864,2.2662,0.0412,2.1358,0.0747,0.011,216.557,261.683,1406.0186,45.742,0.0299,0.029,0.0732,0.8609,0.0332,0.0395,0.3511,0.0985,0.0919,5.8077,0.2845,10.8669,0.0315,2.2059,6.2934,4.1939,0.1227,1.4366,1.6965,10.2042,14.4773,0.0251,0.0333,0.0337,0.031,0.0223,0.0121,0.0361,0.0513,1.3171,0.0142,0.0016,29.1934,0.0125,363.9425,0.014101209766927691,0.0071,33.5287,0.8858,0.013,0.1639,0.0105,9.3532,1.0814,3.8103,4.5893,4.6175,2.989,17.3514,15.6198,8.8723,76.1708,2.2424,3.05365,2.0006,2.4905,73.188,7.6784,7.1156,3.7671,3.172,4.1062,25.6098,51.5348,2.7241,1.1638,2.9167,0.8154,0.244,6.4004,7.8777,4.9226,11.0801,6.0593,3.6086,10.4097,5.2042,3.5757,10.9154,127.1325,4.8662,8.0003,33.7307,284.8756,93.7085,279.4297,681.2247,226.087,0.0,0.0,58.0458,2.7282,2.0187,0.5524,5.1715,20.3866,817.5439,32.6975,536.9863,11.261767659467573,2.3568,14.3958,0.1238,5.4069,7.4952,1.2172,7.1573,74.52,13.12,0.89,6.9061,0.3757,91.2521,3.2256,1.1943,0.588,0.0989,61.233,8.19,0.1733,3.4041,0.0741,3.2669,20.1722,536.6582,2.139,5.93,0.164,1.9173,0.0497,1.105,7.6681,0.0091,1.8266,0.0328,0.0235,71.5333
-1.0,2998.18,2171.3222,0.8066,107.17,1.5516,-0.0179,0.0036,200.3871,11.2628,418.6294,0.9734,190.8339,12.5602,1.4198,-4703.0,-1100.0,1.2708,2.0175,7.312,69.0222,2.4889,0.2053,85.513,8.7932,64.0127,66.1703,86.8489,63.93999999999998,1.1460000000000004,350.1727,132.0973,728.7162,0.9081,146.7009,628.9709,115.4726,4.625,4.848,2875.0,0.9346,-4.8145,351.5227,10.9009,107.2827,20.4645,24.8145,29.1285,699.5877,149.7009,608.5064,92.2068,-0.004,-0.0146,-0.0505,0.0194,0.0047,-0.0184,0.0397,5.9407,0.1406,0.9906,1761.5111,0.1908,8394.84,0.0052,0.0977,0.17079999999999998,0.0379,0.47294146597432385,0.9499,733.0623,0.991,58.2644,0.5973,0.9712,6.2781,15.96,3.438,15.97,15.97,0.9602,0.5944,3.191,0.0473,0.8162,2.3323,1008.6706,124.0,82.9,53.9,60.0,225.176,0.1026,0.0857,0.055,0.043,0.0088,9.9996,8.934,10.678,0.0079,0.33,0.0438,2060.5,1287.0,0.08,0.071,0.202,2.0,0.313,0.6977,0.0637,0.4922,0.214,0.7596,0.204,0.0502,6.53,9.63,9.566,0.272,13.8,3.91,22.824,71.611,0.0744,0.077,0.0354,0.0391,0.0851,0.0767,0.0905,0.1507,6.4968,0.0424,0.0013,128.8668,0.0253,1497.3003,0.0262,0.023,0.06010913893526956,0.019,138.7802,2.8167,0.0275,0.5716,0.0415,4.1347,30.9143,25.6244,16.2555,0.0389,2.2548,0.0291,2.9176,0.0952,0.0135,912.5788,195.4011,1968.682,612.4829,0.0421,0.0295,0.1076,0.7362,0.048,0.113,0.278,0.0247,0.0995,5.4046,0.0623,6.39,0.0162,2.1229,3.2399,3.6563,0.0857,1.1506,1.4465,7.0407,19.2413,0.0238,0.0315,0.0168,0.0167,0.0264,0.0386,0.0468,0.0649,1.9113,0.0137,0.0004,46.8103,0.0097,463.4206,0.01503817059053196,0.0057,41.8767,0.8267,0.0113,0.1889,0.0122,8.854,1.3974,5.6618,2.765,2.0604,2.7633,23.2963,12.7253,5.5234,79.3229,2.5507,0.8158,2.6273,3.0828,73.1023,117.0,6.2955,3.5192,2.7626,2.8976,56.25,69.1558,9.1732,0.8159,0.724,0.7689,0.2136,4.6377,6.8132,3.1347,5.5324,4.4512,1.5311,8.2842,4.6975,2.4952,5.9283,67.4337,3.2625,13.7436,77.6635,0.0,143.9252,77.4257,437.9543,0.0,491.8478,379.3581,107.56075,2.1334,1.7556,0.1338,7.3157,13.2654,380.1653,68.0628,350.4762,13.721140192292244,2.0049,18.9316,0.1023,4.8344,9.1052,1.7798,9.7755,80.572,14.5,1.85,6.3185,0.777,114.8239,3.5485,2.2961,0.7272,0.143,71.0573,8.18,0.1155,2.9816,0.0476,3.2347,15.0671,533.9782,2.3449,6.0,0.2947,2.2157,0.0825,1.1236,12.566,0.0178,3.567,0.0111,0.0294,255.5817
-1.0,3032.45,2172.4,1.2614,102.4522,1.4266,-0.0146,-0.0023,203.8276,12.125,412.2903,0.9715,195.3092,12.4871,1.4131,-2818.75,1467.75,0.9888,1.8953,5.169,68.3333,3.0111,0.1984,85.2601,8.5779,64.1459,66.183,86.6492,63.93999999999998,5.019,356.2764,134.1264,738.7932,1.344,148.1173,638.52,202.1121,4.637,4.836,2881.0,0.934,-0.0964,356.4127,10.5928,114.03,17.4191,20.0964,28.2487,710.5445,150.6582,621.1009,70.6809,-0.0174,0.0279,-0.0316,-0.0111,-0.0038,-0.0257,-0.0145,6.7334,0.1351,0.9882,1729.1412,0.1889,8919.15,-0.0074,0.0363,0.0449,0.0119,0.4738995104852589,0.9357,753.0458,0.9911,58.1528,0.5948,0.9781,6.2503,15.96,3.438,15.97,15.97,0.9602,0.5944,3.191,0.0473,0.8162,2.3323,1008.6706,86.0,106.7,228.3,50.0,256.652,0.2666,0.147,0.095,0.0875,0.0096,8.5943,12.782,8.104,0.0089,0.27,0.0319,349.0,61.0,0.073,0.069,0.187,3.2,0.117,0.8687,0.0754,0.6137,0.3693,0.7476,0.221,0.1191,6.49,22.32,30.932,0.332,28.42,5.32,28.247,89.338,0.1344,0.09,0.069,0.0124,0.16685000000000003,0.0999,0.0482,0.0774,4.3398,0.0334,0.0026,93.6949,0.0261,1905.7998,0.009,0.0123,0.04965637575587328,0.0212,174.8159,2.6272,0.0259,0.4769,0.0415,4.1347,23.9386,30.7354,75.0455,0.0814,1.9275,0.049,3.5796,0.0784,0.0093,158.2516,332.0281,2160.2287,33.8366,0.0346,0.0284,0.0899,1.1608,0.0179,0.0346,0.3207,0.0304,0.1053,6.354,0.0736,6.9108,0.0394,2.4873,6.8967,9.3273,0.1107,1.7057,2.5184,8.8689,25.4621,0.0338,0.0391,0.0299,0.0058,0.0485,0.0538,0.0242,0.0377,1.487,0.0127,0.0008,30.2974,0.0085,566.8114,0.01212343253100626,0.0074,51.6257,0.9233,0.0106,0.1474,0.0122,8.854,1.3974,3.888,3.5186,9.2982,2.3016,22.3485,21.1352,10.3044,105.4185,1.9656,0.9117,2.1622,2.2561,157.6231,4.156,7.3831,3.6407,3.6177,4.6829,29.8893,23.1803,2.5115,1.0189,0.879,0.9567,0.1852,5.1477,5.5619,3.2902,8.8611,4.3817,3.4956,15.3044,4.6095,3.1342,5.0425,163.1542,3.9754,25.7755,126.3962,770.4765,263.5432,39.2405,0.0,0.0,187.7313,533.7931,64.4513,2.812,1.397,0.2581,5.4186,13.8043,0.0,61.8847,943.5897,11.688362575645774,2.2615,23.2145,0.0822,4.5177,7.6303,1.7798,9.7755,73.666,14.05,0.83,6.4251,0.3276,50.5779,3.4712,1.1267,0.1661,0.0403,17.045,6.3497282562647905,0.15679591946835988,2.6096927416018243,0.06438811761334759,2.4264203196446417,20.405135629806068,532.5291,2.0436,6.81,0.2148,2.4342,0.0761,1.2788,10.5119,0.0135,2.6869,0.0111,0.0294,255.5817
-1.0,2986.5,2236.0667,1.4834,98.6889,1.5456,-0.0208,0.0168,197.6831,9.5598,410.603,0.9708,187.1395,12.4849,1.3934,-3685.5,-238.0,1.2868,2.0103,7.33,68.7333,2.5111,0.2094,86.5513,8.8043,64.056,66.2008,86.7995,63.93999999999998,5.041,354.2964,130.4045,724.7419,0.9743,140.1491,624.85,122.6096,4.6,4.859,2858.0,0.9314,0.34,355.0009,10.5705,110.7445,14.062,19.66,22.3647,702.3772,146.6773,612.4227,126.9037,-0.0014,-0.0294,-0.0604,0.0135,0.0235,-0.0143,-0.0131,7.6984,0.1368,0.9852,1784.2011,0.1927,8303.47,-0.0272,0.0716,-0.0323,0.0069,0.4632,0.9352,722.202,0.9904,59.0911,0.605,0.9647,6.391,15.96,3.523,15.98,15.95,0.9554,0.5781,3.264,-0.9461,0.7527,2.3323,1010.1773,74.0,90.1,78.4,50.2998,236.256,0.3646,0.0713,0.0508,0.0599,0.0092,7.3974,6.184,11.759,0.0073,0.3,0.0561,1245.0,1360.0,0.115,0.073,0.089,2.8,0.562,0.6332,0.0727,0.5321,0.4456,0.8126,0.497,0.0938,9.63,11.92,37.455,1.5694999999999997,13.67,11.69,26.875,87.565,0.0483,0.0514,0.0421,0.025,0.033,0.1341,0.0959,0.0396,3.2361,0.0828,0.0016,116.1683,0.038,843.5005,0.0135,0.0167,0.0153,0.0243,104.6053,3.0187,0.0262,0.5719,0.0311,3.8256,20.347,27.0406,26.4303,0.1156,1.4749,0.0224,1.8455,0.0849,0.0162,552.0163,217.0246,662.7486,583.0254,0.0486,0.0308,0.0416,0.8559,0.0484,0.1675,0.2673,0.033,0.1135,5.2238,0.1656,6.6974,0.0263,2.5408,3.5853,9.7477,0.4495,3.255,2.8708,9.1656,30.1424,0.0116,0.026,0.0188,0.0114,0.0098,0.0626,0.0504,0.0168,1.0553,0.0246,0.0005,41.4879,0.012,298.7206,0.0049,0.0065,35.4861,0.9486,0.0088,0.1917,0.0098,11.4499,1.1147,3.5746,3.0169,3.1396,2.2495,14.0613,24.5801,4.6131,64.6874,2.8638,0.7479,2.4029,4.0239,39.1263,571.4286,8.9372,3.6314,1.2142,4.0737,67.6991,82.122,16.4013,0.7316,0.8254,0.8307,0.1527,4.8349,15.7433,2.8617,9.6287,6.8713,1.9077,30.5482,6.2692,15.138300000000001,17.537999999999997,97.2124,3.8263,32.2501,69.0011,0.0,130.2915,41.425,245.2392,571.855,670.6294,302.8681,42.0356,3.2905,3.4584,0.1622,6.5109,19.711,905.7627,54.6154,644.1558,3.3066,2.5995,14.4842,0.0918,5.1085,8.9484,1.3313,9.9265,77.51502750540195,16.22098148969442,1.262843360496103,7.230218783475332,0.49061729022558453,47.363412382107676,4.020484183719954,1.610663031426557,1.0099,0.1946,84.7564,8.49,0.2117,3.3174,0.0929,3.3742,24.0364,533.1246,2.1672,9.43,0.2236,3.2845,0.0726,1.7688,10.3164,0.0151,3.0496,0.0106,0.0277,255.5817
-1.0,2939.6,2233.1556,1.5188,102.6611,1.3575,-0.0252,-0.0028,197.8719,10.3628,406.8315,0.9606,188.277,12.5302,1.4266,-2905.75,1465.0,1.0092,1.8693,5.0295,66.2778,3.1444,0.2121,85.2601,8.5779,64.1459,66.183,86.6492,63.93999999999998,5.019,356.0418,140.5264,736.6612,0.8828,134.9773,631.5455,123.8397,4.617,4.868,2843.0,0.929,1.5127,352.9536,10.2854,122.0391,11.6015,18.4873,23.5326,713.1285,146.19,621.1827,64.7872,-0.0262,-0.0083,-0.0179,0.0229,-0.0037,-0.022,0.0062,6.5458,0.1406,0.99,1744.9379,0.204,8666.5399,-0.0169,0.0084,0.1067,0.0235,0.4667954160858092,0.9634,720.4036,0.9914,59.4696,0.5972,0.9668,6.2841,15.96,3.438,15.97,15.97,0.9602,0.5944,3.191,0.0473,0.8162,2.3323,1008.6706,98.0,150.2,122.6,57.2,179.682,0.2158,0.1129,0.0701,0.0795,0.017,5.3369,6.802,9.251,0.0176,0.35,0.0496,564.0,150.0,0.166,0.125,0.155,2.9,0.108,0.8687,0.0754,0.6137,0.3693,0.7476,0.737,0.077,7.98,23.85,23.662,0.369,20.69,3.86,34.292,73.504,0.0842,0.10470000000000002,0.0317,0.0455,0.0945,0.0739,0.0748,0.0837,6.471,0.0747,0.001,59.1705,0.0721,1683.3003,0.0346,0.0304,0.05639479475118278,0.0215,154.4612,3.2161,0.0236,0.4176,0.0415,4.1347,22.9337,48.3613,42.5701,0.0704,2.1585,0.033,2.2445,0.0947,0.0143,251.4165,347.3071,1069.9419,62.6791,0.0678,0.0528,0.0829,0.9244,0.0174,0.0371,0.3207,0.0304,0.1053,6.4961,0.2559,10.6519,0.0246,2.6124,7.2849,8.0646,0.1151,1.283,1.5352,11.2468,25.7209,0.0239,0.0455,0.0164,0.0219,0.0249,0.0339,0.0411,0.0425,2.0866,0.0227,0.0003,21.9815,0.0223,558.7578,0.011690284537933058,0.0082,49.5902,0.818,0.0094,0.1387,0.0122,8.854,1.3974,4.4688,5.1095,4.8246,2.5614,12.5214,14.2082,8.3167,65.6385,2.2739,1.8291,2.7933,3.4754,79.3943,10.2389,16.4479,6.6872,3.0818,4.3755,19.0813,25.4584,2.3528,1.0189,0.879,0.9567,0.1852,5.8785,8.7386,4.7214,8.7184,5.9121,3.7765,19.107,6.0034,3.5876,11.0293,178.3391,4.8087,23.2458,113.4545,320.7619,364.2753,254.5455,412.6638,0.0,340.7745,0.0,98.8571,2.4885,3.1469,0.1055,3.391,35.3398,0.0,40.4669,0.0,11.791088085154241,2.2279,21.4409,0.0772,5.408,6.646,1.7798,9.7755,74.424,19.57,0.79,8.8205,0.2974,40.5986,4.7647,1.0615,0.7933,0.1494,84.391,6.444108707162063,0.16078945460564428,2.6656000318807385,0.06366113901018502,2.455511957106808,20.945574368790133,535.91,2.0366,7.38,0.2043,2.5395,0.0758,1.3771,10.0313,0.0114,2.2987,0.0106,0.0277,255.5817
-1.0,3041.23,2183.5,1.3593,104.4156,1.5283,-0.0027,0.0095,204.7282,9.1652,426.3737,0.9715,195.0885,12.5906,1.42,-4359.25,2389.75,1.3277,1.9795,7.314,66.7556,0.9666999999999999,0.07170000000000004,86.6785,9.0121,64.0904,66.94045000000003,86.6797,79.05,3.395,364.4855,159.8082,775.44425,1.1546,136.5618,660.8554,197.8784,4.606,4.869,2845.0,0.9288,-13.713149999999999,355.0845,10.3613,119.8155,28.095450000000003,33.141349999999996,42.99620000000001,714.1834,151.3764,626.2764,171.74984999999998,-0.0171,-0.0099,-0.0919,0.0083,0.0094,-0.0188,-0.0169,8.3009,0.1308,0.9903,1805.4202,0.2048,8885.47,-0.0404,0.0112,0.1206,-0.033,0.465,0.9492,727.6517,0.9908,59.0341,0.5978,0.9769,6.1787,15.97,3.673,15.99,15.98,0.9554,0.6479,3.521,0.0,0.7987,2.3375,1010.9003,86.0,166.2,180.6,41.4001,369.481,0.1662,0.0754,0.0961,0.0965,0.0151,4.9767,7.001,7.422,0.0121,0.4,0.0339,263.0,491.0,0.111,0.113,0.262,5.4,0.535,0.7555,0.1141,0.6073,0.3622,0.6522,0.267,0.1135,10.91,24.65,72.058,0.522,20.22,8.46,34.038,54.736,0.1,0.0774,0.0292,0.0287,0.087,0.0405,0.1001,0.038,4.9834,0.0425,0.0012,186.4711,0.0345,878.6006,0.0115,0.0193,0.0149,0.0149,127.1123,2.1837,0.0307,0.4652,0.0285,2.8397,23.8115,61.9274,71.2549,0.0538,2.7493,0.028,2.4561,0.1066,0.0122,116.8286,236.4861,581.4014,210.9366,0.0517,0.0545,0.1164,1.7003,0.0626,0.1785,0.2843,0.0449,0.1165,5.4082,0.106,7.3131,0.0322,4.0037,7.8505,19.9077,0.1277,3.1153,3.5409,10.2376,16.5788,0.0323,0.0329,0.0121,0.0122,0.0239,0.0176,0.0512,0.017,1.5441,0.0153,0.0003,59.6829,0.0103,296.5381,0.0046,0.0047,38.2475,0.653,0.0114,0.1559,0.0105,9.3532,1.0814,3.8559,5.4649,7.2593,1.896,33.6197,12.2234,4.9335,76.3869,1.7407,1.2405,3.177,2.3873,28.6976,20.5461,8.36,5.7085,3.5822,7.862050000000002,127.49480000000001,159.51774999999998,14.7944,0.8716,1.2662,0.9476,0.1852,4.8205,4.4491,3.2189,9.8317,7.9891,3.73,36.4153,7.6113,5.038,9.6816,58.4748,4.766,7.7423,26.4207,585.4372,132.4775,31.2466,0.0,429.7082,531.0345,224.1888,60.0346,2.2167,1.7473,0.1171,10.3284,16.8368,0.0,58.9474,0.0,3.1947,1.5719,17.4688,0.0649,3.6991,7.5293,1.2172,7.1573,78.688,17.9,1.08,8.2495,0.4408,103.6208,4.4363,1.3725,0.1226,0.0349,12.6436,3.98,0.1132,1.5909,0.046,1.501,18.0603,529.3191,2.0905,11.25,0.3431,3.6888,0.1043,2.1254,16.4111,0.0155,3.074,0.0106,0.0277,255.5817
-1.0,3072.21,2214.9333,1.0203,100.4456,1.4403,-0.0169,0.0213,198.1072,8.8626,404.9777,0.9732,187.5109,12.3865,1.4293,-6375.125,1396.5,0.9868,1.8828,5.0768,64.1,2.9,0.2097,86.0222,9.2016,64.0447,66.94045000000003,86.8786,76.88,2.483,364.2873,136.5273,741.7173,1.3476,140.8455,641.66,241.6322,4.597,4.855,2907.0,0.9261,0.0855,361.5591,10.3441,116.6127,19.53,19.9145,29.085,712.6323,143.9582,622.13,69.3475,-0.0169,-0.0187,-0.0631,0.0022,0.012,-0.0163,0.0162,6.7391,0.132,0.9901,1845.3986,0.1716,8967.2999,0.0186,-0.0074,0.0266,0.0162,0.4324109717666633,0.9414,771.9307,0.9908,58.8843,0.614,0.9607,6.454,15.96,3.523,15.98,15.95,0.9554,0.5781,3.264,-0.9461,0.7527,2.3323,1010.1773,90.0,219.2,228.2,54.5,221.54,0.1771,0.1277,0.0691,0.0643,0.0202,7.5278,5.635,11.865,0.0104,0.45,0.0525,419.0,98.0,0.119,0.082,0.125,2.2,0.175,0.7804,0.1175,0.717,0.3938,0.7503,0.663,0.1479,9.11,14.87,41.309,0.732,16.62,9.49,20.487,75.314,0.0793,0.04,0.0389,0.0704,0.16685000000000003,0.0831,0.0801,0.1049,3.7887,0.0792,0.0009,100.6088,0.047,873.8994,0.0111,0.0088,0.04186291270745479,0.0219,73.7764,1.5826,0.0218,0.4424,0.0311,3.8256,27.114,67.8906,75.1106,0.0587,1.6772,0.0437,1.5742,0.1149,0.0205,178.3153,259.4306,5823.189049999999,40.8371,0.0517,0.036,0.0588,0.7953,0.0295,0.054,0.3028,0.0548,0.0715,6.0653,0.2274,5.0693,0.0438,2.4549,3.969,12.8388,0.2167,3.0124,3.4155,5.4731,22.1716,0.0222,0.0169,0.0172,0.0351,0.0428,0.0461,0.0449,0.0567,1.355,0.0268,0.0004,33.5258,0.0127,301.7122,0.012984085926149738,0.0091,27.0287,0.4287,0.0065,0.1577,0.0098,11.4499,1.1147,4.0938,7.1349,8.7412,2.4606,13.3161,17.36,8.8663,63.5815,2.9298,1.066,3.633,3.6716,187.8323,7.0175,12.0598,4.3553,2.4622,3.4321,37.931,42.4483,3.7771,0.9072,1.2773,1.1195,0.2709,4.5651,11.5654,2.4334,10.9776,6.4681,2.3174,17.0958,2.5012,7.0765,6.0285,85.0998,2.8748,27.2865,108.6038,468.884,106.8091,111.4806,0.0,693.9457,492.9231,647.5309,56.2197,3.0295,3.3954,0.0916,5.4519,27.4111,0.0,77.6014,0.0,11.227657031813381,2.3263,9.5574,0.0524,2.6876,6.8553,1.3313,9.9265,81.05,20.19,1.15,9.1604,0.4833,28.6963,4.9623,1.4189,0.5292,0.0928,43.8076,11.45,0.1228,4.532500000000001,0.0504,4.2926,18.9062,537.1036,1.9971,7.0,0.3406,2.1819,0.1139,1.3033,17.0534,0.0139,2.7602,0.0211,0.0106,50.065
-1.0,3017.87,2217.8667,1.5487,105.2933,1.467,-0.0088,-0.001,203.1983,9.5055,419.3469,0.9774,193.4953,12.5018,1.4247,-6375.125,-2992.0,1.2692,2.0005,7.3498,68.4111,2.0889,0.1567,86.6785,9.0121,64.0904,66.94045000000003,86.6797,79.05,3.395,355.5555,132.6209,729.9045,1.4107,141.6409,629.8173,232.5502,4.609,4.842,2848.0,0.9288,3.65,353.8055,10.4095,116.2709,12.1743,16.35,23.5578,706.3466,149.0009,619.0773,79.5691,0.0384,-0.0185,-0.0856,0.0215,-0.0191,-0.0316,-0.0254,8.3685,0.1388,0.97,1804.9217,0.2288,8672.8999,-0.0302,0.0335,0.0685,-0.1221,0.4617,0.9301,745.5714,0.9913,56.9856,0.5982,0.9707,6.2957,15.97,3.673,15.99,15.98,0.9554,0.6479,3.521,0.0,0.7987,2.3375,1010.9003,78.0,130.3,115.2,46.6001,196.969,0.3835,0.0779,0.0953,0.0946,0.008,5.5756,5.912,12.638,0.0065,0.3,0.0495,2029.0,3244.0,0.08,0.069,0.229,3.4,0.439,0.7555,0.1141,0.6073,0.3622,0.6522,0.452,0.1308,7.23,21.19,71.588,0.388,16.56,4.57,35.383,89.863,0.084,0.1,0.0353,0.0187,0.0855,0.0444,0.0891,0.0482,2.6714,0.0728,0.0029,59.1167,0.1254,534.3994,0.0173,0.0215,0.019,0.0148,70.303,4.4093,0.0208,0.4442,0.0285,2.8397,23.1547,44.9115,42.3129,0.1155,1.7522,0.0281,1.8972,0.0843,0.0184,845.7308,166.6753,3104.0387,1676.5915,0.0351,0.0316,0.1173,1.0775,0.0649,0.145,0.2843,0.0449,0.1165,5.7741,0.1284,10.6621,0.0422,2.1559,6.9419,19.4826,0.1132,1.4294,1.7309,10.9623,34.353,0.0247,0.0425,0.0163,0.008,0.0252,0.0213,0.0478,0.0239,0.8437,0.0229,0.0009,19.5296,0.0374,207.2642,0.0057,0.0042,23.5061,1.4481,0.0069,0.1467,0.0105,9.3532,1.0814,3.6192,4.3176,4.6689,2.1011,15.4474,24.7664,5.3102,62.1959,3.0137,0.6632,2.3996,3.4757,100.9912,108.4225,6.3029,3.4491,3.1158,4.97,114.8936,120.0,12.4386,0.8716,1.2662,0.9476,0.1852,5.3016,8.7543,4.8727,9.269,5.1045,3.3645,30.7839,5.6434,3.7274,10.1487,136.0243,5.0093,42.8343,112.9371,218.5366,168.9189,21.8458,398.0215,232.7654,281.5166,189.5772,31.922,2.0475,3.0038,0.3007,3.2753,63.31987047269746,441.0256,46.2312,0.0,4.1212,1.5863,9.4294,0.0916,7.7376,7.0562,1.2172,7.1573,78.458,17.16,0.69,7.2258,0.2621,92.9874,4.2602,0.8794,0.5292,0.0928,43.8076,9.46,0.2174,3.5573,0.0884,3.7796,25.9637,533.0691,1.9841,8.49,0.1374,2.995,0.0414,1.5927,6.9274,0.0101,2.0215,0.0211,0.0106,50.065
-1.0,3119.97,2184.8889,1.3378,106.69,1.3984,-0.0108,0.01,197.0908,9.8886,405.6852,0.972,187.8074,12.4655,1.3991,-3437.5,1397.0,0.9892,1.8885,5.1143,68.5444,2.7222,0.1809,86.4541,8.5687,64.0072,66.3241,87.032,79.03,3.186,351.4509,125.7391,711.145,1.0542,138.7782,615.9682,49.1634,4.599,4.825,2811.0,0.9354,5.1,348.0564,10.5495,110.8391,9.0415,14.9,20.5007,690.6443,150.0673,608.9627,67.189,-0.0046,0.0214,-0.0313,-0.0011,-0.0082,-0.025,0.011,6.9577,0.1389,0.9812,1745.0393,0.1842,9051.1101,-0.0046,0.0781,0.039,-0.0601,0.48515713876982014,0.9449,768.4587,0.9909,59.2481,0.5988,0.9764,6.4297,15.96,3.438,15.97,15.97,0.9602,0.5944,3.191,0.0473,0.8162,2.3323,1008.6706,86.0,217.6,206.6,52.2002,187.3051,0.2247,0.1056,0.0614,0.0693,0.0072,7.2596,9.471,6.386,0.0078,0.27,0.0413,348.0,125.0,0.122,0.054,0.259,2.3,0.147,0.7108,0.0714,0.4659,0.4023,0.7245,0.652,0.1332,6.39,20.22,23.658,0.268,13.37,5.72,30.205,122.69,0.0846,0.0551,0.0794,0.1134,0.16685000000000003,0.0765,0.0476,0.0785,3.9243,0.0334,0.013699999999999999,72.5696,0.0283,604.9004,0.0143,0.0147,0.04910599358752546,0.025,66.3286,2.1503,0.0123,0.4905,0.0415,4.1347,23.9386,80.6237,80.9224,0.0791,2.3862,0.031,2.5228,0.0655,0.0139,150.2362,333.144,560.5655,53.6967,0.0525,0.0254,0.1109,0.8368,0.0307,0.0472,0.2833,0.0273,0.1231,6.7454,0.1928,8.5441,0.0434,1.7355,6.3104,6.3742,0.0805,1.6452,1.7389,9.3511,34.5245,0.0245,0.0261,0.0362,0.0536,0.0485,0.0365,0.0273,0.0425,1.1704,0.0127,0.0046,20.705,0.0095,233.8994,0.01580568413943809,0.0075,25.0515,0.5387,0.0041,0.1603,0.0122,8.854,1.3974,3.888,6.9744,8.7062,2.3891,20.6933,16.7956,7.5514,95.7766,1.5741,0.8043,2.166,2.9548,37.7309,8.9477,12.3326,2.8594,5.0643,3.3555,36.7347,52.5184,3.1666,0.8222,0.8327,0.7279,0.2039,6.0435,7.4281,3.9299,12.6315,4.6045,3.2826,48.1212,6.6344,2.5404,7.7319,147.8732,4.3734,47.129650000000005,172.49815,0.0,618.59025,362.0112,0.0,927.2727,190.4,712.0181,56.4015,2.3764,1.397,1.3944999999999999,4.1586,15.3875,933.3333,28.7179,542.8571,11.504043886929418,2.6486,8.6314,0.0953,3.6293,7.6284,1.7798,9.7755,76.74869155045721,16.80119016988481,1.2279710019661625,7.490904628877527,0.5180671911260404,84.63740968824604,4.169326728840164,1.5933134323150238,0.1888,0.049,19.4765,11.969999999999999,0.2236,4.532500000000001,0.0919,4.638249999999999,24.7241,534.8727,2.3094,6.16,0.3263,2.1682,0.089,1.1517,14.1281,0.0103,2.0667,0.0211,0.0106,50.065
-1.0,2793.085000000001,2171.3222,0.8066,107.17,1.5166,-0.0118,-0.006,197.9391,10.6315,416.4355,0.9718,189.1232,12.4706,1.416,-3577.0,7084.9583,1.2942,2.0088,7.379,69.5222,2.4333,0.2066,84.7007,8.7283,63.9335,66.2469,86.6108,63.93999999999998,5.041,363.4173,131.1545,730.1314,1.3355,139.7336,634.3054,202.8727,4.622,4.872,2846.0,0.9258,2.4673,359.4755,10.3632,113.6218,18.4718,17.5327,25.252,704.8794,142.7364,615.8336,72.1694,0.0157,0.0048,-0.0244,-0.0045,-0.0968,-0.056650000000000006,0.0165,7.2373,0.1274,0.9684,1831.0383,0.2021,8986.2101,-0.1106,-0.0856,0.1541,-0.0576,0.46104201303694803,0.9439,772.8801,0.9908,59.1388,0.5878,0.9653,6.3479,15.91,3.529,15.92,15.93,0.9791,0.5709,3.138,1.939,0.7713,2.3453,1005.49,89.0,215.8,166.9,60.0,225.176,0.1026,0.0908,0.0548,0.0709,0.0184,6.6021,7.058,19.742,0.0135,0.21,0.0419,918.0,7657.0,0.033,0.082,0.053,3.0,0.746,0.5116,0.0342,0.7034,0.4111,0.6583,0.423,0.1296,3.97,23.34,67.015,0.488,24.03,3.98,33.888,71.688,0.086,0.042,0.0476,0.0553,0.0978,0.0541,0.0487,0.0874,4.9625,0.0392,0.0083,161.2686,0.1254,1332.2998,0.0148,0.0191,0.03849186382762698,0.0178,135.0882,2.5131,0.0201,0.447,0.0476,3.6529,26.8857,69.4137,55.2833,0.0389,2.2548,0.0276,2.578,0.0585,0.0118,387.8028,194.9709,645.7306,5414.3166,0.0151,0.0342,0.0235,1.0497,0.0473,0.2377,0.2085,0.0153,0.0919,5.4168,0.1433,9.2151,0.0426,1.4586,6.8937,16.9782,0.1447,1.4336,2.1688,10.0517,22.6429,0.0233,0.019,0.0241,0.0268,0.0243,0.0261,0.021,0.0457,1.8077,0.0131,0.003,48.9508,0.0374,481.2847,0.012607816140050243,0.0056,46.6236,0.7416,0.0066,0.155,0.0157,6.5206,1.1477,4.1794,7.8666,6.3835,2.7633,23.2963,12.7253,5.9871,66.3879,4.7407,1.3864,1.684,2.9626,40.4249,84.9504,2.5497,4.0821,0.7183,4.3152,82.1918,70.199,22.1248,0.604,0.3919,1.1002,0.6795,5.0355,6.1912,4.454,9.7009,2.8411,3.6796,33.033,5.6328,4.709,8.4227,130.0906,4.8076,24.8927,99.333,548.6443,48.597,227.1047,0.0,55.8884,85.664,528.0967,68.569,1.2557,1.6191,0.8591,8.8075,63.31987047269746,0.0,53.092,669.5652,8.601842120919745,1.8857,17.4785,0.0745,4.2495,7.0423,2.0308,10.5371,77.9514257703845,17.220042179586546,1.2854182290771974,7.896439188798053,0.5186801075225334,63.244295578934775,4.240673394908176,1.6189595050912522,0.0789,0.0226,8.3522,9.31,0.1272,3.7477,0.0513,3.483,19.5113,530.5964,2.0289,12.06,0.1271,3.9632,0.0469,2.2729,6.2639,0.013,2.5905,0.0211,0.0106,50.065
-1.0,3068.56,2171.3222,0.8066,107.17,1.5316,-0.0214,-0.0073,203.8259,11.7855,411.4437,0.9665,195.3014,12.5218,1.387,-2585.0,-558.5,1.2833,1.992,7.2515,66.9,2.5444,0.2118,85.2505,8.7812,64.0886,66.1006,86.6597,79.07,3.103,366.8291,147.69,758.1342,1.233,134.7145,649.2336,201.3835,4.67,4.931,2836.0,0.9217,-2.6673,369.2536,9.7782,125.0227,11.7536,22.6673,31.016,727.1182,144.6218,638.8982,78.5965,0.0153,-0.0307,-0.0433,0.0056,-0.0919,-0.0315,0.041,7.6847,0.1274,0.9863,1739.5951,0.193,8427.51,-0.0278,0.0642,-0.025,-0.0091,0.4625,0.946,716.0681,0.9904,58.2302,0.5913,0.9793,6.3268,15.94,3.208,15.97,15.95,0.9602,0.5451,3.195,0.2365,0.8207,2.3414,1018.1556,127.0,203.0,164.9,60.0,225.176,0.1026,0.1304,0.0647,0.0586,0.009,7.6189,7.196,16.493,0.0103,0.26,0.0316,458.0,2100.0,0.126,0.109,0.267,1.6,0.443,0.7017,0.0929,0.3964,0.3561,0.7394,0.204,0.1085,5.89,19.76,95.152,0.767,24.41,3.28,34.474,50.77,0.0879,0.0488,0.0328,0.0913,0.0881,0.0754,0.0932,0.1009,5.037,0.1074,0.0008,75.0157,0.0198,462.0,0.0112,0.0129,0.0238,0.0195,62.8563,3.3354,0.0205,0.486,0.0357,2.4614,31.9929,72.3048,53.2141,0.0389,2.2548,0.0465,3.0207,0.0743,0.0098,192.1586,201.6647,1589.2755,907.5996,0.058,0.0495,0.1266,0.5268,0.0263,0.1495,0.2774,0.0383,0.1054,5.6513,0.0625,9.4746,0.0312,1.9419,5.8063,30.7429,0.2685,1.0408,1.5068,10.2995,18.2516,0.0237,0.0228,0.0151,0.0442,0.0227,0.0425,0.0471,0.0532,1.7035,0.0311,0.0003,24.794,0.0058,163.6037,0.0062,0.0063,19.9419,1.1104,0.0074,0.1627,0.0106,8.7276,0.9224,5.7953,6.6155,6.9769,2.7633,23.2963,12.7253,8.514,61.0578,4.0086,1.0689,2.0764,2.2797,138.9942,376.0072,9.8188,5.4719,3.682,2.3916,58.952,34.4701,13.2476,0.8231,1.0578,0.6185,0.208,4.7924,6.6626,4.2393,8.797,4.3722,3.0436,47.2492,5.5634,7.844,8.9904,207.6812,4.7412,8.6159,64.5958,573.3388,44.0036,210.6113,0.0,82.0234,296.3434,245.9476,65.5457,1.962,4.5618,0.0782,4.3123,10.2474,0.0,65.9039,544.9275,5.1514,2.0615,8.778,0.1024,5.728,7.6816,1.5249,6.9376,80.202,17.76,2.02,7.4279,0.8794,146.2962,4.3889,2.5186,0.5058,0.0834,50.2702,6.46,0.1604,2.3423,0.0644,2.5615,26.3986,531.0918,2.0267,10.63,0.2834,3.8436,0.1207,2.0015,13.981,0.0152,3.0241,0.0211,0.0106,50.065
-1.0,3022.04,2214.9333,1.0203,100.4456,1.4955,-0.0222,0.0132,198.0752,10.5264,415.4112,0.973,187.547,12.4333,1.397,-5376.5,1524.0,0.993,1.8808,5.0977,69.2667,2.1778,0.1696,85.4112,8.6005,64.0546,66.1606,86.6618,77.69,1.1460000000000004,355.8018,132.6236,728.8042,1.3819,141.7036,630.1291,235.2084,4.592,4.838,2847.0,0.9295,3.8,354.9045,10.4725,116.4236,15.4709,16.2,22.7395,706.0647,143.33,614.6582,95.55,-0.0018,0.0193,-0.0767,-0.004,-0.0005,-0.0192,-0.0005,7.2223,0.1366,0.99,1805.1722,0.1528,8419.82,0.0528,-0.0205,0.0177,-0.15,0.459,0.9664,727.0502,0.9913,57.3819,0.6035,0.9629,6.3856,15.96,3.523,15.98,15.95,0.9554,0.5781,3.264,-0.9461,0.7527,2.3323,1010.1773,144.0,83.9,56.6,54.5,221.54,0.1771,0.0756,0.0476,0.0401,0.0216,8.2624,8.207,11.39,0.0112,0.5,0.0515,638.0,119.0,0.153,0.079,0.303,3.0,0.247,0.9607,0.1188,0.5322,0.2887,0.7379,0.656,0.1443,7.07,22.81,54.867,0.602,21.39,3.97,32.563,43.107,0.074,0.0401,0.0221,0.0124,0.0549,0.144,0.0899,0.0663,2.946,0.082,0.0011,117.6033,0.0279,1851.5005,0.0238,0.0251,0.0167,0.029,189.9001,1.259,0.0296,0.5682,0.0311,3.8256,34.7928,29.3509,19.1192,0.0587,1.6772,0.0271,2.0947,0.1211,0.0168,284.5089,262.8363,3010.939,48.7647,0.0633,0.0355,0.1346,0.9247,0.0292,0.0696,0.3688,0.0459,0.1072,5.8848,0.2106,10.5806,0.0403,2.4208,6.764,17.7159,0.2004,1.223,1.3328,10.4421,15.829,0.018,0.0193,0.0097,0.0054,0.0156,0.0669,0.0468,0.0312,0.9392,0.0258,0.0004,33.9099,0.0084,596.9518,0.0048,0.0097,62.1339,0.3965,0.0084,0.1829,0.0098,11.4499,1.1147,6.5413,2.7763,2.2796,2.4606,13.3161,17.36,5.0553,77.9661,2.7419,1.152,4.0215,3.6872,126.6437,7.8084,15.4079,4.2005,5.9438,4.3311,36.7347,67.2346,5.3237,1.1248,1.3818,0.8309,0.1803,5.3991,9.214,4.8832,10.4448,4.9893,3.6199,23.327,5.2042,5.7484,8.2372,138.2595,4.6119,7.4505,45.1146,0.0,118.3764,16.1669,0.0,0.0,468.2292,0.0,40.7904,3.2208,3.4156,0.1088,6.5148,18.2488,0.0,46.473,0.0,3.6473,3.0047,26.1193,0.0541,2.1941,8.8989,1.3313,9.9265,75.95597859732159,17.346166978884266,1.2480789701128079,8.05575730887875,0.5065778232941704,56.16952576323029,4.281102607915659,1.633030129443072,0.4877,0.1407,46.866,6.466919390639803,0.1421864506212703,2.5561248251784043,0.05920073049068521,2.451529284619645,20.427965937653436,534.8518,2.199,8.52,0.3361,2.997,0.0966,1.593,15.2829,0.0169,3.3787,0.0152,0.0115,75.27
-1.0,2954.46,2236.0667,1.4834,98.6889,1.5089,-0.0131,0.021,197.338,10.3933,415.943,0.9672,188.7635,12.4996,1.3969,-3954.25,1568.5,0.9705,1.9023,5.1268,67.2111,2.0889,0.152,84.6051,9.4257,64.0387,66.0304,87.1143,65.43,3.285,362.3045,141.4709,742.2069,1.2328,135.7909,639.5664,217.5857,4.601,4.847,2852.0,0.9238,0.3418,362.5773,9.7777,121.8127,16.4734,19.6582,27.8586,714.3483,140.4582,624.8482,64.5845,-0.0034,0.0197,-0.0377,0.0166,0.0177,-0.0245,0.0295,7.0398,0.1348,0.9836,1900.1544,0.1496,9562.5201,-0.0627,-0.0716,0.0452,-0.0605,0.4553,0.9389,820.3305,0.9914,58.5825,0.5995,0.9773,6.3645,15.96,3.438,15.97,15.97,0.9602,0.5944,3.191,0.0473,0.8162,2.3323,1008.6706,131.0,74.7,102.7,50.2998,236.256,0.3646,0.1205,0.0644,0.0535,0.0093,6.4427,10.488,14.238,0.009,0.28,0.0664,360.0,39.0,0.064,0.052,0.171,2.8,0.132,0.7053,0.0951,0.6433,0.2968,0.9455,0.244,0.1199,6.42,21.34,57.61,1.049,18.84,6.4,34.889,37.363,0.0642,0.0501,0.12045,0.1101,0.0388,0.1251,0.065,0.1205,5.3129,0.031,0.0131,131.4241,0.0284,980.5996,0.0147,0.0187,0.0242,0.0205,102.3348,4.1513,0.0315,0.6342,0.0415,4.1347,30.0527,23.0693,36.7505,0.1156,1.4749,0.0354,3.0521,0.0743,0.0194,161.1239,163.3531,888.7806,17.2143,0.0305,0.0243,0.0745,0.9623,0.0358,0.0459,0.2552,0.0365,0.0983,5.6284,0.0658,9.6974,0.0396,1.9297,5.7233,16.7343,0.3559,2.0542,2.4433,10.3503,14.4875,0.0143,0.0237,0.055099999999999996,0.0524,0.0134,0.0627,0.0321,0.0588,1.5379,0.0104,0.0039,42.5318,0.0093,320.7204,0.006,0.0066,32.6823,1.3111,0.0125,0.199,0.0122,8.854,1.3974,5.9659,2.5284,4.1927,2.2495,14.0613,24.5801,7.9858,100.9114,3.4231,0.9332,2.2401,4.7519,47.1897,2.4865,6.5945,2.7336,3.3354,4.166,67.0213,73.6842,2.8458,0.8336,1.0084,1.0045,0.2864,4.6894,6.6374,4.5497,9.7252,4.7279,3.3366,26.4769,6.8238,10.7285,9.9169,114.3661,4.884,21.7832,57.8514,0.0,307.362,292.2362,234.1758,705.7828,265.8487,409.1681,75.4692,3.1889,1.2776,1.3313,6.9165,19.0099,552.0295,33.0579,301.2987,5.3199,2.1807,12.4748,0.1565,7.0862,9.9653,1.7798,9.7755,73.936,18.05,1.43,7.6644,0.5724,61.7236,4.3807,1.9341,0.1882,0.0419,19.2616,4.98,0.0877,2.0902,0.0382,1.8844,15.4662,531.0854,2.0685,9.93,0.2932,3.3856,0.0858,1.8698,14.1723,0.0215,4.303,0.0297,0.0115,38.7106
-1.0,2978.62,2236.0667,1.4834,98.6889,1.4149,-0.0045,0.0085,199.4284,10.1682,410.9917,0.9615,189.9193,12.5302,1.415,-6375.125,1394.5,0.9915,1.8828,5.1402,66.3889,2.9,0.1906,85.2601,8.5779,64.1459,66.183,86.6492,63.93999999999998,5.019,353.54,136.0882,737.9075,1.3558,149.3582,638.9864,184.5403,4.624,4.858,2888.0,0.9329,0.23,353.1918,10.6165,116.3182,18.0328,19.77,28.057,709.8505,151.4436,620.9536,58.219,-0.0025,0.0072,-0.0273,0.032,0.0161,-0.0263,0.0097,7.6451,0.1348,0.9879,1836.552,0.1899,9349.7899,-0.0323,-0.0028,0.0701,-0.0268,0.4667037634153036,0.9465,782.4286,0.9912,57.1332,0.5998,0.965,6.418,15.96,3.438,15.97,15.97,0.9602,0.5944,3.191,0.0473,0.8162,2.3323,1008.6706,84.0,131.4,154.9,50.2998,236.256,0.3646,0.096,0.0699,0.068,0.0236,10.8575,5.453,8.706,0.0184,0.35,0.0432,474.0,129.0,0.118,0.077,0.119,1.8,0.156,0.8687,0.0754,0.6137,0.3693,0.7476,0.178,0.1647,3.73,18.26,54.222,0.201,13.95,5.64,27.856,105.552,0.0971,0.0571,0.0315,0.0528,0.0983,0.1165,0.0906,0.0691,2.9861,0.0399,0.0022,182.1221,0.028,877.7998,0.0106,0.0138,0.05230805179813089,0.0218,83.8054,2.6412,0.0175,0.4667,0.0415,4.1347,22.0976,51.5982,54.0915,0.1156,1.4749,0.0344,1.8884,0.0947,0.014,214.9331,286.2668,3583.5655,57.2509,0.0518,0.0376,0.0526,0.6431,0.0313,0.0461,0.3207,0.0304,0.1053,5.9714,0.0593,6.9294,0.0529,1.2684,5.1136,17.6136,0.0736,1.8802,2.4295,8.8422,31.313,0.0257,0.026,0.0146,0.0219,0.0295,0.0602,0.0468,0.0345,1.234,0.014,0.0007,54.2373,0.0078,271.2439,0.011888390558964908,0.0069,23.7748,0.8672,0.0073,0.1618,0.0122,8.854,1.3974,3.8965,4.4114,6.249,2.2495,14.0613,24.5801,6.785,53.6281,2.1183,1.9185,2.7933,3.0516,120.1729,9.2506,11.9012,4.0898,2.3151,2.7113,20.6897,47.2303,3.3555,1.0189,0.879,0.9567,0.1852,4.9019,5.6067,3.2436,12.1474,2.4974,2.8577,29.3822,4.1453,1.8933,6.637,77.3591,3.9242,37.1259,172.49815,0.0,525.0575,193.2296,307.0076,722.4806,344.8145,712.3711,39.0589,2.2255,1.6536,0.2273,9.9165,14.743,685.7143,39.7516,0.0,11.607473330326881,2.3017,10.7109,0.0662,4.6228,7.272,1.7798,9.7755,72.852,18.2,1.29,8.4653,0.5167,77.3333,4.4913,1.7707,0.1122,0.0298,11.483,6.513336742192803,0.1597891382719646,2.6551893690430184,0.06915225294146699,2.492019445226195,19.491818540074476,532.5764,2.0424,11.1,0.1555,3.8501,0.0507,2.0842,7.6125,0.0121,2.417,0.0297,0.0115,38.7106
-1.0,2938.27,2201.0667,1.4148,106.5478,1.4829,-0.0072,0.0114,201.4058,13.2746,426.0035,0.9704,192.8312,12.4871,1.4224,-4828.75,-46.5,1.3148,2.0112,7.2203,69.1,2.5889,0.1974,85.2227,8.5288,64.1901,66.0973,86.6692,78.52,3.182,361.6855,142.3827,742.9911,1.2375,136.9364,641.0045,216.9508,4.601,4.847,2852.0,0.9238,-0.7482,365.6655,9.678249999999997,121.6345,12.8305,20.7482,29.1518,713.8393,142.22,629.52,85.4445,0.0175,0.0075,-0.0326,-0.0204,0.007,-0.0178,0.0044,7.9348,0.1398,0.9858,1755.7161,0.2115,9071.53,-0.0931,-0.1051,0.1526,-0.0878,0.4433211875770655,0.9581,747.2163,0.9904,57.8968,0.6015,0.9755,6.2642,15.94,3.208,15.97,15.95,0.9602,0.5451,3.195,0.2365,0.8207,2.3414,1018.1556,122.0,95.4,66.3,44.6001,144.823,0.1649,0.0858,0.0594,0.0482,0.0084,10.2878,7.384,9.299,0.0091,0.27,0.0615,2060.5,307.0,0.145,0.146,0.072,2.7,0.452,0.7978,0.0929,0.6767,0.4021,0.7542,0.213,0.1961,7.3,19.3,35.078,0.819,14.58,7.42,31.782,39.397,0.0777,0.0453,0.0449,0.0446,0.0704,0.0871,0.115,0.0709,5.1337,0.0743,0.0045,126.5963,0.0849,684.5,0.0177,0.0198,0.06335417599048787,0.0215,87.2445,3.4041,0.0313,0.6275,0.0357,2.4614,29.8997,28.508,23.8628,0.054,1.9148,0.0256,2.2736,0.0784,0.0251,912.5788,171.6884,4633.0337,133.1978,0.0671,0.0611,0.0327,0.8352,0.0573,0.138,0.2868,0.0384,0.1474,6.1884,0.0681,9.6466,0.0564,1.9925,5.8499,11.4244,0.2698,2.2221,2.5986,9.9971,12.895,0.0209,0.0205,0.0196,0.0207,0.0219,0.0482,0.0581,0.0343,1.7408,0.0231,0.0015,41.7239,0.0295,206.0031,0.01703167779843281,0.0063,31.5154,1.1532,0.0088,0.1991,0.0106,8.7276,0.9224,5.6436,3.2468,2.7091,2.0263,16.4528,11.6558,5.786,55.6249,2.1828,0.9399,2.1622,4.3237,232.6275,660.2151,11.0287,7.2592,0.9972,3.9074,30.9013,86.6066,13.4608,0.9361,1.0887,1.0542,0.3236,5.0569,7.0865,4.6072,15.8495,5.3309,3.0109,16.1686,6.8238,8.5492,6.3387,113.6355,4.4523,22.5056,46.1083,443.3666,111.3022,136.9148,345.2038,0.0,646.9761,0.0,64.6982,2.0749,3.169,0.4596,7.2105,40.1282,0.0,97.8304,339.823,13.126198728182839,2.2421,11.6759,0.1371,5.8795,10.0175,1.5249,6.9376,82.026,15.66,0.78,6.7755,0.2799,95.6462,3.8278,0.9509,0.4087,0.0773,41.2704,8.17,0.1107,3.3925,0.042,3.2372,18.0085,531.0854,2.0685,9.93,0.2932,3.3856,0.0858,1.8698,14.1723,0.0097,1.9539,0.0477,0.0388,92.7605
-1.0,2976.24,2233.1556,1.5188,102.6611,1.3785,-0.0026,0.0055,203.9187,12.0742,420.4144,0.9723,195.345,12.488,1.3881,-1363.875,1273.75,0.978,1.9,5.2242,68.7,2.6333,0.1872,85.7833,8.7696,63.7482,66.4353,86.5639,76.61,3.317,368.6809,128.88,736.5491,1.3555,140.5482,638.1091,230.546,4.53,4.754,2917.0,0.9238,2.74,366.3655,10.5636,111.62,20.2509,17.26,24.5728,711.9763,139.8727,617.8582,98.5657,-0.0085,0.0301,-0.0692,0.0272,-0.0885,-0.056650000000000006,0.001,7.7253,0.1313,0.9614,1860.9223,0.1968,8847.02,-0.0331,0.0521,0.06,-0.0458,0.4617,0.9685,755.1695,0.9907,59.2515,0.5993,0.9376999999999999,6.1343,15.94,3.208,15.97,15.95,0.9602,0.5451,3.195,0.2365,0.8207,2.3414,1018.1556,88.0,114.7,31.3,57.2,179.682,0.2158,0.098,0.0386,0.0525,0.0075,7.0793,7.572,14.708,0.0082,0.25,0.0613,439.0,168.0,0.142,0.086,0.25,2.5,0.201,0.34,0.1166,0.4289,0.1596,0.5536,0.546,0.1251,4.21,14.01,57.73,0.65,15.31,8.86,18.832,97.276,0.0993,0.0454,0.0671,0.0494,0.0955,0.0786,0.0243,0.0317,2.5209,0.0251,0.013699999999999999,148.0391,0.0396,802.1992,0.011,0.0132,0.0132,0.0242,79.4816,2.0978,0.0271,0.4379,0.0357,2.4614,25.9714,37.6587,8.9821,0.0704,2.1585,0.0356,2.4442,0.0697,0.0255,186.0125,250.3471,5823.189049999999,70.9571,0.0582,0.0378,0.1126,0.817,0.0324,0.0698,0.122,0.0426,0.086,6.232,0.1815,4.7062,0.0374,1.2668,3.5558,17.9304,0.1782,2.3917,3.5506,5.6406,27.8392,0.0262,0.0199,0.029,0.0214,0.0252,0.0445,0.0111,0.0141,0.7711,0.0091,0.0046,48.8408,0.0121,286.8693,0.0035,0.0071,26.1843,0.5516,0.0092,0.1527,0.0106,8.7276,0.9224,3.9125,3.8539,1.298,2.5614,12.5214,14.2082,7.1092,62.7123,3.4985,0.8468,2.0019,4.4189,0.0,13.1894,14.5194,4.5263,4.7854,3.639,49.3671,48.6053,4.2625,0.3963,1.3293,0.6728,0.6795,5.2322,10.6223,2.3971,9.2283,2.9954,2.1955,25.0406,2.2285,6.1532,6.8715,75.6014,2.645,16.2252,98.6915,0.0,77.8397,71.4131,351.5068,88.8136,40.3487,0.0,32.6323,3.0457,1.0402,1.3944999999999999,7.9551,20.1306,365.3979,56.445,485.7143,2.8664,2.4996,10.525,0.1135,3.5406,7.138,1.5249,6.9376,76.886,18.44,1.41,7.5142,0.5199,146.2962,4.5855,1.8339,0.1882,0.0419,19.2616,7.26,0.0306,2.6871,0.0125,2.8674,4.9916,535.4364,2.0862,6.23,0.2627,2.2294,0.0738,1.1635,12.593,0.0134,2.6785,0.0477,0.0388,92.7605
-1.0,2993.04,2229.3333,1.5123,102.78,1.4479,0.0073,0.0083,200.1112,11.3239,414.8853,0.9637,190.5961,12.5302,1.41,-6375.125,1529.5,0.9957,1.8933,5.1557,69.2444,2.7,0.1927,86.0936,8.5891,64.1358,66.0981,86.7366,78.4,2.915,362.4982,139.0282,737.5324,0.8427,130.5136,632.04,124.6545,4.61,4.869,2855.0,0.923,0.1491,362.1427,10.0247,119.1773,9.023,19.8509,26.0093,711.5232,143.0473,624.3673,86.9844,-0.0158,-0.0065,-0.034,0.0042,0.0229,-0.0124,0.0031,8.0314,0.1332,0.9871,1809.2421,0.1916,9140.3799,-0.0789,0.0233,0.0031,-0.0627,0.4612,0.9388,794.9251,0.9912,57.7526,0.5918,0.9774,6.3097,15.96,3.438,15.97,15.97,0.9602,0.5944,3.191,0.0473,0.8162,2.3323,1008.6706,117.0,56.4,88.0,75.5,152.9181,0.3085,0.0918,0.0858,0.0756,0.0215,10.8925,8.515,13.317,0.016,0.35,0.1161,322.0,107.0,0.127,0.068,0.146,1.9,0.161,0.969,0.0613,0.6485,0.4581,0.6511,0.337,0.0834,3.67,20.93,18.985,0.953,16.25,4.77,33.026,84.83,0.0663,0.10470000000000002,0.0181,0.0488,0.0932,0.16729999999999995,0.1021,0.1012,4.0786,0.0319,0.0028,133.9528,0.0245,1388.1006,0.0198,0.0186,0.0168,0.0363,134.0446,3.6805,0.034,0.4905,0.0415,4.1347,28.3307,23.1901,28.3662,0.1078,2.2767,0.0324,2.7914,0.0947,0.039,157.2246,308.5936,5823.189049999999,46.4076,0.0523,0.0304,0.0674,0.6366,0.0265,0.0596,0.3537,0.0228,0.0785,5.6739,0.0835,8.5954,0.0255,1.3437,6.0415,6.8808,0.3066,1.6939,1.8238,10.0491,29.6545,0.0201,0.0455,0.0077,0.0214,0.0285,0.0857,0.0542,0.0555,1.1895,0.0121,0.0008,41.5462,0.0069,379.0117,0.0047,0.0118,38.2188,1.1278,0.012,0.1624,0.0122,8.854,1.3974,5.4255,1.8844,3.5135,3.3867,9.8446,20.3964,6.3404,75.1949,3.2098,1.6577,2.7933,8.2342,134.6195,6.9958,12.7542,3.5917,2.8318,2.7439,48.1481,37.3702,3.4816,1.1255,0.7133,1.0111,0.1645,4.5214,4.74,4.0191,9.9001,2.812,3.3115,15.2301,5.6239,9.5065,6.7966,180.0951,4.6416,47.129650000000005,97.5233,418.4615,0.0,143.7408,0.0,820.9607,825.0505,0.0,50.7835,2.1014,1.3389,0.2826,7.4038,12.8108,0.0,27.154,0.0,3.6438,3.8651,16.8625,0.0942,6.3728,7.7743,1.7798,9.7755,83.09,20.78,0.82,10.2437,0.3311,65.1849,5.0417,0.9869,0.3144,0.0822,34.6592,4.3,0.1069,1.7252,0.0404,1.5902,12.4278,534.1318,2.0039,8.29,0.2496,2.8098,0.0689,1.552,12.4566,0.0161,3.2251,0.014,0.0112,80.4663
-1.0,3083.33,2171.8556,1.2906,103.4733,1.4821,-0.0171,0.0073,201.3105,8.0985,395.8814,0.9608,191.1803,12.459,1.4139,-3538.25,-44.75,1.2685,1.9795,7.3537,66.3111,2.6667,0.2312,84.6838,9.0425,64.4947,66.94045000000003,86.8006,69.30492821171507,3.3562583600795617,356.5436,134.62,731.3509,1.4126,142.28,633.4436,225.8427,4.609,4.842,2848.0,0.9288,1.4982,354.3045,10.4371,116.1182,13.7556,18.5018,25.9589,705.392,150.7345,621.1573,85.7083,-0.017,-0.0089,-0.0164,0.001,-0.0738,-0.0193,0.0078,7.7489,0.1322,0.9693,1652.5845,0.1925,8286.56,-0.0468,-0.0605,0.17079999999999998,-0.0604,0.45221566723335704,0.9248,684.9652,0.991,57.8217,0.6017,0.9686,6.3289,15.95,3.486,15.95,16.0,0.9649,0.5761,3.118,-0.8042,0.7923,2.3308,1010.1669,85.0,137.6,123.7,44.3999,182.999,0.1155,0.104,0.1166,0.0901,0.016,4.9908,4.861,15.273,0.0167,0.2,0.0353,974.0,1983.0,0.118,0.083,0.193,2.3,0.629,0.5365,0.0788,0.5934,0.3461,0.8211,1.048,0.2926,14.625,22.49,76.75,0.326,20.08,5.68,38.772,85.305,0.0865,0.0562,0.0268,0.0476,0.0673,0.0839,0.0781,0.0754,2.9464,0.0287,0.0041,119.0737,0.03,611.4004,0.0185,0.026,0.05216891057456258,0.0248,55.6966,4.8126,0.0323,0.4697,0.0321,3.8599,20.1801,47.5979,36.666,0.0383,2.0414,0.0433,1.4149,0.0568,0.0126,448.6902,92.8529,638.03,971.5285,0.0502,0.0415,0.0823,0.7574,0.0362,0.196,0.235,0.0334,0.1269,6.8363,0.2958,11.7109,0.0821,4.4271,6.5103,22.2409,0.0983,1.8176,2.6995,11.8122,31.8575,0.0247,0.0233,0.0115,0.0205,0.0212,0.0373,0.0411,0.0412,1.0198,0.0095,0.0013,36.438,0.0112,201.4742,0.012985148968393728,0.0085,22.1469,1.5319,0.0115,0.156,0.0099,9.6105,1.0611,3.9304,4.4627,5.0692,2.0443,19.4475,8.9517,7.0172,60.0231,3.858,1.7343,1.6053,2.4953,37.674,0.0,9.3023,4.193,2.6245,3.4685,56.25,43.6809,18.3954,0.6335,0.8717,0.9201,0.1809,7.3091,9.1888,5.8933,20.713,10.6208,3.5504,33.9838,5.6434,3.1235,13.004,145.9768,5.4965,14.958,99.5295,507.8899,66.4695,291.1315,0.0,113.7242,403.6176,890.8199000000001,38.0239,2.7988,1.171,0.4275,7.2053,15.5789,0.0,54.7579,418.4615,11.994900497312186,2.6837,8.1313,0.1293,8.3232,7.4215,1.377,8.7754,77.318,11.52,0.8,5.6273,0.3696,63.526,2.8905,1.0347,0.1226,0.0349,12.6436,4.98,0.0877,2.0902,0.0382,1.8844,15.4662,533.0691,1.9841,8.49,0.1374,2.995,0.0414,1.5927,6.9274,0.0131,2.6129,0.014,0.0112,80.4663
-1.0,2992.39,2233.1556,1.5188,102.6611,1.3969,0.0116,0.0016,204.252,8.9637,403.3415,0.9612,194.1191,12.5227,1.392,-3887.0,1548.0,0.982,1.893,5.1025,68.0333,1.7556,0.1277,83.6359,9.7836,64.1163,66.5667,87.2,66.12,3.242,360.8482,141.87,745.8235,0.9069,135.9036,638.6218,131.9531,4.643,4.857,2852.0,0.9236,-0.3518,359.9936,10.4334,121.5182,14.4854,20.3518,25.2303,720.5932,142.6245,624.1364,105.6608,-0.0189,-0.0211,-0.1053,0.0245,0.0132,-0.0359,-0.0355,7.1046,0.1274,0.9865,1779.2903,0.1892,8351.0298,-0.0832,0.08,0.1171,-0.0076,0.4638,0.928,702.978,0.9906,59.0723,0.5958,0.9687,6.2464,15.96,3.438,15.97,15.97,0.9602,0.5944,3.191,0.0473,0.8162,2.3323,1008.6706,132.0,146.8,94.8,57.2,179.682,0.2158,0.1005,0.047,0.0345,0.0192,8.9277,7.205,7.623,0.0167,0.28,0.0618,485.0,124.0,0.146,0.095,0.234,2.2,0.072,0.5844,0.0617,0.5844,0.3105,0.7618,0.488,0.0776,6.24,24.54,21.165,0.482,24.1,5.92,34.487,99.438,0.0781,0.059,0.0319,0.0452,0.1108,0.0902,0.0883,0.0522,7.181,0.1074,0.013699999999999999,88.6595,0.0304,444.0996,0.0105,0.0167,0.0223,0.0426,72.9133,2.6915,0.0162,0.4172,0.0415,4.1347,34.9484,43.8693,29.5729,0.0704,2.1585,0.041,2.8218,0.0695,0.0214,199.9817,310.705,513.8742,53.1037,0.0601,0.0403,0.1102,0.9274,0.0437,0.0249,0.2303,0.0313,0.1059,6.4137,0.172,11.1915,0.0255,2.0577,7.6615,7.1383,0.1517,1.5466,2.312,10.9659,29.7356,0.0218,0.0255,0.0136,0.0187,0.032,0.0446,0.0484,0.0272,2.1114,0.0311,0.0046,25.7039,0.0098,161.0531,0.0064,0.0131,21.6938,0.8897,0.0056,0.1409,0.0122,8.854,1.3974,6.0338,4.9058,3.6576,2.5614,12.5214,14.2082,7.1947,80.3795,1.89,1.7408,2.2359,4.4412,31.4381,8.0103,14.8676,5.0185,4.586,3.2337,39.8734,88.5117,1.5549,0.6987,0.6306,0.9115,0.1628,5.1434,7.9298,4.9096,8.5602,4.5915,3.8427,16.0398,5.6016,4.6198,9.8421,166.3739,4.7859,18.6555,94.1106,413.7748,436.2292,42.9352,452.5913,684.63,245.6189,147.0423,101.0759,1.962,4.5618,1.3944999999999999,4.9829,16.0668,534.4,61.4458,455.814,4.8135,4.5901,10.3721,0.0799,4.5562,6.679,1.7798,9.7755,82.024,14.57,1.12,6.1717,0.4568,76.0942,3.5917,1.3655,0.5058,0.0834,50.2702,6.391504960646876,0.15709586205167578,2.5903520811130356,0.06322704931711484,2.4439268362783135,20.652281429033472,534.9473,2.3269,7.35,0.2537,2.5732,0.0777,1.374,10.9042,0.0123,2.4259,0.014,0.0112,80.4663
-1.0,3049.8,2165.8666,1.4274,108.6589,1.5869,-0.0344,-0.0019,200.7743,9.0712,409.5993,0.9626,190.3855,12.5302,1.4193,-5947.6667,1386.25,0.973,1.9058,5.1683,68.1333,2.4333,0.1601,84.0746,9.3335,64.3729,66.5362,86.8786,66.55,3.142,360.3709,142.8709,743.6657,1.2544,137.1336,640.3755,203.1958,4.601,4.847,2852.0,0.9238,1.7991,359.3736,9.8666,124.67,11.8073,18.2009,25.9351,717.7306,144.5245,628.5682,70.4825,-0.0024,0.0829,0.0051,0.0103,-0.0628,-0.0099,0.0591,7.8156,0.1389,0.9889,1763.4672,0.1976,9071.97,-0.0615,0.0772,-0.0741,-0.0976,0.4553,0.9274,778.6489,0.9905,58.7199,0.5953,0.9781,6.2793,15.9,3.383,15.94,15.95,0.9838,0.6119,3.392,0.4258,0.7611,2.3401,1006.766,103.0,37.9,116.2,56.3999,79.725,0.2545,0.1247,0.0538,0.0388,0.0224,11.2571,6.727,8.932,0.0169,0.35,0.023,228.0,139.0,0.113,0.088,0.164,3.2,0.168,0.6425,0.1151,0.6534,0.4311,0.8073,0.376,0.1437,5.31,17.72,38.245,0.672,23.86,13.62,45.711,93.257,0.1046,0.0512,0.12045,0.054,0.0946,0.0894,0.0476,0.0427,2.8217,0.071,0.0033,169.8086,0.0375,853.1992,0.0221,0.0218,0.120188138292432,0.0281,90.7214,3.4265,0.0159,0.455,0.0362,3.8497,30.9601,12.6895,37.6451,0.0773,2.2341,0.0409,2.0927,0.0947,0.0092,100.9765,221.5948,4771.6398,56.929,0.0489,0.0375,0.0717,0.9682,0.0335,0.0508,0.2516,0.0408,0.133,5.6688,0.1232,8.9415,0.0373,1.5199,5.3013,10.9375,0.1905,3.9228,4.6929,12.7965,29.8616,0.0262,0.0222,0.055099999999999996,0.0246,0.0238,0.0432,0.0212,0.0192,1.0853,0.0233,0.0009,51.634,0.0112,235.4054,0.02801905827358544,0.0089,25.3942,1.0989,0.006,0.1449,0.0118,7.6124,1.3698,4.737,1.2427,4.6243,2.604,9.4038,17.8304,7.858,74.1579,2.1807,1.7525,2.7933,1.617,144.0397,10.0271,11.6136,4.6176,3.1732,4.6967,45.2055,53.7127,3.5975,0.7642,1.2332,1.015,0.2593,4.8839,6.7473,4.2252,11.4532,3.8721,2.7671,18.8217,6.8238,6.8108,14.029,202.078,6.3688,41.2498,132.3124,0.0,50.4931,0.0,917.3333,142.2434,479.597,72.281,36.1029,2.3764,2.9719,0.3291,9.6292,18.9672,558.08,32.0388,424.0964,26.600115265074077,3.0276,11.6511,0.1165,5.8353,7.2467,1.5456,10.3609,73.676,13.4,1.38,5.6643,0.5399,63.6173,3.3199,1.8731,0.4397,0.0728,44.8745,5.71,0.146,2.186,0.061,2.1049,17.1574,532.0036,2.0531,8.14,0.2544,2.963,0.0801,1.5301,12.3904,0.0156,3.1489,0.014,0.0112,80.4663
-1.0,3034.55,2233.1556,1.5188,102.6611,1.4012,-0.0112,0.0029,199.1838,11.8806,414.919,0.9737,189.5742,12.4996,1.3955,-3604.0,1283.25,0.9673,1.882,5.017,71.3556,2.5556,0.179,83.7738,8.6427,64.2704,66.3237,86.575,78.0,2.473,365.5636,149.7782,760.7962,1.1952,136.5236,651.8655,182.366,4.67,4.931,2836.0,0.9217,-1.71,371.3836,9.678249999999997,128.0682,14.1382,21.71,29.1971,731.5991,138.2755,637.7273,105.2635,-0.0016,0.0289,-0.0495,-0.0221,0.0051,-0.056650000000000006,0.0394,7.8814,0.1306,0.9878,1795.1763,0.1462,8735.91,-0.0529,-0.1088,0.1413,-0.1415,0.45090172349781565,0.9499,755.3174,0.9912,56.2152,0.6081,0.9673,6.245,15.91,3.529,15.92,15.93,0.9791,0.5709,3.138,1.939,0.7713,2.3453,1005.49,88.0,123.3,51.0,57.2,179.682,0.2158,0.1081,0.0366,0.0484,0.0097,4.7033,13.587,4.586,0.0068,0.28,0.0606,370.0,118.0,0.108,0.109,0.073,2.1,0.112,0.7606,0.1471,0.661,0.3331,0.5729,0.34,0.1098,4.11,23.14,73.734,0.592,17.49,6.2,39.0,86.401,0.0942,0.0469,0.0629,0.0943,0.0893,0.0805,0.0348,0.1157,2.9872,0.0251,0.0011,73.4838,0.0275,804.2002,0.0186,0.0207,0.05993792308793022,0.0189,82.1801,5.5285,0.0292,0.4341,0.0476,3.6529,25.9714,39.6149,15.1849,0.0704,2.1585,0.0306,3.8004,0.0743,0.0214,185.0,265.0497,975.3095,49.5067,0.0447,0.0457,0.033,0.7452,0.0294,0.033,0.2974,0.0545,0.0852,5.7864,0.0995,10.0891,0.0329,1.2425,7.0356,22.2608,0.1726,1.842,3.1579,11.1255,26.7181,0.0259,0.022,0.0281,0.0477,0.0274,0.0449,0.0151,0.064,0.9781,0.0091,0.0004,22.2955,0.0078,246.2935,0.010833543366013117,0.0053,24.7906,1.649,0.0087,0.1426,0.0157,6.5206,1.1477,3.9125,4.0632,2.0619,2.5614,12.5214,14.2082,7.7146,114.3626,1.1053,0.6944,2.2401,4.3425,63.9567,9.1954,11.1657,5.7917,1.4551,2.943,35.2174,60.8939,2.407,0.9079,1.7021,1.0285,0.6795,4.6504,6.957,4.6216,9.1847,3.0105,3.5498,40.4319,5.5634,6.1939,7.9957,123.7072,5.3308,15.3915,82.0806,0.0,94.7475,190.6977,403.1603,0.0,57.8073,293.8413,37.9022,2.6031,1.0402,0.107,4.0934,18.7738,0.0,38.4088,410.2564,11.122735460172901,1.995,10.8802,0.0533,9.8346,6.9512,2.0308,10.5371,76.11976672335558,16.91105221837073,1.2240004030817324,7.745740518949252,0.488348471252648,62.296707793343096,4.174119331314932,1.613524030104303,0.1038,0.036,10.9099,6.381812348448233,0.14131244383909966,2.5856210733677925,0.057938132835749,2.4409637588967428,20.627262340707084,534.6764,2.0007,8.09,0.3016,2.8562,0.0819,1.5131,15.0738,0.0134,2.6485,0.014,0.0112,80.4663
-1.0,3068.38,2165.8666,1.4274,108.6589,1.4473,-0.0207,0.0196,201.4976,7.7666,394.908,0.9811,191.664,12.488,1.3888,-3806.75,1280.5,0.977,1.8865,5.1225,69.8222,2.3556,0.1788,85.7881,8.77,63.708,66.4683,86.5202,76.89,3.21,363.4664,130.9718,730.0677,1.3072,139.8436,634.2818,200.7428,4.632,4.883,2834.0,0.9306,2.1918,363.7164,10.0085,113.1636,17.1954,17.8082,26.3692,703.6985,140.2064,617.0864,81.994,-0.0176,0.014,-0.0705,-0.0075,0.0263,-0.0261,-0.02,7.6347,0.126,0.9879,1825.2657,0.2016,8126.6901,-0.0714,0.0521,0.087,-0.0271,0.4493878209032075,0.9381,696.5634,0.9909,58.8554,0.584,0.9681,6.2779,15.91,3.927,15.94,15.99,1.021,0.6538,3.285,0.0473,0.6849,2.3312,1008.4998,117.0,221.8,183.2,56.3999,79.725,0.2545,0.0915,0.0525,0.0567,0.0077,7.9173,3.785,15.496,0.0065,0.25,0.0706,336.0,122.0,0.09,0.082,0.221,3.8,0.213,0.6514,0.1196,0.5767,0.3098,0.6984,0.558,0.1491,4.51,16.31,77.315,0.537,21.66,6.11,30.926,78.007,0.082,0.0558,0.12045,0.0044,0.08,0.1215,0.0453,0.0329,3.9927,0.0794,0.0017,106.0719,0.0326,1015.2998,0.0097,0.0175,0.05141098271030575,0.0193,109.1445,1.1029,0.0418,0.6118,0.0272,5.4189,30.6949,76.7801,60.9951,0.0773,2.2341,0.036,1.3627,0.0697,0.0234,163.0059,229.4232,2731.1958,52.7731,0.037,0.0362,0.1053,1.1498,0.0446,0.0621,0.2342,0.0545,0.0644,5.4827,0.1852,7.484,0.0392,1.5997,4.6536,22.2898,0.1775,2.1269,2.0985,9.2068,29.4488,0.0244,0.0277,0.055099999999999996,0.0023,0.0257,0.0648,0.0206,0.0164,1.3496,0.0249,0.0006,35.5821,0.0104,304.452,0.013865935679279353,0.0064,33.6275,0.3335,0.0119,0.1995,0.0091,9.8853,1.7,5.2356,7.2286,7.2834,2.604,9.4038,17.8304,6.3223,48.7341,3.924,0.6625,2.0019,5.0814,167.203,9.5275,9.2119,4.3467,4.3143,5.4424,50.9434,76.6314,4.5637,0.7593,1.364,0.9052,0.6795,5.3402,4.3674,3.6009,11.403,3.225,2.5714,38.5145,5.1737,5.3654,6.4597,125.9637,4.3948,30.2176,95.1375,466.5718,129.6167,6.2433,0.0,461.1006,173.3971,164.0898,52.2969,0.5558,3.2316,0.1703,5.8113,16.1936,0.0,67.9452,828.5714,11.190753702364477,2.056,15.669,0.0898,1.8739,9.7454,1.1659,14.1809,77.21610979912151,16.83241904697824,1.249630601861431,7.699833816821145,0.4954141127770437,74.76183379404847,4.127259128507281,1.6267041367078374,0.4877,0.1407,46.866,6.3788117470488155,0.14904422558514926,2.6216546655260755,0.058421581961493524,2.4344203961593385,19.875187166022254,532.21,2.2089,8.22,0.3725,2.9957,0.1226,1.5445,16.8636,0.0149,2.9788,0.014,0.0112,80.4663
-1.0,2961.59,2229.3333,1.5123,102.78,1.4679,-0.0022,0.0098,204.3236,10.5026,402.9326,0.9699,194.4911,12.5451,1.4,-4713.75,1529.25,0.9895,1.8942,5.193,68.9778,2.4889,0.1997,85.7419,8.5788,64.1013,66.2428,86.6582,78.0,3.483,354.9427,136.9527,735.4829,1.3872,143.13,635.0255,205.7423,4.591,4.848,2859.0,0.9257,-0.2282,354.3473,10.4755,116.7245,18.68,20.2282,28.6915,706.7914,145.2736,616.3455,62.3955,0.0093,-0.0103,-0.017,-0.0171,-0.0779,-0.0231,0.0511,7.2287,0.131,0.9639,1856.9809,0.1683,9200.0601,0.1061,-0.0223,-0.0941,0.0295,0.4585,0.9479,793.0326,0.9906,59.5704,0.5887,0.9709,6.3128,15.91,3.529,15.92,15.93,0.9791,0.5709,3.138,1.939,0.7713,2.3453,1005.49,116.0,103.0,66.8,75.5,152.9181,0.3085,0.0874,0.0318,0.0606,0.0104,8.7988,11.823,12.806,0.0091,0.27,0.0569,300.0,49.0,0.088,0.072,0.082,3.4,0.12,0.833,0.0953,0.4863,0.2635,0.7203,0.434,0.198,7.71,20.75,52.179,0.335,31.44,5.35,35.233,67.291,0.0888,0.0541,0.039,0.057,0.0359,0.077,0.0583,0.1501,3.7856,0.0809,0.0068,139.6077,0.0446,595.7002,0.0133,0.0138,0.0224,0.0231,59.2084,2.1817,0.0226,0.5629,0.0476,3.6529,31.1763,30.5143,23.0307,0.1078,2.2767,0.0249,3.1039,0.0798,0.0216,138.1798,262.2886,1936.7768,23.2433,0.0379,0.0312,0.0351,1.0366,0.0295,0.0364,0.351,0.0352,0.0918,5.3561,0.1444,11.0644,0.0535,2.8264,6.1392,15.1042,0.1298,1.5645,2.1267,10.726,25.0632,0.028,0.0271,0.0187,0.0242,0.0128,0.04,0.0329,0.0748,1.3546,0.0252,0.0026,42.8173,0.0136,183.8229,0.0056,0.0074,18.102,0.6832,0.009,0.1829,0.0157,6.5206,1.1477,5.1982,3.4779,2.6573,3.3867,9.8446,20.3964,5.954,112.5717,3.1782,0.9433,2.1522,4.0614,84.5187,3.2042,8.8934,3.801,1.579,4.9291,28.125,38.0634,2.5706,0.9715,1.1104,0.7586,0.1508,4.6768,10.1422,5.1484,14.2716,5.3867,3.2676,25.3613,6.0634,3.1979,8.73,168.308,4.9849,47.129650000000005,107.846,956.1238,68.6548,334.3109,209.635,98.8447,252.6544,293.7378,52.3683,1.679,3.3797,0.7074,7.518,26.49,785.7651,59.2255,0.0,4.8758,2.437,7.4661,0.127,3.6623,8.9176,2.0308,10.5371,72.832,13.58,1.19,6.3739,0.4603,32.8772,3.4368,1.6339,0.1732,0.0405,17.5662,7.01,0.0535,2.6601,0.0222,2.7335,7.1986,536.5882,2.0221,6.95,0.2106,2.4598,0.0728,1.2952,10.4125,0.0104,2.0978,0.014,0.0112,80.4663
-1.0,3085.78,2229.3333,1.5123,102.78,1.4895,-0.0393,-0.0032,199.8708,10.3423,425.5928,0.9675,190.5618,12.5351,1.4095,-3420.75,-6204.0,1.2845,2.0013,7.4292,67.9556,2.0333,0.1766,84.7226,8.9635,64.2798,66.2774,86.9622,77.84,3.243,359.1355,145.3436,749.7943,0.893,135.4382,639.9173,124.4538,4.643,4.857,2852.0,0.9236,-2.7427,360.0155,10.2836,122.6009,9.7113,22.7427,28.674,721.1203,148.6109,631.2273,65.4605,-0.0043,0.0248,-0.1091,0.0294,-0.082,-0.0272,-0.0312,7.829,0.1389,0.9882,1729.1412,0.2097,8918.65,-0.0582,0.0595,0.0068,0.0039,0.45807121922157035,0.9186,698.8656,0.9911,58.2975,0.5838,0.9647,6.3164,15.91,3.529,15.92,15.93,0.9791,0.5709,3.138,1.939,0.7713,2.3453,1005.49,109.0,148.1,171.4,75.5,152.9181,0.3085,0.0778,0.0581,0.0401,0.0209,6.4944,7.132,11.575,0.0123,0.26,0.0369,2060.5,1496.0,0.145,0.089,0.293,2.7,0.326,0.6475,0.072,0.5249,0.2169,0.7847,0.61,0.0861,11.76,22.6,30.171,0.521,18.63,6.11,33.376,71.288,0.1,0.0468,0.0791,0.0558,0.0902,0.0849,0.0565,0.0601,3.3228,0.071,0.0026,93.6949,0.1002,1190.5,0.0141,0.0153,0.07626767044916116,0.026,115.0031,1.4724,0.0225,0.4038,0.0476,3.6529,26.5607,45.325,49.2279,0.1078,2.2767,0.027,2.498,0.0787,0.0136,912.5788,216.5941,364.9296,1057.8317,0.0631,0.037,0.122,0.8233,0.0418,0.1248,0.261,0.0274,0.1076,6.2209,0.1923,11.2144,0.0245,3.1528,7.3706,10.7506,0.1356,1.7878,1.885,10.0457,23.0417,0.0275,0.022,0.0391,0.0258,0.0242,0.0425,0.0255,0.0291,1.1993,0.0233,0.0008,30.2974,0.0294,331.9674,0.013581232280268144,0.0078,31.4434,0.5017,0.0075,0.1431,0.0157,6.5206,1.1477,4.9212,4.7994,7.0565,3.3867,9.8446,20.3964,5.2231,68.9597,2.7197,1.2722,2.0742,2.6186,23.3867,24.1135,11.2884,4.4472,3.9439,3.9732,54.0984,81.5607,9.4795,0.7643,0.8028,0.8166,0.1552,5.2487,8.7173,4.9714,9.6401,8.6829,3.5317,24.2427,5.6016,5.0663,8.0913,191.8382,4.6284,34.7911,108.9022,0.0,38.4158,51.134,306.9985,103.505,207.9117,192.6282,42.4425,2.3764,2.9719,0.2581,5.4186,47.7738,656.3003,60.6357,825.0,15.833235697767673,2.8293,16.4557,0.0628,2.5257,6.3926,2.0308,10.5371,78.07102559153766,16.602292015240895,1.2561626645087802,7.4982703516022715,0.5176296263595448,58.91160396350954,4.096540494985259,1.62413387471183,0.7051,0.1946,54.5601,6.501413888619621,0.15261450382497396,2.534025869431913,0.06283211144844288,2.4837017549355895,22.98164354715975,533.7327,2.2848,6.87,0.2207,2.4785,0.0823,1.2872,9.6604,0.0125,2.4943,0.0165,0.0114,68.9871
-1.0,3020.29,2217.8111,0.9618,100.1789,1.495,-0.0097,-0.0054,201.6603,9.8304,426.9548,0.9728,192.1657,12.4618,1.3852,-2439.25,1562.25,0.9725,1.8847,5.053,67.0222,2.4889,0.1964,86.0936,8.5891,64.1358,66.0981,86.7366,78.4,2.915,355.0545,135.0527,730.1264,0.937,137.5482,627.6555,119.7157,4.617,4.868,2843.0,0.929,1.0336,355.1582,10.4132,116.0864,9.9475,18.9664,24.3057,705.8206,147.8064,619.0509,74.0842,0.0021,0.0215,-0.0272,0.0113,-0.096,-0.0271,0.0217,6.2585,0.1378,0.9685,1823.8228,0.2051,8510.42,-0.0287,-0.0074,0.0112,-0.0389,0.4540037732847736,0.9374,719.8049,0.9911,58.0262,0.5912,0.9675,6.2503,15.9,3.383,15.94,15.95,0.9838,0.6119,3.392,0.4258,0.7611,2.3401,1006.766,149.0,87.2,101.4,54.3999,225.1749,0.2358,0.1214,0.0402,0.049,0.0106,5.7687,6.943,9.399,0.0078,0.66,0.128,1952.0,128.0,0.108,0.083,0.079,3.1,0.256,0.969,0.0613,0.6485,0.4581,0.6511,0.874,0.1415,12.6,20.83,27.709,0.367,17.25,4.47,35.237,80.09,0.0858,0.0447,0.0976,0.0613,0.0828,0.0981,0.058,0.0661,7.2824,0.0389,0.0069,58.3865,0.1254,652.9004,0.0136,0.013,0.050986677720400664,0.026,77.6088,2.0761,0.0186,0.4605,0.0362,3.8497,36.9695,26.3183,34.4898,0.0723,1.3298,0.0405,2.418,0.106,0.045799999999999993,905.6609,320.501,1863.519,58.6593,0.0505,0.0374,0.0349,0.8913,0.0371,0.0761,0.3537,0.0228,0.0785,6.5621,0.2462,10.0446,0.0366,3.8897,6.6619,8.1378,0.1348,1.3601,1.7217,11.3364,26.2663,0.0243,0.02,0.0437,0.0317,0.0245,0.0533,0.026,0.0347,2.4813,0.0147,0.0022,17.7745,0.0374,207.8057,0.012676689936171985,0.0106,22.7018,0.6728,0.0085,0.1556,0.0118,7.6124,1.3698,6.5728,2.8871,4.166,2.4529,12.9057,24.5156,8.1203,70.6281,2.2014,0.8006,5.2962,9.13815,169.1504,8.1933,11.1054,4.4038,1.5634,4.6253,36.1607,55.9955,5.5288,1.1255,0.7133,1.0111,0.1645,6.799,7.9154,4.5447,15.1039,9.1604,3.3187,23.1457,6.0034,3.5244,10.1304,173.4103,4.9923,19.305,108.1067,0.0,60.7131,225.1607,735.5913,102.1609,213.8249,303.908,107.56075,1.3787,1.636,0.7131,3.2013,63.31987047269746,270.4811,36.2869,0.0,11.974462250772714,2.7751,10.7819,0.1064,3.5779,7.3675,1.5456,10.3609,80.986,13.46,1.32,6.196,0.5259,79.0001,3.3092,1.6299,0.0926,0.0236,9.4814,6.435376820986993,0.12171550590572097,2.6127867133672833,0.04904662113852759,2.460166910660065,21.13817050248464,534.8336,2.1127,6.38,0.2772,2.4093,0.0788,1.1929,13.121,0.0147,2.9338,0.0165,0.0114,68.9871
-1.0,3011.84,2167.9444,1.414,106.6033,1.3857,-0.0027,0.0031,200.6684,9.9996,421.7305,0.9809,190.5043,12.5602,1.4058,-3993.5,1547.0,1.002,1.8865,5.122,69.5444,2.2778,0.1753,86.2857,8.5855,63.9733,66.0928,86.8774,78.33,2.809,351.17,134.2436,731.7077,0.9326,145.5555,630.9691,122.1855,4.625,4.848,2875.0,0.9346,-1.2336,353.9191,10.618,113.01,14.0173,21.2336,26.3006,705.4071,150.0227,616.9518,113.6753,0.0169,-0.01,-0.053,0.0065,-0.0745,-0.0196,0.001,7.4173,0.1288,0.9889,1827.6397,0.1895,8552.91,0.0386,0.0177,0.0181,0.075,0.4616,0.9463,715.9049,0.9907,58.5978,0.5982,0.9745,6.2024,15.91,3.927,15.94,15.99,1.021,0.6538,3.285,0.0473,0.6849,2.3312,1008.4998,148.0,75.1,99.9,64.7998,149.535,0.2209,0.1091,0.0449,0.0552,0.0112,8.2772,6.146,8.988,0.006,0.33,0.0553,350.0,77.0,0.114,0.077,0.184,2.8,0.096,0.8273,0.1027,0.4794,0.3367,0.5985,0.16,0.068,4.91,13.99,17.884,0.422,11.22,5.21,23.03,82.367,0.1018,0.0263,0.032,0.0279,0.1074,0.1168,0.0947,0.0682,5.6743,0.0828,0.0006,112.5768,0.0354,1728.0005,0.0137,0.0114,0.0226,0.0319,171.4453,3.2814,0.0343,0.5468,0.0272,5.4189,26.2466,26.421,27.1417,0.0864,2.2662,0.0407,1.7512,0.0952,0.0201,155.2898,230.5188,665.3262,34.4384,0.0466,0.0322,0.0757,1.126,0.0243,0.0261,0.3069,0.0387,0.0927,5.6324,0.0439,6.6337,0.0187,1.7004,4.4279,5.0374,0.1138,1.4579,1.5094,7.2028,21.3245,0.0256,0.0122,0.0148,0.0119,0.0269,0.0615,0.0528,0.0319,1.8408,0.0256,0.0002,40.7715,0.0116,470.6312,0.0057,0.0108,46.4473,1.0467,0.0121,0.172,0.0091,9.8853,1.7,6.6371,2.4935,3.8349,2.989,17.3514,15.6198,7.8731,61.4622,2.1312,0.6162,2.6273,3.9309,38.0619,4.9774,11.3772,4.0816,3.5923,4.0262,26.3415,37.6426,2.0788,0.9588,1.1967,0.7494,0.329,4.7869,5.9295,3.1272,7.2895,3.3733,2.2172,14.6368,4.6975,3.9744,8.7691,80.044,3.2648,7.0745,72.4581,602.3669,37.3314,52.6167,0.0,156.7785,483.7803,0.0,76.501,2.8719,3.4331,0.0605,6.1597,18.6585,0.0,103.1289,0.0,4.887,3.3763,23.948,0.1042,5.5999,8.8164,1.1659,14.1809,77.71819674671121,16.848423769801112,1.2606922869899653,7.948386821851771,0.5219134675816699,56.01527327530197,4.170068981446288,1.6375041433052944,0.3629,0.068,37.5266,6.38899822566279,0.1383100609142752,2.5884421490596585,0.059274560349752564,2.4386982151486203,20.510987643036454,536.0336,2.2003,7.39,0.4013,2.6867,0.1132,1.3786,18.2374,0.0155,3.0919,0.0263,0.0117,44.3686
-1.0,2979.45,2217.8111,0.9618,100.1789,1.4786,-0.0179,0.0085,201.3674,10.8834,416.5229,0.9759,191.568,12.3865,1.4068,-2415.75,-1809.5,1.2977,2.0475,7.3022,70.6222,2.4667,0.1996,85.3154,8.5135,64.1605,66.2242,86.6662,78.79,3.194,354.3445,129.3527,724.7292,1.3988,143.6527,627.35,230.3195,4.575,4.783,2872.0,0.9306,3.9309,353.0318,10.4995,113.2836,15.899,16.0691,22.9785,701.7507,146.6755,612.9909,49.1709,-0.0063,-0.0384,-0.0425,0.0246,-0.0792,-0.0199,0.0298,7.7371,0.1293,0.9629,1877.0406,0.2225,8397.2999,0.0021,-0.0223,0.0205,0.0679,0.463,0.9457,700.1242,0.9911,58.3402,0.6011,0.9727,6.2389,15.79,3.884,15.85,15.8,0.9507,0.6779,3.17,-0.615,0.7833,2.3654,1001.7946,105.0,151.7,113.7,54.3999,225.1749,0.2358,0.0747,0.033,0.0446,0.0176,5.6684,7.27,7.817,0.0094,0.45,0.0461,1168.0,1874.0,0.124,0.161,0.079,2.3,0.625,0.8867,0.0417,0.4481,0.3555,0.6013,0.37,0.1769,8.02,16.2,50.544,1.372,18.27,17.41,33.0099,108.69,0.0963,0.056,0.0369,0.0923,0.102,0.0768,0.0846,0.0986,4.0098,0.0481,0.013699999999999999,126.2266,0.1254,649.3994,0.0141,0.0102,0.0152,0.0166,73.8575,1.0404,0.0367,0.548,0.044,4.6747,29.8946,55.0922,45.9725,0.0723,1.3298,0.0276,2.3989,0.1149,0.0167,534.942,300.5067,3724.7557,833.2321,0.0527,0.0727,0.0354,0.7596,0.045,0.2199,0.3188,0.0162,0.0781,6.3707,0.0956,6.1933,0.0475,2.2157,4.3943,17.6129,0.3552,4.6865,5.03,9.998,34.3925,0.0262,0.027,0.0177,0.0396,0.0258,0.0327,0.0456,0.05,1.3038,0.0135,0.0046,40.3339,0.0374,216.8022,0.0044,0.0068,25.1026,0.3202,0.0119,0.1813,0.015,8.7679,1.5275,4.7101,5.0915,4.4645,2.4529,12.9057,24.5156,5.0522,66.7992,1.8767,0.9634,3.633,3.2784,298.58439999999996,103.5645,9.555,7.8632,1.0819,3.2568,56.7568,78.1737,18.3392,1.0393,0.4896,0.6984,0.1132,5.8813,15.2838,2.6804,12.6447,5.5829,2.5823,21.9452,6.9906,13.0672,17.537999999999997,114.9127,4.7039,47.129650000000005,172.49815,0.0,76.2683,216.9213,415.056,97.0003,425.6604,330.5951,51.8261,1.7787,1.9901,1.3944999999999999,6.7248,63.2556,0.0,48.1532,0.0,3.2873,1.7594,10.5492,0.0715,1.7833,8.7831,1.8615,11.1691,76.556,21.84,1.1,9.5875,0.4366,60.294,5.4744,1.4369,0.246,0.0488,25.3822,6.87,0.093,2.481,0.0415,2.5769,13.7846,538.9091,2.0618,5.41,0.332,1.8927,0.108,1.0039,16.1032,0.0115,2.288,0.0263,0.0117,44.3686
-1.0,3098.04,2236.0667,1.4834,98.6889,1.3877,0.0149,0.0131,204.0978,9.5241,400.8449,0.9646,194.1754,12.5471,1.3968,-1758.0,1362.75,0.9985,1.8815,5.1482,69.1444,2.7778,0.1838,85.2601,8.5779,64.1459,66.183,86.6492,63.93999999999998,5.019,356.6864,139.3209,736.3095,0.902,135.3555,631.3627,112.7403,4.591,4.848,2859.0,0.9257,3.1845,353.6536,10.3225,122.5055,9.7867,16.8155,22.1925,714.1171,146.8573,623.0164,58.7355,-0.0158,0.0218,-0.0317,-0.004,-0.0835,-0.0207,0.019,8.1149,0.1283,0.9906,1766.9422,0.1974,8484.88,-0.0012,0.014,-0.0637,-0.0439,0.4603,0.9646,730.644,0.9908,58.446,0.588,0.9677,6.3111,15.91,3.529,15.92,15.93,0.9791,0.5709,3.138,1.939,0.7713,2.3453,1005.49,119.14115402197672,294.2,218.4,50.2998,236.256,0.3646,0.0893,0.0451,0.0582,0.0163,9.1246,7.154,8.981,0.014,0.85,0.128,470.0,494.0,0.109,0.092,0.139,2.3,0.238,0.8687,0.0754,0.6137,0.3693,0.7476,0.698,0.0768,9.78,25.2,9.565,0.387,18.35,5.29,36.708,79.556,0.0671,0.0502,0.106,0.0672,0.0525,0.1363,0.0565,0.0644,2.3979,0.0344,0.0011,97.2566,0.0862,701.9995,0.0137,0.0169,0.0169,0.0163,85.9546,1.6503,0.0236,0.5569,0.0476,3.6529,30.395934270398183,87.1487,62.7584,0.1156,1.4749,0.0266,2.1246,0.1207,0.045799999999999993,202.8684,349.1718,2369.1636,218.1519,0.0492,0.0412,0.0609,0.7748,0.0279,0.0675,0.3207,0.0304,0.1053,7.1628,0.2546,11.667,0.0247,3.5184,7.0776,3.7186,0.1208,1.4875,1.4841,11.0134,25.6151,0.0182,0.0227,0.0497,0.0315,0.0148,0.0612,0.0288,0.0325,0.7907,0.0126,0.0004,30.1755,0.0243,193.2914,0.005,0.0048,22.4712,0.5028,0.0088,0.1785,0.0157,6.5206,1.1477,5.3781023729463024,9.4963,9.1521,2.2495,14.0613,24.5801,6.4351,75.1148,2.2405,1.4507,6.7745,9.13815,276.5643,36.2502,10.9164,4.8897,2.6999,3.3264,39.6,40.8102,5.1058,1.0189,0.879,0.9567,0.1852,6.3585,10.0631,5.1914,8.5191,7.2254,3.9914,8.4841,6.0634,3.7491,10.3587,187.4993,5.1403,47.129650000000005,135.4478,425.5252,82.8725,211.8203,0.0,163.2824,272.6176,339.3939,29.5494,1.6374,1.4307,0.1141,5.5042,43.6699,0.0,35.518,0.0,3.6784,1.6848,11.7642,0.0737,2.8236,8.8243,2.0308,10.5371,76.19478039585019,17.027597375830968,1.2149057010211404,7.47104068416082,0.486588228555189,69.6203357077126,4.203013293554762,1.5910774830315466,0.2197,0.0392,23.0054,10.63,0.1389,4.0855,0.068,3.9888,18.5959,533.9636,2.0317,8.65,0.2952,2.8943,0.1071,1.62,14.5292,0.0165,3.2777,0.0263,0.0117,44.3686
-1.0,3080.57,2217.8667,1.5487,105.2933,1.4975,-0.0248,0.0135,198.8787,12.6648,413.7464,0.9706,189.4966,12.5041,1.4087,-1363.875,1329.0,0.9818,1.8915,5.1617,67.9333,2.8444,0.1992,84.2049,8.7662,64.006,66.4953,86.5018,75.71,3.408,356.8882,125.8445,715.5359,0.943,139.3282,622.0609,126.6078,4.593,4.854,2831.0,0.93,3.5264,354.1109,10.6222,109.3709,17.77,16.4736,21.3934,694.1426,140.8091,604.2909,114.4851,-0.0174,0.018,-0.0348,-0.0253,0.0194,-0.0334,0.0113,7.2543,0.1404,0.9902,1837.8261,0.1945,8794.9101,-0.052,-0.04,0.17079999999999998,-0.0982,0.4593,0.9465,761.6345,0.991,56.2786,0.5865,0.9666,6.379,15.95,3.486,15.95,16.0,0.9649,0.5761,3.118,-0.8042,0.7923,2.3308,1010.1669,120.0,79.4,101.3,46.6001,196.969,0.3835,0.2012,0.0628,0.0341,0.012,8.1702,7.07,8.381,0.0091,0.24,0.0482,466.0,120.0,0.135,0.09,0.199,3.1,0.171,0.48,0.0611,0.7437,0.3386,0.7309,0.672,0.0879,4.48,15.1,22.93,0.346,15.61,5.33,29.597,65.904,0.0658,0.0583,0.1138,0.0717,0.088,0.0791,0.0672,0.0866,5.9012,0.0282,0.0005,135.6459,0.0156,1007.4004,0.0205,0.0236,0.0168,0.0264,102.2138,6.3531,0.0357,0.6692,0.0321,3.8599,30.132,26.6023,37.0369,0.1155,1.7522,0.0609,2.134,0.0673,0.0177,197.0184,267.6009,5823.189049999999,54.0,0.0571,0.0379,0.0979,0.9407,0.0178,0.0589,0.1932,0.0286,0.0691,4.6328,0.2253,7.5953,0.0294,1.3632,4.1403,7.4267,0.0979,1.6294,1.8238,8.6886,20.3779,0.022,0.0262,0.0481,0.0329,0.0276,0.0388,0.0315,0.0471,1.9903,0.0094,0.0002,42.1289,0.0051,360.072,0.0052,0.0076,39.0958,2.0624,0.0108,0.212,0.0099,9.6105,1.0611,5.3739,2.5774,4.1717,2.1011,15.4474,24.7664,13.4355,55.8239,2.0256,0.9338,1.9194,3.4237,0.0,9.0293,13.751,4.7581,3.8553,4.5633,28.125,26.1015,3.6662,0.57,0.6965,1.1619,0.6795,4.3767,5.5386,3.6907,9.3192,3.2154,2.4274,18.111,5.5997,3.2573,4.7362,87.8446,4.2638,12.7849,57.5656,378.8413,148.9144,205.7389,347.7402,407.732,201.3483,766.3717,81.347,1.5671,1.169,0.0506,7.3808,8.0239,839.1111,75.5245,0.0,3.6638,2.7879,13.4203,0.0759,11.2887,10.491,1.377,8.7754,75.52137325003973,16.985780621295273,1.237053312008943,7.899535585008654,0.5083709576827127,56.39837754211073,4.206616776991718,1.648279535156484,0.3629,0.068,37.5266,10.66,0.2034,4.2022,0.0871,4.2457,24.6499,532.5336,2.2723,8.0,0.2372,2.7908,0.0892,1.5023,10.439,0.0191,3.839,0.0263,0.0117,44.3686
-1.0,2938.11,2233.1556,1.5188,102.6611,1.489,-0.0058,-0.0026,197.7375,9.4795,406.9507,0.9652,187.7949,12.3865,1.4003,-1363.875,0.0,0.67205,1.7109999999999996,1.1174500000000007,69.3333,2.9778,0.2023,85.7833,8.7696,63.7482,66.4353,86.5639,76.61,3.317,352.9045,131.9909,732.2055,1.3357,148.5873,633.4827,207.3554,4.625,4.848,2875.0,0.9346,0.8764,353.6555,10.5981,112.8673,18.5282,19.1236,27.1747,705.0308,148.4318,614.9545,52.3699,0.0104,0.0464,-0.0473,0.0198,-0.102,0.0038,0.0281,7.8463,0.1211,0.9848,1781.0447,0.1968,8722.84,-0.0988,0.0186,0.0271,0.0459,0.4217006157501573,0.9224,739.1096,0.9908,58.674,0.5848,0.9714,6.2538,15.91,3.529,15.92,15.93,0.9791,0.5709,3.138,1.939,0.7713,2.3453,1005.49,99.0,190.7,117.2,57.2,179.682,0.2158,0.23175000000000004,0.0388,0.0434,0.0155,6.545,6.595,9.165,0.0149,0.45,0.0723,0.0,0.0,0.0,0.0,0.0,3.9,0.164,0.34,0.1166,0.4289,0.1596,0.5536,0.261,0.0658,7.5,13.47,63.616,0.334,19.36,10.75,31.313,76.288,0.1004,0.0391,0.12045,0.0781,0.0729,0.0965,0.0343,0.0974,5.6237,0.028,0.0093,81.3291,0.0345,927.5996,0.019,0.0104,0.029566634895846905,0.027,84.4496,1.9985,0.0141,0.5268,0.0476,3.6529,28.9688,57.3761,46.2939,0.0704,2.1585,0.0802,1.8928,0.1149,0.0268,0.0,0.0,0.0,0.0,0.0,0.0,0.0,1.118,0.0265,0.0459,0.122,0.0426,0.086,6.5683,0.0884,6.5578,0.0194,2.2416,4.233,21.2901,0.1009,3.3387,4.1104,9.8742,27.8252,0.0254,0.0192,0.055099999999999996,0.0382,0.0211,0.0501,0.016,0.0528,1.8525,0.0099,0.0023,24.7412,0.012,290.549,0.014900491728679903,0.0074,27.8084,0.6223,0.0051,0.174,0.0157,6.5206,1.1477,4.4417,6.4906,4.7416,2.5614,12.5214,14.2082,16.1177,69.5708,2.2521,1.5416,3.633,5.1639,0.0,0.0,0.0,0.0,0.0,5.625,23.5075,39.5387,3.5283,0.3963,1.3293,0.6728,0.6795,6.098,6.0383,3.1559,4.9259,5.0475,2.1263,30.6797,4.6975,3.1515,5.5375,104.4896,4.4414,47.129650000000005,145.6714,962.4925,52.4656,165.0291,367.9495,94.6078,896.732,346.6192,71.6733,2.8899,1.1526,0.9397,4.5664,17.539,0.0,60.1367,0.0,13.933391387344676,2.9315,11.4259,0.1071,3.4062,8.4237,2.0308,10.5371,77.37,15.07,0.39,7.7469,0.1776,146.2962,3.6859,0.5041,0.1042,0.0297,10.8507,6.46,0.0905,2.7636,0.037,2.4036,13.1139,538.9091,2.0618,5.41,0.332,1.8927,0.108,1.0039,16.1032,0.0216,4.3178,0.0263,0.0117,44.3686
-1.0,3073.57,2171.3222,0.8066,107.17,1.5095,-0.0272,-0.0044,197.7105,7.5917,402.8236,0.9703,187.8507,12.4871,1.4017,-4218.5,-851.0,1.2908,2.0042,7.2663,66.9889,2.6111,0.1864,85.9922,8.5334,63.9469,66.1932,86.8109,78.33,3.342,353.21,136.1291,737.9392,0.9,146.4591,635.7982,117.9147,4.646,4.884,2882.0,0.9331,-1.9682,355.9,10.6251,114.1609,13.4528,21.9682,26.565,711.3742,152.2845,622.3454,76.3119,0.0126,-0.0377,-0.0237,0.0045,-0.0784,-0.0215,0.0106,8.1359,0.135,0.9882,1827.4076,0.1611,8348.04,-0.057,0.0177,-0.0023,0.0219,0.4636,0.9704,690.4209,0.9905,58.7098,0.5851,0.9779,6.3217,15.9,3.383,15.94,15.95,0.9838,0.6119,3.392,0.4258,0.7611,2.3401,1006.766,117.0,112.0,85.9,60.0,225.176,0.1026,0.1076,0.0612,0.0438,0.0087,6.0548,5.052,14.378,0.009,0.27,0.0254,745.0,3635.0,0.073,0.082,0.306,1.8,0.332,0.845,0.0722,0.8189,0.3488,0.802,0.301,0.0825,4.97,17.47,29.092,0.267,23.44,7.23,26.993,90.144,0.068,0.0523,0.0425,0.0376,0.039,0.0975,0.089,0.0865,2.8832,0.0454,0.0022,200.9971,0.0484,694.5996,0.0128,0.0119,0.0516,0.0113,105.2298,3.2242,0.0135,0.6292,0.0362,3.8497,30.3453,39.0225,29.0558,0.0389,2.2548,0.0404,1.7321,0.0784,0.0094,331.9923,164.3705,1521.4724,1663.2356,0.0386,0.0344,0.1339,0.6353,0.0823,0.136,0.3146,0.031,0.0598,7.4635,0.0943,6.5397,0.0251,1.6437,5.4061,10.466,0.0826,2.0669,2.1898,8.1737,28.4591,0.0163,0.0217,0.0206,0.0166,0.0115,0.0482,0.046,0.0442,1.2162,0.0148,0.0007,60.829,0.0144,258.4554,0.0124,0.004,32.0703,1.0234,0.0045,0.2007,0.0118,7.6124,1.3698,5.3879,3.644,3.5508,2.7633,23.2963,12.7253,7.1284,66.5461,3.5693,0.928,2.1622,1.8092,77.4209,427.1445,5.6556,4.0913,4.2113,2.687,80.4255,153.3969,9.5763,0.9826,0.8463,1.2806,0.113,6.0106,7.4488,3.1474,9.1727,3.3934,2.7477,24.6721,4.8773,2.5129,5.2645,174.2395,3.7945,34.6769,118.1257,540.7555,49.6205,158.8173,865.4646,124.4416,412.993,814.1176,35.4378,1.6298,1.9096,0.2241,10.999,30.0314,0.0,52.2003,0.0,11.1303,1.1598,15.2414,0.0899,5.4918,9.9528,1.5456,10.3609,80.39,17.43,1.15,7.8732,0.5114,102.9308,4.3526,1.4305,0.3544,0.0695,36.9618,11.49,0.1502,4.4135,0.0561,4.5447,24.7768,532.4936,2.1201,8.02,0.215,2.5875,0.0563,1.5061,10.1404,0.0137,2.7576,0.0263,0.0117,44.3686
-1.0,3057.31,2214.9333,1.0203,100.4456,1.483,-0.0328,0.0048,197.739,8.7923,399.654,0.9703,187.2363,12.4824,1.4194,-4610.0,1431.5,1.0097,1.859,5.051,66.6,3.0667,0.2056,85.0513,9.1156,63.9509,66.94045000000003,86.8518,79.16,2.719,351.1209,133.9318,726.4588,0.9461,136.68,621.7327,123.0725,4.566,4.796,2876.0,0.9295,3.2964,351.08,10.4397,117.2282,8.3183,16.7036,21.2894,705.1695,147.2309,615.5391,82.6698,-0.0004,0.0059,0.0056,-0.0161,0.0086,-0.0234,0.0078,7.0458,0.1308,0.9893,1817.1541,0.1993,9116.9602,-0.0598,-0.1042,0.1408,-0.1328,0.45199712854606156,0.947,737.8227,0.9909,58.7207,0.6071,0.9761,6.0576,15.96,3.523,15.98,15.95,0.9554,0.5781,3.264,-0.9461,0.7527,2.3323,1010.1773,111.0,156.7,135.1,54.5,221.54,0.1771,0.1531,0.0827,0.0684,0.0118,7.3672,4.433,11.757,0.0091,0.28,0.053,368.0,140.0,0.103,0.051,0.103,3.5,0.145,0.6989,0.1288,0.6114,0.3099,0.8541,0.222,0.1019,6.98,14.56,22.677,0.664,16.83,10.83,26.994,117.213,0.0933,0.0428,0.0304,0.0261,0.1063,0.0981,0.0968,0.0395,4.3748,0.0881,0.0008,83.0784,0.023,895.2998,0.0173,0.0236,0.05225676280230729,0.0113,124.7585,2.1065,0.028,0.3853,0.0311,3.8256,29.3985,49.3667,47.283,0.0587,1.6772,0.0447,1.6119,0.0821,0.019,175.7695,169.5897,1467.9187,67.4957,0.0449,0.0236,0.0477,1.01,0.0223,0.0434,0.2747,0.0487,0.0885,5.7283,0.0693,7.0315,0.0318,2.0836,4.9367,6.457,0.1826,2.6425,3.0146,9.0705,38.2382,0.0264,0.0205,0.0135,0.0113,0.0349,0.0505,0.0506,0.0222,1.2787,0.0301,0.0003,33.2169,0.0077,237.1109,0.011825939572442488,0.0041,34.7415,0.5345,0.0089,0.1313,0.0098,11.4499,1.1147,5.0068,5.1254,5.4442,2.4606,13.3161,17.36,10.3239,50.4193,2.9418,0.9383,2.2431,3.7348,69.0672,9.78,10.2005,2.7434,2.0392,5.2553,26.087,32.5946,3.1539,0.8217,1.4134,0.956,0.227,5.2347,16.2471,2.9359,10.7693,5.1068,2.3418,18.4257,6.7865,6.3603,17.537999999999997,202.326,3.828,33.6216,141.7845,0.0,82.5856,470.2703,660.5049,0.0,413.6752,504.7923,62.0914,2.9827,3.8852,0.082,4.5719,11.5363,0.0,52.9323,350.0,11.134698681027833,1.1985,16.909,0.0668,3.5873,6.3605,1.3313,9.9265,71.772,16.09,1.28,7.6952,0.4998,40.5635,4.0321,1.7834,0.5292,0.0928,43.8076,5.04,0.1365,2.2454,0.0575,2.0009,17.3613,530.7118,2.0223,9.29,0.2007,3.2513,0.0801,1.7505,9.9246,0.0175,3.4736,0.0263,0.0117,44.3686
-1.0,2979.86,2229.3333,1.5123,102.78,1.5227,-0.0207,0.0192,200.7038,10.6532,408.7933,0.9699,192.2409,12.488,1.3827,-5028.0,1266.75,0.9662,1.8895,5.0483,69.1111,1.8111,0.1321,85.7033,8.7568,63.6774,66.3915,86.5928,76.76,3.341,362.3527,127.6336,725.1107,1.3835,141.8136,631.8,219.1915,4.651,4.867,2837.0,0.929,4.3818,360.5682,10.2892,112.0155,14.5473,15.6182,23.4325,701.6783,144.6691,617.2527,86.9581,-0.0204,-0.0023,-0.071,-0.0307,0.0287,-0.0193,-0.0199,7.1552,0.1388,0.9614,1860.9223,0.2319,8336.1801,0.0033,-0.1014,0.1441,-0.0625,0.4635,0.926,709.8677,0.9904,58.2081,0.5989,0.9659,6.488,15.94,3.208,15.97,15.95,0.9602,0.5451,3.195,0.2365,0.8207,2.3414,1018.1556,200.0,85.3,68.5,75.5,152.9181,0.3085,0.103,0.0848,0.0638,0.0101,12.8417,10.718,14.553,0.0103,0.25,0.0586,537.0,233.0,0.09,0.081,0.112,1.7,0.172,0.497,0.1144,0.5167,0.3131,0.7184,0.438,0.1116,4.86,18.78,45.826,0.722,19.19,3.28,29.101,72.11,0.1105,0.0484,0.0395,0.0346,0.0878,0.0981,0.0913,0.0568,6.5609,0.0733,0.013699999999999999,148.0391,0.1254,1024.6001,0.0177,0.0177,0.0242,0.0214,106.9396,3.511,0.0384,0.5042,0.0357,2.4614,45.32809999999999,30.3463,20.688,0.1078,2.2767,0.0322,2.9775,0.0697,0.0205,226.0802,299.2662,2341.2887,107.1086,0.04,0.0384,0.0542,0.5302,0.0292,0.0508,0.1883,0.0442,0.0502,5.4181,0.1618,7.7474,0.0386,1.3332,5.3148,15.0278,0.1948,1.1288,1.887,8.529,28.5708,0.0291,0.0206,0.0167,0.0178,0.0278,0.0446,0.0498,0.0277,2.1893,0.0238,0.0046,48.8408,0.0374,341.2235,0.0065,0.0061,36.6812,1.1426,0.0111,0.1667,0.0106,8.7276,0.9224,9.053150000000002,2.8626,2.691,3.3867,9.8446,20.3964,6.7645,100.6084,3.56,1.065,2.0019,4.2408,112.0326,18.3935,9.3144,4.2868,2.2186,2.4598,38.6503,62.8259,3.6914,0.5799,1.306,0.8114,0.6795,4.9731,5.0144,3.7084,8.0641,3.427,2.9725,20.9068,5.7182,7.0171,6.0884,131.9148,4.1473,19.0645,82.925,540.5075,111.1366,48.7152,286.1683,341.2174,472.445,284.7118,91.6939,1.8732,3.0391,1.3944999999999999,7.9551,63.31987047269746,0.0,90.2486,337.6147,5.2155,2.31,15.0647,0.1319,6.0317,7.7721,1.5249,6.9376,77.80875632466268,17.05335102517137,1.2965953909536234,7.9632060611230715,0.5341575752568595,52.02809992949238,4.195477867429441,1.651607996219192,0.3096,0.0546,31.8804,6.437663855437115,0.1420888106968534,2.634126012826777,0.059353819202931715,2.444469792990153,20.233924038561444,535.4364,2.0862,6.23,0.2627,2.2294,0.0738,1.1635,12.593,0.0128,2.5621,0.0263,0.0117,44.3686
-1.0,3113.13,2159.0556,0.8184,100.7056,1.4548,0.0086,0.0061,198.3094,12.4662,420.5236,0.9798,188.1524,12.4871,1.3891,-4250.25,118.0,1.2745,2.0125,7.2858,69.9,2.7444,0.2102,86.3794,8.5615,64.0756,66.1344,86.8706,79.0,3.478,354.5827,136.9809,732.8516,0.9264,137.4664,629.03,119.4002,4.617,4.868,2843.0,0.929,0.5082,357.18,10.2245,117.4891,10.123,19.4918,25.6003,707.2514,145.6791,620.3482,50.3974,0.0043,-0.0743,-0.036,-0.0006,-0.0937,-0.0412,0.0106,7.4406,0.1439,0.9834,1827.0915,0.1608,8098.64,-0.0304,0.0242,0.0205,-0.0567,0.4532,0.9756,608.6508,0.9911,58.1012,0.5943,0.9676,6.2857,15.89,3.879,15.9,15.98,0.9649,0.6295,3.199,-0.1419,0.827,2.3406,1004.4267,117.0,190.2,69.8,50.3999,331.64,0.1054,0.0451,0.0526,0.04,0.007,6.7612,6.01,9.363,0.0056,0.27,0.0676,876.0,809.0,0.176,0.059,0.191,2.8,0.607,0.7187,0.1334,0.5936,0.3401,0.68,0.598,0.105,8.11,24.07,24.899,0.901,15.96,4.74,37.026,49.126,0.0573,0.0477,0.0311,0.0487,0.0534,0.0871,0.0884,0.0614,4.4574,0.0402,0.0034,120.0469,0.0371,843.1001,0.0119,0.0142,0.0184,0.0124,76.2551,1.7338,0.0217,0.47,0.0291,3.634,30.3453,53.448,23.499,0.0358,2.2086,0.0155,1.9866,0.0784,0.0217,359.5695,240.5695,656.1806,330.9149,0.0789,0.0284,0.0842,0.8382,0.0346,0.2116,0.296,0.0542,0.1011,6.2989,0.2056,10.6379,0.0327,2.2386,6.9663,7.9556,0.2889,1.2502,1.7574,11.0862,14.9223,0.0168,0.0246,0.0158,0.0211,0.0198,0.0486,0.0453,0.0337,1.7123,0.0145,0.0011,34.2847,0.0102,266.3096,0.005,0.0039,25.2465,0.4662,0.0091,0.1532,0.009,9.1065,1.2164,5.3879,6.1096,2.8384,2.3343,30.5834,12.8744,3.1002,48.2104,2.2265,0.5732,2.1622,4.8636,35.7626,685.5932,13.8093,2.9317,2.6216,4.0057,54.6559,53.7526,17.597,0.832,1.5577,0.9264,0.2509,6.3934,9.1692,4.8974,11.3395,5.8996,3.8265,20.8534,6.0034,8.8122,10.6223,157.6607,5.2352,27.2256,97.4773,0.0,95.4955,135.3718,0.0,93.0059,214.8238,577.8824,59.9063,1.6683,1.6586,0.3463,6.5704,23.1045,516.3636,88.2521,0.0,4.0578,1.2681,13.3318,0.0798,2.9841,7.478,1.2444,9.7247,81.004,18.74,1.62,7.7574,0.674,83.0477,4.6001,1.9999,0.338,0.0593,34.2197,6.391416112298654,0.13436491046138718,2.5427406661823726,0.056583910917263294,2.4364447291131905,21.50980680863379,532.6964,2.0363,9.32,0.3649,3.3176,0.1132,1.7496,17.9202,0.0124,2.5106,0.0263,0.0117,44.3686
-1.0,3094.95,2201.0667,1.4148,106.5478,1.5277,-0.0239,0.0149,204.0975,9.5575,409.5131,0.9684,195.539,12.4824,1.3599999999999999,-4122.5,1408.0,0.9963,1.8848,5.1755,66.7,2.9889,0.2117,85.0513,9.1156,63.9509,66.94045000000003,86.8518,79.16,2.719,351.2173,133.19,726.0018,0.9125,140.2173,624.6245,113.3166,4.566,4.793,2870.0,0.9299,0.4373,351.9482,10.5002,113.6273,10.1415,19.5627,24.5833,701.4185,150.4855,616.0609,84.6278,0.0194,-0.0024,-0.0027,-0.0121,0.0277,-0.027,0.0167,7.5849,0.1284,0.9904,1738.7372,0.2023,8989.9399,-0.02,0.0046,-0.0496,0.0834,0.46057388345476036,0.9439,788.1417,0.9911,58.4098,0.6028,0.9777,6.2166,15.96,3.438,15.97,15.97,0.9602,0.5944,3.191,0.0473,0.8162,2.3323,1008.6706,111.0,199.2,288.2,44.6001,144.823,0.1649,0.115,0.0573,0.0534,0.0092,6.132,9.073,18.719,0.0096,0.28,0.128,384.0,293.0,0.093,0.078,0.243,3.0,0.205,0.6989,0.1288,0.6114,0.3099,0.8541,0.209,0.1325,7.97,13.7,28.415,1.166,14.88,18.43,38.535,79.923,0.0623,0.0553,0.03,0.0231,0.1,0.088,0.0893,0.0555,4.1926,0.0623,0.0009,111.7385,0.023,718.0996,0.0173,0.0122,0.06295713120734148,0.0193,85.1937,1.7048,0.0338,0.6053,0.0415,4.1347,29.3985,63.3923,93.6816,0.054,1.9148,0.0444,2.4169,0.0821,0.045799999999999993,203.6621,208.3403,502.1729,120.1804,0.0419,0.0321,0.1141,0.8958,0.0382,0.0532,0.2747,0.0487,0.0885,6.4175,0.0601,6.6611,0.0365,2.4122,4.2004,9.9792,0.3248,5.248349999999999,5.6443,10.7806,25.3113,0.0215,0.028,0.0133,0.0096,0.0257,0.0486,0.0486,0.0237,1.4874,0.0217,0.0002,34.7648,0.0065,189.984,0.008623909446039696,0.0055,20.8196,0.4462,0.0111,0.2011,0.0122,8.854,1.3974,5.0068,6.4363,11.5018,2.0263,16.4528,11.6558,7.5274,94.9302,4.571,0.9926,2.2431,9.13815,28.5506,20.8097,9.335,4.1385,4.6952,4.4978,23.4201,60.9449,4.3721,0.8217,1.4134,0.956,0.227,6.2241,17.1559,2.7102,14.5212,5.684,2.1933,25.0758,7.1758,11.1046,17.537999999999997,146.7236,5.4939,27.9109,94.4406,320.8239,116.2375,764.9995,823.0453,317.9765,331.0473,332.8336,55.2751,2.4152,2.6117,0.0884,6.4264,11.3741,0.0,46.3054,0.0,11.705044487605855,2.0494,10.8094,0.0452,2.9187,9.7374,1.7798,9.7755,73.834,18.36,1.1,9.1131,0.49,55.1416,4.5101,1.4898,0.1226,0.0349,12.6436,4.98,0.0877,2.0902,0.0382,1.8844,15.4662,532.5646,2.7395,13.35,0.6164999999999999,4.0485,0.18730000000000002,2.5067,28.50255,0.026000000000000006,5.21645,0.0106,0.0212,200.1816
-1.0,2978.89,2217.8111,0.9618,100.1789,1.4611,-0.0088,0.0121,200.4547,12.6135,434.1288,0.969,190.9405,12.499,1.3957,-3473.3333,-4944.75,1.309,1.9788,7.2157,68.1111,2.6778,0.2089,85.2505,8.7812,64.0886,66.1006,86.6597,79.07,3.103,354.1818,134.6118,735.9682,0.889,144.9282,633.7218,117.5672,4.637,4.836,2881.0,0.934,-0.6609,356.6464,10.6285,113.9509,13.1609,20.6609,25.3772,710.591,149.9636,620.5609,64.1065,-0.0049,0.0297,-0.0312,-0.0054,-0.0838,-0.0152,0.0287,7.184,0.1319,0.9862,1847.0164,0.1902,9290.2499,-0.1576,-0.0735,0.0407,-0.0584,0.4595,0.9473,811.0338,0.9915,57.7275,0.5981,0.9799,6.2555,15.79,3.884,15.85,15.8,0.9507,0.6779,3.17,-0.615,0.7833,2.3654,1001.7946,131.0,225.0,180.9,54.3999,225.1749,0.2358,0.0692,0.0356,0.0494,0.0119,5.6516,8.491,10.087,0.0092,0.38,0.0347,1658.0,17919.5,0.156,0.121,0.113,3.4,0.487,0.7017,0.0929,0.3964,0.3561,0.7394,0.233,0.0825,4.42,18.91,26.439,0.355,20.56,5.79,27.436,90.527,0.0547,0.054,0.0481,0.0656,0.0479,0.1081,0.0885,0.0818,4.3044,0.0292,0.0023,72.1797,0.0212,1124.7002,0.0275,0.0211,0.0118,0.0251,105.0039,1.8671,0.0191,0.4567,0.044,4.6747,31.9114,79.9562,72.0304,0.0723,1.3298,0.023,2.5005,0.0964,0.0123,733.9076,220.9472,754.2058,8994.62525,0.0643,0.055,0.0489,1.0055,0.0821,0.1486,0.2774,0.0383,0.1054,6.5332,0.0711,6.3662,0.0203,1.5126,5.7285,7.1541,0.0883,1.5688,1.9714,8.1279,24.5822,0.0138,0.0266,0.0216,0.0274,0.016,0.0578,0.041,0.0415,1.5705,0.0111,0.0007,25.737,0.0063,321.7193,0.0038,0.0085,29.3993,0.5548,0.0064,0.1472,0.015,8.7679,1.5275,6.0079,7.5531,7.1674,2.4529,12.9057,24.5156,4.7362,67.317,2.3235,0.9545,3.0402,2.4827,43.3877,393.5487,11.9175,6.115,1.566,4.9918,56.0166,125.4255,14.3291,0.8231,1.0578,0.6185,0.208,5.3927,6.463,2.9137,9.2836,3.0498,2.984,22.4884,4.6095,3.3401,6.7836,156.2205,3.861,47.129650000000005,141.2136,0.0,78.0347,210.5939,891.1628,128.9207,583.196,285.5148,59.9165,2.6544,1.2288,0.2378,3.9079,11.1202,964.5714,43.6236,455.6962,2.5752,2.6516,12.9469,0.066,3.2343,7.3005,1.8615,11.1691,82.5,16.49,2.17,7.7901,0.88615,83.4302,4.0761,2.7273,0.7942,0.1527,82.0961,10.01,0.2104,4.2583,0.095,3.9814,25.1091,536.76,2.1073,6.83,0.3444,2.3248,0.0937,1.2725,16.3417,0.0146,2.9091,0.0106,0.0212,200.1816
-1.0,3005.61,2214.9333,1.0203,100.4456,1.3898,-0.0229,0.0191,203.3658,11.9668,413.7951,0.9606,194.7712,12.3865,1.4152,-1363.875,-5072.0,1.3165,1.9752,7.2235,74.6667,1.8222,0.1456,84.969,8.3331,64.2455,65.8599,86.993,80.71,2.903,363.3009,136.6545,740.6494,0.9068,137.09,637.0455,136.7441,4.597,4.855,2907.0,0.9261,2.5055,362.4691,10.3541,119.16,10.5073,17.4945,23.1487,717.5006,144.9091,626.5382,73.2039,0.0116,-0.0051,-0.0394,-0.0166,0.017,-0.0187,0.0446,6.6032,0.1343,0.987,1748.2561,0.1962,8989.74,-0.022,0.0493,0.0192,0.0203,0.4409462765365191,0.9196,747.3791,0.9909,58.9346,0.5913,0.9615,6.4523,15.94,3.208,15.97,15.95,0.9602,0.5451,3.195,0.2365,0.8207,2.3414,1018.1556,83.0,97.9,120.3,54.5,221.54,0.1771,0.0827,0.0614,0.0389,0.0161,6.7513,10.601,15.472,0.0167,0.45,0.0659,1006.0,10966.0,0.196,0.137,0.288,1.4,0.257,0.7984,0.1227,0.5612,0.3052,0.7328,0.742,0.1124,10.24,11.65,21.275,0.448,14.36,8.87,20.009,98.129,0.0779,0.0619,0.0287,0.0997,0.0752,0.1096,0.082,0.0977,3.734,0.055,0.0024,146.3693,0.0208,413.3994,0.0062,0.0107,0.043836238095828095,0.0228,54.2764,2.0567,0.0312,0.4634,0.0357,2.4614,24.4938,33.937,35.1479,0.0587,1.6772,0.0327,3.5324,0.1149,0.0202,459.9387,144.4123,5823.189049999999,6300.562,0.0919,0.0699,0.137,0.4472,0.0357,0.0915,0.3036,0.0452,0.108,7.2215,0.2648,4.5406,0.0322,2.9036,3.5603,6.0114,0.1414,2.9314,3.112,5.703,35.0658,0.0196,0.027,0.013,0.0414,0.0235,0.0568,0.0441,0.0528,1.2517,0.018,0.0009,42.7579,0.0066,146.416,0.012243916318419668,0.0064,17.7587,0.5138,0.0084,0.1511,0.0106,8.7276,0.9224,3.6503,3.2572,5.026,2.4606,13.3161,17.36,5.9506,88.5866,3.7391,1.7385,3.633,4.6588,0.0,216.2066,14.888,6.9358,3.987,1.875,27.439,71.4504,7.6959,0.9396,1.472,0.8735,0.1986,6.6033,12.7548,2.1944,12.395,7.4695,1.8288,15.5583,2.5012,4.3268,7.1836,136.667,2.7887,47.129650000000005,134.0488,674.0941,112.6991,252.725,451.991,644.7059,439.0897,218.9356,56.5474,2.3819,2.2583,0.2461,8.3723,10.5934,0.0,74.277,679.2453,11.080109307221393,2.4751,7.2622,0.1026,3.4898,7.1822,1.5249,6.9376,74.11,14.27,1.94,6.6975,0.7391,60.501,3.5593,2.6177,0.5292,0.0928,43.8076,9.8,0.0813,3.8861,0.0394,3.6216,12.0531,537.1036,1.9971,7.0,0.3406,2.1819,0.1139,1.3033,17.0534,0.0142,2.8381,0.0106,0.0212,200.1816
-1.0,2965.5,2184.8889,1.3378,106.69,1.4429,-0.0293,0.0013,198.0801,12.2199,416.4763,0.9659,188.2646,12.5896,1.3988,-1416.0,1258.5,0.9892,1.8965,5.2415,68.3333,2.8556,0.1867,85.7833,8.7696,63.7482,66.4353,86.5639,76.61,3.317,365.5573,132.89,735.9788,1.3124,139.5373,637.9845,241.2712,4.53,4.754,2917.0,0.9238,0.4027,362.9245,10.4425,113.2927,21.129,19.5973,27.2715,708.7074,140.6382,616.8555,106.088,0.0196,0.0316,-0.0579,0.0189,-0.0774,-0.036,-0.0037,6.6999,0.126,0.9848,1781.0447,0.213,8827.89,-0.043,0.0465,0.0582,-0.0703,0.4646,0.9458,745.649,0.9903,58.2499,0.5952,0.9376999999999999,6.1249,15.79,3.884,15.85,15.8,0.9507,0.6779,3.17,-0.615,0.7833,2.3654,1001.7946,99.0,96.2,98.3,52.2002,187.3051,0.2247,0.0824,0.0676,0.0423,0.0152,5.7853,7.041,11.155,0.0137,0.41,0.0758,479.0,222.0,0.133,0.092,0.249,3.9,0.183,0.34,0.1166,0.4289,0.1596,0.5536,0.391,0.171,6.77,12.29,68.798,0.542,14.95,12.29,23.802,57.555,0.1012,0.0437,0.12045,0.039,0.0914,0.07,0.041,0.0296,4.8944,0.0794,0.0093,81.3291,0.1189,485.5,0.0164,0.0174,0.0161,0.0101,47.2559,3.4378,0.0153,0.5081,0.044,4.6747,28.9688,32.1559,33.8935,0.0791,2.3862,0.0256,2.1773,0.1088,0.0277,211.4687,259.531,3715.0541,96.4659,0.0544,0.0388,0.1028,1.1147,0.0155,0.0542,0.122,0.0426,0.086,5.0057,0.1452,4.6949,0.0508,1.6437,3.4882,21.4288,0.175,3.5008,4.3415,6.1587,18.9749,0.0245,0.0204,0.055099999999999996,0.0164,0.0249,0.036,0.0207,0.013,1.8073,0.0249,0.0023,24.7412,0.0341,132.8788,0.0043,0.0031,13.3565,1.1296,0.0054,0.1632,0.015,8.7679,1.5275,4.4417,3.244,4.1541,2.3891,20.6933,16.7956,5.7107,57.6191,2.6784,1.4187,3.2567,5.4219,298.58439999999996,17.64,13.4445,4.851,4.7505,5.7073,24.5136,25.1786,3.8974,0.3963,1.3293,0.6728,0.6795,3.8517,10.9414,2.4017,13.0317,4.8518,1.9264,28.5148,2.2285,5.1903,4.8547,70.7557,3.3585,14.0388,54.2521,515.8331,40.1839,67.3866,483.7579,90.4685,113.7309,810.9589,73.0512,0.5558,3.2316,0.9397,4.5664,55.8263,804.6243,41.5045,688.0,3.4607,1.0672,6.3375,0.1069,5.9019,8.2951,1.8615,11.1691,78.87180712534715,16.575039866265588,1.2694634205249,7.6731151778152205,0.5150544346317139,56.24628616261911,4.078587963982718,1.58746254315779,0.1184,0.0323,12.6465,6.65,0.0226,2.5589,0.0095,2.4865,3.2908,535.4364,2.0862,6.23,0.2627,2.2294,0.0738,1.1635,12.593,0.0128,2.5672,0.0106,0.0212,200.1816
-1.0,2933.05,2229.3333,1.5123,102.78,1.4252,-0.0221,0.0046,199.0942,12.2971,434.3615,0.9825,189.7538,12.488,1.3943,-3733.75,-523.5,1.3088,2.018,7.4017,67.7556,2.6889,0.2111,85.9922,8.5334,63.9469,66.1932,86.8109,78.33,3.342,354.3064,141.0318,737.4039,0.8811,135.0291,630.3673,111.3635,4.592,4.838,2847.0,0.9295,-1.2973,354.4691,10.2481,119.7345,7.9873,21.2973,27.5945,709.8095,149.3173,623.5209,73.2395,-0.0215,0.011,-0.0687,0.0442,-0.0634,0.0096,0.0013,6.6965,0.1337,0.9906,1820.0463,0.161,9232.3602,0.0068,-0.0019,0.0585,-0.2305,0.4440984932086143,0.9452,795.1965,0.9909,58.9243,0.5993,0.9661,6.3383,15.91,3.529,15.92,15.93,0.9791,0.5709,3.138,1.939,0.7713,2.3453,1005.49,109.0,166.2,79.8,75.5,152.9181,0.3085,0.0639,0.0614,0.067,0.0084,6.5892,5.967,7.864,0.0041,0.25,0.097,1080.0,1885.0,0.12,0.161,0.221,2.3,0.274,0.845,0.0722,0.8189,0.3488,0.802,0.483,0.0694,12.26,17.94,9.252,1.27,16.86,15.42,35.721,100.644,0.0863,0.0659,0.0342,0.0754,0.1138,0.0714,0.0693,0.0457,5.5336,0.0283,0.0009,84.3625,0.0374,766.2002,0.03,0.0322,0.0615742122950477,0.0241,77.6888,1.3896,0.0267,0.6033,0.0476,3.6529,26.5607,52.3288,23.9241,0.1078,2.2767,0.0245,1.8993,0.0697,0.0361,530.0549,144.8962,174.3414,818.6975,0.0534,0.0683,0.0988,0.7073,0.045,0.1105,0.3146,0.031,0.0598,4.4843,0.1412,9.9237,0.0239,3.3176,5.4248,3.0852,0.3234,4.3824,5.6207,10.3497,38.5306,0.0263,0.0278,0.0162,0.0311,0.0306,0.039,0.0331,0.019,2.0699,0.0116,0.0002,26.3608,0.013,214.8293,0.010770541892718765,0.0069,22.2293,0.3772,0.0082,0.1914,0.0157,6.5206,1.1477,4.9212,5.6665,3.1733,3.3867,9.8446,20.3964,4.4835,48.5237,1.8105,0.4218,2.0019,6.9541,9.9364,360.0764,9.1691,7.9782,2.9858,3.3946,48.3471,72.9474,8.2036,0.9826,0.8463,1.2806,0.113,4.3183,15.1739,4.8294,7.8709,9.0795,2.846,8.3079,5.2042,12.3926,10.6068,211.0852,5.0325,47.129650000000005,137.4177,402.1147,58.6429,109.8325,257.7352,112.5739,718.1347,0.0,82.6352,4.1709,1.1971,0.0887,4.6352,23.2484,0.0,26.2009,0.0,12.674348591231968,2.5466,9.7698,0.0854,2.3583,9.519,2.0308,10.5371,79.90365610839933,16.976482775093107,1.2725028827552187,7.843398388338346,0.5270317619188656,44.16027475169712,4.186770739746107,1.5913654125216536,0.4877,0.1407,46.866,6.548770691434965,0.13964164853621838,2.6026828838995053,0.05711442187347085,2.48621366610807,21.381232322544317,533.69,2.0464,8.89,0.4115,2.9168,0.108,1.6658,20.1086,0.0125,2.5131,0.0106,0.0212,200.1816
-1.0,2970.25,2233.1556,1.5188,102.6611,1.4805,0.0203,-0.0178,197.6898,10.1615,409.4109,0.9707,188.2587,12.4618,1.4003,-4028.6667,1497.25,0.9785,1.884,5.0987,69.4778,2.2889,0.1718,86.2857,8.5855,63.9733,66.0928,86.8774,78.33,2.809,362.6082,137.9745,738.4955,1.2791,137.3264,637.9091,206.3285,4.601,4.847,2852.0,0.9238,4.4827,363.6464,9.7367,122.4573,13.8091,15.5173,22.9589,715.5366,139.5136,625.6173,71.8835,0.0026,-0.0031,-0.0372,0.0233,-0.0854,-0.02,0.0128,8.4709,0.1348,0.9901,1851.4578,0.1929,9278.5899,-0.0381,-0.0084,0.0908,-0.0448,0.4613,0.9544,791.8855,0.9904,58.5997,0.6014,0.9787,6.3432,15.86,3.541,15.86,15.87,0.9365,0.5873,3.21,0.0473,0.7747,2.3604,1004.5168,84.0,118.7,151.1,57.2,179.682,0.2158,0.1215,0.0616,0.0458,0.0086,5.519,8.273,11.069,0.0086,0.66,0.0166,564.0,183.0,0.108,0.101,0.123,2.9,0.159,0.8273,0.1027,0.4794,0.3367,0.5985,0.296,0.1613,5.11,18.74,36.909,0.952,19.55,6.94,32.726,93.526,0.0555,0.053,0.036,0.0567,0.063,0.0932,0.0715,0.0693,3.413,0.0399,0.0005,143.5756,0.0302,622.7998,0.0112,0.0165,0.0115,0.0124,62.7498,3.4305,0.0248,0.4622,0.0463,3.7892,22.0976,45.0884,49.7362,0.0704,2.1585,0.0438,2.7258,0.106,0.007,240.0797,288.6432,538.8936,92.6728,0.0446,0.0425,0.0546,1.102,0.0243,0.058,0.3069,0.0387,0.0927,5.4552,0.0941,8.6243,0.0436,1.4804,5.8074,9.4876,0.3122,2.2062,2.473,10.1125,30.988,0.017,0.0216,0.015,0.0246,0.0173,0.0469,0.038,0.0332,1.3707,0.014,0.0001,40.025,0.0093,200.3484,0.0035,0.0038,19.6526,1.1037,0.0077,0.1454,0.0142,8.7842,1.0427,3.8965,3.9963,6.2129,2.5614,12.5214,14.2082,8.2066,81.4148,2.7036,0.8849,5.2962,1.1833,25.9887,12.2224,11.0373,5.3609,2.4124,4.174,43.6893,43.6611,3.4217,0.9588,1.1967,0.7494,0.329,4.6359,6.8128,4.0928,12.609,3.7211,2.9377,17.8885,6.8238,9.7774,9.2359,141.5733,4.5736,47.129650000000005,130.1078,0.0,76.7004,152.6245,270.8949,109.1335,357.0537,542.4658,40.291,2.2255,1.6536,0.0491,7.7547,15.6658,0.0,82.3848,0.0,2.4909,1.302,7.9241,0.0983,5.854,7.2861,1.9616,9.8569,73.212,18.85,0.76,8.4355,0.2968,90.1246,4.655,1.0381,0.1122,0.0298,11.483,6.369423087239951,0.14550803105882623,2.6636495903301913,0.062232598896052344,2.456827012082082,20.65642513924314,534.0618,2.1214,7.94,0.1953,2.9632,0.0567,1.4867,9.2055,0.0167,3.3313,0.0274,0.0072,26.143
-1.0,3005.8,2233.1556,1.5188,102.6611,1.5092,-0.0133,-0.0014,204.4079,9.3531,400.9549,0.9601,194.6811,12.5302,1.4036,-2462.25,-305.75,1.298,2.0075,7.2425,69.6333,2.1556,0.1579,84.7114,9.308,64.2466,66.5635,86.872,67.38,3.616,353.0609,131.8182,726.1172,0.9753,138.8382,623.7173,117.5448,4.6,4.859,2858.0,0.9314,0.3036,354.4582,10.5224,112.1218,9.2543,19.6964,24.4119,701.7053,148.96,615.54,80.3197,-0.0117,0.0204,-0.045,-0.0218,-0.0905,-0.018,0.0328,8.5516,0.1414,0.9906,1784.4668,0.1941,8767.77,-0.0311,-0.0493,-0.0041,-0.0136,0.4652,0.9493,764.7243,0.9912,56.5454,0.6009,0.9685,6.3138,15.9,3.383,15.94,15.95,0.9838,0.6119,3.392,0.4258,0.7611,2.3401,1006.766,111.0,88.9,85.9,57.2,179.682,0.2158,0.0705,0.0953,0.0596,0.0196,8.9053,7.313,4.937,0.0184,0.35,0.0161,550.0,1981.0,0.043,0.059,0.13,2.1,0.504,0.8537,0.0296,0.514,0.3174,0.7667,0.36,0.1631,10.03,13.63,47.982,0.806,17.6,15.24,33.17,80.145,0.073,0.0563,0.0804,0.0544,0.0463,0.1191,0.0397,0.0755,4.5331,0.0392,0.0009,95.0386,0.0288,1758.6001,0.0126,0.0152,0.0184,0.0102,201.8536,3.1136,0.0291,0.4367,0.0362,3.8497,29.5111,23.8837,24.5727,0.0704,2.1585,0.0248,2.2898,0.0947,0.0059,290.5838,126.0344,1464.9133,890.9019,0.018,0.0257,0.0661,0.5745,0.0292,0.1702,0.3243,0.0154,0.1128,6.3964,0.1195,6.6503,0.0402,2.8525,4.4654,13.5184,0.2797,4.0988,4.7078,9.9663,26.5933,0.0216,0.0247,0.0388,0.0227,0.0123,0.0646,0.0192,0.0421,1.4971,0.0133,0.0003,27.429,0.0098,525.8277,0.0053,0.0035,58.9733,1.0041,0.0095,0.1396,0.0118,7.6124,1.3698,4.9972,2.9576,3.2183,2.5614,12.5214,14.2082,4.6713,78.1881,1.2313,1.9183,2.7933,1.1463,135.5264,647.915,3.3128,2.939,1.795,3.0158,74.2268,55.7354,14.636,1.0078,0.3175,0.8,0.1211,5.5401,16.06,2.9156,16.723,7.2242,2.1853,40.8202,6.2692,7.6599,17.537999999999997,190.182,4.7271,28.1906,99.7825,623.9316,80.1423,120.8218,211.9599,131.675,220.8623,230.5344,53.0085,4.941799999999999,1.6238,0.0948,5.3259,14.8469,725.9701,48.1807,800.0,3.958,1.0789,26.3956,0.0624,5.5064,6.9173,1.5456,10.3609,75.71705841926442,17.109957287794398,1.2164918566050416,7.640999974072833,0.5088221212694772,47.897803023641664,4.24358409317673,1.6297849025376736,0.2003,0.0413,20.7785,10.58,0.0666,4.0243,0.0294,3.9584,7.2011,530.9555,2.1422,8.21,0.2377,3.0013,0.0761,1.5463,11.0948,0.0097,1.9438,0.0274,0.0072,26.143
-1.0,3015.13,2233.1556,1.5188,102.6611,1.3725,-0.0152,0.0169,197.8371,10.2408,405.9123,0.9644,187.8664,12.5455,1.418,-5003.75,-1780.0,1.267,2.0015,7.3083,67.2778,2.1889,0.1737,85.0066,9.6938,64.2263,66.5811,87.0735,65.74,3.08,357.0491,136.2591,734.3983,0.9437,139.1164,632.4245,124.1375,4.623,4.899,2849.0,0.9251,2.5718,355.7764,10.4895,118.8309,10.6835,17.4282,20.9109,713.4874,148.5155,623.1227,111.2468,-0.0175,-0.022,-0.1272,0.0017,-0.0819,-0.0323,0.0079,6.8697,0.1348,0.9895,1832.3214,0.1966,9103.26,-0.0675,0.0446,-0.0584,-0.0615,0.4589,0.9467,811.3984,0.9908,57.9423,0.6042,0.9643,6.432,15.79,3.884,15.85,15.8,0.9507,0.6779,3.17,-0.615,0.7833,2.3654,1001.7946,131.0,87.0,26.0,57.2,179.682,0.2158,0.0871,0.055,0.0386,0.0137,5.2247,5.273,10.502,0.0129,0.19,0.0269,80.0,3123.0,0.141,0.054,0.329,2.7,0.46,0.827,0.0479,0.5923,0.3178,0.8225,0.559,0.082,11.28,24.2,22.504,0.4,13.74,3.2,35.122,26.88,0.0846,0.0323,0.077,0.14704999999999996,0.0785,0.0966,0.0812,0.1626,3.3471,0.082,0.0031,126.7039,0.0973,1260.0,0.0196,0.016,0.0262,0.0218,144.9139,3.9317,0.0332,0.6014,0.044,4.6747,33.4829,26.9911,8.4652,0.0704,2.1585,0.0278,1.6755,0.0483,0.0095,36.5194,117.6974,1855.339,1280.2351,0.0692,0.0264,0.1528,0.8105,0.0397,0.1396,0.3004,0.019,0.0812,6.57,0.1949,10.9763,0.0226,3.3885,7.2209,6.2595,0.1284,0.9388,1.0869,10.851,7.7358,0.024,0.0134,0.0315,0.06770000000000001,0.0258,0.0506,0.0443,0.0764,1.3458,0.0258,0.0008,52.7198,0.028,406.9448,0.0067,0.0068,45.3475,1.2648,0.0111,0.1954,0.015,8.7679,1.5275,5.908,2.8854,0.9977,2.5614,12.5214,14.2082,6.346,51.49,2.5873,1.3329,1.5145,1.8942,78.2813,175.4494,11.1287,2.698,4.5018,4.0132,54.8223,72.5528,13.8717,0.9729,0.4941,0.9222,0.2626,5.3774,8.8948,5.0053,8.6854,8.1083,3.8265,18.1283,5.6029,3.8134,9.5346,128.6095,4.9226,4.6963,24.1625,483.6013,37.7667,144.4466,0.0,117.9127,251.1988,0.0,48.7229,2.5973,3.4156,0.3164,6.9149,49.5015,253.4653,23.2558,0.0,5.7134,2.3027,17.8598,0.1516,6.7855,9.3495,1.8615,11.1691,77.94371892878758,17.066382953036484,1.2701856127144284,7.633931420772426,0.5276591638793122,32.73771233655656,4.2377720170574795,1.6372170038143465,0.2197,0.0392,23.0054,6.414224650085248,0.1570032867408596,2.5438438264809955,0.06739015946733226,2.4341086670183834,20.964100528755132,523.3110000000001,2.3371,15.390000000000002,0.6164999999999999,5.3345,0.18730000000000002,2.8874999999999993,28.50255,0.0164,3.2712,0.0274,0.0072,26.143
-1.0,3110.23,2184.8889,1.3378,106.69,1.4349,0.0062,0.0084,200.6713,11.589,401.8895,0.9579,190.3015,12.4231,1.4128,-4752.75,3548.75,1.2697,1.993,7.2625,70.0556,1.8,0.1434,84.7007,8.7283,63.9335,66.2469,86.6108,63.93999999999998,5.041,355.3464,135.4309,737.0927,0.9181,143.7655,634.5427,125.905,4.637,4.836,2881.0,0.934,-0.0555,355.5855,10.5683,115.3755,13.9354,20.0555,25.7896,711.3031,149.6464,620.6073,70.0063,0.022,0.0417,-0.0173,0.0164,-0.0728,-0.0168,0.0159,7.186,0.1267,0.9903,1770.9701,0.1954,9771.2799,0.035,0.0353,0.003,-0.014,0.4547424113279659,0.9394,855.1201,0.9908,58.3544,0.6026,0.9782,6.2418,15.79,3.884,15.85,15.8,0.9507,0.6779,3.17,-0.615,0.7833,2.3654,1001.7946,89.0,216.5,140.3,52.2002,187.3051,0.2247,0.072,0.0465,0.0402,0.0224,8.8344,15.976000000000003,7.647,0.0167,0.35,0.0339,754.0,794.0,0.146,0.109,0.303,2.1,0.452,0.5116,0.0342,0.7034,0.4111,0.6583,0.221,0.044,5.3,21.0,27.415,0.289,29.86,10.64,31.958,105.44,0.1288,0.0464,0.1175,0.0481,0.0738,0.0839,0.0665,0.0733,2.9466,0.0334,0.001,82.2278,0.0275,1029.5996,0.0106,0.0131,0.0559529136867723,0.0193,91.8137,3.3473,0.0321,0.4502,0.044,4.6747,24.2638,66.4446,47.5575,0.0791,2.3862,0.0239,4.96435,0.0801,0.0133,351.7907,232.8896,2350.7422,349.396,0.0682,0.0469,0.1419,0.654,0.0449,0.1515,0.2085,0.0153,0.0919,6.2269,0.0715,7.1006,0.0133,1.7309,6.0464,8.4463,0.0823,3.1617,3.6545,9.6406,31.7818,0.0307,0.0197,0.0503,0.0211,0.0237,0.043,0.0348,0.0389,1.0086,0.0127,0.0003,27.4324,0.0093,315.9477,0.011124305612290277,0.0057,28.2714,1.0521,0.0098,0.1444,0.015,8.7679,1.5275,4.024,6.9609,5.8509,2.3891,20.6933,16.7956,5.0178,164.29784999999998,1.9028,1.7427,2.8173,2.4031,105.6231,22.3741,11.4983,5.4691,4.1721,2.9976,66.6667,96.9016,13.5799,0.604,0.3919,1.1002,0.6795,5.012,6.1803,3.3998,4.792,3.6866,3.3095,21.7744,4.6095,2.7346,5.2611,214.2742,4.4929,45.8573,150.6151,586.1206,72.8414,278.0347,450.3432,115.2473,395.2452,459.5611,41.0057,1.8158,1.397,0.0969,4.6431,14.0808,0.0,36.773,800.0,11.71286430306637,2.0539,10.7369,0.1108,5.7362,7.2125,1.8615,11.1691,77.88985003765956,16.647588734255596,1.2182059817061504,7.4580259477448445,0.4922952893872956,68.35096334371497,4.097988088155443,1.5494745366893805,0.1038,0.036,10.9099,6.539453519651317,0.15832804107564533,2.5962284634729675,0.06376627594605863,2.486425641766692,19.670858845900614,532.4227,2.2358,8.1,0.3089,2.7176,0.1176,1.5213,13.8179,0.0126,2.5513,0.0274,0.0072,26.143
-1.0,3018.34,2217.8111,0.9618,100.1789,1.4671,-0.014,0.0142,201.5879,12.4421,431.6958,0.9626,192.1291,12.431,1.4054,-4134.5,1437.75,0.9962,1.8855,5.1617,67.7444,2.8222,0.1989,86.931,8.8384,64.0776,66.3401,87.0242,78.29,3.692,363.3645,129.9982,729.3026,1.3216,141.4282,634.7909,203.1771,4.639,4.902,2831.0,0.9312,-0.4455,359.9491,10.618,109.5527,24.8391,20.4455,28.0135,701.2891,140.45,609.9518,91.8297,0.0084,-0.0294,-0.0418,0.0095,-0.0861,-0.0163,0.0047,7.2629,0.1254,0.9894,1870.3516,0.1998,9111.5801,-0.0756,-0.0326,0.0224,-0.0655,0.4628,0.959,786.8572,0.9907,57.0666,0.6015,0.965,6.3568,15.79,3.884,15.85,15.8,0.9507,0.6779,3.17,-0.615,0.7833,2.3654,1001.7946,105.0,130.0,167.7,54.3999,225.1749,0.2358,0.0635,0.0359,0.0416,0.0204,5.7202,8.298,6.13,0.0146,0.24,0.0168,356.0,266.0,0.118,0.061,0.222,2.9,0.187,0.6676,0.0991,0.6328,0.383,0.7611,0.61,0.1327,5.68,16.85,60.613,0.653,17.28,6.47,25.432,53.15,0.0734,0.0521,0.0494,0.0916,0.0839,0.0699,0.0831,0.0788,2.7715,0.042,0.0019,96.048,0.0457,454.7998,0.0164,0.0125,0.0337,0.0092,38.9879,3.7953,0.034,0.5189,0.044,4.6747,29.8946,49.0954,60.4093,0.0723,1.3298,0.0205,2.7722,0.0711,0.006,148.2821,288.544,3066.1838,108.6964,0.0501,0.025,0.096,0.8791,0.0293,0.0609,0.2717,0.0426,0.1463,5.3724,0.1758,7.6582,0.0452,1.9114,5.0901,18.1014,0.2101,2.0865,2.0544,7.9518,18.6937,0.0212,0.023,0.023,0.0406,0.0227,0.0393,0.0432,0.0412,0.8323,0.0131,0.0005,32.6283,0.0144,131.4602,0.0092,0.0036,11.9485,1.1761,0.011,0.1715,0.015,8.7679,1.5275,4.7101,4.307,6.5594,2.4529,12.9057,24.5156,4.3282,66.693,1.42,1.5218,1.9307,1.1968,181.5939,18.5011,11.8444,3.2352,4.3009,4.2808,31.8898,44.2458,4.0118,0.768,1.121,0.9876,0.1869,4.8766,5.0847,3.656,10.0448,4.0162,2.6544,29.8326,5.5431,6.1499,9.5205,69.5678,3.6265,9.2947,57.8789,876.4179,68.847,218.8769,880.2623,81.1611,510.5991,0.0,38.1592,2.7102,1.7425,0.1904,5.1353,22.8962,487.8049,67.2897,0.0,7.2889,0.9589,4.9549,0.1778,6.6506,8.1635,1.8615,11.1691,74.19,20.05,0.64,9.5174,0.3078,74.8685,4.9167,0.8626,0.3357,0.0626,34.8875,8.21,0.0765,3.267,0.0318,3.12,10.9686,539.2554,1.6494,5.22,0.1842,1.8815,0.062,0.968,11.1656,0.0148,2.9753,0.0274,0.0072,26.143
-1.0,3067.95,2233.1556,1.5188,102.6611,1.5182,-0.0163,0.0034,197.6733,12.1708,417.1485,0.9792,187.6016,12.4965,1.4024,-4354.75,1401.25,0.9775,1.8793,5.0115,70.0222,2.7222,0.1951,85.5528,8.9546,64.1864,66.2016,86.9821,78.38,1.831,363.5473,136.2009,736.8239,1.2538,138.3209,638.0691,216.1675,4.639,4.902,2831.0,0.9312,-1.1582,363.35,10.1812,115.0427,21.9709,21.1582,29.3803,707.4436,137.7055,616.0982,97.7448,-0.0159,-0.0043,-0.0293,-0.0083,-0.0735,-0.017,0.0142,7.2472,0.1375,0.9897,1741.3956,0.1586,8744.3301,-0.0186,0.1358,-0.0055,0.0151,0.4685,0.9348,750.2391,0.991,59.011,0.6057,0.9639,6.4546,15.79,3.884,15.85,15.8,0.9507,0.6779,3.17,-0.615,0.7833,2.3654,1001.7946,109.0,134.5,136.3,57.2,179.682,0.2158,0.0917,0.0809,0.0413,0.0092,5.6068,6.769,5.088,0.0068,0.25,0.0312,442.0,159.0,0.093,0.067,0.104,2.7,0.194,0.76,0.0593,0.6347,0.4036,0.6944,0.195,0.1469,4.19,18.3,70.679,0.729,22.26,3.94,26.984,57.868,0.1306,0.063,0.035,0.0723,0.0805,0.0801,0.0907,0.1025,2.723,0.0283,0.0013,110.0808,0.0356,525.2002,0.0118,0.0171,0.0334,0.0118,70.3449,2.0046,0.0265,0.5017,0.044,4.6747,26.5607,42.539,39.4885,0.0704,2.1585,0.0386,2.2756,0.0747,0.0126,197.1689,350.6461,867.7931,75.1327,0.0409,0.0284,0.0432,0.9458,0.0205,0.0569,0.3021,0.0227,0.1049,5.6406,0.056,8.4588,0.0407,1.3458,5.3832,19.1089,0.2929,1.45,1.6578,8.4911,17.9966,0.0331,0.0286,0.016,0.0332,0.0245,0.0402,0.05,0.0487,1.0069,0.0116,0.0004,31.9223,0.0123,158.5209,0.0088,0.0036,19.3788,0.51,0.0098,0.1648,0.015,8.7679,1.5275,4.9212,4.384,5.5375,2.5614,12.5214,14.2082,6.0402,55.6166,1.2197,0.6906,2.0006,2.2241,47.3736,11.347,9.5141,3.5653,2.0752,3.8559,33.0612,34.3394,4.221,0.8883,0.6623,0.9888,0.1188,5.0145,5.9838,3.9095,11.7177,3.0292,2.868,32.6964,5.5431,7.1603,5.737,101.3157,3.8143,21.6784,59.2031,822.3534,86.2128,246.7577,967.6935,109.0167,533.5294,723.1041,37.5737,1.9643,1.1971,0.1344,6.3214,22.4276,0.0,66.4962,186.3014,7.1286,1.2633,9.3763,0.0974,3.3969,7.7722,1.8615,11.1691,72.498,15.62,1.82,6.8663,0.755,142.3576,3.9133,2.5104,0.9511,0.1946,76.4208,6.727966075289552,0.15291740306594012,2.6990712534747523,0.06442578917208956,2.585898536504306,20.595322646435807,535.2718,1.6985,7.36,0.1824,2.6955,0.0624,1.375,10.7416,0.0147,2.9348,0.0274,0.0072,26.143
-1.0,3046.22,2171.3222,0.8066,107.17,1.37,-0.0234,-0.0043,197.5608,14.2883,421.1007,0.972,187.7223,12.5602,1.4178,-4018.0,1521.5,0.9865,1.8935,5.1235,70.1,2.2889,0.1853,85.9922,8.5334,63.9469,66.1932,86.8109,78.33,3.342,353.4945,131.4491,725.3815,0.9555,140.0745,625.0182,122.5162,4.566,4.792,2872.0,0.9306,-0.4073,352.39,10.6937,111.0418,16.1442,20.4073,25.3135,700.068,147.73,611.1618,103.4463,-0.0047,0.0314,-0.0526,0.004,-0.0804,-0.0032,-0.0035,7.5321,0.1402,0.9808,1772.7789,0.1514,8529.2199,-0.0048,-0.0214,0.0375,0.0184,0.45331911382237944,0.9537,721.8531,0.9909,58.7019,0.6054,0.9711,6.2435,15.79,3.884,15.85,15.8,0.9507,0.6779,3.17,-0.615,0.7833,2.3654,1001.7946,79.0,224.6,176.9,60.0,225.176,0.1026,0.0743,0.0985,0.0547,0.0075,5.5044,11.259,8.176,0.008,0.33,0.0749,1858.0,109.0,0.136,0.083,0.284,2.6,0.156,0.845,0.0722,0.8189,0.3488,0.802,0.357,0.0964,5.98,12.76,33.069,1.138,12.39,18.43,46.686,60.397,0.0959,0.0558,0.0772,0.0321,0.156,0.0827,0.065,0.0315,3.4543,0.042,0.013699999999999999,134.4961,0.032,1516.2998,0.0143,0.0172,0.06133536672923323,0.0323,181.299,1.0895,0.0301,0.5771,0.044,4.6747,22.2733,69.5967,50.7505,0.0389,2.2548,0.0223,3.653,0.0952,0.0302,882.1574,330.8548,754.5403,50.4942,0.0583,0.0342,0.1329,0.8352,0.0223,0.0587,0.3146,0.031,0.0598,5.8332,0.1274,6.8895,0.0251,1.9029,3.8458,10.0807,0.3294,5.248349999999999,6.425799999999999,12.5429,21.6139,0.0319,0.0291,0.0334,0.0142,0.0338,0.0414,0.0358,0.0156,1.1085,0.0125,0.0046,43.9416,0.0093,464.656,0.01158361275097625,0.0114,54.5517,0.317,0.0104,0.1903,0.015,8.7679,1.5275,3.5619,7.3731,6.5145,2.7633,23.2963,12.7253,5.4235,78.7989,1.9416,0.8224,2.6273,5.2815,37.556,7.164,13.7861,4.3834,5.5431,3.709,39.3204,35.0719,3.371,0.9826,0.8463,1.2806,0.113,5.7115,16.0747,2.8996,10.0925,4.2692,2.0415,26.9915,8.0297,10.6418,17.537999999999997,76.7459,6.6688,17.9821,58.3849,0.0,54.6122,61.0556,0.0,102.8607,0.0,890.8199000000001,45.8613,2.7824,1.7242,1.3944999999999999,7.5867,21.1439,0.0,32.9412,0.0,12.448699872197004,3.3915,25.1158,0.0695,1.8561,9.2431,1.8615,11.1691,75.32124796290712,17.094392495371412,1.180360568439901,7.596746119644995,0.5261412020907537,60.60952218518789,4.235993401905673,1.558292404564269,0.3629,0.068,37.5266,6.411798778328213,0.14233039088569052,2.70912179469899,0.056893768995248326,2.4579925699899308,21.09035851641553,536.1436,2.2328,7.15,0.2644,2.5265,0.084,1.3336,11.84,0.0104,2.0642,0.0274,0.0072,26.143
-1.0,2960.65,2159.0556,0.8184,100.7056,1.4623,0.003,-0.0017,201.2558,10.2015,409.5221,0.9722,191.6753,12.5218,1.3989,-3832.5,552.5,1.293,2.0027,7.286,69.4222,2.6,0.195,85.7419,8.5788,64.1013,66.2428,86.6582,78.0,3.483,354.7691,136.9327,739.6889,0.8854,144.81,636.5118,113.2666,4.637,4.836,2881.0,0.934,0.1155,356.8964,10.5448,117.0482,12.6663,19.8845,25.0919,714.597,149.9009,623.8455,55.2605,-0.0027,-0.0209,-0.051,-0.0032,-0.1033,-0.0233,0.0487,7.4944,0.1348,0.9891,1658.1249,0.1892,8631.0899,0.0251,-0.0419,-0.0183,0.054,0.4576,0.9629,718.5979,0.9906,58.7816,0.596,0.9804,6.3029,15.89,3.879,15.9,15.98,0.9649,0.6295,3.199,-0.1419,0.827,2.3406,1004.4267,98.0,79.8,113.4,50.3999,331.64,0.1054,0.0827,0.0341,0.0565,0.0106,7.6925,7.053,21.572,0.0077,0.26,0.0801,1074.0,475.0,0.131,0.114,0.214,2.3,0.57,0.833,0.0953,0.4863,0.2635,0.7203,0.352,0.0654,6.78,17.76,24.973,0.264,24.53,13.67,32.451,89.431,0.0411,0.0509,0.0435,0.14704999999999996,0.0354,0.0896,0.0966,0.1091,3.8586,0.082,0.0008,111.9926,0.0315,565.3994,0.0131,0.0101,0.028,0.0051,67.3568,3.8921,0.0246,0.4596,0.0291,3.634,28.0172,25.2502,39.366,0.0358,2.2086,0.0287,2.4423,0.0743,0.0289,496.5886,159.0417,941.3878,220.6574,0.0573,0.0496,0.0983,0.6924,0.0434,0.2016,0.351,0.0352,0.0918,7.5303,0.1081,6.694,0.0229,2.0709,6.2233,7.7644,0.0768,3.7987,4.5245,10.05,27.9578,0.0128,0.0229,0.0199,0.06770000000000001,0.01,0.0506,0.0516,0.0537,1.4187,0.0258,0.0002,37.8614,0.0105,198.614,0.0086,0.0018,23.8106,1.1749,0.0085,0.1427,0.009,9.1065,1.2164,4.2656,2.6954,4.6424,2.3343,30.5834,12.8744,5.6555,69.1372,5.2676,0.7895,2.0764,5.7257,55.7599,85.9729,10.1315,5.6922,2.9371,3.3131,57.6923,65.1282,16.7965,0.9715,1.1104,0.7586,0.1508,6.5395,6.4776,3.1528,7.3813,4.682,2.7902,22.048,4.6095,2.5036,5.5191,193.6627,4.5412,45.256,161.8354,0.0,115.7476,339.5486,0.0,86.7167,415.0376,223.7949,51.4868,2.5973,3.4156,0.0816,6.7542,16.636,0.0,64.455,942.2222,6.1272,0.5259,9.3734,0.1135,6.6213,7.2915,1.2444,9.7247,77.016,15.33,1.0,6.6303,0.4078,146.2962,3.7882,1.2984,0.1732,0.0405,17.5662,6.334871784316669,0.1396639336853784,2.5244730413817518,0.06202404195455208,2.425597226497329,20.758892013998604,535.4846,2.1608,7.43,0.197,2.4935,0.0722,1.3875,9.1166,0.0123,2.4817,0.0274,0.0072,26.143
-1.0,3165.51,2215.3889,0.8552,101.2178,1.4341,-0.0101,-0.0072,198.0686,10.7361,412.2629,0.9605,188.2845,12.4673,1.3933,-3665.75,-400.5,1.3113,1.9933,7.345,68.7333,2.8,0.2257,85.7419,8.5788,64.1013,66.2428,86.6582,78.0,3.483,342.7545,151.2291,747.3574,0.869,144.9382,638.9218,132.5717,4.519,4.715,2916.0,0.9298,-8.64,348.0873,10.3571,122.5891,12.8082,28.64,34.6714,712.6861,155.4373,626.1136,87.1731,-0.0261,-0.0123,-0.054,-0.0124,-0.0934,-0.0205,-0.0062,6.5493,0.1342,0.9812,1739.3732,0.1982,9186.63,-0.1149,-0.0874,0.17079999999999998,-0.143,0.4618,0.9358,771.2968,0.9904,58.1534,0.6011,0.9697,6.3162,15.79,3.884,15.85,15.8,0.9507,0.6779,3.17,-0.615,0.7833,2.3654,1001.7946,150.0,101.4,90.9,60.5999,190.6949,0.166,0.128,0.0588,0.0443,0.0189,6.0321,5.776,8.487,0.0163,0.21,0.082,1099.0,2220.0,0.035,0.029,0.239,1.1,0.495,0.833,0.0953,0.4863,0.2635,0.7203,0.34,0.0692,4.73,13.66,19.593,0.311,19.71,7.85,31.664,112.662,0.1108,0.0391,0.0282,0.0226,0.0873,0.083,0.0726,0.0943,3.526,0.0568,0.0102,85.0316,0.1005,586.8994,0.0232,0.0254,0.0175,0.0228,88.0851,3.4608,0.0433,0.5609,0.044,4.6747,40.2363,32.6014,36.5154,0.0545,2.1043,0.0441,1.6082,0.0498,0.0302,509.2655,142.0197,350.7196,1020.1665,0.0149,0.013,0.1001,0.4,0.0563,0.1557,0.351,0.0352,0.0918,5.2204,0.1159,7.4599,0.0217,1.6451,4.2425,6.868,0.081,2.1699,2.729,9.4839,31.7517,0.0295,0.0169,0.0121,0.0102,0.0254,0.0413,0.0395,0.0434,1.1655,0.0164,0.0029,26.5595,0.0292,189.3721,0.0055,0.0068,30.0105,1.1593,0.0145,0.181,0.015,8.7679,1.5275,6.3582,3.2033,3.8188,2.7354,10.7181,19.4094,8.9255,53.7998,2.0586,1.6938,1.6844,5.8854,22.6147,554.3071,2.6692,1.4549,3.2539,1.6004,42.8571,91.2851,14.2761,0.9715,1.1104,0.7586,0.1508,4.5076,4.5626,3.3708,7.9668,3.2635,2.138,14.7792,4.283,3.0028,5.0983,153.8864,4.4429,35.5149,129.2394,424.1148,46.4371,41.8519,705.0984,88.9127,354.1463,0.0,53.8377,2.3853,2.3343,1.039,4.8886,50.6811,0.0,93.3333,246.8085,3.7905,2.4326,11.4204,0.1295,5.9512,8.8807,1.8615,11.1691,81.484,14.1,1.44,6.6488,0.6762,57.719,3.4621,1.7672,0.1732,0.0405,17.5662,6.358390072776241,0.15140394329313153,2.5972603214025725,0.06801486025453288,2.4129230510193196,21.420712649308843,529.5782,2.05,11.3,0.2669,3.7554,0.0735,2.1338,13.0173,0.0161,3.2355,0.0274,0.0072,26.143
-1.0,3024.24,2165.8666,1.4274,108.6589,1.5034,0.0083,-0.0002,204.1352,8.342,409.5434,0.9715,194.2532,12.4922,1.3958,-3074.25,2595.75,1.2583,2.0112,7.3277,69.4,2.0778,0.1788,84.7007,8.7283,63.9335,66.2469,86.6108,63.93999999999998,5.041,362.8655,132.6764,729.584,0.8897,133.9255,629.4673,121.6572,4.63,4.912,2840.0,0.9265,3.19,358.9936,10.2489,115.8664,11.5303,16.81,22.5685,707.0155,144.3855,619.2455,67.7642,-0.0231,-0.0171,-0.0128,0.0086,-0.0874,-0.0129,0.0209,7.4828,0.1252,0.9876,1892.1915,0.1937,8886.2602,-0.0743,0.0549,-0.0796,0.0579,0.4649681219016093,0.9313,694.7671,0.9905,57.806,0.5994,0.9639,6.342,15.9,3.383,15.94,15.95,0.9838,0.6119,3.392,0.4258,0.7611,2.3401,1006.766,81.0,66.0,133.0,56.3999,79.725,0.2545,0.0658,0.0474,0.0627,0.0096,8.6398,6.338,13.992,0.0088,0.46,0.0557,683.0,11924.0,0.097,0.139,0.264,3.2,0.576,0.5116,0.0342,0.7034,0.4111,0.6583,0.621,0.0667,4.62,19.44,40.056,0.889,16.56,3.61,33.018,92.55,0.0917,0.0578,0.0316,0.057,0.0803,0.0966,0.1031,0.1031,2.6628,0.0405,0.0029,144.8187,0.0321,614.2002,0.0238,0.0146,0.041425738601775175,0.0283,61.2133,3.746,0.0434,0.4344,0.0362,3.8497,22.6765,23.4149,44.6412,0.0773,2.2341,0.0191,1.6798,0.089,0.0144,295.4537,562.8794,3336.9299,5552.071,0.0399,0.0598,0.1176,1.1533,0.0464,0.205,0.2085,0.0153,0.0919,6.2613,0.1641,8.356,0.0197,1.3578,6.2116,11.1257,0.296,1.3647,1.6185,9.7327,24.4337,0.0286,0.0275,0.0132,0.0297,0.0225,0.0498,0.0512,0.0556,0.9853,0.0145,0.0011,45.6314,0.0108,193.5172,0.008475945844640355,0.0083,18.645,1.2381,0.0149,0.1468,0.0118,7.6124,1.3698,3.706,2.1824,5.4373,2.604,9.4038,17.8304,4.3769,75.977,3.4165,0.9108,3.6823,3.9941,265.1704,459.3663,7.7091,6.9111,3.6027,4.611,72.1925,72.1566,16.7588,0.604,0.3919,1.1002,0.6795,4.7621,5.6679,3.8922,7.5008,3.4497,3.0883,32.9253,7.3771,8.6741,7.2152,143.6216,4.6701,37.7418,136.5766,396.2193,123.835,446.4752,937.1262,110.5579,796.139,493.3014,35.5851,1.5977,1.6654,0.2913,7.6535,16.5727,0.0,45.4756,474.5763,8.678613459639859,3.0341,8.8106,0.1368,6.4804,6.8501,1.5456,10.3609,77.07771292656594,16.891566229015954,1.2220669584539605,7.770095227328826,0.5064129943907085,63.81149897356266,4.181601304117462,1.5919880624965013,0.6839,0.1946,46.6919,6.399743722632265,0.15876753862863055,2.5406236115059544,0.06321010976691524,2.4482188580100885,20.081731485820438,529.3191,2.0905,11.25,0.3431,3.6888,0.1043,2.1254,16.4111,0.0121,2.4152,0.0326,0.0078,23.9629
-1.0,3011.84,2215.3889,0.8552,101.2178,1.5291,-0.011,-0.0094,198.8732,11.9385,425.896,0.9806,188.7438,12.4618,1.409,-3592.75,-451.75,1.26,2.0112,7.2648,67.9778,2.9111,0.2379,85.7033,8.7568,63.6774,66.3915,86.5928,76.76,3.341,355.4955,137.8545,733.7927,0.916,135.7036,629.0536,103.6375,4.614,4.849,2843.0,0.9293,-2.0836,356.1036,10.4579,115.7709,8.0516,22.0836,23.4308,710.3619,150.4545,622.3291,171.74984999999998,-0.0142,-0.0316,-0.0215,-0.0423,-0.0111,-0.0208,0.0253,7.4374,0.1353,0.9702,1660.8742,0.1988,8837.2001,0.0541,0.1218,0.0387,-0.0024,0.4628,0.9366,730.7239,0.991,58.5245,0.5961,0.9678,6.3331,15.9,3.383,15.94,15.95,0.9838,0.6119,3.392,0.4258,0.7611,2.3401,1006.766,112.0,102.6,44.6,60.5999,190.6949,0.166,0.1387,0.0578,0.0498,0.011,7.752,6.957,4.538,0.0058,0.66,0.0253,346.0,1150.0,0.1,0.051,0.083,1.5,0.346,0.497,0.1144,0.5167,0.3131,0.7184,0.843,0.1276,8.19,26.61,26.973,0.346,16.72,5.19,35.324,37.916,0.072,0.0585,0.12045,0.0471,0.0796,0.0722,0.1153,0.1172,4.0619,0.0317,0.0046,105.0811,0.0317,1246.6992,0.0131,0.0167,0.0123,0.0282,108.4164,1.3957,0.0331,0.4811,0.0362,3.8497,30.2504,33.6739,16.6476,0.0545,2.1043,0.0459,2.334,0.106,0.0089,173.792,86.6925,361.4659,474.6271,0.0466,0.0222,0.0347,0.6016,0.0239,0.1335,0.1883,0.0442,0.0502,5.9629,0.2714,10.9012,0.0422,2.5016,7.3033,9.3197,0.1007,1.5454,1.5546,10.8929,12.8531,0.0182,0.0263,0.055099999999999996,0.0209,0.0211,0.038,0.0603,0.0541,1.2223,0.0101,0.0013,29.6977,0.0086,374.9287,0.0032,0.0083,31.3596,0.4761,0.0093,0.1576,0.0118,7.6124,1.3698,4.9833,3.4066,1.8196,2.7354,10.7181,19.4094,9.0705,58.2739,1.0655,0.5946,5.2962,1.7956,24.5216,254.5656,7.9365,2.5357,1.1425,2.2066,51.5267,29.0051,10.2816,0.5799,1.306,0.8114,0.6795,6.5486,10.3007,4.9194,13.9342,6.0352,4.2302,26.0263,5.2045,3.3085,11.2032,207.6603,4.9727,6.5215,18.0114,505.7068,134.6375,218.5615,188.2075,650.4505,553.6615,462.3274,54.6142,2.218,1.3222,0.4701,6.3269,15.9276,448.3221,35.6627,360.3053,2.6482,3.0107,14.8368,0.0699,2.3848,7.596,1.5456,10.3609,76.13512763444821,16.512671226518588,1.232863858642866,7.682315152996222,0.5163013448714378,54.823654613390964,4.120034926551954,1.6683913070825724,0.4877,0.1407,46.866,6.633553765078605,0.14860009246131398,2.6784738658898766,0.06298581095286433,2.5004018894237054,21.466590898323552,534.3236,1.9533,9.1,0.2226,3.25,0.0642,1.7031,11.3951,0.0108,2.1767,0.0326,0.0078,23.9629
-1.0,2951.67,2165.8666,1.4274,108.6589,1.3636,-0.0236,-0.0121,199.2519,12.5993,427.5618,0.9777,189.3906,12.58,1.4247,-1363.875,-2381.5,1.2908,2.0155,7.279,69.5889,2.3444,0.2039,86.3794,8.5615,64.0756,66.1344,86.8706,79.0,3.478,366.9155,140.6836,747.4841,0.8579,134.6455,642.2445,111.4131,4.561,4.817,2908.0,0.9208,-1.1527,366.4736,10.3642,119.5309,14.5554,21.1527,26.9974,720.4867,141.6845,627.6891,119.5645,-0.0338,-0.0463,-0.0372,-0.0069,-0.0891,0.0127,-0.0116,7.9905,0.1298,0.9895,1832.3214,0.1932,8159.88,0.0248,0.0195,-0.0222,-0.0612,0.4686,0.9279,726.7933,0.9905,58.5431,0.6035,0.9649,6.4313,15.79,3.884,15.85,15.8,0.9507,0.6779,3.17,-0.615,0.7833,2.3654,1001.7946,125.0,76.4,22.7,56.3999,79.725,0.2545,0.1147,0.0686,0.0537,0.0157,6.8268,9.953,6.087,0.0085,0.17,0.0827,1679.0,9773.0,0.183,0.056,0.174,1.4,0.357,0.7187,0.1334,0.5936,0.3401,0.68,0.325,0.1562,6.81,12.72,24.965,0.513,14.32,7.74,18.924,101.288,0.0682,0.046,0.0302,0.099,0.0818,0.074,0.0978,0.1389,2.1902,0.082,0.0031,126.7039,0.0606,701.3999,0.0105,0.0197,0.026,0.0212,51.1981,3.9687,0.0266,0.5179,0.044,4.6747,32.2665,28.6473,7.3792,0.0773,2.2341,0.0405,3.2719,0.0499,0.0318,748.6621,289.4299,5823.189049999999,4834.7168,0.078,0.0259,0.0817,0.4595,0.0486,0.1274,0.296,0.0542,0.1011,5.2162,0.1209,4.9457,0.039,2.2168,3.4827,8.9117,0.1734,2.3737,2.8938,5.5023,31.565,0.0228,0.0199,0.0141,0.0417,0.0227,0.0394,0.0518,0.0667,0.905,0.0258,0.0008,52.7198,0.0189,209.5454,0.0067,0.0066,17.5102,1.2238,0.0094,0.1738,0.015,8.7679,1.5275,5.7484,2.5884,0.9003,2.604,9.4038,17.8304,8.4113,78.9966,1.4237,0.8728,1.3514,5.8055,0.0,410.3716,14.1778,2.7785,2.3904,2.0118,51.1848,59.346,10.5851,0.832,1.5577,0.9264,0.2509,4.606,11.0461,2.4141,18.2091,5.0577,1.9806,22.4076,2.2566,4.9497,7.7637,98.3827,2.6266,15.3712,84.7141,201.5888,42.0091,266.4872,0.0,83.0062,771.5976,0.0,27.4097,1.3095,3.4156,0.3164,6.9149,31.3671,348.2873,37.4846,0.0,5.5548,2.2795,7.0444,0.111,6.7791,8.0533,1.8615,11.1691,80.374,12.84,1.73,6.335,0.7905,42.7072,3.1399,2.1524,0.3804,0.0692,39.043,3.12,0.125,1.2074,0.0509,1.1841,19.2859,533.7836,2.06,8.78,0.3384,3.0754,0.1035,1.6449,16.4274,0.0182,3.6481,0.0326,0.0078,23.9629
-1.0,3025.81,2179.2,1.2708,106.96,1.4243,0.0076,-0.0058,197.9876,13.364,412.722,0.9605,188.6044,12.4896,1.3896,-3695.5,-3628.25,1.3048,2.0317,7.4433,65.9111,1.7778,0.1566,85.8807,9.754,63.9959,66.5687,87.1954,65.11,3.462,352.1991,133.1491,725.0807,1.4418,143.1864,628.5345,205.6264,4.574,4.778,2834.0,0.9337,2.99,351.2082,10.5685,116.1391,17.0281,17.01,23.2157,701.865,144.1591,611.5064,125.9747,0.0027,-0.0263,-0.0522,-0.0102,-0.084,-0.025,-0.0089,7.2556,0.131,0.9911,1870.7982,0.1845,8700.71,0.0675,0.1423,-0.0333,-0.0966,0.4611,0.9485,749.6111,0.9912,57.4551,0.6058,0.9652,6.3477,15.86,3.541,15.86,15.87,0.9365,0.5873,3.21,0.0473,0.7747,2.3604,1004.5168,170.0,177.3,180.2,49.5,218.269,0.3092,0.093,0.0809,0.0411,0.0205,6.0227,13.652,12.769,0.018,0.8700000000000001,0.0409,759.0,4925.0,0.142,0.091,0.227,2.6,0.521,0.4955,0.0807,0.5871,0.3767,0.9365,0.378,0.2337,3.81,19.66,57.814,0.467,21.15,6.34,36.582,66.747,0.1584,0.0937,0.116,0.0977,0.0924,0.0711,0.0632,0.1194,2.3018,0.1074,0.0021,60.2979,0.0257,1303.3999,0.0369,0.03420000000000001,0.0168,0.0206,138.8928,3.1768,0.0372,0.583,0.0463,3.7892,40.3694,59.3279,62.2234,0.0951,1.6608,0.0363,4.5651,0.1923,0.0135,355.1549,377.281,298.7178,2094.5856,0.0654,0.0382,0.0985,0.7574,0.051,0.1556,0.2118,0.0379,0.1003,5.0532,0.1022,9.3046,0.0645,1.0982,5.4972,18.2876,0.1404,1.9763,2.6291,11.1178,16.9301,0.045450000000000004,0.0426,0.0497,0.0426,0.0254,0.0357,0.0294,0.0527,0.7871,0.0311,0.0006,16.8534,0.0074,364.4817,0.005,0.0067,39.1467,1.0652,0.0115,0.1847,0.0142,8.7842,1.0427,7.5736,5.8596,7.7862,2.2715,24.9236,24.3307,6.5296,102.155,3.0938,1.8725,6.94175,2.9398,16.5607,135.7404,10.8833,4.4789,3.0497,3.9447,61.875,96.4514,15.5626,0.577,0.8274,0.9174,0.1407,4.4492,7.4353,4.3042,16.2053,2.6609,3.1279,28.116,8.9807,4.4188,8.4123,124.2062,5.2121,13.1942,52.9844,0.0,101.7649,187.0752,904.2202,84.6429,253.3066,0.0,31.7248,2.6711,4.5618,0.2071,3.2231,13.954,0.0,20.6769,203.9216,3.6451,2.1733,18.5286,0.0616,5.5291,9.1848,1.9616,9.8569,79.29665776575794,16.96089384809181,1.2915347580704386,7.717453436990096,0.5462683777281747,54.57710597389674,4.213193047674092,1.629545932774982,0.4722,0.102,47.843,6.430339396113273,0.16980088594886353,2.600527770593403,0.07254427674158306,2.438814486048916,22.05462466672811,532.1318,2.3355,9.3701,0.4057,3.3101,0.13,1.7609,17.3695,0.0116,2.3312,0.0154,0.0113,73.6411
-1.0,2917.17,2215.3889,0.8552,101.2178,1.4643,0.0047,0.0039,199.0672,18.303900000000002,434.2311,0.9633,190.0818,12.5896,1.4007,-2602.5,1451.75,0.979,1.8872,5.1327,69.8444,2.6778,0.172,84.9737,8.441,64.3579,65.5794,87.0383,78.63,3.134,361.8673,136.6,736.662,1.2613,138.84,637.3073,203.9833,4.639,4.902,2831.0,0.9312,1.5582,363.29,9.898,118.1582,14.7009,18.4418,25.9403,710.7217,141.1582,622.6064,83.0341,0.0264,0.005,-0.0696,-0.0262,0.0113,0.017100000000000004,-0.0101,6.8912,0.1298,0.9665,1798.2443,0.1569,9072.8601,0.0183,0.0949,-0.0446,-0.0014,0.4622,0.9442,776.8345,0.9909,57.6156,0.5913,0.9688,6.293,15.9,3.383,15.94,15.95,0.9838,0.6119,3.392,0.4258,0.7611,2.3401,1006.766,116.0,61.0,78.6,60.5999,190.6949,0.166,0.0953,0.0583,0.041,0.0208,6.7946,13.955,3.764,0.0149,0.41,0.0402,513.0,183.0,0.135,0.087,0.118,2.9,0.257,0.7973,0.1269,0.4841,0.1995,0.6606,0.446,0.152,3.49,23.72,67.139,0.832,21.38,5.04,31.028,56.217,0.0967,0.0536,0.0983,0.0478,0.1031,0.0975,0.15199999999999997,0.1,6.3614,0.0733,0.0101,191.8842,0.0587,844.6006,0.0111,0.0154,0.0192,0.021,117.6567,3.6274,0.0265,0.5824,0.0362,3.8497,29.9917,21.1092,28.5961,0.0545,2.1043,0.033,4.8891,0.1088,0.0129,238.3478,321.8411,3973.5937,82.1883,0.0554,0.0369,0.0496,1.0655,0.0199,0.0708,0.292,0.0539,0.1031,5.9053,0.1467,8.8474,0.045,1.08,6.2201,19.4107,0.2856,1.8064,2.1119,9.2785,18.1549,0.0222,0.0254,0.0412,0.0206,0.03,0.0477,0.0789,0.0434,1.9762,0.0238,0.0031,58.1721,0.0186,226.0283,0.0052,0.0063,33.037,1.1116,0.0083,0.1941,0.0118,7.6124,1.3698,5.2005,2.0911,3.3035,2.7354,10.7181,19.4094,6.5081,75.5572,0.8668,1.5443,3.2567,2.8685,298.58439999999996,12.6055,13.7896,4.6099,2.299,4.1521,29.8755,31.9767,5.5462,0.9383,1.5029,0.7522,0.1976,5.3721,6.5666,4.2109,12.0473,2.5137,3.7219,32.914,5.5431,8.4057,6.3474,145.433,4.3657,18.7885,67.7035,366.9829,136.9968,68.7275,393.1363,866.6667,561.5738,890.8199000000001,92.3132,2.1566,3.0391,1.0406,10.6706,37.4005,534.4902,68.8047,243.1373,4.155,2.2276,15.1457,0.0815,6.2959,9.2555,1.5456,10.3609,73.692,14.69,1.13,7.0867,0.4277,28.5198,3.6021,1.5334,0.1474,0.0399,15.3056,4.98,0.0877,2.0902,0.0382,1.8844,15.4662,532.21,2.2089,8.22,0.3725,2.9957,0.1226,1.5445,16.8636,0.0091,1.8091,0.0154,0.0113,73.6411
-1.0,3122.43,2233.1556,1.5188,102.6611,1.4853,-0.0186,-0.0069,197.2826,11.6025,422.6972,0.9806,187.2786,12.5041,1.4105,-2958.5,1277.0,0.956,1.8805,4.9578,68.1667,3.0,0.2054,85.7833,8.7696,63.7482,66.4353,86.5639,76.61,3.317,355.1845,138.1073,734.3314,0.8956,137.1255,630.4173,113.6723,4.592,4.838,2847.0,0.9295,-0.5464,355.8409,10.526,117.5609,17.0083,20.5464,25.8855,708.4459,141.7718,615.1736,111.5155,0.0071,-0.0038,-0.0245,0.0103,-0.0823,-0.0103,0.0209,7.5075,0.1397,0.9837,1778.0842,0.1957,8104.17,-0.0201,0.0372,-0.0048,-0.0061,0.4649046698137549,0.9386,642.4713,0.9909,58.7569,0.5909,0.9618,6.4264,15.86,3.541,15.86,15.87,0.9365,0.5873,3.21,0.0473,0.7747,2.3604,1004.5168,144.0,116.6,49.8,57.2,179.682,0.2158,0.066,0.0618,0.0446,0.0082,5.59,12.991,5.005,0.0049,0.24,0.02,1507.0,245.0,0.127,0.106,0.032,2.8,0.123,0.34,0.1166,0.4289,0.1596,0.5536,0.817,0.0845,8.54,20.47,12.246,0.667,17.14,6.54,34.465,58.428,0.0734,0.0621,0.055,0.0856,0.1113,0.095,0.0943,0.0718,3.7579,0.0773,0.0026,132.7595,0.0356,832.8999,0.0177,0.0115,0.06023863263904666,0.0352,95.8382,1.948,0.0257,0.4874,0.0463,3.7892,34.7928,37.5876,15.3842,0.0704,2.1585,0.0214,4.1192,0.0673,0.007,644.7177,359.8123,3778.3063,115.288,0.053,0.0438,0.0152,0.8124,0.0404,0.0394,0.122,0.0426,0.086,6.4715,0.2344,10.5167,0.0275,2.9911,6.3687,4.1604,0.1909,1.8586,1.9733,10.8571,19.4561,0.0239,0.027,0.0229,0.0363,0.0331,0.0464,0.0473,0.0372,1.1846,0.0246,0.0008,42.5471,0.0109,241.0307,0.012707299232486223,0.012,28.9653,0.5898,0.0082,0.1709,0.0142,8.7842,1.0427,6.5413,3.7343,1.9594,2.5614,12.5214,14.2082,4.4435,111.9677,1.1841,0.4961,1.9194,1.4165,293.7975,19.1856,13.2845,5.6368,0.6455,4.1076,40.0,62.3039,2.654,0.3963,1.3293,0.6728,0.6795,6.1883,7.7766,4.7446,9.4347,6.2279,3.2471,10.7731,5.2042,6.3367,10.3861,100.7743,4.8649,14.2361,52.3945,0.0,90.0326,349.3878,0.0,115.4313,920.0,342.7208,50.055,1.9326,3.2532,0.2667,7.4664,18.2197,643.3566,22.6221,980.0,11.94075560090314,3.7519,14.9171,0.1048,3.3153,7.5846,1.9616,9.8569,82.098,15.5,1.38,7.0097,0.6037,36.2388,3.8091,1.6809,0.7125,0.1946,64.8513,5.42,0.1547,2.1424,0.0573,2.1763,17.444,532.7591,2.18,8.98,0.2204,3.0988,0.065,1.6856,10.1098,0.0095,1.8874,0.0154,0.0113,73.6411
-1.0,2960.04,2215.3889,0.8552,101.2178,1.4644,0.0049,-0.002,201.8538,10.863,409.9702,0.9775,192.1074,12.442631497672204,1.4294,-3778.6667,-1918.0,1.2793,1.9932,7.2917,69.8,2.5333,0.1893,85.7881,8.77,63.708,66.4683,86.5202,76.89,3.21,351.4045,134.9909,728.6014,0.9573,141.4773,627.8727,124.2095,4.566,4.796,2876.0,0.9295,2.8618,351.3582,10.4518,117.8527,7.6957,17.1382,22.4125,706.1889,151.8545,621.0655,80.7215,0.0113,-0.0003,-0.0071,-0.0036,-0.0213,-0.0072,0.0107,7.9579,0.1314,0.9739,1759.3842,0.2007,8569.6701,-0.0769,-0.1125,0.1462,-0.167,0.4604,0.9224,690.0701,0.9909,59.1158,0.6091,0.9658,6.4439,15.86,3.358,15.88,15.88,0.9176,0.5719,3.123,-0.4731,0.8318,2.3402,1000.2793,98.0,185.0,210.6,60.5999,190.6949,0.166,0.1145,0.0616,0.0445,0.0138,8.4242,11.065,5.677,0.0078,0.5098363414454568,0.0797,787.0,2188.0,0.067,0.071,0.165,2.6,0.425,0.6514,0.1196,0.5767,0.3098,0.6984,0.274,0.101,5.51,14.29,22.067,0.642,14.58,12.38,28.914,81.772,0.0796,0.0493,0.0227,0.048,0.0909,0.0517,0.126,0.0442,2.4692,0.0559,0.013699999999999999,153.9373,0.0306,1137.7002,0.0201,0.0202,0.0222,0.0287,100.6422,1.4247,0.0405,0.696,0.0341,2.3874,28.7275,63.9596,70.8007,0.0545,2.1043,0.0336,3.035,0.1107646609169172,0.0262,387.2737,105.4103,881.6583,1547.1496,0.0284,0.0318,0.0688,0.8944,0.0399,0.1726,0.2342,0.0545,0.0644,6.549,0.0708,6.8195,0.0283,1.6629,4.3152,6.3886,0.1655,3.2053,3.3569,9.3047,27.8366,0.0255,0.0274,0.0106,0.0196,0.0274,0.0211,0.0578,0.0204,1.0734,0.0166,0.0046,48.4665,0.0097,370.2472,0.0061,0.0085,31.0205,0.3965,0.0129,0.2229,0.0114,7.557,0.8208,4.4811,6.2499,9.1869,2.7354,10.7181,19.4094,7.8189,101.8595,1.3847,0.7997,4.325225300922213,5.5757,42.9252,114.0772,5.2374,3.562,2.2628,3.7249,59.2105,52.8169,12.1129,0.7593,1.364,0.9052,0.6795,6.6476,16.1048,2.9643,10.5475,3.8946,2.2759,17.766,6.7865,6.1425,17.537999999999997,189.4562,4.0944,26.1354,101.3013,703.5946,362.5,678.4452,0.0,243.0082,0.0,413.0841,31.0284,2.7397,2.3027,1.3944999999999999,8.7495,15.2325,604.1121,65.0177,277.686,4.8114,3.1093,14.5843,0.0899,2.41,10.8009,1.4588,5.9979,75.378,16.22,1.0,6.868,0.4304,58.8245,4.081,1.3266,0.1454,0.0332,15.2751,9.94,0.2139,4.3946,0.0872,3.7409,31.9497,530.7909,2.0698,10.55,0.2194,3.764,0.0673,1.9876,10.5987,0.0119,2.3822,0.0154,0.0113,73.6411
-1.0,2991.62,2172.2778,0.7955,105.7633,1.4601,0.0047,-0.0072,201.2181,11.5995,426.859,0.962,191.8536,12.431,1.4151,-3854.25,1401.75,0.9855,1.8772,5.1382,66.6778,2.8333,0.1972,85.0513,9.1156,63.9509,66.94045000000003,86.8518,79.16,2.719,362.5691,138.2145,743.641,1.3324,141.4045,642.1882,233.1015,4.597,4.855,2907.0,0.9261,-4.4482,361.7145,10.5357,113.7664,21.1473,24.4482,34.3644,709.2766,145.56,621.0409,108.166,-0.0116,0.0037,0.0057,-0.0202,-0.0039,-0.025,-0.018,6.668,0.1284,0.9865,1856.2073,0.1938,8213.32,-0.0316,0.027,-0.0262,-0.0579,0.4631,0.9571,708.7255,0.9907,57.8093,0.5989,0.9645,6.4178,15.86,3.541,15.86,15.87,0.9365,0.5873,3.21,0.0473,0.7747,2.3604,1004.5168,84.0,73.3,75.6,49.0,563.7341,0.1316,0.0561,0.0542,0.0482,0.0181,8.416,8.937,5.911,0.0152,0.24,0.0539,667.0,139.0,0.063,0.066,0.068,2.8,0.201,0.6989,0.1288,0.6114,0.3099,0.8541,0.638,0.1624,5.72,13.22,57.828,0.293,10.35,9.43,16.945,49.732,0.038,0.0358,0.0311,0.0669,0.0498,0.0998,0.0877,0.0993,4.5806,0.0623,0.0029,107.0116,0.0372,1142.6997,0.0128,0.0141,0.0184,0.0246,116.2128,3.8642,0.0339,0.4454,0.0463,3.7892,24.466,22.4024,27.8334,0.0399,2.0934,0.0207,2.2364,0.0711,0.0186,315.6046,167.3248,536.8056,66.1633,0.0304,0.0306,0.032,1.2091,0.0291,0.0647,0.2747,0.0487,0.0885,6.724,0.2471,5.1367,0.0414,1.7028,3.8792,17.1641,0.0929,2.4263,2.7669,4.7602,16.5064,0.011,0.016,0.0144,0.0303,0.0161,0.0484,0.0468,0.0467,1.5993,0.0217,0.0008,35.5357,0.0119,308.4376,0.0054,0.0086,33.0842,1.1981,0.0122,0.1472,0.0142,8.7842,1.0427,3.8155,2.4502,2.976,2.2557,51.9416,16.5463,3.8423,77.0467,1.3848,1.5751,1.9307,3.8074,29.7334,9.9162,6.3927,3.5158,1.3234,4.1993,28.2353,46.6479,4.2869,0.8217,1.4134,0.956,0.227,5.8306,12.3793,2.4313,12.1904,4.0451,2.0586,24.8081,2.5012,2.781,10.3633,48.9425,2.3891,12.306,45.9775,327.7628,112.8448,0.0,246.7637,0.0,350.0998,551.6667,68.6955,2.4152,2.6117,0.2894,5.7651,19.2118,940.0,89.1365,0.0,3.9641,2.571,16.3974,0.1469,6.6843,6.9403,1.9616,9.8569,76.06858864316409,17.064474520293547,1.233501566797021,7.8513135528482865,0.5208694640300573,55.81282010513262,4.238152389797694,1.6048590188311456,0.5151,0.1327,51.6636,3.58,0.1773,1.2729,0.0668,1.3744,22.3506,537.1036,1.9971,7.0,0.3406,2.1819,0.1139,1.3033,17.0534,0.0122,2.4325,0.0123,0.0129,104.7519
-1.0,3205.08,2184.8889,1.3378,106.69,1.5099,-0.0135,0.0035,197.4777,8.6783,403.8473,0.9721,187.0021,12.4824,1.3951,-3871.75,-449.0,1.3043,2.0098,7.3952,68.9444,2.2,0.1748,85.2679,8.4896,64.3145,65.5737,87.0327,78.04,2.957,349.8691,133.5209,725.4413,0.9621,139.1155,622.5055,119.6139,4.566,4.796,2876.0,0.9295,2.43,351.5418,10.4874,115.9509,7.5635,17.57,22.2242,703.2171,149.0627,616.5555,73.0835,0.0027,-0.028,-0.0103,-0.0084,0.0065,-0.0098,0.011,6.537,0.1446,0.9892,1788.5755,0.1938,8722.6,-0.0426,-0.149,0.1163,-0.1188,0.4356363136775204,0.932,750.2611,0.9908,59.2268,0.6019,0.9719,6.1717,15.91,3.529,15.92,15.93,0.9791,0.5709,3.138,1.939,0.7713,2.3453,1005.49,111.0,175.0,170.5,52.2002,187.3051,0.2247,0.0917,0.0497,0.0413,0.0105,7.4799,8.724,8.421,0.0083,0.28,0.0583,760.0,1993.0,0.092,0.064,0.098,2.1,0.524,0.8301,0.0854,0.5431,0.3824,0.9243,0.403,0.2056,9.45,15.25,33.939,0.599,11.82,17.43,35.699,84.332,0.0615,0.0423,0.0389,0.0252,0.0635,0.0838,0.0941,0.0439,4.7663,0.0311,0.0017,149.5957,0.0352,614.5996,0.0194,0.0164,0.06235011627468029,0.01,77.2191,2.4653,0.0369,0.4267,0.0476,3.6529,30.1488,50.7982,53.7486,0.0791,2.3862,0.0303,2.4598,0.0821,0.0227,348.8919,205.795,523.733,1141.5336,0.0405,0.0284,0.0435,0.7213,0.0412,0.1531,0.322,0.0388,0.1267,6.1488,0.1241,6.6819,0.0553,2.5874,4.4081,9.3996,0.1629,4.6702,5.3193,10.3349,30.3421,0.0163,0.0209,0.0183,0.0108,0.0184,0.0461,0.0491,0.0211,1.4859,0.011,0.0005,47.4058,0.0112,203.4299,0.010327892682901092,0.0028,22.4075,0.6827,0.0118,0.1451,0.0157,6.5206,1.1477,5.0545,5.4601,7.457,2.3891,20.6933,16.7956,6.0731,100.5269,2.0852,0.8521,2.2431,4.1824,29.6507,443.8753,7.0539,3.1845,1.3252,3.0459,63.6364,67.5143,15.0951,0.9735,1.0065,0.8444,0.3041,6.1795,16.9187,2.9053,21.37,6.7929,2.4498,28.3738,6.7865,5.7116,17.537999999999997,156.2767,5.0765,39.8814,115.3914,0.0,90.24,245.2555,759.9102,0.0,960.2041,400.0,72.9118,2.5582,1.2755,0.1683,8.364,18.1381,0.0,48.5584,227.907,11.90222480967267,1.0724,10.2923,0.0665,4.1625,6.9133,2.0308,10.5371,74.056,22.2,0.66,9.6523,0.2777,66.4252,5.4569,0.8912,0.1226,0.0349,12.6436,4.98,0.0877,2.0902,0.0382,1.8844,15.4662,532.5646,2.7395,13.35,0.6164999999999999,4.0485,0.18730000000000002,2.5067,28.50255,0.0214,4.2498,0.0123,0.0129,104.7519
-1.0,2965.52,2201.0667,1.4148,106.5478,1.413,-0.0167,0.0224,200.4929,9.6713,407.477,0.9813,191.7776,12.499,1.3983,-3012.25,4418.5,1.309,1.9935,7.3173,66.1778,1.8444,0.1759,85.8748,8.8132,63.6886,66.3674,86.52,77.26,2.244,361.6536,137.46,734.9217,0.8645,130.1173,629.2309,125.8955,4.63,4.912,2840.0,0.9265,1.17,359.8218,10.0228,118.63,11.4049,18.83,24.7337,710.188,140.9673,619.4191,65.5147,0.0236,0.0001,-0.0402,-0.0287,-0.0128,-0.0112,0.0459,8.4135,0.1313,0.9681,1845.6472,0.2019,8944.2699,-0.103,-0.0298,0.0589,-0.0977,0.4577,0.9496,762.103,0.9904,58.5681,0.6051,0.9743,6.1717,15.86,3.358,15.88,15.88,0.9176,0.5719,3.123,-0.4731,0.8318,2.3402,1000.2793,137.0,150.4,106.5,44.6001,144.823,0.1649,0.075,0.0862,0.0758,0.0081,12.259,5.352,11.715,0.0059,0.38,0.0567,609.0,1234.0,0.128,0.089,0.141,2.0,0.453,0.6995,0.082,0.6884,0.4311,0.5868,0.27,0.0877,5.86,24.54,18.616,1.057,20.6,6.11,29.575,77.919,0.0904,0.0773,0.0431,0.1211,0.1051,0.0235,0.1427,0.1396,2.4365,0.0344,0.0077,103.917,0.037,975.4004,0.0198,0.0144,0.120188138292432,0.0223,103.1018,3.3072,0.0353,0.3321,0.0341,2.3874,34.3199,49.03,41.0656,0.054,1.9148,0.0263,1.7738,0.0964,0.0215,257.1827,109.2062,847.4721,576.4249,0.059,0.041,0.066,0.6888,0.0443,0.142,0.2539,0.0329,0.0356,6.3433,0.0833,8.8426,0.0234,2.0885,6.7356,6.5634,0.3496,1.7619,1.7162,8.4853,21.9038,0.0234,0.0335,0.0186,0.0573,0.0262,0.0116,0.0683,0.0722,0.8962,0.0112,0.0026,35.7429,0.0112,250.8282,0.02801905827358544,0.0067,28.6392,1.0497,0.0092,0.1104,0.0114,7.557,0.8208,6.2614,5.0716,4.1938,2.0263,16.4528,11.6558,5.3079,55.3391,2.875,0.5965,3.0402,4.0548,64.5033,27.928,9.7785,4.4645,1.927,3.0222,65.0602,85.2811,12.9965,0.8146,0.9302,1.0809,0.6795,5.8371,5.3106,4.292,10.1483,4.5036,3.9,14.7869,7.3771,10.5459,5.5635,180.624,4.1644,47.129650000000005,118.9336,382.6455,0.0,301.0566,366.6013,183.5937,0.0,304.4711,28.9591,3.0457,1.4158,0.8005,5.6304,18.3078,222.1794,45.5516,875.0,26.600115265074077,2.3459,13.5286,0.1248,5.6468,5.3817,1.4588,5.9979,81.886,20.57,1.41,8.904,0.617,66.2025,5.0219,1.7219,0.4087,0.0773,41.2704,5.61,0.1863,2.2347,0.0695,2.218,24.1296,531.4073,2.0161,8.05,0.3213,2.8487,0.1038,1.5148,15.9361,0.0112,2.2184,0.0123,0.0129,104.7519
-1.0,3046.63,2214.9333,1.0203,100.4456,1.4063,-0.0106,0.0145,201.0608,10.9501,408.3181,0.9577,192.5712,12.4673,1.3911,-1767.25,1271.75,0.9763,1.8898,5.1013,70.4111,2.6111,0.1856,84.8892,8.7418,63.9238,66.3572,86.5759,78.11,2.508,366.1018,149.22,759.8287,1.1922,133.3055,648.6273,206.4515,4.67,4.931,2836.0,0.9217,-1.93,372.08,9.678249999999997,127.29,13.3573,21.93,29.6185,730.2103,135.9,635.27,110.1327,0.0043,-0.0054,-0.0376,-0.0048,-0.0032,-0.0189,0.0485,7.3747,0.1319,0.9561,1801.5348,0.1537,8621.46,-0.0894,-0.0828,-0.0169,-0.0856,0.4614,0.959,735.3267,0.9908,59.7261,0.6045,0.9669,6.217,15.94,3.208,15.97,15.95,0.9602,0.5451,3.195,0.2365,0.8207,2.3414,1018.1556,139.0,187.3,131.3,54.5,221.54,0.1771,0.0744,0.0758,0.0279,0.0198,8.6105,9.417,18.876,0.0179,0.21,0.0749,271.0,107.0,0.135,0.077,0.202,2.5,0.134,0.7804,0.0723,0.5351,0.2949,0.6215,0.234,0.1051,5.9,19.92,65.661,0.341,27.41,8.01,35.32,75.337,0.1136,0.0537,0.0342,0.0786,0.0418,0.0916,0.1022,0.1087,3.2348,0.0794,0.013699999999999999,77.5505,0.0171,423.9004,0.0187,0.0247,0.0174,0.0239,44.074,3.0598,0.0457,0.4117,0.0357,2.4614,34.1686,64.2143,49.1757,0.0587,1.6772,0.0217,2.7353,0.0498,0.0218,136.3192,282.4965,1920.233,46.342,0.0559,0.0315,0.0893,0.8283,0.026,0.0495,0.2832,0.0307,0.0885,5.5841,0.0753,9.5468,0.0313,1.627,6.3968,23.1296,0.1143,2.2793,2.8022,11.1363,21.7757,0.0274,0.0242,0.0144,0.0394,0.0105,0.0469,0.0531,0.0607,1.0765,0.0249,0.0046,23.9549,0.0062,117.3899,0.006,0.0071,14.8944,0.8493,0.0138,0.1413,0.0106,8.7276,0.9224,6.1543,6.1478,5.381,2.4606,13.3161,17.36,5.2903,85.9993,4.6229,1.8644,1.6844,5.3856,228.0945,8.4136,13.8284,4.0746,3.9598,3.5506,38.2979,44.7305,2.8699,0.9193,0.8275,0.8371,0.6795,4.4387,6.8824,4.4672,8.815,4.4259,3.0711,31.8046,5.5634,3.5878,8.2803,205.206,4.837,8.5611,68.4056,0.0,121.6308,209.1816,876.54,0.0,540.7407,224.0082,43.8634,3.1092,3.2316,1.3944999999999999,4.3047,11.1446,0.0,39.3327,512.3596,3.7799,2.4896,5.9938,0.0652,5.123,6.6214,1.5249,6.9376,79.06047017224641,17.205813461375005,1.2805977788347496,7.819070619670026,0.5244612948385228,64.99049449738402,4.224902105171855,1.6169837099731525,0.3212,0.0592,32.9353,6.493284654926845,0.13561214033354238,2.6634522890846215,0.05583595493392701,2.479488564817622,20.545740398726906,534.6764,2.0007,8.09,0.3016,2.8562,0.0819,1.5131,15.0738,0.012,2.4057,0.0123,0.0129,104.7519
-1.0,3110.14,2242.4333,1.4994,98.1133,1.4165,0.0148,0.0286,201.5248,14.2211,427.1944,0.9715,192.2077,12.5041,1.3857,-3479.25,1277.5,0.968,1.896,5.0362,68.7222,2.1556,0.1617,85.7033,8.7568,63.6774,66.3915,86.5928,76.76,3.341,358.2564,123.4136,712.6457,0.9607,138.3136,619.9836,126.5995,4.593,4.854,2831.0,0.93,2.6373,353.7082,10.7791,106.0509,16.8227,17.3627,22.698,689.9477,143.4018,603.1609,78.0543,0.0231,0.0169,-0.0285,0.0044,0.0352,-0.0285,0.0141,8.7203,0.1348,0.9681,1741.9073,0.2063,9096.68,-0.0261,-0.0539,0.15,-0.0443,0.46497997382924317,0.9283,753.2022,0.991,58.0392,0.5944,0.9655,6.5256,15.86,3.541,15.86,15.87,0.9365,0.5873,3.21,0.0473,0.7747,2.3604,1004.5168,112.0,198.6,158.5,53.8999,348.673,0.4611,0.1373,0.0533,0.0331,0.0091,8.3884,7.267,4.74,0.0084,0.24,0.089,538.0,137.0,0.083,0.093,0.155,2.4,0.113,0.497,0.1144,0.5167,0.3131,0.7184,0.487,0.061,4.99,15.2,15.065,0.372,16.87,6.0,29.872,46.085,0.0735,0.0565,0.12045,0.1108,0.0533,0.0941,0.0599,0.089,1.3699,0.0739,0.013699999999999999,121.6965,0.0471,621.7998,0.0145,0.0192,0.05173705600850215,0.0258,55.2994,3.9143,0.0427,0.4716,0.0463,3.7892,32.9121,67.8745,53.8834,0.1367,2.0557,0.0483,2.1561,0.0673,0.0315,245.2786,248.8433,1694.9669,63.6684,0.0349,0.0388,0.0763,0.7463,0.0303,0.0354,0.1883,0.0442,0.0502,5.2818,0.1718,7.5513,0.0174,1.2944,4.4307,4.4181,0.0991,1.8215,1.8299,8.7578,14.7176,0.0197,0.0241,0.055099999999999996,0.0499,0.0146,0.0468,0.0289,0.0503,0.5002,0.0227,0.0046,45.0885,0.0127,209.57,0.012944315512620798,0.0075,20.2191,1.2905,0.0124,0.1626,0.0142,8.7842,1.0427,4.9997,6.3856,6.4059,2.4036,22.5848,30.7547,9.6929,51.1002,1.1096,0.8611,1.9194,6.4229,111.8632,10.7241,8.5744,4.9051,3.0777,3.4923,37.1134,53.1959,2.4277,0.5799,1.306,0.8114,0.6795,4.6978,5.9232,3.6672,6.35,3.6077,2.4517,11.8997,5.5997,3.4511,6.0537,100.2814,4.3296,11.5709,59.0423,318.7856,175.6022,388.0911,0.0,267.7098,210.36,633.452,15.7097,3.1889,3.0319,1.3944999999999999,6.9864,22.8197,0.0,36.1991,634.4828,11.300121781481828,2.7807,7.3419,0.178,6.7443,7.2271,1.9616,9.8569,76.58894847885296,16.87736958381755,1.2291544108730397,7.442492612968887,0.5149688811687374,65.53032756317322,4.18234681871234,1.6126198334225064,0.3629,0.068,37.5266,6.467592759998866,0.14615622643561707,2.6174972434988737,0.05800339631454421,2.461562211195303,20.097506207186054,532.7591,2.18,8.98,0.2204,3.0988,0.065,1.6856,10.1098,0.0095,1.919,0.0123,0.0129,104.7519
-1.0,3005.14,2150.5889,1.3597,105.6089,1.4194,-0.0027,0.0217,201.7945,12.1786,412.79,0.9591,193.3776,12.4784,1.3838,-3948.25,7084.9583,1.2795,2.0022,7.3068,67.6111,2.2556,0.1968,85.8748,8.8132,63.6886,66.3674,86.52,77.26,2.244,354.2627,133.0673,727.6497,0.9286,139.2864,626.6164,103.8243,4.606,4.869,2845.0,0.9288,3.4827,353.9091,10.4215,116.55,7.1064,16.5173,21.1961,706.4536,150.2164,620.6755,87.2315,-0.0075,0.006,-0.026,-0.0083,0.0239,-0.0184,0.0135,7.6599,0.13,0.9895,1799.8915,0.1777,9080.3599,0.0251,0.0763,0.0045,-0.057,0.462,0.9575,775.6213,0.9905,55.696299999999994,0.6036,0.9784,6.3768,15.94,3.208,15.97,15.95,0.9602,0.5451,3.195,0.2365,0.8207,2.3414,1018.1556,138.0,91.3,51.7,66.0999,155.896,0.1786,0.0829,0.0524,0.0741,0.0235,10.3023,13.722,14.807,0.0207,0.22,0.0833,570.0,12185.0,0.055,0.032,0.199,4.4,0.473,0.6995,0.082,0.6884,0.4311,0.5868,0.784,0.1113,8.88,23.92,16.954,0.283,11.62,7.59,33.547,99.166,0.1187,0.0698,0.0953,0.0655,0.16685000000000003,0.1225,0.0617,0.0821,2.9818,0.0288,0.0015,124.9973,0.0554,576.3994,0.009,0.012,0.0113,0.0111,57.1768,7.013000000000001,0.0335,0.4968,0.0357,2.4614,31.3617,33.0136,14.4661,0.0545,2.0604,0.0311,3.5846,0.0625,0.026,275.1586,122.0287,1998.8189,6271.1966,0.0231,0.0133,0.0852,1.2634,0.0604,0.1498,0.2539,0.0329,0.0356,6.1437,0.2694,10.4825,0.0311,2.8135,7.1092,5.3411,0.1018,1.9922,2.0006,9.8081,32.3439,0.0368,0.0292,0.0441,0.0273,0.0414,0.0651,0.0315,0.0429,0.8486,0.0086,0.0004,45.1499,0.0167,191.0654,0.0032,0.004,19.7639,2.1109999999999998,0.0111,0.1619,0.0106,8.7276,0.9224,6.0465,3.0381,2.1159,3.0736,17.9492,13.1382,5.8403,112.6727,3.5871,2.1538,1.7631,6.0202,123.8523,111.0824,4.2986,1.5982,2.7235,6.5078,93.1034,105.703,14.0583,0.8146,0.9302,1.0809,0.6795,6.5545,9.2209,4.7069,11.9863,6.3754,3.8173,16.3295,7.6113,2.7155,8.4771,163.5143,4.7486,17.4967,113.6813,0.0,269.7585,251.6811,0.0,512.5523,335.3261,610.4089,38.9272,2.4622,1.2044,0.1515,6.9447,31.1769,0.0,42.3707,575.6098,2.4363,1.1577,7.3717,0.25379999999999997,11.90745,7.7904,1.5249,6.9376,71.868,17.81,1.87,6.7618,0.6806,146.2962,4.5428,2.602,0.1623,0.0397,16.633,5.43,0.1445,2.2342,0.0551,2.0353,20.3015,533.0691,1.9841,8.49,0.1374,2.995,0.0414,1.5927,6.9274,0.0133,2.6472,0.0123,0.0129,104.7519
-1.0,3064.13,2205.7222,1.3443,105.66,1.402,-0.017,-0.0026,198.3196,9.991,408.4724,0.9728,189.3803,12.4333,1.4164,-3333.0,-1352.25,1.2495,2.0042,7.36,68.2556,2.4556,0.2072,85.7881,8.77,63.708,66.4683,86.5202,76.89,3.21,355.3809,134.7336,731.4466,1.3643,142.7655,632.88,226.8383,4.592,4.838,2847.0,0.9295,2.0173,354.4409,10.4807,116.7509,15.9991,17.9827,24.4746,706.972,145.6891,616.8809,88.7487,0.009,-0.0094,-0.0998,-0.0067,-0.008,-0.0184,0.001,6.5016,0.1298,0.9673,1807.5363,0.2129,8815.74,-0.0333,0.119,0.0079,0.041,0.4217006157501573,0.9505,756.0866,0.9907,59.3875,0.6067,0.9673,6.2901,15.86,3.358,15.88,15.88,0.9176,0.5719,3.123,-0.4731,0.8318,2.3402,1000.2793,119.0,224.0,212.9,53.0,450.908,0.2141,0.1092,0.0703,0.0518,0.0193,12.1962,9.91,7.538,0.0118,0.5,0.0346,1421.0,3790.0,0.149,0.073,0.088,3.5,0.418,0.6514,0.1196,0.5767,0.3098,0.6984,0.605,0.1471,7.89,18.44,96.603,0.43,20.1,4.94,33.196,73.37,0.0598,0.0939,0.0695,0.0037,0.0983,0.04,0.1068,0.0612,6.5884,0.0733,0.0062,107.9622,0.0882,1412.8008,0.0199,0.0232,0.120188138292432,0.0114,142.1879,2.2682,0.038,0.5874,0.0341,2.3874,32.3484,77.8123,67.5055,0.0652,1.8807,0.0361,2.6096,0.1211,0.0114,601.9974,124.4063,161.1769,1743.127,0.0649,0.03,0.045,0.9723,0.0607,0.1899,0.2342,0.0545,0.0644,4.6202,0.1709,10.6246,0.0472,2.3257,5.6174,28.9121,0.1208,1.6391,2.1414,10.6286,23.4617,0.0187,0.0444,0.0338,0.002,0.031,0.018,0.0541,0.0269,2.1655,0.0238,0.0018,37.8736,0.0262,434.6633,0.02801905827358544,0.0039,41.5945,0.5651,0.0123,0.1915,0.0114,7.557,0.8208,5.3874,7.3104,8.4276,2.4028,49.7168,15.93,7.7889,99.1893,1.8454,1.2178,4.0215,2.4414,8.9109,280.2736,11.9248,3.6423,1.1957,5.1278,77.3756,92.1716,11.9213,0.7593,1.364,0.9052,0.6795,4.0492,9.4557,4.8695,10.7826,5.5265,2.9137,42.5867,5.2042,4.1028,9.8158,125.6322,4.6955,13.9054,82.6716,661.2301,0.0,3.7083,0.0,498.4424,580.4348,0.0,101.3345,2.1566,3.0391,0.6371,5.9729,41.4332,0.0,42.3174,200.0,26.600115265074077,1.1992,18.8058,0.1275,3.8194,9.3388,1.4588,5.9979,75.912,19.91,1.79,9.1691,0.6453,86.0147,4.8773,2.358,0.1474,0.0399,15.3056,7.41,0.1199,2.8777,0.045,2.7651,13.1229,531.3891,2.0882,8.08,0.3356,2.5986,0.0923,1.5205,16.0712,0.0105,2.1104,0.0123,0.0129,104.7519
-1.0,3073.93,2227.2444,0.948,107.8778,1.4443,0.0005,0.0022,201.9615,9.7589,411.0656,0.9762,191.6638,12.4859,1.3966,-3996.25,1480.25,0.975,1.8725,5.0917,59.9667,2.8667,0.2209,85.4507,9.3851,63.8228,65.7258,86.2213,78.68,3.576,363.2227,135.6645,738.9656,1.2241,138.0345,636.9218,226.0732,4.562,4.801,2915.0,0.9242,1.5527,359.7845,10.4604,117.2173,15.2109,18.4473,24.4248,714.5408,144.7091,621.7109,116.3387,0.013,0.0009,-0.0401,-0.0312,-0.0996,-0.0227,-0.0066,6.2299,0.1318,0.9825,1843.9226,0.1958,9454.8601,0.00924700899591352,-0.013794347348572586,0.005201845017397386,-0.04066540964218074,0.4574,0.9354,821.9768,0.9911,58.6073,0.6037,0.9752,6.1154,15.82,3.483,15.83,15.9,1.002,0.5642,3.106,0.7569,0.8057,2.3391,1002.579,96.0,79.8,105.5,52.4001,389.054,0.2677,0.095,0.0402,0.0435,0.0135,7.4839,4.22,5.55,0.0092,0.24,0.1153,671.0,145.0,0.088,0.071,0.118,2.9,0.156,0.3607,0.0731,0.6595,0.3247,0.7643,0.843,0.1692,7.62,14.53,74.048,0.504,12.78,6.43,19.302,10.285,0.0699,0.0581,0.0344,0.0325,0.0267,0.1219,0.0627,0.0535,3.851,0.0405,0.0046,70.6064,0.0944,723.7002,0.0241,0.012,0.0218,0.0213,78.3135,1.6786,0.0297,0.5584,0.0449,5.3886,19.2792,26.2983,35.425,0.0826,1.5354,0.0357,1.3037,0.0604,0.032,286.2463,267.1908,280.8337,60.9993,0.0396,0.0298,0.051,0.8958,0.0278,0.0498,0.1427,0.0304,0.1044,4.6827,0.2816,5.1172,0.0616,2.5104,3.9783,21.6254,0.1422,2.0538,1.9681,5.4973,3.3393,0.0224,0.0281,0.0158,0.0136,0.0086,0.0598,0.0319,0.0252,1.4852,0.0145,0.0013,23.2211,0.0252,281.2994,0.0062,0.0067,28.8584,0.5398,0.0102,0.1774,0.0143,9.0871,1.5339,4.3126,2.596,4.2666,2.3527,29.2545,28.2433,6.5775,43.2425,1.3502,0.9424,1.9222,8.2538,14.1633,9.7956,9.0256,3.7917,2.3175,4.836,38.3721,43.4608,3.3473,0.4221,0.7788,1.0333,0.1966,4.2178,12.5162,2.4502,13.8226,5.5204,2.2813,32.754,2.2288,4.8182,10.8005,84.0188,2.7013,9.46,8.8406,537.4339,97.8939,81.0979,85.6284,122.3281,276.516,807.5472,61.8148,1.7448,1.6654,0.4668,3.8291,48.1835,0.0,51.0638,416.0,4.7744,2.2749,9.5275,0.1153,2.8642,9.1309,1.9188,14.118,76.144,17.09,0.61,8.0643,0.2964,75.3156,4.2067,0.8011,0.5391,0.1773,41.2733,6.24,0.18,2.6553,0.0677,2.369,23.696,530.8818,2.1238,9.19,0.1814,2.8996,0.0606,1.7311,8.539,0.0099,1.9755,0.0123,0.0129,104.7519
-1.0,3010.92,2179.2,1.2708,106.96,1.4721,0.0008,0.0077,201.5765,9.5012,408.9061,0.9702,192.2428,12.5182,1.3965,-4161.25,1413.5,0.9845,1.885,5.067,72.2667,2.6222,0.1779,84.9737,8.441,64.3579,65.5794,87.0383,78.63,3.134,347.44,161.0709,765.7014,0.7652,141.4909,650.0018,122.759,4.645185905389406,4.884977418206143,2865.51646602612,0.9353627217232191,-8.6982,350.5464,10.1859,132.3727,14.9327,28.6982,36.5743,729.1271,152.15,635.0691,63.0735,0.0097,-0.0171,0.0061,-0.0112,-0.008,-0.0165,0.0121,8.0766,0.121,0.9912,1845.8184,0.1942,8839.8099,-0.0386,0.0288,-0.0716,-0.1798,0.4563,0.9409,750.6732,0.991,58.7867,0.606,0.9648,6.3758,15.86,3.358,15.88,15.88,0.9176,0.5719,3.123,-0.4731,0.8318,2.3402,1000.2793,142.0,72.9,96.9,49.5,218.269,0.3092,0.1084,0.0621,0.0427,0.0082,7.1401,3.969,10.951,0.0092,0.22,0.066,380.0,246.0,0.118,0.083,0.228,2.3,0.108,0.7973,0.1269,0.4841,0.1995,0.6606,0.337,0.0794,4.76,18.02,21.606,0.415,19.81,12.05,34.265,101.066,0.0923,0.0487,0.0313,0.0736,0.0897,0.0278,0.092,0.042,2.9302,0.0384,0.0013,161.0295,0.0375,735.8008,0.0293,0.0222,0.019,0.0322,101.8625,2.2059,0.0311,0.5034,0.0341,2.3874,35.1406,27.9103,31.884,0.0951,1.6608,0.0434,1.3277,0.0643,0.0203,158.6366,262.1099,755.5812,116.6919,0.0533,0.0345,0.0997,0.8367,0.0312,0.0297,0.292,0.0539,0.1031,4.7052,0.1089,7.6695,0.021,1.5998,4.9174,6.3134,0.1223,3.6576,4.36,10.6177,34.8918,0.0233,0.0229,0.0136,0.0323,0.0266,0.0119,0.0505,0.018,0.9079,0.0121,0.0004,46.4954,0.0126,261.3203,0.0048,0.011,31.9916,0.68,0.0095,0.1658,0.0114,7.557,0.8208,6.441,2.4212,3.8898,2.2715,24.9236,24.3307,7.3637,41.7738,2.6781,0.9487,1.7574,4.7289,36.5996,17.4036,11.9858,4.4032,4.4997,3.1827,30.5085,58.4635,2.3354,0.9383,1.5029,0.7522,0.1976,4.5303,5.2586,3.6557,10.3717,3.3642,2.7723,17.6003,6.0666620289087465,4.0743,7.5393,132.6617,4.6995,47.129650000000005,160.2354,946.6667,0.0,0.0,803.1337,349.6855,557.5758,347.1074,36.2802,2.6441,1.5775,0.1273,8.724,19.2966,414.4691,26.4059,0.0,4.1558,3.4169,13.5695,0.105,3.7523,7.8948,1.4588,5.9979,81.102,14.81,1.42,6.8266,0.5059,132.7591,3.6533,1.7509,0.1882,0.0419,19.2616,5.01,0.223,1.9373,0.1158,1.9985,28.6687,538.54,2.0768,5.3,0.3411,1.7213,0.0939,0.9842,16.4231,0.0097,1.9636,0.0123,0.0129,104.7519
-1.0,3040.91,2205.7222,1.3443,105.66,1.4602,-0.0061,-0.0043,202.4195,9.5,406.1163,0.9597,192.6751,12.4333,1.3809,-4020.5,209.75,1.317,1.9875,7.299,69.2,2.8444,0.2122,85.2505,8.7812,64.0886,66.1006,86.6597,79.07,3.103,361.6882,142.4791,741.4395,0.8091,128.8018,632.9691,123.6631,4.61,4.869,2855.0,0.923,-2.3391,360.9364,10.0977,120.14,13.5051,22.3391,29.1587,712.2807,140.0473,621.1236,86.7219,-0.0106,-0.0221,-0.0316,-0.0072,-0.0076,-0.0195,0.0139,6.6618,0.131,0.9713,1800.7005,0.1901,8686.8099,-0.0278,-0.149,0.1114,-0.1347,0.4706676271045944,0.9292,732.3767,0.9908,59.4098,0.6047,0.9794,6.2829,15.86,3.358,15.88,15.88,0.9176,0.5719,3.123,-0.4731,0.8318,2.3402,1000.2793,94.0,92.4,116.18553646101316,53.0,450.908,0.2141,0.1257,0.0328,0.0341,0.024,6.566,6.775,17.646,0.018,0.5,0.128,938.0,741.0,0.045,0.114,0.19,2.2,0.544,0.7017,0.0929,0.3964,0.3561,0.7394,0.352,0.1025,3.28,20.44,20.424,0.929,14.73,3.76,32.267,30.619,0.0813,0.058,0.033,0.0403,0.0747,0.0204,0.0936,0.0617,6.1654,0.1074,0.0034,55.6683,0.0231,687.3994,0.0195,0.017,0.05509772649629521,0.0181,73.8716,2.0982,0.0364,0.4757,0.0341,2.3874,25.7894,32.4143,37.32242345929093,0.0652,1.8807,0.0372,2.2426,0.1211,0.0388,406.1801,106.4378,1274.2869,342.3686,0.022,0.0478,0.0974,0.7314,0.0583,0.2044,0.2774,0.0383,0.1054,6.1435,0.0974,8.5545,0.0257,1.0629,5.8491,6.176,0.3197,1.1171,1.1659,9.5174,10.3535,0.023,0.0279,0.0154,0.0166,0.0224,0.0089,0.0509,0.031,1.8583,0.0311,0.0011,17.2904,0.0077,201.6899,0.014487640064061832,0.0054,22.6726,0.7585,0.0139,0.1578,0.0114,7.557,0.8208,4.2656,3.0386,4.724044687745286,2.4028,49.7168,15.93,8.6083,71.3158,4.3451,1.8773,4.0215,9.13815,70.3644,353.2777,3.4169,5.7358,2.6031,3.1792,73.8281,70.6806,16.1116,0.8231,1.0578,0.6185,0.208,5.4163,5.8114,3.9689,12.6635,2.5465,3.2292,16.5158,5.6239,9.2001,7.4746,109.0699,4.5301,15.6917,35.3071,768.3402,84.0884,127.7338,0.0,268.4211,479.3854,443.8849,92.5476,2.6711,4.5618,0.3523,3.0915,12.1701,713.9108,118.77044999999998,726.1538,12.579897241439097,1.9499,10.0866,0.0824,3.5318,7.572,1.4588,5.9979,77.766,13.2,0.97,5.4443,0.3902,67.5081,3.2429,1.2473,0.1927,0.0369,15.2895,10.74,0.2161,4.532500000000001,0.0792,3.9488,25.1081,533.5555,2.0417,6.08,0.3579,2.091,0.1153,1.1395,17.5289,0.01,1.9934,0.0123,0.0129,104.7519
-1.0,3004.63,2220.4001,1.5976,100.9711,1.3807,-0.0119,0.0126,202.2491,10.3773,403.4329,0.9742,191.4688,12.3865,1.3996,-6238.25,1208.5,0.9852,1.8968,5.209,70.3,2.4333,0.172,85.5983,8.5232,64.0577,66.2289,86.6814,78.95,2.607,354.42,129.4791,725.3037,1.377,144.1373,628.0364,221.0746,4.575,4.783,2872.0,0.9306,4.1782,353.8473,10.5345,113.6573,15.4109,15.8218,22.3865,702.9173,145.1209,612.6255,50.0679,0.0089,-0.0272,-0.0289,0.0144,-0.0858,-0.0131,0.0573,7.7914,0.1252,0.9739,1759.3842,0.1929,8989.0101,-0.0597,0.0019,-0.0141,-0.058,0.4571,0.9567,752.3893,0.9911,58.513,0.6016,0.9739,6.1988,15.82,3.483,15.83,15.9,1.002,0.5642,3.106,0.7569,0.8057,2.3391,1002.579,96.0,74.9,99.9,52.0,303.6799,0.4257,0.11,0.0552,0.0547,0.0226,8.1175,8.088,3.077,0.0112,0.45,0.0391,251.0,197.0,0.145,0.097,0.076,2.2,0.137,0.8849,0.0676,0.5148,0.3177,0.7387,0.228,0.2321,4.75,12.07,36.953,0.777,21.85,11.44,25.85,76.966,0.07,0.0385,0.0643,0.14704999999999996,0.0448,0.1547,0.1144,0.0992,3.1056,0.0405,0.013699999999999999,153.9373,0.0214,1159.0,0.0128,0.0119,0.0186,0.0285,130.3851,1.1712,0.0379,0.5352,0.0449,5.3886,25.0557,21.5466,30.3815,0.1163,1.1629,0.0439,2.3114,0.1149,0.0135,120.5028,363.971,4166.2615,95.4166,0.0608,0.0405,0.0343,0.7697,0.0238,0.0419,0.362,0.0262,0.0617,6.7404,0.0759,6.4933,0.0572,1.5073,4.1406,12.5357,0.1948,3.0743,2.8768,8.6361,26.4091,0.0174,0.0166,0.0281,0.06770000000000001,0.0126,0.0718,0.061,0.0448,1.2815,0.0145,0.0046,48.4665,0.0067,383.4307,0.0052,0.0093,37.092,0.4196,0.0125,0.1749,0.0143,9.0871,1.5339,4.4914,2.4928,3.9028,2.3419,21.8589,26.6473,7.967,77.9395,0.7627,1.1544,3.633,2.7958,143.6621,16.3012,14.7171,5.114,1.459,3.1294,36.9863,44.186,2.9274,1.0338,0.7934,0.8036,0.3248,6.4076,16.968,2.7409,16.8592,3.2955,1.9219,16.7152,6.9906,7.3758,17.537999999999997,141.7822,3.6775,47.129650000000005,153.7232,789.2882,51.9568,692.6407,311.6522,180.3556,871.619,173.0484,39.8587,1.5977,1.6654,1.3944999999999999,8.7495,11.0749,533.3333,59.0164,0.0,4.0602,2.9754,17.3295,0.0524,2.0017,8.6336,1.9188,14.118,76.144,24.4,1.52,10.4164,0.6135,60.7487,5.9858,1.9962,0.0907,0.0268,9.3697,5.91,0.3378481311764915,2.3737,0.1352392452747727,2.2086,38.05341532073962,538.0,2.003,4.94,0.2341,1.6785,0.0767,0.9182,11.6871,0.0132,2.6524,0.0161,0.035,217.1506
-1.0,2988.5,2214.9333,1.0203,100.4456,1.4416,0.0135,0.0051,201.8868,9.1581,408.8896,0.9623,192.6575,12.4706,1.4074,-3566.75,73.25,1.295,2.0245,7.3335,67.7556,2.9333,0.2329,85.2227,8.5288,64.1901,66.0973,86.6692,78.52,3.182,363.0309,129.3018,725.985,0.8948,135.42,627.7527,123.5546,4.642,4.89,2843.0,0.9302,4.1455,363.5491,10.1576,113.4473,13.9697,15.8545,20.187,705.798,138.5073,615.5036,108.5537,0.021,-0.0184,-0.0323,-0.009,-0.0084,0.003,0.0367,7.9761,0.124,0.9643,1846.5444,0.26075000000000004,9028.5101,-0.0273,-0.0298,0.0109,-0.0315,0.456,0.9745,765.1574,0.991,58.1761,0.6033,0.9773,6.1959,15.86,3.358,15.88,15.88,0.9176,0.5719,3.123,-0.4731,0.8318,2.3402,1000.2793,108.0,88.1,35.3,54.5,221.54,0.1771,0.1811,0.0586,0.0441,0.0189,8.3989,5.678,10.658,0.0167,0.21,0.0531,685.0,1956.0,0.04,0.043,0.122,1.9,0.421,0.7978,0.0929,0.6767,0.4021,0.7542,0.659,0.0635,6.67,16.79,18.944,0.784,19.77,4.59,27.284,74.072,0.0557,0.0565,0.0738,0.0991,0.0646,0.0391,0.1025,0.1274,3.0159,0.0317,0.013699999999999999,125.9304,0.1254,1915.5996,0.0121,0.0123,0.0174,0.0101,234.3522,1.9269,0.0343,0.5999,0.0341,2.3874,30.7302,30.2822,12.6776,0.0587,1.6772,0.0632,1.9019,0.0585,0.019,307.3829,87.2597,278.01,853.1004,0.022,0.0192,0.0592,0.6729,0.0409,0.1251,0.2868,0.0384,0.1474,6.5758,0.2003,7.8627,0.0222,1.9098,5.1407,5.2216,0.2632,1.5186,1.2351,8.4675,27.1722,0.0162,0.0244,0.0312,0.0419,0.0209,0.0168,0.054,0.0642,1.0656,0.0101,0.0046,47.3222,0.0374,581.7248,0.0049,0.0031,67.7075,0.5027,0.0108,0.1938,0.0114,7.557,0.8208,4.8668,2.948,1.3785,2.4606,13.3161,17.36,12.5624,61.9998,2.6066,1.7338,1.684,3.775,18.308,0.0,3.0888,2.124,1.6636,2.8042,40.9091,51.9561,12.3477,0.9361,1.0887,1.0542,0.3236,5.1538,5.4369,3.6761,7.0988,4.9254,2.6746,15.3325,5.5763,7.7183,6.7873,141.5204,3.8657,15.2622,68.2353,265.0015,0.0,306.5739,714.7994,464.095,0.0,347.3756,37.8117,2.2587,1.3222,1.3944999999999999,6.8198,63.31987047269746,718.2482,92.4623,0.0,3.8168,1.0332,30.628,0.0638,3.3122,9.682,1.4588,5.9979,74.296,17.76,1.68,8.3725,0.6202,30.7405,4.3141,2.2612,0.3878,0.0772,40.2253,4.98,0.0877,2.0902,0.0382,1.8844,15.4662,531.4073,2.0161,8.05,0.3213,2.8487,0.1038,1.5148,15.9361,0.0112,2.2392,0.0161,0.035,217.1506
-1.0,2965.28,2205.7222,1.3443,105.66,1.5214,-0.0037,-0.0055,201.6851,10.8559,402.3713,0.9759,191.4506,12.4876,1.3888,-1363.875,1126.25,0.9622,1.8872,5.027,69.2667,2.8222,0.1957,85.7833,8.7696,63.7482,66.4353,86.5639,76.61,3.317,354.6991,129.0391,724.1923,1.3828,143.2355,626.9736,233.845,4.575,4.783,2872.0,0.9306,4.0555,354.0755,10.5537,113.0945,9.6396,15.9445,18.277,705.9153,151.4891,618.6591,171.74984999999998,-0.0113,0.009,-0.0762,0.0117,-0.0899,-0.0232,-0.025,7.0706,0.1374,0.9866,1706.1584,0.1894,9126.35,0.0548,0.0586,-0.0197,0.011,0.43701545733887026,0.9398,771.1395,0.9906,58.0623,0.6014,0.9735,6.2563,15.82,3.483,15.83,15.9,1.002,0.5642,3.106,0.7569,0.8057,2.3391,1002.579,98.0,75.5,39.1,53.0,450.908,0.2141,0.0883,0.0511,0.0487,0.0155,7.1873,6.365,9.306,0.0096,0.34,0.0711,164.0,202.0,0.094,0.067,0.113,3.0,0.18,0.34,0.1166,0.4289,0.1596,0.5536,0.397,0.1796,11.82,15.37,63.616,0.898,14.07,14.43,32.049,51.593,0.149,0.059,0.119,0.0491,0.0981,0.1004,0.0565,0.068,5.3624,0.0208,0.0032,127.6079,0.0145,1232.6992,0.0113,0.013,0.04757554929779928,0.0141,124.3044,3.5584,0.0536,0.5569,0.0449,5.3886,28.4939,26.44,12.107,0.0652,1.8807,0.0312,2.2421,0.0841,0.0283,74.5671,169.781,5823.189049999999,102.2884,0.0398,0.0279,0.0467,1.1662,0.0199,0.0537,0.122,0.0426,0.086,5.5267,0.1299,6.9635,0.0481,2.908,3.9975,20.2193,0.2525,3.7386,4.1049,9.6232,15.8832,0.0416,0.0272,0.0502,0.0245,0.0274,0.0505,0.0281,0.0303,1.8298,0.0087,0.0013,39.3611,0.0055,387.7387,0.009621566070996455,0.0046,40.3174,1.1401,0.0184,0.1843,0.0143,9.0871,1.5339,4.2872,2.5461,1.575,2.4028,49.7168,15.93,5.8038,58.6317,2.3128,0.9863,2.7227,5.1208,0.0,17.9356,9.7688,3.5501,2.2479,4.3311,28.3465,34.753,3.8639,0.3963,1.3293,0.6728,0.6795,5.0437,16.5221,3.0263,12.9861,8.2521,2.4515,27.2044,6.9906,8.5088,17.537999999999997,145.9603,4.5401,21.0082,23.6067,0.0,85.1371,64.4357,838.0139,111.7107,243.0108,272.2723,75.8401,2.2558,0.8614,0.3196,7.4793,7.6573,0.0,58.0357,406.3492,10.043497707567457,1.5052,16.1196,0.1415,6.1287,8.9014,1.9188,14.118,78.334,19.82,1.32,9.3586,0.4992,21.5205,4.8187,1.6851,0.3275,0.061,35.1945,4.98,0.0877,2.0902,0.0382,1.8844,15.4662,538.54,2.0768,5.3,0.3411,1.7213,0.0939,0.9842,16.4231,0.0133,2.65,0.0161,0.035,217.1506
-1.0,2978.87,2171.3222,0.8066,107.17,1.5126,-0.0133,0.0132,197.8622,13.7758,415.7274,0.9588,189.2709,12.3865,1.3728,-3227.5,1230.75,0.9703,1.8868,5.0425,68.7,2.8,0.1871,84.2049,8.7662,64.006,66.4953,86.5018,75.71,3.408,363.79,134.9555,739.6365,1.3619,141.4836,640.2291,243.4557,4.597,4.855,2907.0,0.9261,1.54,362.4445,10.2899,116.4955,17.2573,18.46,27.5268,712.1096,144.0318,622.9718,70.6489,-0.0004,0.0193,-0.0349,-0.0356,0.0147,-0.0194,0.0221,7.6328,0.13,0.9896,1815.3829,0.1989,8746.85,-0.0275,0.0856,-0.0545,0.0912,0.4513887520632285,0.9111999999999999,741.269,0.9913,57.7936,0.6014,0.9606,6.4729,15.94,3.208,15.97,15.95,0.9602,0.5451,3.195,0.2365,0.8207,2.3414,1018.1556,128.0,90.3,31.2,60.0,225.176,0.1026,0.0762,0.0556,0.0422,0.0194,6.5296,13.943,15.936,0.0176,0.45,0.0631,404.0,110.0,0.11,0.092,0.144,3.3,0.104,0.48,0.0611,0.7437,0.3386,0.7309,0.687,0.1592,5.25,15.82,37.655,1.288,21.85,7.13,21.202,78.064,0.0946,0.0607,0.1151,0.1008,0.16685000000000003,0.0971,0.0892,0.1199,5.229,0.0729,0.0049,101.3107,0.0302,957.7998,0.0361,0.0139,0.04521029810493596,0.0315,91.5837,2.137,0.0437,0.4943,0.0357,2.4614,32.1292,27.287,12.8771,0.0389,2.2548,0.0224,4.5049,0.1149,0.024,176.0407,260.5904,603.5487,59.8797,0.0505,0.0382,0.0635,1.0235,0.0203,0.0397,0.1932,0.0286,0.0691,6.5531,0.2324,4.9152,0.0458,1.4881,4.0517,12.4742,0.3537,2.2086,2.7863,6.0312,26.4477,0.0256,0.0274,0.0494,0.0461,0.0485,0.0518,0.0456,0.0543,1.5888,0.0231,0.0015,31.125,0.0083,362.5731,0.015208725708576114,0.0117,39.2861,0.7072,0.0125,0.1623,0.0106,8.7276,0.9224,5.6544,3.0314,1.2465,2.7633,23.2963,12.7253,5.0377,101.2136,3.8333,1.84,3.633,4.5934,43.5941,8.9376,11.3373,4.8761,2.8557,4.8035,25.0,33.1354,2.2339,0.57,0.6965,1.1619,0.6795,5.4922,11.3741,2.4312,11.6891,3.7107,2.471,15.4669,2.5012,12.5171,7.6827,126.6133,2.9774,32.3786,110.4957,0.0,163.6119,288.8252,652.1846,661.6695,459.2021,543.1484,68.5065,2.4622,3.0848,0.4977,5.5807,15.1931,605.9946,118.77044999999998,573.913,11.695825209284155,3.4606,12.355,0.0779,3.6976,7.6368,1.5249,6.9376,76.91497602057527,16.7730583820502,1.2405488356697862,7.599992829056059,0.519570941742409,60.961598311075996,4.140043392375456,1.6325444006568754,0.3629,0.068,37.5266,6.81,0.0945,3.011,0.0389,2.5466,13.6014,537.1036,1.9971,7.0,0.3406,2.1819,0.1139,1.3033,17.0534,0.0174,3.4962,0.0161,0.035,217.1506
-1.0,3045.88,2229.3333,1.5123,102.78,1.4667,-0.0472,-0.0077,199.1909,11.7127,414.6093,0.978,189.7334,12.44,1.4132,-3897.25,1503.5,0.9992,1.8722,5.1043,68.3222,2.5444,0.1819,84.6838,9.0425,64.4947,66.94045000000003,86.8006,68.12421061768964,3.3629260041040507,355.0718,135.3873,732.9717,1.3991,143.2973,633.7564,238.3663,4.609,4.842,2848.0,0.9288,2.8627,353.5445,10.4035,118.25,13.6804,17.1373,24.7459,708.2258,149.7191,621.5136,76.0811,-0.0273,-0.0074,-0.0725,-0.002,-0.086,-0.0239,-0.0071,7.6734,0.1284,0.9905,1833.5098,0.1549,8884.0999,0.0166,0.0288,0.0054,-0.0027,0.4503480857709121,0.9429,754.156,0.9908,58.8834,0.5965,0.9687,6.3294,15.86,3.541,15.86,15.87,0.9365,0.5873,3.21,0.0473,0.7747,2.3604,1004.5168,72.0,180.4,184.6,75.5,152.9181,0.3085,0.1776,0.064,0.0439,0.0118,4.9691,7.116,4.911,0.0083,0.31,0.0722,378.0,105.0,0.106,0.044,0.204,1.9,0.167,0.5365,0.0788,0.5934,0.3461,0.8211,0.546,0.1173,6.86,21.09,83.054,0.561,26.75,4.81,38.875,76.283,0.1156,0.0398,0.0381,0.0314,0.0811,0.1208,0.0847,0.0438,4.4256,0.0699,0.0006,95.1692,0.0143,517.8994,0.009,0.0113,0.050329228159017,0.028,78.031,1.4503,0.0222,0.4287,0.0463,3.7892,20.3654,67.0972,65.1659,0.1078,2.2767,0.0628,2.2629,0.0844,0.0254,162.4918,136.871,155.5021,46.6798,0.0488,0.0204,0.1001,0.7242,0.0142,0.0555,0.235,0.0334,0.1269,5.045,0.1655,10.6666,0.0353,2.0648,6.2179,23.8172,0.155,1.5044,3.0024,12.4457,26.3369,0.0276,0.0185,0.0177,0.0144,0.0233,0.0576,0.0466,0.0237,1.7974,0.0207,0.0002,27.3886,0.0047,177.1126,0.012594101474918667,0.0105,27.7112,0.4887,0.0091,0.1456,0.0142,8.7842,1.0427,3.3195,5.9228,7.3646,3.3867,9.8446,20.3964,12.1085,60.7544,1.1845,0.8462,2.492,5.1084,8.7241,6.9837,10.608,2.3501,3.9967,2.7809,27.5109,29.1387,3.5929,0.6335,0.8717,0.9201,0.1809,4.7174,8.7083,4.9262,8.3869,4.7873,3.3278,34.843,5.6434,5.3924,11.3066,195.5352,5.4891,11.3501,100.2654,423.2494,36.5473,43.3402,0.0,140.4243,354.3933,619.0813,57.6748,2.4152,2.839,0.0598,5.1905,9.2193,0.0,58.2659,0.0,11.701999385671519,2.9675,10.3468,0.0746,2.463,6.7736,1.9616,9.8569,78.418,18.32,1.01,8.9397,0.3675,63.3107,4.6141,1.288,0.1226,0.0349,12.6436,5.97,0.1372,2.2215,0.0505,2.2255,21.1618,533.0691,1.9841,8.49,0.1374,2.995,0.0414,1.5927,6.9274,0.0115,2.2721,0.0161,0.035,217.1506
-1.0,3005.53,2171.3222,0.8066,107.17,1.4924,-0.0185,0.0057,205.0389,11.9662,414.8114,0.9725,195.4583,12.5094,1.386,-4262.0,1367.5,0.9977,1.8585,5.0568,65.8556,1.9222,0.1472,84.6838,9.0425,64.4947,66.94045000000003,86.8006,67.36174377576039,3.2460846688932916,353.5391,129.3164,729.3486,1.3565,151.9255,634.7809,226.711,4.627,4.861,2873.0,0.9362,1.7755,353.2582,10.7219,111.0918,18.5782,18.2245,25.55,703.7986,151.8527,616.2027,89.2668,-0.0398,-0.0078,-0.0314,0.0083,-0.0824,-0.0145,0.0032,7.7271,0.1351,0.9896,1783.6549,0.1984,8509.97,-0.1828,-0.0251,0.0575,-0.1426,0.4555,0.93,748.6518,0.9903,59.5856,0.6065,0.9648,6.3693,15.91,3.529,15.92,15.93,0.9791,0.5709,3.138,1.939,0.7713,2.3453,1005.49,85.0,101.5,22.2,60.0,225.176,0.1026,0.0979,0.0293,0.0466,0.011,5.5382,6.555,6.837,0.0081,0.24,0.085,167.0,107.0,0.044,0.027,0.14,3.6,0.159,0.5365,0.0788,0.5934,0.3461,0.8211,0.173,0.104,6.3,16.43,69.396,0.243,13.43,4.96,25.479,63.75,0.0456,0.0551,0.0274,0.0408,0.0745,0.0831,0.0926,0.0664,4.7779,0.0287,0.0048,139.0179,0.0936,685.9004,0.0313,0.03,0.0192,0.0147,68.3016,3.0082,0.0289,0.459,0.0476,3.6529,20.1801,33.1922,6.9431,0.0389,2.2548,0.0299,1.8702,0.0782,0.0354,74.5229,57.9849,544.3853,43.8368,0.0202,0.0124,0.0584,1.1024,0.0331,0.052,0.235,0.0334,0.1269,6.7019,0.058,7.8406,0.0265,1.8699,5.04,17.569,0.0822,1.3492,2.8357,7.6706,21.4334,0.0124,0.0232,0.0126,0.0184,0.0211,0.0466,0.0478,0.0316,1.5381,0.0095,0.0014,41.428,0.0264,198.4043,0.0059,0.0047,22.409,0.9628,0.0114,0.1566,0.0157,6.5206,1.1477,3.9304,3.3771,0.8954,2.7633,23.2963,12.7253,6.5597,54.7794,1.6482,0.8335,1.9186,6.132,27.5223,7.8245,4.4099,1.4528,2.7686,5.4665,36.4162,63.1698,3.4232,0.6335,0.8717,0.9201,0.1809,5.8777,4.5779,4.0836,7.67,4.1468,2.5883,30.6099,4.4526,2.2664,5.743,72.2891,3.6202,14.6243,71.4151,114.5549,85.9259,129.7297,902.3467,100.9107,637.5215,0.0,61.8334,1.7765,1.171,0.4897,7.794,47.1566,0.0,36.0106,0.0,4.2122,1.5822,9.1233,0.0861,5.0486,7.2062,2.0308,10.5371,77.334,14.24,0.96,7.0597,0.4359,29.8386,3.5878,1.2414,0.2333,0.0527,24.2589,4.98,0.0877,2.0902,0.0382,1.8844,15.4662,531.4073,2.0161,8.05,0.3213,2.8487,0.1038,1.5148,15.9361,0.011,2.183,0.0161,0.035,217.1506
-1.0,2972.22,2215.3889,0.8552,101.2178,1.4922,0.0045,-0.0087,197.7814,12.3807,414.8296,0.9736,188.2556,12.459,1.4125,-4317.0,-6889.3333,1.2875,1.9988,7.336,67.3889,2.4,0.1956,86.6785,9.0121,64.0904,66.94045000000003,86.6797,79.05,3.395,356.0764,138.9845,734.3434,0.8856,133.9009,628.9618,111.4923,4.606,4.869,2845.0,0.9288,1.9255,353.5436,10.3263,120.91,9.3151,18.0745,23.1949,711.1485,147.5627,622.0164,78.5395,-0.0022,-0.0103,-0.0202,0.03,0.0099,-0.0118,-0.0008,7.2547,0.132,0.9903,1805.4202,0.2021,7994.81,0.0142,-0.0065,0.0491,0.0156,0.4647289123884881,0.9407,663.7341,0.9911,58.5502,0.6118,0.9781,6.2654,15.86,3.358,15.88,15.88,0.9176,0.5719,3.123,-0.4731,0.8318,2.3402,1000.2793,127.0,95.9,74.3,60.5999,190.6949,0.166,0.0677,0.0591,0.0415,0.0182,5.6415,8.694,12.396,0.0124,0.2,0.0422,283.0,17104.0,0.109,0.135,0.264,3.9,0.344,0.7555,0.1141,0.6073,0.3622,0.6522,0.766,0.1103,9.06,22.55,15.756,0.3,14.6,5.49,34.24,101.446,0.0906,0.0902,0.0363,0.0397,0.0705,0.0627,0.0956,0.0929,5.2698,0.0792,0.0012,186.4711,0.0462,1456.9004,0.01,0.0108,0.06049944572712207,0.0183,175.5328,1.1642,0.0502,0.4229,0.0341,2.3874,33.6812,34.4833,24.352,0.0545,2.1043,0.019,2.8248,0.0568,0.0143,130.7042,303.7483,1282.7357,8994.62525,0.0454,0.0553,0.1234,1.2201,0.0369,0.1211,0.2843,0.0449,0.1165,5.4746,0.2659,10.4038,0.0297,2.867,6.5567,4.6548,0.0831,1.5307,1.6071,10.4509,36.7636,0.0236,0.0437,0.0167,0.0177,0.0234,0.0282,0.0522,0.0491,1.7268,0.0268,0.0003,59.6829,0.0134,435.0332,0.013082026429504675,0.0053,51.2005,0.3926,0.017,0.14,0.0114,7.557,0.8208,5.9055,3.2265,2.9486,2.7354,10.7181,19.4094,4.5369,70.222,2.9882,1.2783,1.6053,2.9861,59.3699,248.2679,8.466,6.7542,3.5987,5.7873,41.6667,51.1364,9.6789,0.8716,1.2662,0.9476,0.1852,5.3191,8.8931,4.6832,12.4559,6.7662,3.5853,14.1319,7.6113,2.9052,9.5774,156.7341,4.8147,41.9258,129.1657,0.0,91.2725,196.2917,234.7555,634.9367,806.7511,0.0,72.6401,3.0295,3.3954,0.1171,10.3284,22.8559,602.0906,60.1093,0.0,11.956055304511127,1.9494,26.4463,0.0841,1.9885,6.7495,1.4588,5.9979,82.116,15.98,1.72,7.0288,0.831,56.9009,3.9726,2.0946,0.5292,0.0928,43.8076,6.08,0.1804,2.3355,0.0698,2.2624,26.0766,533.0691,1.9841,8.49,0.1374,2.995,0.0414,1.5927,6.9274,0.015,3.0365,0.03,0.0076,25.2223
-1.0,3043.49,2205.7222,1.3443,105.66,1.3923,0.0061,0.0091,201.77,14.3185,428.693,0.9664,192.4945,12.5896,1.3984,-3386.75,1506.75,0.992,1.8805,5.1478,69.7778,2.2556,0.1761,85.2679,8.4896,64.3145,65.5737,87.0327,78.04,2.957,363.0445,134.6173,734.083,1.2753,138.6655,636.3273,190.554,4.632,4.883,2834.0,0.9306,-1.3727,360.4845,10.3807,113.2445,21.8473,21.3727,29.1464,704.9366,140.7509,614.48,108.4155,0.0049,0.0041,-0.0738,-0.0095,-0.0077,-0.0232,-0.0064,7.2932,0.1402,0.964,1860.1034,0.1965,8874.8601,0.0201,0.1032,-0.023,-0.0499,0.4584,0.9463,778.2274,0.9908,59.1958,0.5938,0.9648,6.3541,15.85,3.615,15.89,15.89,0.9933,0.5849,3.168,-0.5204,0.791,2.3708,999.819,147.0,192.2,235.6,53.0,450.908,0.2141,0.1027,0.057,0.0685,0.0142,9.0283,12.933,8.33,0.013,0.41,0.0643,193.0,156.0,0.111,0.069,0.11,2.6,0.253,0.8301,0.0854,0.5431,0.3824,0.9243,0.255,0.1324,3.56,19.27,63.441,0.339,20.17,5.54,29.894,74.065,0.0646,0.0515,0.086,0.0124,0.0851,0.102,0.0675,0.0429,4.1491,0.0282,0.0109,91.7208,0.03,1018.2002,0.0147,0.018,0.0302,0.0382,109.8882,1.4034,0.0286,0.571,0.0393,3.1641,31.8803,65.0586,80.6787,0.0652,1.8807,0.042,3.7437,0.1088,0.0255,79.9557,294.628,639.1136,64.9635,0.0483,0.0297,0.0495,0.9257,0.0333,0.0814,0.322,0.0388,0.1267,5.802,0.0782,8.3085,0.0369,1.12,5.475,22.9885,0.0913,1.4205,1.995,8.9404,24.661,0.0186,0.0234,0.0401,0.0062,0.0246,0.0544,0.0324,0.0193,1.443,0.0094,0.0041,32.1777,0.0102,282.1022,0.0076,0.0114,30.8528,0.4097,0.0077,0.1891,0.012,9.6639,1.0245,6.4871,6.3151,9.5125,2.4028,49.7168,15.93,7.3763,90.324,1.9431,1.3462,3.2567,4.5973,44.7627,10.3534,11.1895,3.6692,2.1369,3.7261,53.202,68.7066,5.4459,0.9735,1.0065,0.8444,0.3041,5.0021,5.8462,3.8675,10.3784,2.5673,3.0283,33.2929,5.1737,3.2657,5.9076,92.3226,4.2407,14.3362,68.3159,0.0,273.9362,16.8079,894.025,0.0,291.2621,665.1163,56.8904,1.7837,1.169,1.1329,4.931,15.2683,935.0649,42.6966,266.6667,6.5853,4.04,14.1203,0.0593,2.3707,8.9857,1.6575,8.4477,78.708,18.88,1.25,9.2692,0.5267,40.3777,4.5418,1.5881,0.3275,0.061,35.1945,11.969999999999999,0.1412,4.532500000000001,0.0604,4.638249999999999,20.8933,533.69,2.0464,8.89,0.4115,2.9168,0.108,1.6658,20.1086,0.0162,3.2277,0.0072,0.021,255.5817
-1.0,3219.6,2201.0667,1.4148,106.5478,1.4112,-0.0156,0.0174,203.8909,9.6943,408.1724,0.9572,194.7522,12.5139,1.4266,-3961.0,1557.0,1.0037,1.8962,5.2788,68.7667,2.3444,0.1778,85.2679,8.4896,64.3145,65.5737,87.0327,78.04,2.957,353.2545,136.1891,737.6084,0.9013,143.4573,632.9009,114.9584,4.637,4.836,2881.0,0.934,2.6218,355.2173,10.4946,118.8109,9.7209,17.3782,22.6667,714.9416,150.1882,624.2164,86.3537,0.0172,-0.0193,-0.0475,-0.0105,0.0224,-0.0246,0.0493,7.1152,0.1447,0.9896,1798.2244,0.2011,8850.22,-0.0014,-0.0623,0.0419,0.0723,0.4391201097002114,0.9508,763.7578,0.9911,58.009,0.5969,0.9757,6.2186,15.82,3.483,15.83,15.9,1.002,0.5642,3.106,0.7569,0.8057,2.3391,1002.579,111.0,177.4,165.1,44.6001,144.823,0.1649,0.1223,0.0646,0.0466,0.0181,7.0365,3.983,12.551,0.0188,0.27,0.0382,492.0,48.0,0.11,0.069,0.123,2.9,0.224,0.8301,0.0854,0.5431,0.3824,0.9243,0.336,0.0545,4.45,16.8,21.536,0.166,21.86,11.06,32.221,59.867,0.0672,0.0359,0.1095,0.0821,0.0741,0.086,0.1085,0.0929,4.0364,0.0312,0.0012,127.9656,0.0339,768.5996,0.0146,0.019,0.050198531739871266,0.0187,74.2617,1.2486,0.0319,0.3956,0.0449,5.3886,30.1488,50.6801,50.9525,0.054,1.9148,0.0412,1.1372,0.0649,0.0151,227.3461,193.3822,1392.469,19.9666,0.0452,0.0284,0.0556,1.1034,0.0283,0.0671,0.322,0.0388,0.1267,6.9764,0.1124,6.6539,0.0175,1.3509,5.3265,6.6376,0.0429,3.3598,3.5199,9.4087,19.8931,0.0199,0.0167,0.0505,0.0361,0.024,0.048,0.0548,0.0477,1.264,0.0119,0.0004,45.7822,0.0109,210.3471,0.012060883580384724,0.0055,20.2868,0.3608,0.0101,0.1296,0.0143,9.0871,1.5339,5.0545,5.51,7.0875,2.0263,16.4528,11.6558,8.6662,41.0861,3.0749,1.9672,2.1576,2.6777,81.4693,3.0829,10.9589,3.6388,2.3301,4.2172,17.0616,55.125,4.7896,0.9735,1.0065,0.8444,0.3041,5.4606,6.7406,3.0443,6.0468,3.102,2.6544,18.7337,4.6095,1.5818,5.7486,224.8761,4.5068,24.3024,69.3276,390.5558,76.0996,172.8421,704.4563,384.3575,441.5056,188.2472,56.7288,2.4873,1.2738,0.1242,7.1162,16.8532,0.0,61.3861,405.9701,11.560689136754203,1.9671,9.7232,0.0884,2.1524,6.3616,1.9188,14.118,74.176,22.18,0.98,9.8092,0.392,81.3386,5.4291,1.3212,0.1226,0.0349,12.6436,5.92,0.1472,2.5,0.0574,2.1725,25.5068,531.0854,2.0685,9.93,0.2932,3.3856,0.0858,1.8698,14.1723,0.0139,2.8039,0.0072,0.021,255.5817
-1.0,3096.81,2205.7222,1.3443,105.66,1.4333,0.0022,-0.0045,197.8386,11.2825,397.5554,0.9789,187.3029,12.5018,1.3964,-1363.875,-361.75,1.2532,2.0128,7.2797,67.8556,2.7778,0.2009,85.7033,8.7568,63.6774,66.3915,86.5928,76.76,3.341,355.7591,134.66,729.2001,0.8948,134.7836,625.2027,113.8305,4.592,4.838,2847.0,0.9295,-0.7782,353.7055,10.5783,113.8818,14.2947,20.7782,26.0554,703.1447,144.7118,612.2991,90.0632,-0.0441,0.0453,-0.0924,-0.0129,0.005,-0.0056,-0.022,7.6843,0.1334,0.9671,1664.8378,0.2144,8607.3302,0.1486,0.0149,-0.17095,0.24300000000000002,0.4661,0.9299,705.4276,0.9911,57.8749,0.6045,0.9641,6.3308,15.82,3.538,15.8,15.86,0.9933,0.5814,3.223,-0.1892,0.7804,2.3593,1012.4752,116.0,209.3,211.7,53.0,450.908,0.2141,0.0674,0.0639,0.0672,0.0128,7.9955,8.08,12.695,0.006,0.3,0.074,2060.5,1574.0,0.069,0.063,0.268,2.8,0.182,0.497,0.1144,0.5167,0.3131,0.7184,0.733,0.1072,8.19,21.5,12.828,0.326,17.85,3.09,34.243,53.641,0.085,0.0503,0.1138,0.08,0.1092,0.0991,0.077,0.0495,2.7242,0.0664,0.013699999999999999,82.1368,0.0919,689.7998,0.0369,0.03420000000000001,0.033,0.0312,69.0398,3.7365,0.0242,0.5886,0.0559,1.5672,31.1255,68.8374,61.5322,0.0652,1.8807,0.0193,2.8118,0.0843,0.0252,912.5788,85.3048,5823.189049999999,690.1354,0.0334,0.0291,0.111,0.8932,0.029,0.0587,0.1883,0.0442,0.0502,5.1135,0.2217,10.3628,0.0284,2.4222,6.1033,3.7771,0.0883,0.9742,0.9928,10.4546,16.1371,0.0256,0.0212,0.0504,0.0387,0.028,0.0495,0.0383,0.0205,1.0966,0.0204,0.0039,30.9904,0.0267,205.7983,0.0077,0.0085,20.7073,1.2332,0.0088,0.1903,0.0192,8.8645,0.5382,5.2312,6.7586,8.5468,2.4028,49.7168,15.93,4.7024,71.6156,3.1933,0.6165,2.3996,5.2972,0.0,435.1071,5.5057,3.13,3.6814,4.1264,32.4,40.3208,5.3087,0.5799,1.306,0.8114,0.6795,5.529,8.5474,4.5739,11.9771,6.0764,3.4389,11.2694,5.2042,3.0818,11.5032,124.8715,4.87,17.6758,59.5593,192.6619,176.9569,86.6035,845.6922,0.0,0.0,225.256,35.4517,1.6486,2.7143,1.3944999999999999,4.9336,42.8545,0.0,45.6345,0.0,7.0786,3.353,9.7869,0.1071,6.4562,9.297,2.3691,4.0088,75.904,16.04,0.94,7.4911,0.4106,87.5927,3.9296,1.2384,0.5711,0.1258,54.3883,11.7,0.3378481311764915,4.532500000000001,0.1352392452747727,4.626,38.05341532073962,530.9718,2.1158,10.71,0.3156,3.5321,0.0898,2.0171,14.9177,0.0239,4.7447,0.0072,0.021,255.5817
-1.0,3101.28,2216.5111,1.2366,107.4867,1.4063,-0.0101,0.0022,199.8722,13.3456,424.9295,0.9668,190.8981,12.5545,1.3783,-3833.75,-1200.0,1.285,2.0093,7.373,68.3778,2.3333,0.2047,85.513,8.7932,64.0127,66.1703,86.8489,63.93999999999998,1.1460000000000004,352.2182,134.5082,728.7723,1.2957,142.09,628.8164,210.8731,4.623,4.842,2845.0,0.9342,-0.3918,353.2718,10.4407,114.1164,17.3628,20.3918,28.9557,699.8165,144.0655,611.4536,88.7164,-0.0096,-0.0094,-0.0458,0.0073,0.0153,-0.0137,0.0167,7.1999,0.1385,0.9876,1820.7994,0.1873,8782.8301,0.0,0.0,0.0,0.0,0.4596,0.9458,763.0741,0.9917,59.0999,0.5993,0.9731,6.1192,15.78,3.495,15.8,15.79,0.9554,0.6113,3.414,0.0473,0.7585,2.3625,997.5143,122.0,155.4,182.0,56.2998,156.891,0.2162,0.1123,0.0463,0.0596,0.0143,8.7029,12.317,7.72,0.0142,0.56,0.0928,913.0,2337.0,0.049,0.019,0.098,2.2,0.615,0.6977,0.0637,0.4922,0.214,0.7596,0.261,0.1114,5.97,14.48,63.564,0.173,18.91,11.08,29.798,66.678,0.0677,0.065,0.0419,0.0156,0.0643,0.109,0.0914,0.084,4.0041,0.0319,0.0009,32.2637,0.0204,690.7998,0.0369,0.0143,0.019,0.0251,74.6029,2.2456,0.0315,0.5518,0.0503,4.4894,32.0936,59.061,57.8432,0.06,2.2624,0.033,4.3863,0.1225,0.0335,402.1703,192.7918,297.3543,1037.5269,0.0266,0.0081,0.0426,0.7293,0.0386,0.2189,0.278,0.0247,0.0995,5.6784,0.0741,6.6562,0.0289,1.9473,4.2609,17.9538,0.0557,3.0919,3.5986,8.9168,18.0874,0.0201,0.0269,0.0201,0.0089,0.0176,0.055,0.0456,0.0421,1.3209,0.0121,0.0003,12.1636,0.0066,214.5527,0.0059,0.0106,21.1073,0.6111,0.0103,0.181,0.0151,7.6448,1.2836,5.6255,5.0108,7.3854,2.54,18.0075,17.4836,7.9854,92.2923,1.8168,1.4678,4.4606,6.7313,17.059,194.75,3.8132,0.9456,1.3292,3.2174,38.5714,61.0749,18.4962,0.8159,0.724,0.7689,0.2136,5.2638,7.0033,3.2729,8.5937,4.2016,2.3027,30.1432,9.6265,1.657,4.6356,108.9112,4.258,10.7061,75.1586,704.7495,263.6917,34.0611,876.3203,710.0977,668.3729,501.992,55.6133,2.4555,1.3389,0.0926,1.772,10.8765,0.0,26.5089,0.0,4.1255,2.649,9.7766,0.0379,3.7996,9.0173,2.1295,12.0608,82.248,19.72,1.2,8.7231,0.5536,88.4255,4.8285,1.459,0.4397,0.0728,44.8745,6.45,0.3378481311764915,2.515,0.1352392452747727,2.4488,36.5169,535.5664,1.9829,7.02,0.1694,2.5787,0.0549,1.3108,8.5456,0.0109,2.1853,0.0072,0.021,255.5817
-1.0,3070.07,2216.5111,1.2366,107.4867,1.4125,-0.0199,0.0024,199.9365,12.2715,417.7363,0.9715,190.9131,12.4773,1.4004,-2782.25,4203.3333,1.3472,1.9472,7.0587,74.1333,1.7556,0.1311,86.3826,8.3273,64.2252,66.0203,87.037,80.01,3.07,357.2082,129.9518,728.266,0.9138,138.5091,625.6691,102.4182,4.65,4.873,2840.0,0.9296,-0.9691,358.8464,10.7113,108.9827,15.42,20.9691,26.2905,701.9755,142.42,610.2491,91.1272,0.0181,0.0216,-0.0116,-0.008,0.02,-0.0389,-0.0028,7.7784,0.1376,0.9883,1831.0339,0.2016,8950.5701,0.0457,-0.0428,-0.0903,0.0884,0.4294,0.9488,783.0931,0.9904,60.0073,0.6004,0.9794,6.1828,15.78,3.495,15.8,15.79,0.9554,0.6113,3.414,0.0473,0.7585,2.3625,997.5143,109.0,244.7,237.3,56.2998,156.891,0.2162,0.0966,0.0752,0.0525,0.0083,8.9866,11.13,5.127,0.0088,0.28,0.0322,1468.0,14184.0,0.173,0.11,0.293,1.5,0.584,0.752,0.0876,0.5645,0.3182,0.7668,0.508,0.1552,8.18,21.13,24.597,0.287,19.3,4.8,32.281,80.721,0.044,0.0501,0.0712,0.0684,0.0343,0.1237,0.0559,0.0431,3.9036,0.0708,0.0023,118.4857,0.0643,420.2998,0.0175,0.0253,0.120188138292432,0.0193,48.348,4.2343,0.0315,0.6074,0.0503,4.4894,29.2832,78.9862,74.6173,0.06,2.2624,0.0338,3.4402,0.0664,0.0115,647.3544,76.1271,5823.189049999999,7856.9256,0.0707,0.0502,0.1345,0.5,0.0368,0.1748,0.2786,0.035,0.0967,5.5702,0.1507,10.3395,0.0446,2.5965,6.5161,8.2412,0.0946,1.464,1.1749,10.173,31.2385,0.012,0.0224,0.0328,0.0302,0.0102,0.057,0.0265,0.0209,1.3184,0.0227,0.0008,44.0785,0.0182,151.7217,0.02801905827358544,0.0056,18.3002,1.2565,0.0104,0.1957,0.0151,7.6448,1.2836,5.0503,7.9705,9.6494,2.54,18.0075,17.4836,6.8387,90.6983,1.2273,0.906,2.2441,2.2979,298.58439999999996,337.4465,12.841,5.649,4.1509,2.0234,91.1392,83.8983,17.1725,0.8705,1.0516,0.8789,0.1796,4.9243,9.2881,4.6026,16.9786,5.9058,3.3772,24.0162,5.7499,2.6794,8.7353,125.1621,4.5986,17.7362,88.5806,243.6829,100.5015,590.9287,427.4143,616.9576,143.6095,0.0,50.1846,2.3082,3.1139,0.2323,6.471,31.9086,0.0,24.2424,904.3478,26.600115265074077,2.0372,6.174,0.1118,7.0563,9.8242,2.1295,12.0608,74.028,7.754999999999999,1.37,3.591300000000003,0.565,81.2492,1.8687000000000005,1.8507,0.1282,0.0293,13.3303,8.91,0.2877,3.5666,0.119,3.5526,34.416,530.8818,2.1238,9.19,0.1814,2.8996,0.0606,1.7311,8.539,0.0153,3.0867,0.0072,0.021,255.5817
-1.0,3068.81,2221.5333,1.3844,99.7633,1.4918,-0.0068,0.0005,198.4077,11.225,397.683,0.9722,187.7893,12.4027,1.4274,-4134.0,6918.5,1.2757,1.9713,7.2907,69.1444,2.1778,0.1872,84.2049,8.7662,64.006,66.4953,86.5018,75.71,3.408,353.8091,130.5791,727.0501,1.4189,145.5355,629.9236,222.5919,4.575,4.783,2872.0,0.9306,5.0955,353.1555,10.4376,115.6745,16.4116,14.9045,21.9399,705.1102,146.33,615.16,44.7077,0.0074,-0.0368,-0.0026,0.0049,0.0025,-0.0255,0.0127,8.1133,0.126,0.9688,1801.0767,0.215,8196.8299,-0.0934,0.0307,0.0906,-0.0146,0.4591,0.9391,689.4589,0.9909,58.6501,0.6019,0.9653,6.4421,15.82,3.476,15.78,15.85,0.9933,0.5736,3.154,0.4258,0.8297,2.3519,999.6484,142.0,211.9,186.4,73.8,230.837,0.4895,0.1267,0.063,0.0416,0.0249,6.3934,8.141,11.83,0.0117,0.18,0.0285,1333.0,495.0,0.198,0.076,0.324,3.1,0.253,0.48,0.0611,0.7437,0.3386,0.7309,0.337,0.144,5.76,12.66,46.869,1.5694999999999997,23.07,14.86,27.645,49.043,0.0437,0.0466,0.0447,0.0256,0.0427,0.0909,0.0871,0.0485,3.0076,0.0794,0.0068,133.6755,0.1098,1226.2998,0.0148,0.0243,0.0142,0.0178,110.714,1.8769,0.0294,0.6826,0.057,2.8021,36.5376,66.8562,57.8675,0.1768,1.834,0.0395,2.6166,0.0448,0.0097,633.4417,169.9814,654.3493,350.0179,0.083,0.0339,0.1389,1.0537,0.0366,0.0885,0.1932,0.0286,0.0691,5.2581,0.1119,7.0383,0.0496,1.8025,3.7393,15.2939,0.45265,3.8406,3.4477,9.4788,14.2379,0.0129,0.0215,0.0202,0.0108,0.011,0.0513,0.0485,0.0229,1.0128,0.0249,0.0021,49.6271,0.0341,342.5727,0.0039,0.0053,32.6046,0.5368,0.0095,0.2096,0.0185,7.0805,0.8229,6.521,6.905,7.3281,3.322,13.281,35.3549,8.4932,72.5256,2.9747,1.2056,1.4513,1.9945,31.0353,7.1547,15.5203,3.8554,4.444,4.4834,41.3265,55.549,7.4502,0.57,0.6965,1.1619,0.6795,4.8642,15.0713,2.9935,10.1495,3.9578,2.0098,21.056,6.9906,15.138300000000001,17.537999999999997,140.5715,3.9207,47.129650000000005,109.6969,592.0406,93.5743,764.9995,880.4124,0.0,340.9002,382.643,37.0698,0.5558,3.2316,0.7051,7.422,51.0541,989.313,62.5337,0.0,3.0989,1.9007,16.0581,0.1116,3.2002,10.5965,2.4244,7.3671,82.072,15.09,1.87,6.3305,0.7215,81.2379,3.7081,2.2785,0.1031,0.0253,10.8294,5.76,0.3173,2.0725,0.1238,2.1589,31.7582,534.9391,2.1006,10.46,0.1822,3.25,0.0593,1.9554,8.6736,0.0135,2.7115,0.0072,0.021,255.5817
-1.0,2943.83,2236.0667,1.4834,98.6889,1.4674,0.0161,0.0005,198.1874,10.9682,418.2704,0.9608,188.7546,12.5302,1.3805,-5712.5,1425.25,1.0023,1.8912,5.2218,69.6111,2.8222,0.1951,86.931,8.8384,64.0776,66.3401,87.0242,78.29,3.692,362.1673,143.9109,746.816,1.2083,133.7145,639.7927,197.9613,4.61,4.869,2855.0,0.923,-1.1173,362.3591,9.8821,122.7936,13.2418,21.1173,30.1518,716.6642,141.3982,626.5509,87.5892,-0.0173,0.0102,-0.0294,0.015,-0.0614,-0.0239,0.0243,7.6248,0.1348,0.9887,1820.0498,0.1804,8313.42,0.0755,-0.0093,0.0639,-0.056,0.45845264500468375,0.9674,668.9405,0.9908,58.4316,0.5975,0.9651,6.2842,15.86,3.541,15.86,15.87,0.9365,0.5873,3.21,0.0473,0.7747,2.3604,1004.5168,80.0,136.9,137.7,50.2998,236.256,0.3646,0.23175000000000004,0.0754,0.0536,0.0187,5.8098,7.217,6.994,0.0168,0.35,0.0582,387.0,196.0,0.13,0.085,0.097,2.8,0.25,0.6676,0.0991,0.6328,0.383,0.7611,0.251,0.1089,2.6,19.27,38.618,1.076,21.03,5.47,33.654,90.879,0.1046,0.0522,0.0302,0.0503,0.08,0.0632,0.0866,0.0692,5.9839,0.0399,0.0009,145.4692,0.0386,656.8999,0.0369,0.0179,0.05036484802603286,0.008,74.3962,1.8083,0.0386,0.464,0.0463,3.7892,21.2352,54.4988,47.5196,0.1156,1.4749,0.08085,2.1378,0.0947,0.0203,166.5761,277.3331,3398.2762,100.8609,0.057,0.0363,0.0416,0.881,0.0243,0.0867,0.2717,0.0426,0.1463,5.9137,0.0888,9.1641,0.0304,0.8987,6.1342,11.2661,0.3296,1.6298,1.9009,9.9656,27.7847,0.0259,0.0229,0.0138,0.0211,0.0231,0.0359,0.0427,0.0382,1.8657,0.014,0.0003,43.9359,0.0127,227.4134,0.013018832313355953,0.0027,23.6871,0.6182,0.0138,0.1499,0.0142,8.7842,1.0427,3.6495,4.6504,5.6315,2.2495,14.0613,24.5801,16.1177,65.7994,1.6721,1.746,2.7933,4.2131,124.9891,13.752,12.9708,4.4944,1.8576,4.0223,28.3465,42.5399,5.3634,0.768,1.121,0.9876,0.1869,4.7823,6.7333,4.2297,9.0122,1.9444,3.0119,19.5079,5.6239,10.8884,7.5085,158.8153,4.6959,29.5736,103.756,604.8428,93.4646,171.0884,533.3333,102.8897,363.1027,284.1889,78.4786,2.2255,1.6536,0.0902,7.9926,21.3985,0.0,45.9016,0.0,11.032559900989478,0.8304,11.1215,0.1274,3.0947,7.3836,1.9616,9.8569,73.924,20.28,1.46,9.9578,0.5902,58.7042,4.9791,1.975,0.1122,0.0298,11.483,6.308828908494777,0.14424921986285796,2.6554223810860993,0.060503344820771854,2.4082449248127737,20.196910550670736,533.07,2.0591,7.58,0.271,2.7054,0.0745,1.422,13.1615,0.019,3.794,0.0263,0.0131,49.9454
-1.0,2992.33,2229.3333,1.5123,102.78,1.4271,-0.0136,0.0197,201.6123,10.5915,401.6824,0.966,192.2431,12.4706,1.4073,-2617.5,1509.0,0.9915,1.8847,5.123,72.9,2.2889,0.1633,85.2679,8.4896,64.3145,65.5737,87.0327,78.04,2.957,363.8664,137.0427,737.9799,1.2929,137.7455,638.6545,210.1733,4.601,4.847,2852.0,0.9238,3.3364,361.3155,10.0951,120.3791,12.6881,16.6636,24.4489,713.531,144.2718,625.9664,71.2819,0.0175,-0.014,-0.0388,0.0254,0.0294,-0.0243,0.0739,7.3404,0.1343,0.9688,1801.0767,0.1984,7880.52,0.0233,0.0233,0.0354,0.101,0.4567,0.9497,627.7822,0.9908,56.4198,0.5854,0.9766,6.3052,15.78,3.495,15.8,15.79,0.9554,0.6113,3.414,0.0473,0.7585,2.3625,997.5143,84.0,99.4,87.9,75.5,152.9181,0.3085,0.104,0.0386,0.043,0.0132,8.0246,11.006,12.298,0.0134,0.21,0.0389,461.0,116.0,0.086,0.059,0.077,3.1,0.214,0.8301,0.0854,0.5431,0.3824,0.9243,0.298,0.1237,4.29,18.5,30.786,0.549,19.55,3.29,30.399,102.897,0.0637,0.061,0.0388,0.0606,0.0388,0.0984,0.0944,0.1288,4.3433,0.0335,0.0068,133.6755,0.0226,649.6997,0.0149,0.0158,0.0269,0.0168,59.5226,2.1981,0.0355,0.5903,0.0503,4.4894,24.4949,29.3518,30.0753,0.1078,2.2767,0.0421,3.637,0.0585,0.0124,204.3502,174.0084,3916.6854,54.6992,0.0364,0.0278,0.0316,0.9785,0.0375,0.0766,0.322,0.0388,0.1267,5.9788,0.0844,8.6878,0.0359,1.1935,5.6883,10.4846,0.1576,1.0523,1.5353,9.1976,29.4871,0.0187,0.0256,0.017,0.028,0.0108,0.0523,0.0519,0.0613,1.6323,0.0104,0.0021,49.6271,0.0073,229.1524,0.0081,0.0063,25.1973,0.7028,0.0109,0.1869,0.0151,7.6448,1.2836,3.8189,3.3218,3.4975,3.3867,9.8446,20.3964,7.2876,103.914,3.0616,1.3825,1.684,2.7635,298.58439999999996,7.6872,8.6737,3.1304,1.503,4.2524,34.9515,67.3469,4.6311,0.9735,1.0065,0.8444,0.3041,5.1035,5.7354,4.0599,9.5689,3.1144,2.8967,14.6479,6.8238,5.4383,6.1805,154.0809,4.2604,40.4213,144.3522,364.2602,425.829,156.3871,152.6432,334.9787,388.0781,174.3486,59.17,3.0526,1.3767,0.7051,7.422,11.4102,812.8617,56.7089,0.0,5.8827,1.7695,9.4814,0.1237,3.896,9.3617,2.1295,12.0608,77.9786029181557,17.206388423262634,1.2673444487256804,7.940873483928891,0.518386691692897,56.945863283879184,4.268782398993262,1.635956504689524,0.0789,0.0226,8.3522,6.491621973754246,0.1387111217088822,2.6744872005318676,0.05669920006521181,2.483188681485112,20.22575071669236,531.0854,2.0685,9.93,0.2932,3.3856,0.0858,1.8698,14.1723,0.0136,2.7752,0.0121,0.0121,100.3091
-1.0,2949.77,2205.7222,1.3443,105.66,1.4586,-0.0011,0.0056,197.7065,15.5338,419.458,0.979,187.9857,12.4618,1.4151,-1363.875,1517.75,0.9755,1.891,5.0983,70.6,2.3333,0.187,85.2679,8.4896,64.3145,65.5737,87.0327,78.04,2.957,354.7745,135.1691,736.9458,0.8937,145.4636,635.4073,119.1996,4.637,4.836,2881.0,0.934,0.9827,355.4255,10.6052,116.1518,12.2955,19.0173,24.2367,712.7091,151.5345,623.1118,71.3845,0.0046,-0.0312,-0.031,-0.0189,0.0077,-0.0167,0.0284,7.271,0.1322,0.9896,1798.2244,0.2115,8858.71,0.0671,0.1414,0.0372,-0.0306,0.459,0.9494,786.3519,0.9908,59.1158,0.6002,0.9774,6.2629,15.82,3.476,15.78,15.85,0.9933,0.5736,3.154,0.4258,0.8297,2.3519,999.6484,120.0,72.0,56.0,53.0,450.908,0.2141,0.0672,0.0483,0.046,0.012,7.8455,8.247,7.476,0.006,0.66,0.0552,322.0,45.0,0.102,0.073,0.197,3.1,0.123,0.8301,0.0854,0.5431,0.3824,0.9243,0.326,0.097,6.87,16.13,24.335,0.258,20.8,11.46,33.345,62.687,0.0722,0.0313,0.0357,0.0207,0.1,0.0924,0.0961,0.0757,5.1488,0.0679,0.0012,127.9656,0.0656,622.0996,0.0172,0.0299,0.014,0.0229,45.1269,2.0309,0.0324,0.6172,0.057,2.8021,30.5982,21.3283,18.4591,0.0652,1.8807,0.0218,2.7341,0.106,0.0157,147.7258,278.1383,5823.189049999999,21.3912,0.0431,0.0309,0.0838,1.0025,0.0378,0.0411,0.322,0.0388,0.1267,7.4488,0.1102,6.8536,0.0307,2.0674,4.8958,7.8127,0.0776,3.0691,4.0422,9.9124,22.7383,0.0188,0.0143,0.0167,0.0086,0.0271,0.0466,0.0507,0.0336,1.6112,0.0226,0.0004,45.7822,0.0216,191.3385,0.0038,0.0066,15.291,0.5292,0.011,0.1936,0.0185,7.0805,0.8229,5.5371,2.4409,2.2202,2.4028,49.7168,15.93,4.6071,53.0906,1.7823,0.6141,5.2962,3.8972,0.0,2.9649,10.4562,3.8604,3.8641,4.3909,47.1429,56.1497,2.6421,0.9735,1.0065,0.8444,0.3041,6.6211,5.6966,3.1956,10.8488,4.7228,2.5385,20.4153,4.6095,2.4328,4.8901,169.1679,4.6786,34.3325,87.816,0.0,90.5933,66.6667,529.4507,0.0,576.3118,266.7841,70.8129,1.9075,2.9667,0.1242,7.1162,31.0201,723.7519,63.0588,278.9474,3.0498,2.413,5.7388,0.1077,3.4355,9.8553,2.4244,7.3671,80.374,12.66,1.02,5.5368,0.4015,74.8315,3.1572,1.2691,0.1226,0.0349,12.6436,4.98,0.0877,2.0902,0.0382,1.8844,15.4662,532.96,1.928,10.23,0.2964,3.6914,0.0833,1.9195,15.375,0.0101,2.0199,0.0121,0.0121,100.3091
-1.0,3003.13,2227.2444,0.948,107.8778,1.4374,-0.0128,-0.0064,197.8146,10.1364,420.072,0.9646,188.7937,12.5986,1.4213,-3856.25,1262.75,0.9935,1.8662,5.093,74.5222,0.9666999999999999,0.07170000000000004,83.7747,8.3436,64.3908,65.8525,87.0565,63.93999999999998,4.886,352.8291,132.4145,726.5088,0.948,138.1591,623.4027,118.0464,4.566,4.792,2872.0,0.9306,-0.6727,352.3891,10.6657,111.7418,13.6667,20.6727,26.1735,700.3354,146.9391,611.07,125.2602,0.0044,0.0613,-0.0278,-0.0112,-0.0743,0.0032,0.002,7.66,0.1291,0.9875,1786.0376,0.1564,8245.28,-0.0416,-0.0019,0.0074,-0.0418,0.4556,0.9448,694.5532,0.9913,59.0641,0.6054,0.9713,6.2421,15.85,3.615,15.89,15.89,0.9933,0.5849,3.168,-0.5204,0.791,2.3708,999.819,152.0,134.8,78.8,52.4001,389.054,0.2677,0.0871,0.0512,0.0494,0.0182,8.2111,5.661,15.689,0.0137,0.21,0.0616,532.0,30.0,0.062,0.048,0.111,4.6,0.232,0.8147,0.1049,0.5692,0.2218,0.7732,0.197,0.132,6.98,14.63,40.638,0.822,10.54,18.43,38.811,58.06,0.0609,0.0152,0.0513,0.0215,0.0879,0.125,0.0823,0.0286,4.0496,0.0309,0.0025,115.2136,0.036,926.0996,0.012,0.0103,0.0126,0.0204,112.5815,1.8178,0.0192,0.5072,0.0393,3.1641,39.0579,39.229,27.4305,0.0826,1.5354,0.0371,1.9003,0.059,0.0233,228.8202,104.2465,130.229,12.659,0.0254,0.0216,0.0526,1.4797,0.0158,0.0756,0.3189,0.0467,0.089,5.988,0.0731,6.7827,0.0324,1.8954,4.6106,12.5948,0.2355,5.248349999999999,5.5685,10.8929,18.1203,0.0169,0.0085,0.0227,0.0089,0.0272,0.0706,0.0421,0.0132,1.1834,0.0127,0.0009,44.7791,0.0116,314.8104,0.0037,0.008,36.3238,0.512,0.0068,0.1684,0.012,9.6639,1.0245,7.0996,4.4887,3.1541,2.3527,29.2545,28.2433,6.0597,55.8484,3.7348,1.4174,1.6669,4.3369,7.1053,2.3758,6.2406,2.572,2.1795,6.1727,90.0,113.0332,4.9872,0.9725,1.2577,0.884,0.2291,5.7733,16.3955,2.7918,13.9253,5.0522,2.3468,34.4255,8.0297,7.7069,17.537999999999997,77.1217,5.5418,11.6071,46.3515,0.0,21.3283,77.4077,788.3408,168.2369,0.0,0.0,52.8669,2.9437,1.2811,0.2492,6.4508,23.0544,493.4132,29.3333,0.0,2.7745,2.1556,16.2092,0.0961,3.0777,8.1253,1.6575,8.4477,78.36727765463567,17.282760446850364,1.273850708502826,7.704434357850595,0.5434793346507245,61.448063406023245,4.272383097937633,1.5760022858775926,0.2609,0.0476,27.4366,10.19,0.1164,4.2357,0.0481,3.8339,18.0268,538.0,2.003,4.94,0.2341,1.6785,0.0767,0.9182,11.6871,0.0184,3.7179,0.0121,0.0121,100.3091
-1.0,3000.68,2198.2667,0.8652,105.0589,1.4115,-0.013,-0.0022,203.6192,10.4848,417.9924,0.9742,194.2173,12.285800000000002,1.4098,-4299.75,-4418.75,1.3055,1.9572,7.23,74.2222,1.9889,0.132,86.3826,8.3273,64.2252,66.0203,87.037,80.01,3.07,350.6718,130.9418,720.5957,0.9275,142.7591,624.3727,138.5496,4.588,4.82,2851.0,0.9348,-0.7891,351.4409,10.6343,110.1527,14.1809,20.7891,26.6224,693.9734,148.5982,610.1918,85.1327,-0.0255,-0.0253,-0.03,0.0056,-0.0825,-0.0336,-0.0368,7.639,0.1336,0.9846,1822.5526,0.1608,8677.55,0.0058,0.0456,-0.0153,0.0411,0.4634,0.9459,757.9268,0.9905,59.4381,0.5905,0.9687,6.3633,15.68,3.496,15.72,15.65,0.9365,0.6379,3.271,0.0946,0.7681,2.3991,993.4244,140.0,146.8,163.5,56.9001,136.445,0.0835,0.1119,0.0406,0.0537,0.0153,6.691,6.223,7.32,0.0105,0.8700000000000001,0.0431,1033.0,4699.0,0.134,0.138,0.288,2.5,0.347,0.752,0.0876,0.5645,0.3182,0.7668,0.514,0.0708,6.68,12.77,22.709,0.259,18.38,8.56,29.967,97.796,0.1004,0.0548,0.0287,0.0722,0.0453,0.1378,0.0981,0.16615,2.2871,0.0862,0.0053,104.1697,0.0241,848.6006,0.0206,0.0213,0.0205,0.0278,90.4221,4.6218,0.0325,0.4917,0.0571,4.6983,35.0454,45.3273,52.3603,0.0271,1.8866,0.0348,1.7188,0.2202,0.0163,462.2355,238.7788,844.7214,2192.9298,0.0595,0.0592,0.1268,0.8686,0.0539,0.1111,0.2786,0.035,0.0967,5.1461,0.1564,6.7978,0.0239,1.876,3.9813,7.4683,0.0966,2.4481,3.1792,9.0091,27.4909,0.0267,0.025,0.0127,0.0336,0.014,0.0656,0.0486,0.08248588237179322,0.7649,0.0278,0.0018,36.4311,0.0089,265.0524,0.0048,0.0091,28.5296,1.3546,0.0113,0.1657,0.0206,9.5754,1.3897,6.3355,4.8922,6.7224,2.5884,13.8304,9.6519,7.9275,59.3525,1.7512,1.0795,6.94175,3.0572,43.049,106.3423,10.2643,7.0507,3.9834,3.3683,115.6425,128.0303,10.4441,0.8705,1.0516,0.8789,0.1796,5.2129,5.6972,3.2984,7.6281,4.6792,2.0453,16.3905,4.4504,2.4355,3.5133,129.6112,4.3182,23.3514,114.8747,393.5326,81.0951,240.8674,810.7383,166.9291,291.5305,510.3261,29.9392,3.2196,3.5326,0.5381,5.7156,15.0105,0.0,66.941,685.7143,4.4203,2.9376,11.9302,0.1347,7.7758,7.727,2.3805,11.011,74.95353338734559,17.484568268118988,1.2295007266246047,8.027902586399971,0.49082536403216004,56.89271783885463,4.310707065150362,1.6253675632917086,0.146,0.0419,15.0199,3.27,0.0309,1.295,0.0145,1.2536,4.5496,535.5664,1.9829,7.02,0.1694,2.5787,0.0549,1.3108,8.5456,0.0117,2.3527,0.0121,0.0121,100.3091
-1.0,3056.4,2173.6222,1.2742,107.1889,1.4906,-0.0061,-0.0084,203.6377,11.8499,415.9759,0.9607,194.61,12.5986,1.428,-5398.5,1450.5,0.9912,1.8847,5.0998,74.1333,2.3667,0.1599,83.7747,8.3436,64.3908,65.8525,87.0565,63.93999999999998,4.886,352.2109,131.3464,724.5282,0.9359,139.6291,623.1864,125.8883,4.566,4.792,2872.0,0.9306,1.7618,352.8564,10.5933,113.1082,13.4814,18.2382,23.5304,700.9978,145.11,611.0745,97.2656,0.0155,-0.0431,-0.0315,-0.0145,0.0028,-0.0212,-0.0033,8.5215,0.1364,0.9668,1832.2863,0.1994,8483.46,-0.016,-0.0205,-0.0047,-0.1685,0.4564,0.9584,741.0272,0.9906,59.185,0.6042,0.973,6.2237,15.78,3.495,15.8,15.79,0.9554,0.6113,3.414,0.0473,0.7585,2.3625,997.5143,120.0,150.1,127.9,86.5,243.786,0.2252,0.1167,0.0472,0.0454,0.0178,6.3314,7.615,11.089,0.018,0.21,0.0295,203.0,149.0,0.087,0.096,0.222,1.9,0.231,0.8147,0.1049,0.5692,0.2218,0.7732,0.529,0.0766,9.09,14.5,13.522,0.852,11.03,14.74,31.961,77.938,0.0459,0.0404,0.0182,0.022,0.0553,0.1342,0.1047,0.0342,2.2574,0.0452,0.0074,111.6951,0.0503,1067.5,0.0213,0.0246,0.0198,0.0201,109.58,2.6076,0.024,0.5566,0.0503,4.4894,33.1438,47.8884,44.6924,0.0701,1.872,0.044,2.4123,0.059,0.0103,106.0483,266.3136,1330.2021,76.8397,0.0372,0.0401,0.1038,0.6837,0.0346,0.0633,0.3189,0.0467,0.089,5.9455,0.1446,6.9127,0.0238,2.5676,4.5208,4.7238,0.2434,4.0665,3.9737,9.4898,22.7992,0.0137,0.0182,0.0089,0.0107,0.0133,0.0667,0.0548,0.0186,0.8042,0.0161,0.0027,36.9226,0.0145,438.0081,0.0065,0.006,42.8004,0.6803,0.0089,0.1794,0.0151,7.6448,1.2836,5.2593,4.911,5.1109,3.906427332733898,26.5313,17.6762,7.8293,64.2621,2.6658,1.8714,1.6669,2.0644,53.5704,10.2723,8.7768,5.0935,4.3532,2.5629,42.2535,71.2995,5.0182,0.9725,1.2577,0.884,0.2291,5.721,15.3792,2.8742,8.1894,6.5101,2.3268,10.7413,8.0297,8.0428,17.537999999999997,81.8164,4.5594,25.3387,80.129,296.9672,0.0,69.7859,380.8868,0.0,493.2862,0.0,26.4907,2.9326,1.8778,0.763,6.0959,25.2467,787.2,45.6576,0.0,4.3298,2.0962,14.7876,0.0476,4.4059,8.9425,2.1295,12.0608,72.146,20.11,1.24,9.2429,0.5013,66.6148,5.0358,1.7187,0.2609,0.0476,27.4366,4.98,0.0877,2.0902,0.0382,1.8844,15.4662,537.1036,1.9971,7.0,0.3406,2.1819,0.1139,1.3033,17.0534,0.0151,3.0201,0.0121,0.0121,100.3091
-1.0,2964.83,2210.9778,1.0204,106.2089,1.4874,-0.0016,-0.0119,203.0916,3.5524,397.0123,0.9811,193.0457,12.5043,1.4114,-3457.5,4689.5,1.3357,1.957,7.2375,73.9778,2.0889,0.1509,86.3826,8.3273,64.2252,66.0203,87.037,80.01,3.07,359.8127,139.4391,740.8671,1.3055,138.3064,637.5582,210.5745,4.54,4.759,2903.0,0.9277,2.4582,357.2473,10.2623,121.8973,15.53,17.5418,23.5223,717.3448,142.8836,622.0282,111.9656,-0.0045,-0.0047,-0.0343,-0.0153,-0.0983,-0.0174,0.0144,7.2763,0.1404,0.99,1681.448,0.1989,8737.4501,0.0,0.0,0.0,0.0,0.4526,0.9576,734.0825,0.9918,58.6148,0.5953,0.9703,6.073,15.68,3.496,15.72,15.65,0.9365,0.6379,3.271,0.0946,0.7681,2.3991,993.4244,98.0,76.6,45.4,60.9001,198.292,0.2134,0.1783,0.0377,0.0551,0.0085,6.232,1.337,7.354,0.0046,0.27,0.0256,745.0,14814.0,0.215,0.175,0.494,1.9,0.426,0.752,0.0876,0.5645,0.3182,0.7668,0.589,0.1212,6.94,12.94,45.625,0.555,12.03,8.83,19.583,18.828,0.0464,0.0529,0.0329,0.0734,0.0239,0.1069,0.0912,0.0572,5.1184,0.082,0.0014,146.7754,0.0374,1188.1001,0.0264,0.0215,0.0214,0.0261,118.9293,1.7072,0.0234,0.4192,0.0571,4.6983,28.4939,26.4623,15.244,0.0637,2.0324,0.0585,0.4611,0.0728,0.0088,347.6707,268.9647,254.728,8177.1898,0.0919,0.0737,0.2131,0.628,0.04,0.1477,0.2786,0.035,0.0967,6.1671,0.2187,4.8156,0.0367,2.6247,3.7229,16.1657,0.1452,2.5851,2.9185,5.6243,5.6812,0.0131,0.0229,0.0148,0.0337,0.0079,0.0551,0.0466,0.0268,1.679,0.0263,0.0005,44.6555,0.011,324.1319,0.0055,0.008,33.1801,0.5757,0.0072,0.1383,0.0206,9.5754,1.3897,4.2872,2.5836,1.8038,2.7544,12.6102,20.9155,11.9872,37.6369,1.8523,0.4711,2.1593,1.8159,17.6428,315.8972,16.0958,8.9423,6.8256,2.5683,76.5957,79.5287,12.9256,0.8705,1.0516,0.8789,0.1796,4.8053,12.3208,2.2335,9.2839,5.0178,2.0296,21.6669,2.2539,5.4082,7.6294,77.463,2.7299,11.3197,16.8159,0.0,77.5376,214.3066,156.5289,108.7211,524.8921,396.5338,70.3436,1.5671,3.4529,0.1412,8.7291,18.779,0.0,55.7769,557.1429,4.7279,2.7274,16.2011,0.0718,2.9126,6.9034,2.3805,11.011,79.314,18.9,1.35,8.9404,0.5171,12.4526,4.6127,1.7021,0.3275,0.061,35.1945,10.85,0.0836,4.0383,0.0335,4.3271,10.6746,530.8818,2.1238,9.19,0.1814,2.8996,0.0606,1.7311,8.539,0.0182,3.6805,0.0121,0.0121,100.3091
-1.0,2967.98,2210.9778,1.0204,106.2089,1.4401,-0.0214,-0.0023,203.1809,9.1797,412.3204,0.9699,192.905,12.4867,1.4077,-4485.25,1405.75,0.9983,1.853,5.0387,66.7333,2.9,0.1957,85.4449,9.22,64.0559,66.94045000000003,86.7741,79.47,2.833,363.6109,125.1391,728.1488,1.4548,143.3609,632.1109,201.4777,4.54,4.759,2903.0,0.9277,2.9373,361.4045,10.7411,108.0764,21.89,17.0627,24.2706,703.8782,140.74,610.2209,96.4634,-0.0112,0.0575,-0.035,-0.0123,-0.0817,-0.0231,-0.0379,7.2927,0.1336,0.9687,1771.2594,0.1606,8595.62,-0.0383,0.0725,-0.0115,-0.0906,0.4539,0.936,708.6552,0.9909,58.6012,0.5948,0.9688,6.1516,15.68,3.496,15.72,15.65,0.9365,0.6379,3.271,0.0946,0.7681,2.3991,993.4244,111.0,36.1,272.2,60.9001,198.292,0.2134,0.0816,0.0524,0.0524,0.0122,6.4022,8.85,13.622,0.0084,0.34,0.0437,383.0,218.0,0.086,0.06,0.118,3.6,0.222,0.8473,0.092,0.6014,0.292,0.7889,0.363,0.1442,4.95,9.57,52.442,0.543,12.97,5.15,16.657,80.079,0.0635,0.0379,0.0778,0.0636,0.0608,0.1364,0.0778,0.0802,3.8743,0.0966,0.0062,134.0313,0.033,723.2998,0.0208,0.0242,0.0169,0.029,74.2211,1.9442,0.0229,0.4645,0.0571,4.6983,29.3985,10.4015,76.4706,0.0637,2.0324,0.0251,2.8484,0.0822,0.0155,161.6238,196.8203,835.1345,96.5863,0.0394,0.0273,0.0502,0.9899,0.034,0.0673,0.3204,0.0326,0.0843,6.3738,0.1108,4.1087,0.0411,1.4555,2.5801,16.1508,0.1614,1.9641,2.4668,4.788,28.464,0.021,0.0207,0.0373,0.0303,0.0174,0.0713,0.0379,0.034,1.438,0.0314,0.0019,41.0121,0.0103,209.7497,0.0048,0.0093,21.4912,0.5557,0.0077,0.1604,0.0206,9.5754,1.3897,5.0068,1.2163,10.8332,2.7544,12.6102,20.9155,5.6665,96.4081,3.3037,0.8687,2.7229,3.1044,39.9755,15.5077,8.6151,3.238,2.3419,5.3946,24.1379,49.063,4.7756,0.9916,0.9978,0.9389,0.2984,5.6874,12.7858,1.9215,9.9105,3.4528,1.514,26.0287,2.2539,5.0554,11.7972,59.2509,2.3665,11.3848,83.0149,568.2327,47.733,181.5846,495.568,166.9012,336.4324,211.6095,53.1259,1.7961,4.1444,0.6428,7.567,20.5753,0.0,42.0538,533.3333,3.7319,3.096,10.4735,0.1185,3.3177,7.5502,2.3805,11.011,71.886,13.74,0.91,6.4602,0.4071,76.769,3.4162,1.2659,0.2909,0.057,30.0546,4.98,0.0877,2.0902,0.0382,1.8844,15.4662,536.01,2.135,9.5601,0.3986,3.3635,0.1109,1.7836,18.6723,0.017,3.4246,0.0472,0.0171,36.1626
-1.0,3012.454538065198,2216.5111,1.2366,107.4867,1.4968,0.0063,-0.0024,198.3394,8.93,406.8145,0.9736,187.7926,12.4755,1.3978,-3594.0,-2863.25,1.2875,1.9935,7.318,67.2444,2.2,0.1919,85.513,8.7932,64.0127,66.1703,86.8489,63.93999999999998,1.1460000000000004,363.2982,134.9227,739.8964,1.2417,141.1364,639.3573,217.6739,4.562,4.801,2915.0,0.9242,1.9491,361.9554,10.3604,116.8718,11.9873,18.0509,26.0408,713.8555,148.5427,627.37,70.9794,-0.0019,0.0208,-0.0306,0.0082,-0.0767,-0.0402,0.033,7.258,0.1389,0.9812,1745.0393,0.2059,8853.8401,-0.0082,-0.0009,-0.0137,-0.0149,0.4581,0.9617,765.6322,0.9918,58.7363,0.5956,0.971,6.1478,15.68,3.496,15.72,15.65,0.9365,0.6379,3.271,0.0946,0.7681,2.3991,993.4244,99.0,134.86903535699304,81.3,56.2998,156.891,0.2162,0.1188,0.0259,0.0602,0.0086,8.7117,6.19,12.832,0.0074,0.26,0.1192,2060.5,5228.0,0.113,0.145,0.32,1.6,0.423,0.6977,0.0637,0.4922,0.214,0.7596,0.717,0.1641,4.48,14.74,75.884,0.769,12.7,8.99,23.568,73.029,0.044,0.0509,0.0585,0.0617,0.0357,0.1061,0.0516,0.0485,4.3068,0.0334,0.013699999999999999,72.5696,0.1254,1015.0,0.0151,0.0156,0.0222,0.0204,104.2006,1.7049,0.0246,0.5552,0.0571,4.6983,29.0957,43.648935306642294,23.4353,0.06,2.2624,0.0463,1.7316,0.072,0.045799999999999993,912.5788,197.8642,232.0503,2550.8416,0.0534,0.0696,0.1449,0.6146,0.0616,0.1366,0.278,0.0247,0.0995,6.8891,0.2095,4.7679,0.0483,1.2197,4.1982,20.8193,0.223,2.4548,2.9208,6.0915,25.5929,0.0146,0.022,0.0278,0.0299,0.011,0.056,0.0241,0.0269,1.5442,0.0127,0.0046,20.705,0.0374,337.1153,0.0073,0.0062,37.3751,0.5086,0.009,0.1875,0.0206,9.5754,1.3897,4.4674,4.4848038947714315,3.1172,2.54,18.0075,17.4836,7.9368,69.3169,3.1543,0.7595,2.0841,8.531,13.3278,182.5897,8.7767,7.2736,4.3728,2.3794,63.6364,102.1424,12.37,0.8159,0.724,0.7689,0.2136,5.7308,11.0063,2.28,13.2168,3.1742,2.3054,34.8613,2.2288,7.4225,10.0452,105.9453,3.3015,28.6845,102.8876,0.0,83.2379,201.964,433.713,138.2861,128.4381,146.8584,59.3396,2.3764,1.397,1.3944999999999999,4.1586,63.31987047269746,0.0,32.3497,0.0,4.8408,2.1262,13.6097,0.0613,2.9026,9.0304,2.3805,11.011,76.17,22.11,2.07,9.2923,0.801,146.2962,5.3851,2.7176,0.1661,0.0403,17.045,11.969999999999999,0.2457,4.532500000000001,0.112,4.638249999999999,29.5405,536.6173,1.9323,6.62,0.3033,2.4994,0.1047,1.2337,15.6989,0.0142,2.8292,0.0131,0.0112,85.1551
-1.0,2994.75,2210.9778,1.0204,106.2089,1.4476,0.0169,0.0025,197.9483,12.6703,428.8017,0.9772,188.3704,12.4859,1.4123,-4602.25,1303.0,1.0088,1.8812,5.2213,66.0889,2.8444,0.1962,85.4449,9.22,64.0559,66.94045000000003,86.7741,79.47,2.833,360.7709,134.4427,738.203,1.2376,143.2791,638.4927,231.656,4.562,4.801,2915.0,0.9242,-1.4191,360.4491,10.6975,113.0236,24.6254,21.4191,31.164,707.039,140.3945,613.8673,94.1913,0.0177,0.0376,-0.0223,0.0093,-0.0663,-0.056650000000000006,-0.035,7.709,0.1313,0.9861,1870.0537,0.1487,8977.0199,0.0,0.0,0.0,0.0,0.4605,0.9478,772.5988,0.9906,60.1503,0.5949,0.9721,6.1783,15.67,3.79,15.66,15.68,1.045,0.6225,3.128,1.04,0.8076,2.3985,992.6588,88.0,77.2,61.1,60.9001,198.292,0.2134,0.1039,0.0444,0.0456,0.0115,6.2271,6.23,13.308,0.0079,0.24,0.067,463.0,288.0,0.102,0.072,0.132,2.7,0.174,0.8473,0.092,0.6014,0.292,0.7889,0.597,0.101,8.64,7.08,38.63,0.235,8.91,9.45,16.143,34.906,0.0892,0.0269,0.0327,0.0716,0.1041,0.072,0.0552,0.0766,2.3715,0.0251,0.0014,102.5078,0.0208,509.0,0.0138,0.0103,0.0146,0.0222,61.0144,4.5597,0.0141,0.5707,0.0579,3.945,25.9714,25.2409,20.2504,0.0637,2.0324,0.0365,1.8504,0.0604,0.026,212.7949,292.6784,924.8637,119.499,0.046,0.0319,0.061,0.9493,0.0493,0.0587,0.3204,0.0326,0.0843,6.6799,0.183,5.0447,0.0396,3.1654,2.2048,14.7095,0.0757,2.7392,3.1638,4.6781,9.9647,0.0237,0.0126,0.0172,0.0333,0.0262,0.0337,0.023,0.033,1.0028,0.0091,0.0005,31.9695,0.006,159.1283,0.0047,0.0067,20.158,1.3429,0.0048,0.1869,0.0197,5.8599,1.3682,3.9125,2.5778,2.3651,2.7544,12.6102,20.9155,7.1775,49.1702,3.1035,0.8083,1.9222,4.7411,45.4995,22.1028,10.1115,3.8272,2.5281,4.0854,49.2188,80.521,3.7328,0.9916,0.9978,0.9389,0.2984,5.297,12.1985,2.4495,8.1601,6.0302,1.1089,16.6756,2.2288,2.1968,9.2636,36.1821,2.2832,12.956,37.0586,503.4215,35.8667,321.4366,0.0,108.6792,76.375,219.1702,30.7628,3.0457,1.0402,0.1417,5.4815,13.9943,0.0,36.8715,800.0,3.1633,2.3443,7.8973,0.1161,7.5805,9.2364,2.4127,10.3197,77.036,18.62,1.04,8.3866,0.4023,69.6731,4.5921,1.35,0.1882,0.0419,19.2616,4.98,0.0877,2.0902,0.0382,1.8844,15.4662,533.9782,2.3449,6.0,0.2947,2.2157,0.0825,1.1236,12.566,0.0118,2.3635,0.0131,0.0112,85.1551
-1.0,2984.8,2250.7445,0.8572,106.2956,1.4436,-0.0053,-0.0014,204.2556,8.7208,404.5743,0.9709,193.7152,12.5063,1.4127,-3541.25,-712.5,1.3015,1.9992,7.3075,68.7,2.6667,0.2249,84.7188,8.7073,64.6813,66.1561,86.7952,77.76,2.475,351.9873,136.9045,731.065,1.2686,139.7391,628.6309,222.6467,4.623,4.842,2845.0,0.9342,0.2527,351.1464,10.3295,117.1573,13.8554,19.7473,28.1237,702.9413,146.4718,614.7755,55.541,-0.0122,-0.0233,-0.0284,0.0041,-0.0973,-0.0253,0.0092,7.8851,0.1308,0.9874,1811.078,0.1974,8990.1101,0.0015,-0.0791,-0.0069,-0.0334,0.465,0.9643,746.2697,0.9919,57.9063,0.593,0.9756,6.0709,15.68,3.496,15.72,15.65,0.9365,0.6379,3.271,0.0946,0.7681,2.3991,993.4244,86.0,225.0,149.8,66.4001,239.6559,0.0683,0.0828,0.075,0.0699,0.0128,6.2361,6.08,8.801,0.0094,0.26,0.0668,436.0,941.0,0.109,0.085,0.314,3.3,0.343,0.5139,0.1298,0.5868,0.2517,0.6009,0.307,0.1632,5.22,18.14,61.978,0.361,15.84,5.35,28.564,74.932,0.059,0.0356,0.0323,0.0821,0.105,0.1343,0.0847,0.1038,2.8406,0.0425,0.0015,138.7828,0.0384,1287.2002,0.0159,0.0112,0.022,0.0128,122.9617,2.215,0.0234,0.4804,0.0571,4.6983,23.8115,71.6708,57.4714,0.0246,2.6753,0.0258,1.6596,0.0675,0.0223,214.8302,173.7189,536.7609,415.5145,0.047,0.0395,0.1489,1.1124,0.0394,0.127,0.1883,0.0498,0.0688,4.8681,0.0942,7.1521,0.0565,1.6026,5.132,19.0433,0.118,1.7963,2.8862,9.0729,27.6493,0.0157,0.0154,0.0157,0.0343,0.0258,0.0667,0.0452,0.0531,1.043,0.0153,0.0004,51.4161,0.0145,461.1332,0.006,0.0047,41.5811,0.6714,0.008,0.1569,0.0206,9.5754,1.3897,3.8559,7.5382,5.9728,2.9501,24.052,7.9713,5.7355,69.7182,2.1754,0.9661,2.0789,4.7306,36.089,132.0702,8.375,4.2516,4.297,4.8035,37.5,64.9209,10.012,0.6066,1.4902,0.9072,0.6795,3.8496,5.4929,3.37,12.8667,3.7355,2.8856,27.8369,9.6265,3.4949,7.0589,114.3234,4.0635,47.129650000000005,134.9129,483.8544,46.3089,289.3392,0.0,137.9913,334.7826,0.0,36.025,2.2167,1.7473,0.1497,7.663,19.4707,0.0,32.1142,555.2941,4.735,1.3271,16.4768,0.1057,3.8251,7.913,2.3805,11.011,78.696,17.45,1.75,7.4644,0.7297,37.9353,4.3313,2.2237,0.2609,0.0476,27.4366,6.1,0.2147,2.5855,0.078,2.4583,33.1953,533.9782,2.3449,6.0,0.2947,2.2157,0.0825,1.1236,12.566,0.0133,2.6708,0.0131,0.0112,85.1551
-1.0,3048.25,2242.4333,1.4994,98.1133,1.4583,0.0144,0.0015,197.5413,8.5675,413.6188,0.9689,188.1589,12.4824,1.4074,-2375.5,7084.9583,1.3095,1.9835,7.3838,68.4778,2.2111,0.197,83.7263,8.7867,64.0159,66.3724,86.5708,76.15,2.956,352.3473,131.13,724.3951,0.9601,138.1564,621.6336,119.097,4.566,4.796,2876.0,0.9295,1.5927,352.6445,10.477,112.7227,9.4126,18.4073,23.7193,700.6758,147.8218,613.1891,93.9871,0.0118,-0.0371,-0.0053,0.0113,0.0186,-0.0185,-0.0061,7.384,0.1342,0.9903,1757.4892,0.2041,8318.63,-0.1004,-0.0065,-0.0323,0.0027,0.46049384657302017,0.9357,710.0249,0.9909,57.6029,0.6066,0.9709,6.18,15.68,3.496,15.72,15.65,0.9365,0.6379,3.271,0.0946,0.7681,2.3991,993.4244,106.0,239.2,142.5,53.8999,348.673,0.4611,0.122,0.0611,0.0563,0.0081,5.547,4.522,15.256,0.0092,0.28,0.0661,1286.0,7897.0,0.172,0.065,0.439,2.7,0.502,0.6531,0.1175,0.6535,0.3376,0.5457,0.349,0.1442,9.93,15.1,23.296,0.783,14.13,13.38,29.729,88.565,0.0929,0.053,0.04,0.0192,0.0638,0.102,0.1068,0.03,3.8294,0.0384,0.0033,113.3523,0.0497,1477.9004,0.018,0.0137,0.03148485103714865,0.0421,154.9523,3.5048,0.06409999999999999,0.4698,0.0571,4.6983,29.8401,76.2877,49.3552,0.1367,2.0557,0.0398,1.3912,0.0821,0.0202,584.2416,91.5387,1426.225,3533.868,0.0748,0.0295,0.1863,0.7311,0.0406,0.1386,0.2525,0.0534,0.0443,6.0304,0.0895,6.9266,0.0373,2.817,4.5986,7.2322,0.2159,3.0979,3.3569,9.3606,27.7501,0.022,0.0225,0.017,0.0097,0.0156,0.0494,0.0541,0.0138,1.2952,0.0121,0.001,45.8098,0.0151,498.1515,0.010713198540273507,0.0124,57.7066,0.9996,0.0204,0.1545,0.0206,9.5754,1.3897,4.7949,7.8471,5.6459,2.4036,22.5848,30.7547,8.3661,52.7806,3.6884,0.9529,2.2431,4.6979,132.4774,80.2459,13.1348,3.277,5.9455,3.9429,58.794,73.0964,14.6989,0.78,1.3368,1.0208,0.6795,5.662,16.9221,2.9106,15.0237,7.1875,2.4291,19.5605,6.7865,7.4735,17.537999999999997,150.118,4.2429,41.9984,94.231,787.2881,121.9091,358.8785,566.1675,546.9169,576.5182,491.8033,51.8602,2.7564,1.5775,0.3345,6.4497,24.3266,820.9738,44.5033,0.0,7.0576233395732135,4.4988,21.8235,0.1241,6.0844,7.6025,2.3805,11.011,77.16766375760514,17.273365143580182,1.2513486461134071,7.774617523474524,0.4952568861723543,50.852911403469854,4.270393215088918,1.5941780835345913,0.3629,0.068,37.5266,9.27,0.2049,3.7729,0.0881,3.6788,23.6668,532.5646,2.7395,13.35,0.6164999999999999,4.0485,0.18730000000000002,2.5067,28.50255,0.0105,2.0825,0.0131,0.0112,85.1551
-1.0,3063.44,2216.6778,1.3617,96.5556,1.5453,-0.0101,0.0023,197.7569,8.8421,410.5644,0.9688,188.2087,12.4773,1.4243,-3871.75,-7175.24995,1.3035,2.0095,7.383,66.1444,2.2111,0.1984,85.4449,9.22,64.0559,66.94045000000003,86.7741,79.47,2.833,363.4518,135.4473,739.2343,1.338,139.2964,638.1955,213.3197,4.54,4.759,2903.0,0.9277,1.1845,362.8845,10.403,116.6318,22.7528,18.8155,26.8806,712.3536,135.9264,615.4427,109.3903,-0.0063,0.0563,-0.0355,0.0039,-0.0768,0.0138,-0.0089,7.321,0.1356,0.9662,1768.0997,0.2013,8961.0899,-0.0435,-0.0474,-0.0086,0.012,0.4592,0.9434,771.9701,0.9916,59.2836,0.5946,0.9688,6.1347,15.68,3.496,15.72,15.65,0.9365,0.6379,3.271,0.0946,0.7681,2.3991,993.4244,136.0,147.4,123.3,58.2,288.002,0.2411,0.0656,0.0413,0.0562,0.0083,6.0731,5.757,6.456,0.01,0.28,0.052,714.0,10783.0,0.075,0.09,0.215,2.4,0.297,0.8473,0.092,0.6014,0.292,0.7889,0.687,0.1025,8.3,11.33,50.354,0.936,16.02,11.18,23.357,84.333,0.0622,0.0608,0.0533,0.0314,0.0723,0.1116,0.0625,0.0534,3.6572,0.0846,0.0065,128.7933,0.0268,488.8008,0.0106,0.0135,0.0152,0.0188,49.6597,3.5519,0.0399,0.4722,0.0571,4.6983,34.6501,45.2629,40.2917,0.0771,2.8903,0.0222,1.8614,0.0664,0.019,317.0457,301.053,272.0127,5248.1701,0.033,0.0378,0.0953,0.8748,0.0631,0.1012,0.3204,0.0326,0.0843,5.1183,0.2371,4.9043,0.0313,2.115,3.5398,14.9394,0.2802,3.2782,3.9443,6.4774,28.3888,0.0167,0.0281,0.0245,0.0133,0.0208,0.0577,0.0314,0.0235,1.2098,0.0257,0.0024,40.0078,0.0075,136.4052,0.0037,0.0058,14.3386,0.9106,0.0127,0.159,0.0206,9.5754,1.3897,6.1862,4.8116,4.9109,2.6255,18.3737,17.7081,4.2451,65.109,1.5725,1.0294,2.2441,3.6473,14.1538,140.4631,5.7537,4.4787,2.9121,3.6284,36.1809,106.327,8.655,0.9916,0.9978,0.9389,0.2984,3.4695,14.0055,2.2427,7.6601,5.9585,1.7753,23.6049,2.2539,8.9974,7.1421,70.409,3.2788,27.6569,77.0937,995.2,95.3352,88.513,0.0,145.3125,452.8986,596.648,49.955,1.5482,3.5325,0.6732,7.2843,13.3291,541.3534,31.769,580.3922,3.3085,1.9973,6.4329,0.0864,5.9913,7.6965,2.3805,11.011,81.786,17.44,2.14,8.3029,0.8552,64.7057,4.3228,2.6166,0.2909,0.057,30.0546,4.98,0.0877,2.0902,0.0382,1.8844,15.4662,530.8818,2.1238,9.19,0.1814,2.8996,0.0606,1.7311,8.539,0.0187,3.7289,0.0131,0.0112,85.1551
-1.0,3136.34,2250.7445,0.8572,106.2956,1.4285,-0.0222,-0.0006,203.8703,12.5004,419.7329,0.9748,194.1364,12.4614,1.4282,-6172.25,1266.25,0.9813,1.8887,5.1747,71.5778,2.2444,0.1759,84.7188,8.7073,64.6813,66.1561,86.7952,77.76,2.475,351.9891,133.5427,723.4321,0.8733,136.9782,622.51,118.7598,4.588,4.82,2851.0,0.9348,-1.5764,353.17,10.4837,111.9664,12.9727,21.5764,26.3291,697.103,144.4009,609.5373,101.986,-0.0131,0.0044,-0.035,0.0029,-0.0836,-0.0196,-0.0115,8.2291,0.1363,0.9679,1888.9048,0.2073,8783.3,0.0,0.0,0.0,0.0,0.4611,0.932,740.5622,0.9908,59.1691,0.5969,0.9665,6.4129,15.68,3.496,15.72,15.65,0.9365,0.6379,3.271,0.0946,0.7681,2.3991,993.4244,90.0,48.7,26.2,66.4001,239.6559,0.0683,0.1067,0.0354,0.0521,0.0205,6.3011,6.631,7.392,0.0095,0.25,0.0471,363.0,81.0,0.118,0.088,0.097,2.5,0.209,0.5139,0.1298,0.5868,0.2517,0.6009,0.656,0.0895,11.25,9.79,22.999,0.486,10.67,4.19,22.833,89.47,0.0512,0.0496,0.0305,0.0097,0.068,0.0863,0.0881,0.0324,2.574,0.0623,0.0063,129.2991,0.0646,639.5,0.0122,0.0191,0.014,0.0067,59.7681,2.5369,0.0278,0.6352,0.0571,4.6983,25.7213,18.0929,10.0077,0.0246,2.6753,0.0363,2.2578,0.0697,0.0185,171.3367,281.8244,2984.2467,33.4402,0.0488,0.0374,0.0404,0.9135,0.0215,0.0625,0.1883,0.0498,0.0688,5.9451,0.2209,6.7453,0.0273,3.2603,3.638,6.4498,0.1493,1.2128,1.8489,7.3467,26.8161,0.0158,0.0227,0.0133,0.004,0.0192,0.0473,0.0467,0.0138,0.9328,0.0217,0.0019,37.5648,0.0205,178.686,0.0046,0.0021,17.6493,0.7426,0.0108,0.2028,0.0206,9.5754,1.3897,4.0364,1.5528,1.0727,2.9501,24.052,7.9713,7.4695,53.0465,1.7611,0.9714,2.0062,3.2985,86.3866,6.3968,12.0255,4.6592,1.8745,3.4927,57.9208,35.2495,4.4613,0.6066,1.4902,0.9072,0.6795,6.1252,6.6645,3.3424,10.2539,8.213,1.5727,19.366,4.4504,4.6358,7.279,82.2494,3.2754,10.0658,87.7277,390.2811,69.1289,27.7143,0.0,103.2605,450.6394,281.7391,31.2791,2.5677,2.6117,0.6527,6.8452,31.1662,0.0,28.6674,0.0,3.0265,0.7201,8.0706,0.122,4.2875,9.9045,2.3805,11.011,78.31872376109548,16.545122500565707,1.2310118464047846,7.635404027143932,0.5144382730668637,52.97278077013478,4.09985657361327,1.5773359993886578,0.68,0.1946,60.9664,7.09,0.0692,2.6557,0.0285,2.7272,8.3317,534.2818,2.2407,8.54,0.2972,2.9134,0.0828,1.5984,13.2632,0.0173,3.4516,0.0335,0.0084,25.1494
-1.0,3048.54,2210.9778,1.0204,106.2089,1.5251,0.0061,-0.0002,198.7298,10.1026,417.5199,0.9796,189.3284,12.4743,1.4038,-4040.25,-1251.25,1.2875,1.9692,7.2262,68.5444,2.4556,0.2013,86.3794,8.5615,64.0756,66.1344,86.8706,79.0,3.478,350.5891,135.7073,726.0988,0.9248,138.0027,624.2991,108.8526,4.597,4.862,2835.0,0.933,-0.2718,351.1364,10.374,115.4355,11.2464,20.2718,25.1884,700.9104,146.4809,613.0527,57.8055,0.012,-0.003,-0.0358,-0.0005,-0.048,-0.0167,-0.0112,7.8824,0.1304,0.9847,1829.0059,0.1835,9384.4602,-0.0869,-0.067,0.0168,0.0679,0.467,0.9408,711.658,0.9916,58.0806,0.5995,0.9802,6.2076,15.61,3.946,15.67,15.62,0.946,0.6519,3.218,0.0,0.7435,2.4044,987.2854,90.0,70.9,185.3,60.9001,198.292,0.2134,0.1007,0.0507,0.0722,0.0112,12.7607,6.805,14.015,0.006,0.23,0.0536,2060.5,2364.0,0.222,0.096,0.11,2.0,0.393,0.7187,0.1334,0.5936,0.3401,0.68,0.671,0.0966,10.4,13.71,25.312,0.582,15.45,5.83,23.349,82.509,0.0593,0.0418,0.0352,0.0291,0.0518,0.1344,0.0752,0.0325,5.6295,0.0729,0.0042,164.0906,0.0303,843.0,0.0187,0.0113,0.0185,0.0262,85.1643,3.5475,0.0343,0.6096,0.0684,3.0317,27.5274,25.9812,66.5229,0.0637,2.0324,0.0369,2.0667,0.0619,0.0175,912.5788,289.5599,600.3168,1087.6655,0.0911,0.0418,0.0489,0.654,0.05,0.1305,0.296,0.0542,0.1011,5.6306,0.2045,6.4291,0.0293,3.456,4.0625,6.8933,0.1585,1.7282,1.5301,7.0558,26.6029,0.018,0.0216,0.0152,0.0119,0.0167,0.0622,0.0396,0.0154,1.8257,0.0228,0.0013,53.9414,0.0081,230.1968,0.0049,0.0091,27.7293,0.9973,0.0111,0.1982,0.0245,6.6867,0.9656,4.0918,2.3257,7.8744,2.7544,12.6102,20.9155,6.6026,67.3587,3.3567,0.6141,1.8438,3.8196,31.2604,188.9311,17.2427,4.875,1.5222,2.9178,81.448,78.4768,11.5698,0.832,1.5577,0.9264,0.2509,5.2312,4.9739,3.0839,10.4498,7.5361,2.1961,23.2535,3.9535,5.6102,5.8388,137.3776,3.3312,34.2089,142.7354,495.4569,43.7926,81.3417,0.0,279.8542,449.6263,289.5323,71.4182,2.8074,3.0844,0.4271,8.9716,16.5142,0.0,53.076,555.5556,3.9698,2.7802,11.967,0.1046,6.1079,9.8201,2.8436,8.2385,74.538,22.35,1.6,9.6739,0.7145,41.7839,5.5121,2.1466,0.1053,0.0296,10.2028,11.969999999999999,0.2997,4.532500000000001,0.1352392452747727,4.638249999999999,35.687,534.99,2.0051,8.54,0.2754,2.8058,0.0939,1.5963,13.7375,0.0103,2.0448,0.0335,0.0084,25.1494
-1.0,2992.37,2210.9778,1.0204,106.2089,1.5031,0.0145,-0.0005,197.8248,8.2667,401.8135,0.979,187.3299,12.4773,1.404,-3600.5,2642.0,1.3155,1.977,7.1813,74.1778,1.7222,0.1428,86.3826,8.3273,64.2252,66.0203,87.037,80.01,3.07,361.2564,138.4155,740.7641,1.3346,139.8918,639.5636,208.2519,4.54,4.759,2903.0,0.9277,-2.0291,361.8136,10.2475,116.3864,18.9318,22.0291,31.5545,709.2095,142.4318,620.6318,102.9775,-0.002,0.0062,-0.0309,0.0027,-0.0747,-0.0319,-0.0227,7.6512,0.1404,0.9645,1681.6427,0.1925,9283.97,0.0168,0.1404,-0.007,-0.0202,0.4564,0.9371,796.3061,0.9919,59.3918,0.5927,0.9704,6.1066,15.61,3.946,15.67,15.62,0.946,0.6519,3.218,0.0,0.7435,2.4044,987.2854,109.0,220.2,190.8,60.9001,198.292,0.2134,0.0628,0.0621,0.0391,0.0137,8.5441,5.881,20.656,0.0061,0.28,0.025,2060.5,17919.5,0.153,0.186,0.21,2.0,0.561,0.752,0.0876,0.5645,0.3182,0.7668,0.854,0.1673,7.2,14.89,92.935,1.178,16.52,8.6,22.215,75.089,0.0821,0.0461,0.0889,0.0135,0.0731,0.1224,0.0535,0.04,3.5727,0.0282,0.0068,164.9443,0.0382,565.7998,0.0119,0.0108,0.0156,0.0271,25.0797,2.8822,0.0176,0.7037,0.0684,3.0317,29.2832,78.1851,68.3044,0.0637,2.0324,0.0212,1.7484,0.0664,0.0082,912.5788,124.928,361.3775,8994.62525,0.0659,0.0808,0.096,0.6553,0.0531,0.1976,0.2786,0.035,0.0967,6.7291,0.2591,5.0681,0.0461,2.0688,4.2152,26.1968,0.378,2.561,3.523,6.3265,24.6355,0.0248,0.0199,0.0415,0.0072,0.025,0.0583,0.0292,0.0165,1.3338,0.0094,0.0023,50.0377,0.0117,180.4619,0.0041,0.008,8.8838,0.7451,0.0067,0.2018,0.0245,6.6867,0.9656,5.0503,7.3587,7.6803,2.7544,12.6102,20.9155,4.1781,71.1406,5.1407,0.621,2.2441,1.777,19.3029,758.592,11.6306,9.4082,2.9243,2.6962,87.0968,128.1712,16.6403,0.8705,1.0516,0.8789,0.1796,5.5113,11.7328,2.4799,12.5356,5.1468,2.3281,44.6262,2.2539,11.4954,8.7639,87.2607,3.1324,11.8163,72.9179,0.0,56.357,43.6893,0.0,163.9103,167.9749,176.2115,46.6949,1.5671,1.169,0.7069,9.8085,19.825,0.0,118.77044999999998,635.7616,3.4141,2.8929,3.1495,0.0326,4.8529,11.5239,2.8436,8.2385,78.17634425068799,17.435828288347626,1.2819372728954443,7.8609427854397635,0.5151821098098592,58.95096267792065,4.289863182416876,1.6011613151519088,0.3629,0.068,37.5266,6.336847772004437,0.1558532472440672,2.706444366120535,0.06651383760369373,2.419420238245544,21.795890606101015,530.8818,2.1238,9.19,0.1814,2.8996,0.0606,1.7311,8.539,0.0106,2.1462,0.0335,0.0084,25.1494
-1.0,3037.92,2210.9778,1.0204,106.2089,1.5251,0.0468,-0.001,197.6786,10.4507,414.6213,0.9704,188.4943,12.4755,1.4187,-4332.5,1469.75,0.9815,1.9043,5.2295,66.2889,2.5111,0.166,85.8807,9.754,63.9959,66.5687,87.1954,65.11,3.462,353.59,131.4718,724.4474,1.3262,142.0336,627.0955,212.5464,4.623,4.842,2845.0,0.9342,3.5355,350.8782,10.4429,115.0073,10.8064,16.4645,23.6548,700.7926,150.4036,616.2891,66.815,0.0105,0.0135,-0.0184,0.0028,-0.067,-0.0223,0.0232,7.6992,0.1348,0.9894,1799.6569,0.203,8615.0101,0.0,0.0,0.0,0.0,0.4593,0.9473,725.9413,0.9914,58.7113,0.5965,0.9713,6.1689,15.61,3.946,15.67,15.62,0.946,0.6519,3.218,0.0,0.7435,2.4044,987.2854,90.0,78.5,178.5,60.9001,198.292,0.2134,0.1125,0.0475,0.0693,0.0074,6.2945,5.313,10.646,0.0091,0.26,0.0457,468.0,158.0,0.104,0.083,0.084,3.2,0.267,0.4955,0.0807,0.5871,0.3767,0.9365,0.607,0.1066,9.59,13.64,52.02,0.355,14.74,6.88,28.327,86.977,0.0791,0.0343,0.0692,0.0723,0.0685,0.0731,0.066,0.107,4.1688,0.0747,0.0014,63.011,0.0708,895.2002,0.033,0.0143,0.0171,0.0134,114.1169,2.8961,0.0203,0.6037,0.0684,3.0317,27.5274,27.2323,64.2672,0.0637,2.0324,0.0421,1.7948,0.072,0.0143,203.7685,242.5509,1051.5882,65.3012,0.0425,0.0347,0.0389,0.9373,0.019,0.0986,0.2118,0.0379,0.1003,5.57,0.2162,6.7457,0.037,2.9647,3.756,17.7151,0.1023,2.189,3.6619,9.0239,29.1317,0.0214,0.0149,0.0292,0.0327,0.0182,0.0327,0.035,0.0496,1.2568,0.0227,0.0005,20.1124,0.0189,265.1949,0.0051,0.0042,32.1653,0.7534,0.007,0.1972,0.0245,6.6867,0.9656,4.0918,2.584,7.5588,2.7544,12.6102,20.9155,7.3766,50.8386,2.5676,0.9385,2.0841,3.2192,50.1327,10.7501,10.596,4.3587,1.6063,4.8274,23.8938,34.9398,5.6869,0.577,0.8274,0.9174,0.1407,5.5318,4.4344,3.0916,8.0405,6.7519,2.1751,24.4747,9.6265,3.3994,6.4605,136.4005,4.0421,41.2894,130.1759,751.0979,60.5472,392.4016,0.0,109.1045,295.9641,460.2151,54.146,2.2255,3.1469,0.1438,3.5013,34.8828,650.0,44.1454,0.0,3.725,1.4097,15.7199,0.0464,4.9329,9.7856,2.8436,8.2385,77.79742892215964,17.014792563155,1.2730989067177954,7.960761110307485,0.5205288079086416,66.3634393030091,4.217237554524338,1.62745720474683,0.3629,0.068,37.5266,11.969999999999999,0.1232,4.532500000000001,0.0479,4.638249999999999,15.5328,534.5745,1.9791,9.7,0.2482,3.2591,0.0901,1.8145,12.5432,0.0186,3.7541,0.0335,0.0084,25.1494
-1.0,3069.73,2218.6333,1.3084,106.9089,1.4645,0.0148,0.0016,198.1491,10.1096,413.6166,0.9618,188.9628,12.285800000000002,1.4246,-3622.25,1390.3333,1.3055,1.9675,7.1635,74.5444,1.4222,0.1037,83.8498,8.5889,64.1402,65.8399,86.9963,80.28,2.796,349.6964,132.0209,721.6945,0.9259,142.36,624.0773,140.0166,4.588,4.82,2851.0,0.9348,0.8236,351.9891,10.5359,112.8445,10.4273,19.1764,24.3769,697.3175,148.8164,613.65,113.0832,-0.0026,0.0185,-0.045,-0.0034,-0.0796,-0.0055,-0.037,6.9648,0.1336,0.9683,1822.7265,0.2078,9141.45,0.0,0.0,0.0,0.0,0.4541,0.9489,799.0324,0.9905,59.4485,0.5956,0.9684,6.4034,15.61,3.946,15.67,15.62,0.946,0.6519,3.218,0.0,0.7435,2.4044,987.2854,114.0,145.6,119.0,65.5,197.726,0.2241,0.1377,0.0679,0.0729,0.0138,6.3582,4.839,9.293,0.0154,0.8700000000000001,0.0282,1841.0,4877.0,0.168,0.114,0.173,2.2,0.543,0.5217,0.1407,0.6303,0.3028,0.7434,0.379,0.0512,5.0,13.75,11.472,0.277,20.16,9.82,28.473,88.252,0.0589,0.049,0.0514,0.0466,0.0623,0.1022,0.0827,0.1367,4.1046,0.0846,0.0095,126.2572,0.0362,1045.7002,0.0114,0.0198,0.120188138292432,0.0162,113.9585,4.3738,0.0129,0.5082,0.0684,3.0317,29.9733,45.0865,43.9871,0.0763,2.6062,0.0485,1.5264,0.2202,0.0115,852.5573,562.8794,352.4811,2532.7361,0.0796,0.0502,0.0778,0.8002,0.0442,0.1521,0.2166,0.0525,0.0908,5.5964,0.1024,6.8042,0.0158,1.5957,3.7742,3.9191,0.0709,2.8258,3.2348,8.7497,24.8676,0.0159,0.023,0.0238,0.0193,0.0173,0.054,0.0428,0.0644,1.5385,0.0257,0.0033,54.3035,0.0127,363.597,0.02801905827358544,0.0051,38.2864,1.2281,0.0043,0.1772,0.0245,6.6867,0.9656,5.1493,4.7431,4.6972,2.9523,22.7125,17.1239,9.4028,47.8652,2.2468,1.5979,6.94175,1.983,21.3127,350.7792,12.8686,5.7942,2.415,2.9513,105.4687,137.9421,16.368,0.6222,1.638,0.9827,0.1501,5.4733,6.0294,3.345,5.5315,3.5122,2.2033,8.1933,4.4504,2.6291,4.7765,193.3386,4.0832,14.1612,78.0417,0.0,55.1181,103.5556,0.0,128.4323,0.0,369.21,58.9332,1.7961,3.5325,0.98,6.9268,17.4388,285.1485,35.5556,619.3548,26.600115265074077,1.7078,14.2621,0.1514,7.3574,7.9362,2.8436,8.2385,73.116,19.5,1.31,8.3064,0.4985,63.8732,4.8624,1.7917,0.2669,0.0564,27.533,3.26,0.2135,1.2915,0.0781,1.2607,31.1809,535.5664,1.9829,7.02,0.1694,2.5787,0.0549,1.3108,8.5456,0.0155,3.1383,0.0335,0.0084,25.1494
-1.0,3027.92,2189.2333,1.3796,103.5789,1.4621,0.0084,-0.0021,202.7079,9.2315,409.4366,0.9797,193.0714,12.4755,1.3975,-3514.25,-7061.6667,1.2923,1.9835,7.2805,68.1,2.0222,0.1602,85.0066,9.6938,64.2263,66.5811,87.0735,65.74,3.08,362.9236,141.5755,743.5352,0.8354,130.43,634.9291,108.8523,4.562,4.801,2915.0,0.9242,-2.5836,359.3218,10.3247,118.9918,9.8109,22.5836,28.3642,715.171,146.8045,625.1182,76.4066,0.0302,-0.004,-0.0341,-0.0086,0.0123,-0.0079,0.0216,7.5516,0.1432,0.9903,1726.6304,0.2117,8556.87,-0.00526059322765049,0.001006668148632886,0.020041861234511446,-0.008171436206341032,0.4626,0.9655,730.6197,0.9918,58.4997,0.6203,0.976,6.078,15.93,3.927,15.97,15.96,1.097,0.6851,3.347,0.6623,0.7067,2.2177,1004.0946,147.0,200.4,132.4,59.3999,180.5881,0.1631,0.1087,0.0617,0.042,0.0057,7.6805,6.195,8.092,0.0041,0.26,0.0374,1077.0,9234.0,0.085,0.068,0.288,1.8,0.285,0.827,0.0479,0.5923,0.3178,0.8225,0.8,0.1071,9.34,11.48,18.427,0.365,21.78,6.22,18.178,91.302,0.0476,0.0576,0.0285,0.0811,0.0583,0.0897,0.0894,0.0888,4.0707,0.0763,0.0012,74.537,0.097,1378.4004,0.0142,0.0114,0.0293,0.0165,130.2912,1.6453,0.0287,0.4824,0.0201,3.2398,36.4549,60.1226,37.473,0.0484,1.8988,0.0371,1.7472,0.072,0.0147,505.4483,205.7741,460.0416,4835.8091,0.0349,0.0321,0.1237,0.5852,0.0406,0.0931,0.3004,0.019,0.0812,5.7088,0.2241,5.3249,0.0276,2.6304,3.2551,5.8006,0.1126,1.8729,2.5885,5.5447,35.3985,0.0152,0.0236,0.0127,0.0373,0.0159,0.0468,0.0481,0.042,1.4695,0.0241,0.0005,24.2114,0.0307,372.1504,0.0074,0.0051,36.7948,0.4791,0.0092,0.1544,0.0064,8.1206,1.1358,6.4317,6.6184,5.0212,2.7133,18.5762,11.822,7.4343,67.1075,1.9764,0.4214,2.0841,2.6741,30.7605,130.7623,6.5777,3.4283,3.9558,2.6432,44.5055,77.3925,8.3244,0.9729,0.4941,0.9222,0.2626,4.8936,12.0007,2.6101,12.8172,7.1609,1.8081,16.9284,2.2288,3.5352,10.32,221.9975,2.5418,28.8368,119.4949,157.7465,200.0,237.8299,681.3733,727.789,0.0,410.6358,53.9049,3.4573,3.1991,0.1217,4.3169,45.8386,422.2222,40.6936,0.0,6.332,1.7082,17.833,0.0368,2.8125,7.9361,0.9051,8.4481,81.002,16.42,1.17,7.2766,0.5203,99.9457,4.0386,1.4444,0.1339,0.0362,13.6884,6.58663365444658,0.141415655673905,2.6522115912900786,0.05544190851252481,2.4973489473919694,22.720142409174937,533.8954,2.0083,8.71,0.1772,3.0513,0.0643,1.6314,8.8255,0.0148,2.962,0.0171,0.0173,101.1981
-1.0,3028.97,2136.4111,0.7809,106.6633,1.4231,-0.0196,-0.0041,198.2541,11.4965,406.9756,0.9817,187.3037,12.5202,1.3916,-3871.75,-1156.25,1.325,1.9765,7.3535,74.3333,2.1556,0.1866,83.5589,8.8889,63.9957,65.9099,86.9977,80.31,3.395,350.4209,124.6564,712.4576,1.38,147.3209,622.3982,221.4499,4.563,4.801,2856.0,0.9344,3.4491,348.3918,10.5994,108.1055,14.7937,16.5509,23.6314,688.8263,151.1073,607.6045,67.771,-0.0016,0.0741,-0.011,-0.0177,0.0119,-0.0007,0.0049,7.1613,0.1361,0.9857,1885.2917,0.1655,9290.4001,-0.0025,-0.026,0.049,-0.1914,0.4435848526607217,0.9397,800.832,0.9908,58.4238,0.5962,0.9799,6.343,15.9,3.905,15.94,15.82,0.9507,0.6792,3.357,0.0,0.7537,2.3793,1012.22,105.0,98.2,81.8,50.7,315.0421,0.1658,0.1099,0.0767,0.0445,0.0106,8.9911,9.963,7.876,0.0042,0.25,0.0646,1992.0,2347.0,0.113,0.077,0.106,5.4,0.382,0.8755,0.0653,0.5027,0.3783,0.9337,0.482,0.0976,6.86,12.59,41.065,0.314,19.52,6.52,24.781,72.618,0.069,0.0355,0.0933,0.0727,0.06,0.1322,0.0799,0.0416,6.2617,0.0603,0.004,89.4459,0.0219,1514.0996,0.0202,0.0213,0.0466707527611846,0.0257,157.2119,2.9333,0.0302,0.5005,0.0687,4.8268,27.816,29.6126,29.8135,0.0632,2.7721,0.0328,2.4763,0.0657,0.0234,912.5788,161.6746,492.5352,1089.4269,0.048,0.0328,0.0543,1.7003,0.0529,0.1077,0.314,0.0295,0.1384,5.4266,0.1348,6.3,0.0328,2.272,3.4177,12.7838,0.1043,1.9559,2.3136,7.9746,25.6282,0.0144,0.0172,0.0391,0.0333,0.0151,0.0703,0.0411,0.0187,2.0345,0.0196,0.001,28.3006,0.0071,535.4969,0.014871559160005113,0.0086,54.1394,0.9655,0.0111,0.1582,0.025,5.6419,1.3506,4.8121,3.242,3.3859,2.3731,26.8675,21.2297,7.7228,86.6615,1.9353,0.428,1.9968,4.6384,29.6248,202.9838,8.5283,3.8958,1.4415,7.862050000000002,88.1443,76.6528,11.0344,1.0478,0.7349,0.7855,0.0399,5.2765,5.6716,3.0594,7.0697,4.6565,2.0228,18.5437,4.2375,2.9624,4.8101,131.9486,3.5976,19.2937,107.152,0.0,123.4783,659.4104,338.6243,0.0,0.0,844.6701,87.4388,4.1867,2.5117,0.4057,4.7444,13.2459,453.1915,59.3438,0.0,13.434677588140449,2.7346,19.6311,0.101,5.0207,7.8905,2.8866,12.3488,72.38,18.33,0.64,9.0289,0.2461,14.8249,4.5127,0.8842,0.6294,0.1184,64.5713,8.18,0.2256,3.3306,0.0862,3.2886,30.3709,534.15,2.3534,8.42,0.3606,2.9357,0.1164,1.5763,15.3241,0.0125,2.5034,0.027,0.0162,59.9813
-1.0,2970.11,2136.4111,0.7809,106.6633,1.5131,-0.0105,0.0057,201.9487,3.7868,400.2632,0.9796,191.3236,12.5202,1.4095,-1363.875,-271.75,1.279,1.985,7.3275,74.2333,2.3,0.1633,83.5589,8.8889,63.9957,65.9099,86.9977,80.31,3.395,349.0782,130.0709,718.4585,1.3325,146.6409,625.79,225.7638,4.563,4.801,2856.0,0.9344,1.0518,348.9145,10.4802,111.1227,13.0173,18.9482,26.1124,692.3461,152.7355,612.7727,82.9805,0.015,0.0533,0.0011,-0.0047,0.0075,-0.0038,0.0155,7.9785,0.1328,0.9864,1884.5547,0.2112,9346.53,-0.0314,-0.0446,0.0808,-0.0268,0.44091661367238477,0.9467,787.4881,0.9909,58.3793,0.6024,0.967,6.2971,15.9,3.905,15.94,15.82,0.9507,0.6792,3.357,0.0,0.7537,2.3793,1012.22,117.0,151.1,137.8,50.7,315.0421,0.1658,0.0991,0.0601,0.0647,0.0079,6.435,2.901,7.405,0.0053,0.25,0.0469,233.0,1369.0,0.128,0.064,0.07,4.1,0.671,0.8755,0.0653,0.5027,0.3783,0.9337,0.492,0.1749,7.71,8.44,69.31,0.231,15.31,6.24,26.763,111.97,0.0544,0.0326,0.0669,0.0727,0.0621,0.0922,0.0929,0.0228,3.002,0.0846,0.0036,99.9041,0.0921,1040.5996,0.0232,0.03420000000000001,0.04623808554302214,0.021,121.9368,3.0207,0.0193,0.4221,0.0687,4.8268,30.8666,49.0409,44.4974,0.0632,2.7721,0.0414,0.9083,0.0657,0.0172,96.5345,222.458,5823.189049999999,594.8711,0.0536,0.0272,0.0326,1.546,0.0669,0.1737,0.314,0.0295,0.1384,5.1335,0.1363,6.3135,0.0527,2.4839,2.4095,20.7478,0.0738,1.7485,2.1558,8.0249,36.0508,0.0144,0.0158,0.028,0.0313,0.0177,0.0518,0.0505,0.0106,1.1575,0.0257,0.0013,34.2587,0.0277,324.236,0.011725922396737545,0.0054,37.21,1.0972,0.0076,0.148,0.025,5.6419,1.3506,5.2073,5.0874,5.6526,2.3731,26.8675,21.2297,6.5494,76.6079,1.85,0.5415,1.9968,3.3261,0.0,503.7718,10.0078,3.2242,0.9553,5.5231,52.1739,137.1429,19.4024,1.0478,0.7349,0.7855,0.0399,4.8356,6.1889,3.13,13.1229,5.2577,1.3487,30.7002,4.2375,2.2042,4.6975,117.6131,3.8656,43.7214,134.9352,362.9691,137.1188,0.0,0.0,0.0,0.0,146.6238,37.6268,3.1634,3.5325,0.3634,5.3012,43.6196,702.4,60.0791,883.3333,10.813655352358413,2.2214,15.4843,0.0685,5.1743,6.7037,2.8866,12.3488,75.84228130515542,17.049133105496598,1.2246168563218305,7.4707730966982195,0.49840740350823065,61.18557818657319,4.210254733390106,1.593043210571999,0.6294,0.1184,64.5713,4.98,0.0877,2.0902,0.0382,1.8844,15.4662,534.15,2.3534,8.42,0.3606,2.9357,0.1164,1.5763,15.3241,0.0115,2.3212,0.027,0.0162,59.9813
-1.0,2957.59,2189.8778,1.5291,107.82,1.4903,-0.0064,-0.0028,202.7931,15.4701,414.3791,0.9788,192.8659,12.5202,1.4186,-3773.3333,5653.5,1.3295,1.9648,7.363,74.2778,1.0333,0.0777,83.5589,8.8889,63.9957,65.9099,86.9977,80.31,3.395,350.9564,124.8745,712.5284,1.3877,146.5945,622.4255,214.3593,4.563,4.801,2856.0,0.9344,3.4391,348.5527,10.6175,108.3136,14.56,16.5609,23.7055,688.8228,150.9991,607.8655,62.5362,0.0233,0.0536,-0.0017,-0.0279,-0.0068,-0.0016,0.0221,7.2335,0.1375,0.9855,1789.8011,0.1987,9182.5799,-0.0156,0.0549,0.0683,0.035,0.4692717523983708,0.9438,786.0303,0.9908,59.02,0.596,0.9807,6.298,15.9,3.905,15.94,15.82,0.9507,0.6792,3.357,0.0,0.7537,2.3793,1012.22,170.0,69.8,26.3,44.2,470.21,0.2845,0.0748,0.0634,0.0554,0.0148,6.6476,15.976000000000003,5.459,0.0055,0.25,0.0314,157.0,17554.0,0.141,0.135,0.088,4.0,0.542,0.8755,0.0653,0.5027,0.3783,0.9337,0.607,0.0969,6.52,11.68,57.778,0.39,18.78,4.49,23.771,117.018,0.0859,0.0585,0.0475,0.0641,0.0837,0.1198,0.0769,0.0583,2.4706,0.0329,0.0033,174.4916,0.0406,432.2998,0.0149,0.0148,0.03437155915362358,0.0125,38.3224,2.9124,0.0266,0.5028,0.0687,4.8268,38.4233,24.2556,8.3702,0.0859,1.702,0.0245,4.96435,0.0657,0.0117,73.9594,55.8174,163.4666,7357.3712,0.0667,0.0559,0.0471,1.7003,0.0366,0.1907,0.314,0.0295,0.1384,5.4492,0.1691,6.022,0.0278,2.184,3.1232,18.3867,0.1405,1.12,1.8363,7.2555,33.9818,0.0234,0.0256,0.0219,0.029,0.0212,0.0645,0.0385,0.0266,0.9264,0.0128,0.0008,52.8127,0.0119,156.0924,0.007761566245234809,0.0042,12.4921,0.7976,0.0094,0.1521,0.025,5.6419,1.3506,7.4108,2.36,1.0771,2.0184,40.6021,18.6031,5.019,108.1894,1.3174,0.5642,1.9968,2.2135,8.5336,310.4979,10.6055,6.8711,1.1952,5.3852,127.49480000000001,136.4807,15.5311,1.0478,0.7349,0.7855,0.0399,5.5306,6.6867,3.0315,6.9819,4.4476,1.8765,26.9538,4.2375,3.6732,6.1026,128.9832,3.451,47.129650000000005,172.49815,368.0771,489.5397,0.0,300.2017,0.0,0.0,264.3991,34.1555,2.2544,1.3684,0.3321,9.7492,20.4555,508.1545,34.2688,759.322,5.979969607965293,1.3271,4.8754,0.0752,4.9346,7.9839,2.8866,12.3488,80.402,16.49,1.18,7.7444,0.5676,20.1855,4.0998,1.4676,0.0928,0.0217,9.6113,4.98,0.0877,2.0902,0.0382,1.8844,15.4662,534.15,2.3534,8.42,0.3606,2.9357,0.1164,1.5763,15.3241,0.0146,2.9276,0.027,0.0162,59.9813
-1.0,3061.59,2151.6889,1.5018,102.6711,1.5271,-0.007,0.0069,198.3033,8.7075,410.8697,0.9728,188.8365,12.601,1.3963,-6375.125,1497.5,0.9828,1.8832,5.022,71.4,2.6111,0.1594,85.1099,8.4855,64.3211,65.5921,87.045,77.89,3.809,346.9318,143.3218,735.219,0.9892,140.5609,630.8145,132.7341,4.553,4.764,2866.0,0.9304,-1.89,352.67,10.1805,121.4318,10.9955,21.89,26.7765,708.4425,146.8927,620.9945,105.0597,0.0012,0.023,-0.0095,-0.0203,0.012,-0.0168,0.0012,7.81,0.1388,0.9874,1768.65,0.2165,9112.0101,-0.0079,-0.0028,0.0455,0.0292,0.4337997370087552,0.944,752.3015,0.9906,59.2941,0.5878,0.9637,6.4608,15.59,3.796,15.56,15.61,1.068,0.6676,3.304,0.2838,0.7879,2.4201,996.0706,120.0,190.6,165.7,61.3,225.62,0.1288,0.1042,0.0551,0.0447,0.0151,9.4612,4.365,15.634,0.0093,0.37,0.0685,651.0,116.0,0.108,0.074,0.079,2.9,0.061,0.6932,0.26130000000000003,0.4356,0.1714,0.877,0.366,0.1091,6.2,14.42,16.665,1.198,14.75,13.29,28.022,68.238,0.0743,0.0661,0.0428,0.0901,0.088,0.0913,0.0817,0.0452,3.0695,0.0733,0.0023,65.0853,0.0857,1427.2998,0.0107,0.0092,0.047647874961546266,0.0203,139.5051,1.7675,0.0344,0.499,0.0956,2.4849,30.132,58.1557,58.5437,0.0468,2.2754,0.042,1.2497,0.0732,0.0216,269.9474,313.2288,5065.5515,53.6936,0.0452,0.0325,0.0387,0.9474,0.0299,0.0222,0.2682,0.0985,0.0989,5.8554,0.1152,6.9509,0.0311,1.7865,4.9691,5.4381,0.3234,3.5535,4.1688,9.8108,18.0651,0.0232,0.029,0.0185,0.0421,0.0226,0.0467,0.0448,0.0233,1.097,0.0238,0.0008,21.5653,0.0285,464.9013,0.014677681456939321,0.007,46.5488,0.5271,0.0126,0.1764,0.034,6.006,0.8433,5.3739,6.2255,6.6722,2.8489,18.8446,8.5739,6.8234,50.1295,3.8051,0.958,2.9363,4.9079,155.7073,7.7462,10.9896,3.9294,1.5731,4.0616,45.9574,60.8362,1.3265,0.8145,2.9167,0.6772,0.2797,5.3152,11.4428,3.1286,11.0276,4.4109,2.2859,12.5552,7.2005,11.7676,17.537999999999997,134.1458,3.9554,20.2672,64.9516,0.0,171.022,764.9995,434.0321,760.8333,487.0343,0.0,39.3026,1.8732,3.0391,0.2353,3.6799,39.5823,202.4759,78.8235,0.0,11.821085576798733,2.1541,18.5438,0.0596,2.981,7.7237,3.9522,6.2714,72.19,20.17,1.41,8.3558,0.5719,56.2395,5.1478,1.9532,0.3275,0.061,35.1945,4.98,0.0877,2.0902,0.0382,1.8844,15.4662,534.2327,2.2409,5.84,0.3617,2.0694,0.1036,1.0932,16.1417,0.0177,3.5966,0.027,0.0162,59.9813
-1.0,3090.55,2136.4111,0.7809,106.6633,1.4883,0.0109,0.0157,199.685,15.8175,425.2633,0.9772,190.0432,12.5212,1.4159,-4508.0,-469.75,1.348,2.0198,7.344,74.4444,1.6333,0.1332,84.5303,8.2638,64.3628,65.9266,86.7056,80.91,3.009,351.2482,134.5873,727.3908,1.3313,148.6164,634.4518,218.7368,4.6,4.81,2855.0,0.9332,1.1627,349.6491,10.444,115.75,17.0691,18.8373,27.6476,699.7432,151.9836,617.3827,75.8706,0.0056,-0.0183,0.0019,0.0121,0.0126,-0.02,-0.0211,7.414,0.1336,0.9831,1836.0926,0.1701,8340.45,-0.0351,-0.0177,-0.0103,-0.0067,0.4310686169731017,0.9318,740.7297,0.9912,58.1741,0.5899,0.9661,6.4323,15.67,4.756,15.72,15.72,1.031,0.9558,3.7820000000000005,0.0473,0.7639,2.4073,998.6102,169.0,140.3,124.3,50.7,315.0421,0.1658,0.0997,0.0675,0.077,0.012,9.8065,11.637,3.622,0.0104,0.43,0.056,982.0,17919.5,0.148,0.04,0.147,2.4,0.278,0.8221,0.0817,0.5653,0.2393,0.8722,0.281,0.1015,7.11,9.22,76.972,0.272,14.18,8.45,30.528,84.808,0.0553,0.0433,0.0425,0.0425,0.0725,0.0975,0.0866,0.0208,2.1312,0.0862,0.0075,138.0647,0.0465,726.2998,0.0147,0.0168,0.04590767117556019,0.0176,66.7424,1.8945,0.0373,0.4737,0.0697,6.2744,41.4581,48.6724,37.4067,0.0632,2.7721,0.0359,3.8944,0.1187,0.02,492.1311,273.964,613.1748,8994.62525,0.0606,0.0196,0.0635,0.7923,0.0448,0.0901,0.3049,0.0379,0.1002,5.1306,0.0814,6.6444,0.0295,2.2334,3.0798,20.4323,0.0958,2.3854,3.2036,9.4497,29.421,0.0155,0.0206,0.02,0.0195,0.0222,0.049,0.0488,0.011,0.8557,0.0278,0.0025,46.6635,0.0134,231.4397,0.01147926750720718,0.0052,23.806,0.6223,0.0123,0.1568,0.0242,4.0626,1.8921,7.4224,4.5396,4.8918,2.3731,26.8675,21.2297,6.6991,73.5706,0.8517,1.0674,3.4342,3.9573,25.2662,0.0,10.9792,1.9804,2.0016,3.2239,116.3265,92.3269,8.3267,0.9726,0.989,0.8783,0.1429,4.8,4.9262,3.1755,7.6214,4.7841,1.4532,35.1893,4.8438,2.6044,5.9438,83.0743,4.3627,16.9441,111.7797,985.3007,0.0,0.0,599.7932,770.751,432.4594,98.3452,28.746,3.2196,3.5326,0.7674,7.5195,27.3119,0.0,37.3333,0.0,8.813138766366535,1.8894,9.0104,0.0928,3.2566,7.365,2.8969,15.4205,80.656,16.65,1.96,7.5412,0.88615,51.811,4.1453,2.4301,0.6294,0.1184,64.5713,4.98,0.0877,2.0902,0.0382,1.8844,15.4662,535.8591,2.3048,8.55,0.4653,3.0639,0.121,1.5956,20.1886,0.0097,1.9585,0.027,0.0162,59.9813
-1.0,3014.54,2201.3556,1.4699,103.9978,1.4355,-0.0153,-0.0035,199.1313,10.9317,410.2573,0.9738,188.7683,12.4614,1.3997,-3328.75,1483.75,0.9887,1.8905,5.1418,68.9556,2.5,0.1638,84.0746,9.3335,64.3729,66.5362,86.8786,66.55,3.142,351.9309,137.1045,728.0606,0.8646,136.2027,625.2382,117.0489,4.588,4.82,2851.0,0.9348,-0.3236,350.5336,10.4302,116.7809,10.2582,20.3236,24.2157,703.8449,147.6655,614.98,113.8639,-0.001,-0.0112,-0.0352,0.0102,-0.0056,-0.0309,0.0192,7.1901,0.1337,0.9904,1856.3238,0.1527,8472.87,-0.1,0.0251,-0.0114,-0.1297,0.45583800273127806,0.9498,732.9637,0.9917,57.9302,0.5971,0.9639,6.4119,15.67,4.756,15.72,15.72,1.031,0.9558,3.7820000000000005,0.0473,0.7639,2.4073,998.6102,75.0,70.7,136.2,58.2,255.619,0.3236,0.0804,0.0353,0.066,0.0107,5.6973,5.769,10.033,0.0094,0.25,0.056,524.0,168.0,0.133,0.093,0.224,3.1,0.124,0.6425,0.1151,0.6534,0.4311,0.8073,0.612,0.13,8.25,17.47,23.07,0.307,16.47,2.68,24.811,27.901,0.0847,0.0426,0.0712,0.0794,0.0825,0.0941,0.1074,0.052,3.6135,0.0372,0.0017,148.7946,0.0247,703.5996,0.0212,0.0174,0.055025519493918984,0.0215,82.708,2.1582,0.0196,0.6186,0.0697,6.2744,21.5329,22.95,43.4257,0.0947,2.2904,0.0377,1.8283,0.0697,0.0188,216.5123,277.9405,1449.2042,75.9314,0.0574,0.0411,0.097,0.8618,0.0215,0.0413,0.2516,0.0408,0.133,6.6782,0.2161,6.8956,0.039,2.3442,4.7614,7.1796,0.1096,0.8503,1.086,7.662,8.6485,0.028,0.0196,0.0301,0.036,0.0222,0.0485,0.0506,0.0254,1.3228,0.0141,0.0006,52.3565,0.0074,229.4462,0.01268578835605887,0.0076,24.8841,0.7237,0.0074,0.1988,0.0242,4.0626,1.8921,3.308,2.3453,5.3631,2.6438,20.4521,22.0164,5.6009,52.773,2.4455,0.9649,2.0062,4.0038,101.4495,11.3227,13.4513,4.9193,4.3565,4.4956,32.0,34.8033,2.6597,0.7642,1.2332,1.015,0.2593,5.9131,4.0918,3.1896,15.0368,6.0571,2.7941,19.7097,4.4504,2.9434,4.2815,160.5547,3.5251,5.4672,24.5038,0.0,256.2406,225.7285,808.8235,0.0,347.0113,270.1299,50.2571,2.6169,1.5311,0.176,8.0155,16.1877,0.0,33.9703,0.0,10.891417088007392,2.2661,11.2841,0.1077,3.7256,9.6482,2.8969,15.4205,76.262,13.47,0.55,5.8897,0.2479,58.433,3.3457,0.7212,0.4946,0.085,48.9498,3.69,0.1329,1.5746,0.0518,1.4027,17.512,530.8573,2.2566,9.11,0.2797,3.232,0.0822,1.7161,12.3942,0.0116,2.3177,0.027,0.0162,59.9813
-1.0,2988.93,2189.8778,1.5291,107.82,1.4652,-0.0142,0.015,203.7575,8.7254,406.8474,0.9729,192.9977,12.601,1.414,-3014.3333,33.0,1.296,1.9703,7.2698,74.9111,2.4111,0.1808,84.2629,8.2823,64.2171,65.9427,86.6699,81.27,3.409,348.1091,144.0364,736.9037,0.9954,139.2464,631.3918,131.6168,4.553,4.764,2866.0,0.9304,2.1645,350.7191,10.2601,126.2009,7.8728,17.8355,23.0469,713.8568,147.4236,624.3436,108.4435,0.0186,0.0688,-0.0039,-0.0035,0.0261,-0.0075,0.0348,7.9521,0.1308,0.9884,1845.5245,0.2118,8257.78,-0.0201,-0.0223,0.0176,-0.025,0.44778778836614685,0.9501,709.085,0.9905,58.4223,0.5896,0.9684,6.4037,15.67,4.756,15.72,15.72,1.031,0.9558,3.7820000000000005,0.0473,0.7639,2.4073,998.6102,72.0,79.4,123.7,44.2,470.21,0.2845,0.1018,0.0603,0.0431,0.022,6.7327,4.593,6.452,0.0111,0.37,0.0845,481.0,589.0,0.084,0.033,0.13,1.2,0.443,0.6853,0.0916,0.5924,0.2079,0.6901,0.406,0.0946,5.4,16.1,23.652,0.551,14.27,16.34,28.668,60.206,0.0955,0.0424,0.071,0.0627,0.0708,0.0495,0.0801,0.1152,2.9305,0.0846,0.0075,231.0825,0.0563,1037.7002,0.0083,0.0102,0.05209224158718967,0.0301,106.144,2.7828,0.0378,0.4785,0.0697,6.2744,20.3654,24.5689,42.2789,0.0859,1.702,0.0328,1.3458,0.0732,0.0281,213.9554,58.6657,152.218,262.794,0.0361,0.0146,0.0632,0.3855,0.0357,0.1583,0.2583,0.0342,0.1173,6.0185,0.1236,7.0038,0.027,1.6277,4.653,6.6882,0.1572,4.4198,4.5596,9.8271,21.4264,0.0247,0.02,0.0323,0.0287,0.0211,0.0221,0.0426,0.0517,1.0777,0.0257,0.0024,67.8933,0.0192,388.8188,0.012496109151080412,0.0115,38.0224,0.9239,0.0109,0.1602,0.0242,4.0626,1.8921,3.3195,2.6565,4.9236,2.0184,40.6021,18.6031,6.9477,52.6396,1.5859,1.143,2.9363,5.9782,9.9856,0.0,6.4815,1.6749,1.7882,1.6019,62.212,58.0824,13.2555,0.8133,1.1059,0.9225,0.2279,5.257,12.0733,3.1269,9.5068,3.878,2.5499,17.9703,7.2005,5.3703,17.537999999999997,181.2569,4.0159,24.7443,55.5183,513.6134,525.0774,0.0,0.0,190.0192,0.0,331.0345,36.8517,2.9827,3.5325,0.7605,12.5212,26.5789,0.0,69.5103,0.0,11.860914060378349,3.172,14.9691,0.0891,4.7633,7.4724,2.8969,15.4205,78.178,18.9,0.58,9.0645,0.2206,64.8007,4.7564,0.7419,0.4825,0.0746,48.4814,4.98,0.0877,2.0902,0.0382,1.8844,15.4662,535.8591,2.3048,8.55,0.4653,3.0639,0.121,1.5956,20.1886,0.016,3.1641,0.027,0.0162,59.9813
-1.0,2996.9,2162.7556,0.8479,107.2622,1.4446,-0.0016,-0.0055,198.3266,8.433,406.5568,0.9739,187.9085,12.5406,1.4087,-3576.0,188.25,1.2692,2.0183,7.3797,71.6889,1.9444,0.1637,85.2679,8.4896,64.3145,65.5737,87.0327,78.04,2.957,350.6945,135.4391,728.2986,1.3739,148.8745,635.0082,207.2476,4.592,4.82,2829.0,0.9339,-1.9891,351.4382,10.559,113.45,20.6718,21.9891,30.3824,697.9163,149.4482,614.3364,107.4202,0.0182,0.0137,0.0087,-0.0166,-0.0018,-0.0047,-0.0301,6.3219,0.1353,0.9626,1916.9759,0.1957,9097.76,-0.0424,-0.0242,0.0618,-0.0853,0.4444796360634442,0.9422,755.9691,0.9909,58.598,0.5972,0.9654,6.4584,15.59,3.796,15.56,15.61,1.068,0.6676,3.304,0.2838,0.7879,2.4201,996.0706,112.0,151.9,108.9,59.0,374.171,0.0947,0.1157,0.0404,0.0604,0.0181,6.7656,2.599,8.759,0.01,0.17,0.0177,920.0,11288.0,0.144,0.143,0.319,3.3,0.338,0.8301,0.0854,0.5431,0.3824,0.9243,0.32,0.1097,8.12,11.22,47.986,0.239,14.33,5.89,26.769,70.185,0.0839,0.061,0.0751,0.0412,0.0884,0.0867,0.1126,0.0847,2.8083,0.0317,0.0092,104.0431,0.0203,1485.7002,0.0167,0.015,0.033073909740279184,0.0224,132.2885,2.3434,0.0334,0.5099,0.0956,2.4849,30.2504,47.1677,37.9938,0.0325,1.6745,0.0372,0.9587,0.0489,0.0067,432.3579,135.2504,511.4242,5052.9598,0.0693,0.0607,0.1319,0.8667,0.0517,0.1127,0.322,0.0388,0.1267,6.0701,0.09,6.4903,0.0373,2.3662,3.6345,15.3181,0.0869,2.1022,2.5921,8.4147,19.9996,0.0248,0.027,0.0332,0.0233,0.0229,0.0438,0.0572,0.0429,1.0496,0.0101,0.0027,40.0508,0.0068,534.2908,0.013517281359851587,0.0068,44.9268,0.7258,0.013,0.1649,0.034,6.006,0.8433,4.9833,5.0686,4.4484,2.728,35.938,11.1693,8.0089,30.8194,2.1544,1.0263,1.3556,1.2572,31.4318,0.0,11.3453,7.0853,4.3226,4.6032,72.0,89.8167,9.7556,0.9735,1.0065,0.8444,0.3041,5.1298,5.4268,3.12,7.9852,5.4543,1.7669,23.1539,3.8003,2.2635,5.3504,69.3214,3.8356,13.751,65.3369,460.5146,221.2149,475.3846,532.1294,0.0,0.0,281.0841,44.4214,2.218,1.3222,0.9517,5.4275,10.3595,0.0,63.5579,0.0,10.4485291016793,2.3772,17.4992,0.0734,3.999,7.895,3.9522,6.2714,76.47759104798271,17.005856583539273,1.2403769888935143,7.614237211071367,0.5145707562755708,66.7836461326118,4.200764430590777,1.5943242663143753,0.3629,0.068,37.5266,10.1,0.0996,3.8093,0.0411,3.855,12.2486,532.1391,2.3488,9.44,0.4671,3.0702,0.1555,1.774,19.8852,0.0169,3.3497,0.027,0.0162,59.9813
-1.0,2957.41,2203.4556,0.8264,104.6767,1.5059,-0.0084,-0.0024,203.1904,9.7089,411.264,0.9639,193.7215,12.5027,1.4111,-4223.5,-2087.25,1.3153,1.9865,7.248,71.1333,2.3444,0.2151,84.7188,8.7073,64.6813,66.1561,86.7952,77.76,2.475,352.8945,131.7427,725.2848,1.2923,141.9764,626.6136,214.1156,4.623,4.842,2845.0,0.9342,-0.2482,352.59,10.5597,111.4945,21.4281,20.2482,28.6157,696.6691,141.1009,605.1855,97.5109,0.0101,-0.0223,-0.0391,-0.0088,-0.015,-0.0309,-0.0166,7.4887,0.1336,0.9877,1829.7017,0.1937,8444.58,0.0204,-0.0279,-0.0216,0.0037,0.4627,0.9591,730.3365,0.9909,57.9584,0.6013,0.9726,6.1701,15.67,4.756,15.72,15.72,1.031,0.9558,3.7820000000000005,0.0473,0.7639,2.4073,998.6102,125.0,64.8,85.5,64.5,364.7219,0.2763,0.0891,0.0411,0.0431,0.0152,6.5723,6.464,18.886,0.0118,0.26,0.0259,714.0,1752.0,0.231,0.048,0.194,3.4,0.37,0.5139,0.1298,0.5868,0.2517,0.6009,0.58,0.1268,6.42,14.66,58.589,0.407,11.67,7.79,23.648,55.628,0.0616,0.0506,0.0433,0.0315,0.0626,0.0976,0.094,0.0283,3.4205,0.0774,0.0016,110.756,0.0409,1035.5996,0.0113,0.0088,0.0354,0.0217,96.1521,4.0312,0.0258,0.5884,0.0697,6.2744,31.0114,22.1251,25.9598,0.0877,1.9958,0.0249,1.6536,0.0746,0.01,332.6022,154.5661,794.8994,819.1843,0.1077,0.0232,0.0883,1.0464,0.0311,0.1268,0.1883,0.0498,0.0688,5.9776,0.1701,6.573,0.039,2.5041,4.3365,17.1708,0.1163,2.1723,1.9129,7.6819,16.4359,0.0164,0.0227,0.0195,0.0143,0.0164,0.0517,0.0497,0.0119,1.2807,0.0238,0.0005,36.4519,0.0107,329.3194,0.0102,0.0072,31.8202,1.0478,0.0088,0.1843,0.0242,4.0626,1.8921,5.6381,2.1911,3.4628,2.9272,25.3078,33.4292,5.9167,66.578,4.5922,1.2209,2.0796,1.8327,39.9669,83.9382,17.5632,2.4163,2.6766,4.7798,46.9194,40.9091,10.7527,0.6066,1.4902,0.9072,0.6795,6.1718,6.3685,3.1222,9.8114,4.5219,2.3396,27.3633,9.6265,3.8543,6.4129,54.4612,3.3944,14.1657,57.048,612.1739,229.2186,80.5112,713.8988,650.6667,303.9612,169.97,45.6758,1.7961,3.2277,0.1633,6.0532,21.1258,0.0,30.2895,0.0,7.6595,2.2591,13.1655,0.0295,6.9553,9.5362,2.8969,15.4205,81.55,17.26,1.39,8.1379,0.5819,72.7244,4.2638,1.7045,0.2909,0.057,30.0546,7.45,0.1831,2.9216,0.0768,2.9717,20.9593,533.2609,2.3318,6.55,0.4016,2.2791,0.1182,1.2283,17.2229,0.0132,2.663,0.023,0.0064,27.7705
-1.0,2953.41,2136.4111,0.7809,106.6633,1.5753,-0.0111,-0.0029,199.6992,13.2075,424.2706,0.9745,190.0967,12.601,1.4164,-5903.75,-151.5,1.3077,2.0,7.299,73.7,2.1111,0.1568,84.2629,8.2823,64.2171,65.9427,86.6699,81.27,3.409,347.1618,144.4082,737.169,0.9981,141.1509,632.7209,132.6719,4.553,4.764,2866.0,0.9304,-1.6436,352.11,10.2235,122.7645,10.7291,21.6436,26.254,710.915,147.1173,621.9918,94.21,0.0013,0.0601,-0.0092,-0.0082,0.0051,-0.008,0.0158,7.9512,0.1272,0.9873,1809.2492,0.1679,8743.0501,-0.0211,0.0167,-0.0181,-0.0841,0.43477636431110955,0.9601,730.4535,0.991,58.434,0.5821,0.9658,6.4703,15.67,4.756,15.72,15.72,1.031,0.9558,3.7820000000000005,0.0473,0.7639,2.4073,998.6102,168.0,68.5,26.2,50.7,315.0421,0.1658,0.0512,0.0651,0.0539,0.0143,9.7869,8.489,9.785,0.0125,0.37,0.128,775.0,1525.0,0.103,0.135,0.354,2.0,0.462,0.6853,0.0916,0.5924,0.2079,0.6901,0.264,0.0818,5.07,14.21,21.665,1.257,16.67,17.5,30.645,63.381,0.0712,0.0492,0.0572,0.0616,0.06,0.0828,0.1133,0.0255,3.0013,0.036,0.0013,108.2642,0.0487,831.9004,0.0169,0.0138,0.05651590701716763,0.0227,96.9789,3.08,0.0372,0.5157,0.0697,6.2744,37.5288,25.9847,7.7936,0.0632,2.7721,0.0182,2.6797,0.0732,0.038,326.1559,252.0251,3994.1643,638.1298,0.0489,0.0625,0.1536,0.7649,0.0592,0.1586,0.2583,0.0342,0.1173,5.4022,0.0773,6.9748,0.0293,1.6326,4.055,6.4998,0.3421,4.6529,4.685,10.1427,21.1924,0.0202,0.0258,0.0261,0.0274,0.0169,0.0472,0.0564,0.0142,1.1331,0.0129,0.0004,34.2101,0.016,251.1794,0.010413898223583625,0.0076,30.3823,0.9011,0.0102,0.1728,0.0242,4.0626,1.8921,7.5662,2.3194,1.0351,2.3731,26.8675,21.2297,3.2501,64.2743,2.3063,1.2856,2.9363,9.13815,142.4518,0.0,7.8761,6.75,4.85,2.7137,52.1053,104.6067,13.6785,0.8133,1.1059,0.9225,0.2279,4.8738,10.872,3.2208,8.1987,3.5919,2.2459,16.3298,7.2005,12.2951,17.537999999999997,155.3723,4.3106,24.1626,67.2763,0.0,127.3786,673.224,735.6322,0.0,0.0,161.3924,37.7461,2.672,1.4855,0.1333,5.9839,29.0155,0.0,47.36,0.0,12.133006217226713,2.3592,13.2765,0.1265,5.2709,7.9696,2.8969,15.4205,82.106,17.38,1.96,8.0349,0.8678,50.5748,4.2403,2.3872,0.6294,0.1184,64.5713,4.48,0.1253,1.8793,0.0492,1.7149,18.2846,535.0991,2.1541,9.05,0.2385,3.2177,0.0751,1.6913,11.0714,0.0197,3.9795,0.0419,0.0098,23.3852
-1.0,3102.49,2189.8778,1.5291,107.82,1.4855,-0.0025,0.0147,203.3887,11.3848,415.6037,0.9806,193.4712,12.5169,1.4128,-4400.25,7084.9583,1.3045,1.9968,7.357,73.3,1.7778,0.1362,84.5303,8.2638,64.3628,65.9266,86.7056,80.91,3.009,349.9118,139.59,733.3428,1.3124,141.0509,630.5527,219.4207,4.55,4.806,2864.0,0.9308,5.1773,348.5936,10.3115,124.7673,8.6617,14.8227,21.0858,712.257,149.41,622.7709,100.9935,0.0176,0.0799,-0.0034,-0.0166,0.0038,-0.056650000000000006,0.0099,6.4348,0.131,0.9643,1832.6928,0.2024,8693.64,0.0299,-0.0446,-0.0687,-0.0293,0.43956600880766217,0.9591,754.6217,0.9906,58.2842,0.589,0.9633,6.459,15.67,4.756,15.72,15.72,1.031,0.9558,3.7820000000000005,0.0473,0.7639,2.4073,998.6102,114.0,176.0,259.6,44.2,470.21,0.2845,0.1024,0.0572,0.0322,0.0122,6.6331,10.226,6.268,0.0044,0.24,0.0605,378.0,17279.0,0.107,0.089,0.196,3.9,0.346,0.8221,0.0817,0.5653,0.2393,0.8722,0.376,0.1165,9.07,11.94,70.784,0.569,19.87,15.77,29.319,105.049,0.0861,0.0421,0.0666,0.0722,0.0722,0.0901,0.1476,0.0214,4.4061,0.0846,0.0131,97.0593,0.0347,1269.9004,0.0167,0.0132,0.040473586969943215,0.0237,128.8771,2.9461,0.0341,0.5312,0.0697,6.2744,29.9733,58.3324,81.1884,0.0859,1.702,0.0395,2.8434,0.0675,0.0227,166.7461,287.394,1274.6308,8746.1497,0.0472,0.0478,0.0861,1.0404,0.0748,0.1088,0.3049,0.0379,0.1002,5.8757,0.1151,6.4831,0.0383,2.7955,4.207,22.8129,0.1415,4.55,5.2652,10.0551,31.9894,0.0247,0.0191,0.0273,0.0308,0.0194,0.0426,0.0603,0.009,1.7758,0.0257,0.0046,34.1348,0.0111,397.4294,0.006216971718318756,0.0079,41.5787,0.9737,0.0111,0.1834,0.0242,4.0626,1.8921,5.1493,5.6729,10.3739,2.0184,40.6021,18.6031,6.8934,89.8214,1.5082,0.4517,1.9174,4.2788,60.9056,226.8081,8.2024,4.4572,2.6641,5.3206,101.25,159.51774999999998,10.2515,0.9726,0.989,0.8783,0.1429,5.8815,11.6556,2.8329,8.874,6.4303,1.8936,32.2595,7.0907,5.5181,17.537999999999997,229.4008,4.1164,33.5206,104.0156,488.1644,229.4278,0.0,435.9245,0.0,248.3803,216.7089,68.4736,3.2067,3.5325,1.358,5.296,17.1553,132.3308,60.1002,966.6667,6.481224628873127,2.4664,17.0784,0.1041,5.0548,8.2243,2.8969,15.4205,73.176,16.77,1.25,8.2456,0.5112,39.4138,4.1819,1.7082,0.0928,0.0217,9.6113,7.68,0.2308,3.3727,0.0872,3.0986,36.0543,535.9764,2.6756,8.53,0.3616,2.9955,0.1038,1.5915,13.5155,0.0131,2.614,0.0419,0.0098,23.3852
-1.0,3057.65,2203.4556,0.8264,104.6767,1.5527,-0.0216,0.0013,202.4785,13.5537,421.3323,0.9744,191.9602,12.3639,1.3991,-3701.25,13.25,1.297,2.007,7.2543,66.8222,2.6556,0.2281,85.513,8.7932,64.0127,66.1703,86.8489,63.93999999999998,1.1460000000000004,356.0655,125.4927,721.3865,1.4324,146.7664,628.3245,223.873,4.626,4.868,2827.0,0.9305,5.8045,353.7991,10.6613,111.2973,16.4954,14.1955,20.2515,701.1351,146.7327,611.8291,114.2808,-0.0196,-0.0233,-0.0236,0.007,0.0222,-0.0191,0.0421,7.8452,0.136,0.9894,1866.7297,0.1912,9020.93,-0.0272,0.0009,-0.0376,0.0766,0.4587,0.958,776.768,0.9907,58.5312,0.5941,0.9706,6.2365,15.59,3.796,15.56,15.61,1.068,0.6676,3.304,0.2838,0.7879,2.4201,996.0706,91.0,262.6,236.7,64.5,364.7219,0.2763,0.1539,0.0583,0.0622,0.0122,6.53,10.983,7.673,0.0099,0.27,0.0558,275.0,1197.0,0.093,0.09,0.12,1.8,0.475,0.6977,0.0637,0.4922,0.214,0.7596,0.471,0.1276,10.08,18.59,44.158,0.358,18.05,6.64,29.976,83.038,0.0991,0.0392,0.053,0.0641,0.0975,0.0669,0.0963,0.0541,2.7154,0.0326,0.0028,111.5599,0.0277,1131.9004,0.0175,0.0139,0.0177,0.0117,112.5024,1.7859,0.0192,0.6235,0.0956,2.4849,24.995,84.474,75.5785,0.0877,1.9958,0.0558,3.8237,0.0833,0.0161,114.4097,72.7249,2196.4194,515.6668,0.0389,0.0395,0.0568,0.618,0.0352,0.1332,0.278,0.0247,0.0995,6.0902,0.1319,9.9174,0.0407,3.0422,5.5296,14.9245,0.1213,1.8854,2.2162,9.3785,25.2822,0.0248,0.018,0.0221,0.0285,0.0281,0.0303,0.0529,0.0255,0.9957,0.0125,0.0009,45.0539,0.0092,439.7626,0.0052,0.004,44.1603,0.6787,0.0061,0.204,0.034,6.006,0.8433,4.0629,8.5883,9.3176,2.9272,25.3078,33.4292,9.9121,81.0331,1.8211,1.0177,2.1838,3.9911,138.0074,0.0,7.1704,4.4843,1.6542,2.6937,30.1255,45.5918,14.4837,0.8159,0.724,0.7689,0.2136,5.367,8.0403,4.6497,8.9097,6.8681,2.9587,19.7246,5.4732,3.3579,9.4971,109.4243,4.2753,13.7353,72.6614,504.3257,0.0,271.3228,0.0,301.6911,502.8721,128.4273,34.6122,1.6179,1.3589,0.2816,5.9762,14.4949,0.0,36.8825,0.0,3.8586,1.2237,14.4834,0.0788,3.0512,9.9972,3.9522,6.2714,73.336,18.07,0.91,8.0013,0.4283,146.2962,4.4367,1.2409,0.5058,0.0834,50.2702,9.23,0.1924,3.8497,0.0919,3.5482,22.7505,534.9691,2.3278,9.1,0.5659,2.9013,0.1566,1.701,24.3097,0.0144,2.8667,0.0419,0.0098,23.3852
-1.0,3083.62,2203.4556,0.8264,104.6767,1.516,-0.0041,0.0084,198.8176,8.4547,402.3519,0.9756,188.356,12.4614,1.3996,-4237.0,-1408.0,1.2803,1.9835,7.3773,66.6889,2.0667,0.1574,85.0066,9.6938,64.2263,66.5811,87.0735,65.74,3.08,351.4636,134.3345,725.2727,0.8924,138.7173,624.5154,115.8002,4.588,4.82,2851.0,0.9348,-2.3691,352.3336,10.5144,111.9655,15.9881,22.3691,27.4408,697.8319,144.2282,608.5273,97.8402,-0.0082,-0.0109,-0.0186,0.002,0.0336,-0.0114,0.0338,7.168,0.1401,0.9912,1736.6114,0.1971,8481.8701,-0.0204,-0.0251,0.0384,-0.097,0.4629,0.9409,704.8967,0.9908,58.7375,0.6005,0.9654,6.3708,15.59,3.796,15.56,15.61,1.068,0.6676,3.304,0.2838,0.7879,2.4201,996.0706,101.0,278.7,173.1,64.5,364.7219,0.2763,0.0656,0.034,0.0895,0.0127,9.9297,4.745,12.971,0.0095,0.25,0.0368,1043.0,718.0,0.098,0.155,0.094,1.9,0.259,0.827,0.0479,0.5923,0.3178,0.8225,0.465,0.0882,6.09,10.94,30.867,0.427,10.0,3.98,22.293,52.302,0.0651,0.0576,0.0271,0.07,0.0442,0.0912,0.1046,0.0542,3.7374,0.0648,0.002,73.2539,0.0633,1053.7002,0.0129,0.0166,0.0205,0.0225,136.2352,1.8975,0.0257,0.6176,0.0956,2.4849,30.9273,85.7185,60.4342,0.0877,1.9958,0.0222,1.5803,0.0697,0.0134,457.4706,241.7147,812.458,507.7027,0.042,0.0717,0.045,0.6071,0.0413,0.0978,0.3004,0.019,0.0812,5.4572,0.1543,6.6198,0.0273,1.99,3.9169,8.3669,0.1213,1.3782,2.0585,7.276,15.2942,0.0152,0.0236,0.0135,0.033,0.0148,0.0377,0.0521,0.0262,1.3541,0.0179,0.0007,30.0215,0.0189,289.7103,0.0057,0.007,36.6754,0.7375,0.0089,0.199,0.034,6.006,0.8433,4.5478,9.0381,6.3447,2.9272,25.3078,33.4292,4.3271,56.1224,3.2238,0.9716,2.0062,2.6279,42.1997,50.9943,7.6548,7.8145,1.2742,2.8491,58.0645,69.2308,7.6436,0.9729,0.4941,0.9222,0.2626,4.6036,4.9057,3.166,9.8833,4.3902,1.7518,26.6554,4.4504,4.0611,7.3416,62.5465,3.1946,16.6968,53.4566,792.0913,618.59025,376.3441,0.0,271.2268,915.5361,160.355,52.14,2.2996,2.634,0.2043,4.2182,32.1222,0.0,35.2941,0.0,4.4363,2.3938,19.327,0.089,3.2305,9.6937,3.9522,6.2714,74.132,12.98,1.64,6.1117,0.6774,98.0193,3.1904,2.2123,0.1526,0.0362,16.0601,3.42,0.1217,1.7384,0.0543,1.3127,15.7288,530.1873,2.2967,11.28,0.3327,4.0422,0.1276,2.1276,14.4883,0.0104,2.0921,0.0419,0.0098,23.3852
-1.0,3056.58,2219.3445,0.98,104.3867,1.5343,-0.0013,0.0035,197.3807,12.1017,398.5196,0.9713,186.6435,12.5212,1.4065,-4241.5,-1350.5,1.272,1.9908,7.3033,74.6111,2.1333,0.1758,84.2629,8.2823,64.2171,65.9427,86.6699,81.27,3.409,351.5136,129.0464,720.445,1.3963,149.8745,630.4345,216.4044,4.6,4.81,2855.0,0.9332,5.9491,349.1545,10.467,114.9955,13.5963,14.0509,21.9064,698.5386,152.6882,616.8382,107.0657,-0.0062,-0.0193,0.0168,-0.012,0.0077,-0.0187,-0.0064,7.2964,0.1279,0.9898,1779.3439,0.2044,8175.65,-0.0173,0.0019,0.0048,-0.0391,0.45657805627148884,0.9736,699.3567,0.9913,57.7631,0.5919,0.9652,6.4459,15.86,3.877,15.85,15.78,0.9933,0.6629,3.134,0.0473,0.7954,2.3881,1004.4788,129.0,183.2,161.7,43.2998,421.605,0.3194,0.0743,0.0391,0.0571,0.0225,9.0554,12.588,9.558,0.0112,0.43,0.0426,345.0,2286.0,0.078,0.078,0.096,1.6,0.389,0.6853,0.0916,0.5924,0.2079,0.6901,0.267,0.1322,5.79,13.13,41.408,0.371,15.92,6.33,27.077,93.441,0.0708,0.0482,0.0313,0.0243,0.0505,0.0798,0.0955,0.0334,3.4195,0.0623,0.0013,146.6936,0.0491,875.6001,0.0165,0.015,0.06088735096821557,0.0076,95.9641,1.0002,0.0289,0.3972,0.0656,2.2053,32.5243,66.4107,54.629,0.0941,2.1658,0.0282,4.3962,0.1187,0.0119,152.8995,162.2981,860.8935,951.8184,0.0319,0.0331,0.045,0.5988,0.0377,0.1349,0.2583,0.0342,0.1173,5.643,0.0741,6.2097,0.0361,1.9247,3.5301,12.807,0.0971,2.1396,2.792,8.4011,31.3613,0.0242,0.0216,0.0146,0.0111,0.0161,0.0449,0.0519,0.0161,1.1529,0.0217,0.0004,46.4059,0.0151,251.716,0.011659788792967895,0.0028,27.8344,0.3285,0.008,0.1308,0.0239,5.0845,0.8456,5.7015,5.9936,6.4535,1.951,24.3022,32.5896,4.8425,104.0182,2.3984,1.158,3.4342,3.0302,48.049,169.2706,6.1321,3.9181,1.3145,2.1445,42.1875,60.8723,11.3684,0.8133,1.1059,0.9225,0.2279,4.603,5.6336,3.0638,9.4704,3.8632,2.0827,19.1346,4.8438,3.5445,4.2523,117.0906,3.8762,13.1102,87.2744,0.0,618.59025,144.8584,421.9321,0.0,510.6952,521.875,46.8658,2.033,2.6117,0.1287,8.2443,24.0322,0.0,32.491,0.0,11.933257389553878,0.7782,13.7218,0.0748,1.7316,6.1622,2.7484,5.1068,81.478,18.25,2.17,9.1625,0.838,69.2011,4.6118,2.7492,0.6294,0.1184,64.5713,7.18,0.0736,2.8958,0.0329,2.7293,10.8203,535.3618,2.3768,9.7,0.4698,3.2554,0.1352,1.8119,19.766,0.017,3.4367,0.0419,0.0098,23.3852
-1.0,2971.93,2189.8778,1.5291,107.82,1.5361,0.0188,-0.0002,199.0635,10.3445,403.2573,0.9792,187.8764,12.5169,1.409,-3963.75,236.75,1.3025,2.0063,7.3495,75.9111,2.1667,0.1771,84.2629,8.2823,64.2171,65.9427,86.6699,81.27,3.409,374.9509,110.3945,732.5631,1.4199,154.94,640.2855,227.1806,4.605,4.846,2889.0,0.9091,5.4964,371.2864,11.195750000000004,95.8909,19.3264,14.5036,20.0429,712.5202,153.7818,620.9591,125.3778,0.0137,0.0654,-0.0037,-0.0287,0.0029,-0.0053,0.0067,7.3316,0.1336,0.9679,1888.9048,0.2206,8908.57,-0.0325,0.0084,0.0639,0.0419,0.44262127817389607,0.9446,778.8739,0.9914,59.841,0.6084,0.9677,6.3052,15.62,4.171,15.62,15.63,1.059,0.7377,3.313,0.1419,0.7697,2.4214,996.2322,125.0,67.1,66.3,44.2,470.21,0.2845,0.0885,0.0549,0.059,0.0096,5.6203,14.381,7.68,0.0047,0.24,0.094,1092.0,402.0,0.238,0.076,0.152,2.1,0.543,0.6853,0.0916,0.5924,0.2079,0.6901,0.411,0.2297,5.03,12.27,40.265,0.363,13.39,7.52,19.921,74.207,0.0913,0.075,0.0758,0.0723,0.074,0.0953,0.0916,0.0439,2.0052,0.0846,0.0063,129.2991,0.096,2157.4004,0.0144,0.0102,0.06329531413136896,0.0155,231.5889,3.302,0.0269,0.5235,0.1,4.3062,31.0114,18.5695,21.2893,0.0859,1.702,0.0272,4.96435,0.0675,0.03,460.5188,523.1399,1691.0337,186.8036,0.1041,0.0409,0.0635,0.6133,0.0539,0.1706,0.2583,0.0342,0.1173,4.642,0.1227,4.2933,0.077,1.5758,3.2449,12.7608,0.1039,2.1401,2.8939,5.806,26.9353,0.0248,0.0351,0.0321,0.0326,0.0201,0.0477,0.0446,0.0183,0.6702,0.0257,0.0019,37.5648,0.03,679.0248,0.012034480979105379,0.0052,73.1827,0.8514,0.0096,0.1698,0.0354,2.894,1.3697,5.6381,2.2578,2.5923,2.0184,40.6021,18.6031,5.7614,139.0201,1.9045,0.4796,1.9174,6.6694,99.4765,169.7994,18.2726,3.7882,2.0682,2.7664,50.7692,100.5019,15.9993,0.8133,1.1059,0.9225,0.2279,3.9258,12.1202,2.152,16.1801,3.2464,1.9163,17.7238,2.434,3.2105,9.709,69.2835,2.7959,27.7082,59.1867,667.947,402.6846,0.0,257.6714,0.0,0.0,657.6779,27.3501,1.7961,3.5325,0.6527,6.8452,43.524,71.1111,53.6082,0.0,13.095144012958247,1.6395,29.7338,0.0892,5.518,8.3024,4.1305,11.2384,77.26928442652967,17.30165715893995,1.2532972068073227,8.22162295891506,0.5214727682442775,31.922909508206182,4.264341026896807,1.6054191103875135,0.0928,0.0217,9.6113,4.98,0.0877,2.0902,0.0382,1.8844,15.4662,536.6882,2.1806,6.58,0.2566,2.3367,0.0884,1.226,11.768,0.0217,4.3766,0.0419,0.0098,23.3852
-1.0,3080.89,2162.7556,0.8736,106.8744,1.4187,0.0012,0.0004,197.5219,3.6123,408.988,0.9743,186.7209,12.5663,1.4288,-1363.875,-2859.3333,1.3045,1.9672,7.2353,74.9667,1.6333,0.1143,83.8498,8.5889,64.1402,65.8399,86.9963,80.28,2.796,357.1591,127.7545,725.3598,1.0788,144.2745,629.1882,133.7077,4.64,4.87,2841.0,0.9307,4.1464,356.9909,10.6192,111.9009,13.2937,15.8536,20.9393,704.4205,147.0027,615.8945,100.3285,0.0253,0.0684,-0.0507,0.0129,0.0102,0.0125,-0.0135,7.7179,0.1308,0.9873,1735.5624,0.2203,8709.7301,0.0138,0.0372,-0.0061,-0.0354,0.45956952197182666,0.9488,749.3277,0.9908,59.3007,0.5919,0.9661,6.3719,15.62,4.171,15.62,15.63,1.059,0.7377,3.313,0.1419,0.7697,2.4214,996.2322,86.0,180.6,167.4,72.4001,433.035,0.1392,0.0958,0.0423,0.0679,0.0181,9.1058,1.704,7.631,0.0088,0.22,0.128,966.0,17919.5,0.075,0.141,0.29,2.4,0.522,0.5217,0.1407,0.6303,0.3028,0.7434,0.338,0.0847,8.03,16.61,19.751,0.613,21.19,5.5,33.671,46.375,0.0551,0.0764,0.0588,0.0363,0.0759,0.0892,0.0696,0.0437,3.587,0.0632,0.0015,166.4863,0.1254,1386.7998,0.0173,0.019,0.039324858497147425,0.0102,149.6818,4.6953,0.0302,0.5896,0.1,4.3062,25.3301,59.8248,53.7128,0.041,2.943,0.0347,0.6564,0.0625,0.045799999999999993,398.1242,104.5223,5823.189049999999,8994.62525,0.0338,0.06,0.1273,0.7399,0.0397,0.1838,0.2166,0.0525,0.0908,5.0675,0.0879,9.806,0.0223,2.3645,5.445,6.5039,0.1706,1.5797,1.5027,10.482,14.9021,0.0202,0.0372,0.025,0.016,0.0206,0.0393,0.0366,0.019,1.2066,0.019,0.0006,51.3273,0.0374,387.5704,0.008965762525837397,0.0031,43.1743,1.3758,0.0089,0.196,0.0354,2.894,1.3697,3.8767,5.8619,6.4622,3.3476,43.0119,15.9373,6.7525,47.1725,1.8658,0.9017,1.7507,9.13815,0.0,643.1919,5.7493,7.1674,4.0082,3.2014,73.4694,97.9592,15.7551,0.6222,1.638,0.9827,0.1501,4.2502,8.2424,4.2972,7.8516,5.5658,2.6399,14.7718,5.7142,5.7726,10.7327,159.3993,4.78,11.3403,46.2231,217.8404,0.0,71.633,588.9428,870.2439,555.6886,323.1054,46.4768,1.9884,2.631,0.149,9.5926,63.31987047269746,0.0,62.7054,0.0,8.073957755613641,1.0773,19.9755,0.1218,7.9178,9.2528,4.1305,11.2384,76.1998857774785,17.09463113192781,1.2333866286205422,7.912566249759606,0.5165522276749064,61.59064471934686,4.250409923576553,1.592026703195233,0.6294,0.1184,64.5713,5.7,0.0505,2.4225,0.021,2.1929,8.8558,534.5309,2.2417,6.37,0.2291,2.2433,0.0753,1.1917,10.2177,0.0167,3.3541,0.0119,0.0054,45.7004
-1.0,2951.59,2251.8222,1.3881,104.9456,1.5629,-0.0261,-0.0034,203.8228,9.5437,411.1115,0.9586,194.3463,12.5163,1.4321,-3795.3978033494104,-260.42486280756293,1.1933265282633698,1.952580916255725,6.6955926954793945,68.63017280193134,2.4814892048502486,0.19615658305916073,85.6561,8.7144,64.0638,66.9173,86.4005,85.4,2.404,356.6309,123.7291,719.915,1.0837,143.3155,623.6755,126.0903,4.64,4.87,2841.0,0.9307,3.8164,356.3109,10.8087,107.5455,13.3655,16.1836,20.4859,699.4291,146.4536,610.31,109.4331,-0.0212,0.0605,-0.0442,-0.022,0.0342,0.0093,-0.0171,7.9594,0.137,0.9687,1771.2594,0.1637,8432.12,-0.0619,-0.0084,0.0077,-0.0266,0.4622,0.9337,696.8116,0.9915,58.6991,0.5899,0.965,6.4037,15.62,4.171,15.62,15.63,1.059,0.7377,3.313,0.1419,0.7697,2.4214,996.2322,139.0,128.1,106.6,71.5,456.08,0.4587,0.0484,0.0772,0.0227,0.0253,6.66,7.387,14.184,0.0179,0.34,0.0441,859.1568893963164,4447.3371575592155,0.13381294058494134,0.13344997150792823,0.24148477844496663,2.7816504174668153,0.4040309723139244,1.0854,0.0933,0.6544,0.3537,0.7272,0.239,0.0865,6.5,16.86,23.65,0.561,16.56,3.46,32.499,64.849,0.0657,0.0325,0.0517,0.0517,0.0862,0.0374,0.0966,0.0234,5.0079,0.0759,0.0062,134.0313,0.0345,1220.7002,0.0137,0.0103,0.0212,0.0315,104.9814,2.6619,0.0345,0.5924,0.1,4.3062,32.7834,46.1516,37.5438,0.1492,2.7698,0.0188,1.9714,0.0937,0.0168,396.91292959638383,250.62133568350265,1848.6434647738056,2197.200586322728,0.06043331180549953,0.06484772562996823,0.11696448135556407,0.8644125679973315,0.039173145387891795,0.13317405612555938,0.4066,0.0388,0.1293,5.5321,0.0767,9.7985,0.0246,2.3503,5.4296,8.4446,0.1551,1.0564,1.3537,10.4294,22.117,0.0162,0.0134,0.0256,0.0221,0.0208,0.0155,0.0475,0.0099,1.5321,0.0221,0.0019,41.0121,0.0106,397.5073,0.0057,0.011,34.706,0.6944,0.011,0.1881,0.0354,2.894,1.3697,6.4202,4.34,4.3078,3.1752,41.2774,33.0414,3.0968,77.4016,3.4502,1.871,2.7165,3.0822,93.62083509670784,201.54298011737944,14.79234090888669,9.741346592075626,7.544649999999999,4.014364181957317,49.06993782891976,58.33560077481572,11.158231253872353,1.2672,1.0708,1.0215,0.3269,4.722,7.5811,4.3018,7.9799,4.5354,2.7033,18.7564,5.7142,5.1902,8.8149,123.9011,4.6465,13.0254,59.259,310.3632,113.5371,116.9022,392.2639,109.4367,0.0,136.8421,62.9179,2.2628,3.1192,0.6428,7.567,21.0969,419.3384,94.8454,0.0,4.5944,3.3789,15.066,0.0562,4.5348,9.2509,4.1305,11.2384,83.118,17.29,1.38,8.5185,0.6004,68.2988,4.2064,1.6603,0.3472,0.0666,35.7939,11.58,0.0921,4.4533,0.0347,4.3876,13.4948,531.0464,2.3151,5.55,0.3267,2.0059,0.0899,1.0451,14.1105,0.0135,2.6592,0.0119,0.0054,45.7004
-1.0,3108.23,2223.2778,1.516,102.96,1.4814,0.0135,-0.0121,198.1205,7.7506,402.7684,0.9769,187.6927,12.4824,1.4294,-3558.0,1239.5,0.9945,1.873,5.1525,66.4,2.6444,0.1881,85.0513,9.1156,63.9509,66.94045000000003,86.8518,79.16,2.719,352.0236,133.1536,728.4648,1.3824,144.4145,629.5918,238.2917,4.566,4.793,2870.0,0.9299,2.7582,352.9745,10.4026,115.9118,10.9928,17.2418,24.6239,703.8409,151.0609,619.9473,104.5224,-0.0048,-0.0189,-0.0159,-0.006,-0.0152,-0.0178,0.0122,7.1287,0.1299,0.9908,1778.4092,0.2039,8870.5699,-0.0931,-0.0902,0.17079999999999998,-0.1572,0.4618,0.9312,749.0064,0.9909,58.3374,0.6046,0.9751,6.1714,15.62,4.171,15.62,15.63,1.059,0.7377,3.313,0.1419,0.7697,2.4214,996.2322,90.0,56.7,36.0,45.8999,220.923,0.3549,0.0614,0.0652,0.0525,0.0114,6.3338,6.028,16.441,0.006,0.28,0.0244,468.0,209.0,0.052,0.045,0.192,2.7,0.202,0.6989,0.1288,0.6114,0.3099,0.8541,0.219,0.1723,3.71,15.6,50.056,1.121,18.57,13.37,30.873,102.294,0.0658,0.0419,0.0425,0.0408,0.0359,0.0855,0.0831,0.0578,2.5035,0.0638,0.0009,120.541,0.0685,685.5,0.0257,0.0246,0.014,0.0096,48.8414,2.7858,0.0248,0.541,0.1,4.3062,25.7213,21.0969,11.2795,0.1125,1.6576,0.0202,1.7197,0.0821,0.0081,198.5336,157.5,759.0411,90.9744,0.0213,0.0194,0.0817,0.8216,0.0343,0.0656,0.2747,0.0487,0.0885,6.3173,0.0726,6.8521,0.0467,1.2879,4.7248,17.8123,0.3094,3.3554,3.8074,9.7205,32.5269,0.0206,0.0185,0.0196,0.0179,0.0115,0.0459,0.0463,0.0263,0.7934,0.0207,0.0003,41.7005,0.0176,211.819,0.0038,0.0028,16.0348,0.7946,0.0082,0.1842,0.0354,2.894,1.3697,4.0364,1.8242,1.4854,2.0645,18.0776,23.4118,4.1448,77.7743,4.082,0.6124,2.2431,1.7063,45.5031,16.8616,5.2288,2.4026,3.7263,4.0663,45.3782,49.9705,4.3241,0.8217,1.4134,0.956,0.227,6.2269,16.3495,2.8321,12.4664,2.569,2.4778,21.0062,7.1758,10.7761,17.537999999999997,168.9288,4.3864,17.0781,97.8681,0.0,618.59025,255.7994,600.209,564.3564,466.1992,475.7202,35.1187,2.6176,2.6085,0.0872,6.778,33.5842,0.0,80.4829,338.1443,3.0384,1.0282,6.5208,0.0563,4.7753,8.766,4.1305,11.2384,77.116,17.64,0.89,8.1273,0.3392,18.3552,4.4953,1.1541,0.3472,0.0666,35.7939,4.98,0.0877,2.0902,0.0382,1.8844,15.4662,532.5646,2.7395,13.35,0.6164999999999999,4.0485,0.18730000000000002,2.5067,28.50255,0.0163,3.2678,0.0119,0.0054,45.7004
-1.0,3059.82,2146.9111,1.5377,104.3711,1.5284,-0.0136,-0.009,203.796,11.3572,405.9691,0.9606,194.4611,12.3639,1.4018,-6375.125,-1380.6667,1.2808,2.0105,7.3163,66.0556,2.0778,0.1596,85.3825,9.7324,64.2442,66.6973,87.1381,63.93999999999998,5.041,349.2291,132.4645,722.2933,0.9076,142.2891,623.9827,120.6425,4.588,4.82,2851.0,0.9348,-3.0355,350.74,10.6423,109.4291,14.9836,23.0355,27.9576,694.3357,148.83,608.9991,102.3148,0.0139,-0.0109,-0.0247,-0.0007,0.0052,-0.0152,0.0449,8.0467,0.1401,0.9904,1789.8604,0.1637,8778.9499,-0.0193,-0.066,-0.0267,0.0341,0.4634,0.9332,765.5821,0.9914,58.8757,0.5984,0.9654,6.3913,15.62,4.171,15.62,15.63,1.059,0.7377,3.313,0.1419,0.7697,2.4214,996.2322,87.0,73.1,64.6,52.7998,864.301,1.0612,0.1146,0.0804,0.0453,0.014,6.7844,10.715,6.372,0.0175,0.27,0.026,549.0,3088.0,0.085,0.096,0.205,2.2,0.279,0.7473,0.0743,0.6345,0.3412,0.9513,0.247,0.0508,5.33,15.58,11.053,0.384,7.45,3.42,22.959,74.994,0.0607,0.0676,0.0403,0.0805,0.0341,0.0745,0.1158,0.0237,3.4993,0.042,0.001,66.502,0.0582,302.8994,0.0147,0.0217,0.0395,0.0106,38.2335,2.9278,0.0327,0.4852,0.1,4.3062,24.0421,20.9719,22.1611,0.36060000000000003,3.0436,0.0369,2.9167,0.0833,0.0108,231.1369,276.3782,5198.4443,1756.3511,0.037,0.0404,0.0897,0.7401,0.0492,0.1044,0.302,0.0324,0.1126,5.1808,0.0781,6.6134,0.0153,1.6805,4.5846,3.4028,0.1181,0.9911,1.8284,7.431,28.0938,0.0154,0.0289,0.0193,0.0339,0.0114,0.0398,0.0561,0.0099,1.5097,0.0131,0.0003,22.816,0.0177,91.6699,0.0098,0.0032,12.4752,0.7603,0.0118,0.1605,0.0354,2.894,1.3697,3.8671,2.389,2.3684,2.4593,77.0342,64.9361,7.498,94.3456,1.5696,1.8238,2.1838,1.8576,173.3137,223.6601,6.6367,4.7749,2.802,3.3305,67.3797,100.9053,8.1362,0.8752,0.7634,0.9876,0.1169,4.845,6.3111,3.2409,5.5915,3.7459,2.4969,9.1618,4.4504,3.6083,7.1736,49.721,3.3066,20.99,73.2973,435.7111,199.8522,326.572,0.0,0.0,760.5911,52.7546,43.4872,2.2996,1.7425,0.0976,3.7155,35.5455,662.5954,85.8991,428.169,8.5181,1.1316,4.994,0.0525,4.9728,7.5919,4.1305,11.2384,77.54,16.22,0.96,7.2023,0.4033,138.1204,4.0055,1.2381,0.1339,0.0362,13.6884,5.71,0.1049,2.1834,0.0412,2.2071,14.7656,531.9818,2.407,6.34,0.184,2.2737,0.0597,1.1918,7.6425,0.0116,2.3084,0.0136,0.0171,125.5354
-1.0,2940.26,2203.4556,0.8264,104.6767,1.4763,0.0012,-0.0127,197.9527,11.2565,418.7213,0.9788,187.6402,12.4743,1.4087,-4452.0,-800.25,1.3082,2.0045,7.2615,68.0556,2.4111,0.2328,86.2857,8.5855,63.9733,66.0928,86.8774,78.33,2.809,350.8009,132.3109,722.2983,0.9003,139.2927,622.4045,115.6205,4.588,4.82,2851.0,0.9348,-1.0991,351.82,10.5697,111.2118,14.6454,21.0991,26.063,696.2353,144.7273,607.7591,104.8566,-0.0139,-0.0132,-0.0291,-0.0193,0.0154,-0.0128,0.0062,7.8487,0.1348,0.9902,1795.1019,0.187,8220.8401,0.0145,0.0288,0.0814,0.1618,0.4644,0.9286,723.0805,0.9909,58.3136,0.5864,0.9651,6.4137,15.62,4.171,15.62,15.63,1.059,0.7377,3.313,0.1419,0.7697,2.4214,996.2322,125.0,75.6,43.9,64.5,364.7219,0.2763,0.0716,0.0412,0.0475,0.005,9.851,7.946,8.381,0.0053,0.23,0.0228,385.0,2116.0,0.072,0.074,0.087,2.1,0.359,0.8273,0.1027,0.4794,0.3367,0.5985,0.477,0.0816,8.6,10.25,20.937,0.41,11.31,3.08,21.484,56.271,0.0566,0.0283,0.0468,0.0284,0.0299,0.0619,0.088,0.0567,2.0612,0.0771,0.0011,84.7013,0.021,434.3999,0.0268,0.0212,0.051,0.025,45.409,1.7126,0.0194,0.6273,0.1,4.3062,32.2665,27.5079,14.6867,0.0877,1.9958,0.0228,2.3981,0.0619,0.0075,158.0021,92.7613,328.888,936.1782,0.0337,0.0345,0.0374,0.6803,0.0528,0.1232,0.3069,0.0387,0.0927,5.4346,0.1677,6.6419,0.0287,2.622,3.123,6.3537,0.126,1.1082,1.2184,6.8316,20.5796,0.0154,0.0131,0.0216,0.0133,0.0088,0.0326,0.0468,0.0295,0.6899,0.0251,0.0003,27.2131,0.0065,135.9472,0.0113,0.0086,16.1067,0.5662,0.0059,0.2035,0.0354,2.894,1.3697,5.7484,2.5712,1.7384,2.9272,25.3078,33.4292,4.85,70.5906,2.0016,0.5445,1.8438,1.6163,14.6226,264.4174,5.5035,3.6917,1.1981,3.0857,53.9171,73.4606,10.9019,0.9588,1.1967,0.7494,0.329,4.9715,6.4318,3.1465,9.0613,6.174,1.6468,18.1084,4.4504,3.879,8.0657,77.2254,3.0857,9.77,53.6647,408.4799,404.2857,97.5107,155.2743,401.9481,687.5,890.8199000000001,26.2614,2.5973,3.2425,0.1103,4.7185,11.2455,0.0,35.2423,0.0,10.9789,2.6935,6.2799,0.0892,2.9369,9.7805,4.1305,11.2384,83.672,15.82,1.17,7.1892,0.4558,19.4965,3.874,1.3983,0.3804,0.0692,39.043,7.82,0.087,3.007,0.0379,3.1434,10.6186,532.3936,2.2964,10.06,0.2833,3.2322,0.0755,1.8896,12.3363,0.0121,2.4195,0.0169,0.0276,163.9998
-1.0,2959.36,2210.9778,1.0204,106.2089,1.5165,-0.0228,0.0101,202.2981,12.4705,413.4541,0.9796,192.9206,12.5043,1.4173,-1363.875,1283.75,0.9735,1.8915,5.1095,69.3667,2.8222,0.1893,85.7833,8.7696,63.7482,66.4353,86.5639,76.61,3.317,351.12,135.2155,725.8778,0.9071,137.2527,623.5882,118.0514,4.597,4.862,2835.0,0.933,-0.9045,351.8218,10.5118,114.3109,13.7927,20.9045,26.2575,699.6203,143.6627,609.7955,99.2579,-0.0038,-0.033,-0.0317,0.0272,0.0639,-0.0253,0.0269,5.8257,0.1404,0.9874,1821.5609,0.1924,8926.9801,-0.0025,-0.0549,-0.0181,0.0227,0.4656,0.9459,763.1099,0.9905,60.4132,0.5854,0.9807,6.1873,15.59,3.796,15.56,15.61,1.068,0.6676,3.304,0.2838,0.7879,2.4201,996.0706,88.0,75.7,58.5,60.9001,198.292,0.2134,0.1063,0.0736,0.0327,0.0074,9.2124,10.584,13.392,0.0057,0.27,0.0363,470.0,81.0,0.099,0.107,0.101,3.6,0.153,0.34,0.1166,0.4289,0.1596,0.5536,0.583,0.0892,6.45,11.91,14.171,0.261,15.89,6.82,27.7339,68.996,0.0875,0.0311,0.0442,0.0883,0.044,0.0487,0.1305,0.042,6.2481,0.0335,0.0011,97.178,0.0282,412.4004,0.0115,0.0175,0.0157,0.0263,61.1985,4.7231,0.0339,0.5818,0.0956,2.4849,25.9714,28.2265,23.004,0.0637,2.0324,0.0362,3.7517,0.0728,0.0155,195.8884,238.1825,5823.189049999999,34.5,0.0421,0.0447,0.0483,1.1102,0.0309,0.0492,0.122,0.0426,0.086,5.4403,0.2169,6.5591,0.0313,2.0327,3.4164,4.4874,0.0784,1.7062,2.5005,8.5273,23.0105,0.0226,0.0143,0.021,0.0409,0.0156,0.0218,0.0613,0.0197,2.2458,0.0114,0.0004,28.5946,0.0085,124.5579,0.0046,0.0105,18.5186,1.3742,0.0121,0.1881,0.034,6.006,0.8433,3.9125,2.558,2.3355,2.7544,12.6102,20.9155,7.0094,84.872,3.2391,0.5838,2.1593,2.5633,0.0,6.3096,10.1695,5.6569,1.9767,5.1898,31.8898,58.0986,3.2674,0.3963,1.3293,0.6728,0.6795,5.2888,5.2583,3.1015,9.8379,4.6994,1.9099,12.0041,3.9535,2.4829,5.0826,115.2055,3.9641,13.3074,69.5118,0.0,78.934,278.5489,161.542,76.2725,516.3205,155.9889,107.2495,1.5671,1.3869,0.1125,5.3349,14.654,0.0,18.929,664.4068,3.3739,2.7854,8.0196,0.1609,7.818,9.4028,3.9522,6.2714,77.218,14.17,0.72,6.2976,0.2843,109.7538,3.5066,0.9324,0.1882,0.0419,19.2616,4.98,0.0877,2.0902,0.0382,1.8844,15.4662,536.01,2.135,9.5601,0.3986,3.3635,0.1109,1.7836,18.6723,0.0159,3.2001,0.0169,0.0276,163.9998
-1.0,3011.27,2210.9778,1.0204,106.2089,1.5079,0.0031,-0.0105,196.2957,11.1795,416.1766,0.9812,187.0789,12.4867,1.4144,-3958.25,1197.25,1.2873,1.9703,7.2175,73.3778,1.6333,0.1223,83.8498,8.5889,64.1402,65.8399,86.9963,80.28,2.796,360.4027,131.8,731.6319,0.8978,136.8082,629.0109,97.671,4.65,4.873,2840.0,0.9296,0.0282,360.1564,10.5929,111.8282,14.3273,19.9718,25.8083,705.8236,142.6991,614.6836,98.0678,-0.0098,-0.0261,-0.0421,-0.0227,0.0511,-0.0061,-0.0115,7.3766,0.1351,0.9658,1868.3003,0.1902,8912.9799,0.0,0.0,0.0,0.0,0.4593,0.9457,778.4614,0.9911,58.7745,0.5879,0.9805,6.2047,15.59,3.796,15.56,15.61,1.068,0.6676,3.304,0.2838,0.7879,2.4201,996.0706,176.0,108.7,24.4,60.9001,198.292,0.2134,0.1724,0.0559,0.0393,0.0074,13.7836,4.183,11.913,0.0049,0.34,0.0457,684.0,17919.5,0.089,0.077,0.213,2.5,0.716,0.5217,0.1407,0.6303,0.3028,0.7434,0.962,0.1851,8.27,20.81,39.436,0.373,22.91,2.53,33.306,82.639,0.0623,0.0537,0.0348,0.0311,0.0264,0.0567,0.0899,0.0362,4.3918,0.0287,0.0102,104.4722,0.0391,848.2998,0.0099,0.0094,0.014,0.0297,83.2893,1.9241,0.0143,0.6039,0.0956,2.4849,39.9928,37.1039,7.263,0.0637,2.0324,0.056,1.4154,0.0822,0.0162,316.7339,305.1497,1586.9151,8994.62525,0.0448,0.0332,0.0908,0.7362,0.0356,0.2054,0.2166,0.0525,0.0908,6.7423,0.3118,9.745,0.0524,2.6497,6.7268,13.1199,0.1173,0.7255,1.449,10.5808,23.1907,0.0227,0.024,0.0152,0.013,0.0084,0.0266,0.0489,0.0173,1.71,0.0095,0.0044,40.8895,0.0109,284.293,0.0039,0.0102,28.1255,0.5614,0.0059,0.1977,0.034,6.006,0.8433,8.0236,3.6098,0.9849,2.7544,12.6102,20.9155,11.4329,37.4168,2.8625,0.4996,2.7229,3.2318,83.8502,0.0,6.914,3.9081,2.9512,3.407,79.5918,80.109,20.2846,0.6222,1.638,0.9827,0.1501,5.2025,7.959,4.2628,20.6169,6.045,3.3084,40.3764,5.7499,3.5212,8.1554,159.905,4.7187,11.982,84.2672,637.5731,162.7273,73.9156,116.3362,110.9589,0.0,316.1572,59.5374,1.7765,1.171,1.0535,5.5918,20.5422,0.0,31.7386,859.2593,3.0522,3.1411,10.6992,0.0932,3.2738,9.7332,3.9522,6.2714,79.362,17.39,1.02,7.8488,0.4927,17.8414,4.4252,1.2852,0.2909,0.057,30.0546,5.57,0.0698,2.1736,0.0282,2.2575,10.5826,530.8818,2.1238,9.19,0.1814,2.8996,0.0606,1.7311,8.539,0.0141,2.8294,0.0169,0.0276,163.9998
-1.0,3046.97,2151.6889,1.5018,102.6711,1.4955,0.0236,-0.004,199.3785,12.2391,406.903,0.9789,188.5308,12.502,1.4043,-5615.0,-2190.0,1.278,1.972,7.269,68.1444,2.7,0.2018,84.1896,8.8519,64.6928,66.1883,86.9473,77.44,3.182,348.9409,142.7727,735.8582,1.0028,141.5518,633.2655,128.4248,4.553,4.764,2866.0,0.9304,-2.1173,352.4973,10.2819,120.6555,12.2382,22.1173,27.0478,708.8104,147.8745,621.0273,110.1399,-0.0217,-0.008,-0.0048,-0.0048,0.0374,-0.0174,0.0161,7.8183,0.1298,0.9673,1807.5363,0.1557,8191.61,-0.1296,0.0837,0.0796,0.0356,0.4584,0.9506,689.2491,0.9904,57.979,0.6034,0.9686,6.3586,15.62,4.171,15.62,15.63,1.059,0.7377,3.313,0.1419,0.7697,2.4214,996.2322,122.0,186.9,164.5,61.3,225.62,0.1288,0.1613,0.062,0.0677,0.0108,5.684,9.565,13.551,0.0054,0.27,0.0341,1163.0,7924.0,0.277,0.122,0.223,4.9,0.407,0.5832,0.1511,0.5019,0.2235,0.6193,0.977,0.1291,4.92,16.07,30.682,1.305,19.06,10.6,25.971,90.178,0.0601,0.0768,0.0475,0.074,0.0905,0.0613,0.0931,0.0665,2.5692,0.0696,0.0062,107.9622,0.027,699.3999,0.0238,0.0311,0.0299,0.0275,58.192,3.3622,0.0228,0.4909,0.1,4.3062,31.8728,62.9864,55.2428,0.0468,2.2754,0.0492,2.8551,0.076,0.0127,487.2606,285.5568,2809.0415,3598.0297,0.12369999999999999,0.05,0.0963,1.5216,0.0408,0.1094,0.223,0.0652,0.0508,5.8922,0.243,6.9642,0.0345,1.8771,5.1913,9.5259,0.3671,3.0153,3.0709,9.0632,31.3717,0.021,0.032,0.0221,0.0311,0.0231,0.0334,0.0502,0.0286,0.9026,0.0226,0.0018,37.8736,0.0089,221.2652,0.0071,0.0083,19.6427,1.0157,0.0088,0.1685,0.0354,2.894,1.3697,5.5475,6.134,6.535,2.8489,18.8446,8.5739,10.7854,78.1512,3.3303,0.5554,2.1596,2.4304,109.9555,361.8265,23.078450000000004,6.1866,3.0678,7.1906,44.4444,55.5066,11.7948,0.6927,1.7066,0.7758,0.6795,5.6571,12.3343,3.0303,12.8695,3.4758,2.5376,23.891,7.2005,12.6922,17.537999999999997,155.7416,3.664,18.6398,81.8759,277.518,0.0,0.0,0.0,163.9037,534.2898,413.6858,32.862,2.1566,2.9272,0.6371,5.9729,17.35,975.6863,48.1283,453.3333,6.5145,2.8979,8.4428,0.1422,5.799,7.7196,4.1305,11.2384,74.094,20.79,1.11,9.5751,0.4379,69.38,5.0597,1.4981,0.1882,0.0419,19.2616,4.98,0.0877,2.0902,0.0382,1.8844,15.4662,531.2564,2.3999,11.93,0.261,4.0468,0.072,2.2456,10.8757,0.0164,3.3263,0.0169,0.0276,163.9998
-1.0,3017.65,2162.7556,0.8736,106.8744,1.3835,0.0042,-0.0087,198.289,11.0616,422.443,0.9786,188.5737,12.5286,1.398,-3563.75,1440.5,1.0197,1.8693,5.205,66.3778,3.0333,0.2142,85.4449,9.22,64.0559,66.94045000000003,86.7741,79.47,2.833,347.8173,143.4991,733.5418,1.0549,137.6473,628.9636,96.5431,4.56,4.8,2861.0,0.9297,-3.1518,349.7445,10.4319,120.3473,9.8518,23.1518,27.1912,706.3506,149.02,619.1118,110.9415,0.0177,-0.0341,-0.0272,0.0021,0.0228,-0.0149,0.0776,7.0777,0.1353,0.9862,1888.1251,0.2143,8946.56,0.0595,0.0567,0.0392,-0.0475,0.4217006157501573,0.9366,789.6447,0.9907,57.9328,0.5831,0.9631,6.4295,15.59,3.796,15.56,15.61,1.068,0.6676,3.304,0.2838,0.7879,2.4201,996.0706,151.0,80.5,57.2,72.4001,433.035,0.1392,0.1253,0.0376,0.0535,0.0047,5.5154,7.774,10.517,0.0069,0.24,0.0343,195.0,125.0,0.061,0.045,0.136,3.0,0.105,0.8473,0.092,0.6014,0.292,0.7889,0.72,0.30280000000000007,9.28,31.28,80.765,0.648,17.75,18.43,30.2,55.424,0.0549,0.0412,0.0262,0.0497,0.0454,0.0736,0.1108,0.05,5.4469,0.1002,0.002,149.5063,0.1,1133.8994,0.0176,0.013,0.05796804254438906,0.025,106.5901,3.5718,0.0414,0.3643,0.0956,2.4849,37.0503,30.6989,17.8733,0.041,2.943,0.05,2.5315,0.0566,0.0116,87.3971,95.3607,404.771,56.0149,0.0276,0.0195,0.0625,0.9094,0.0274,0.0386,0.3204,0.0326,0.0843,8.4508,0.1897,15.947600000000001,0.088,3.1231,8.573,25.9036,0.177,5.248349999999999,6.425799999999999,9.3399,20.7368,0.0171,0.0183,0.0124,0.0234,0.0124,0.0377,0.0558,0.0219,1.7578,0.0321,0.0007,55.2702,0.0348,299.5863,0.011584863284615407,0.0084,28.9851,1.052,0.0127,0.1201,0.034,6.006,0.8433,6.8212,2.6676,2.2496,3.3476,43.0119,15.9373,9.0566,70.2789,2.4896,0.7033,1.9156,2.4549,27.7517,8.6775,5.9819,2.4074,2.6129,4.5196,36.2637,35.4772,2.2423,0.9916,0.9978,0.9389,0.2984,8.281549999999998,17.3119,7.224600000000001,25.522399999999998,6.7419,4.9733,65.59535,7.3531,6.2117,17.537999999999997,180.1705,4.2755,15.619,49.9579,310.4984,169.8969,182.8887,0.0,322.807,744.8739,64.4538,76.9583,2.218,4.1878,0.199,7.9182,46.6435,0.0,14.1113,498.3607,11.347537186669182,2.6646,13.4985,0.1422,6.1654,5.6657,3.9522,6.2714,82.32,15.85,1.49,7.5504,0.7323,36.4197,3.8814,1.81,0.1031,0.0253,10.8294,8.59,0.1516,3.6096,0.0552,3.2648,19.9564,537.86,2.4783,5.77,0.3722,1.9771,0.121,1.0728,15.0173,0.009,1.8091,0.0169,0.0276,163.9998
-1.0,3001.36,2155.3111,1.2753,105.0478,1.4206,-0.0052,0.001,203.8512,12.7017,420.3021,0.9808,193.1802,12.4959,1.4068,-3768.5,-906.75,1.2525,1.9772,7.122,75.8111,1.9778,0.1518,83.6264,8.3006,64.2059,65.9546,86.6896,81.55,3.147,348.5055,139.5655,731.8693,0.9922,140.9136,628.9845,133.5118,4.553,4.764,2866.0,0.9304,-1.4173,349.5327,10.538,118.1482,9.699,21.4173,27.2716,704.5976,151.6045,619.2855,109.5533,-0.0028,-0.0326,-0.0281,0.0233,0.0146,-0.0196,0.0175,6.5941,0.1335,0.9881,1820.2068,0.1974,8795.69,0.0167,-0.0288,-0.0346,0.0567,0.4507877634510633,0.9405,672.3211,0.991,58.7063,0.5931,0.9649,6.4203,15.76,3.703,15.75,15.73,0.9271,0.6754,3.359,0.2838,0.8291,2.3805,1002.2324,140.0,74.7,50.1,68.8,325.699,0.1527,0.1077,0.0586,0.0642,0.014,9.697,9.135,6.746,0.0065,0.26,0.0526,1367.0,2405.0,0.157,0.104,0.113,2.3,0.447,0.7047,0.1135,0.5407,0.3051,0.8264,0.434,0.0643,7.05,17.63,16.231,0.344,15.61,16.77,30.262,114.391,0.0909,0.0714,0.0268,0.0582,0.0734,0.0706,0.0844,0.0667,3.0658,0.0306,0.002,91.2612,0.0414,625.9004,0.0155,0.0248,0.05910266963777011,0.0089,62.827,1.76,0.0307,0.4782,0.102,4.7882,36.7818,24.3172,18.5141,0.0562,1.7714,0.0416,2.5779,0.072,0.0223,589.2166,437.3439,89.7868,1375.0935,0.0662,0.0477,0.0533,0.7457,0.0426,0.1684,0.2747,0.0448,0.0997,5.4323,0.1082,7.0269,0.0173,2.3807,5.2191,4.5917,0.0891,4.6183,4.6793,9.7984,32.4391,0.0272,0.0302,0.0127,0.0254,0.0213,0.0357,0.0474,0.0306,1.172,0.0117,0.0007,28.6439,0.0129,254.2399,0.011266131991020192,0.0034,23.954,0.5209,0.0103,0.1585,0.0361,5.9201,1.2844,6.4646,2.4889,2.0111,3.1921,35.4708,11.9761,7.5813,71.9194,1.605,0.6593,2.0807,3.7398,5.546,265.233,12.5349,5.2598,1.5866,3.0339,96.0674,96.1933,13.3433,0.8427,1.367,0.8421,0.2629,5.8937,12.9187,2.9724,6.4841,5.0031,2.8029,12.157,7.2005,3.2644,17.537999999999997,160.9435,4.2949,13.0728,104.4159,0.0,173.5115,207.1174,314.7682,484.3911,430.0637,382.235,46.4922,1.6479,1.2556,0.2063,5.0138,20.956,0.0,25.2308,0.0,12.874498085075544,0.9507,9.3448,0.0798,2.998,7.4487,4.2859,13.0775,80.404,18.27,1.48,9.219,0.6837,72.1658,4.5893,1.8407,0.1931,0.0402,20.2987,6.49,0.1023,2.7033,0.0468,2.5951,15.2447,532.5973,2.3271,9.02,0.1828,3.1887,0.0581,1.6936,7.8563,0.0199,4.0318,0.0169,0.0276,163.9998
-1.0,2981.92,2151.6889,1.5018,102.6711,1.4898,0.02,-0.0153,198.2825,13.4507,423.9686,0.9805,188.7363,12.502,1.4083,-3546.25,-1247.0,1.3277,1.9985,7.4088,65.9444,2.2111,0.1801,85.0066,9.6938,64.2263,66.5811,87.0735,65.74,3.08,348.63,140.2436,732.9305,0.9795,139.5545,628.4282,130.1147,4.56,4.8,2861.0,0.9297,0.8536,349.7536,10.3525,121.0973,7.6522,19.1464,24.1465,708.7841,150.9118,621.7627,64.1472,-0.0127,-0.0184,-0.0397,0.0233,0.0669,-0.0126,0.0338,7.6427,0.1287,0.9912,1736.6114,0.1924,8559.29,-0.0819,0.0456,0.0039,-0.0707,0.4634,0.9569,724.8528,0.9905,57.8123,0.6023,0.9629,6.4546,15.76,3.703,15.75,15.73,0.9271,0.6754,3.359,0.2838,0.8291,2.3805,1002.2324,93.0,81.2,59.9,61.3,225.62,0.1288,0.1037,0.0886,0.0919,0.0091,9.7465,11.316,5.384,0.0048,0.27,0.0714,604.0,308.0,0.048,0.059,0.31,2.1,0.498,0.827,0.0479,0.5923,0.3178,0.8225,0.209,0.1018,5.8,16.85,27.671,0.576,17.31,14.37,32.724,97.002,0.1116,0.0197,0.0173,0.0206,0.0693,0.0405,0.0846,0.0861,4.3363,0.0466,0.002,73.2539,0.0365,606.9004,0.0146,0.0173,0.0534,0.0343,78.883,3.5479,0.0385,0.4201,0.102,4.7882,26.5175,24.1458,23.2854,0.0468,2.2754,0.0312,3.0273,0.076,0.0269,281.185,70.703,270.6835,217.7889,0.0199,0.0274,0.1267,0.6579,0.0344,0.1519,0.3004,0.019,0.0812,5.6452,0.0668,7.1994,0.0308,1.9889,5.247,8.561,0.1642,4.0999,4.6298,10.1496,28.8217,0.0301,0.0087,0.0075,0.0084,0.0211,0.0198,0.0458,0.0453,1.6794,0.014,0.0007,30.0215,0.0129,176.25,0.0127,0.0097,23.079,1.0734,0.0123,0.1466,0.0361,5.9201,1.2844,4.1264,2.7231,2.367,2.8489,18.8446,8.5739,6.9605,84.1293,1.2699,0.4919,2.1596,5.0686,16.3271,24.6993,3.6151,2.9522,4.1842,3.1845,40.7035,70.512,14.8204,0.9729,0.4941,0.9222,0.2626,5.318,13.3696,2.9449,10.3954,4.1561,2.6813,21.2666,7.3531,5.5638,17.537999999999997,226.2094,4.6169,33.1053,151.2179,876.5832,127.7147,51.8892,297.4249,60.5834,672.7634,254.3575,56.7372,2.0986,1.9178,0.2043,4.2182,18.9619,0.0,61.4439,979.5918,11.5216,3.5877,10.8826,0.1832,6.1369,6.5088,4.2859,13.0775,77.93,14.83,0.78,6.4278,0.3362,34.0301,3.6351,1.0009,0.7563,0.1946,72.9703,5.93,0.0506,2.1681,0.0238,2.3959,7.3699,535.9764,2.6756,8.53,0.3616,2.9955,0.1038,1.5915,13.5155,0.0145,2.8998,0.0169,0.0276,163.9998
-1.0,2931.7,2155.3111,1.2753,105.0478,1.4405,0.0019,0.0027,204.1994,4.4291,417.976,0.9792,194.6876,12.522,1.4291,-4594.6667,7084.9583,1.3135,1.9417,7.1238,73.3556,1.4111,0.0777,83.6264,8.3006,64.2059,65.9546,86.6896,81.55,3.147,353.2082,143.5118,743.3112,1.3165,144.6164,641.3364,225.9242,4.586,4.844,2864.0,0.9267,-0.1391,353.0673,10.3517,123.3727,12.1119,20.1391,26.0435,717.2676,152.7845,629.2245,128.6723,0.0063,0.0493,-0.0641,0.0083,0.0093,-0.0093,-0.0413,7.5143,0.1328,0.9683,1822.7265,0.2052,8882.0301,0.0055,-0.0632,-0.0831,0.03,0.4575907266839464,0.9397,700.3262,0.9907,58.6432,0.5924,0.9666,6.3619,15.76,3.703,15.75,15.73,0.9271,0.6754,3.359,0.2838,0.8291,2.3805,1002.2324,125.0,56.5,74.5,68.8,325.699,0.1527,0.1187,0.0428,0.0477,0.0129,8.0176,4.714,11.923,0.0061,0.25,0.0231,739.0,15930.0,0.077,0.097,0.159,3.2,0.536,0.7047,0.1135,0.5407,0.3051,0.8264,0.52,0.1883,8.2,20.56,32.307,0.296,19.5,4.34,33.608,17.08,0.0739,0.0252,0.12045,0.0382,0.0881,0.0987,0.0969,0.0393,4.8343,0.0421,0.0095,126.2572,0.028,522.8994,0.0365,0.033,0.024755998332680662,0.0198,42.5129,1.6776,0.0245,0.5507,0.102,4.7882,31.0114,19.3907,23.126,0.0562,1.7714,0.0416,1.6316,0.0715,0.0094,348.2713,562.8794,1526.6579,7451.5109,0.0348,0.0419,0.0742,0.9475,0.0367,0.1679,0.2747,0.0448,0.0997,5.3831,0.1464,10.6622,0.0505,2.3824,6.3839,9.4355,0.075,1.3145,1.6644,10.2779,5.0117,0.0241,0.0105,0.0539,0.0183,0.022,0.0519,0.0478,0.0189,1.6994,0.0152,0.0033,54.3035,0.009,227.5677,0.009532692036708142,0.007,16.2966,0.5755,0.0077,0.1909,0.0361,5.9201,1.2844,5.6381,1.9272,2.9956,3.1921,35.4708,11.9761,8.2405,106.4327,2.8526,0.6276,1.9965,1.6129,64.7925,177.3745,5.8622,4.9955,2.232,4.3623,106.2992,137.7682,15.4834,0.8427,1.367,0.8421,0.2629,4.8045,8.3547,4.721,14.2999,5.6702,3.2058,14.2999,5.5179,2.8594,9.0863,160.9994,4.6856,10.0327,13.274,0.0,74.2268,59.6176,0.0,0.0,0.0,95.2727,64.3353,3.1634,1.7322,0.98,6.9268,13.6339,0.0,37.7358,717.6471,6.301690822667622,2.1078,6.0704,0.1178,2.8606,8.6556,4.2859,13.0775,71.692,12.7,0.45,5.2407,0.182,16.5923,3.2086,0.6277,0.1579,0.0425,16.496,4.98,0.0877,2.0902,0.0382,1.8844,15.4662,536.6509,2.4087,5.86,0.3071,2.1212,0.0862,1.092,12.7505,0.0109,2.2081,0.0169,0.0276,163.9998
-1.0,3032.26,2145.4555,1.4534,103.7878,1.3602,-0.0153,0.0032,202.7506,5.6243,430.1018,0.9805,193.2133,12.5153,1.4253,-3988.0,-611.25,1.2575,2.035,7.1725,76.8556,2.0333,0.1271,83.6264,8.3006,64.2059,65.9546,86.6896,81.55,3.147,346.9154,144.0718,736.0664,0.976,139.1136,630.1009,131.9739,4.553,4.764,2866.0,0.9304,-1.9982,349.8136,10.36,122.0736,8.4327,21.9982,28.1555,707.9108,149.7809,621.6682,115.0649,0.0139,0.0577,-0.0309,-0.0049,0.0554,0.0038,0.0149,7.5738,0.1272,0.9895,1815.5561,0.1988,9805.11,-0.019,0.0019,0.0093,0.0091,0.4590577443613737,0.934,765.3155,0.9905,57.3568,0.5931,0.9663,6.4454,15.76,3.703,15.75,15.73,0.9271,0.6754,3.359,0.2838,0.8291,2.3805,1002.2324,152.0,131.7,108.4,87.1003,476.853,1.0612,0.0713,0.0609,0.0245,0.011,9.331,5.421,9.465,0.0052,0.24,0.052,2060.5,1414.0,0.064,0.181,0.295,1.5,0.628,0.7047,0.1135,0.5407,0.3051,0.8264,0.328,0.0729,4.94,14.33,22.286,0.813,15.16,11.04,23.722,59.841,0.0817,0.0829,0.0513,0.095,0.0756,0.0411,0.0625,0.052,3.9078,0.0557,0.0019,123.6598,0.0371,1417.7998,0.0098,0.0102,0.060636211251820116,0.0201,129.1138,4.1451,0.0341,0.4827,0.102,4.7882,39.0579,46.2511,40.3414,0.36060000000000003,2.9833,0.0237,1.3938,0.0659,0.0211,912.5788,208.3147,962.4455,725.6571,0.0292,0.0842,0.1236,0.5294,0.0558,0.2063,0.2747,0.0448,0.0997,5.2257,0.1216,7.2948,0.0217,1.3689,4.1472,7.3744,0.2321,2.8704,2.7416,8.6679,18.814,0.0235,0.0344,0.0248,0.0422,0.0216,0.0204,0.0346,0.0254,1.1182,0.0181,0.0007,39.6639,0.0125,461.7253,0.011604895033719118,0.0056,40.6524,1.2662,0.0101,0.1667,0.0361,5.9201,1.2844,7.0996,4.3433,4.4154,3.906427332733898,46.8855,64.9361,5.2417,96.3858,2.2006,0.5342,1.9177,3.6463,53.1093,231.3292,5.0895,8.8943,4.1129,1.9517,122.9508,138.4615,18.8105,0.8427,1.367,0.8421,0.2629,4.9061,11.6747,3.2569,7.4652,3.5511,2.2742,16.8867,7.2005,7.8475,17.537999999999997,179.7762,3.351,25.7507,52.0063,588.8288,217.5853,307.1948,0.0,74.2212,0.0,349.5798,51.5966,2.672,2.3416,0.1926,6.8111,18.6644,72.9549,59.97,0.0,14.115349106475776,2.1535,16.8707,0.1733,7.2268,7.4892,4.2859,13.0775,83.208,18.57,1.28,7.931,0.6114,113.9056,4.6088,1.5383,0.0928,0.0217,9.6113,4.98,0.0877,2.0902,0.0382,1.8844,15.4662,535.3036,2.3086,8.3,0.3541,2.7097,0.1137,1.5505,15.3404,0.0194,3.9109,0.0169,0.0276,163.9998
-1.0,2922.05,2155.3111,1.2753,105.0478,1.4372,-0.0113,-0.0075,203.698,6.0984,411.1503,0.9747,193.6455,12.5688,1.4119,-3951.75,1129.5,1.2738,2.023,7.2535,76.4222,2.0,0.1543,83.6264,8.3006,64.2059,65.9546,86.6896,81.55,3.147,354.5691,142.6727,742.9699,1.3329,145.0182,642.26,227.8094,4.586,4.844,2864.0,0.9267,0.5564,355.1291,10.311,123.2291,9.794,19.4436,22.8899,720.08,155.2718,633.63,171.74984999999998,-0.0036,-0.0401,-0.0611,-0.0037,0.0032,-0.031,-0.0287,7.9575,0.1336,0.9897,1782.0579,0.2056,9085.16,0.0782,0.0651,-0.0203,0.041,0.45172905826082066,0.971,703.9214,0.9908,57.7658,0.5899,0.9649,6.3922,15.76,3.703,15.75,15.73,0.9271,0.6754,3.359,0.2838,0.8291,2.3805,1002.2324,138.0,73.1,44.0,68.8,325.699,0.1527,0.1037,0.0599,0.05,0.0201,9.1482,4.77,9.979,0.0101,0.26,0.064,821.0,3640.0,0.208,0.161,0.144,1.2,0.431,0.7047,0.1135,0.5407,0.3051,0.8264,0.611,0.1689,3.53,21.4,41.248,0.412,11.24,5.73,32.204,69.873,0.0965,0.0585,0.0381,0.0046,0.0843,0.095,0.0863,0.0351,3.6765,0.0862,0.0014,127.7313,0.0794,1364.0,0.0114,0.0092,0.05765732604734586,0.006,183.4106,2.1083,0.0324,0.5815,0.102,4.7882,33.5026,23.375,14.1289,0.0562,1.7714,0.0337,1.4546,0.0652,0.0259,345.001,272.278,866.5615,1623.7603,0.1021,0.0669,0.0589,0.4381,0.0287,0.1388,0.2747,0.0448,0.0997,4.2563,0.1872,11.0172,0.0469,1.3266,6.4612,12.992,0.1102,1.4904,1.5524,9.9229,22.6997,0.0259,0.0295,0.0173,0.0022,0.0218,0.0491,0.0468,0.0156,1.3771,0.0278,0.0005,50.2701,0.0232,436.5997,0.014152683235457408,0.0019,52.4028,0.6861,0.0096,0.1995,0.0361,5.9201,1.2844,6.252,2.5017,1.752,3.1921,35.4708,11.9761,7.2155,78.2177,2.4271,1.0392,2.0686,4.5321,47.8269,322.2665,16.3297,7.9585,1.9852,1.5702,95.0,58.3153,12.3724,0.8427,1.367,0.8421,0.2629,3.1757,9.7776,4.684,12.6696,2.4342,3.332,18.1064,5.5179,3.9957,9.1618,114.7643,4.4723,7.355,30.1941,0.0,182.1012,7.5317,0.0,0.0,278.6118,122.2997,46.2024,3.2196,3.5326,0.1425,7.1676,38.6162,514.6853,43.1206,674.2857,12.087886360614286,0.6179,26.0556,0.0902,3.6497,9.0976,4.2859,13.0775,77.23818857336403,17.271877390448427,1.2677269593475193,8.113389846786006,0.5530841677513256,41.7292711131142,4.279583306554358,1.636291768994351,0.2923,0.0609,29.6822,8.4,0.0802,3.3795,0.0361,3.2236,10.1735,533.9909,2.2169,8.91,0.3058,3.027,0.1087,1.6686,13.7963,0.0167,3.3422,0.0386,0.0074,19.0852
-1.0,2939.4,2210.9778,1.0204,106.2089,1.4754,0.0089,-0.0046,197.8559,13.1792,419.7653,0.9744,188.6459,12.5731,1.428,-4368.25,1276.0,0.9825,1.8913,5.1792,71.2889,2.2889,0.167,84.7188,8.7073,64.6813,66.1561,86.7952,77.76,2.475,358.8009,127.7627,725.7008,0.9302,139.8445,626.4082,101.195,4.65,4.873,2840.0,0.9296,-0.2418,357.3327,10.8002,107.5209,17.2755,20.2418,24.7587,700.9421,144.2791,609.1327,102.7925,-0.0115,0.0537,-0.0367,-0.016,0.0215,-0.0095,0.0026,6.5739,0.1332,0.9861,1873.7985,0.2091,8806.12,0.0,0.0,0.0,0.0,0.4641,0.9458,753.2087,0.9905,60.0756,0.6053,0.9812,6.1882,15.62,4.171,15.62,15.63,1.059,0.7377,3.313,0.1419,0.7697,2.4214,996.2322,83.0,70.3,40.3,60.9001,198.292,0.2134,0.0789,0.0564,0.0312,0.0188,13.4482,8.255,12.216,0.0114,0.3,0.0418,542.0,117.0,0.123,0.087,0.076,3.1,0.253,0.5139,0.1298,0.5868,0.2517,0.6009,0.88,0.1963,9.91,28.84,18.995,0.468,19.1,6.48,29.126,66.28,0.0601,0.0642,0.0829,0.0415,0.0285,0.0864,0.1319,0.0349,7.2824,0.0695,0.005,141.502,0.1059,768.5,0.0147,0.0165,0.0316,0.0098,102.539,4.5587,0.0304,0.6254,0.1,4.3062,23.1129,23.6856,15.0783,0.0637,2.0324,0.0243,2.2356,0.0778,0.0143,229.2762,244.8106,1494.8742,63.7024,0.051,0.0365,0.0345,1.0529,0.0441,0.0763,0.1883,0.0498,0.0688,8.1605,0.2833,9.2417,0.056,2.9257,8.0368,6.2499,0.1419,1.7891,2.2555,9.3055,23.9142,0.0193,0.0275,0.0408,0.0173,0.0079,0.0445,0.0713,0.0158,2.4517,0.0222,0.0019,42.3312,0.0312,216.9298,0.0083,0.003,28.0441,1.3227,0.0106,0.2006,0.0354,2.894,1.3697,3.8154,2.3916,1.6091,2.7544,12.6102,20.9155,5.3476,62.6367,2.9102,1.1737,2.3861,2.9264,76.1861,9.1693,12.5191,4.6001,1.4674,4.3485,48.0583,76.0479,5.4226,0.6066,1.4902,0.9072,0.6795,8.281549999999998,5.8468,3.9684,21.0977,7.0864,4.604,18.7707,5.7499,4.3333,7.9054,110.5615,4.1553,7.4737,64.4794,522.0413,148.6972,112.9252,178.6134,400.9281,0.0,0.0,107.56075,1.3516,2.8899,0.5035,7.5516,50.6227,0.0,57.7947,0.0,6.8193,1.0382,13.6136,0.1592,7.5883,10.1059,4.1305,11.2384,79.454,18.77,1.33,8.7336,0.5359,31.3912,4.5867,1.6739,0.2909,0.057,30.0546,5.26,0.0813,2.0872,0.0293,2.0234,11.1348,536.01,2.135,9.5601,0.3986,3.3635,0.1109,1.7836,18.6723,0.0086,1.7181,0.0212,0.0109,51.5472
-1.0,3097.14,2155.3111,1.2753,105.0478,1.4714,0.0065,0.0147,197.8332,4.4443,419.969,0.9808,187.8893,12.5169,1.4116,-1363.875,-1393.25,1.2945,1.9892,7.273,73.3333,2.2111,0.1562,85.4656,8.5407,64.2771,65.9873,86.8223,80.93,3.674,349.9091,143.1682,737.5547,1.3048,140.59,633.6673,213.4719,4.55,4.806,2864.0,0.9308,-1.7136,349.4336,10.3966,121.4545,13.4637,21.7136,28.7752,708.7796,149.3155,620.2036,108.6619,0.0022,-0.0218,-0.0053,-0.0173,0.0005,-0.0341,0.0024,6.7103,0.1415,0.9869,1755.0772,0.1998,8256.0699,-0.061,-0.0316,0.0731,0.0975,0.44660044951218114,0.9251,675.9991,0.9909,57.2871,0.5955,0.9631,6.4501,15.52,3.797,15.49,15.51,1.021,0.678,3.247,0.0,0.7488,2.4284,987.9054,77.0,142.1,100.1,68.8,325.699,0.1527,0.0904,0.0588,0.0313,0.0111,13.3736,5.017,19.45,0.0055,0.24,0.0793,2060.5,2824.0,0.151,0.106,0.094,2.7,0.357,0.3745,0.1348,0.6187,0.3023,0.7682,0.584,0.1278,5.69,13.16,51.785,0.571,15.46,11.67,27.037,79.399,0.0772,0.0274,0.0557,0.0605,0.1123,0.1022,0.1406,0.0493,4.0732,0.0305,0.0021,78.5955,0.0393,533.7998,0.0163,0.0133,0.0618067802104052,0.0135,48.0087,2.6114,0.0367,0.6042,0.1001,4.3066,21.7578,40.6742,26.9371,0.0562,1.7714,0.0302,1.7246,0.0675,0.0264,912.5788,229.7578,4751.7953,1421.5736,0.07,0.0441,0.0422,0.8139,0.0392,0.1283,0.1597,0.0562,0.1018,5.5502,0.1514,6.964,0.0361,1.7166,4.6094,18.408,0.1472,3.2734,4.0725,9.3964,26.8692,0.0228,0.0125,0.0231,0.0285,0.028,0.0499,0.0683,0.0229,1.4206,0.0111,0.0007,24.088,0.0146,173.9068,0.01110182821366781,0.004,16.9252,0.8312,0.0115,0.1994,0.0353,7.4085,1.3999,3.4617,4.5881,4.0641,3.1921,35.4708,11.9761,6.1438,112.8869,4.6313,0.5645,1.9174,5.62,0.0,202.6915,11.6647,5.3286,1.2925,3.6818,58.794,69.7724,10.5255,0.4382,1.5781,0.9626,0.2217,5.0928,11.8322,3.1329,9.7955,4.0472,2.0768,24.2585,7.0907,5.4922,17.537999999999997,114.8276,3.8146,13.4306,73.0698,0.0,98.4726,0.0,648.1962,0.0,412.3167,0.0,60.7003,2.5444,1.2571,0.2117,4.4782,19.6843,378.6477,103.2609,0.0,12.005877458050142,1.4566,7.1019,0.1242,4.5584,9.367,4.1223,10.5391,75.85677013306834,16.7084081793753,1.2379724898581637,7.629048916081559,0.5090606661933637,56.02563835661487,4.15775809143042,1.6192466961936316,0.1931,0.0402,20.2987,4.98,0.0877,2.0902,0.0382,1.8844,15.4662,531.2564,2.3999,11.93,0.261,4.0468,0.072,2.2456,10.8757,0.0119,2.4108,0.0212,0.0109,51.5472
-1.0,2976.91,2117.5889,1.433,106.4944,1.5245,-0.0076,-0.005,198.5418,3.5749,407.4699,0.9716,188.791,12.5347,1.4166,-4688.5,1475.0,1.3315,2.0265,7.3702,71.4444,1.0333,0.099,84.5303,8.2638,64.3628,65.9266,86.7056,80.91,3.009,350.1364,127.4409,716.165,1.3819,144.0045,621.5818,194.1163,4.575,4.815,2855.0,0.9353,-1.3073,349.2255,10.7247,106.1336,18.8245,21.3073,28.2203,687.9447,147.3982,602.7573,107.8753,-0.0109,0.08445,0.0038,-0.0298,-0.0202,0.0009,0.0145,7.8932,0.131,0.9861,1873.7985,0.2129,8500.77,0.054,-0.0205,0.1448,0.1868,0.4411830892288646,0.9401,737.6567,0.9908,58.5029,0.6042,0.9805,6.323,15.52,3.797,15.49,15.51,1.021,0.678,3.247,0.0,0.7488,2.4284,987.9054,83.0,129.4,188.6,58.4001,185.99,0.1528,0.0736,0.0506,0.0548,0.022,12.3876,7.511,17.104,0.0117,0.41,0.0445,1837.0,16691.0,0.088,0.118,0.255,5.4,0.551,0.8221,0.0817,0.5653,0.2393,0.8722,0.244,0.1624,5.64,16.23,42.089,0.21,16.04,8.67,27.977,70.814,0.0688,0.0403,0.12045,0.069,0.0793,0.0869,0.0724,0.0737,3.1347,0.0966,0.005,141.502,0.0766,1199.2998,0.025,0.0215,0.051327733626824246,0.0177,130.3068,1.1245,0.0239,0.4137,0.1001,4.3066,23.1129,47.1099,57.4308,0.0564,1.8271,0.026,2.3889,0.0844,0.0146,867.3963,201.1622,1808.6464,8406.9638,0.0416,0.0553,0.1176,1.7003,0.0855,0.1969,0.3049,0.0379,0.1002,6.2418,0.0798,6.4248,0.0427,1.7252,4.6423,14.4449,0.0551,2.7031,3.111,8.64,21.3607,0.0254,0.0177,0.055099999999999996,0.0284,0.0234,0.0446,0.0347,0.0331,1.0827,0.0314,0.0019,42.3312,0.0202,429.1791,0.01134140478865919,0.0063,44.7703,0.3918,0.009,0.1298,0.0353,7.4085,1.3999,3.8154,4.3468,7.2999,2.7579,20.8019,10.6665,4.8278,164.29784999999998,4.1976,1.2046,3.2709,3.1434,79.9616,0.0,6.6091,5.8228,3.4599,7.862050000000002,127.49480000000001,159.51774999999998,16.1615,0.9726,0.989,0.8783,0.1429,5.3122,6.3166,3.0434,11.7529,3.9165,2.6111,21.6824,4.9212,1.9581,4.8806,85.2081,4.0667,10.6164,65.6443,629.0286,103.599,0.0,266.1632,429.1358,0.0,509.1537,39.7136,3.2067,4.1444,0.5035,7.5516,35.9872,144.4771,57.8313,0.0,8.918218997797702,1.8833,17.665,0.0839,1.9222,6.5424,4.1223,10.5391,80.162,19.32,1.07,8.7342,0.4376,99.4527,4.7643,1.3348,0.8481,0.1946,67.3027,4.98,0.0877,2.0902,0.0382,1.8844,15.4662,536.6882,2.1806,6.58,0.2566,2.3367,0.0884,1.226,11.768,0.0151,3.0428,0.0212,0.0109,51.5472
-1.0,3003.96,2155.3111,1.2753,105.0478,1.4434,-0.0183,-0.0101,204.0408,6.2891,416.5679,0.9795,194.348,12.4982,1.4212,-3308.5,-97.25,1.3078,1.959,7.1877,74.2889,2.0444,0.1627,83.779,8.3006,64.3058,65.9432,86.6256,80.55,3.287,350.37,126.0836,714.0863,1.4265,147.9855,624.4391,196.8739,4.563,4.801,2856.0,0.9344,0.8827,348.5527,10.7679,106.9664,20.7427,19.1173,26.0194,688.0669,148.1773,603.6964,100.815,0.0059,-0.0171,-0.0094,-0.0199,-0.0089,-0.0115,0.0336,6.7829,0.1448,0.9813,1837.9621,0.206,9629.6601,-0.0365,0.0186,-0.0234,-0.0182,0.43643211979105523,0.9648,840.1645,0.9911,58.9739,0.5935,0.9634,6.3438,15.76,3.703,15.75,15.73,0.9271,0.6754,3.359,0.2838,0.8291,2.3805,1002.2324,83.0,129.0,111.8,68.8,325.699,0.1527,0.1201,0.0667,0.0423,0.0126,8.0854,6.794,13.34,0.0058,0.54,0.0282,690.0,2433.0,0.131,0.077,0.118,2.1,0.566,0.6837,0.1092,0.7023,0.4315,0.8577,0.35,0.2041,4.1,12.01,63.323,0.222,13.07,6.52,24.65,52.838,0.1347,0.0146,0.0301,0.0877,0.1251,0.1014,0.1096,0.0768,6.8076,0.1196,0.013699999999999999,146.9264,0.0436,911.0,0.0095,0.0168,0.05024655404194314,0.0036,71.6711,2.2567,0.0178,0.4442,0.102,4.7882,24.4938,43.1561,34.3654,0.0562,1.7714,0.0428,1.7945,0.0886,0.0087,320.0473,562.8794,102.6401,1119.2165,0.0561,0.0331,0.0521,0.7785,0.0612,0.2096,0.2618,0.0475,0.1288,5.4597,0.0981,6.2969,0.0666,1.3142,3.6058,17.5057,0.0689,2.0596,2.4324,7.9575,16.1901,0.0378,0.0061,0.0128,0.0415,0.0359,0.0495,0.0564,0.0408,2.4007,0.0354,0.0046,46.5318,0.0121,329.6009,0.014266837457716357,0.0013,24.152,0.5979,0.0063,0.1471,0.0361,5.9201,1.2844,3.6503,4.2943,4.3661,3.1921,35.4708,11.9761,8.3208,108.0283,3.2024,0.5882,4.3206,1.9871,7.3447,0.0,10.0172,3.9306,1.6417,2.8268,112.5,109.4262,16.793,0.8161,1.3158,1.0921,0.1712,5.1688,5.6867,3.1373,14.3064,2.7705,1.9233,32.1642,4.2375,2.0617,5.3942,63.01,3.5825,7.7982,52.4109,0.0,72.2772,764.9995,627.0677,0.0,950.9761,228.2318,100.3638,1.0362,5.0386,1.3944999999999999,7.994,21.1449,176.4938,87.7583,0.0,12.290526029194464,0.3693,8.5306,0.0911,3.8265,7.0028,4.2859,13.0775,75.91565595568441,17.177099820193707,1.2437018251749807,7.994393701922323,0.506597331490408,58.384591830259275,4.2368309629242065,1.6328824388578667,0.0928,0.0217,9.6113,7.2,0.0994,2.7568,0.0375,2.8978,11.1439,534.15,2.3534,8.42,0.3606,2.9357,0.1164,1.5763,15.3241,0.0176,3.5311,0.0212,0.0109,51.5472
-1.0,2961.73,2146.9111,1.5377,104.3711,1.4801,-0.0301,-0.0123,202.7108,12.3975,425.9949,0.9707,193.047,12.5163,1.4149,-1363.875,4284.25,1.3323,1.9775,7.3462,67.4778,1.3444,0.1092,85.8807,9.754,63.9959,66.5687,87.1954,65.11,3.462,357.0136,124.7473,721.5274,1.0792,143.1882,624.9491,130.9548,4.64,4.87,2841.0,0.9307,3.2655,356.8355,10.813,108.0127,15.3527,16.7345,21.4549,700.0725,144.7482,609.5964,82.2631,0.0003,0.0152,0.0285,-0.0213,0.0279,-0.0169,0.0067,7.0709,0.1256,0.9796,1863.6721,0.1975,8858.0802,0.068,-0.0484,-0.0197,0.0127,0.49403292283322847,0.9404,700.5112,0.9915,58.391,0.592,0.9704,6.3029,15.59,3.796,15.56,15.61,1.068,0.6676,3.304,0.2838,0.7879,2.4201,996.0706,130.0,105.1,177.6,52.7998,864.301,1.0612,0.05,0.0996,0.0453,0.0219,6.4402,5.003,8.403,0.0109,0.34,0.0821,2060.5,17919.5,0.155,0.137,0.289,2.9,0.285,0.4955,0.0807,0.5871,0.3767,0.9365,0.28,0.1022,7.72,19.79,20.612,0.413,17.78,2.16,30.591,33.303,0.0609,0.0211,0.0371,0.0231,0.0603,0.095,0.0779,0.0505,4.4633,0.0634,0.0058,65.1812,0.0296,1368.7002,0.013,0.01,0.03502952223385786,0.0217,135.5337,3.3326,0.0389,0.569,0.0956,2.4849,33.2167,34.3249,53.2161,0.36060000000000003,3.0436,0.0192,1.5256,0.0937,0.0293,912.5788,562.8794,5823.189049999999,8994.62525,0.0678,0.0661,0.1306,0.8927,0.0521,0.1021,0.2118,0.0379,0.1003,6.0589,0.0913,10.0129,0.0303,2.3941,6.2538,5.3272,0.1229,0.698,0.9949,9.8476,9.9763,0.0145,0.0097,0.017,0.0098,0.0199,0.0497,0.0419,0.0215,1.903,0.0183,0.0021,26.8778,0.0102,475.6984,0.006060927861955077,0.0077,47.3935,0.9325,0.0115,0.1855,0.034,6.006,0.8433,5.798,3.5486,7.4989,2.4593,77.0342,64.9361,3.3781,40.3551,1.9726,1.1178,2.7165,5.8047,0.0,476.5828,11.6345,6.9279,3.934,4.2977,96.6942,132.7569,8.0473,0.577,0.8274,0.9174,0.1407,5.1511,8.1204,4.3667,9.4685,5.3915,3.1667,15.7398,5.7142,3.8195,8.4157,115.8101,4.3697,6.72,40.4835,0.0,53.0818,81.0526,283.348,340.5018,462.3145,748.1481,63.1226,1.7514,2.714,0.5902,3.4975,14.9953,200.7528,118.77044999999998,815.3846,6.893999507434326,2.3052,19.3478,0.0954,5.7074,9.0278,3.9522,6.2714,82.068,16.91,2.15,7.8705,0.88615,74.3094,4.2622,2.6198,0.1195,0.0279,12.6939,3.79,0.1696,1.345,0.0673,1.4337,23.7558,533.2545,2.3218,7.0699,0.3747,2.2791,0.1121,1.3258,16.1391,0.0128,2.5526,0.0212,0.0109,51.5472
-1.0,3005.04,2136.4111,0.7809,106.6633,1.5106,0.0072,-0.0022,198.7724,4.4555,410.863,0.9813,188.0117,12.502,1.3873,-5154.5,-783.3333,1.2813,1.974,7.303,72.3778,2.2,0.1681,85.0449,8.5003,64.4113,65.8981,87.1866,79.53,4.022,349.7591,143.1855,737.7253,1.3358,140.9582,633.9027,213.8514,4.55,4.806,2864.0,0.9308,1.0673,349.6755,10.3272,124.2527,12.6082,18.9327,26.3681,711.3572,147.3664,621.2945,91.6566,0.0062,0.0354,-0.0013,-0.009,0.0122,-0.0226,0.0014,8.4038,0.1348,0.9681,1843.4549,0.2004,8430.06,-0.0824,0.0149,0.04,-0.0826,0.4510621816957522,0.9571,730.2316,0.9912,56.6221,0.5901,0.9793,6.3011,15.76,3.703,15.75,15.73,0.9271,0.6754,3.359,0.2838,0.8291,2.3805,1002.2324,131.0,97.9,77.5,50.7,315.0421,0.1658,0.1152,0.05,0.0512,0.0066,5.6476,4.612,13.926,0.0056,0.27,0.0663,410.0,1991.0,0.122,0.057,0.35,2.0,0.441,0.7346,0.0901,0.4808,0.2104,0.8148,0.43,0.1024,6.41,14.96,92.187,0.226,15.12,16.78,27.365,88.778,0.0669,0.0335,0.12045,0.058,0.0824,0.0956,0.0857,0.0614,5.5475,0.031,0.0106,93.9828,0.0188,1419.5,0.0155,0.013,0.05617922869769493,0.024,148.5938,3.3807,0.0313,0.6383,0.102,4.7882,30.0527,34.3525,26.6882,0.0632,2.7721,0.0473,1.4777,0.076,0.0213,194.548,128.3381,5823.189049999999,999.5921,0.0569,0.0237,0.1597,0.7172,0.0562,0.1494,0.282,0.0378,0.0849,5.4158,0.1221,7.1224,0.0336,1.9725,5.0967,28.3701,0.076,4.5906,5.0154,9.41,23.7184,0.0169,0.0148,0.055099999999999996,0.0282,0.0191,0.0526,0.0373,0.0278,1.7375,0.0104,0.0036,32.6672,0.006,482.6308,0.01280197430464575,0.0083,55.0473,1.0039,0.0101,0.2004,0.0361,5.9201,1.2844,5.9659,3.2579,3.1871,2.3731,26.8675,21.2297,7.626,103.5136,3.3894,0.5657,2.1596,4.7819,298.58439999999996,254.1702,9.522,2.8875,4.7926,2.7633,68.1818,118.9689,13.0456,0.8638,1.0594,0.7465,0.1522,5.2407,9.994,3.1403,7.6634,4.5475,2.36,43.108,7.0907,2.1884,17.537999999999997,119.9225,3.8469,20.6277,96.8593,0.0,618.59025,0.0,917.4669,785.2156,380.0443,0.0,66.0121,3.1889,1.2776,1.09,5.0982,9.3711,506.0827,52.5469,0.0,11.080288213853743,2.508,20.3489,0.1998,5.9707,10.1297,4.2859,13.0775,72.48,15.89,0.94,7.7371,0.4005,64.0111,3.9136,1.2969,0.1882,0.0419,19.2616,8.19,0.07,3.1519,0.0297,3.293,10.632,531.2564,2.3999,11.93,0.261,4.0468,0.072,2.2456,10.8757,0.0118,2.3727,0.0212,0.0109,51.5472
-1.0,3028.21,2245.3667,1.5424,102.4089,1.5849,-0.0076,-0.0069,203.1528,11.9713,416.3397,0.9723,193.4426,12.3639,1.4065,-5052.25,7029.0,1.2845,1.9623,7.2645,73.1222,1.6778,0.1269,83.8498,8.5889,64.1402,65.8399,86.9963,80.28,2.796,350.3282,131.87,721.9808,0.9355,144.1927,626.3909,141.9865,4.588,4.82,2851.0,0.9348,-0.1773,351.5618,10.5755,111.6927,14.3073,20.1773,25.8412,696.1396,148.8291,612.0836,93.6233,-0.0381,-0.01,-0.0187,-0.001,0.0348,-0.0143,-0.0027,7.2117,0.1388,0.9877,1829.7017,0.221,8806.5701,0.0,0.0,0.0,0.0,0.4834,0.9627,767.6853,0.9908,58.8432,0.5887,0.9675,6.3896,15.62,4.171,15.62,15.63,1.059,0.7377,3.313,0.1419,0.7697,2.4214,996.2322,150.0,129.7,90.5,40.0,292.3319,0.387,0.1243,0.0722,0.0539,0.0201,6.4062,6.241,9.474,0.0103,0.27,0.0663,425.0,3916.0,0.101,0.105,0.192,2.4,0.488,0.5217,0.1407,0.6303,0.3028,0.7434,0.465,0.0617,5.83,14.14,25.603,0.215,18.2,7.46,27.899,49.712,0.0437,0.0697,0.0269,0.1032,0.0627,0.082,0.0884,0.0536,4.1796,0.0425,0.0016,110.756,0.1254,852.7998,0.0138,0.0153,0.120188138292432,0.0103,92.5898,3.0621,0.022,0.4689,0.1,4.3062,33.7743,42.492,34.3472,0.1291,1.552,0.0389,1.9651,0.0833,0.0245,203.5704,270.4071,1619.7167,2769.0302,0.0428,0.0444,0.0836,0.7345,0.0569,0.1623,0.2166,0.0525,0.0908,5.6363,0.1328,6.6697,0.0218,1.7163,3.8671,6.1049,0.0689,2.358,2.7461,8.6315,15.725,0.0131,0.0302,0.013,0.0514,0.0162,0.0425,0.0472,0.0239,1.2719,0.0153,0.0005,36.4519,0.0374,279.9081,0.02801905827358544,0.0036,29.3465,0.7708,0.0076,0.1637,0.0354,2.894,1.3697,6.6442,4.2831,3.5784,1.7814,22.2166,25.0895,7.8428,52.1331,2.2755,1.0562,2.1838,4.716,73.5712,55.7121,7.863,5.351,2.643,3.2822,107.2848,141.8564,14.0751,0.6222,1.638,0.9827,0.1501,5.5662,5.4827,3.1574,6.5907,4.0432,2.2574,18.032,4.4504,2.033,4.2886,127.2083,4.0077,14.57,53.0979,114.7546,150.54,550.4,0.0,235.2941,616.0279,0.0,57.9564,2.0475,1.7473,0.1633,6.0532,63.31987047269746,774.6835,31.5789,0.0,26.600115265074077,1.0678,12.0609,0.0713,5.2038,7.3386,4.1305,11.2384,81.348,15.4,1.89,7.7207,0.7886,62.0454,3.8862,2.3234,0.3472,0.0666,35.7939,11.48,0.1749,4.532500000000001,0.0671,4.3725,24.3542,535.5664,1.9829,7.02,0.1694,2.5787,0.0549,1.3108,8.5456,0.0146,2.8953,0.0212,0.0109,51.5472
-1.0,3086.08,2190.1555,1.3947,105.7411,1.4346,0.0051,0.0084,203.419,5.995,428.1896,0.9795,193.8434,12.522,1.4057,-3446.0,578.25,1.2525,1.9922,7.1935,75.0,2.1778,0.1541,83.6264,8.3006,64.2059,65.9546,86.6896,81.55,3.147,349.1582,129.0264,717.6098,1.3478,147.88,626.0645,190.429,4.547,4.826,2860.0,0.9339,3.0791,348.5218,10.594,112.1055,18.0672,16.9209,23.9437,693.6661,147.37,607.9973,98.45,-0.011,-0.032,-0.0741,0.0188,0.0526,-0.0122,-0.0255,7.6032,0.1336,0.9877,1808.6103,0.192,8742.9701,-0.0347,-0.0158,-0.0139,-0.0113,0.4559,0.9437,671.1313,0.9916,57.3599,0.5942,0.9781,6.3385,15.78,4.666,15.83,15.78,1.144,0.788,3.215,0.0473,0.8216,2.3207,1007.2267,138.0,163.8,98.2,53.6001,330.196,0.5703,0.0574,0.0627,0.0518,0.0134,9.1527,9.498,11.637,0.0059,0.25,0.0527,634.0,852.0,0.059,0.09,0.199,2.0,0.368,0.7047,0.1135,0.5407,0.3051,0.8264,0.19,0.1585,5.35,11.37,79.563,0.246,11.6,6.92,23.246,77.969,0.088,0.0691,0.0438,0.0317,0.0946,0.0457,0.0985,0.0382,3.2297,0.0329,0.0012,137.5465,0.0334,1266.4004,0.0132,0.0181,0.0191,0.0186,124.1613,2.1225,0.0298,0.5381,0.0864,4.1829,33.5026,55.98,38.6811,0.2434,2.3103,0.0207,2.8024,0.0715,0.0182,304.4722,212.7916,343.3269,355.4522,0.0262,0.0426,0.0883,0.6225,0.0579,0.1188,0.2747,0.0448,0.0997,5.8868,0.0622,6.1341,0.0549,1.6981,3.2407,24.1553,0.0815,2.0692,2.7538,7.5634,23.0882,0.0295,0.0308,0.02,0.0138,0.0312,0.0222,0.0516,0.0172,1.0574,0.0119,0.0004,57.6533,0.0102,352.0611,0.0048,0.006,38.9113,0.7412,0.0119,0.1682,0.0289,3.8469,1.3047,6.252,5.3077,4.065,2.4473,25.4228,40.8872,4.0011,158.432,2.7177,0.6009,1.9965,3.7491,22.8091,147.3411,4.7106,4.5175,2.7664,2.6667,91.8367,101.2257,10.7268,0.8427,1.367,0.8421,0.2629,5.5619,7.4481,3.0262,11.7628,3.6178,1.8161,41.7809,3.8129,2.3221,3.3629,64.2046,3.3512,19.2109,79.1966,797.7337,567.5565,42.78,503.1915,86.8821,807.377,149.6572,42.4786,3.2196,1.3361,0.1237,7.6051,17.4011,0.0,35.1931,0.0,4.1967,1.9744,18.5003,0.1159,3.7003,8.4898,3.7232,10.6182,80.332,16.54,1.34,6.9422,0.631,14.011,4.1324,1.6681,0.6475,0.132,65.7472,6.84,0.1495,2.5356,0.0636,2.745,22.2655,536.6509,2.4087,5.86,0.3071,2.1212,0.0862,1.092,12.7505,0.0181,3.6537,0.0262,0.0121,46.1016
-1.0,2962.28,2127.9555,1.0863,107.1522,1.4432,0.0085,-0.0151,199.4472,4.0385,410.6022,0.9753,188.731,12.5084,1.4283,-3457.6667,-2015.0,1.3253,1.97,7.2825,75.2222,1.9556,0.1482,83.6583,8.5596,64.4017,66.0405,86.7827,79.71,2.849,351.6036,129.8509,721.3287,1.3847,149.0991,630.5536,208.2926,4.6,4.81,2855.0,0.9332,3.6664,350.2273,10.4494,113.5173,15.2009,16.3336,23.9136,697.4151,151.6082,615.3527,68.7923,0.0074,0.0191,0.0096,-0.0109,0.0033,-0.0476,-0.0055,7.3451,0.1448,0.9891,1812.2497,0.199,8802.71,-0.0535,0.0046,0.0155,-0.0431,0.4584,0.9514,739.1452,0.9915,56.5094,0.5938,0.9649,6.4416,15.78,4.666,15.83,15.78,1.144,0.788,3.215,0.0473,0.8216,2.3207,1007.2267,117.0,90.4,66.3,54.7,917.098,0.6141,0.0601,0.0537,0.0469,0.0176,8.3077,7.921,18.315,0.0085,0.3,0.0493,2060.5,6464.0,0.212,0.192,0.246,1.7,0.348,0.5693,0.0988,0.4025,0.2275,0.6599,0.497,0.1369,8.23,11.09,43.809,0.264,13.72,6.54,28.523,90.738,0.0758,0.10470000000000002,0.0742,0.0235,0.0782,0.0515,0.0595,0.0443,4.0982,0.0288,0.0014,128.1179,0.0378,1145.5996,0.013,0.0143,0.0144,0.0143,121.715,3.5308,0.0323,0.4791,0.0864,4.1829,31.0658,28.5144,21.2366,0.2046,2.1101,0.0193,2.3965,0.0774,0.0145,912.5788,302.4449,127.1233,2977.6962,0.0869,0.08,0.1168,0.5608,0.035,0.1365,0.2215,0.0388,0.1422,5.2999,0.1532,6.108,0.0346,2.5256,3.3583,10.9876,0.0874,2.2194,3.4895,8.7606,30.2725,0.0246,0.045,0.0314,0.0099,0.0241,0.0222,0.0245,0.025,1.4316,0.0116,0.0005,43.3283,0.0127,320.4249,0.0045,0.0041,34.6353,1.0356,0.0098,0.1677,0.0289,3.8469,1.3047,5.3068,3.0517,2.7036,2.5705,77.0342,56.5322,4.1644,164.29784999999998,4.4605,0.871,2.3984,3.4543,7.2014,320.794,15.997,9.7462,3.378,2.26,61.3636,76.9115,10.4348,0.6805,1.1541,0.625,0.098,4.7127,5.6757,2.9805,9.8856,5.5198,1.7588,21.0324,4.8438,2.5265,4.4575,90.2578,4.0898,47.129650000000005,131.9014,0.0,0.0,243.5233,715.7895,0.0,124.9344,809.1324,55.7953,1.0362,1.2143,0.1416,7.0696,19.0069,0.0,65.7224,0.0,3.1366,1.5003,16.467,0.24,6.2482,7.4371,3.7232,10.6182,72.568,19.08,0.7,8.9634,0.2797,18.6023,4.6419,0.9646,0.2179,0.0459,22.5198,7.47,0.2233,2.9524,0.0908,2.8698,27.4508,533.64,2.3592,10.52,0.3321,3.9085,0.0963,1.9714,14.0763,0.0082,1.6355,0.0373,0.0079,21.0599
-1.0,3070.63,2130.0556,1.2545,105.9011,1.4374,-0.0117,-0.0066,198.7777,14.7765,418.2019,0.9797,188.944,12.5288,1.3937,-3757.0,-1684.75,1.3495,1.945,7.1765,71.6333,2.4889,0.1868,84.8937,8.6074,64.2041,65.8516,87.024,78.49,2.653,353.4436,125.6327,716.6918,1.3716,138.0436,617.12,207.6508,4.618,4.849,2844.0,0.935,4.0555,351.2491,10.4862,109.6882,14.5955,15.9445,23.5298,693.162,141.5873,602.5245,77.0752,0.0202,-0.0176,0.0122,0.0018,0.0451,-0.0203,-0.0003,7.7094,0.127,0.9688,1889.1991,0.1963,9875.65,-0.0352,0.0084,0.0081,-0.0063,0.44256384301194296,0.9355,850.246,0.9907,58.4384,0.5974,0.9747,5.9926,15.78,4.666,15.83,15.78,1.144,0.788,3.215,0.0473,0.8216,2.3207,1007.2267,124.0,89.6,115.7,53.5,539.658,0.5997,0.1338,0.0792,0.0345,0.0102,15.2584,9.065,4.643,0.0067,0.21,0.028,655.0,3936.0,0.17,0.159,0.227,3.9,0.324,0.746,0.1166,0.6374,0.4131,0.7854,0.392,0.1418,6.11,15.67,57.579,0.324,20.2,3.68,22.842,88.726,0.1135,0.0261,0.0182,0.045,0.0916,0.0361,0.0855,0.0687,4.1063,0.0609,0.0056,114.1963,0.0377,644.7998,0.0163,0.0139,0.048931645502892196,0.0175,75.5993,1.8358,0.0217,0.2163,0.0864,4.1829,31.2081,30.547,43.2338,0.2354,2.9261,0.0446,2.5608,0.0585,0.0119,334.4173,221.101,707.2515,1615.8769,0.0897,0.0686,0.1024,1.3784,0.0369,0.1033,0.2872,0.0487,0.073,5.7105,0.1356,5.939,0.0438,1.8103,4.5436,17.221,0.0885,1.2146,2.0731,7.1466,23.1272,0.0319,0.0121,0.0086,0.0188,0.0242,0.0173,0.0458,0.029,1.3365,0.0182,0.0017,35.2525,0.0111,225.1605,0.015082410909741717,0.0065,26.7528,0.5997,0.0071,0.0694,0.0289,3.8469,1.3047,5.8646,2.918,4.8655,2.5117,61.6811,47.8035,9.3088,61.3476,1.1102,0.6856,1.6761,2.0054,37.0775,233.6252,12.5973,8.1748,3.1631,5.4444,40.1786,66.9244,9.436,0.8787,1.3549,0.9928,0.2577,5.9585,6.7817,2.7656,10.3349,4.4261,2.5392,27.7288,4.1138,3.0898,7.3755,138.399,3.2953,30.4239,115.1162,561.3601,417.6,368.8525,0.0,80.0443,421.7016,0.0,53.264,1.4957,2.5836,0.5785,6.0447,19.2113,589.9204,59.2593,0.0,12.811257139286631,1.8728,8.8915,0.0835,3.1415,3.7023,3.7232,10.6182,82.36,9.22,1.41,3.9898,0.5782,84.091,2.2901,1.712,0.3243,0.0665,33.5395,3.57,0.1516,1.502,0.0628,1.4465,23.4115,535.0509,1.6984,7.71,0.2835,2.7384,0.0854,1.441,16.6894,0.0111,2.2141,0.0373,0.0079,21.0599
-1.0,3055.13,2181.0444,1.3968,104.0133,1.3619,-0.0228,0.0057,198.9241,5.4756,409.6935,0.9796,189.0895,12.522,1.4182,-1363.875,-1867.25,1.3008,2.0023,7.3075,74.3,2.4778,0.2089,83.6264,8.3006,64.2059,65.9546,86.6896,81.55,3.147,354.35,143.6582,743.5534,1.3244,143.9618,641.97,231.0324,4.586,4.844,2864.0,0.9267,-3.2082,355.4082,10.3362,120.45,15.9227,23.2082,30.9212,712.6322,150.1891,626.0473,125.0272,-0.0041,0.066,-0.0545,0.0075,0.0248,-0.0037,-0.041,8.0018,0.1326,0.9897,1707.1903,0.1986,8786.0301,-0.048,-0.0326,0.0094,0.0693,0.4644,0.9744,706.7943,0.9914,56.4714,0.5934,0.966,6.3712,15.77,4.796,15.84,15.74,1.144,0.7833,3.238,-0.3784,0.7447,2.3275,1003.5267,168.0,89.2,85.0,51.3,293.466,0.113,0.1469,0.0617,0.0421,0.0103,8.1267,10.581,16.418,0.0056,0.25,0.0367,74.0,4760.0,0.136,0.091,0.064,2.0,0.363,0.7047,0.1135,0.5407,0.3051,0.8264,0.652,0.1724,12.14,16.53,52.528,0.811,21.57,5.99,31.475,121.421,0.0802,0.0661,0.0413,0.0655,0.0822,0.0905,0.0743,0.0429,2.3583,0.036,0.0022,114.1104,0.033,1027.0,0.0163,0.01,0.0486,0.0055,102.9943,3.4979,0.0216,0.5397,0.0837,1.7356,37.5288,30.3937,25.8181,0.0455,1.7311,0.0461,3.3198,0.0715,0.014,34.5965,183.8503,5823.189049999999,2031.9364,0.0582,0.0448,0.0305,0.6557,0.05,0.1215,0.2747,0.0448,0.0997,5.1408,0.2149,11.127,0.0482,3.4777,5.8111,17.2552,0.2271,1.6609,1.6713,10.1061,41.5926,0.0231,0.0302,0.0193,0.0271,0.0215,0.0437,0.0376,0.0199,0.8364,0.0129,0.0007,34.3695,0.0112,283.5761,0.0126,0.0018,29.8663,1.0355,0.0083,0.186,0.0276,7.6461,0.6262,7.5662,2.9197,3.3681,2.3521,31.2249,8.0907,10.7864,164.29784999999998,4.0074,0.571,1.9965,2.5857,0.0,254.9203,10.4555,4.5449,0.8758,2.6918,56.5022,81.383,10.6695,0.8427,1.367,0.8421,0.2629,4.5548,10.1282,4.8771,13.0197,8.4328,2.5749,22.7362,5.5179,7.8462,8.6841,135.4667,4.4167,17.8643,97.1157,0.0,146.0773,120.1835,0.0,365.6566,0.0,104.7619,29.4721,2.7149,1.4855,0.2236,6.6841,16.6282,0.0,69.4476,0.0,10.4576,0.5612,14.572,0.2292,6.1941,8.4702,3.5956,4.5757,81.088,8.62,1.42,3.9759,0.7213,62.3868,2.165,1.7512,0.168,0.0423,17.2789,4.98,0.0877,2.0902,0.0382,1.8844,15.4662,533.6536,2.1648,10.37,0.5308,3.5821,0.1414,1.9432,24.5216,0.0136,2.7445,0.0373,0.0079,21.0599
-1.0,2899.68,2127.9555,1.0863,107.1522,1.4723,-0.0093,-0.0039,203.5083,11.8685,406.989,0.9772,192.9337,12.522,1.4281,-3888.5,-2493.5,1.2937,1.9758,7.3462,72.7556,2.0556,0.1954,86.1155,8.5801,64.0748,65.8602,86.9331,79.31,3.331,350.9245,125.81,714.6424,1.3852,143.9191,620.6536,173.6981,4.575,4.815,2855.0,0.9353,-2.1182,348.1045,10.8102,103.6918,19.6591,22.1182,29.2883,685.3541,149.1982,600.9945,85.6341,0.0006,0.0499,-0.014,-0.0014,0.0218,-0.0513,-0.0123,8.4386,0.1322,0.9899,1704.6263,0.2084,9244.11,-0.0159,-0.0056,0.032,0.0417,0.4526678267246451,0.9608,745.8395,0.9908,58.5991,0.6012,0.9798,6.293,15.78,4.666,15.83,15.78,1.144,0.788,3.215,0.0473,0.8216,2.3207,1007.2267,111.0,73.1,77.9,54.7,917.098,0.6141,0.1168,0.0691,0.0633,0.0147,10.5528,14.368,13.882,0.0079,0.25,0.0974,249.0,4344.0,0.195,0.126,0.222,1.4,0.576,0.7151,0.0325,0.6629,0.2843,0.9018,0.451,0.1092,5.17,15.09,85.182,0.09,12.04,5.51,23.718,70.727,0.1,0.0582,0.0774,0.0459,0.0825,0.0259,0.0586,0.0505,2.2589,0.0348,0.0016,86.5358,0.0432,434.2002,0.0091,0.0115,0.055512514495781734,0.0085,49.2553,1.1749,0.0259,0.4434,0.0864,4.1829,27.9396,23.3368,27.7324,0.2046,2.1101,0.0423,4.2221,0.0715,0.0289,109.6521,131.0226,1173.1526,2094.1005,0.0838,0.0515,0.0984,0.5525,0.0558,0.1729,0.2643,0.0133,0.0898,5.119,0.1378,5.9176,0.0368,1.7954,3.9356,29.7032,0.0282,2.0807,2.6906,7.832,23.0326,0.0267,0.0239,0.0366,0.0204,0.0271,0.0117,0.0242,0.0243,0.9158,0.0128,0.0006,33.3089,0.0127,153.1413,0.012848548501098223,0.0026,16.9881,0.3705,0.0089,0.1416,0.0289,3.8469,1.3047,5.0684,2.521,3.1257,2.5705,77.0342,56.5322,7.9334,121.0604,3.4109,0.808,1.9965,6.8225,61.849,174.213,15.0725,6.3773,3.0219,1.9243,97.2973,89.0279,17.4252,0.8304,0.379,1.0346,0.203,4.8842,6.5893,2.9704,7.8854,3.5923,2.4313,49.0403,4.9212,0.8325,4.4555,61.244,3.4607,15.3125,82.5921,0.0,491.1392,328.4436,0.0,119.0805,114.23,411.4053,26.769,1.4369,1.4536,0.1619,5.0765,20.7082,0.0,64.4362,0.0,11.666358342237581,0.8833,6.604,0.0679,2.005,7.0457,3.7232,10.6182,72.764,22.06,0.45,11.0219,0.1747,66.1933,5.3649,0.6184,0.1743,0.0396,17.8464,5.16,0.0622,2.0435,0.0246,2.0899,9.7528,535.7755,2.2816,10.58,0.3043,3.806,0.098,1.9747,13.3368,0.0181,3.6452,0.0373,0.0079,21.0599
-1.0,2957.04,2190.1555,1.3947,105.7411,1.408,-0.0032,0.0049,203.4017,10.9685,419.0309,0.961,192.9989,12.4002,1.4118,-2830.5,-2145.25,1.2848,2.003,7.2618,75.0,2.2111,0.1412,85.3881,8.3179,64.2195,66.0583,86.5962,81.06,3.074,353.33,126.0727,717.4855,1.4106,140.4382,619.8409,213.784,4.618,4.849,2844.0,0.935,0.4855,350.02,10.8184,106.5582,22.2582,19.5145,26.6104,690.8752,141.0045,597.5827,98.5103,-0.0044,-0.0369,0.0051,0.0155,0.0459,-0.0177,0.0054,7.4737,0.1291,0.9897,1707.1903,0.2011,8564.9101,0.0,0.0,0.0,0.0,0.456089817499427,0.9709,681.2682,0.9905,58.9799,0.5901,0.9606,6.6037,15.78,4.666,15.83,15.78,1.144,0.788,3.215,0.0473,0.8216,2.3207,1007.2267,196.0,168.7,92.9,53.6001,330.196,0.5703,0.12,0.0567,0.0457,0.0148,6.6428,6.794,4.767,0.0168,0.27,0.0618,1357.0,7063.0,0.144,0.201,0.307,2.1,0.372,0.5343,0.0469,0.6495,0.3463,0.6915,0.398,0.1022,5.88,9.85,62.352,0.339,10.91,4.69,20.979,55.575,0.0889,0.10470000000000002,0.04,0.0357,0.0724,0.0571,0.1041,0.0532,2.4764,0.0877,0.0022,114.1104,0.0862,540.7998,0.0126,0.0125,0.04534342291908894,0.0072,96.7924,1.9304,0.0142,0.357,0.0864,4.1829,36.9534,51.2545,30.868,0.2434,2.3103,0.0456,2.2696,0.0832,0.0238,626.3295,209.1353,4625.0709,3101.9015,0.0666,0.0859,0.1256,0.6461,0.0504,0.1224,0.2173,0.0212,0.094,4.8482,0.1259,5.9782,0.0321,1.5336,3.1249,21.6572,0.1025,1.6597,1.9911,6.8014,20.0185,0.0243,0.0451,0.0166,0.0162,0.0199,0.0273,0.0516,0.0248,0.7663,0.0274,0.0007,34.3695,0.0252,148.9873,0.011483908999994193,0.0023,27.0422,0.498,0.0058,0.125,0.0289,3.8469,1.3047,9.053150000000002,5.705,3.679,2.4473,25.4228,40.8872,8.5227,61.9413,1.1376,1.7504,2.1774,4.3774,298.58439999999996,329.239,11.2084,10.0349,4.2276,2.8,45.2261,91.3454,10.7705,0.6257,0.5636,1.0114,0.2365,4.5,6.7025,2.8002,7.2475,4.1869,1.5891,29.1659,4.1138,3.1336,8.6807,49.0157,3.0366,12.6413,56.4154,0.0,329.9453,706.9307,467.2852,124.4009,587.3061,890.8199000000001,33.1354,2.9437,3.6655,0.2236,6.6841,42.8779,0.0,48.0874,0.0,10.851867651020834,0.7429,14.2077,0.0373,3.273,5.4058,3.7232,10.6182,81.33,16.65,1.63,7.7967,0.7983,16.0058,4.2285,2.0042,0.2762,0.058,29.0041,8.89,0.253,3.3424,0.0957,3.3052,30.7925,538.4991,2.2135,8.72,0.2363,3.1199,0.0788,1.6193,10.6737,0.0144,2.8807,0.0373,0.0079,21.0599
-1.0,3015.41,2174.7555,1.4202,104.2622,1.4323,-0.018,0.009,198.8931,13.7707,425.4825,0.9739,189.0828,12.4002,1.4143,-3771.25,-303.75,1.2977,2.006,7.2168,72.6778,1.5444,0.1349,83.8498,8.5889,64.1402,65.8399,86.9963,80.28,2.796,353.1127,137.1727,732.7438,1.3673,135.5545,625.84,223.5947,4.601,4.837,2850.0,0.9327,0.3391,354.7536,10.4103,117.5118,17.5864,19.6609,26.1208,706.623,135.9882,608.2536,104.159,-0.0151,0.019,0.0329,-0.0025,0.0495,-0.0268,0.0118,8.2253,0.1308,0.9647,1832.1975,0.1996,8498.9899,-0.0208,0.0074,0.0364,0.0277,0.4459448811581286,0.9346,715.0716,0.9904,58.5714,0.6079,0.9769,5.9926,15.78,4.666,15.83,15.78,1.144,0.788,3.215,0.0473,0.8216,2.3207,1007.2267,132.0,226.4,199.0,37.2,310.026,0.3745,0.0909,0.0595,0.0548,0.0181,14.8223,9.645,4.584,0.0125,0.27,0.0623,1465.0,17919.5,0.112,0.13,0.153,2.7,0.581,0.5217,0.1407,0.6303,0.3028,0.7434,0.303,0.1631,6.18,22.02,47.872,1.195,27.38,18.43,34.593,107.576,0.0856,0.0392,0.0835,0.027,0.0678,0.0397,0.0867,0.0832,1.6375,0.0425,0.0104,118.2393,0.0383,881.7002,0.0097,0.0116,0.03663603854441358,0.0236,89.4283,1.7209,0.026,0.1888,0.0864,4.1829,31.8969,70.4333,69.7115,0.1116,3.0985,0.0275,3.1682,0.0832,0.0264,683.6863,129.4025,387.7597,8994.62525,0.0509,0.0604,0.0725,0.8303,0.0531,0.1752,0.2166,0.0525,0.0908,5.4988,0.1039,10.3704,0.053,1.8787,6.4749,14.3513,0.3499,5.248349999999999,6.0547,11.7399,30.4578,0.0231,0.0172,0.0355,0.0125,0.0216,0.0181,0.0429,0.0352,0.558,0.0153,0.0034,38.2891,0.0125,276.4342,0.01028985296070273,0.0092,23.8511,0.5812,0.0082,0.0636,0.0289,3.8469,1.3047,5.8718,7.5081,8.0406,1.7105,25.6995,26.3684,6.3463,70.0399,1.0774,1.2793,2.1774,4.4085,21.876,0.0,8.6303,6.4806,2.1201,3.715,97.1223,113.4267,17.5966,0.6222,1.638,0.9827,0.1501,5.3071,13.3627,4.7401,11.9256,4.559,3.5185,21.4102,6.7342,11.479,17.537999999999997,155.6888,4.8955,29.0179,103.2806,568.2988,382.439,82.0046,0.0,80.2425,322.905,706.5817,19.9077,2.2167,1.7473,1.0792,6.4534,19.1888,516.9916,37.0861,0.0,9.33237878440931,2.522,12.5062,0.0876,2.9381,3.2797,3.7232,10.6182,71.992,19.62,0.86,8.8995,0.344,62.0779,4.9351,1.1946,0.6173,0.1032,62.8508,4.98,0.0877,2.0902,0.0382,1.8844,15.4662,538.4991,2.2135,8.72,0.2363,3.1199,0.0788,1.6193,10.6737,0.0086,1.725,0.0373,0.0079,21.0599
-1.0,3051.05,2190.1555,1.3947,105.7411,1.425,-0.021,-0.0018,203.8701,3.0706,410.9748,0.9636,193.2018,12.4561,1.3793,-3884.75,4465.75,1.2925,1.9848,7.2652,72.7444,1.5556,0.1278,85.3881,8.3179,64.2195,66.0583,86.5962,81.06,3.074,351.4827,126.0245,715.1029,1.014,143.7391,621.2464,131.0034,4.563,4.79,2860.0,0.9336,1.4345,350.4073,10.6645,107.4591,13.99,18.5655,22.8282,692.2747,149.39,607.2564,110.6315,0.0006,0.0031,0.0123,0.0113,0.0146,-0.0167,0.0091,6.9574,0.1415,0.9899,1924.769,0.1585,8834.5399,-0.0521,0.014,0.0033,0.0185,0.47269949591792515,0.95,743.1204,0.9909,57.8999,0.6047,0.9639,6.3858,15.77,4.796,15.84,15.74,1.144,0.7833,3.238,-0.3784,0.7447,2.3275,1003.5267,129.0,80.0,106.5,53.6001,330.196,0.5703,0.2022,0.0665,0.0523,0.0216,8.0066,6.719,8.565,0.0153,0.18,0.042,736.0,17919.5,0.234,0.101,0.141,1.2,0.376,0.5343,0.0469,0.6495,0.3463,0.6915,0.325,0.0522,9.51,9.1,13.992,0.215,10.33,5.02,23.996,56.442,0.0836,0.056,0.035,0.0147,0.0694,0.0964,0.0908,0.0611,2.2753,0.055,0.0015,100.8733,0.0247,1180.0,0.0148,0.0145,0.026694187084321808,0.0122,127.6439,4.4888,0.0253,0.6253,0.0837,1.7356,30.8561,24.0325,36.6738,0.2434,2.3103,0.0766,2.1643,0.0424,0.0185,343.0841,314.6103,548.4058,8994.62525,0.0959,0.0444,0.0762,0.4693,0.0502,0.1453,0.2173,0.0212,0.094,6.1477,0.1056,6.0493,0.0189,2.7222,2.5376,4.4739,0.0715,1.4266,1.7327,7.3732,20.5387,0.0253,0.0246,0.0162,0.0067,0.0232,0.0454,0.0474,0.0288,0.8493,0.018,0.0005,36.3837,0.0074,351.1881,0.0076974969283736885,0.0037,36.748,1.3099,0.0076,0.2098,0.0276,7.6461,0.6262,6.0282,2.622,4.1246,2.4473,25.4228,40.8872,14.1895,164.29784999999998,2.0841,1.5839,1.4451,3.048,29.397,481.7108,18.1044,5.0888,1.9407,1.6496,115.7143,101.7391,11.1816,0.6257,0.5636,1.0114,0.2365,6.0743,6.6812,2.9417,5.1469,6.6162,1.4648,10.6806,3.7624,2.016,3.9364,73.8383,3.4662,7.0114,51.018,0.0,136.419,119.2698,611.9929,660.274,542.8999,675.1381,32.7039,2.5444,2.2583,0.1474,5.2408,15.5843,0.0,27.0833,0.0,6.5059100338475755,1.2878,17.1767,0.0722,7.7527,9.7928,3.5956,4.5757,77.38551469267249,17.063506374800102,1.2439506985621762,7.803578095545244,0.5418273346369435,51.048425632844804,4.226810595346025,1.591204438695095,0.1068,0.0318,11.2186,4.98,0.0877,2.0902,0.0382,1.8844,15.4662,536.6509,2.4087,5.86,0.3071,2.1212,0.0862,1.092,12.7505,0.0143,2.8566,0.0373,0.0079,21.0599
-1.0,3055.66,2211.7222,1.3922,100.9256,1.342,0.0008,0.0022,204.2982,4.0956,416.2456,0.9755,194.3836,12.4769,1.4136,-2133.5,3809.3333,1.277,1.9367,7.2658,75.2444,1.8667,0.1448,84.5303,8.2638,64.3628,65.9266,86.7056,80.91,3.009,350.7373,125.7618,714.4207,1.3945,144.1591,620.6582,187.0615,4.575,4.815,2855.0,0.9353,1.8164,347.5291,10.6967,107.5782,17.4727,18.1836,25.4759,688.9448,148.0782,603.1855,101.5597,-0.0223,-0.038,0.0387,-0.019,0.0039,-0.0115,-0.0087,7.847,0.13,0.9903,1757.4892,0.2082,8188.0299,-0.0119,0.0753,0.0562,0.1377,0.4603,0.9415,710.4381,0.9907,58.2855,0.609,0.9773,6.2333,15.7,5.244,15.74,15.66,1.286,0.9524,3.601,0.0,0.7308,2.3481,1007.5156,136.0,186.3,173.9,43.3999,257.375,0.4229,0.0874,0.0563,0.0419,0.0183,7.4104,8.383,17.659,0.0092,0.29,0.0672,775.0,16185.0,0.179,0.082,0.266,2.0,0.522,0.8221,0.0817,0.5653,0.2393,0.8722,0.407,0.1119,5.51,15.13,47.906,0.267,11.21,5.28,23.649,94.572,0.0722,0.0554,0.0342,0.0147,0.0855,0.0842,0.1017,0.1471,1.4841,0.0384,0.0033,113.3523,0.062,1561.2002,0.0214,0.0154,0.0338,0.0174,156.6176,1.7072,0.0151,0.3615,0.0733,4.5759,35.619,65.3099,57.5701,0.1464,0.9766,0.0289,2.6409,0.0839,0.022,356.9809,383.3766,5823.189049999999,8703.9018,0.0824,0.0365,0.1305,0.7468,0.0458,0.155,0.3049,0.0379,0.1002,5.7979,0.1188,6.3553,0.0389,1.8161,4.2227,14.8487,0.0829,1.9076,1.9007,7.2263,33.819,0.0226,0.0264,0.0153,0.0064,0.0279,0.0428,0.0567,0.0693,0.4883,0.0121,0.001,45.8098,0.0192,500.3142,0.0085,0.0071,49.4603,0.4417,0.0039,0.1054,0.0266,4.8927,1.6235,5.7517,6.0969,6.6243,1.9623,19.272,30.38,6.5127,164.29784999999998,4.2424,0.9418,2.3243,4.7559,0.0,424.8775,14.0172,4.2339,3.661,2.658,85.7143,107.0606,15.3234,0.9726,0.989,0.8783,0.1429,5.5569,5.9716,3.1229,8.022,3.8222,2.4377,25.6097,4.9212,2.4961,8.1057,64.1571,3.4326,14.2688,93.1196,324.3122,272.2359,37.96,449.852,0.0,886.2745,0.0,18.9135,2.3844,1.5775,0.3345,6.4497,29.775,509.0909,46.0028,691.358,7.3436,1.8473,22.0452,0.0615,2.929,5.7994,3.1227,10.9625,71.554,15.99,0.84,7.5448,0.3358,97.8073,3.937,1.1739,0.0806,0.022,8.4661,6.517688689052291,0.09604008108046155,2.670793637123671,0.035716722406278795,2.4817960845938996,16.424237138606035,534.0891,2.1926,9.81,0.4124,3.5109,0.1095,1.8368,18.8079,0.0222,4.4239,0.0373,0.0079,21.0599
-1.0,3043.14,2190.1555,1.3947,105.7411,1.4692,-0.0216,-0.0056,199.1765,4.7801,408.385,0.9784,189.395,12.5096,1.4295,-1363.875,-625.0,1.2883,2.0248,7.383,72.6222,2.4778,0.1658,86.1155,8.5801,64.0748,65.8602,86.9331,79.31,3.331,349.2064,134.2664,724.9828,1.0215,144.23,627.7027,132.4059,4.601,4.846,2855.0,0.9311,0.56,350.2664,10.4519,114.8264,12.9118,19.44,25.7696,699.2132,149.6982,614.7909,87.6491,-0.013,0.0759,0.0068,0.0007,0.0129,-0.0445,-0.0045,7.7566,0.1289,0.9906,1816.1957,0.1646,8900.9999,-0.0721,0.0233,-0.0039,-0.1345,0.4623816651811318,0.964,763.8291,0.9908,58.3578,0.6149,0.9785,6.4289,15.77,4.796,15.84,15.74,1.144,0.7833,3.238,-0.3784,0.7447,2.3275,1003.5267,173.0,80.9,101.3,53.6001,330.196,0.5703,0.1105,0.0469,0.0427,0.0107,7.9995,8.237,16.932,0.0057,0.22,0.128,103.0,2949.0,0.165,0.118,0.111,2.7,0.361,0.7151,0.0325,0.6629,0.2843,0.9018,0.273,0.1203,5.81,13.84,20.066,0.254,18.4,10.79,30.688,77.343,0.1003,0.0751,0.0972,0.0418,0.0707,0.1077,0.0286,0.037,3.4215,0.0348,0.0008,156.333,0.0365,575.5,0.0211,0.0148,0.04345632176714648,0.011,51.068,1.0706,0.0231,0.4681,0.0837,1.7356,33.2417,22.5639,34.0486,0.2434,2.3103,0.043,2.8107,0.0664,0.0389,47.934,181.8727,5242.5157,1310.42,0.0711,0.0505,0.0533,0.8318,0.0501,0.1076,0.2643,0.0133,0.0898,5.029,0.0746,6.4576,0.0328,1.6289,3.7367,5.9643,0.0846,3.0119,3.8782,9.484,27.9577,0.0263,0.0327,0.0405,0.0186,0.0235,0.0536,0.0118,0.0187,1.1403,0.0128,0.0003,47.2458,0.0148,180.2312,0.013567408124964623,0.003,16.7192,0.3726,0.0078,0.1509,0.0276,7.6461,0.6262,8.0402,2.6584,4.0242,2.4473,25.4228,40.8872,7.521,164.29784999999998,4.1461,0.581,1.7587,9.13815,298.58439999999996,471.84,12.8081,5.8279,1.5035,3.7179,92.8251,112.1984,10.7277,0.8304,0.379,1.0346,0.203,4.7622,5.9211,3.2779,11.7804,4.0283,2.2049,15.1549,3.8096,2.4302,6.192,142.5054,4.3889,9.5467,88.2416,770.0576,254.5763,616.9742,0.0,834.8837,64.3058,813.1868,44.1102,2.4828,1.4536,0.0769,8.6077,22.1792,0.0,56.4516,0.0,10.829512240716188,1.1422,6.6858,0.0809,1.8345,7.2813,3.5956,4.5757,76.49087800407369,16.924079201470146,1.2196381251070603,7.739978789155248,0.5113825391646081,58.91175042453228,4.196863589947661,1.5979513047941831,0.1068,0.0318,11.2186,4.91,0.1878,1.8949,0.0756,1.9874,28.0797,532.5573,2.1761,13.35,0.2637,4.874,0.0772,2.5068,12.1186,0.0208,4.1174,0.0373,0.0079,21.0599
-1.0,2982.59,2117.5889,1.433,106.4944,1.4418,-0.0096,0.0006,198.9694,12.3992,432.6314,0.9806,189.5765,12.5153,1.4155,-5611.25,464.75,1.2635,1.9905,7.2492,76.3556,2.4222,0.1677,83.6264,8.3006,64.2059,65.9546,86.6896,81.55,3.147,348.1473,144.54,738.9597,1.3353,143.4191,636.1064,203.1767,4.55,4.806,2864.0,0.9308,-1.1427,349.0536,10.3711,123.3973,13.1664,21.1427,29.0083,709.9515,150.4891,622.94,107.5748,-0.0106,-0.0213,-0.032,0.0072,0.0608,-0.0103,0.0202,7.0898,0.1453,0.9897,1782.0579,0.1933,9092.5899,-0.0464,0.1274,0.0447,0.0216,0.4356923659972085,0.9402,691.2983,0.9905,58.6664,0.6207,0.9667,6.4225,15.78,4.666,15.83,15.78,1.144,0.788,3.215,0.0473,0.8216,2.3207,1007.2267,97.0,71.1,103.6,58.4001,185.99,0.1528,0.0598,0.0492,0.0337,0.0068,8.3468,8.22,5.334,0.0054,0.24,0.0363,587.0,396.0,0.277,0.115,0.18,1.6,0.243,0.7047,0.1135,0.5407,0.3051,0.8264,0.34,0.1867,6.36,14.19,86.206,0.342,14.95,16.22,26.993,54.355,0.076,0.0341,0.029,0.0805,0.0838,0.0482,0.0893,0.0345,2.8053,0.0398,0.0014,127.7313,0.0307,2009.2002,0.0167,0.021,0.06136385890368559,0.0292,183.4126,3.1782,0.0204,0.4789,0.0864,4.1829,26.585,21.8233,32.7359,0.0564,1.8271,0.0222,2.3776,0.0659,0.0151,268.1248,260.0442,2300.6378,172.5328,0.1192,0.0524,0.0832,0.6483,0.0417,0.0783,0.2747,0.0448,0.0997,5.472,0.0987,6.957,0.0492,2.0056,4.7778,25.9477,0.0959,4.2474,4.8846,9.4636,15.4424,0.0249,0.0164,0.012,0.039,0.0226,0.0211,0.047,0.0169,1.0075,0.0143,0.0005,50.2701,0.0113,664.9973,0.013191406014362698,0.0097,60.205,0.9539,0.0077,0.1658,0.0289,3.8469,1.3047,4.3908,2.3838,4.1997,2.7579,20.8019,10.6665,4.1477,66.2947,1.2329,0.5536,1.9177,2.5616,83.992,85.2071,22.319,5.7774,2.483,2.0955,66.055,90.0596,7.2353,0.8427,1.367,0.8421,0.2629,5.2305,10.1287,3.1263,13.9827,4.4346,2.2308,42.4291,7.0907,3.2976,17.537999999999997,113.5466,3.8021,14.4386,50.5276,714.4536,178.534,251.5625,0.0,79.2763,871.2195,170.581,39.5681,2.8211,1.6658,0.1425,7.1676,15.8972,0.0,73.2943,408.7591,13.054747278157013,3.1005,26.5316,0.0935,5.4175,7.4566,3.7232,10.6182,78.214,16.99,0.84,7.6137,0.3235,66.7668,4.22,1.074,0.1526,0.0377,15.5386,4.98,0.0877,2.0902,0.0382,1.8844,15.4662,535.4918,2.2717,6.56,0.3269,2.0663,0.0901,1.225,14.3891,0.0172,3.4561,0.0373,0.0079,21.0599
-1.0,3068.42,2190.1555,1.3947,105.7411,1.4279,-0.0212,-0.0178,198.8994,3.2825,400.3222,0.9799,188.2077,12.522,1.4166,-3845.5,-2272.75,1.309,1.9758,7.2577,75.2667,2.0889,0.1749,85.7059,8.2395,64.1495,65.9946,86.5783,80.93,3.527,350.3355,125.1773,712.7835,1.357,144.8745,620.3873,191.2494,4.547,4.826,2860.0,0.9339,5.4718,347.7836,10.6824,110.6491,17.0018,14.5282,20.8541,691.9294,144.9527,603.3855,86.3952,-0.0002,-0.0179,-0.0668,-0.0091,0.0009,-0.0179,-0.0478,7.3375,0.1307,0.9905,1797.1417,0.204,8863.07,0.0317,-0.0149,-0.0087,0.0607,0.4725563512684251,0.9614,761.0143,0.991,58.3287,0.6026,0.9673,6.3114,15.77,4.796,15.84,15.74,1.144,0.7833,3.238,-0.3784,0.7447,2.3275,1003.5267,76.0,195.2,122.0,53.6001,330.196,0.5703,0.0989,0.0618,0.0568,0.0107,8.3595,4.565,19.61,0.0053,0.25,0.0645,534.0,5556.0,0.249,0.116,0.206,2.3,0.529,0.8756,0.0704,0.4991,0.264,0.8387,0.42,0.1799,6.67,12.71,79.48,0.264,13.35,4.86,22.586,65.781,0.1344,0.0656,0.042,0.0341,0.0619,0.0635,0.0893,0.0249,3.0544,0.0689,0.0008,81.5529,0.0863,922.8994,0.0124,0.0107,0.05883043227261259,0.0201,119.2139,1.0394,0.0197,0.5806,0.0837,1.7356,23.5354,62.7835,37.956,0.2434,2.3103,0.0401,1.7928,0.0715,0.0246,255.3409,195.8407,635.4681,2544.2396,0.102,0.0474,0.0926,0.7433,0.0345,0.1746,0.338,0.0255,0.0879,5.5698,0.1373,5.7846,0.0521,2.112,3.7049,23.9427,0.0861,1.5469,1.7791,7.1299,20.9685,0.031,0.0307,0.0179,0.0165,0.0192,0.027,0.0434,0.0119,1.3179,0.0239,0.0003,24.268,0.0256,317.6889,0.014195214918674096,0.0062,37.522,0.3426,0.0073,0.1949,0.0276,7.6461,0.6262,3.439,6.3616,4.7462,2.4473,25.4228,40.8872,6.9263,139.0689,4.8986,0.54,1.9965,4.5496,37.4984,244.4616,19.0222,5.8712,2.8383,3.0558,119.6809,57.1792,15.5588,1.0216,0.8549,0.778,0.2008,5.6945,6.2791,2.8551,13.2549,4.604,2.0487,41.5583,3.8129,2.4714,7.221,78.5208,3.2642,23.7372,76.1397,0.0,199.5437,51.0288,680.6873,0.0,498.8827,52.1193,41.628,2.6012,2.8982,0.0768,4.5379,42.3231,456.5333,52.3364,0.0,12.3876485030124,2.0908,15.6651,0.0723,1.7819,9.1996,3.5956,4.5757,76.8,11.27,1.11,5.2042,0.424,57.6863,2.7934,1.4453,0.1352,0.0372,13.7196,4.98,0.0877,2.0902,0.0382,1.8844,15.4662,536.6509,2.4087,5.86,0.3071,2.1212,0.0862,1.092,12.7505,0.0158,3.1834,0.0373,0.0079,21.0599
-1.0,3068.45,2130.0556,1.2545,105.9011,1.4169,-0.0103,-0.0171,199.0456,9.0412,405.6423,0.9803,189.3169,12.5288,1.4096,-3787.25,-3625.0,1.3133,1.9395,7.1283,72.0778,2.5333,0.1968,84.8937,8.6074,64.2041,65.8516,87.024,78.49,2.653,350.2873,139.3318,730.1735,0.917,132.2355,621.8545,114.1648,4.596,4.841,2849.0,0.9353,-4.6736,350.2527,10.3705,114.6582,12.7581,24.6736,31.3776,698.7958,144.1855,609.0964,91.1904,0.0255,-0.0234,0.0208,-0.0015,-0.0115,-0.011,-0.0094,7.5724,0.1286,0.987,1748.2561,0.1906,9341.05,0.0,0.0,0.0,0.0,0.4587608894229207,0.9367,779.2464,0.9912,58.6841,0.5984,0.9819,5.9926,15.77,4.796,15.84,15.74,1.144,0.7833,3.238,-0.3784,0.7447,2.3275,1003.5267,129.0,73.0,100.6,53.5,539.658,0.5997,0.104,0.0337,0.0568,0.0125,15.2846,5.694,8.414,0.0059,0.21,0.0378,1029.0,10511.0,0.159,0.12,0.311,2.1,0.399,0.746,0.1166,0.6374,0.4131,0.7854,0.49,0.0806,4.93,16.91,37.483,0.252,22.15,5.04,24.301,83.57,0.0946,0.0626,0.0201,0.0558,0.1016,0.1534,0.1076,0.0221,3.2775,0.0522,0.0024,146.3693,0.0306,995.4004,0.0084,0.0106,0.044463268309435144,0.0413,102.2817,1.8729,0.0214,0.1269,0.0837,1.7356,30.8561,21.9579,34.859,0.2354,2.9261,0.0348,2.0228,0.0585,0.0129,459.4848,135.1653,665.1227,4756.1583,0.0762,0.0594,0.1346,0.6399,0.0543,0.1345,0.2872,0.0487,0.073,5.6868,0.1658,6.5735,0.0236,1.4746,4.9313,10.9109,0.0849,1.446,1.6755,7.4821,23.6326,0.0253,0.0262,0.0098,0.024,0.0241,0.0753,0.0541,0.0098,1.0963,0.0179,0.0009,42.7579,0.0109,280.6544,0.013403195666484308,0.0119,27.9597,0.5464,0.0079,0.0342,0.0276,7.6461,0.6262,6.0282,2.3791,3.9063,2.5117,61.6811,47.8035,7.34,62.9785,2.0742,0.6012,1.6761,2.6823,40.0026,289.9586,12.1074,6.1872,4.3629,2.9135,43.4211,80.8018,11.7146,0.8787,1.3549,0.9928,0.2577,5.1929,5.3469,3.0713,8.7878,3.7282,2.7193,32.8324,4.079,2.43,5.0324,173.6146,3.4775,21.8516,91.6435,370.5263,0.0,268.2692,0.0,0.0,982.6484,235.1064,43.2816,2.3322,2.191,0.2461,8.3723,16.0717,916.7568,37.1553,0.0,12.081312826492406,4.4072,13.1257,0.0727,3.1915,2.17,3.5956,4.5757,83.27,18.31,1.55,8.8445,0.7913,70.506,4.5574,1.8614,0.1754,0.0451,18.4161,4.98,0.0877,2.0902,0.0382,1.8844,15.4662,533.3882,2.3461,8.63,0.4327,3.0837,0.1285,1.618,18.4445,0.0095,1.9103,0.0373,0.0079,21.0599
-1.0,2978.45,2181.0444,1.3968,104.0133,1.3596,-0.0138,-0.0025,198.8238,13.4156,431.2361,0.9755,189.4688,12.4561,1.4085,-2563.5,-5340.3333,1.3115,1.9955,7.3063,72.3,2.0778,0.1509,85.3881,8.3179,64.2195,66.0583,86.5962,81.06,3.074,353.1055,127.3,719.2029,1.3713,144.6618,625.0673,210.8891,4.563,4.79,2860.0,0.9336,1.2691,350.4455,10.6564,108.5691,17.2464,18.7309,26.114,693.0889,148.8064,607.8209,98.3815,0.0044,-0.0366,0.0244,0.0089,0.033,-0.0275,0.0012,6.6781,0.1272,0.9877,1782.2554,0.1977,8741.0,0.0074,0.0474,-0.0306,-0.0147,0.4627,0.9628,741.9351,0.9909,58.5549,0.6101,0.9654,6.3684,15.78,4.666,15.83,15.78,1.144,0.788,3.215,0.0473,0.8216,2.3207,1007.2267,122.0,76.1,47.5,51.3,293.466,0.113,0.0989,0.0749,0.0368,0.012,8.3065,10.901,7.008,0.0089,0.18,0.0528,1081.0,6256.0,0.199,0.189,0.181,1.9,0.621,0.5343,0.0469,0.6495,0.3463,0.6915,0.446,0.0692,6.91,8.39,88.407,0.202,14.53,7.26,26.333,66.052,0.1304,0.0295,0.0393,0.0139,0.1043,0.0465,0.1125,0.011,3.7463,0.0642,0.0023,116.6599,0.0264,786.2998,0.0119,0.0108,0.0142,0.0301,96.296,2.0313,0.012,0.5945,0.0864,4.1829,31.7022,25.0821,13.9702,0.0455,1.7311,0.0333,3.5383,0.0424,0.0175,491.5698,100.5419,3069.602,3406.8263,0.0834,0.0823,0.0741,0.6021,0.0646,0.2281,0.2173,0.0212,0.094,5.5802,0.117,5.8949,0.0272,2.317,2.4755,29.6936,0.0747,2.1098,3.2411,7.7849,24.9519,0.0301,0.014,0.0177,0.0057,0.0313,0.0212,0.0536,0.0047,1.3857,0.0221,0.0009,47.328,0.0095,255.6624,0.0041,0.0086,28.4294,0.5247,0.0045,0.1966,0.0289,3.8469,1.3047,5.7871,2.555,1.8963,2.3521,31.2249,8.0907,7.2742,81.2559,1.6251,0.9145,1.4451,3.7509,274.9756,117.1462,15.1735,9.4713,2.4773,2.6279,120.3209,132.5479,18.3565,0.6257,0.5636,1.0114,0.2365,4.8994,6.7321,2.8487,5.0427,4.7766,1.3423,41.9211,3.7624,1.8956,2.9014,84.2495,3.7994,6.7869,67.1387,0.0,203.4483,57.0256,0.0,141.1229,408.7193,880.0,56.0986,2.672,2.7685,0.2375,6.5456,13.3411,425.6158,47.5034,0.0,3.0743,3.1263,12.979,0.1072,3.469,9.3356,3.7232,10.6182,78.60647428930032,17.15860156689229,1.2768774695036862,8.111426859840886,0.5558950283179347,43.47925617632854,4.248228614343099,1.5927627358605836,0.1966,0.0398,20.1929,1.66,0.1254,0.6279,0.0492,0.6425,19.1438,535.6282,2.2411,9.11,0.2426,3.0971,0.0689,1.7008,10.8262,0.0121,2.4135,0.0373,0.0079,21.0599
-1.0,2928.55,2181.0444,1.3968,104.0133,1.3386,-0.0006,0.006,198.1278,2.9405,410.5535,0.9778,188.7238,12.4982,1.4107,-3562.25,-19.5,1.3628,1.9697,7.203,73.6889,2.1667,0.137,83.779,8.3006,64.3058,65.9432,86.6256,80.55,3.287,350.1136,126.8636,713.3832,0.97,143.6018,620.5791,126.2469,4.563,4.801,2856.0,0.9344,1.6309,348.3309,10.7405,108.4945,16.1182,18.3691,23.7598,689.6234,147.6355,604.4609,82.2305,0.004,0.0494,-0.0083,-0.0233,0.0028,-0.0035,0.0132,6.3789,0.1328,0.9662,1837.5534,0.2,8611.6499,0.0107,0.0,-0.0029,-0.0599,0.4434266121113164,0.9495,749.7493,0.9919,57.503,0.6012,0.9667,6.3319,15.7,5.244,15.74,15.66,1.286,0.9524,3.601,0.0,0.7308,2.3481,1007.5156,117.0,137.4,74.3,51.3,293.466,0.113,0.1036,0.0593,0.0719,0.0122,9.3062,3.701,11.164,0.0067,0.54,0.0625,658.0,1100.0,0.211,0.139,0.338,1.0,0.433,0.6837,0.1092,0.7023,0.4315,0.8577,0.394,0.0909,5.81,13.4,21.891,0.309,11.3,4.42,22.885,47.363,0.0854,0.0474,0.0501,0.0817,0.0763,0.0913,0.0966,0.0486,4.0977,0.0495,0.0092,94.5309,0.0311,539.8994,0.0155,0.0111,0.04658815100264857,0.0073,48.709,3.3438,0.0317,0.4696,0.0733,4.5759,30.8666,41.9737,27.3319,0.0455,1.7311,0.0348,1.3332,0.0886,0.0185,284.859,248.4338,1046.7704,547.6839,0.0936,0.0628,0.1447,0.3822,0.0404,0.1297,0.2618,0.0475,0.1288,5.5936,0.1246,6.3096,0.0305,1.9757,3.7176,6.6271,0.1018,1.5464,1.8996,7.3419,15.1666,0.0221,0.0249,0.0213,0.0366,0.0211,0.0431,0.0503,0.023,1.35,0.0169,0.0034,33.9208,0.0103,154.6247,0.013083434368460638,0.0022,14.2297,0.9331,0.0098,0.1639,0.0266,4.8927,1.6235,5.2073,4.6917,2.88,2.3521,31.2249,8.0907,7.7396,125.861,2.7193,0.6803,4.3206,4.4333,65.352,0.0,15.4834,7.0567,4.6925,1.3571,46.1538,83.9416,12.6719,0.8161,1.3158,1.0921,0.1712,5.0041,6.0853,3.1475,9.3678,4.0459,2.1593,17.3398,4.2375,2.877,4.5164,70.1072,3.3185,8.6919,57.5978,0.0,154.7755,764.9995,326.7666,0.0,0.0,367.4858,64.2381,3.1634,2.0288,0.9537,5.1444,15.5696,105.8403,41.8919,0.0,11.809016135244285,0.7711,6.4967,0.0422,5.8149,7.4162,3.1227,10.9625,75.6042864375469,17.095459865712694,1.213971162583937,7.8050123824743105,0.520223125713031,49.07104793419068,4.236204809182205,1.6092325454634246,0.709,0.1946,64.7578,4.98,0.0877,2.0902,0.0382,1.8844,15.4662,534.15,2.3534,8.42,0.3606,2.9357,0.1164,1.5763,15.3241,0.0125,2.4871,0.0373,0.0079,21.0599
-1.0,3049.58,2169.1111,1.0321,100.1744,1.405,-0.012,0.0055,198.6416,3.6465,415.3478,0.9702,189.2653,12.4769,1.401,-4919.5,6063.0,1.3082,1.996,7.3277,67.5333,1.9889,0.157,86.15,8.8424,64.326,66.1354,86.8271,63.93999999999998,2.133,350.74,123.9582,712.5823,1.0471,145.3782,620.0764,121.5434,4.563,4.79,2860.0,0.9336,3.1382,349.5791,10.7514,107.0964,12.9264,16.8618,21.725,690.8573,150.4745,607.15,92.0532,0.0028,0.0571,0.0211,-0.0244,0.015,0.0156,0.0459,7.9697,0.131,0.9662,1837.5534,0.2058,9131.1501,0.0,0.0,0.0,0.0,0.45011324170841127,0.9564,800.0857,0.9905,58.5715,0.5989,0.966,6.3337,15.7,5.244,15.74,15.66,1.286,0.9524,3.601,0.0,0.7308,2.3481,1007.5156,97.0,119.0,131.0,50.4001,585.959,0.2602,0.0745,0.0472,0.0316,0.023,9.4135,8.161,14.724,0.012,0.29,0.0413,555.0,3540.0,0.162,0.166,0.249,2.8,0.436,0.4552,0.1556,0.6339,0.2941,0.6295,0.38,0.076,6.76,10.29,21.491,0.216,13.73,6.6,25.932,78.299,0.1216,0.0668,0.0191,0.0678,0.0833,0.0916,0.0978,0.0867,4.7497,0.1034,0.0092,94.5309,0.0371,671.0,0.0138,0.0293,0.05108488834863001,0.012,70.8369,1.8481,0.0355,0.4457,0.0733,4.5759,26.585,46.1396,45.0277,0.075,2.6022,0.0224,2.7894,0.0839,0.0128,259.7678,193.6722,1923.9608,2009.2543,0.0665,0.0762,0.112,0.9381,0.0544,0.1484,0.1681,0.0626,0.0586,5.7609,0.1038,5.9222,0.0268,2.1742,2.7319,5.9728,0.0638,1.9219,2.9956,8.0531,22.1578,0.0315,0.0299,0.0089,0.0281,0.0225,0.0511,0.0498,0.0356,1.5291,0.0295,0.0034,33.9208,0.0131,231.6439,0.009996494851982445,0.0044,24.2071,0.5996,0.0115,0.1444,0.0266,4.8927,1.6235,4.3908,3.9022,5.3863,2.3235,40.9225,25.2106,5.3024,164.29784999999998,3.545,1.2414,2.3243,2.9457,88.7489,58.3869,12.383,8.3166,3.398,4.1461,45.2514,117.1975,12.6925,0.5284,1.7597,0.9854,0.6795,5.8362,7.4461,2.7896,7.254,4.6499,1.6595,17.6817,3.7624,2.009,3.4268,106.2166,3.7536,15.4819,85.0584,0.0,222.8524,321.7082,340.6953,610.6667,627.9294,188.8889,59.5973,3.2067,4.4669,0.9537,5.1444,18.0055,0.0,44.1219,0.0,9.527917450777949,1.2591,8.8537,0.0842,3.1553,7.0362,3.1227,10.9625,78.832,17.34,1.23,7.5338,0.5089,104.5758,4.3062,1.5603,0.4484,0.0745,46.7185,9.21,0.1715,3.7073,0.0772,3.5168,21.8212,535.6282,2.2411,9.11,0.2426,3.0971,0.0689,1.7008,10.8262,0.0194,3.8682,0.0373,0.0079,21.0599
-1.0,2999.24,2175.9667,1.4139,98.5822,1.3675,0.0038,0.0007,200.6472,4.8416,415.3035,0.9734,190.962,12.4308,1.4014,-3981.0,1501.75,1.0008,1.878,5.1673,72.9333,2.0778,0.155,85.0449,8.5003,64.4113,65.8981,87.1866,79.53,4.022,352.1182,139.26,734.0239,1.2605,144.9773,636.3555,229.007,4.596,4.832,2849.0,0.9348,1.91,351.6336,10.2057,121.17,14.6819,18.09,26.0981,707.9258,148.87,621.6736,74.0994,-0.0083,0.0399,-0.0104,-0.0228,0.0041,-0.0287,0.11345000000000001,7.9281,0.1348,0.9654,1877.1962,0.1995,8842.8299,0.0,0.0,0.0,0.0,0.46012332646847753,0.9689,753.7309,0.9906,59.1678,0.6104,0.9662,6.3323,15.75,4.024,15.7,15.75,1.059,0.6766,3.277,0.0473,0.8692,2.3907,1016.6978,99.0,211.9,178.0,50.0,313.528,0.3307,0.1127,0.0556,0.0426,0.0196,7.2748,7.828,8.765,0.0098,0.36,0.0691,439.0,120.0,0.032,0.055,0.114,3.3,0.172,0.7346,0.0901,0.4808,0.2104,0.8148,0.486,0.1612,8.15,10.32,40.832,0.623,19.14,7.1,24.914,77.497,0.0897,0.0546,0.12045,0.0216,0.0872,0.11,0.0586,0.0151,3.6771,0.031,0.0082,133.498,0.0717,850.9004,0.0194,0.0179,0.05365280463937827,0.009,78.4212,4.2196,0.0128,0.4219,0.1077,7.1243,28.9688,72.2955,59.7472,0.0993,2.6762,0.0429,2.2904,0.1112,0.0223,198.1195,108.4727,166.4232,49.3921,0.0132,0.025,0.0496,1.1113,0.0267,0.0517,0.282,0.0378,0.0849,5.5644,0.1516,6.6856,0.0495,2.8422,2.8213,12.1712,0.1762,2.2422,2.5537,7.9905,26.2882,0.0217,0.0235,0.055099999999999996,0.0095,0.026,0.0566,0.0286,0.0085,1.3296,0.0104,0.0035,46.7087,0.0202,289.7639,0.011402802038954205,0.0027,26.6486,1.2011,0.0034,0.1523,0.038,3.2514,2.3114,4.4417,7.0651,7.3087,2.2978,20.3646,23.3882,8.2411,161.6809,2.1105,1.0044,2.896,4.9329,8.3899,7.9907,3.1976,2.9286,2.2062,4.5247,38.5027,52.2581,3.7055,0.8638,1.0594,0.7465,0.1522,5.5038,4.8686,3.1034,12.7885,5.6216,1.6217,17.83,4.5762,6.1044,4.6959,130.3648,3.5193,45.5696,104.5852,0.0,299.5885,207.6923,383.0862,0.0,204.0035,12.6333,46.3804,3.1889,1.2776,0.8473,7.1116,35.9483,619.9134,59.9034,0.0,11.395336006133475,0.9242,10.4044,0.097,7.1316,6.6626,4.5044,17.4192,77.31,18.67,1.29,7.2106,0.4992,112.9703,4.5928,1.6686,0.1042,0.0297,10.8507,7.93,0.1919,3.2222,0.0718,2.9723,27.2139,532.8364,1.6423,11.81,0.1579,3.9963,0.0485,2.2164,9.617,0.0141,2.807,0.0246,0.0064,25.99
-1.0,3018.82,2175.9667,1.4139,98.5822,1.4209,0.0035,0.0107,199.709,3.5372,408.0344,0.9729,190.0055,12.4349,1.3914,-3597.0,-117.0,1.3033,1.976,7.2752,71.0333,2.8111,0.2288,84.5987,8.8836,63.7488,65.9357,86.8182,79.35,3.33,358.7945,125.6864,724.2021,1.3818,145.8445,630.3255,199.9913,4.549,4.786,2887.0,0.9215,4.3955,357.7836,10.6395,110.0818,16.0973,15.6045,21.7593,702.4428,146.3627,614.2282,106.4999,-0.0027,0.0148,0.0075,-0.0006,0.0134,-0.0411,0.11345000000000001,7.7873,0.1368,0.9658,1774.8359,0.1972,8638.3399,0.0,0.0,0.0,0.0,0.4400750876346954,0.9652,646.4211,0.9906,59.3454,0.6032,0.9812,6.4118,15.75,4.024,15.7,15.75,1.059,0.6766,3.277,0.0473,0.8692,2.3907,1016.6978,84.0,73.5,119.4,50.0,313.528,0.3307,0.1149,0.0598,0.0526,0.0201,7.1099,4.878,16.896,0.0104,0.22,0.0648,349.0,2153.0,0.156,0.203,0.266,5.0,0.514,0.6354,0.0673,0.56,0.2943,0.9476,0.235,0.1445,3.75,23.81,61.634,0.385,22.89,5.07,28.834,101.15,0.0942,0.0912,0.0901,0.037,0.0817,0.1019,0.051,0.042,3.8957,0.0698,0.0036,84.3087,0.0388,1033.7998,0.0325,0.0278,0.05196037594690467,0.0138,108.2252,4.2741,0.0201,0.1475,0.1077,7.1243,23.3469,28.1464,39.8354,0.0993,2.6762,0.0418,1.5047,0.0584,0.0265,154.6703,279.6216,365.304,885.4592,0.0721,0.083,0.1181,1.7,0.0461,0.1753,0.2325,0.0251,0.1107,6.4329,0.0728,7.9092,0.04,1.123,6.9802,19.0538,0.1245,1.6386,2.4203,9.1669,31.6917,0.0245,0.0391,0.0415,0.0187,0.0238,0.0536,0.0209,0.0177,1.2705,0.0253,0.0011,26.1395,0.0119,297.666,0.012414986244649142,0.0041,30.6978,1.2433,0.0071,0.0426,0.038,3.2514,2.3114,3.7985,2.4347,4.8336,2.2978,20.3646,23.3882,8.0864,137.9064,4.1408,1.0704,1.7692,4.6601,19.2105,0.0,11.9701,10.2733,3.6562,7.0389,60.4743,65.1287,15.3001,0.7511,0.7578,0.8784,0.1162,6.0982,4.5749,3.4155,10.4548,2.5712,3.7774,30.8183,5.8039,3.6186,3.9607,142.1975,4.1048,15.2248,94.9766,0.0,353.1462,493.3333,0.0,757.6208,124.2387,36.403,50.0265,2.6314,3.063,0.3746,4.7502,19.6895,0.0,24.102,0.0,12.074494164346513,1.4281,16.7422,0.0692,7.202,2.3011,4.5044,17.4192,79.084,17.03,0.68,8.2736,0.3189,94.0242,4.1584,0.8598,0.5506,0.0991,56.0228,6.29,0.1287,2.9563,0.0537,2.3443,16.657,534.1482,1.6633,10.92,0.2937,3.7983,0.0853,2.0444,17.6552,0.0153,3.0754,0.0246,0.0064,25.99
-1.0,2982.16,2181.0444,1.3968,104.0133,1.4122,-0.0058,0.0057,199.3587,2.9698,406.5059,0.9753,188.6519,12.4561,1.4063,-3740.75,-5634.0,1.3297,1.991,7.2748,74.4667,1.8,0.1478,85.3881,8.3179,64.2195,66.0583,86.5962,81.06,3.074,351.2291,126.3555,716.0344,1.0083,142.6891,620.2736,132.7725,4.563,4.79,2860.0,0.9336,2.1173,351.4027,10.6339,108.4727,6.7446,17.8827,19.545,696.4894,154.5427,614.4182,171.74984999999998,-0.0049,-0.0096,0.007,0.013,0.0389,-0.0229,-0.0037,7.0789,0.1282,0.9647,1809.0765,0.1723,8801.6499,0.0416,0.0037,-0.0445,-0.0431,0.45431489292352034,0.9592,747.2268,0.9909,58.2153,0.6085,0.9663,6.2955,15.78,4.666,15.83,15.78,1.144,0.788,3.215,0.0473,0.8216,2.3207,1007.2267,109.0,109.6,50.9,51.3,293.466,0.113,0.1079,0.055,0.0339,0.0179,8.2966,4.213,14.585,0.0086,0.18,0.0726,2060.5,11209.0,0.128,0.086,0.09,2.2,0.54,0.5343,0.0469,0.6495,0.3463,0.6915,0.172,0.1143,7.16,10.62,19.345,0.226,5.48,3.73,24.339,74.694,0.0876,0.039,0.0613,0.0237,0.1202,0.0379,0.0791,0.0206,2.691,0.0839,0.0079,147.1274,0.0574,1033.2998,0.0129,0.015,0.05955550263470105,0.0263,110.7197,1.0559,0.06409999999999999,0.589,0.0864,4.1829,29.3059,36.6224,14.9325,0.0455,1.7311,0.037,1.1916,0.0424,0.0263,912.5788,562.8794,796.795,5971.1934,0.0545,0.0351,0.0432,0.7071,0.0318,0.1907,0.2173,0.0212,0.094,5.7019,0.0528,5.967,0.0395,1.7329,2.8315,7.2961,0.0796,1.2794,2.1625,7.4423,23.0127,0.0231,0.0179,0.0271,0.0104,0.0274,0.0194,0.0402,0.0097,0.9717,0.029,0.0028,43.3157,0.0199,267.9347,0.016153577601732905,0.0078,30.8588,0.3536,0.0204,0.1903,0.0289,3.8469,1.3047,4.9243,3.6752,1.9771,2.3521,31.2249,8.0907,7.6408,141.8605,3.5879,0.883,1.4451,5.1609,49.188,198.9528,9.6259,4.3194,1.2372,2.9543,66.6667,62.2556,15.6587,0.6257,0.5636,1.0114,0.2365,5.3925,6.4105,2.9723,11.3358,5.0179,1.7121,14.57,3.7624,2.1253,5.1349,81.2502,3.4945,6.9132,39.3907,0.0,237.8049,337.3665,921.5141,97.5547,345.7923,564.3836,38.014,2.7301,3.5671,0.818,8.1327,33.3418,0.0,43.3018,0.0,14.79271942824087,2.7407,14.8174,0.0725,1.8138,9.356,3.7232,10.6182,77.29178380704252,17.18343761634272,1.262843862042222,7.899958416647441,0.5340016067870677,45.556838829958714,4.227791924155803,1.6069868441859065,0.1345,0.0366,13.9135,4.98,0.0877,2.0902,0.0382,1.8844,15.4662,537.52,1.7312,10.44,0.1893,3.7662,0.0653,1.9423,10.9358,0.0252,5.0247,0.0246,0.0064,25.99
-1.0,2958.83,2197.5222,1.1369,106.0733,1.3886,0.0107,0.0077,199.113,3.7217,410.7797,0.9703,189.9855,12.4561,1.4092,-3463.75,-7175.24995,1.312,1.966,7.2643,73.2778,1.3444,0.0974,84.5303,8.2638,64.3628,65.9266,86.7056,80.91,3.009,350.6073,126.2809,715.0151,1.4136,148.5609,625.4491,232.0055,4.574,4.809,2860.0,0.933,2.3855,348.4682,10.6795,108.6664,16.7036,17.6145,22.5295,692.4856,151.6109,608.7455,118.2834,0.0037,0.059,0.0215,-0.0069,0.0084,-0.0234,0.0274,8.1824,0.131,0.9683,1822.7265,0.2017,8993.55,0.0068,0.0177,-0.0728,-0.0519,0.4452,0.9606,779.8168,0.991,58.7566,0.6023,0.9797,6.3768,15.7,5.244,15.74,15.66,1.286,0.9524,3.601,0.0,0.7308,2.3481,1007.5156,83.0,66.5,60.1,39.3,438.177,0.3661,0.0813,0.062,0.0316,0.0157,13.7747,5.798,13.077,0.0131,0.18,0.051,534.0,12097.0,0.058,0.132,0.176,2.3,0.456,0.8221,0.0817,0.5653,0.2393,0.8722,0.351,0.1221,7.37,9.54,81.873,0.274,11.76,2.6,21.48,17.261,0.1107,0.0646,0.0532,0.0228,0.0803,0.1226,0.1046,0.0591,3.529,0.0421,0.0095,126.2572,0.0541,1209.2002,0.0129,0.0176,0.120188138292432,0.0161,119.8579,2.2967,0.0311,0.5289,0.0733,4.5759,23.1129,20.7204,19.3865,0.1231,2.3243,0.0275,1.9934,0.0424,0.0158,291.8019,163.2327,472.928,8553.8707,0.0283,0.0572,0.072,0.7918,0.0416,0.1813,0.3049,0.0379,0.1002,5.558,0.111,6.012,0.0367,2.202,2.9787,21.696,0.0853,0.8109,1.1545,6.5754,6.3968,0.0307,0.0279,0.0247,0.0095,0.0262,0.0622,0.057,0.0268,1.426,0.0152,0.0033,54.3035,0.0145,385.0611,0.02801905827358544,0.0055,40.9271,0.6199,0.0098,0.1655,0.0266,4.8927,1.6235,3.8154,2.2475,2.4151,1.7884,31.9137,32.2042,5.855,155.7879,3.1835,1.3515,1.4451,3.6168,32.8834,91.4189,4.4207,6.7141,2.4228,3.1387,119.0083,120.0684,13.7193,0.9726,0.989,0.8783,0.1429,5.7386,6.1609,2.8885,8.6409,4.9609,1.5253,35.2892,7.6832,2.5657,7.6197,70.4039,3.1019,7.6745,14.5929,0.0,0.0,105.9233,0.0,0.0,447.4866,215.4968,43.1289,3.2067,1.7322,0.98,6.9268,26.8223,0.0,72.0627,0.0,26.600115265074077,1.6799,15.37,0.0636,3.9088,8.2947,3.1227,10.9625,75.21838088041346,16.99937644056369,1.1954426623767462,7.9923128408831206,0.5196459491789163,46.86315141923466,4.219778533661302,1.57490413528765,0.7741,0.1423,79.1805,8.84,0.1264,3.3288,0.0469,3.4183,21.3655,540.1218,1.7997,6.87,0.3055,2.4142,0.0839,1.2719,16.9748,0.0142,2.8592,0.0246,0.0064,25.99
-1.0,2975.57,2197.5222,1.1369,106.0733,1.3735,-0.0023,0.0086,199.5734,5.479,428.5431,0.9719,190.5694,12.4769,1.4154,-2641.0,-6332.6667,1.299,2.0048,7.2977,72.4333,1.7667,0.1574,83.6583,8.5596,64.4017,66.0405,86.7827,79.71,2.849,351.0709,127.1973,716.684,1.3934,147.46,625.7282,228.515,4.574,4.809,2860.0,0.933,1.2882,349.4136,10.629,108.4855,20.1091,18.7118,24.9344,691.7496,147.72,605.6191,114.0592,-0.0398,-0.0218,0.0225,-0.0132,0.0168,-0.0106,0.0193,7.5669,0.1279,0.97,1758.5897,0.2021,8883.24,0.075,0.0019,-0.0171,0.0868,0.4646,0.9473,772.0702,0.9907,58.4638,0.5983,0.9795,6.3468,15.75,4.024,15.7,15.75,1.059,0.6766,3.277,0.0473,0.8692,2.3907,1016.6978,87.0,108.8,91.8,39.3,438.177,0.3661,0.0993,0.0688,0.0641,0.0196,9.1729,7.937,6.322,0.0103,0.29,0.0631,763.0,11626.0,0.192,0.058,0.113,1.8,0.265,0.5693,0.0988,0.4025,0.2275,0.6599,0.325,0.1056,6.68,9.46,50.911,0.238,9.37,4.4,22.4,83.521,0.0729,0.0628,0.0362,0.0257,0.0782,0.0874,0.08,0.0711,3.8029,0.0922,0.0045,133.7212,0.0307,951.7002,0.0123,0.0133,0.0329,0.0103,93.304,1.6248,0.0626,0.4709,0.1077,7.1243,25.1901,38.4095,29.9811,0.1231,2.3243,0.0328,2.3296,0.0839,0.0187,325.6752,525.9888,2136.4514,5951.6343,0.0828,0.0248,0.0472,0.5701,0.0387,0.094,0.2215,0.0388,0.1422,5.3749,0.0905,6.3283,0.0302,2.208,2.8839,15.4546,0.0812,1.2314,1.5112,6.9298,25.7031,0.0212,0.0282,0.0204,0.0112,0.0247,0.0438,0.0429,0.0345,1.4533,0.03,0.0016,37.89,0.0103,329.4431,0.0082,0.0035,30.9555,0.429,0.0171,0.1507,0.038,3.2514,2.3114,3.814,3.6564,3.5765,1.7884,31.9137,32.2042,7.2297,144.8622,1.4752,1.0606,2.3243,4.4617,191.5941,183.5877,14.7806,2.8931,1.5484,2.485,56.6038,76.2174,7.6371,0.6805,1.1541,0.625,0.098,4.717,5.9828,3.1487,7.579,4.53,1.5118,22.2791,7.6832,2.2392,6.8212,46.5956,3.2382,12.7291,73.226,182.9934,132.7696,114.3493,592.1439,518.6944,754.717,368.8716,50.2572,1.4855,3.8484,0.4681,7.6039,15.2134,0.0,49.8778,0.0,7.0842,1.086,12.0849,0.0683,2.7792,7.4199,4.5044,17.4192,75.60054248795994,16.881619894030617,1.2041411673277385,7.795383451516268,0.5276491487992558,62.86530838969616,4.19991562307601,1.5984027297956178,0.1228,0.0366,12.7743,4.98,0.0877,2.0902,0.0382,1.8844,15.4662,540.1218,1.7997,6.87,0.3055,2.4142,0.0839,1.2719,16.9748,0.0115,2.3031,0.0215,0.0071,33.109
-1.0,2925.62,2197.5222,1.1369,106.0733,1.392,-0.0044,-0.0165,198.5109,5.4965,424.5568,0.9699,189.153,12.4561,1.4194,-5338.0,212.25,1.3465,1.992,7.3107,75.4556,2.2444,0.1653,83.779,8.3006,64.3058,65.9432,86.6256,80.55,3.287,351.0382,124.8627,712.8429,1.4068,144.4636,620.3645,199.1399,4.563,4.801,2856.0,0.9344,3.9027,348.7564,10.7133,108.7655,18.119,16.0973,22.7626,690.0803,144.7236,602.2455,107.4055,-0.0305,-0.0098,0.0384,-0.0108,-0.0141,0.0097,0.0122,7.6549,0.1284,0.9855,1789.8011,0.1965,9001.32,0.0047,0.0102,-0.0286,0.0156,0.4568,0.9452,773.1252,0.9906,58.4541,0.6019,0.971,6.3331,15.7,5.244,15.74,15.66,1.286,0.9524,3.601,0.0,0.7308,2.3481,1007.5156,139.0,67.7,89.8,39.3,438.177,0.3661,0.0792,0.0636,0.0577,0.0232,9.2449,10.79,15.275,0.0122,0.18,0.0378,835.0,588.0,0.117,0.113,0.176,1.4,0.419,0.6837,0.1092,0.7023,0.4315,0.8577,0.53,0.1069,6.54,12.42,84.477,0.353,11.36,4.83,23.928,44.591,0.0859,0.0489,0.0218,0.0412,0.068,0.1121,0.1208,0.0216,4.3928,0.1196,0.0033,174.4916,0.0144,808.2002,0.0084,0.0097,0.0198,0.0228,71.2883,1.5719,0.0505,0.5096,0.0733,4.5759,30.7316,22.4381,29.2287,0.1231,2.3243,0.025,3.5814,0.0424,0.0132,361.1162,419.8214,1638.1081,281.3117,0.0549,0.0484,0.0922,0.527,0.0393,0.1259,0.2618,0.0475,0.1288,5.6221,0.1691,6.0841,0.0379,1.9142,3.1536,22.307,0.0994,1.672,2.4186,7.6048,16.4212,0.0217,0.0249,0.0117,0.019,0.0213,0.0541,0.0508,0.0095,1.3756,0.0354,0.0008,52.8127,0.0042,231.0451,0.005,0.0066,21.1196,0.438,0.0147,0.1672,0.0266,4.8927,1.6235,6.3654,2.314,3.5893,1.7884,31.9137,32.2042,5.6896,164.29784999999998,3.5979,1.256,1.4451,2.6617,65.3428,277.0318,8.6892,5.6727,2.4074,1.8554,62.3762,71.9758,11.8414,0.8161,1.3158,1.0921,0.1712,5.7572,5.478,2.942,7.597,4.5271,2.002,42.4209,4.2375,3.295,3.9167,62.6964,3.4674,6.6625,41.5165,282.0439,127.6762,107.4316,630.3592,797.8648,0.0,176.6871,57.3852,2.4924,5.0386,0.3321,9.7492,7.3243,666.0944,33.9223,0.0,4.3254,2.4084,9.2208,0.1804,2.6891,8.0461,3.1227,10.9625,74.8226177962097,16.92236136722278,1.1929622200104073,7.7399251616931535,0.5000753067115069,49.52212240470197,4.1886275621363325,1.585012068688591,0.1285,0.0296,13.9095,4.98,0.0877,2.0902,0.0382,1.8844,15.4662,534.15,2.3534,8.42,0.3606,2.9357,0.1164,1.5763,15.3241,0.0144,2.8893,0.0215,0.0071,33.109
-1.0,3043.7,2127.9555,1.0863,107.1522,1.4221,-0.0098,-0.0166,198.9641,5.7897,422.5233,0.9721,189.4192,12.5657,1.4275,-4046.5,-491.0,1.2893,2.0217,7.332,72.9333,2.2444,0.1886,86.1155,8.5801,64.0748,65.8602,86.9331,79.31,3.331,350.52,126.4391,714.8495,1.3806,142.3509,619.31,193.9514,4.575,4.815,2855.0,0.9353,-2.5482,348.5836,10.8002,103.8909,19.8182,22.5482,29.6525,685.1969,147.0173,599.4918,95.8257,0.0153,0.049,-0.0168,-0.0209,0.0003,-0.056650000000000006,0.0083,6.8054,0.1448,0.9894,1744.5284,0.2004,9297.29,-0.0072,0.0725,-0.0488,-0.0077,0.4607,0.9433,763.038,0.9915,56.1652,0.5949,0.9802,6.3897,15.77,4.796,15.84,15.74,1.144,0.7833,3.238,-0.3784,0.7447,2.3275,1003.5267,59.0,147.7,164.7,54.7,917.098,0.6141,0.0924,0.0529,0.0594,0.0216,8.6454,11.725,12.4,0.0113,0.2,0.044,355.0,1518.0,0.154,0.168,0.236,2.2,0.578,0.7151,0.0325,0.6629,0.2843,0.9018,0.337,0.0849,3.04,13.03,43.064,0.177,13.08,6.88,24.011,46.332,0.0927,0.0747,0.1142,0.0556,0.078,0.0688,0.0403,0.0381,3.3349,0.0511,0.0022,136.0004,0.03,957.7002,0.0122,0.0164,0.0076,0.0132,106.9387,3.438,0.0271,0.4121,0.0837,1.7356,18.5956,46.5453,46.8977,0.2046,2.1101,0.0277,3.3925,0.0528,0.0154,149.6114,79.1475,794.3738,779.0409,0.0633,0.0704,0.1089,0.781,0.0477,0.2004,0.2643,0.0133,0.0898,4.904,0.0883,6.0937,0.0295,0.924,3.9294,14.6761,0.0619,2.1956,3.1291,8.1179,15.6016,0.0238,0.0329,0.0469,0.0264,0.0216,0.0343,0.0178,0.0186,1.0856,0.0169,0.0006,41.8801,0.01,260.7087,0.0025,0.004,29.1971,1.04,0.0084,0.1332,0.0276,7.6461,0.6262,2.8142,4.8526,6.4952,2.5705,77.0342,56.5322,6.4975,164.29784999999998,2.9347,1.1589,1.5916,3.0829,43.8651,309.165,11.9449,8.3096,3.2188,3.0165,44.5545,97.0536,17.2263,0.8304,0.379,1.0346,0.203,4.2309,6.8412,3.0222,6.1521,2.1356,2.104,22.2035,4.9212,1.6389,4.9956,66.0,3.5042,12.1952,48.3503,607.6198,237.5199,331.9403,372.7599,0.0,65.4752,461.8182,49.004,1.0362,2.1515,0.2208,7.7958,14.9743,228.5714,70.9141,430.7692,1.6553,1.3953,14.0149,0.2475,6.1213,6.4497,3.5956,4.5757,75.53170896416631,16.815378462826853,1.2167762650353457,7.696731546786778,0.5111617639848818,63.23716165836205,4.18512470418433,1.6066343869426256,0.1616,0.042,17.0256,11.49,0.042,4.453,0.0157,4.4179,7.1115,536.6882,2.1806,6.58,0.2566,2.3367,0.0884,1.226,11.768,0.0124,2.5147,0.0215,0.0071,33.109
-1.0,3090.47,2169.1111,1.0321,100.1744,1.3819,-0.0041,0.0036,200.4667,10.9391,405.5035,0.9806,190.5537,12.522,1.4137,-3211.5,-3497.0,1.3062,1.9743,7.2382,67.2778,2.3667,0.1606,85.8807,9.754,63.9959,66.5687,87.1954,65.11,3.462,351.4509,146.4927,746.6661,1.2778,146.7336,644.6773,221.8944,4.586,4.844,2864.0,0.9267,-0.8736,354.6036,10.2283,125.6191,15.46,20.8736,28.9348,717.7313,148.9945,629.2173,120.7715,0.0031,0.0387,-0.007,0.0188,0.0084,-0.0224,-0.0036,8.2615,0.1404,0.9843,1734.8192,0.1932,8940.9601,-0.0046,-0.014,-0.0361,-0.0071,0.43619361338887186,0.9111999999999999,660.9779,0.9895,58.078,0.5934,0.9635,6.5494,15.75,4.024,15.7,15.75,1.059,0.6766,3.277,0.0473,0.8692,2.3907,1016.6978,94.0,95.0,197.1,50.4001,585.959,0.2602,0.0617,0.0819,0.0404,0.0126,11.9858,6.236,6.177,0.0064,0.25,0.0394,537.0,7079.0,0.109,0.051,0.092,2.5,0.356,0.4955,0.0807,0.5871,0.3767,0.9365,0.492,0.1037,8.95,19.46,40.293,0.362,18.1,8.27,31.032,95.314,0.0926,0.0579,0.0372,0.0429,0.1027,0.0806,0.1092,0.0461,2.2336,0.039,0.013699999999999999,80.3799,0.0399,565.0996,0.0092,0.0126,0.04542703885151167,0.052199999999999996,71.4711,2.4871,0.0125,0.5345,0.1077,7.1243,25.8781,31.2098,63.3155,0.075,2.6022,0.0203,1.9053,0.0715,0.0136,279.6861,79.0459,1709.5897,3192.3654,0.0461,0.0218,0.0386,0.7918,0.0559,0.142,0.2118,0.0379,0.1003,4.6235,0.1192,11.0498,0.0293,2.6021,6.049,11.7883,0.1102,2.3691,2.0038,10.1037,31.1773,0.0276,0.0275,0.0168,0.018,0.0338,0.0459,0.0535,0.0229,0.6711,0.0154,0.0046,29.558,0.012,173.6668,0.013523281406243561,0.0149,23.1269,0.7791,0.0048,0.1837,0.038,3.2514,2.3114,4.1709,3.074,8.5158,2.3235,40.9225,25.2106,4.465,57.0066,1.5233,0.6533,1.9965,2.7856,126.483,202.4307,8.3445,2.5833,1.271,3.7159,46.4789,103.391,10.2705,0.577,0.8274,0.9174,0.1407,3.8327,9.5773,4.8316,8.1155,6.0995,3.0186,18.1586,5.5179,3.5392,6.8461,117.0762,4.3236,12.1537,78.921,0.0,125.938,610.6762,547.3684,959.5238,487.5,0.0,27.0362,1.852,1.6421,1.3944999999999999,4.6333,20.6552,0.0,35.1852,0.0,11.05427372892554,5.5677,10.8129,0.0782,4.2823,8.1616,4.5044,17.4192,73.838,18.36,0.85,8.9945,0.3422,121.5593,4.5002,1.1512,0.2826,0.0608,30.8742,5.76,0.127,2.4276,0.0509,2.3196,18.1262,529.9273,2.3342,9.5,0.3875,3.4972,0.1178,1.7927,16.6009,0.0097,1.9589,0.0406,0.0268,66.1687
-1.0,3064.76,2194.5889,1.2686,97.7622,1.5366,0.0091,0.0057,199.3297,12.8884,405.2258,0.9765,189.8459,12.6465,1.4327,-4126.5,-4192.0,1.3247,1.988,7.3167,70.9778,2.5333,0.213,84.7188,8.7073,64.6813,66.1561,86.7952,77.76,2.475,352.8618,133.6082,729.5686,1.4111,146.2145,632.6845,222.2201,4.601,4.837,2850.0,0.9327,2.1982,352.2355,10.6505,115.8064,18.49,17.8018,25.0963,704.4724,146.1527,614.1945,97.6025,0.0155,-0.0181,0.024,-0.0119,0.0195,-0.0192,-0.0201,8.2727,0.1364,0.9877,1686.7116,0.1703,8327.1499,-0.0372,-0.0623,0.0778,0.1005,0.4617,0.9427,717.6598,0.9905,59.3078,0.6003,0.9787,6.3165,15.59,4.44,15.61,15.54,1.239,0.7635,3.232,-0.1419,0.6847,2.3499,986.0991,168.0,78.7,74.3,46.5,792.535,0.4411,0.11,0.0581,0.0382,0.0122,6.17,15.674,9.641,0.0089,0.35,0.128,2060.5,17919.5,0.068,0.023,0.236,2.1,0.456,0.5139,0.1298,0.5868,0.2517,0.6009,0.388,0.1402,7.79,22.5,48.011,0.749,24.29,18.43,32.765,54.473,0.0761,0.0481,0.0282,0.0495,0.16685000000000003,0.072,0.076,0.0653,2.6223,0.0877,0.0054,172.1753,0.0548,903.6006,0.0157,0.0113,0.0411,0.0409,88.4072,4.6217,0.0242,0.5116,0.0917,4.2578,37.5288,26.0362,25.5736,0.1292,2.4688,0.0458,4.96435,0.068,0.042,912.5788,73.7083,1065.8682,8994.62525,0.031,0.0102,0.1127,0.696,0.0487,0.1656,0.1883,0.0498,0.0688,5.8384,0.1132,10.0551,0.0432,2.4515,6.1255,17.097,0.2159,5.248349999999999,6.3963,11.0377,15.9284,0.0219,0.0238,0.0127,0.0206,0.0485,0.0376,0.0427,0.0285,0.9559,0.0274,0.0016,50.6582,0.0186,327.2985,0.0094,0.0157,28.1114,1.3334,0.0082,0.1659,0.0323,5.545,1.3004,7.5662,2.5679,2.9593,2.1188,49.0953,34.7727,7.1588,121.6136,2.3792,0.9105,2.7676,9.13815,58.7665,507.1088,5.133,1.1569,3.2255,2.9587,39.4737,69.9531,13.5018,0.6066,1.4902,0.9072,0.6795,5.5064,12.2522,4.7147,9.9381,5.3278,3.5563,21.6052,6.7342,7.0326,17.537999999999997,131.3686,4.651,20.7221,55.8111,492.5566,0.0,205.8212,0.0,368.758,396.3494,324.472,31.6986,2.9326,3.6655,0.5464,10.2077,32.1849,0.0,73.9181,668.6567,8.908,4.3415,12.3188,0.0631,7.7927,8.0991,3.9038,10.7691,81.888,17.23,1.9,8.006,0.8108,31.6274,4.2036,2.3202,0.1445,0.0345,14.4661,4.1,0.1808,1.709,0.0722,1.5486,21.7849,533.3382,2.4033,9.43,0.5611,3.4173,0.1642,1.7681,23.3488,0.0095,1.8958,0.0122,0.0227,187.0796
-1.0,2977.39,2194.5889,1.2686,97.7622,1.4588,0.0067,0.0055,199.044,8.9703,393.7677,0.9703,188.6189,12.5216,1.4422,-3486.25,-1778.0,1.3193,2.01,7.3912,69.5222,2.2333,0.1868,84.7646,8.5862,64.3404,66.2443,86.5384,80.26,2.817,350.3018,124.9909,712.5725,1.3749,147.5409,622.8336,184.257,4.547,4.826,2860.0,0.9339,2.4218,348.9955,10.7405,107.4127,18.2736,17.5782,23.8478,688.7247,148.1518,604.56,122.3211,0.0087,-0.004,0.0346,0.0061,0.0052,-0.0217,-0.029,6.6982,0.1282,0.9898,1728.7168,0.1952,8894.5101,0.0,0.0,0.0,0.0,0.4311,0.9656,781.8946,0.9907,58.5144,0.589,0.9657,6.3456,15.72,4.633,15.75,15.73,1.182,0.7892,3.311,-1.135,0.6879,2.3331,1006.1867,200.0,61.6,71.6,46.5,792.535,0.4411,0.1101,0.0605,0.0361,0.0245,10.917,10.993,13.271,0.0118,0.27,0.0167,2060.5,2249.0,0.178,0.105,0.066,2.4,0.371,0.791,0.0427,0.5513,0.3387,0.97,0.414,0.1769,8.45,9.58,94.068,0.24,15.97,6.18,24.24,95.102,0.088,0.0362,0.0459,0.0392,0.1012,0.0686,0.0738,0.0561,5.3036,0.0839,0.0018,64.1803,0.0209,598.8994,0.0112,0.014,0.1122,0.0214,65.9203,3.5949,0.0163,0.5533,0.0916,2.3264,45.32809999999999,23.8866,22.3449,0.1292,2.4688,0.0409,3.5086,0.0781,0.0061,912.5788,200.0073,1050.0535,984.5679,0.0834,0.0445,0.0301,0.7629,0.034,0.1326,0.2804,0.018,0.0738,5.6986,0.1437,6.0872,0.0484,3.0452,2.554,25.8106,0.0703,1.8825,2.2244,7.48,28.8731,0.0232,0.0175,0.0191,0.018,0.0293,0.0358,0.0415,0.0238,1.8878,0.029,0.0005,18.2449,0.0073,171.8308,0.02801905827358544,0.0063,22.162,0.9332,0.0054,0.1824,0.0328,4.3765,0.8649,9.053150000000002,2.0689,2.8244,2.1188,49.0953,34.7727,7.5474,122.5492,3.3703,1.2156,2.1563,1.1552,70.4769,126.4904,13.4925,5.2239,0.8929,3.4521,76.1194,46.044,10.8114,0.9332,0.4971,0.8568,0.3795,5.6009,5.1444,2.9099,12.869,5.7272,1.5381,51.0526,3.8129,2.2345,3.7333,87.3938,3.5195,12.493,77.7478,0.0,259.4982,113.3767,0.0,0.0,339.7008,193.2817,79.18,2.7301,3.5671,0.1792,3.7126,10.6902,0.0,41.7391,0.0,26.0231,2.2197,8.4308,0.1538,6.1436,8.7188,3.9243,5.7115,74.356,17.86,1.14,8.3895,0.4845,12.6429,4.3829,1.5332,0.3279,0.06,34.3026,8.42,0.1375,3.6556,0.056,3.1882,18.0392,532.2855,2.2181,6.86,0.2798,2.3387,0.0887,1.2888,12.6164,0.0098,1.9589,0.0122,0.0227,187.0796
-1.0,3010.26,2170.0666,1.5447,96.77,1.4149,-0.0092,-0.0008,203.883,9.6462,400.4138,0.9582,193.4467,12.4049,1.4157,-2420.25,283.0,0.67205,1.7109999999999996,1.1174500000000007,72.8778,2.5333,0.1732,84.9737,8.441,64.3579,65.5794,87.0383,78.63,3.134,353.0482,127.2991,719.7742,1.3982,149.1327,629.48,222.6968,4.618,4.849,2844.0,0.935,4.9555,352.4009,10.4449,112.2545,16.6,15.0445,22.1659,697.6083,148.2245,612.88,85.5716,0.0212,0.0198,0.0168,-0.0195,0.0121,-0.0141,0.0134,7.9544,0.1398,0.9702,1660.8742,0.2023,8531.5401,-0.0823,-0.0316,0.037,0.0556,0.456,0.9381,691.3175,0.9908,58.7458,0.5997,0.962,6.3676,15.59,4.44,15.61,15.54,1.239,0.7635,3.232,-0.1419,0.6847,2.3499,986.0991,84.0,83.8,79.6,77.2,542.931,0.1541,0.1304,0.0516,0.0484,0.0286,7.2408,4.976,8.855,0.0196,0.19,0.0499,2060.5,1132.0,0.277,0.21200000000000002,0.498,2.9,0.114,0.7973,0.1269,0.4841,0.1995,0.6606,0.447,0.114,6.19,11.16,33.06,0.273,16.06,3.73,24.894,65.189,0.0749,0.0497,0.0353,0.0231,0.0781,0.0908,0.0998,0.0532,4.5569,0.0743,0.0046,105.0811,0.0914,1012.3994,0.0144,0.0136,0.0354,0.0416,92.0587,3.2515,0.0484,0.4256,0.0917,4.2578,24.4949,27.9788,28.1407,0.0573,2.514,0.0408,1.4384,0.0533,0.0142,912.5788,562.8794,4840.5,566.0,0.12369999999999999,0.09505000000000002,0.2273,1.0366,0.0224,0.0382,0.292,0.0539,0.1031,5.7798,0.1153,6.369,0.0359,2.0194,3.3754,10.9731,0.083,1.3517,2.5389,7.9866,18.3192,0.0184,0.0211,0.0147,0.0099,0.0217,0.0446,0.0512,0.0247,1.7074,0.0231,0.0013,29.6977,0.0277,360.6407,0.0086,0.0144,31.8695,1.0225,0.0139,0.152,0.0323,5.545,1.3004,3.8189,2.7838,3.1728,3.5575,39.7893,9.9768,9.2161,51.5852,2.2115,2.0504,1.5317,3.5227,298.58439999999996,400.0,23.078450000000004,10.417850000000001,7.544649999999999,3.9793,39.4737,42.7197,2.4649,0.9383,1.5029,0.7522,0.1976,5.005,6.1037,2.9258,8.1543,4.1507,1.7729,14.8453,4.1138,2.6137,5.9329,96.7471,3.5685,20.2105,76.1806,352.5743,100.2521,137.7049,400.8983,750.4132,710.3203,398.5019,57.2869,2.0749,3.169,0.4701,6.3269,45.1846,0.0,48.329,0.0,7.7522,4.4294,13.3164,0.1072,5.5349,6.6838,3.9038,10.7691,75.88648485992748,16.638059895037724,1.2795665795323428,8.15581140155221,0.5184682801797058,74.03449802621023,4.146028450339502,1.6715857452981742,0.1593,0.0457,15.9183,8.18,0.1803,3.614,0.0864,3.0368,18.64,535.0509,1.6984,7.71,0.2835,2.7384,0.0854,1.441,16.6894,0.0135,2.7404,0.0122,0.0227,187.0796
-1.0,2947.39,2218.6333,1.3084,106.9089,1.3794,-0.0052,-0.0035,202.6828,4.0404,402.2433,0.9703,193.2227,12.4755,1.389,-4076.25,146.25,1.2625,2.0202,7.3477,67.0111,2.7778,0.2092,85.513,8.7932,64.0127,66.1703,86.8489,63.93999999999998,1.1460000000000004,359.0982,131.4364,731.0689,0.8915,137.9591,628.4936,101.9463,4.65,4.873,2840.0,0.9296,1.8709,359.6736,10.5172,113.3073,9.7126,18.1291,22.7283,708.3406,146.82,619.8009,75.527,-0.0009,-0.0125,-0.0169,-0.0018,-0.0228,-0.0262,0.0007,7.1563,0.1274,0.9899,1840.4683,0.1971,8294.4601,-0.091,0.0233,0.0313,-0.0131,0.4636,0.9538,709.0619,0.9907,59.1209,0.6113,0.9803,6.2077,15.72,4.633,15.75,15.73,1.182,0.7892,3.311,-1.135,0.6879,2.3331,1006.1867,101.0,107.6,64.2,65.5,197.726,0.2241,0.0931,0.0223,0.0473,0.0086,6.0767,6.663,11.287,0.0071,0.26,0.0216,1407.0,1212.0,0.073,0.07,0.258,2.1,0.427,0.6977,0.0637,0.4922,0.214,0.7596,0.825,0.0912,10.86,25.65,22.508,0.42,15.8,3.5,34.052,131.579,0.0514,0.0664,0.0306,0.0711,0.0436,0.0813,0.0823,0.086,5.1436,0.0681,0.0023,129.1127,0.0351,549.8003,0.0149,0.0136,0.0569,0.0249,53.7527,3.9187,0.0274,0.6242,0.0916,2.3264,27.5865,41.0481,19.5196,0.0763,2.6062,0.0297,2.0021,0.072,0.0075,617.5862,187.8554,542.8692,515.0012,0.0355,0.0324,0.1086,0.7097,0.0456,0.1429,0.278,0.0247,0.0995,7.4754,0.2692,10.5805,0.0294,3.1061,6.9894,8.4523,0.105,1.1299,1.3875,10.3546,37.792,0.0158,0.0299,0.0146,0.0325,0.0133,0.0459,0.0428,0.0394,1.8878,0.0222,0.0006,38.8402,0.0114,189.4929,0.014,0.0096,18.2229,1.1155,0.0106,0.2022,0.0328,4.3765,0.8649,4.4389,3.6507,2.7811,2.9523,22.7125,17.1239,6.7492,164.29784999999998,2.806,0.7272,2.0841,1.5579,26.5931,828.7179,5.7822,3.4649,3.5113,3.1338,36.0,61.6569,12.5359,0.8159,0.724,0.7689,0.2136,6.3158,8.0039,4.9031,10.2319,7.8719,4.0812,22.0783,5.7499,3.9935,8.8256,162.6752,4.8073,40.6686,172.49815,0.0,0.0,420.0886,0.0,355.7987,313.8227,0.0,71.8753,1.962,2.8844,0.2294,7.0152,17.8139,0.0,45.9372,0.0,12.2832,2.6087,7.5808,0.0972,6.6283,10.0546,3.9243,5.7115,76.64055418346447,16.643300449236005,1.2344079839539506,7.404094917021777,0.49870443584309143,56.66732945664821,4.146511367149344,1.626059496908551,0.3629,0.068,37.5266,6.421534179415869,0.14035964744722104,2.580173640649698,0.058566594319618415,2.444309911971432,21.12482483174302,536.4418,1.9814,7.6801,0.3167,2.8315,0.0844,1.4317,15.9851,0.0193,3.8429,0.0122,0.0227,187.0796
-1.0,3036.64,2194.5889,1.2686,97.7622,1.5093,-0.0022,0.0126,199.2515,10.9555,393.6944,0.9695,188.7334,12.4349,1.4115,-1791.25,7084.9583,1.2755,1.9633,7.2225,73.3444,1.4778,0.1232,83.8148,8.572,64.2616,65.8501,86.8066,79.38,2.951,357.4864,134.3827,734.4737,0.9733,142.4827,634.3518,127.9156,4.571,4.831,2865.0,0.9242,0.7355,360.2909,10.4043,115.1182,11.0378,19.2645,24.3304,710.1434,149.7936,625.2027,120.87,-0.0016,-0.01,-0.0074,-0.0293,0.0218,-0.0089,0.11345000000000001,8.0482,0.1322,0.9888,1859.2504,0.1693,8723.9299,0.0,0.0,0.0,0.0,0.4598,0.9637,736.894,0.9916,58.8753,0.591,0.9614,6.415,15.59,4.44,15.61,15.54,1.239,0.7635,3.232,-0.1419,0.6847,2.3499,986.0991,119.0,93.0,103.5,46.5,792.535,0.4411,0.1194,0.0767,0.0716,0.0272,10.9708,12.482,7.761,0.0131,0.22,0.048,2060.5,7183.0,0.038,0.059,0.206,2.1,0.179,0.7743,0.0514,0.5316,0.4273,0.8238,0.171,0.0574,4.75,21.29,17.175,1.12,19.56,7.64,35.113,114.048,0.0872,0.0444,0.0296,0.0489,0.0803,0.0735,0.087,0.0179,2.1309,0.0557,0.0024,112.4435,0.0631,728.6006,0.012,0.0111,0.0151,0.003,49.6089,4.0491,0.019,0.5782,0.0917,4.2578,29.5241,32.2871,30.3186,0.1292,2.4688,0.0374,4.3828,0.0584,0.013,912.5788,162.791,2652.9791,3712.0914,0.0193,0.025,0.0959,0.656,0.0437,0.0612,0.2887,0.0199,0.0997,6.5044,0.0568,8.6052,0.0182,1.442,6.2364,4.5897,0.3029,2.374,2.7587,10.6759,32.5876,0.0231,0.0187,0.0128,0.0214,0.025,0.0371,0.0461,0.0084,0.8194,0.0188,0.0007,38.4677,0.0181,223.4963,0.0046,0.0008,17.9865,1.153,0.0072,0.1928,0.0323,5.545,1.3004,5.47,3.0626,4.1668,2.1188,49.0953,34.7727,7.9111,113.9332,1.9713,1.3535,1.7692,3.3977,298.58439999999996,93.2534,2.9792,3.0052,2.8522,2.8632,67.6692,113.6159,5.2436,0.9238,0.6002,0.8272,0.172,5.396,4.2119,3.7839,5.9007,3.3337,3.3562,13.4268,5.7814,10.7648,6.6106,177.2093,4.9445,9.3246,94.3559,0.0,158.0071,663.0508,273.7694,337.5431,974.7899,15.131,26.4766,1.4369,2.3434,0.2427,6.0478,37.2513,0.0,46.9861,0.0,3.2894,0.3121,6.7322,0.0481,6.8775,9.0132,3.9038,10.7691,72.556,17.31,0.72,8.2796,0.2858,79.9443,4.3312,0.9923,0.4201,0.0755,42.8218,4.98,0.0877,2.0902,0.0382,1.8844,15.4662,534.1482,1.6633,10.92,0.2937,3.7983,0.0853,2.0444,17.6552,0.015,3.0269,0.0122,0.0227,187.0796
-1.0,3045.07,2175.9667,1.4139,98.5822,1.4547,0.0007,0.0159,203.7832,7.4457,424.7771,0.9588,194.3958,12.4349,1.4098,-2589.25,-3948.0,1.3197,1.958,7.2465,72.5444,1.6667,0.1423,84.969,8.3331,64.2455,65.8599,86.993,80.71,2.903,358.7282,131.9991,731.294,0.9885,141.4109,632.1382,119.1836,4.571,4.831,2865.0,0.9242,1.2809,360.2864,10.4913,113.28,12.6062,18.7191,23.6041,707.6899,147.3073,620.8736,119.4234,-0.0218,0.0627,0.0136,-0.0145,0.0369,0.0015,0.11345000000000001,6.7804,0.1356,0.9679,1888.9048,0.2024,8796.8197,-0.0399,0.0484,-0.0017,0.0247,0.4547,0.9669,754.992,0.9905,59.2341,0.6123,0.9616,6.408,15.65,4.754,15.71,15.67,1.163,0.8069,3.215,-0.5677,0.6697,2.349,1004.5944,136.0,183.2,176.9,50.0,313.528,0.3307,0.0769,0.0481,0.0359,0.0176,8.9115,5.433,10.554,0.0189,0.22,0.038,159.0,2988.0,0.143,0.149,0.13,1.4,0.303,0.7984,0.1227,0.5612,0.3052,0.7328,0.495,0.0696,7.27,18.49,31.661,0.272,18.14,5.92,34.909,76.218,0.0798,0.0886,0.0448,0.0379,0.0752,0.0804,0.0648,0.0205,2.2512,0.0457,0.0063,129.2991,0.064,593.0996,0.011,0.0115,0.0174,0.0177,64.6977,4.5352,0.0346,0.4793,0.0935,2.7299,34.6501,60.4857,55.1954,0.0993,2.6762,0.0294,1.7549,0.0584,0.0135,67.8792,327.3534,2235.6531,2112.8351,0.0644,0.0616,0.0593,0.5199,0.0425,0.1069,0.3036,0.0452,0.108,6.2122,0.1588,8.7815,0.0192,2.1337,5.2943,8.4587,0.0954,1.682,2.2441,10.8039,29.4662,0.0208,0.0362,0.0198,0.0166,0.0215,0.0399,0.0337,0.0102,0.7984,0.0173,0.0019,37.5648,0.0193,174.4016,0.0049,0.0054,22.1993,1.3101,0.0112,0.1706,0.0332,3.7342,0.9095,6.1862,6.0163,6.7564,2.2978,20.3646,23.3882,5.2864,72.968,2.4846,1.9706,1.7692,2.6962,181.2494,75.6839,10.8354,7.6098,1.794,1.9299,48.0,88.5246,9.0149,0.9396,1.472,0.8735,0.1986,5.3718,3.6061,3.8198,7.0404,5.141,2.925,26.5649,5.7814,2.5926,5.7203,143.8975,4.9328,12.9532,63.8217,366.6858,618.59025,278.1651,517.7281,218.1818,0.0,16.8551,33.2017,1.5482,1.8891,0.6527,6.8452,31.6191,325.0883,41.9175,507.6923,3.8307,1.831,8.5693,0.0701,7.6564,7.4797,3.9799,7.2132,75.083608476837,17.61822614178256,1.2289861664544488,7.82245721380322,0.514532579879895,63.548418491236355,4.375871946675847,1.648157378398704,0.3959,0.1107,26.2581,4.64,0.1731,1.9479,0.0675,1.7391,23.8785,534.1482,1.6633,10.92,0.2937,3.7983,0.0853,2.0444,17.6552,0.011,2.2225,0.0253,0.0058,22.7661
-1.0,3085.93,2204.5445,1.0961,95.9222,1.35,0.0002,0.0023,203.0762,12.7964,420.7204,0.9578,193.6488,12.4561,1.4288,-4094.25,2110.25,1.3248,1.956,7.2242,75.3333,2.4111,0.1731,83.779,8.3006,64.3058,65.9432,86.6256,80.55,3.287,349.2909,127.3209,714.9829,1.3297,146.2955,622.9073,185.2384,4.547,4.826,2860.0,0.9339,5.5318,349.1973,10.4314,112.8527,10.7455,14.4682,21.2935,693.6895,150.1118,612.1618,108.1534,0.0012,0.0514,0.023,-0.0458,0.0142,-0.0445,0.019,7.6548,0.1362,0.9891,1816.1426,0.1973,9400.8501,-0.0533,0.0158,-0.0108,-0.0406,0.4625,0.9433,813.6538,0.9913,59.1953,0.585,0.9674,6.332,15.65,4.754,15.71,15.67,1.163,0.8069,3.215,-0.5677,0.6697,2.349,1004.5944,132.0,161.7,152.7,68.5999,1015.8822,0.4832,0.0839,0.0533,0.0579,0.0169,9.9011,13.133,8.962,0.0182,0.18,0.0477,1234.0,8059.0,0.181,0.18,0.229,2.0,0.378,0.6837,0.1092,0.7023,0.4315,0.8577,0.167,0.1118,8.72,8.48,74.781,0.27,14.35,4.97,25.386,106.903,0.0738,0.0765,0.0585,0.0356,0.0635,0.0674,0.0496,0.0212,3.3397,0.0679,0.0016,136.7495,0.0218,890.2998,0.0142,0.0112,0.0241,0.0121,68.9498,3.0466,0.0405,0.4969,0.0935,2.7299,30.3144,55.7315,44.9719,0.1599,3.7392,0.0255,3.9987,0.0424,0.0206,539.0516,180.5298,452.3254,3915.7192,0.0743,0.0791,0.1094,0.6538,0.0403,0.1368,0.2618,0.0475,0.1288,5.3513,0.0555,6.1361,0.0375,2.6015,2.9143,23.3574,0.088,1.4923,1.8595,7.5958,31.6619,0.0196,0.0321,0.0268,0.0146,0.0203,0.0337,0.0222,0.0103,1.0196,0.0223,0.0006,43.5709,0.0075,250.9898,0.0069,0.0039,20.4132,0.7783,0.0103,0.1716,0.0332,3.7342,0.9095,6.0509,5.2399,6.0632,3.1117,51.9909,44.0828,6.2148,102.6307,2.1302,1.8965,1.4451,3.3364,26.2075,381.8979,13.663,9.2025,3.1699,2.6549,66.3594,75.6739,11.0172,0.8161,1.3158,1.0921,0.1712,4.4691,6.7939,2.9185,8.4105,5.9605,1.3614,40.3702,3.8129,2.5883,3.828,133.5444,3.6596,27.408,98.8439,0.0,0.0,154.6145,138.5329,474.6479,111.5233,111.726,43.6282,1.8355,2.849,0.1641,7.5297,11.0623,597.3333,44.0461,0.0,5.2177,1.2807,8.4741,0.0557,5.1466,7.8482,3.9799,7.2132,75.79412281315386,16.86744563458873,1.2173600024617495,7.572248301881271,0.5213935108564274,58.253231373651055,4.190788673120485,1.5921726328196864,0.2105,0.0525,20.9548,4.98,0.0877,2.0902,0.0382,1.8844,15.4662,536.6509,2.4087,5.86,0.3071,2.1212,0.0862,1.092,12.7505,0.0117,2.3453,0.0253,0.0058,22.7661
-1.0,2952.31,2188.7222,1.1721,105.17,1.448,-0.0233,0.0087,203.7087,5.1783,420.6882,0.9709,194.2637,12.522,1.4112,-3519.0,-1115.6667,1.2565,1.9775,7.1267,67.4111,2.4111,0.1949,84.7646,8.5862,64.3404,66.2443,86.5384,80.26,2.817,353.3827,146.9073,748.2793,1.277,144.1118,644.4018,234.2363,4.586,4.844,2864.0,0.9267,-3.1227,354.7455,10.2565,123.7845,15.3963,23.1227,31.4849,716.7944,150.4755,629.0055,117.5116,-0.0018,-0.0164,-0.0612,0.0203,0.0242,-0.0118,-0.049,8.0198,0.1332,0.9905,1766.5759,0.2005,8204.2999,0.0401,0.0372,-0.0012,0.0563,0.442,0.9562,690.6223,0.9919,58.3872,0.608,0.9636,6.3816,15.59,4.44,15.61,15.54,1.239,0.7635,3.232,-0.1419,0.6847,2.3499,986.0991,105.0,197.2,101.8,42.6001,385.4811,0.2903,0.1103,0.0728,0.0368,0.0086,9.4255,9.689,10.144,0.0089,0.25,0.0611,773.0,1733.0,0.226,0.127,0.163,2.2,0.339,0.791,0.0427,0.5513,0.3387,0.97,0.661,0.1541,12.62,17.83,37.728,0.421,18.44,6.76,28.811,67.762,0.0867,0.05,0.047,0.0244,0.0658,0.0977,0.1046,0.0554,3.616,0.052,0.001,98.8917,0.0452,1608.7002,0.0145,0.0124,0.120188138292432,0.0261,191.0478,1.5886,0.0181,0.5601,0.0917,4.2578,29.2712,54.3479,32.3343,0.1121,2.6085,0.0399,2.8198,0.0715,0.0239,373.657,434.9291,647.6146,947.8673,0.1026,0.0613,0.0679,0.8448,0.0652,0.1023,0.2804,0.018,0.0738,5.5427,0.1883,10.7285,0.0446,3.5487,5.6181,10.6916,0.1224,1.8518,1.972,9.8402,22.0299,0.0249,0.022,0.0217,0.01,0.0203,0.0468,0.0508,0.0261,1.345,0.0171,0.0003,32.3838,0.0143,460.0775,0.02801905827358544,0.0087,56.1506,0.4351,0.0062,0.1962,0.0323,5.545,1.3004,4.8256,6.6795,4.1491,1.9463,29.0814,24.7672,7.6175,164.29784999999998,2.4113,0.9147,1.9965,4.3303,40.8639,155.3331,17.9865,6.4223,2.2872,3.2636,45.6221,96.9783,9.9123,0.9332,0.4971,0.8568,0.3795,5.3483,9.523,4.5708,12.0701,8.7571,2.7669,16.1068,5.5179,4.1047,6.8991,119.7687,4.0194,11.6439,57.6641,0.0,181.3237,39.853,323.4409,403.3024,884.5666,113.0036,45.0888,3.3775,2.1517,0.1017,5.5979,22.5577,0.0,45.9459,0.0,26.600115265074077,2.7288,27.6631,0.0405,2.7208,8.7764,3.9038,10.7691,73.296,13.54,0.52,6.4826,0.2116,34.6772,3.3822,0.7095,0.7741,0.1423,79.1805,3.17,0.1069,1.4096,0.0393,1.2775,15.377,529.6845,2.35,9.03,0.3924,3.1569,0.1306,1.7048,16.6976,0.0155,3.1238,0.0253,0.0058,22.7661
-1.0,3047.06,2204.5445,1.0961,95.9222,1.4056,0.0177,0.0153,198.9958,3.6817,396.3827,0.9784,188.6503,12.285800000000002,1.4237,-3901.0,-6312.75,1.3017,1.9912,7.2187,73.6778,2.2667,0.1839,83.7568,8.2981,64.638,65.9373,86.6174,80.57,3.675,357.1373,130.7564,729.2824,0.982,142.5518,630.4455,118.2765,4.571,4.831,2865.0,0.9242,6.1855,358.3155,10.5055,116.9418,5.6269,13.8145,14.0352,715.2473,153.2364,628.4936,171.74984999999998,-0.0076,0.0049,0.0624,-0.0292,0.0173,-0.0221,-0.0025,7.0288,0.1299,0.965,1827.0966,0.1544,9263.4,0.0092,0.0177,0.0244,-0.0091,0.44811041864050005,0.949,819.4529,0.9915,58.8418,0.5965,0.966,6.3559,15.59,4.44,15.61,15.54,1.239,0.7635,3.232,-0.1419,0.6847,2.3499,986.0991,130.0,188.4,147.9,68.5999,1015.8822,0.4832,0.1471,0.0812,0.0709,0.011,10.9564,6.58,12.169,0.0057,0.66,0.0373,1086.0,13368.0,0.085,0.065,0.147,1.8,0.323,0.5941,0.1229,0.497,0.2148,0.7974,0.308,0.0823,6.36,16.15,19.067,0.143,10.01,6.89,34.823,63.075,0.0801,0.0569,0.0842,0.0513,0.1042,0.0776,0.0632,0.0464,4.0594,0.0584,0.0108,202.6879,0.0241,547.5996,0.0102,0.0226,0.04925841186220953,0.0201,57.5735,2.9195,0.0435,0.5751,0.0917,4.2578,31.2292,62.4489,51.1465,0.1599,3.7392,0.0523,1.8713,0.174,0.0146,498.1252,123.6797,556.9946,5595.3125,0.0394,0.0334,0.0652,0.6058,0.0541,0.101,0.2274,0.0499,0.0927,5.9816,0.095,8.8093,0.024,1.7377,5.2905,5.4044,0.0508,1.986,2.566,10.9212,18.0143,0.021,0.0259,0.0388,0.0238,0.0345,0.0348,0.0283,0.0212,1.3442,0.0171,0.0041,61.574,0.0066,189.9536,0.014887791907362415,0.0059,19.4571,0.7451,0.0131,0.1925,0.0323,5.545,1.3004,5.8617,6.183,5.8432,3.1117,51.9909,44.0828,10.4657,164.29784999999998,3.07,0.5844,5.4411,2.6207,25.0449,211.7619,6.5297,3.2643,2.0364,2.4431,75.0,90.8157,9.8619,0.7093,1.4805,0.7689,0.1184,4.9785,4.6422,3.993,8.3794,4.4615,2.5617,16.1207,5.7814,1.3612,5.7293,177.8946,4.8687,4.6368,27.9603,0.0,185.6444,82.2445,357.2316,449.2041,286.2967,0.0,57.7545,2.3869,2.41,1.1155,11.0934,15.6375,807.1429,62.5938,0.0,12.062900006365236,2.1128,7.0259,0.0501,4.9617,9.0478,3.9038,10.7691,72.092,16.01,1.25,7.7042,0.5063,36.5407,3.8906,1.7339,0.3521,0.0781,37.3218,8.22,0.1373,3.1316,0.0602,3.2672,18.6735,534.1482,1.6633,10.92,0.2937,3.7983,0.0853,2.0444,17.6552,0.0124,2.5021,0.0253,0.0058,22.7661
-1.0,2991.25,2194.8,1.513,99.0344,1.4745,-0.0053,0.008,198.3019,5.1992,410.8906,0.973,188.9867,12.4308,1.408,-4337.5,-2694.6667,1.303,1.9665,7.263,75.3667,2.5889,0.1867,85.4656,8.5407,64.2771,65.9873,86.8223,80.93,3.674,349.3591,127.0018,712.9565,0.9889,143.3836,619.7445,124.1755,4.563,4.801,2856.0,0.9344,1.9936,348.1427,10.6936,108.9955,14.4818,18.0064,22.1064,690.8502,148.1245,605.2627,95.3717,-0.0145,0.0425,0.0221,-0.0224,0.0244,-0.0421,0.0279,7.6652,0.1403,0.99,1836.4015,0.1941,8982.99,0.020942264295099766,0.001528036845320005,0.01876502417080532,0.034818011218967715,0.4627,0.9407,787.6043,0.9904,59.1527,0.6062,0.9654,6.3573,15.65,4.754,15.71,15.67,1.163,0.8069,3.215,-0.5677,0.6697,2.349,1004.5944,132.0,242.2,219.2,52.7,300.355,0.1818,0.152,0.047,0.0465,0.015,14.56,6.122,18.736,0.0111,0.36,0.0581,945.0,1870.0,0.108,0.095,0.248,1.9,0.664,0.3745,0.1348,0.6187,0.3023,0.7682,0.317,0.0675,5.29,13.55,16.247,0.363,10.76,4.16,21.706,75.918,0.1043,0.03,0.0503,0.0322,0.0865,0.1626,0.046,0.0557,2.2448,0.0679,0.0006,141.2932,0.046,809.7998,0.0151,0.0109,0.0226,0.0276,89.2596,4.368,0.0306,0.4804,0.0935,2.7299,30.3144,74.2043,67.7961,0.068,1.3562,0.0519,2.2997,0.1112,0.0202,409.9849,104.8062,5823.189049999999,936.0563,0.0443,0.0423,0.1197,0.7141,0.069,0.2066,0.1597,0.0562,0.1018,5.7628,0.0879,6.2891,0.0233,2.0349,3.7657,4.7821,0.1183,1.4134,1.3596,6.9247,21.2724,0.0247,0.0141,0.022,0.0146,0.0243,0.071,0.0201,0.0258,0.9102,0.0223,0.0002,45.0957,0.0133,301.3587,0.0057,0.0101,31.0666,1.2586,0.0101,0.1583,0.0332,3.7342,0.9095,6.0509,8.0969,8.701,2.4011,20.6277,12.017,10.3083,117.7493,4.5598,1.1443,2.896,4.1271,298.58439999999996,69.3963,8.2886,4.8309,3.4146,2.521,57.9399,107.1429,19.7756,0.4382,1.5781,0.9626,0.2217,5.4128,6.3385,3.0646,6.8304,3.6894,2.1864,13.0839,4.2375,3.3945,6.4223,74.3002,3.1419,22.9592,79.6022,718.0723,618.59025,145.7014,385.6227,667.7618,109.3286,199.4628,29.2861,2.2099,2.849,0.0593,7.694,23.7042,566.2338,68.2667,0.0,4.8757,2.9308,11.3331,0.1256,7.3843,7.5571,3.9799,7.2132,73.082,18.97,0.43,8.6934,0.1537,60.2234,4.6776,0.5884,0.3911,0.0737,39.4945,4.4,0.0858,1.6712,0.0354,1.6521,12.5961,538.4991,2.2135,8.72,0.2363,3.1199,0.0788,1.6193,10.6737,0.0154,3.084,0.0253,0.0058,22.7661
-1.0,3045.33,2194.5889,1.2686,97.7622,1.407,0.0053,0.0047,199.1731,5.6552,399.2567,0.9714,188.67,12.4049,1.4114,-3751.75,-3872.25,1.284,1.9937,7.3222,72.8556,1.9778,0.1384,84.969,8.3331,64.2455,65.8599,86.993,80.71,2.903,350.4491,137.5573,731.4903,1.0237,140.7918,628.7982,133.9591,4.574,4.804,2851.0,0.9327,0.2436,353.2764,10.4616,117.8009,13.5982,19.7564,24.6507,706.8395,145.5309,616.6082,92.6752,0.0058,0.0633,-0.0009,-0.033,-0.0069,0.017100000000000004,0.11345000000000001,7.4209,0.1308,0.9671,1907.2316,0.2021,9170.16,-0.0535,-0.0316,-0.0124,-0.0461,0.4553,0.97,781.0278,0.9915,58.5776,0.5976,0.9601,6.4653,15.72,4.633,15.75,15.73,1.182,0.7892,3.311,-1.135,0.6879,2.3331,1006.1867,136.0,147.0,115.2,46.5,792.535,0.4411,0.0979,0.0609,0.0354,0.0245,10.9958,5.716,7.793,0.012,0.19,0.0489,681.0,17919.5,0.162,0.092,0.11,1.3,0.574,0.7984,0.1227,0.5612,0.3052,0.7328,0.222,0.1359,6.26,24.86,20.516,0.612,16.38,15.56,31.042,71.99,0.0898,0.0375,0.0385,0.0205,0.0757,0.1073,0.1158,0.0348,4.5043,0.0495,0.0034,97.098,0.0273,1082.7002,0.0171,0.0111,0.0391,0.0186,134.9918,3.8861,0.0235,0.1726,0.0916,2.3264,34.6501,45.4543,32.723,0.1292,2.4688,0.034,1.7182,0.0533,0.0145,313.2224,262.2842,617.5157,8126.698,0.0761,0.0432,0.0473,0.4902,0.0252,0.17,0.3036,0.0452,0.108,5.383,0.0717,10.6434,0.0377,2.1073,7.1248,6.3645,0.201,4.2085,4.8017,10.6167,24.0046,0.0236,0.0173,0.0182,0.009,0.0244,0.0558,0.0559,0.0154,1.5881,0.0169,0.0012,35.7001,0.0084,343.6797,0.0097,0.0063,39.4949,1.1991,0.0076,0.0598,0.0328,4.3765,0.8649,6.1862,4.8271,4.6598,2.1188,49.0953,34.7727,6.9581,101.0754,1.9519,1.2395,1.5317,3.4654,38.7286,508.2316,12.6168,4.6144,1.5023,1.7844,35.3933,55.618,16.8367,0.9396,1.472,0.8735,0.1986,5.2618,11.9659,4.9123,13.2731,4.4463,3.9536,15.3151,7.5552,5.8499,17.537999999999997,120.4571,4.3917,21.1343,77.6799,0.0,86.2565,0.0,229.2637,0.0,425.7353,24.2255,60.6968,2.4465,2.0288,0.3503,5.091,13.5134,667.6692,57.2263,0.0,8.5881,1.9203,17.2839,0.0918,6.6341,2.6703,3.9243,5.7115,80.29,17.73,1.49,7.3464,0.5858,82.3518,4.4745,1.8558,0.1713,0.0471,17.4932,3.68,0.1457,1.4651,0.0609,1.3751,15.4361,538.4991,2.2135,8.72,0.2363,3.1199,0.0788,1.6193,10.6737,0.0096,1.9382,0.0269,0.016,59.2045
-1.0,3208.47,2194.8,1.513,99.0344,1.47,-0.0283,-0.0086,199.2755,4.7189,401.5309,0.9735,189.7093,12.4349,1.4001,-2857.25,-5864.75,1.3618,2.019,7.3765,75.2333,1.8556,0.1094,84.5303,8.2638,64.3628,65.9266,86.7056,80.91,3.009,344.8918,152.9218,747.5561,0.9648,138.7645,636.5782,131.0798,4.532,4.735,2869.0,0.9295,2.9073,347.28,10.0581,135.8291,8.9432,17.0927,23.0962,724.4599,145.7055,628.8145,121.5332,0.0015,-0.0265,0.0047,-0.0111,0.0249,-0.0107,0.11345000000000001,7.3399,0.1289,0.9854,1776.0103,0.2175,8581.9799,0.062,-0.0539,0.0313,0.0629,0.4433,0.9555,737.2909,0.9906,57.7836,0.599,0.9795,6.3196,15.65,4.754,15.71,15.67,1.163,0.8069,3.215,-0.5677,0.6697,2.349,1004.5944,111.0,187.4,148.7,52.7,300.355,0.1818,0.1397,0.0529,0.0639,0.0204,10.7869,3.979,12.91,0.0103,0.22,0.0711,2060.5,10058.0,0.162,0.158,0.196,2.2,0.267,0.8221,0.0817,0.5653,0.2393,0.8722,0.394,0.0792,5.86,24.78,18.975,0.393,17.68,17.21,37.574,67.26,0.099,0.0534,0.0357,0.0369,0.0916,0.0992,0.1195,0.0458,1.9864,0.0316,0.0015,127.9607,0.1043,1221.6997,0.0369,0.03420000000000001,0.0603,0.0218,125.9235,2.5565,0.0433,0.4529,0.0935,2.7299,30.1488,54.5555,45.6014,0.068,1.3562,0.0408,1.1015,0.0584,0.024,912.5788,469.3875,2869.5144,4436.4651,0.0713,0.076,0.0979,0.7194,0.0455,0.0872,0.3049,0.0379,0.1002,4.3798,0.117,10.4235,0.0259,1.6032,7.1301,6.48,0.117,4.9107,5.3795,12.1904,19.1634,0.0225,0.0227,0.016,0.0166,0.0258,0.0491,0.0621,0.0223,0.6329,0.0099,0.0005,44.6211,0.0308,445.8894,0.0144,0.008,47.6312,0.7528,0.012,0.1415,0.0332,3.7342,0.9095,5.0545,5.8408,6.4821,2.4011,20.6277,12.017,9.5032,84.3203,3.2152,1.0551,1.7692,5.0773,242.8209,171.4992,11.8965,7.8257,2.6571,2.9242,80.8383,122.4365,7.6565,0.9726,0.989,0.8783,0.1429,3.981,9.1812,4.4937,8.2071,4.223,3.8927,14.4759,6.8986,3.9073,17.537999999999997,197.6923,5.1865,16.8748,55.3429,0.0,451.5856,764.9995,825.6901,397.5952,0.0,34.462,27.0627,2.0946,1.2855,0.1479,7.205,47.9551,0.0,59.1133,703.4483,13.6029,2.2775,17.0792,0.0885,4.4243,7.166,3.9799,7.2132,73.65119800825335,17.503838724797344,1.2053196162509212,7.292405939830108,0.5051906516599629,58.36731234893656,4.315455486834901,1.6258307170273523,0.3911,0.0737,39.4945,3.76,0.119,1.6014,0.0499,1.4044,16.2314,534.1482,1.6633,10.92,0.2937,3.7983,0.0853,2.0444,17.6552,0.0114,2.2881,0.0269,0.016,59.2045
-1.0,2939.93,2204.5445,1.0961,95.9222,1.364,0.0035,0.0057,204.2186,5.5945,410.6919,0.9715,194.4497,12.5531,1.4104,-2707.75,148.0,1.2618,2.0057,7.3018,70.0111,2.3667,0.2267,84.3947,8.897,64.5666,66.2412,87.0027,69.13073996876987,3.130051106635878,352.1236,138.6845,735.144,1.3971,144.5564,635.3645,226.5753,4.601,4.837,2850.0,0.9327,0.3491,350.9145,10.5025,119.0336,15.1609,19.6509,27.8925,707.2515,150.2555,620.2036,119.4005,-0.0078,-0.0017,0.0096,-0.0315,0.0271,-0.0193,-0.0069,7.4799,0.1328,0.9671,1907.2316,0.1987,8979.42,0.0383674944894315,-0.005297566161344039,-0.017444226738540944,0.005370933829226876,0.4618,0.9621,760.0694,0.9908,59.1559,0.6036,0.9805,6.2931,15.65,4.754,15.71,15.67,1.163,0.8069,3.215,-0.5677,0.6697,2.349,1004.5944,117.0,137.4,73.1,68.5999,1015.8822,0.4832,0.1199,0.0502,0.0428,0.0254,8.9453,1.697,12.008,0.0129,0.3,0.0543,1174.0,736.0,0.163,0.106,0.115,3.8,0.694,0.3954,0.0786,0.7288,0.328,0.7456,0.374,0.1539,4.73,22.16,63.924,0.515,20.96,18.43,34.306,59.32,0.0878,0.0524,0.0287,0.0316,0.0773,0.0451,0.0798,0.0381,3.0092,0.0414,0.0034,97.098,0.0251,719.6992,0.0165,0.0153,0.0178,0.0125,70.8823,1.9252,0.0337,0.5502,0.0935,2.7299,30.8666,40.3231,24.0614,0.1599,3.7392,0.0411,0.5602,0.0825,0.0159,509.1238,223.7549,2972.7748,339.5949,0.0742,0.0526,0.0542,0.9943,0.0425,0.2146,0.1542,0.0341,0.057,5.8604,0.1034,10.5785,0.0495,1.4716,6.1302,20.3736,0.1572,5.248349999999999,6.425799999999999,11.872,19.4857,0.0235,0.0219,0.0134,0.0135,0.022,0.0258,0.0444,0.016,1.0897,0.0148,0.0012,35.7001,0.008,219.1055,0.0049,0.0035,22.5586,0.7095,0.0107,0.1757,0.0332,3.7342,0.9095,5.2073,4.6736,2.8161,3.1117,51.9909,44.0828,8.7903,30.3331,2.9238,1.3328,2.3899,3.8478,250.2447,497.2973,12.9186,5.2848,1.575,5.4277,71.831,57.3529,20.2997,0.4685,0.8831,1.1288,0.6795,5.6315,13.0873,4.9439,11.0183,3.2721,3.4878,28.2131,6.7342,4.9036,17.537999999999997,138.2508,4.8506,18.2131,49.6816,0.0,0.0,329.1667,245.4455,166.2673,412.4031,554.1818,40.2308,3.1634,1.7056,0.3503,5.091,12.6298,941.5385,42.6288,545.4545,3.8641,1.2951,9.3258,0.0678,3.2544,8.743,3.9799,7.2132,76.89143769560481,17.009756292914208,1.2175771881403414,7.871520461415272,0.5032858612152762,52.498478391910645,4.209133105369076,1.5911400153707673,0.2868,0.055,28.8302,8.4,0.0999,3.0598,0.0367,3.1762,12.6684,533.3382,2.4033,9.43,0.5611,3.4173,0.1642,1.7681,23.3488,0.016,3.2375,0.0269,0.016,59.2045
-1.0,3042.85,2204.5445,1.0961,95.9222,1.4005,0.0032,0.0055,199.1622,10.435,404.8556,0.9762,189.7003,12.4561,1.4081,-4099.0,675.75,1.3053,1.968,7.302,75.7222,1.7889,0.1612,85.7059,8.2395,64.1495,65.9946,86.5783,80.93,3.527,351.8346,125.7555,715.1215,1.0242,142.6745,620.2646,129.2085,4.563,4.79,2860.0,0.9336,1.1136,350.9391,10.7236,106.8691,13.9519,18.8864,23.1136,692.0078,148.5045,606.3127,126.9576,-0.0182,-0.0385,0.0266,-0.0173,0.0013,-0.0193,0.0047,7.8508,0.1317,0.9901,1857.2319,0.1988,8380.05,-0.0733,0.0781,-0.0072,-0.0144,0.4575,0.9629,731.8077,0.9911,59.2185,0.6154,0.966,6.3942,15.72,4.633,15.75,15.73,1.182,0.7892,3.311,-1.135,0.6879,2.3331,1006.1867,99.0,220.4,178.5,68.5999,1015.8822,0.4832,0.1168,0.0756,0.0424,0.0112,6.1935,10.816,10.245,0.0073,0.18,0.0281,1977.0,223.0,0.206,0.089,0.268,1.7,0.496,0.8756,0.0704,0.4991,0.264,0.8387,0.305,0.0626,5.28,12.38,27.122,0.191,11.8,5.12,24.003,71.439,0.1102,0.0342,0.035,0.0222,0.0906,0.0825,0.0817,0.0321,4.7435,0.0349,0.0016,175.6019,0.0613,728.0,0.0137,0.0081,0.0185,0.0134,74.5424,2.7669,0.0298,0.6083,0.0916,2.3264,26.7157,80.8975,70.5547,0.1599,3.7392,0.0426,3.9225,0.0424,0.0102,858.7444,158.4727,495.7183,112.2805,0.0867,0.0399,0.1284,0.6778,0.0409,0.1664,0.338,0.0255,0.0879,5.3527,0.098,6.3107,0.0175,1.6837,3.4496,8.007,0.0629,1.6016,2.2038,7.3652,22.1783,0.0263,0.0177,0.0162,0.0094,0.0262,0.0435,0.0398,0.0143,1.4902,0.0139,0.0004,54.9647,0.0178,206.5307,0.006,0.0038,21.4411,0.7907,0.0101,0.2026,0.0328,4.3765,0.8649,4.5434,7.2432,7.4276,3.1117,51.9909,44.0828,8.3399,103.6512,2.5305,0.7458,1.4451,1.9927,25.6648,33.0004,15.7824,4.5224,3.6702,2.245,55.9006,90.5582,14.7351,1.0216,0.8549,0.778,0.2008,4.9256,5.8049,3.0521,6.1101,3.7007,1.9959,20.9909,3.7624,1.7811,2.592,84.5765,3.4686,8.9856,56.27,604.4566,156.8807,83.4586,523.6994,0.0,422.2222,682.9787,60.4211,1.6709,1.4469,0.1584,9.455,30.849,380.0587,58.5366,419.0476,4.0399,1.3867,10.1861,0.065,4.6724,9.5136,3.9243,5.7115,77.24661545278805,17.23316276946119,1.2618262535048321,7.763643865467823,0.523332783480968,57.01012229912278,4.251962515982078,1.6136551132688206,0.1152,0.0287,11.8946,5.44,0.1863,2.2532,0.072,2.0752,28.7951,536.6509,2.4087,5.86,0.3071,2.1212,0.0862,1.092,12.7505,0.0128,2.5914,0.0111,0.0069,62.3602
-1.0,3039.04,2187.8111,1.499,90.4933,1.3958,0.0024,0.0053,198.7674,8.8131,398.4613,0.9702,188.4114,12.4561,1.3938,-4029.5,-867.5,1.298,1.9642,7.182,75.0889,2.2667,0.1621,85.7059,8.2395,64.1495,65.9946,86.5783,80.93,3.527,347.4064,130.2891,717.2754,1.0236,142.2927,619.9882,120.6784,4.563,4.79,2860.0,0.9336,1.3009,349.7645,10.5081,111.59,10.6702,18.6991,23.4987,693.7766,149.0882,610.4427,76.701,0.0092,-0.0305,0.0267,-0.0143,-0.0068,-0.0217,0.001,8.3635,0.1307,0.9872,1937.2993,0.169,8996.3499,0.0703,0.0716,-0.0352,-0.0039,0.4478,0.9596,770.6422,0.9917,57.6795,0.6044,0.9676,6.306,15.72,4.633,15.75,15.73,1.182,0.7892,3.311,-1.135,0.6879,2.3331,1006.1867,95.0,103.7,88.7,50.2002,1015.8822,0.6078,0.0963,0.071,0.0454,0.0241,10.8523,6.855,12.965,0.0119,0.18,0.0249,1401.0,2539.0,0.117,0.116,0.211,1.8,0.428,0.8756,0.0704,0.4991,0.264,0.8387,0.298,0.0853,5.09,14.46,15.226,0.246,11.64,6.35,25.283,24.945,0.0621,0.0515,0.12045,0.0327,0.1363,0.1135,0.1109,0.041,2.8558,0.0657,0.0027,168.7511,0.0928,979.2002,0.011,0.0117,0.120188138292432,0.0247,127.6097,1.7496,0.0245,0.5877,0.0916,2.3264,26.6945,32.386,29.0933,0.2177,2.8257,0.028,1.9147,0.0424,0.01,575.0956,126.9081,1321.8271,1296.9417,0.0485,0.0497,0.1019,0.6173,0.0318,0.1277,0.338,0.0255,0.0879,5.6737,0.0975,6.1453,0.0242,1.7217,4.2696,4.6112,0.0732,1.8686,3.0947,8.2657,6.3683,0.0226,0.0249,0.055099999999999996,0.0145,0.0387,0.055,0.0588,0.0185,0.9438,0.0206,0.0007,51.7065,0.0256,307.0449,0.02801905827358544,0.0073,37.999,0.493,0.008,0.198,0.0328,4.3765,0.8649,4.3483,3.4123,3.4129,2.2945,77.0342,40.5482,6.8992,77.782,3.2538,1.2219,1.4451,1.7865,70.8773,292.6801,9.0139,5.9056,2.9379,2.3972,61.7647,54.2838,12.5849,1.0216,0.8549,0.778,0.2008,5.282,6.1018,2.9959,8.33,3.5771,2.3323,12.617,3.7624,2.3411,4.5255,109.0888,3.6443,8.6745,32.5224,678.2253,597.1014,122.3573,949.8258,0.0,512.2402,0.0,34.1462,2.6012,2.7142,0.2743,8.7106,54.8978,900.0,19.6721,457.1429,26.600115265074077,2.5773,16.5589,0.1,3.0334,9.3192,3.9243,5.7115,74.23118388059278,16.47271211656309,1.1977979395929765,7.39704015203579,0.49454317142707205,52.022919509050176,4.106006347939174,1.6297477270285665,0.1388,0.0356,14.546,4.98,0.0877,2.0902,0.0382,1.8844,15.4662,535.6282,2.2411,9.11,0.2426,3.0971,0.0689,1.7008,10.8262,0.0119,2.4025,0.0111,0.0069,62.3602
-1.0,3050.36,2220.0445,1.7112,88.0444,1.3761,0.0023,0.0032,199.1521,3.1284,409.8828,0.9738,189.2319,12.5535,1.4237,-3599.75,-955.0,1.3055,2.014,7.2878,73.1222,2.4444,0.1817,85.7059,8.2395,64.1495,65.9946,86.5783,80.93,3.527,351.1009,125.3836,714.3267,1.0229,141.46,617.9445,128.8343,4.563,4.79,2860.0,0.9336,2.1918,350.76,10.6709,107.5755,11.1672,17.8082,20.8256,693.5011,148.4418,606.7773,116.1191,0.025,-0.0343,0.0223,0.012,0.0644,-0.0255,-0.0099,8.3537,0.141,0.9905,1797.1417,0.2011,9281.72,0.0397,0.0549,0.0059,0.0448,0.4552,0.9552,815.7125,0.9914,58.8605,0.6085,0.9645,6.3623,15.86,4.853,15.87,15.79,1.239,0.7699,3.222,-0.8988,0.7402,2.3124,1003.1082,172.0,81.2,75.5,45.0,288.3828,0.4508,0.0954,0.0736,0.0563,0.023,11.4152,5.762,13.619,0.0118,0.22,0.0353,1433.0,10865.0,0.198,0.117,0.181,1.9,0.733,0.8756,0.0704,0.4991,0.264,0.8387,0.183,0.0759,4.01,12.91,17.883,0.257,12.6,1.75,23.299,28.251,0.0679,0.10470000000000002,0.0394,0.0647,0.082,0.0988,0.0885,0.0423,1.9748,0.0671,0.0008,81.5529,0.0468,717.5996,0.0095,0.0132,0.0163,0.0213,88.5121,3.5707,0.0284,0.5679,0.0987,5.6792,35.9311,26.4697,20.8294,0.1445,1.1262,0.038,2.0901,0.0584,0.0127,646.9685,562.8794,405.4351,4529.0079,0.0852,0.0543,0.0831,0.5044,0.0314,0.2866,0.338,0.0255,0.0879,5.5559,0.0656,6.3851,0.0244,1.3778,3.9829,5.8951,0.0786,0.5373,1.255,7.3129,7.6085,0.021,0.0455,0.018,0.0275,0.0231,0.0487,0.0453,0.0219,0.8336,0.0212,0.0003,24.268,0.0151,238.5309,0.0045,0.0071,27.6261,0.9128,0.0111,0.1915,0.0354,6.4202,1.8643,7.7007,2.662,2.6524,2.027,12.7983,26.3461,6.9328,164.29784999999998,3.3227,1.2146,1.7525,2.4767,24.9184,0.0,15.1666,5.8093,2.4836,2.5984,40.9091,60.5505,22.3083,1.0216,0.8549,0.778,0.2008,5.2748,6.1411,3.0548,7.4157,2.8347,2.0892,13.8806,3.7624,2.4084,6.4885,112.8302,3.3596,14.2523,24.3293,271.6,421.326,290.4602,685.8338,153.3566,347.3994,426.1965,23.6402,4.941799999999999,2.7752,0.0768,4.5379,23.2799,869.1358,29.6984,759.322,3.5725,2.2248,10.8509,0.0412,6.0664,8.9265,4.2666,14.2688,74.77793571770928,17.50134238356333,1.2543387509075692,7.856125047169404,0.5402404067308988,42.04068460774014,4.333151293018692,1.689454698986346,0.2454,0.0525,24.7203,9.62,0.2235,3.8116,0.0914,3.6969,25.7892,534.8373,2.4114,9.91,0.2574,3.5688,0.0809,1.8529,10.6739,0.0093,1.8788,0.0111,0.0069,62.3602
-1.0,3012.09,2216.7333,1.1127,97.5822,1.5136,-0.009,0.0129,198.9641,4.4698,405.1324,0.9731,189.0151,12.6184,1.4087,-6240.3333,1058.0,0.9855,1.8923,5.122,71.8556,2.7444,0.1799,84.7348,8.6706,64.5635,65.8977,86.8967,77.84,3.515,357.5045,130.0855,728.1839,0.964,138.6427,626.2327,119.6453,4.646,4.907,2862.0,0.9272,4.6103155745745,355.15909726776005,10.569115709314403,116.50231924881085,19.072975920316544,19.436959027415348,25.661985301746927,703.3610600917706,147.43757670956296,619.1016865385699,112.04678695863997,0.0002,-0.0293,-0.0102,0.0051,0.0796,-0.0198,0.0259,7.1929,0.1335,0.9887,1779.3261,0.2018,8705.8999,0.0,0.0,0.0,0.0,0.4567,0.9637,752.0818,0.991,59.0306,0.6012,0.9629,6.2653,15.86,4.853,15.87,15.79,1.239,0.7699,3.222,-0.8988,0.7402,2.3124,1003.1082,140.0,197.6,173.7,66.5,1015.8822,0.2942,0.1299,0.0799,0.034,0.0246,11.2671,7.575,17.806,0.0127,0.32,0.0365,322.0,165.0,0.133,0.093,0.059,2.7,0.112,0.4945,0.0975,0.5131,0.4189,0.7879,0.459,0.0609,3.89,17.34,13.046,0.5220558558275099,11.323106024473784,5.69773309852957,29.962337024399098,77.4377774240701,0.0903,0.0493,0.0318,0.0309,0.0677,0.0285,0.0977,0.0402,5.4691,0.03,0.0016,114.1705,0.0513,485.6992,0.018,0.03420000000000001,0.0187,0.0074,60.6923,2.5364,0.0371,0.3165,0.0987,5.6792,36.7818,62.0831,50.1698,0.0985,1.9866,0.0504,2.743,0.0877,0.0123,157.4717,278.1277,5823.189049999999,70.2994,0.0548,0.0382,0.0298,0.8263,0.0168,0.0391,0.2281,0.0386,0.034,5.6552,0.1279,8.669,0.0178,1.1939,5.7005,4.1117,0.17301058681060247,1.0830791079244655,2.90899237386662,10.42434666667016,23.43738852536392,0.0234,0.0222,0.0133,0.0137,0.0245,0.0132,0.0526,0.0169,1.5947,0.0107,0.0005,35.1158,0.0136,149.0738,0.0054,0.0021,16.3392,0.6566,0.0113,0.103,0.0354,6.4202,1.8643,6.4646,6.5602,6.8089,2.9999,60.7637,26.436,8.5819,164.29784999999998,4.3951,1.3015,2.536,2.5911,180.7596,15.5955,13.4957,4.9148,1.1519,3.7575,29.1498,30.0185,2.4094,0.5836,1.1239,0.7947,0.6795,4.9314,4.105,3.622,6.3215,2.8058,2.7689,10.9039,6.1706,5.357436899380378,6.36930007663301,131.2716488639121,4.176270446256051,15.346687306655777,74.45381479456005,0.0,236.7347,304.4335,0.0,35.804,492.1914,155.2124,76.0351,1.6479,1.2144,0.1621,6.4165,25.4216,0.0,50.8235,989.4737,4.0926,0.7677,8.0699,0.056,4.2968,5.0517,4.2666,14.2688,77.3784118008997,17.043526737904674,1.2895364198012278,7.952466890254365,0.5334224032067012,57.85595702612353,4.2095876681279725,1.6671523463934264,0.1459,0.0398,14.896,7.48,0.1112,3.4475,0.0414,2.857,15.336,533.6364,2.2904,13.09,0.2914,4.4838,0.1056,2.453,12.7241,0.0073,1.4634,0.0111,0.0069,62.3602
-1.0,2924.39,2188.7222,1.1721,105.17,1.4339,-0.0124,-0.0078,204.1209,7.3978,431.2195,0.964,194.7151,12.5216,1.4311,-5549.75,-1130.0,1.3013,1.9932,7.2262,73.7222,1.5222,0.1039,85.3881,8.3179,64.2195,66.0583,86.5962,81.06,3.074,352.67,142.0418,741.2535,1.2909,145.59,640.3018,195.0942,4.592,4.841,2857.0,0.9288,0.1809,353.9527,10.3693,122.2227,15.8327,19.8191,27.2003,714.0532,148.2936,624.4691,113.2282,0.0093,0.0553,0.0268,-0.0115,-0.0062,-0.0353,0.0061,8.2053,0.1308,0.9876,1790.6877,0.26075000000000004,8386.94,0.009,-0.0046,-0.039,-0.0072,0.4547,0.9581,717.8799,0.9905,57.6385,0.6061,0.9669,6.3591,15.72,4.633,15.75,15.73,1.182,0.7892,3.311,-1.135,0.6879,2.3331,1006.1867,139.0,133.3,73.5,42.6001,385.4811,0.2903,0.0769,0.089,0.0422,0.014,7.8191,7.611,17.171,0.0145,0.27,0.0696,546.0,11765.0,0.23,0.134,0.324,2.1,0.469,0.5343,0.0469,0.6495,0.3463,0.6915,0.315,0.1143,4.91,20.92,52.059,0.313,19.61,3.85,35.226,87.425,0.0783,0.0522,0.0743,0.0268,0.0587,0.0781,0.15199999999999997,0.062,1.9003,0.0632,0.002,108.9407,0.1254,1035.4004,0.0137,0.0141,0.0231,0.0279,103.2485,4.0226,0.0371,0.6015,0.0916,2.3264,32.7834,39.1762,23.9919,0.1121,2.6085,0.0238,2.3043,0.0781,0.0286,236.0847,252.7626,2386.3614,5058.7612,0.0972,0.0615,0.1328,0.6741,0.0364,0.1623,0.2173,0.0212,0.094,4.5473,0.1042,10.6248,0.0356,1.5035,6.4335,15.0132,0.101,1.277,1.2965,11.2256,27.9215,0.0254,0.0214,0.0356,0.014,0.0209,0.0392,0.0789,0.0256,0.7336,0.019,0.0006,36.3007,0.0374,350.9664,0.0066,0.0114,37.3863,1.1584,0.0124,0.1951,0.0328,4.3765,0.8649,6.4202,4.5582,2.9746,1.9463,29.0814,24.7672,5.3629,102.8817,3.982,1.5019,2.1563,4.8661,80.2559,0.0,17.6753,6.7227,4.4837,2.8485,118.2482,128.0214,13.8257,0.6257,0.5636,1.0114,0.2365,3.499,8.8495,4.6531,8.8558,3.3725,3.2672,26.684,5.8278,3.0185,9.8345,123.8572,4.9332,7.0592,77.2113,840.8054,247.981,99.8138,508.2251,0.0,458.9653,0.0,23.1593,1.9884,2.631,0.2028,6.0837,63.31987047269746,0.0,75.2656,0.0,5.0741,2.908,14.3824,0.103,6.979,9.4586,3.9243,5.7115,83.21,18.39,1.15,8.2322,0.4637,68.7125,4.474,1.382,0.13,0.0344,13.4294,4.98,0.0877,2.0902,0.0382,1.8844,15.4662,534.6691,2.1795,9.5099,0.3054,3.4888,0.0952,1.7787,14.0116,0.0129,2.6081,0.0294,0.0051,17.3775
-1.0,2988.81,2187.8111,1.499,90.4933,1.3753,0.0079,0.0145,199.343,10.6135,408.0283,0.9741,189.8662,12.4561,1.4265,-3916.0,-6222.0,1.3168,1.9463,7.2077,74.0111,1.9111,0.1307,85.7059,8.2395,64.1495,65.9946,86.5783,80.93,3.527,351.6191,124.8336,713.5728,1.0044,141.1791,617.6318,128.2713,4.563,4.79,2860.0,0.9336,0.7482,351.0064,10.7248,105.5818,13.0373,19.2518,23.6254,689.9475,148.0064,604.5945,117.8742,-0.0104,0.0067,0.0322,-0.0032,0.0274,0.0028,0.0075,7.5153,0.1334,0.9893,1865.4332,0.198,9376.2899,-0.04,0.0074,0.0567,0.1363,0.4596,0.9422,809.043,0.9914,58.831,0.6052,0.965,6.3847,15.72,4.633,15.75,15.73,1.182,0.7892,3.311,-1.135,0.6879,2.3331,1006.1867,153.0,151.7,94.5,50.2002,1015.8822,0.6078,0.1434,0.0677,0.0523,0.013,6.1882,9.898,8.962,0.0101,0.18,0.0446,288.0,7677.0,0.232,0.129,0.212,2.1,0.403,0.8756,0.0704,0.4991,0.264,0.8387,0.311,0.0661,5.32,11.41,23.54,0.176,12.39,5.46,25.223,85.802,0.0862,0.0423,0.0425,0.0271,0.1229,0.0704,0.0829,0.0357,5.6949,0.0553,0.0016,129.6777,0.0275,634.5,0.0246,0.018,0.0199,0.0146,84.2997,2.7963,0.0207,0.5979,0.0916,2.3264,36.1261,49.2473,33.4052,0.2177,2.8257,0.0515,2.771,0.0424,0.0168,119.4208,248.2183,387.4524,4288.8299,0.0974,0.0582,0.0926,0.7769,0.0437,0.1358,0.338,0.0255,0.0879,5.1075,0.1023,6.2216,0.0205,1.666,3.6747,6.5363,0.0627,1.6309,2.1047,7.6366,29.5244,0.022,0.0195,0.0226,0.0116,0.0354,0.0309,0.0458,0.0153,1.7705,0.0181,0.0006,40.2146,0.0089,225.1831,0.0052,0.0048,27.2683,0.7166,0.0067,0.1949,0.0328,4.3765,0.8649,6.8953,5.0756,3.8386,2.2945,77.0342,40.5482,10.4268,93.259,2.1964,1.033,1.4451,3.1259,20.8631,123.3848,17.6191,6.6281,2.9413,2.8374,88.9535,104.0816,11.829,1.0216,0.8549,0.778,0.2008,5.2813,5.8958,3.0136,6.5803,3.7683,1.8474,18.3517,3.7624,1.6411,4.3663,95.0353,3.6558,10.23,72.7912,825.374,0.0,84.0962,0.0,256.4663,0.0,476.0,75.7774,1.3491,2.3206,0.1641,6.9516,13.8891,0.0,37.3464,0.0,4.322,1.5453,10.4197,0.082,4.753,9.3642,3.9243,5.7115,76.32011860562082,17.068479939011706,1.2418519228105582,7.801357350884511,0.5098341736088832,56.5906468703489,4.2303075027684445,1.6126898479875194,0.1152,0.0287,11.8946,4.98,0.0877,2.0902,0.0382,1.8844,15.4662,536.6509,2.4087,5.86,0.3071,2.1212,0.0862,1.092,12.7505,0.026000000000000006,5.21645,0.0294,0.0051,17.3775
-1.0,2958.04,2134.7445,1.1827,99.5133,1.4353,-0.0001,0.0018,203.5729,12.0986,418.0937,0.9588,194.1703,12.4561,1.441,-3520.75,-1249.25,1.2768,1.9675,7.2302,75.6222,1.8444,0.1424,83.779,8.3006,64.3058,65.9432,86.6256,80.55,3.287,349.7745,125.6627,711.6864,0.9767,139.9836,615.4209,123.6048,4.563,4.801,2856.0,0.9344,2.5491,349.5236,10.651,108.2118,12.0673,17.4509,21.7752,689.9112,145.6182,603.3536,126.1762,0.034,0.0248,0.0309,-0.0215,0.0155,0.017100000000000004,0.019,7.4042,0.1448,0.9855,1789.8011,0.2042,9048.53,-0.0499,0.0344,0.0012,-0.0272,0.4586,0.9592,777.0082,0.9904,58.7418,0.6033,0.9741,6.2091,15.65,4.754,15.71,15.67,1.163,0.8069,3.215,-0.5677,0.6697,2.349,1004.5944,112.0,150.2,173.2,84.8,1015.8822,0.5433,0.0835,0.0481,0.0368,0.0168,9.2632,15.976000000000003,3.857,0.0178,0.18,0.0582,516.0,2697.0,0.119,0.199,0.408,2.5,0.549,0.6837,0.1092,0.7023,0.4315,0.8577,0.276,0.0608,5.33,14.48,25.228,0.28,17.18,4.64,24.093,84.08,0.1189,0.0368,0.12045,0.0562,0.1206,0.0456,0.15199999999999997,0.0407,4.7487,0.0603,0.0033,174.4916,0.065,1181.8994,0.0121,0.0117,0.035,0.0281,111.4119,4.465,0.0251,0.4284,0.0935,2.7299,30.9697,52.1392,55.2735,0.1995,3.2263,0.0261,4.4913,0.0424,0.0195,230.2079,195.2323,502.5179,1252.4162,0.0569,0.0829,0.1838,0.9351,0.0586,0.2116,0.2618,0.0475,0.1288,5.66,0.0896,6.2908,0.0206,1.6517,4.1348,7.6036,0.1013,1.6052,2.1661,7.7903,27.4152,0.0269,0.0151,0.055099999999999996,0.0255,0.0303,0.0224,0.0789,0.021,1.6209,0.0196,0.0008,52.8127,0.0175,385.4281,0.0094,0.009,38.0095,1.2296,0.0087,0.1459,0.0332,3.7342,0.9095,5.1519,5.0777,6.92,3.906427332733898,77.0342,45.9396,5.8175,136.2385,0.9225,1.8588,1.4451,4.0374,30.9309,215.8895,9.3205,10.1144,5.643,3.3059,70.4819,111.6225,16.3042,0.8161,1.3158,1.0921,0.1712,5.3835,5.6978,3.0741,6.2282,3.8076,2.3529,20.4102,4.2375,2.6289,4.7407,142.3687,3.4922,8.3808,66.637,349.8988,0.0,181.877,561.0933,293.7198,484.6615,214.2105,64.1354,1.0362,2.5117,0.3321,9.7492,31.8313,866.6667,38.9294,0.0,7.6407,2.9245,14.3386,0.0644,7.6011,6.8998,3.9799,7.2132,72.93,20.55,1.13,9.371,0.4589,54.8942,5.2335,1.5494,0.4101,0.0725,43.0733,4.79,0.1306,1.9167,0.0553,1.8496,18.7028,532.6945,2.2425,11.15,0.3498,3.8734,0.1165,2.0931,15.6008,0.0124,2.4758,0.0213,0.0076,35.5725
-1.0,3087.39,2188.6,1.3174,93.1656,1.3355,-0.0115,-0.0209,198.9808,5.8255,408.4937,0.9777,189.4482,12.4845,1.387,-5036.75,1495.25,1.002,1.8725,5.0388,73.0556,2.3,0.1663,85.0449,8.5003,64.4113,65.8981,87.1866,79.53,4.022,352.4873,141.8282,740.2365,1.0093,142.9,637.2155,138.0142,4.531,4.78,2888.0,0.9219,-0.6645,355.8073,10.3201,121.1636,9.5695,20.6645,27.0709,713.1656,151.6982,628.6691,106.9738,0.0193,-0.0231,-0.0067,-0.0252,-0.0114,-0.0169,0.11345000000000001,8.5469,0.1339,0.969,1814.5872,0.164,8587.1898,-0.064,-0.0186,0.0514,0.1398,0.4601,0.9631,742.6839,0.9916,58.4911,0.5904,0.9675,6.2647,15.65,4.754,15.71,15.67,1.163,0.8069,3.215,-0.5677,0.6697,2.349,1004.5944,112.0,239.0,159.2,46.6001,1015.8822,0.3885,0.0783,0.0646,0.0352,0.0125,10.9182,6.627,11.716,0.0065,0.21,0.0649,348.0,100.0,0.059,0.036,0.215,2.1,0.066,0.7346,0.0901,0.4808,0.2104,0.8148,0.214,0.0663,5.51,19.11,21.778,0.344,12.97,6.41,32.926,70.01,0.0886,0.10470000000000002,0.025,0.0253,0.0722,0.0749,0.0981,0.0442,2.5961,0.0733,0.0058,98.4231,0.0425,449.5,0.0182,0.0134,0.0255,0.0092,84.9041,3.7685,0.0245,0.4251,0.0935,2.7299,31.0687,77.3581,54.9412,0.134,3.2751,0.0274,2.45,0.0593,0.0216,157.9396,128.8471,2598.1127,46.7003,0.026,0.0155,0.1021,0.7796,0.0249,0.019,0.282,0.0378,0.0849,5.5983,0.0736,8.2623,0.0233,1.5429,6.1582,6.2605,0.1109,2.1364,2.2777,10.2284,26.2626,0.0206,0.0455,0.0103,0.0106,0.0234,0.0309,0.0502,0.0202,0.935,0.0238,0.002,30.8579,0.0157,141.0771,0.0073,0.0024,24.828,1.2066,0.0087,0.1529,0.0332,3.7342,0.9095,5.0187,7.7412,6.6555,2.1292,53.569,29.4871,5.863,113.7576,2.8681,0.6667,1.6821,4.6822,107.4105,6.6878,5.8882,1.9226,4.2669,2.8745,34.7826,50.501,1.4424,0.8638,1.0594,0.7465,0.1522,4.8683,4.2164,3.4905,6.5669,3.8558,2.999,15.7795,5.7367,3.3333,7.9562,135.535,4.6169,23.9592,65.4459,460.1104,618.59025,377.6119,286.1531,655.5799,582.1958,38.4431,30.3754,2.8389,3.0391,0.5935,5.424,25.9012,0.0,26.0465,0.0,5.5461,0.9578,11.4321,0.091,6.4429,6.7853,3.9799,7.2132,74.032,18.59,0.94,8.1258,0.393,131.814,4.4822,1.2697,0.6253,0.1157,66.8955,9.39,0.1796,3.6005,0.0731,3.7687,21.0519,534.1482,1.6633,10.92,0.2937,3.7983,0.0853,2.0444,17.6552,0.0169,3.3962,0.0275,0.0215,78.1199
-1.0,3064.71,2216.7333,1.1127,97.5822,1.4266,0.0126,0.0075,198.5806,3.0236,407.4363,0.9746,188.8759,12.4078,1.4078,-3777.0,-5046.5,1.327,1.9525,7.2152,71.4667,2.2,0.1976,86.3826,8.3273,64.2252,66.0203,87.037,80.01,3.07,358.8546,125.5145,723.9949,1.3741,144.4009,628.77,208.0899,4.549,4.786,2887.0,0.9215,6.1882,357.7955,10.6041,111.7027,13.53,13.8118,20.6151,703.3798,145.7418,615.24,102.9622,-0.0099,0.0114,0.0573,-0.0012,0.0587,-0.0238,0.0467,6.5922,0.1211,0.9701,1808.4201,0.2152,9076.3001,-0.0154,0.0632,-0.0072,0.0378,0.4654,0.9502,796.5759,0.9907,58.3237,0.6012,0.9799,6.3612,15.86,4.853,15.87,15.79,1.239,0.7699,3.222,-0.8988,0.7402,2.3124,1003.1082,108.0,199.2,188.9,66.5,1015.8822,0.2942,0.1544,0.0722,0.0413,0.0209,7.7895,4.733,11.318,0.011,0.36,0.0757,811.0,7164.0,0.091,0.119,0.226,4.2,0.542,0.752,0.0876,0.5645,0.3182,0.7668,0.492,0.1033,7.78,23.29,50.485,0.312,21.8,4.35,29.606,72.108,0.0621,0.0273,0.12045,0.0092,0.0638,0.0389,0.0515,0.0466,3.8501,0.0739,0.0048,82.0901,0.1254,706.7002,0.0119,0.0114,0.0232,0.0105,97.5217,3.8426,0.0479,0.229,0.0987,5.6792,29.3266,67.6233,60.4804,0.0985,1.9866,0.0514,1.5236,0.1077,0.0285,342.0715,139.7602,994.9255,3010.434,0.0429,0.0607,0.0952,1.248,0.0546,0.154,0.2786,0.035,0.0967,6.0917,0.1464,8.1796,0.035,2.184,6.7069,13.515,0.0948,1.2319,2.1257,9.4879,23.9469,0.0194,0.0112,0.055099999999999996,0.0039,0.016,0.0187,0.0233,0.0196,1.4334,0.0227,0.0015,26.6738,0.0374,229.4308,0.0059,0.0034,28.8782,1.1385,0.0148,0.0783,0.0354,6.4202,1.8643,4.8324,6.4998,7.6215,2.9999,60.7637,26.436,10.8228,156.5334,2.7779,1.1259,2.9014,5.3758,59.2269,141.9598,6.8576,6.0948,3.1323,5.8769,72.7273,103.2621,16.5406,0.8705,1.0516,0.8789,0.1796,5.3113,2.6451,3.5902,7.5178,5.3878,3.7041,24.2611,5.8039,2.9423,3.1244,161.1233,4.2091,6.0786,70.0335,625.6927,186.9863,16.0629,0.0,66.2692,216.1595,99.6791,58.4044,2.8899,3.0319,0.4944,4.5393,63.31987047269746,885.4369,53.7659,670.5882,4.9795,1.1049,12.2426,0.1047,6.5884,3.6004,4.2666,14.2688,72.674,7.754999999999999,1.25,3.591300000000003,0.5607,60.2269,1.8687000000000005,1.72,0.5711,0.1258,54.3883,5.0,0.2246,2.2549,0.086,1.8633,28.2535,534.1482,1.6633,10.92,0.2937,3.7983,0.0853,2.0444,17.6552,0.0108,2.1456,0.0275,0.0215,78.1199
-1.0,2946.62,2187.8111,1.499,90.4933,1.4379,0.0053,0.0079,198.7363,11.0952,408.2376,0.9766,189.231,12.5216,1.3967,-3742.5,-80.5,1.3145,1.9648,7.2115,74.4778,1.9889,0.1623,85.7243,8.3542,63.9862,66.0026,86.6266,81.66,3.051,349.6209,124.5655,711.9609,1.374,149.3109,623.4973,190.2252,4.547,4.826,2860.0,0.9339,4.6209,348.4391,10.6159,109.1864,13.3146,15.3791,19.4357,692.5252,152.5573,610.1827,126.7077,-0.0076,-0.0221,0.0491,0.0114,0.0118,-0.0166,-0.0283,7.4742,0.1332,0.9905,1766.5759,0.2289,8281.68,0.0487,0.0195,-0.0054,0.0261,0.46,0.9536,706.8201,0.9906,59.3299,0.5959,0.9665,6.3824,15.59,4.44,15.61,15.54,1.239,0.7635,3.232,-0.1419,0.6847,2.3499,986.0991,131.0,100.4,86.0,50.2002,1015.8822,0.6078,0.1065,0.0655,0.052,0.0108,6.1445,4.847,8.172,0.0089,0.27,0.0293,2060.5,828.0,0.155,0.088,0.179,2.3,0.651,0.7056,0.1562,0.5707,0.3574,0.8481,0.412,0.1076,7.2,10.8,103.711,0.319,12.05,2.88,23.757,18.304,0.0799,0.0703,0.0395,0.0814,0.1001,0.0869,0.0976,0.0324,2.368,0.0671,0.001,98.8917,0.1254,656.2998,0.0135,0.0098,0.0274,0.0252,80.2018,4.2292,0.0252,0.5487,0.0917,4.2578,33.115,36.4755,27.1976,0.2177,2.8257,0.0332,1.645,0.0781,0.0116,912.5788,231.829,946.9039,403.3299,0.0681,0.0363,0.0737,0.8074,0.0311,0.2765,0.2607,0.0602,0.0821,5.4544,0.1097,6.0307,0.0378,2.5837,2.8861,29.1442,0.096,1.0578,1.6699,7.1791,6.195,0.0235,0.0363,0.0174,0.0349,0.0304,0.041,0.0473,0.0172,0.9321,0.0212,0.0003,32.3838,0.0374,220.7756,0.0075,0.0095,23.5301,1.1938,0.0096,0.1912,0.0323,5.545,1.3004,6.0618,3.4073,3.4814,2.2945,77.0342,40.5482,7.4066,43.6856,2.0018,0.9075,2.1563,2.0993,55.7916,0.0,11.7916,4.4789,2.4821,3.0882,30.1676,59.7536,19.5554,0.8231,1.8694,0.8919,0.192,5.3458,6.1012,3.1,7.8298,4.8222,1.7322,54.5201,3.8129,3.0049,6.3103,90.5024,3.4305,7.534,14.4458,0.0,618.59025,165.6997,875.1913,733.3333,588.8386,114.4876,31.6829,3.3775,2.7752,0.1017,5.5979,63.31987047269746,933.3333,70.2635,0.0,5.9606,2.6432,11.3469,0.0916,7.1283,8.5967,3.9038,10.7691,76.48279954878154,16.862929608613545,1.2467136994044328,7.790060591056304,0.5104153102641804,43.27888166470836,4.199092796663798,1.604622940508812,0.3679,0.065,37.7497,6.25,0.1905,2.2451,0.0794,2.4079,23.0416,535.6282,2.2411,9.11,0.2426,3.0971,0.0689,1.7008,10.8262,0.015,3.0109,0.0275,0.0215,78.1199
-1.0,3009.71,2224.6778,1.3907,101.1333,1.444,-0.0079,-0.0076,198.9233,14.2284,423.9089,0.9811,188.999,12.528,1.4014,-2898.25,-1155.5,1.2628,1.986,7.284,73.5667,1.4778,0.1102,85.4438,8.4278,64.332,66.0827,87.1524,80.18,2.97,352.2891,124.5645,713.6255,1.1457,140.3273,617.1809,65.8983,4.584,4.834,2855.0,0.9314,3.0345,351.3482,10.7175,107.5991,14.6927,16.9655,21.3048,692.3206,143.5409,602.4882,104.4704,0.0015,0.0255,0.0246,-0.0063,0.0099,-0.0228,-0.0043,6.8945,0.1286,0.9888,1804.682,0.1996,9064.39,0.0856,-0.0688,-0.0409,-0.0116,0.4643,0.9366,777.4027,0.9911,57.6721,0.613,0.9689,6.2417,15.79,4.817,15.84,15.8,1.475,0.7743,3.272,-0.4258,0.7217,2.2989,998.6109,122.0,146.9,99.6,51.5,184.64,0.33,0.1131,0.0595,0.0324,0.0114,15.4013,11.224,7.607,0.0055,0.19,0.0607,341.0,17919.5,0.098,0.143,0.199,2.9,0.359,0.6458,0.0826,0.601,0.2308,0.7477,0.471,0.1108,6.17,17.41,20.832,0.299,24.19,9.57,33.256,64.456,0.071,0.0716,0.0273,0.0228,0.0778,0.0542,0.0816,0.0503,4.4145,0.0279,0.0028,158.61,0.0304,2277.2998,0.014,0.0129,0.0203,0.0277,194.53,1.2313,0.0325,0.1719,0.0911,3.628,31.184,44.6764,28.5361,0.1099,1.9283,0.0468,3.6715,0.0543,0.0237,156.0756,103.7284,2122.9491,8994.62525,0.0474,0.0626,0.094,0.8718,0.0634,0.136,0.2522,0.0339,0.0916,4.7851,0.1388,8.0674,0.0388,2.0385,5.2526,6.3674,0.0844,2.6891,2.9127,10.3304,23.086,0.0183,0.0327,0.013,0.01,0.0267,0.0235,0.0427,0.0211,1.448,0.0116,0.0008,46.4135,0.009,723.2242,0.0053,0.008,60.56,0.3755,0.011,0.0645,0.0336,3.684,1.4148,5.5674,4.8809,3.8822,2.3149,14.1092,23.7274,7.8325,78.8847,1.7945,0.5571,1.5166,4.3351,154.024,0.0,7.7608,7.2004,2.732,3.942,127.49480000000001,159.51774999999998,10.8285,0.7558,0.9803,0.9342,0.1757,3.8832,4.7847,3.7497,9.6708,4.3969,2.8209,31.6124,5.5872,2.7898,6.0874,164.6395,4.8036,19.2168,61.6979,0.0,123.8754,92.6829,0.0,547.4747,357.1116,0.0,64.0292,2.9559,1.1555,0.2859,8.7888,15.2216,0.0,34.8964,637.8378,4.373,2.9579,25.0231,0.0756,2.135,2.7547,3.9638,9.5742,77.81612217442444,17.099643719936278,1.2926664620129942,7.770398194083781,0.548605754622099,56.43210009476102,4.239429088091252,1.6426418814713881,0.3629,0.063,36.9328,9.05,0.1626,3.4548,0.0628,3.6593,19.5004,532.5954,2.1606,10.59,0.3212,3.4596,0.0944,1.9884,14.8682,0.0078,1.5724,0.0275,0.0215,78.1199
-1.0,3105.3,2194.5889,1.2686,97.7622,1.4875,0.0052,0.0003,198.3398,5.9104,422.627,0.968,188.9094,12.4308,1.4056,-4437.0,-1645.0,1.267,1.988,7.3682,70.4778,2.5556,0.1628,87.1883,9.0145,64.1861,66.1433,86.7608,78.27,3.075,350.2109,140.8518,732.4333,0.9122,132.0382,623.1009,116.7239,4.596,4.841,2849.0,0.9353,-4.2064,352.2155,10.2593,116.6455,13.2627,24.2064,30.9661,701.4672,140.9773,609.8382,86.9274,-0.0251,-0.0265,-0.0011,-0.0372,0.0368,-0.0061,0.1129,7.1643,0.1357,0.9869,1854.4864,0.1703,8844.62,0.0,0.0,0.0,0.0,0.4555,0.9642,768.8407,0.9907,58.171,0.6013,0.9821,5.9926,15.86,4.853,15.87,15.79,1.239,0.7699,3.222,-0.8988,0.7402,2.3124,1003.1082,113.0,181.6,149.2,46.5,792.535,0.4411,0.1372,0.1139,0.0691,0.0186,7.7139,8.508,11.197,0.0137,0.36,0.036,543.0,3409.0,0.105,0.157,0.279,2.3,0.524,0.4776,0.0723,0.5757,0.383,0.6765,0.624,0.1152,7.38,16.78,40.024,0.401,17.68,6.21,25.896,81.586,0.1122,0.0792,0.0424,0.0188,0.1052,0.1001,0.0855,0.0178,3.3049,0.0512,0.0023,127.6967,0.0355,720.0996,0.0124,0.0136,0.02,0.009,79.6208,2.4473,0.0374,0.387,0.0987,5.6792,28.8639,62.3332,48.043,0.1292,2.4688,0.0452,2.7448,0.1112,0.0107,223.2284,127.3172,775.8226,1537.4409,0.0465,0.0701,0.122,0.7362,0.0572,0.1853,0.1942,0.0297,0.0552,6.1271,0.1842,6.2425,0.0383,2.4103,4.8649,12.3748,0.1035,1.9661,2.3309,8.1834,28.3604,0.0289,0.0325,0.0189,0.0079,0.0272,0.0456,0.0476,0.0074,1.1373,0.0165,0.0008,43.2497,0.0135,200.9102,0.0061,0.0029,21.4257,0.6773,0.0133,0.1129,0.0354,6.4202,1.8643,5.2108,5.8481,6.125,2.1188,49.0953,34.7727,9.2234,143.9505,2.6494,1.4106,2.896,2.5604,40.5454,207.234,8.2873,7.8974,3.7865,3.2634,46.9565,116.1092,15.0249,0.5478,0.8022,0.8969,0.6795,5.7851,5.9211,2.933,12.6328,5.5893,2.693,34.2895,4.079,3.9087,4.4751,133.3062,3.6917,22.491,93.8554,447.7925,618.59025,0.0,282.6058,271.8262,0.0,15.7697,46.1304,2.2848,2.1384,0.2331,6.8858,20.8212,696.2457,39.8293,0.0,4.3803,0.9303,10.356,0.0977,4.2071,6.5519,4.2666,14.2688,73.634,18.06,1.3,8.8702,0.534,54.4596,4.5153,1.7655,0.4201,0.0755,42.8218,7.98,0.1204,3.3231,0.0437,3.0109,16.3187,533.3882,2.3461,8.63,0.4327,3.0837,0.1285,1.618,18.4445,0.0103,2.0513,0.0275,0.0215,78.1199
-1.0,3021.77,2204.5445,1.0961,95.9222,1.3754,0.0003,-0.0028,197.2601,5.4642,410.2243,0.9765,187.4383,12.4308,1.393,-4129.0,493.25,1.322,1.9748,7.2427,74.8556,1.8778,0.165,85.7243,8.3542,63.9862,66.0026,86.6266,81.66,3.051,352.25,123.9527,715.3991,1.431,151.1464,627.3491,210.0037,4.618,4.849,2844.0,0.935,6.1727,351.6955,10.5371,110.1255,15.3491,13.8273,21.2711,694.128,150.1791,612.0,72.841,-0.026,-0.035,-0.0028,-0.0384,0.0058,-0.0279,0.101,7.7874,0.1338,0.9673,1838.7849,0.1581,8585.29,-0.056,-0.0065,-0.0084,0.025,0.4609,0.9497,756.8293,0.9907,59.1045,0.6037,0.9685,6.3648,15.65,4.754,15.71,15.67,1.163,0.8069,3.215,-0.5677,0.6697,2.349,1004.5944,91.0,164.1,186.1,68.5999,1015.8822,0.4832,0.0768,0.036,0.0309,0.0174,7.9245,5.791,13.531,0.0093,0.36,0.0666,1110.0,550.0,0.115,0.097,0.351,2.1,0.633,0.7056,0.1562,0.5707,0.3574,0.8481,0.415,0.1373,8.12,9.78,30.044,0.336,11.4,4.0,26.024,96.167,0.0691,0.0756,0.0385,0.0194,0.0702,0.0777,0.0872,0.0281,3.7079,0.0349,0.0098,95.04,0.0405,687.7998,0.0154,0.0142,0.019,0.0089,80.4174,2.0928,0.0341,0.542,0.0935,2.7299,28.3169,52.9692,55.0849,0.1599,3.7392,0.0268,2.2494,0.1112,0.0212,462.812,157.3118,796.1294,262.7297,0.0486,0.0449,0.1552,0.7585,0.0408,0.258,0.2607,0.0602,0.0821,5.7073,0.1276,6.3835,0.0395,2.7649,3.0211,9.6489,0.0997,1.4541,2.0202,7.5889,32.5413,0.0197,0.0309,0.0177,0.0086,0.0207,0.0367,0.0455,0.0119,1.2784,0.0139,0.0035,32.2627,0.0147,208.4851,0.0043,0.0033,26.526,0.5809,0.0119,0.1859,0.0332,3.7342,0.9095,3.9934,5.4306,7.315,3.1117,51.9909,44.0828,5.5838,105.9811,3.2984,0.9534,2.896,4.7804,37.3456,111.5053,8.6989,4.912,4.8462,2.8054,58.5799,85.4545,18.7167,0.8231,1.8694,0.8919,0.192,5.7232,6.2363,3.0492,9.5939,5.3723,1.5589,14.3064,4.1138,3.1887,4.6765,74.2714,3.7492,34.2688,132.0232,265.3865,371.4988,686.7257,183.021,0.0,312.5448,27.8287,47.6133,1.1959,1.4469,1.01,5.1686,25.6033,0.0,36.8758,0.0,4.1301,0.942,10.6256,0.0697,3.5409,8.5156,3.9799,7.2132,74.194,19.69,1.23,8.0426,0.4487,81.8871,4.9857,1.6578,0.4201,0.0755,42.8218,4.98,0.0877,2.0902,0.0382,1.8844,15.4662,532.8364,1.6423,11.81,0.1579,3.9963,0.0485,2.2164,9.617,0.0086,1.721,0.0275,0.0215,78.1199
-1.0,2927.54,2188.7111,1.5156,102.0011,1.4854,-0.0006,0.0089,198.4925,4.7315,410.1946,0.9776,188.8708,12.5012,1.3962,-6375.125,-1231.75,1.2822,2.0025,7.3483,74.5778,2.0556,0.1791,84.8949,8.3588,64.4228,66.2366,86.5828,81.27,2.955,359.4518,124.8309,724.0094,1.3955,143.7182,628.0009,217.5809,4.634,4.86,2856.0,0.9284,7.3164,357.6927,10.571,112.1473,12.6009,12.6836,16.8961,707.1134,145.56,615.4,112.8021,-0.0092,-0.037,-0.0031,-0.0121,-0.0025,-0.0291,0.0959,7.5514,0.1206,0.9898,1925.1642,0.1927,8926.87,-0.0614,0.0307,0.0548,0.032,0.4399133668985077,0.9617,774.3393,0.9911,58.439,0.5848,0.9643,6.2644,15.79,4.817,15.84,15.8,1.475,0.7743,3.272,-0.4258,0.7217,2.2989,998.6109,113.0,88.2,116.7,44.0999,407.181,0.0613,0.0744,0.0622,0.0793,0.0109,7.5823,3.362,7.569,0.0058,0.22,0.0487,587.0,3968.0,0.096,0.037,0.129,3.5,0.503,0.6053,0.1165,0.28070000000000006,0.2068,0.7726,0.444,0.0715,3.6,21.22,76.621,0.204,22.34,4.9,35.2159,28.543,0.0666,0.0952,0.0337,0.0301,0.0928,0.0375,0.0688,0.0271,2.6878,0.0344,0.0021,146.4335,0.0241,530.2002,0.0136,0.0177,0.047119800689852276,0.01,72.9783,1.7235,0.0458,0.327,0.0911,3.628,28.6824,27.9201,35.9009,0.02,2.8081,0.0248,1.1108,0.0646,0.0156,247.0848,163.9682,5823.189049999999,1885.3538,0.0435,0.0155,0.0611,1.1649,0.0492,0.1854,0.2687,0.0448,0.0726,6.3023,0.1463,8.5692,0.0221,1.4175,6.3115,23.5239,0.0621,1.8329,2.5836,10.9275,8.4277,0.0169,0.044,0.0167,0.0137,0.0304,0.0178,0.0361,0.0124,0.9292,0.0128,0.0006,47.3238,0.0077,159.166,0.015202893718538557,0.0029,20.7398,0.5025,0.0136,0.1162,0.0336,3.684,1.4148,5.0713,3.0128,4.5531,2.0149,36.5024,4.0416,5.0089,71.055,1.8452,0.589,1.7598,3.4915,190.6924,322.1433,7.4868,1.8477,1.7555,4.6931,92.4324,78.1638,14.6914,0.713,1.3942,0.4338000000000002,0.1703,5.4388,3.8612,3.7755,5.1235,2.5049,3.379,35.2149,6.0128,1.9298,7.2316,177.289,4.9802,13.5863,25.3036,725.8856,206.2839,764.9995,764.9665,0.0,236.6294,28.2512,35.5939,2.3215,1.4291,0.2132,7.6063,12.5094,0.0,75.9193,0.0,11.579235766397137,1.0418,9.4246,0.0572,2.9493,5.2194,3.9638,9.5742,74.132,10.79,0.78,5.0126,0.3192,38.632,2.6791,1.0522,0.1028,0.0229,11.0253,6.21,0.1021,2.2331,0.0386,2.5074,14.7752,534.1245,2.1586,9.97,0.1638,3.514,0.047,1.8666,7.5875,0.0135,2.6936,0.0275,0.0215,78.1199
-1.0,2951.83,2218.9445,1.442,96.4389,1.4579,-0.0021,0.0059,198.4073,11.2744,412.6203,0.9735,188.6833,12.4969,1.4215,-3930.25,-926.0,1.304,2.0227,7.3873,70.1556,2.4444,0.1794,87.1883,9.0145,64.1861,66.1433,86.7608,78.27,3.075,353.1791,122.9927,713.864,1.3986,139.7182,615.89,211.3583,4.618,4.849,2844.0,0.935,4.5918,352.0282,10.5055,107.5845,14.8045,15.4082,22.2081,691.6559,141.4727,601.0855,80.1142,0.0282,0.0444,0.0104,-0.016,-0.0218,-0.0424,0.0062,7.9954,0.1448,0.9891,1812.2497,0.2067,9142.4701,0.0,0.0,0.0,0.0,0.48334734693529335,0.9612,761.8355,0.9909,59.0598,0.5989,0.9776,5.9926,15.79,4.817,15.84,15.8,1.475,0.7743,3.272,-0.4258,0.7217,2.2989,998.6109,83.0,110.5,78.7,44.8999,252.443,0.2105,0.0842,0.0601,0.0486,0.0237,10.9817,15.976000000000003,8.834,0.0124,0.23,0.1084,1663.0,4824.0,0.188,0.056,0.223,2.5,0.421,0.4776,0.0723,0.5757,0.383,0.6765,0.31,0.1154,5.67,15.96,30.546,0.449,19.92,7.01,25.268,51.17,0.0954,0.0632,0.0897,0.029,0.0958,0.0722,0.0212,0.0562,3.256,0.0288,0.0014,128.1179,0.0386,852.0,0.0127,0.0119,0.05949132233043036,0.0055,100.3301,2.6671,0.048,0.1587,0.0911,3.628,23.3916,34.3728,26.0107,0.0655,1.8295,0.0337,4.9088,0.0696,0.0303,737.1678,562.8794,627.3629,2228.9537,0.079,0.0258,0.1034,0.8904,0.0276,0.1347,0.1942,0.0297,0.0552,5.7703,0.1027,6.2941,0.0325,1.9512,4.8654,10.5734,0.1303,1.999,2.8951,7.6828,15.3891,0.0262,0.0303,0.0381,0.0122,0.0261,0.0302,0.0099,0.0244,1.0901,0.0116,0.0005,43.3283,0.0104,253.1453,0.014082182436208525,0.0021,29.8299,0.6896,0.0138,0.05,0.0336,3.684,1.4148,3.6617,3.7434,3.1677,2.0235,16.9274,14.596,5.7754,158.7584,2.141,1.2782,1.8405,7.6267,34.6288,520.9503,14.4172,2.7685,3.0187,3.5635,49.0909,40.1238,12.0183,0.5478,0.8022,0.8969,0.6795,5.2891,6.9435,3.0223,8.2511,4.0582,2.5914,14.4522,4.1138,4.274,7.1479,134.5531,3.6533,10.8948,63.8713,337.8486,101.4853,277.512,596.8847,331.5729,50.0,890.8199000000001,40.723,1.0362,1.2143,0.1416,7.0696,18.6705,0.0,73.4247,0.0,13.372169466425845,0.5719,13.1695,0.0558,4.5159,2.774,3.9638,9.5742,73.03,22.27,1.13,10.538,0.424,57.8215,5.4365,1.5473,0.1188,0.0324,12.0588,6.24,0.1409,2.2469,0.0543,2.3552,22.2911,535.0509,1.6984,7.71,0.2835,2.7384,0.0854,1.441,16.6894,0.0131,2.627,0.0275,0.0215,78.1199
-1.0,3073.73,2218.8778,1.2557,100.9444,1.4008,-0.0014,0.0132,198.983,11.6478,418.4758,0.9726,188.197,12.4349,1.4064,-2466.75,-4752.25,1.2962,2.01,7.3485,71.0333,2.2444,0.139,83.8148,8.572,64.2616,65.8501,86.8066,79.38,2.951,358.9255,123.8445,721.8324,1.385,143.6345,626.4045,184.5787,4.549,4.786,2887.0,0.9215,6.6827,357.7845,10.6463,110.5273,13.7263,13.3173,19.9232,701.9092,144.3664,612.6782,94.6765,0.0199,-0.0241,-0.0164,-0.0333,0.0044,-0.0189,0.0988,6.9034,0.1296,0.9698,1824.818,0.1952,9293.7301,0.0,0.0,0.0,0.0,0.4417300542872289,0.9277,763.1917,0.991,58.2106,0.5929,0.9625,6.4362,15.79,4.817,15.84,15.8,1.475,0.7743,3.272,-0.4258,0.7217,2.2989,998.6109,125.0,86.9,133.0,57.2,1015.8822,0.2677,0.1336,0.0578,0.0407,0.0178,6.9749,8.266,11.907,0.0108,0.22,0.0597,816.0,13735.0,0.154,0.033,0.126,1.4,0.548,0.7743,0.0514,0.5316,0.4273,0.8238,0.502,0.1765,3.48,21.95,68.578,0.317,24.95,6.68,34.57,73.752,0.0963,0.0688,0.0341,0.0322,0.103,0.0484,0.0827,0.033,7.1995,0.0303,0.0055,115.2924,0.0398,768.5,0.0125,0.0124,0.03895235377038747,0.0284,80.3865,1.7144,0.0189,0.292,0.0911,3.628,31.0685,25.9729,44.8325,0.1013,4.1378,0.0473,2.491,0.0584,0.0185,339.875,115.4336,1887.2934,6424.5011,0.0678,0.0146,0.0577,0.4717,0.0342,0.1587,0.2887,0.0199,0.0997,6.2277,0.1517,7.6934,0.0492,1.0957,6.3412,20.0285,0.0935,1.9633,3.1912,10.3692,19.0579,0.0247,0.033,0.0147,0.0136,0.0267,0.0199,0.0462,0.014,2.1599,0.0125,0.0016,34.6624,0.0113,223.5435,0.013586601101891931,0.0082,22.7077,0.4931,0.0065,0.1015,0.0336,3.684,1.4148,5.625,2.8272,5.3115,2.5779,77.0342,21.3224,9.5375,70.9661,2.8453,1.1092,1.7692,4.245,157.1298,289.021,11.8804,1.6418,1.7146,1.9709,53.4653,65.4676,16.3214,0.9238,0.6002,0.8272,0.172,5.3465,3.4236,3.3714,12.7414,2.4228,3.5041,37.1538,5.8039,2.9776,5.8447,181.7675,4.9251,15.051,77.899,484.9858,110.3006,196.6412,309.5998,0.0,437.5661,33.4008,104.2888,1.9285,1.2618,0.5626,6.318,20.3663,0.0,59.4059,930.2326,10.79702405547252,3.0605,10.5329,0.061,2.9452,4.5361,3.9638,9.5742,74.45143533593063,16.97312211033415,1.2185158675613432,7.838252107786407,0.5015490421657705,58.48160226846186,4.232020294744086,1.6681437118876201,0.3667,0.075,37.2523,2.28,0.0968,0.8289,0.0391,0.8569,13.8627,534.1482,1.6633,10.92,0.2937,3.7983,0.0853,2.0444,17.6552,0.0157,3.1559,0.0545,0.0184,33.7876
-1.0,3103.85,2194.5889,1.2686,97.7622,1.4889,-0.0047,-0.0091,198.6701,6.8179,423.9231,0.9684,188.9541,12.4049,1.3992,-2915.0,-4439.75,1.2853,2.0313,7.3373,67.9889,2.1111,0.1382,84.5551,9.97415,64.3827,66.5514,87.1886,63.98,4.165,348.9282,153.43,751.7935,1.2121,140.9045,643.2627,231.561,4.52,4.752,2889.0,0.9241,-4.6636,351.5818,10.1165,128.7664,17.1263,24.6636,33.7771,718.0164,145.7882,626.1364,68.6061,0.0268,0.0196,0.0121,-0.0167,-0.0047,-0.0096,0.0435,6.9683,0.1404,0.9862,1847.0164,0.1855,9118.7,0.0146,0.0465,0.0442,0.1053,0.4413524920846488,0.9316,704.1983,0.9906,59.3441,0.6015,0.9808,6.2826,15.79,4.817,15.84,15.8,1.475,0.7743,3.272,-0.4258,0.7217,2.2989,998.6109,94.0,96.9,187.0,46.5,792.535,0.4411,0.1176,0.0552,0.0993,0.026,7.6021,4.509,5.548,0.0134,0.19,0.0324,385.0,9237.0,0.102,0.083,0.088,4.0,0.368,0.6322,0.26130000000000003,0.5729,0.3221,0.6614,0.367,0.096,8.2,18.21,66.997,0.6,17.79,4.25,28.3149,58.503,0.0842,0.061,0.0245,0.0434,0.0567,0.0323,0.0963,0.0418,5.6243,0.0751,0.0023,72.1797,0.0272,1071.5,0.0211,0.0093,0.03909861290072553,0.0275,83.389,1.972,0.0269,0.495,0.0911,3.628,25.8781,33.8808,67.1485,0.1292,2.4688,0.042,1.5305,0.0533,0.0128,157.967,169.2277,1851.935,4380.4559,0.0425,0.0374,0.0406,1.06,0.0517,0.1118,0.2294,0.0985,0.1092,4.5792,0.0977,8.6784,0.0288,2.3501,5.0705,19.8028,0.1744,1.2987,1.806,9.334,19.2944,0.0224,0.0264,0.0111,0.0178,0.0195,0.0143,0.053,0.0203,1.718,0.0249,0.0007,25.737,0.0089,310.9897,0.013602805722147842,0.01,27.9696,0.7299,0.0086,0.1568,0.0336,3.684,1.4148,4.1709,3.1219,8.2886,2.1188,49.0953,34.7727,7.8983,66.1346,1.3087,1.3867,1.5317,2.3142,146.7581,208.0523,7.9362,4.0862,1.1994,5.8833,90.0,109.2444,10.595,0.7477,2.9167,0.8898,0.0873,4.1728,4.0409,3.6751,7.9217,5.8196,2.8309,28.9328,5.5812,5.9309,5.4828,103.8751,3.9435,31.9021,85.2738,313.594,48.4897,360.166,338.7603,687.234,0.0,96.092,80.7122,1.852,3.1557,0.2378,3.9079,14.6786,570.1149,42.6036,0.0,11.627347508456841,2.953,11.8417,0.0801,3.323,7.8783,3.9638,9.5742,73.13,13.67,2.17,5.4059,0.88615,93.7444,3.3387,2.9958,0.3521,0.0781,37.3218,7.97,0.1906,3.2101,0.0764,2.9575,20.0909,532.9891,1.7784,7.5,0.2423,2.6046,0.0783,1.4072,13.6214,0.0122,2.4671,0.0545,0.0184,33.7876
-1.0,3002.22,2202.1222,1.8005,95.85,1.5173,0.0069,0.0075,203.4157,3.8103,404.6972,0.9699,193.7516,12.4349,1.4058,-4240.75,6564.25,1.2837,2.0383,7.3445,70.1667,1.9889,0.1701,84.9173,9.131,64.3185,65.9561,86.7486,76.72,3.312,352.7918,124.5545,715.4425,1.4051,148.5382,625.8846,212.0336,4.618,4.849,2844.0,0.935,3.5945,350.9409,10.6314,108.1491,17.3955,16.4055,24.9991,690.4434,149.3991,608.4891,104.4187,0.0168,-0.0132,0.0121,-0.0077,0.0616,-0.0112,0.0099,7.8721,0.1286,0.9688,1889.1991,0.1956,9931.45,0.0,0.0,0.0,0.0,0.4618,0.9355,838.483,0.9905,58.8652,0.6066,0.9618,6.3727,15.86,4.853,15.87,15.79,1.239,0.7699,3.222,-0.8988,0.7402,2.3124,1003.1082,125.0,117.1,33.5,64.8999,395.6421,0.5367,0.0992,0.0631,0.0341,0.0261,7.2159,7.421,8.656,0.0135,0.22,0.0283,903.0,6673.0,0.178,0.11,0.221,2.6,0.407,0.6062,0.1798,0.5555,0.3413,0.6778,0.443,0.1473,8.89,10.83,44.678,0.307,14.6,4.47,24.801,47.519,0.0969,0.0628,0.0266,0.0366,0.1491,0.0388,0.0856,0.0758,4.6935,0.0522,0.0056,114.1963,0.0255,865.0,0.0154,0.0151,0.043,0.0164,82.0867,4.3701,0.0199,0.504,0.0987,5.6792,30.8159,37.6423,11.3322,0.1818,2.7728,0.0291,2.3575,0.0584,0.0098,388.5386,267.161,1651.1027,3067.4815,0.0793,0.0492,0.0914,0.817,0.0626,0.1264,0.225,0.0696,0.1153,5.966,0.1291,6.0145,0.04,2.7791,2.8098,15.9832,0.1028,1.5066,2.2034,7.5293,13.2945,0.0252,0.0273,0.0117,0.015,0.0336,0.0202,0.0438,0.0331,1.5515,0.0179,0.0017,35.2525,0.0084,252.6241,0.0101,0.0052,24.9934,1.2127,0.0088,0.1627,0.0354,6.4202,1.8643,5.7561,3.9004,1.3606,2.9472,21.58,29.8083,6.5379,164.29784999999998,2.1389,1.3943,1.7692,2.0153,82.6269,101.6567,13.8656,5.3968,3.0091,3.7055,85.4749,125.2123,12.0351,0.7139,1.969,0.8637,0.6795,5.7824,6.0455,2.8634,10.4854,5.985,1.7304,21.0712,4.1138,2.8877,4.9469,83.9296,3.592,8.3818,45.5081,577.6453,484.9421,303.1056,0.0,62.9615,764.2857,763.728,59.622,2.3322,2.191,0.5785,6.0447,13.028,0.0,32.6316,0.0,9.3009,1.7541,9.7899,0.0945,7.4239,7.9086,4.2666,14.2688,77.73952536934286,16.88364384673797,1.242218219541568,7.76428141903214,0.523113742697529,51.666649502842525,4.172385029152886,1.594642892635635,0.1028,0.0229,11.0253,6.4,0.1189,2.3492,0.0495,2.4016,17.6187,533.3882,2.3461,8.63,0.4327,3.0837,0.1285,1.618,18.4445,0.0071,1.4182,0.0545,0.0184,33.7876
-1.0,2968.33,2216.7333,1.1127,97.5822,1.53,-0.0279,-0.004,198.1219,6.0959,416.595,0.9686,188.5788,12.4349,1.4188,-3855.5,7084.9583,1.265,1.986,7.3152,75.4333,1.4,0.1018,83.6583,8.5596,64.4017,66.0405,86.7827,79.71,2.849,358.1082,128.6364,727.6867,1.3467,142.3127,629.0573,203.8858,4.549,4.786,2887.0,0.9215,2.4182,358.8636,10.5336,111.0545,14.0237,17.5818,24.3727,703.314,145.1155,615.0336,129.6649,-0.0158,0.0448,-0.0053,-0.012,-0.0122,-0.0453,0.1055,8.3051,0.1448,0.9906,1816.1957,0.1569,8966.2599,-0.0468,-0.0037,-0.0156,-0.0164,0.4601,0.9609,773.9219,0.9909,58.6677,0.6019,0.98,6.2643,15.79,4.817,15.84,15.8,1.475,0.7743,3.272,-0.4258,0.7217,2.2989,998.6109,112.0,173.7,187.2,66.5,1015.8822,0.2942,0.1481,0.076,0.0329,0.0266,7.6634,4.901,7.409,0.0134,0.22,0.0397,461.0,1711.0,0.119,0.089,0.22,1.7,0.344,0.5693,0.0988,0.4025,0.2275,0.6599,0.496,0.1801,2.29,18.48,55.026,0.377,22.17,4.48,31.051,99.106,0.0797,0.10470000000000002,0.0592,0.0296,0.0916,0.0135,0.0374,0.0508,3.5914,0.0563,0.0008,156.333,0.0283,983.7998,0.0096,0.014,0.0193,0.0192,100.1752,2.3929,0.0362,0.2092,0.0911,3.628,30.9697,50.1268,58.1409,0.0985,1.9866,0.0488,1.5831,0.0584,0.0139,199.8506,176.9717,886.6192,880.8657,0.0519,0.0432,0.0926,0.7089,0.047,0.1018,0.2215,0.0388,0.1422,5.96,0.1322,8.222,0.0561,0.9501,5.6734,15.8699,0.1372,1.3214,2.1729,9.8719,36.104,0.0236,0.0455,0.029,0.0146,0.0228,0.0056,0.0173,0.0214,1.1627,0.0174,0.0003,47.2458,0.008,328.5346,0.0062,0.0067,30.6917,0.6171,0.0103,0.0744,0.0336,3.684,1.4148,5.1519,5.8518,7.5588,2.9999,60.7637,26.436,9.68,80.3982,1.7785,1.384,1.7692,2.7954,50.8365,16.896,9.4071,4.4814,3.0074,2.2536,127.49480000000001,159.51774999999998,10.3069,0.6805,1.1541,0.625,0.098,5.3922,4.3378,3.4996,13.3755,1.6091,2.9377,26.9886,5.8039,3.579,4.5473,158.09,4.415,7.3233,76.4324,503.6335,184.3837,561.1374,764.9269,110.4294,82.5152,48.1517,43.2437,1.0362,2.34,0.0769,8.6077,18.009,0.0,43.0108,0.0,4.2022,1.995,12.9438,0.0825,4.0788,3.3392,3.9638,9.5742,74.99190914608782,16.9402071111457,1.2416826562149441,7.711897016116246,0.49357208954686826,74.39202400318086,4.221424515507683,1.6559896516717627,0.5123,0.0909,52.1953,5.18,0.2259,2.0235,0.0886,1.952,31.5069,534.1482,1.6633,10.92,0.2937,3.7983,0.0853,2.0444,17.6552,0.012,2.4069,0.0545,0.0184,33.7876
-1.0,3072.03,2205.7445,1.0518,101.8644,1.3896,0.0138,0.0,199.5093,4.8205,414.1385,0.9746,189.4428,12.6257,1.4231,-4168.5,4729.5,1.2942,1.9743,7.2903,73.4778,0.9666999999999999,0.07170000000000004,83.7568,8.2981,64.638,65.9373,86.6174,80.57,3.675,358.8255,129.1882,729.5739,1.3843,143.5227,631.5364,245.7086,4.61,4.871,2863.0,0.9252,2.2336,359.1782,10.6156,111.4218,12.5904,17.7664,20.5025,709.0714,149.6727,620.2727,171.74984999999998,0.0038,-0.0494,0.0588,-0.0092,-0.0023,-0.0168,0.0196,7.2528,0.1356,0.9898,1925.1642,0.2018,9250.51,0.0,0.0,0.0,0.0,0.4242893532458385,0.9535,803.5868,0.9908,59.3162,0.598,0.9592,6.4202,15.9,3.816,15.85,15.92,0.9129,0.6956,3.394,0.0,0.8536,2.3817,1010.6921,91.0,214.7,182.0,50.0,484.67,0.2233,0.0979,0.0531,0.0626,0.0163,7.7448,7.679,10.643,0.009,0.33,0.0635,526.0,1943.0,0.096,0.162,0.058,3.4,0.483,0.5941,0.1229,0.497,0.2148,0.7974,0.544,0.0776,4.23,17.76,69.151,0.133,19.07,7.85,37.846,48.815,0.0805,0.042,0.0646,0.0474,0.0686,0.1451,0.0759,0.0495,1.7607,0.0344,0.0021,146.4335,0.0333,1563.0996,0.0161,0.0099,0.04731681458826306,0.0229,180.8325,2.6597,0.0429,0.303,0.1102,5.2328,28.3169,71.5407,61.8228,0.0743,3.4613,0.0363,2.4152,0.0982,0.0172,221.6017,313.9739,625.5326,834.0921,0.0409,0.0704,0.0255,1.058,0.0821,0.1468,0.2274,0.0499,0.0927,5.5864,0.1818,8.5462,0.0274,1.2854,5.5808,23.58,0.0383,2.2496,3.6552,11.2994,15.5505,0.0216,0.0203,0.0327,0.0199,0.0198,0.0654,0.0404,0.0277,0.5773,0.0128,0.0006,47.3238,0.0124,423.9136,0.011144449578831206,0.0078,48.4822,0.6887,0.0135,0.1082,0.0415,6.3801,1.6082,3.9934,6.9889,7.278,2.2668,35.5563,21.2293,7.0453,159.3003,2.5699,0.9215,2.6137,4.4591,32.0259,41.0826,7.4174,8.2056,0.7956,4.6272,127.49480000000001,159.51774999999998,13.9703,0.7093,1.4805,0.7689,0.1184,4.59,3.9168,3.8236,5.6021,2.9473,2.8122,28.1435,5.551,1.2529,6.803,151.4644,5.3374,6.1643,21.48,0.0,597.8648,80.6122,748.704,0.0,453.1343,252.2293,24.276,0.8852,1.4291,0.2132,7.6063,16.4919,0.0,49.8094,800.0,10.239537255977151,2.4069,22.5032,0.0304,4.4839,4.7201,4.6287,14.0981,74.17,19.59,1.33,8.826,0.5484,61.6419,4.9515,1.7932,0.2454,0.0525,24.7203,11.18,0.1832,4.2535,0.0714,4.2029,20.9204,534.1482,1.6633,10.92,0.2937,3.7983,0.0853,2.0444,17.6552,0.0118,2.3719,0.0545,0.0184,33.7876
-1.0,3021.83,2205.7445,1.0518,101.8644,1.4108,-0.0046,-0.0024,199.6262,13.3691,411.8383,0.9736,188.9709,12.4349,1.4148,-5451.25,7084.9583,1.2997,1.971,7.2818,73.6111,1.5333,0.1423,83.8148,8.572,64.2616,65.8501,86.8066,79.38,2.951,358.8382,124.7945,722.5888,1.3719,142.3773,626.01,201.841,4.549,4.786,2887.0,0.9215,5.2064,357.07,10.7358,110.0009,18.3982,14.7936,21.7926,700.7962,140.5409,607.6118,108.2505,-0.0073,-0.0181,-0.0013,-0.0308,-0.0077,-0.0198,0.11345000000000001,7.0195,0.1275,0.9865,1887.9845,0.1629,8812.8499,0.0,0.0,0.0,0.0,0.4568,0.9296,744.1374,0.9913,58.6223,0.5948,0.9617,6.4054,15.9,3.816,15.85,15.92,0.9129,0.6956,3.394,0.0,0.8536,2.3817,1010.6921,105.0,89.5,73.7,50.0,484.67,0.2233,0.0993,0.0622,0.0473,0.0232,7.7583,14.59,7.691,0.0122,0.22,0.0413,390.0,6368.0,0.158,0.154,0.415,1.2,0.507,0.7743,0.0514,0.5316,0.4273,0.8238,0.513,0.1088,5.32,19.65,37.983,0.33,22.12,5.74,29.725,76.937,0.0721,0.0358,0.0223,0.0391,0.0721,0.1013,0.0941,0.0337,5.3641,0.0577,0.013699999999999999,69.7289,0.0415,1059.7998,0.0131,0.0089,0.018,0.0323,106.6155,2.6328,0.0359,0.273,0.1102,5.2328,27.816,27.7118,27.4457,0.0743,3.4613,0.0317,4.1765,0.0584,0.0123,165.7234,428.1592,2075.6779,3458.0889,0.0679,0.0742,0.2033,0.4428,0.0388,0.1771,0.2887,0.0199,0.0997,6.2473,0.171,8.0433,0.0302,1.5441,5.9243,11.891,0.1045,1.8821,2.36,9.6823,21.4265,0.0207,0.0149,0.0101,0.0167,0.0247,0.0483,0.0497,0.015,1.6552,0.0191,0.0046,24.7461,0.0123,337.2761,0.0053,0.0121,33.9844,0.7591,0.0123,0.09,0.0415,6.3801,1.6082,4.8121,2.9618,3.0457,2.2668,35.5563,21.2293,7.0384,109.1323,1.8675,1.2483,1.7692,2.9212,88.255,70.583,12.1562,7.8133,5.6992,1.6302,84.7826,83.6066,14.6255,0.9238,0.6002,0.8272,0.172,5.5206,3.4377,3.6241,7.9311,3.7365,3.1389,18.8183,5.8039,3.0738,4.5454,120.2292,4.2416,6.332,71.0731,989.3654,422.4189,0.0,234.0909,0.0,474.0554,28.7298,76.4173,3.3725,2.4371,1.3944999999999999,3.6933,25.4516,0.0,37.3464,0.0,3.9393,3.473,14.3274,0.0775,4.4912,4.2622,4.6287,14.0981,72.286,18.57,0.3,8.7596,0.137,31.3507,4.583,0.415,0.1459,0.0398,14.896,4.98,0.0877,2.0902,0.0382,1.8844,15.4662,534.1482,1.6633,10.92,0.2937,3.7983,0.0853,2.0444,17.6552,0.0123,2.4923,0.0545,0.0184,33.7876
-1.0,3006.95,2189.8111,1.1993,104.8856,1.5094,-0.0046,0.0121,202.6499,3.448,397.9388,0.9607,193.1905,12.5094,1.4113,-3346.75,1276.0,1.0155,1.8798,5.313,66.7889,2.8,0.1832,86.6785,9.0121,64.0904,66.94045000000003,86.6797,79.05,3.395,356.6845,127.2273,722.0166,1.2517,136.6336,620.5454,47.3129,4.59,4.868,2858.0,0.9256,-0.5718,354.8755,10.7258,106.6555,13.9054,20.5718,26.247,695.7695,145.1091,606.64,89.9077,0.0096,-0.0135,-0.0114,-0.0016,-0.0005,-0.0239,0.0127,8.4569,0.1336,0.9909,1828.6054,0.2101,8106.16,-0.0087,-0.0205,0.0031,0.0323,0.4598,0.9403,674.4338,0.9909,57.9674,0.597,0.9642,6.1917,15.9,3.816,15.85,15.92,0.9129,0.6956,3.394,0.0,0.8536,2.3817,1010.6921,140.0,164.2,158.9,48.2998,722.753,0.3862,0.1918,0.0609,0.0423,0.0158,7.3618,7.31,17.928,0.0166,0.19,0.0519,282.0,247.0,0.047,0.033,0.113,2.2,0.159,0.7555,0.1141,0.6073,0.3622,0.6522,0.381,0.30280000000000007,5.24,16.53,34.484,0.227,24.36,9.34,38.091,46.567,0.0788,0.0456,0.0297,0.083,0.0713,0.0777,0.0906,0.0589,2.5066,0.0757,0.0037,137.6248,0.0722,876.2998,0.0136,0.0163,0.0156,0.0501,100.4037,2.2723,0.0255,0.2628,0.1102,5.2328,35.0454,53.3908,53.0849,0.115,3.4133,0.0723,1.9813,0.0481,0.0211,118.2156,108.7026,355.4306,125.3129,0.0194,0.0137,0.047,0.8207,0.0418,0.0554,0.2843,0.0449,0.1165,5.009,0.1302,8.8326,0.088,1.6212,4.7943,11.6846,0.0726,2.6434,4.1052,11.7256,14.6972,0.0227,0.0187,0.0129,0.0399,0.0196,0.0421,0.0496,0.0276,0.9774,0.024,0.0014,39.6419,0.0219,338.4542,0.0045,0.0134,35.2429,0.6279,0.0089,0.1018,0.0415,6.3801,1.6082,6.3355,5.4607,6.5248,2.2057,66.6347,32.2044,12.7074,164.29784999999998,4.5052,1.7231,1.5189,3.6768,24.1727,19.3574,4.6283,1.7556,2.1269,3.294,39.2857,72.5894,3.349,0.8716,1.2662,0.9476,0.1852,5.1082,6.115,3.8682,25.522399999999998,3.8351,2.6638,65.59535,5.9199,2.1164,7.2289,175.1839,5.4747,19.4614,51.7942,817.1095,568.2243,729.6703,0.0,0.0,379.8742,464.6943,29.6398,3.2196,3.1675,0.3736,7.5262,34.3586,0.0,58.6982,0.0,3.3914,5.3334,14.8871,0.0874,3.9199,4.2445,4.6287,14.0981,71.69,17.04,1.23,7.359,0.5133,57.3942,4.2363,1.7157,0.5697,0.1179,56.0174,4.98,0.0877,2.0902,0.0382,1.8844,15.4662,530.6746,2.0193,10.8,0.3051,3.894,0.086,2.0351,15.1082,0.0145,2.8991,0.0545,0.0184,33.7876
-1.0,3003.72,2210.7778,1.1351,91.1078,1.394,-0.0073,0.0006,202.2704,5.8907,408.5205,0.9782,192.7997,12.512,1.4027,-3000.5,688.0,1.2615,1.9798,7.205,70.3,2.1111,0.1583,84.361,8.8624,64.6702,66.2314,86.3364,81.74,2.673,352.4527,126.6518,716.5268,1.1319,140.9127,620.0173,64.9917,4.584,4.834,2855.0,0.9314,7.0273,352.2964,10.5412,113.6791,11.7043,12.9727,16.5255,700.0013,143.7555,609.7309,110.9625,0.0035,-0.042,0.0336,-0.0087,-0.0141,-0.0126,0.0245,7.5155,0.1334,0.9698,1757.2131,0.2019,8292.1599,0.0107,-0.0028,-0.0345,0.0113,0.4617,0.9617,732.6445,0.9911,57.9215,0.6118,0.9705,6.1464,15.9,3.816,15.85,15.92,0.9129,0.6956,3.394,0.0,0.8536,2.3817,1010.6921,105.0,238.8,70.3,75.5,1015.8822,0.3559,0.1257,0.0788,0.0567,0.0068,7.1877,6.985,15.699,0.0064,0.2,0.0707,551.0,17919.5,0.11,0.081,0.252,2.9,0.452,0.6458,0.1516,0.631,0.3272,0.8332,0.519,0.0845,11.52,24.59,12.48,0.384,16.65,6.65,33.696,54.536,0.0767,0.0753,0.0259,0.0272,0.068,0.1021,0.0844,0.0184,4.9299,0.0495,0.0027,67.8055,0.0472,363.0,0.0099,0.011,0.0168,0.0128,47.1472,1.6236,0.0292,0.161,0.1102,5.2328,29.2712,77.6862,25.139,0.1009,3.8503,0.0381,2.5402,0.0539,0.0281,230.8455,179.0203,2207.3146,8994.62525,0.0468,0.0362,0.1157,0.9631,0.0521,0.166,0.2424,0.062,0.1197,5.2684,0.1862,8.1636,0.0243,3.4049,7.2628,3.0822,0.1211,2.0671,2.474,10.3456,18.2164,0.0224,0.033,0.0115,0.0139,0.0195,0.0478,0.0462,0.0086,1.6934,0.0159,0.0009,19.5152,0.0132,124.9106,0.0048,0.004,15.6954,0.4349,0.0117,0.0622,0.0415,6.3801,1.6082,4.8256,7.9501,2.7703,3.4151,52.1236,31.3541,9.0173,118.5762,3.8429,0.655,1.5985,5.0367,162.3729,0.0,8.7198,4.0914,3.4976,4.1252,71.0526,111.1579,13.1608,0.7655,1.711,0.9757,0.2198,5.1099,3.7425,3.6916,7.4616,8.1753,3.966,19.2024,5.5872,3.6429,6.0961,142.2554,4.8137,12.3268,49.1481,0.0,310.5155,80.8321,778.2546,721.5548,667.1937,75.1788,65.5973,1.3491,2.054,0.2806,3.8587,23.3999,800.0,25.4835,0.0,3.6417,1.333,6.4352,0.0975,2.8032,2.6188,4.6287,14.0981,71.558,15.04,0.75,6.0522,0.3411,67.6679,3.7507,1.0481,0.6573,0.1054,65.8707,6.72,0.2729,2.4119,0.1113,2.6861,32.9627,529.7436,2.2313,7.19,0.2345,2.4961,0.0792,1.3573,10.5084,0.0154,3.0647,0.0099,0.0113,114.2878
-1.0,2953.59,2224.6778,1.3907,101.1333,1.4517,0.0069,0.0094,199.6867,6.2485,401.972,0.9757,189.2608,12.5094,1.4144,-3396.5,-5769.25,1.295,1.9943,7.3102,72.6222,2.0222,0.1664,84.525,8.7932,63.7758,66.2803,86.7223,79.27,3.05,352.66,131.4773,724.4595,1.349,142.9009,627.0382,223.6237,4.525,4.775,2873.0,0.9258,2.1145,352.6818,10.4815,113.5918,11.6673,17.8855,25.5062,698.9534,149.0973,615.3709,105.7867,0.0091,-0.0153,-0.0373,0.0063,0.0162,-0.024,0.0142,8.014,0.1364,0.9922,1713.0425,0.1947,9203.79,-0.0528,-0.0335,-0.0417,-0.0869,0.4612,0.9581,775.3516,0.9915,58.1372,0.5989,0.9675,6.3057,15.75,3.235,15.8,15.73,0.9838,0.5653,3.153,0.7096,0.8543,2.2802,998.0122,122.0,69.5,46.8,51.5,184.64,0.33,0.1055,0.0613,0.0499,0.0193,6.3418,5.66,11.998,0.0096,0.19,0.0884,284.0,17919.5,0.171,0.086,0.132,5.4,0.686,0.8986,0.1371,0.6637,0.3487,0.9576,0.431,0.0897,5.13,20.13,50.09,0.387,22.58,6.21,34.618,63.125,0.0994,0.0369,0.022,0.0788,0.0771,0.0164,0.0843,0.0297,3.3297,0.0303,0.0018,127.5157,0.03,611.2002,0.0163,0.0159,0.0428,0.0117,68.9518,2.1441,0.0173,0.2044,0.044,4.1345,31.7022,23.9332,16.4574,0.1099,1.9283,0.0364,1.879,0.0481,0.0307,129.8448,203.0049,5823.189049999999,8994.62525,0.0738,0.0488,0.0541,1.7003,0.0621,0.2136,0.3432,0.0548,0.1307,5.1897,0.1194,8.9723,0.0244,1.6571,6.3401,16.0401,0.1289,2.0034,2.2537,10.9319,21.0453,0.0289,0.0181,0.0097,0.0394,0.0215,0.0078,0.0439,0.0125,1.1571,0.0125,0.0005,39.8289,0.0089,210.2078,0.0109,0.0037,20.5544,0.6132,0.0061,0.0729,0.0131,11.7622,1.2469,5.7871,2.3531,1.8684,2.3149,14.1092,23.7274,7.2673,90.5824,2.9848,0.9824,1.5189,6.2466,298.58439999999996,423.6079,13.2046,4.3124,1.8057,7.862050000000002,64.2857,113.5514,20.0963,1.0631,1.5597,1.0407,0.2923,4.5199,3.5824,3.9821,6.6487,3.5899,3.2103,22.3992,5.5716,3.6922,8.7594,193.5325,4.9528,15.9478,59.6719,0.0,49.697,211.4017,0.0,101.0786,350.8845,209.5238,41.549,2.9326,1.2618,0.1818,7.4438,15.3854,0.0,33.871,0.0,9.2702,1.2196,8.893,0.1101,3.6879,3.2414,1.9293,11.0853,83.72,16.86,2.02,7.4857,0.7937,16.8183,4.195,2.4128,0.2945,0.053,30.0828,4.08,0.1573,1.5715,0.06,1.579,23.9222,530.6746,2.0193,10.8,0.3051,3.894,0.086,2.0351,15.1082,0.0156,3.1427,0.0099,0.0113,114.2878
-1.0,3086.52,2204.2333,1.6392,89.0356,1.4798,0.0046,0.0181,202.4787,6.6848,417.9575,0.9728,193.0126,12.285800000000002,1.3983,-4421.25,7084.9583,1.3125,1.986,7.3108,74.5889,1.4667,0.1033,85.3881,8.3179,64.2195,66.0583,86.5962,81.06,3.074,357.3091,131.6845,729.8849,0.9627,138.89,627.8836,119.2026,4.646,4.907,2862.0,0.9272,2.1973,358.9582,10.5132,113.8818,8.8436,17.8027,18.891,710.9939,149.5355,622.3754,171.74984999999998,0.0055,-0.0241,-0.0048,-0.0019,-0.0162,-0.0153,0.0137,6.8402,0.1273,0.9903,1806.7206,0.2084,8921.55,0.0,0.0,0.0,0.0,0.4217006157501573,0.9499,754.9107,0.9906,58.9915,0.5915,0.9609,6.4091,15.9,3.816,15.85,15.92,0.9129,0.6956,3.394,0.0,0.8536,2.3817,1010.6921,124.0,71.3,146.7,53.8,385.4899,0.3378,0.1239,0.0333,0.0375,0.0074,7.2096,5.33,9.521,0.0075,0.66,0.0633,483.0,13013.0,0.151,0.21200000000000002,0.303,1.4,0.379,0.5343,0.0469,0.6495,0.3463,0.6915,0.258,0.048,4.62,18.64,18.295,0.221,14.72,11.76,38.862,56.343,0.0834,0.0478,0.0494,0.0385,0.1001,0.0909,0.0871,0.0568,3.9605,0.0746,0.0019,116.5123,0.1254,1083.5005,0.0136,0.0117,0.01714143872318824,0.0192,112.2262,2.7596,0.0192,0.2938,0.1102,5.2328,31.2081,23.6105,52.9721,0.122,1.4153,0.0442,1.9155,0.174,0.0241,224.0006,208.5927,978.3467,5751.0566,0.086,0.0939,0.1443,0.4285,0.0436,0.1318,0.2173,0.0212,0.094,6.2556,0.0874,8.1343,0.0151,1.5058,5.8315,6.1778,0.0569,3.3792,4.0688,11.827,16.8577,0.0222,0.0214,0.0206,0.0171,0.0249,0.0509,0.0452,0.0274,1.3168,0.0226,0.0005,36.8413,0.0342,331.1292,0.009715291055376586,0.0054,32.4526,0.8964,0.007,0.1017,0.0415,6.3801,1.6082,5.8646,2.31,6.216,2.4408,18.2625,20.6105,8.3726,79.7329,2.278,0.7698,5.4411,4.5255,50.3704,143.114,11.5048,10.417850000000001,4.1446,1.877,109.0909,140.3226,11.2556,0.6257,0.5636,1.0114,0.2365,5.5918,4.2982,3.4442,4.9828,3.3264,2.9687,15.3478,6.1706,2.1021,8.702,166.4478,5.4659,7.6248,25.3667,0.0,456.3246,764.9995,0.0,561.9784,569.281,413.8434,57.9003,1.6491,3.1485,0.1937,6.4488,60.419,0.0,28.8462,0.0,6.125786041906843,2.0231,14.8662,0.0798,4.6779,4.5843,4.6287,14.0981,82.604,16.51,2.17,7.258,0.88615,30.5688,4.1867,2.7844,0.4875,0.0919,47.0656,11.969999999999999,0.2168,4.532500000000001,0.0825,4.638249999999999,24.7658,534.6127,2.2455,9.57,0.26,3.3175,0.0943,1.7901,11.5777,0.0145,2.9486,0.0099,0.0113,114.2878
-1.0,3048.76,2224.6778,1.3907,101.1333,1.4563,0.0075,0.0031,199.0494,9.8057,407.5889,0.9809,188.5958,12.512,1.3924,-3889.0,6309.25,1.296,1.9937,7.2325,70.9889,1.9333,0.1668,84.361,8.8624,64.6702,66.2314,86.3364,81.74,2.673,352.3055,122.2509,711.3435,1.175,140.4,614.9564,54.1936,4.584,4.834,2855.0,0.9314,4.9118,350.5764,10.751,107.1627,12.68,15.0882,19.2834,692.0602,144.5373,602.2764,111.3778,0.0216,-0.0092,0.045,-0.0215,0.0193,-0.0156,0.0089,7.44,0.1286,0.9896,1893.0174,0.1893,9060.0199,0.0118,-0.0028,0.0286,0.0416,0.4691,0.9593,782.5507,0.9913,57.1869,0.5995,0.9693,6.223,15.75,3.235,15.8,15.73,0.9838,0.5653,3.153,0.7096,0.8543,2.2802,998.0122,122.0,141.8,101.7,51.5,184.64,0.33,0.1041,0.0616,0.0442,0.0088,6.2609,11.998,4.916,0.0053,0.2,0.0294,453.0,17919.5,0.107,0.17,0.247,3.0,0.292,0.6458,0.1516,0.631,0.3272,0.8332,0.413,0.2082,11.63,20.3,19.791,0.218,21.37,6.37,34.05,92.365,0.0542,0.0323,0.0334,0.0266,0.0515,0.0167,0.0702,0.0412,3.936,0.0748,0.0017,157.449,0.0305,493.0996,0.0121,0.0163,0.0196,0.0109,56.9557,1.6717,0.0359,0.1769,0.044,4.1345,31.184,48.7266,32.2895,0.1099,1.9283,0.0319,3.0225,0.0539,0.0106,203.6836,145.5988,510.6395,8994.62525,0.045,0.0839,0.1259,0.9727,0.0399,0.1002,0.2424,0.062,0.1197,5.1057,0.1315,8.1451,0.059,3.2962,6.8428,5.3688,0.0764,2.0694,2.9555,10.6843,28.091,0.0154,0.0154,0.0145,0.0125,0.0121,0.0078,0.0385,0.017,1.275,0.0235,0.0006,51.7392,0.0105,146.7768,0.0052,0.0038,17.5397,0.5007,0.0106,0.0642,0.0131,11.7622,1.2469,5.5674,4.6511,3.995,2.3149,14.1092,23.7274,7.1481,122.3571,1.2061,0.5418,1.5985,2.1143,31.8077,345.3501,8.2562,8.5266,3.4151,4.226,56.8966,70.7528,8.6269,0.7655,1.711,0.9757,0.2198,4.2066,3.5746,3.7061,17.7149,8.2835,3.301,36.519,5.5872,2.0277,6.4761,168.5328,4.9201,9.5007,82.9294,250.7808,50.2528,59.0783,239.5349,86.4166,450.7223,460.3352,52.9028,2.9559,3.0417,0.1708,8.3174,16.1325,0.0,30.837,0.0,4.1715,1.1378,7.2782,0.0656,2.9233,2.8428,1.9293,11.0853,75.77008535586423,17.139718878377334,1.2526618767550342,7.765169646701785,0.5224744134919359,57.11907827479177,4.27373495606561,1.6387584121568195,0.6573,0.1054,65.8707,4.98,0.0877,2.0902,0.0382,1.8844,15.4662,529.7436,2.2313,7.19,0.2345,2.4961,0.0792,1.3573,10.5084,0.0129,2.5678,0.0099,0.0113,114.2878
-1.0,2984.06,2225.0222,1.5333,98.5978,1.4696,0.0081,0.0063,198.3282,8.6658,395.3408,0.9718,188.5405,12.3996,1.4083,-4172.0,1490.25,1.0012,1.872,5.095,72.3444,2.2444,0.1601,85.0449,8.5003,64.4113,65.8981,87.1866,79.53,4.022,352.1064,130.8882,725.0493,1.4106,145.9082,628.9027,212.7667,4.571,4.806,2858.0,0.9329,4.8127,352.3545,10.493,115.7009,8.7067,15.1873,16.9553,708.094,153.4355,621.4909,171.74984999999998,0.0108,-0.0328,0.0532,-0.0335,-0.0087,-0.0187,-0.0253,8.425,0.1346,0.9889,1852.564,0.183,8635.81,0.0,0.0,0.0,0.0,0.43364784016404445,0.9436,747.0237,0.9905,59.0538,0.6032,0.9804,6.3777,15.75,3.235,15.8,15.73,0.9838,0.5653,3.153,0.7096,0.8543,2.2802,998.0122,139.0,234.6,251.0,75.7002,227.376,0.3357,0.093,0.0702,0.0642,0.0188,9.6695,4.647,7.841,0.011,0.24,0.0714,420.0,106.0,0.053,0.055,0.167,2.5,0.164,0.7346,0.0901,0.4808,0.2104,0.8148,0.344,0.1787,5.76,19.6,47.538,0.597,16.68,11.24,34.955,50.198,0.0475,0.1013,0.0371,0.0407,0.0755,0.0189,0.1042,0.0742,2.8442,0.0311,0.0024,79.6608,0.0855,921.4004,0.0121,0.0109,0.04345452241353093,0.029,109.3145,4.0584,0.0242,0.1978,0.044,4.1345,32.9216,72.9084,80.5603,0.1082,2.8455,0.0327,1.8013,0.0703,0.0233,183.5293,169.7358,933.6316,43.7826,0.0238,0.0246,0.0851,1.0113,0.0395,0.0504,0.282,0.0378,0.0849,5.6728,0.102,9.8764,0.0486,1.7515,5.9633,16.1476,0.1734,3.0599,3.6519,11.1161,14.9298,0.0122,0.0435,0.0161,0.0192,0.0192,0.0082,0.0547,0.0354,0.9573,0.011,0.0008,28.4223,0.0282,290.5688,0.012973779315958792,0.0092,36.5247,1.1882,0.0096,0.0688,0.0131,11.7622,1.2469,6.2232,7.8618,9.5816,3.4022,13.1367,21.8936,6.3281,53.6245,1.9834,1.1304,1.9355,5.0685,43.5762,7.1129,5.2934,2.938,3.2777,3.4557,35.6436,82.4427,3.5581,0.8638,1.0594,0.7465,0.1522,5.7028,13.8592,4.5903,12.669,3.9477,3.1165,22.3428,6.5179,5.6895,17.537999999999997,191.5764,4.9365,12.8395,22.0898,438.7991,321.3323,76.5397,225.5836,217.8674,556.4753,293.5707,33.7588,4.7556,1.2755,0.2388,4.3,46.7245,0.0,47.5728,0.0,11.295183834038662,3.0728,14.6333,0.0666,6.8724,3.1008,1.9293,11.0853,80.764,13.49,1.62,6.5436,0.7524,52.06,3.3782,2.0058,0.4298,0.0927,43.572,4.98,0.0877,2.0902,0.0382,1.8844,15.4662,534.1482,1.6633,10.92,0.2937,3.7983,0.0853,2.0444,17.6552,0.0133,2.6765,0.0128,0.0193,151.193
-1.0,2947.87,2204.2333,1.6392,89.0356,1.5209,0.0097,0.0106,199.6975,9.7279,406.1426,0.9751,189.3656,12.4078,1.4138,-3504.75,102.3333,1.282,2.0017,7.214,75.6778,2.4111,0.1806,83.7568,8.2981,64.638,65.9373,86.6174,80.57,3.675,358.5491,128.0018,725.8182,0.9788,139.5273,626.0782,117.0634,4.646,4.907,2862.0,0.9272,4.4445,358.19,10.5788,112.4464,10.4532,15.5555,18.0095,707.8087,146.1064,616.7427,115.735,0.0094,-0.0289,-0.0316,-0.0046,-0.0007,-0.0108,0.0137,7.3976,0.127,0.9885,1836.9914,0.2034,8883.2801,-0.017,0.0856,-0.026,0.0354,0.4514,0.9393,753.1723,0.9912,57.8403,0.5986,0.9623,6.3828,15.75,3.235,15.8,15.73,0.9838,0.5653,3.153,0.7096,0.8543,2.2802,998.0122,113.0,86.8,57.5,53.8,385.4899,0.3378,0.1136,0.0709,0.0521,0.0201,7.7125,5.31,5.672,0.0108,0.36,0.0682,197.0,750.0,0.176,0.104,0.11,1.7,0.417,0.5941,0.1229,0.497,0.2148,0.7974,0.377,0.0748,4.54,23.04,18.469,0.214,17.23,5.09,34.205,23.539,0.0705,0.10470000000000002,0.0341,0.1212,0.0527,0.0293,0.0945,0.033,4.7117,0.0522,0.0017,91.0946,0.0387,973.7998,0.0109,0.0141,0.0954,0.0299,98.5458,1.536,0.0363,0.333,0.044,4.1345,29.0785,27.1205,21.2827,0.122,1.4153,0.0331,1.7093,0.1077,0.0197,93.1178,100.0317,234.8551,395.5583,0.0724,0.0435,0.0454,0.531,0.0432,0.1318,0.2274,0.0499,0.0927,6.7223,0.1104,9.0199,0.023,1.6301,7.1001,5.2347,0.0684,1.8617,1.963,10.7155,7.1894,0.0202,0.0455,0.0147,0.0504,0.0164,0.0147,0.0479,0.0186,1.6815,0.0179,0.0005,35.5344,0.0135,302.6916,0.0234,0.0104,32.2095,0.4365,0.0099,0.1182,0.0131,11.7622,1.2469,5.1738,2.9445,2.3374,2.4408,18.2625,20.6105,7.4694,54.5852,1.3966,1.1074,2.9014,4.8251,13.981,732.899,13.7285,5.1955,1.5248,2.2464,58.0645,71.4462,12.3878,0.7093,1.4805,0.7689,0.1184,5.9852,3.7968,4.1808,7.642,3.2539,3.6801,15.7769,6.1706,2.0229,5.6738,164.83,4.8325,6.4972,20.3387,752.0,392.8315,382.9384,0.0,0.0,877.0302,240.8759,63.6925,1.4957,2.191,0.1681,4.9589,19.0176,0.0,54.5882,330.4348,21.1391,3.1788,13.0841,0.0886,2.6556,5.2176,1.9293,11.0853,78.36615297985763,17.17517905713827,1.281588608948439,7.945715401808504,0.5347117568593884,42.61871459036356,4.246064750831821,1.6134757922805116,0.2945,0.053,30.0828,7.83,0.1939,3.1211,0.0828,2.9438,20.1148,532.2636,2.2625,8.32,0.3284,2.9485,0.1024,1.5631,14.5146,0.0101,2.0199,0.0128,0.0193,151.193
-1.0,3008.28,2202.2556,1.6013,94.6922,1.4055,-0.0134,-0.0135,198.8975,9.2803,400.4087,0.9717,189.1327,12.6257,1.4166,-4312.25,-409.0,1.2818,1.9905,7.2882,75.0889,2.0111,0.1494,84.8949,8.3588,64.4228,66.2366,86.5828,81.27,2.955,357.1827,133.0409,732.2075,0.9834,144.7009,634.9245,115.9665,4.571,4.831,2865.0,0.9242,5.6155,358.0509,10.4219,118.6564,6.4102,14.3845,14.8409,717.3666,155.7355,632.4427,171.74984999999998,-0.0049,-0.0288,0.0564,-0.0339,-0.0164,-0.0258,0.0051,7.8021,0.1308,0.97,1804.9217,0.2105,8091.77,-0.0132,-0.0065,0.0195,0.0778,0.4585,0.9522,676.803,0.9908,58.0213,0.5986,0.9645,6.3864,15.75,3.235,15.8,15.73,0.9838,0.5653,3.153,0.7096,0.8543,2.2802,998.0122,84.0,65.3,96.2,44.0,318.9119,0.3104,0.116,0.062,0.0444,0.0175,9.6082,10.078,9.226,0.0112,0.33,0.0906,1985.0,2236.0,0.079,0.077,0.044,1.8,0.286,0.6053,0.1165,0.28070000000000006,0.2068,0.7726,0.556,0.0745,7.18,22.15,38.47,0.185,13.13,9.49,38.104,53.66,0.0803,0.0535,0.0246,0.057,0.0521,0.0268,0.0978,0.0329,3.0655,0.0881,0.0029,59.1167,0.067,1058.9995,0.011,0.0088,0.0155,0.0213,100.8655,1.5621,0.0365,0.5215,0.044,4.1345,24.466,19.7684,30.2213,0.0995,1.521,0.0378,2.6513,0.0982,0.026,812.0891,306.5272,502.565,1034.0255,0.0379,0.032,0.0197,0.6412,0.0345,0.1044,0.2687,0.0448,0.0726,7.4824,0.1531,8.4021,0.0241,2.1532,6.1284,11.4295,0.0613,3.0368,3.5801,11.5349,16.8098,0.0204,0.0244,0.0126,0.0274,0.0185,0.0112,0.0503,0.0171,1.0401,0.0301,0.0009,19.5296,0.0195,331.6717,0.0049,0.0077,35.4195,0.4361,0.0102,0.1752,0.0131,11.7622,1.2469,3.8155,2.1707,3.8415,1.998,16.6615,19.3863,8.2532,108.5959,2.3041,1.1482,2.6137,6.3978,23.1434,546.6993,6.1634,3.8684,0.6037,2.3972,69.6133,86.9888,8.6521,0.713,1.3942,0.4338000000000002,0.1703,7.5368,3.1268,3.7743,7.5764,4.962,3.4886,33.1734,5.7814,1.7751,7.4248,204.8292,5.3116,5.1662,22.5011,0.0,105.7835,101.1086,153.7157,162.9179,378.3366,641.9512,39.2905,2.9827,3.8852,0.3007,3.2753,31.843,0.0,51.358,0.0,3.3801,2.2352,14.9032,0.0643,2.6923,8.1664,1.9293,11.0853,73.22764898680026,16.643422733811033,1.214758910068952,7.720513478513165,0.4808539468691697,55.29935604432543,4.150850119278731,1.6509422677594239,0.8354,0.1699,82.9503,7.55,0.2216,3.0647,0.0909,2.8495,22.7632,534.1482,1.6633,10.92,0.2937,3.7983,0.0853,2.0444,17.6552,0.0125,2.5022,0.0128,0.0193,151.193
-1.0,3084.81,2224.6778,1.3907,101.1333,1.4997,0.0027,0.0056,199.8681,9.5711,400.4493,0.9771,189.4737,12.4078,1.4258,-3663.75,3444.3333,1.3043,2.0032,7.336,68.4889,2.5889,0.21,84.9173,9.131,64.3185,65.9561,86.7486,76.72,3.312,357.4273,126.62,724.1972,1.0486,143.66,627.7073,120.5192,4.639,4.899,2856.0,0.9293,2.8136,358.2,10.6726,109.4336,14.4382,17.1864,21.9929,702.2043,145.6355,613.2691,121.8235,0.0039,0.0558,0.0463,-0.0059,0.0061,0.001,0.0276,7.4217,0.1364,0.9861,1742.9685,0.1696,8366.46,0.0196,0.0121,-0.0487,-0.0375,0.468,0.9408,723.0611,0.9911,57.8977,0.6141,0.9654,6.207,15.75,3.235,15.8,15.73,0.9838,0.5653,3.153,0.7096,0.8543,2.2802,998.0122,132.0,148.9,178.5,51.5,184.64,0.33,0.0819,0.0547,0.0416,0.0185,6.4908,9.536,13.748,0.0094,0.36,0.0267,598.0,13134.0,0.087,0.082,0.11,3.1,0.361,0.6062,0.1798,0.5555,0.3413,0.6778,0.093,0.102,5.04,17.54,18.036,0.393,22.23,3.05,29.662,119.535,0.0543,0.0666,0.0452,0.0206,0.0391,0.0059,0.0917,0.0512,6.3036,0.0326,0.0061,104.5221,0.0685,633.9004,0.0118,0.0134,0.0125,0.0221,68.4254,1.456,0.0315,0.5565,0.044,4.1345,30.3144,48.0535,56.9028,0.1099,1.9283,0.028,2.6266,0.1077,0.0112,313.1596,181.5764,1723.7851,6792.1642,0.0358,0.037,0.0556,0.9804,0.0305,0.1113,0.225,0.0696,0.1153,6.2503,0.0283,8.5624,0.0362,1.4862,5.1373,5.1216,0.1191,1.0154,1.1164,9.2495,31.4937,0.0164,0.0314,0.0206,0.0088,0.0127,0.0026,0.0485,0.0221,2.5408,0.013,0.0018,43.2642,0.0193,176.8093,0.0032,0.0079,20.6738,0.4176,0.0127,0.185,0.0131,11.7622,1.2469,6.0509,4.8269,7.3,2.3149,14.1092,23.7274,5.461,99.6334,3.4331,0.9597,2.9014,1.8762,108.0587,381.322,6.6705,4.0933,1.4995,4.5263,34.7639,44.7619,10.743,0.7139,1.969,0.8637,0.6795,5.3717,2.9616,3.893,9.7295,3.5083,2.7943,14.9653,5.9161,3.6823,5.0807,153.9664,4.2241,22.7578,98.1214,0.0,90.1218,44.5165,660.6125,96.3265,0.0,185.6754,84.9345,1.9065,1.3532,0.6178,5.9968,40.3784,0.0,30.7311,0.0,2.6619,2.3489,9.4633,0.0921,2.5148,8.966,1.9293,11.0853,73.588,21.51,1.08,10.7162,0.4347,116.816,5.2313,1.4676,0.3629,0.063,36.9328,4.62,0.154,1.7453,0.0586,1.7256,16.7109,532.0164,2.3658,13.49,0.2662,4.6475,0.0914,2.5356,11.251,0.0142,2.8109,0.0128,0.0193,151.193
-1.0,3034.5,2220.0445,1.7112,88.0444,1.4175,-0.0144,-0.0119,197.9151,5.604,408.6007,0.9737,187.1803,12.6184,1.4096,-3395.5,-105.0,1.2732,1.9875,7.2383,74.0,2.0222,0.1526,84.8949,8.3588,64.4228,66.2366,86.5828,81.27,2.955,356.9836,130.3991,729.0202,0.9827,141.51,628.8927,124.7381,4.61,4.871,2863.0,0.9252,3.9527,357.5873,10.5269,114.3518,8.8717,16.0473,18.7066,710.3135,149.4427,621.3818,119.3609,0.0267,-0.0342,0.0587,-0.0152,-0.0424,-0.0207,-0.0015,7.593,0.1282,0.9871,1891.431,0.2011,9020.8602,0.0,0.0,0.0,0.0,0.4552,0.9484,788.4125,0.9905,59.0297,0.6019,0.9544,6.5115,15.75,3.235,15.8,15.73,0.9838,0.5653,3.153,0.7096,0.8543,2.2802,998.0122,108.0,153.5,105.4,45.0,288.3828,0.4508,0.0796,0.0686,0.0607,0.0156,7.0283,7.533,12.641,0.0089,0.32,0.053,959.0,163.0,0.067,0.105,0.138,2.8,0.557,0.6053,0.1165,0.28070000000000006,0.2068,0.7726,0.418,0.0677,8.15,18.17,14.218,0.26,16.9,7.57,35.308,16.582,0.0821,0.1039,0.0271,0.0574,0.0645,0.0332,0.0855,0.0372,3.6095,0.0957,0.0027,135.9242,0.0504,550.7002,0.0224,0.0296,0.0307,0.0064,40.9911,1.7789,0.0356,0.3132,0.044,4.1345,28.7203,53.5463,42.3476,0.1445,1.1262,0.0255,2.3133,0.0877,0.0144,407.189,326.9077,550.7453,69.5749,0.0314,0.0493,0.0651,0.7874,0.0648,0.1581,0.2687,0.0448,0.0726,5.7861,0.1198,8.3231,0.0181,2.7076,5.7911,3.9713,0.0825,2.2974,3.0439,10.9307,5.1936,0.0228,0.0455,0.0121,0.0288,0.0202,0.0143,0.0445,0.0164,1.3466,0.0315,0.001,46.7243,0.0146,168.1055,0.0065,0.0022,14.1613,0.4973,0.0129,0.1141,0.0131,11.7622,1.2469,4.8921,5.0585,4.335,2.027,12.7983,26.3461,5.6153,134.4218,3.0937,0.9103,2.536,3.7605,39.4934,155.2381,5.2621,5.283,1.9065,3.7838,79.1209,140.9323,16.1861,0.713,1.3942,0.4338000000000002,0.1703,4.6809,3.9264,3.614,6.8875,5.7593,2.8892,11.3983,5.551,2.4699,7.0397,190.4935,4.9708,5.9574,13.8923,307.5626,194.8429,97.7853,425.567,78.3481,414.0436,0.0,47.5376,2.9631,4.0233,0.2725,7.1863,25.0512,0.0,35.5363,363.6364,6.7342,0.6776,5.1992,0.0847,3.0136,4.8104,1.9293,11.0853,72.68,22.31,1.05,9.9929,0.4145,28.2962,5.628,1.4447,0.1459,0.0398,14.896,4.96,0.1894,2.2603,0.0701,1.8427,26.3287,536.4418,2.3416,6.66,0.3509,2.3039,0.1026,1.2415,14.985,0.0123,2.4854,0.02,0.0095,47.7832
-1.0,3001.26,2224.6778,1.3907,101.1333,1.5172,-0.0135,0.007,203.8365,9.2964,407.5345,0.972,193.8743,12.5418,1.4272,-4062.0,382.5,1.299,1.9913,7.3502,74.5556,2.0333,0.1593,85.4656,8.5407,64.2771,65.9873,86.8223,80.93,3.674,351.5836,126.5509,715.3783,1.3966,143.5864,621.7209,203.3542,4.575,4.815,2855.0,0.9353,3.4482,349.2145,10.598,109.9991,13.8682,16.5518,21.0153,694.363,148.6391,607.8527,119.1435,0.0047,-0.0455,0.0258,-0.0218,0.0053,-0.0145,0.0192,7.6017,0.127,0.9899,1816.3408,0.1678,8850.9799,0.0,0.0,0.0,0.0,0.4566,0.9599,763.7353,0.9916,57.976,0.5911,0.9708,6.2958,15.9,3.816,15.85,15.92,0.9129,0.6956,3.394,0.0,0.8536,2.3817,1010.6921,111.0,104.1,47.1,51.5,184.64,0.33,0.1309,0.0854,0.0448,0.0072,8.5151,6.964,15.625,0.0073,0.25,0.0535,1042.0,907.0,0.189,0.098,0.195,2.3,0.567,0.3745,0.1348,0.6187,0.3023,0.7682,0.453,0.0773,5.6,12.96,56.659,0.337,13.8,3.28,23.656,15.941,0.0753,0.0333,0.0346,0.009,0.0719,0.0985,0.0832,0.022,4.1053,0.0522,0.0009,117.0568,0.0373,1347.7002,0.0147,0.011,0.0041,0.0178,127.5938,3.8807,0.0336,0.4361,0.1102,5.2328,29.5672,35.0397,17.2445,0.1099,1.9283,0.0448,2.0628,0.0709,0.0172,478.4133,370.3632,962.5615,430.3243,0.0845,0.044,0.0802,0.7485,0.0519,0.1866,0.1597,0.0562,0.1018,5.4498,0.1575,6.2164,0.0262,1.5863,3.6422,17.0339,0.097,1.1514,1.7468,7.2641,5.1356,0.0201,0.0139,0.0156,0.0039,0.018,0.0509,0.0441,0.0093,1.1967,0.017,0.0003,39.6961,0.0136,455.5283,0.0029,0.0062,39.8302,0.9993,0.0115,0.1435,0.0415,6.3801,1.6082,5.0598,3.4685,1.8691,2.3149,14.1092,23.7274,8.6278,74.911,3.834,0.7498,1.9933,3.7458,49.0645,237.1242,14.5497,4.9215,2.653,3.0849,44.2623,84.1004,17.1001,0.4382,1.5781,0.9626,0.2217,5.0486,6.8431,2.9691,5.5351,3.9001,2.0845,27.8622,4.9212,3.1798,6.1455,99.5083,3.4069,5.2175,13.3797,0.0,123.4476,34.9176,330.3848,0.0,573.7931,114.2857,54.0044,1.4957,2.1752,0.0953,6.4446,22.2143,0.0,30.3318,933.3333,0.8879,1.8553,16.7065,0.0819,6.6936,6.926,4.6287,14.0981,71.996,19.63,0.47,9.2216,0.1939,34.0571,4.9635,0.6528,0.2945,0.053,30.0828,2.93,0.0804,1.125,0.0356,1.1919,12.2878,536.6727,1.7324,7.46,0.2142,2.6771,0.0709,1.3901,12.3627,0.0142,2.8609,0.0278,0.0135,48.4818
-1.0,3017.39,2246.5778,1.1665,96.7089,1.4959,0.0137,0.005,202.3661,5.315,403.2533,0.9784,192.3854,12.285800000000002,1.3961,-5688.25,-1226.5,1.3392,1.959,7.175,72.9222,2.4333,0.1692,85.7059,8.2395,64.1495,65.9946,86.5783,80.93,3.527,352.6036,137.6445,734.0051,1.403,143.8573,634.1055,224.9231,4.601,4.837,2850.0,0.9327,1.3445,351.6009,10.5106,118.9891,14.9837,18.6555,26.2833,707.7218,148.5318,619.1218,99.8105,0.0148,-0.0355,0.0013,-0.0191,-0.0043,-0.0274,0.02,7.6807,0.1282,0.9905,1797.1417,0.2332,9055.2699,0.0,0.0,0.0,0.0,0.4421957733302393,0.9578,796.4259,0.9908,57.3415,0.5928,0.979,6.3499,15.76,3.358,15.82,15.73,0.9554,0.5471,3.368,-1.229,0.7906,2.2808,999.3366,200.0,122.1,80.5,64.0999,923.8671,0.1407,0.1016,0.0625,0.046,0.0072,7.2479,7.286,10.323,0.006,0.66,0.07,732.0,5606.0,0.174,0.192,0.153,2.4,0.538,0.8756,0.0704,0.4991,0.264,0.8387,0.418,0.1336,5.45,21.36,47.165,0.506,21.8,18.43,35.264,67.196,0.0651,0.0385,0.0424,0.0875,0.0657,0.1271,0.068,0.0342,3.9712,0.052,0.0008,81.5529,0.1254,627.8994,0.0241,0.0188,0.059431311412796395,0.018,95.4488,3.1242,0.0314,0.6111,0.0316,3.6124,45.32809999999999,43.0335,26.7691,0.0417,2.3735,0.0334,2.6814,0.174,0.0271,327.5377,156.8757,3613.0806,2594.3336,0.074,0.0788,0.0693,0.8671,0.0564,0.1947,0.338,0.0255,0.0879,5.6354,0.1338,10.2987,0.042,1.5558,6.2278,15.1339,0.1641,5.248349999999999,6.425799999999999,12.1213,22.5142,0.0208,0.017,0.0184,0.0366,0.0191,0.0603,0.0336,0.0144,1.481,0.0171,0.0003,24.268,0.0374,225.4602,0.012898718881438204,0.0059,27.8969,0.9543,0.0107,0.1937,0.0095,9.1197,1.0769,9.053150000000002,4.0465,3.1635,2.8532,47.0448,12.0612,6.792,137.0837,2.5599,0.6101,5.4411,5.0161,133.0286,457.073,12.9923,9.8009,2.1324,3.2912,73.9726,104.0053,15.8557,1.0216,0.8549,0.778,0.2008,5.3658,12.7066,4.8902,9.5221,3.7885,3.3685,20.9694,6.7342,4.8142,17.537999999999997,145.4915,4.9827,12.4876,67.3235,440.9822,0.0,0.0,344.2043,0.0,248.1752,170.5736,51.7041,2.7301,2.1517,0.0768,4.5379,63.31987047269746,437.8457,34.4322,500.0,11.81613518767654,1.8763,11.9846,0.1212,5.4484,9.6239,1.3861,10.2615,75.868,13.3,1.91,5.8961,0.88615,47.2438,3.3034,2.5175,0.5588,0.1113,59.8451,6.2,0.2756,2.898,0.0988,2.4686,34.6306,533.3382,2.4033,9.43,0.5611,3.4173,0.1642,1.7681,23.3488,0.0145,2.8905,0.0278,0.0135,48.4818
-1.0,3018.8,2195.6667,1.0772,98.9844,1.6063,-0.002,0.0066,199.1285,4.7006,396.0121,0.9807,188.7781,12.285800000000002,1.4327,-4137.25,6050.5,1.2558,2.0232,7.3615,69.5222,2.0333,0.1351,84.9173,9.131,64.3185,65.9561,86.7486,76.72,3.312,359.4,130.8282,731.5726,1.3606,141.2236,631.4518,206.9776,4.646,4.907,2862.0,0.9272,8.346646384584098,355.1591534778634,10.512773159313678,116.50232321053163,21.276338973970013,18.750523789579024,26.397459553315883,706.44629246488,147.43757764321464,619.1016865482015,112.22952329777503,0.0135,0.0563,-0.0513,-0.0296,-0.0307,-0.056650000000000006,0.0228,7.0862,0.1364,0.988,1735.2635,0.202,9207.0201,0.0,0.0,0.0,0.0,0.4748518038628158,0.9407,735.5572,0.9905,59.0958,0.5869,0.9627,6.2777,15.8,3.52,15.89,15.84,0.9176,0.5683,2.988,0.0,0.7865,2.2784,997.3981,113.0,135.2,124.8,46.1001,439.851,0.3514,0.0763,0.0436,0.0427,0.0096,6.3599,4.009,10.345,0.0057,0.66,0.0194,960.0,17919.5,0.112,0.075,0.274,2.1,0.381,0.6062,0.1798,0.5555,0.3413,0.6778,0.427,0.1624,5.33,18.05,92.977,0.5189866797211673,15.202781549106728,6.234284824550519,30.545431563818347,69.84557408639213,0.0519,0.0337,0.0493,0.14704999999999996,0.0677,0.0861,0.0641,0.0745,4.2665,0.0563,0.0093,201.801,0.0217,1302.8003,0.0108,0.0136,0.03792823646411622,0.0216,206.8341,4.2827,0.0525,0.2797,0.0243,2.9681,28.8639,49.1841,39.0038,0.1127,4.1378,0.026,1.5507,0.174,0.0083,428.7333,434.5012,911.6664,8218.4659,0.0536,0.0341,0.1251,0.7396,0.0308,0.1316,0.225,0.0696,0.1153,5.5089,0.1241,8.7444,0.0492,1.6002,5.4779,24.3436,0.1748825290965801,1.2162609735420098,2.946491633985967,10.31582516779277,21.273000224376947,0.0148,0.0158,0.0234,0.06770000000000001,0.0224,0.0455,0.0306,0.0337,1.3767,0.0174,0.0028,60.7268,0.0067,392.5622,0.007700930817927432,0.0072,60.3764,1.2084,0.0191,0.1022,0.0084,6.7241,1.1415,5.2108,4.4786,5.1128,2.0996,32.979,32.624,4.7499,85.2863,2.6123,0.5788,5.4411,1.3562,45.8034,326.7333,8.919,3.7069,3.7221,3.0206,68.8525,74.7533,11.1687,0.7139,1.969,0.8637,0.6795,4.6661,3.5008,3.8579,11.9342,3.7742,2.8585,44.9213,6.1706,5.313653186788411,6.1990448272796215,111.46168711139649,4.232786326331084,17.243799369930095,72.53428454768864,383.0258,618.59025,296.9313,228.8128,280.0,97.1212,327.4725,60.2087,1.9065,2.34,0.9384,11.6294,10.7383,0.0,42.3963,0.0,6.676318546359641,2.2931,28.1194,0.0837,7.247,4.4554,1.0666,8.2043,78.14618021529267,17.13000197539809,1.2805598771838704,7.585312985435981,0.5355313442224419,62.32695786505453,4.24638111589887,1.6271114343887527,0.5488,0.0855,56.1195,7.18,0.2266,2.9096,0.0919,2.8729,29.1351,532.9764,2.4327,13.44,0.2843,4.5361,0.0903,2.5217,11.6852,0.0125,2.5112,0.0278,0.0135,48.4818
-1.0,2931.05,2205.7,1.2856,100.8511,1.5568,0.0107,0.007,199.3942,6.2518,405.1907,0.9747,189.6784,12.5094,1.4124,-1923.5,-4378.5,1.275,2.0032,7.3445,70.9,2.2778,0.1911,83.7179,8.7015,64.4228,66.2507,86.2732,80.86,2.617,356.9427,127.0255,722.013,1.2102,138.69,622.6582,49.6494,4.59,4.868,2858.0,0.9256,0.9591,354.4727,10.7241,107.9845,10.0791,19.0409,25.2629,696.7501,150.1218,612.5791,94.2714,0.0162,-0.0077,-0.021,0.0213,0.0323,-0.0153,-0.017,7.4916,0.1317,0.9639,1668.0622,0.1559,9275.7,-0.019,-0.0028,-0.0509,-0.033,0.4644,0.9404,778.873,0.9906,59.6589,0.6083,0.9667,6.2285,15.72,3.225,15.77,15.75,0.8893,0.6185,3.276,0.4731,0.7914,2.2868,1001.2349,79.0,119.2,54.4,44.8,449.279,0.2733,0.0559,0.0681,0.0456,0.0156,6.4617,6.948,12.216,0.0076,0.19,0.0668,583.0,5750.0,0.164,0.137,0.263,2.3,0.386,0.6979,0.0527,0.6513,0.3867,0.8747,0.624,0.1794,6.89,19.1,21.515,0.155,22.3,6.2,30.323,49.513,0.0846,0.0611,0.0398,0.093,0.0826,0.0808,0.1018,0.0571,2.846,0.0349,0.0093,156.9957,0.028,639.5,0.0138,0.0163,0.023,0.0122,60.1382,4.3054,0.0277,0.2336,0.0318,7.0836,23.3265,38.6147,23.1211,0.0856,2.5621,0.0205,2.1994,0.0481,0.0228,264.7955,159.2911,3521.3139,3054.0275,0.0734,0.0564,0.1162,0.7,0.0458,0.1234,0.2855,0.025,0.0902,6.3258,0.2021,8.4411,0.0569,2.555,6.6356,5.725,0.0486,1.789,2.8738,9.7447,17.2729,0.0247,0.0317,0.0186,0.0446,0.0244,0.0424,0.0487,0.0238,1.1126,0.0139,0.0031,46.2809,0.0091,190.1063,0.0055,0.0032,16.6285,1.2424,0.0103,0.0843,0.0102,6.5051,2.2254,3.7287,4.0668,2.1513,2.0311,41.8789,21.2547,3.5906,111.1357,3.0149,0.7847,1.5189,4.731,298.58439999999996,131.3235,12.8627,6.8389,3.5809,3.244,61.4634,65.9302,11.389,0.8336,0.6061,1.011,0.292,5.6312,5.432,3.8009,14.8232,4.9679,3.0675,43.3339,5.9199,1.4453,4.8896,221.2498,4.3521,21.8506,52.5218,522.0208,346.1756,442.3306,387.4524,250.1548,666.4484,334.8974,37.99,1.6709,1.4469,0.9606,9.4119,17.9888,412.6582,51.2418,0.0,4.9614,1.3005,7.7212,0.1003,7.2167,3.7511,1.3892,17.6069,73.796,21.23,0.86,9.874,0.3806,39.9843,5.3509,1.1654,0.6043,0.1588,54.5968,8.55,0.1928,3.1327,0.0705,3.2916,23.0288,530.6746,2.0193,10.8,0.3051,3.894,0.086,2.0351,15.1082,0.0155,3.084,0.0503,0.0334,66.5448
-1.0,3004.08,2200.2333,1.3281,101.6111,1.4914,-0.0023,0.0157,202.8022,6.8529,412.5335,0.9591,193.5625,12.5094,1.4136,-3786.0,-2334.0,1.287,1.9955,7.2153,73.2111,1.7667,0.1193,84.3084,8.3591,64.5242,65.973,86.9351,79.94,3.054,353.7345,128.5936,722.6588,1.2368,143.7364,626.0645,46.3952,4.59,4.868,2858.0,0.9256,5.3191,357.12,10.4558,113.9127,10.1335,14.6809,18.9734,703.6855,146.49,617.5227,89.4849,0.0003,-0.0278,-0.0156,0.0199,0.0132,-0.0189,-0.0218,7.8047,0.1318,0.9854,1776.0103,0.1802,8232.1,0.0314,-0.0074,0.0067,0.0843,0.4648,0.9397,713.2748,0.9911,55.696299999999994,0.5974,0.9807,6.2018,15.72,5.151,15.73,15.68,1.395,0.8539,3.419,-0.4731,0.666,2.3195,1000.9221,140.0,199.4,180.8,52.0999,290.196,0.2048,0.0945,0.0289,0.0558,0.0243,9.1966,5.778,13.869,0.0169,0.19,0.034,626.0,14400.0,0.133,0.063,0.157,1.6,0.395,0.486,0.1807,0.6304,0.2914,0.7801,0.939,0.2854,6.73,22.56,24.785,0.49,15.9,6.34,30.799,80.314,0.0743,0.041,0.0213,0.1033,0.0986,0.0813,0.0864,0.0293,3.5115,0.0274,0.0015,127.9607,0.0671,781.3003,0.0178,0.0174,0.0174,0.0344,92.3907,5.8064,0.0294,0.1903,0.0881,2.0348,35.0454,65.9561,64.8731,0.071,2.2877,0.0289,1.8278,0.0481,0.0122,264.9446,171.6807,710.9444,7201.3667,0.0626,0.026,0.0745,0.4755,0.0341,0.1286,0.1894,0.0664,0.1114,6.9993,0.2439,7.9145,0.0819,1.9488,6.7486,6.9929,0.1311,1.7709,2.2379,9.7847,24.2678,0.0221,0.018,0.0101,0.0487,0.0284,0.04,0.0478,0.012,1.1396,0.0095,0.0005,44.6211,0.0242,277.5521,0.0053,0.0118,33.9859,2.0536,0.0098,0.0727,0.0294,7.1108,0.6796,6.3355,6.6376,7.1898,2.3679,24.722,15.42,6.3361,84.3146,3.3619,1.7646,1.5189,2.4052,40.5441,616.9666,10.3341,3.1571,2.1759,2.1855,62.2642,81.2849,11.4944,0.5765,2.1618,0.977,0.2154,7.0081,5.8868,3.4628,23.0767,4.6822,3.6035,53.4215,5.9199,4.6864,6.3996,156.9053,4.3768,13.441,89.7514,0.0,246.988,664.3087,496.4128,613.5849,457.7483,134.4037,44.9927,2.96,1.1253,0.1479,7.205,37.2223,0.0,46.3158,0.0,3.7417,3.6612,12.953,0.1259,10.4816,3.0685,3.7976,5.4395,75.05717254958495,17.04449915311425,1.2423610411649904,7.635375967618663,0.4996309504365517,58.67362004008465,4.2430191223208125,1.6437659878652895,0.1975,0.0405,19.6702,6.51,0.2878,2.7197,0.1296,2.4951,33.9043,530.6746,2.0193,10.8,0.3051,3.894,0.086,2.0351,15.1082,0.0111,2.2111,0.0221,0.0235,106.1758
-1.0,2893.07,2214.2889,1.2513,101.7044,1.4612,-0.0052,-0.013,202.9163,7.6165,416.7005,0.9606,193.6971,12.5757,1.4159,-4684.25,2706.0,1.294,1.9995,7.2912,75.9,1.5111,0.1029,85.4438,8.4278,64.332,66.0827,87.1524,80.18,2.97,353.1427,132.4773,727.0588,1.2254,141.4691,627.0891,50.4863,4.59,4.868,2858.0,0.9256,-2.1555,355.0364,10.6485,110.3218,11.9536,22.1555,27.9032,699.1556,149.7773,615.1355,89.9882,-0.0018,0.0013,0.0029,0.0108,-0.0287,-0.0174,-0.0082,7.6506,0.1318,0.9896,1809.8892,0.1624,9249.6298,-0.0054,0.0326,0.0294,0.0986,0.4642,0.9394,756.6987,0.9911,58.2507,0.6015,0.9808,6.1894,15.72,5.151,15.73,15.68,1.395,0.8539,3.419,-0.4731,0.666,2.3195,1000.9221,139.0,64.7,88.1,46.1001,403.051,0.1376,0.0734,0.0915,0.0622,0.0233,8.0312,3.953,19.947,0.0162,0.31,0.0478,760.0,17919.5,0.119,0.097,0.161,3.0,0.29,0.6458,0.0826,0.601,0.2308,0.7477,0.447,0.2551,12.05,22.94,22.335,0.331,24.81,9.4,34.506,54.702,0.1205,0.0376,0.035,0.07,0.1161,0.0839,0.0822,0.0929,2.7777,0.0311,0.0006,145.8688,0.0516,1024.0,0.0137,0.0159,0.021,0.027,94.1099,0.849,0.0363,0.4231,0.0881,2.0348,32.9216,25.9135,28.1703,0.0448,1.6004,0.0248,1.4451,0.0814,0.0176,338.873,142.3549,1771.5867,8994.62525,0.054,0.0407,0.0789,0.8124,0.047,0.0969,0.2522,0.0339,0.0916,5.987,0.1206,8.3194,0.0709,3.5813,6.8484,6.2879,0.1023,2.8679,3.7872,11.0641,20.0478,0.0365,0.0201,0.0158,0.0314,0.0312,0.0431,0.0453,0.0431,0.8046,0.011,0.0002,53.5579,0.0142,275.4896,0.0057,0.0115,27.182,0.3046,0.0121,0.1434,0.0294,7.1108,0.6796,6.2232,2.2364,3.3929,2.0819,40.7861,10.994,5.0234,51.9008,4.7869,1.6864,2.4651,3.3767,79.7139,836.7332,9.1963,4.8512,2.2081,3.9526,72.7941,130.2376,8.7198,0.7558,0.9803,0.9342,0.1757,5.4907,6.4992,3.6932,20.8211,8.5178,3.6582,44.2397,5.9199,3.1084,7.1881,207.5516,4.9354,17.6266,60.788,0.0,384.6547,0.0,0.0,292.0801,472.4138,0.0,36.3068,2.96,1.2755,0.0651,8.0595,31.7841,0.0,50.6232,0.0,4.5251,2.8768,12.4369,0.0549,1.4575,6.8362,3.7976,5.4395,81.032,10.32,1.0,4.1724,0.4269,47.8439,2.5658,1.2341,0.1975,0.0405,19.6702,4.98,0.0877,2.0902,0.0382,1.8844,15.4662,530.6746,2.0193,10.8,0.3051,3.894,0.086,2.0351,15.1082,0.0118,2.3382,0.0364,0.0172,47.2136
-1.0,3215.87,2212.8667,0.8161,101.6156,1.3964,0.0065,-0.008,201.8857,11.571,422.1625,0.9741,191.9005,12.5094,1.4231,-4368.0,-1438.25,1.2857,1.9892,7.2557,74.5333,1.5222,0.1112,85.4438,8.4278,64.332,66.0827,87.1524,80.18,2.97,350.4782,128.3118,717.5576,1.163,140.2036,618.9936,55.784,4.563,4.805,2867.0,0.9307,1.7627,351.8745,10.6479,110.0745,10.0756,18.2373,22.3967,695.1609,148.0718,610.0209,98.5295,0.0252,0.073,0.0062,0.0107,-0.0298,0.0128,0.0175,7.5051,0.1278,0.9866,1782.5934,0.2018,8671.0501,0.0815,-0.0549,-0.0813,0.0219,0.4619,0.9226,728.6274,0.992,56.6142,0.611,0.9773,6.1358,15.73,5.185,15.76,15.71,1.532,0.8165,3.228,-0.8515,0.6108,2.3042,1000.6822,126.0,128.9,174.7,60.8999,352.42,0.095,0.1095,0.0633,0.0618,0.0188,7.5501,8.014,5.4,0.0104,0.19,0.067,261.0,17919.5,0.102,0.106,0.221,1.7,0.369,0.6458,0.0826,0.601,0.2308,0.7477,0.559,0.30280000000000007,7.83,24.23,40.216,0.234,18.66,5.2,31.777,49.232,0.0715,0.0543,0.0508,0.0647,0.0913,0.1279,0.0753,0.0368,2.1946,0.0574,0.0019,140.7758,0.0442,731.5,0.0128,0.014,0.0179,0.0202,76.0092,4.3831,0.02,0.1782,0.0908,4.105,31.7445,43.7662,74.4781,0.0295,2.5048,0.0381,2.1072,0.0481,0.0248,116.603,236.0104,805.0867,8994.62525,0.0452,0.0442,0.1062,0.6384,0.0407,0.1181,0.2522,0.0339,0.0916,6.4893,0.1638,8.4681,0.088,2.1423,7.2123,11.2553,0.0787,1.7255,2.1092,10.1335,16.827,0.0184,0.0236,0.0221,0.0265,0.0254,0.0657,0.0399,0.0151,0.8808,0.0182,0.0006,42.5772,0.0146,245.5132,0.0051,0.0069,27.1562,1.2965,0.0084,0.0663,0.0307,5.5733,1.5432,5.6338,4.0082,7.1191,2.7521,33.0305,11.6394,7.8418,69.2594,1.2791,1.0654,1.5189,4.7058,38.3013,0.0,7.9331,5.3286,3.0459,2.2809,65.6934,113.2867,10.6939,0.7558,0.9803,0.9342,0.1757,5.8891,3.5694,3.8064,25.522399999999998,5.5847,3.9144,65.59535,5.9507,2.1976,6.2231,185.2001,4.5712,9.601,49.9668,283.1683,0.0,0.0,855.7704,428.4757,590.5882,209.9857,29.2411,1.4871,2.3558,0.1967,7.8972,21.916,724.9191,38.7824,772.8814,3.877,2.1859,10.4318,0.0617,7.7421,2.9038,3.9418,10.8325,75.866,17.52,2.13,8.0618,0.88615,79.2528,4.2777,2.8076,0.2724,0.0557,29.0984,2.46,0.2594,0.9428,0.1041,0.9484,31.7289,532.5954,2.1606,10.59,0.3212,3.4596,0.0944,1.9884,14.8682,0.0122,2.4437,0.0364,0.0172,47.2136
-1.0,3004.39,2200.9556,0.786,100.37,1.4106,-0.0181,-0.013,202.6174,11.6855,420.3996,0.9743,192.6699,12.5782,1.415,-3659.5,-4927.0,1.289,1.9957,7.2162,74.8667,1.9444,0.135,85.5246,8.2832,64.482,66.0304,87.3204,63.93999999999998,4.515,358.6127,127.1536,725.1346,1.2903,139.0382,624.8046,43.2701,4.681,4.908,2843.0,0.9314,1.9273,357.5064,10.547,109.0809,11.3046,18.0727,22.8211,702.3135,148.2873,614.8745,75.5858,-0.0056,0.0375,0.0343,0.0108,-0.0298,-0.0169,0.0268,7.2298,0.1311,0.9899,1850.6233,0.2021,8935.6998,-0.0459,0.0037,0.0001,0.1279,0.45940261588455744,0.9319,695.9648,0.9909,58.6921,0.6018,0.9646,6.2716,15.73,5.185,15.76,15.71,1.532,0.8165,3.228,-0.8515,0.6108,2.3042,1000.6822,139.0,79.5,82.9,55.7,426.033,0.07,0.091,0.0572,0.0517,0.0226,7.8165,12.158,5.023,0.0118,0.3,0.0507,364.0,8630.0,0.149,0.123,0.146,1.9,0.402,0.6555,0.1063,0.426,0.158,0.7429,0.387,0.30280000000000007,12.67,29.13,25.345,0.31,14.9,5.55,31.341,113.297,0.0647,0.0365,0.0279,0.0113,0.1349,0.0998,0.062,0.0483,4.0891,0.0636,0.001,98.8339,0.0358,1161.0,0.0369,0.0086,0.056841093708255935,0.0207,104.1169,2.3058,0.0417,0.2831,0.0908,4.105,36.4136,25.4722,25.1756,0.0201,2.3447,0.0259,3.5071,0.0819,0.0209,158.9277,202.7583,721.0319,4005.087,0.0643,0.0554,0.0675,0.6538,0.0275,0.1383,0.2855,0.0488,0.072,7.5497,0.1562,9.2152,0.088,3.7184,8.4258,8.5314,0.1073,1.901,1.6642,9.8183,33.6029,0.0185,0.0163,0.012,0.0055,0.0415,0.0554,0.0343,0.0219,1.3812,0.0193,0.0003,33.4964,0.0109,312.8544,0.0098709361914207,0.007,31.0696,0.7461,0.0158,0.1036,0.0307,5.5733,1.5432,6.3228,2.6461,3.3582,2.5307,37.8068,8.9003,6.4509,104.0439,1.1948,1.2161,2.3851,3.5809,45.3067,175.1573,11.5593,6.1631,2.0232,2.5378,36.0,58.5185,12.012,0.7664,1.2833,0.6606,0.2379,6.7733,5.3007,4.0013,25.3696,9.1126,4.6623,58.5739,5.7192,2.9392,5.9405,131.8047,4.4625,37.199,149.8919,0.0,77.7837,32.9446,0.0,335.1805,366.322,180.5607,56.5594,1.9829,2.6935,0.1025,5.3406,17.6948,247.0377,41.6912,0.0,12.483952984943535,2.2185,14.9601,0.0986,3.9286,4.5137,3.9418,10.8325,83.186,15.63,1.33,7.7877,0.5999,88.5911,3.9058,1.5988,0.2514,0.0501,26.8086,7.54,0.3378481311764915,3.0524,0.1352392452747727,2.8863,38.05341532073962,534.7818,2.0324,8.7,0.4908,3.1112,0.1337,1.6268,24.1504,0.0141,2.8332,0.0364,0.0172,47.2136
-1.0,2929.93,2218.8778,1.2557,100.9444,1.5189,-0.009,0.0096,198.4036,12.631,419.2681,0.9748,187.7274,12.6257,1.4183,-4049.0,-304.5,1.3013,2.009,7.3308,72.6333,2.3556,0.1532,84.8949,8.3588,64.4228,66.2366,86.5828,81.27,2.955,351.9982,136.6345,731.9505,1.3399,144.1945,632.8273,230.8689,4.571,4.806,2858.0,0.9329,1.2327,352.4909,10.4424,117.8673,10.2843,18.7673,21.6796,710.2708,153.4536,623.8118,171.74984999999998,0.0265,0.0059,0.051,-0.0178,0.0196,-0.0228,-0.0237,7.5076,0.1299,0.9639,1668.0622,0.1568,9258.8999,0.0,0.0,0.0,0.0,0.466,0.9306,784.403,0.9905,58.6668,0.5881,0.9801,6.3911,15.73,5.165,15.8,15.65,1.881,0.8436,3.23,-0.0946,0.6717,2.3036,1000.4791,91.0,85.6,22.5,57.2,1015.8822,0.2677,0.1164,0.0602,0.0409,0.015,7.0005,11.245,4.525,0.0083,0.33,0.0536,373.0,2727.0,0.154,0.093,0.137,2.0,0.232,0.6053,0.1165,0.28070000000000006,0.2068,0.7726,0.329,0.1866,5.11,23.6,62.662,0.764,17.16,14.86,33.353,67.679,0.104,0.0371,0.0833,0.058,0.0871,0.0775,0.0813,0.0339,4.3609,0.0584,0.0093,156.9957,0.0336,757.0996,0.0132,0.0153,0.0166,0.0338,80.5452,1.5727,0.025,0.274,0.0869,3.7989,24.2243,30.1259,8.0997,0.1013,4.1378,0.0392,3.3069,0.0982,0.0204,171.4961,23.4858,538.7424,1296.6651,0.0651,0.0463,0.0564,0.6801,0.0335,0.0732,0.2687,0.0448,0.0726,5.4225,0.088,9.9554,0.0551,1.5164,6.8781,18.3256,0.216,3.8227,4.1588,11.0501,18.1805,0.0256,0.0162,0.0359,0.0238,0.0228,0.0438,0.0403,0.017,1.7878,0.0171,0.0031,46.2809,0.0119,229.2357,0.0049,0.0115,24.4814,0.5257,0.0082,0.0904,0.0303,3.1178,1.1078,4.1226,2.9216,0.8937,2.5779,77.0342,21.3224,7.6634,89.027,1.0793,0.8488,2.6137,3.7793,28.7478,878.8110999999999,11.8348,4.6292,1.8688,2.7536,46.6981,56.1276,6.856,0.713,1.3942,0.4338000000000002,0.1703,4.9006,13.6495,4.6969,13.9252,3.5438,3.7293,27.1418,6.5179,7.3164,17.537999999999997,166.8562,4.6958,15.9217,30.1951,391.8983,96.8037,113.7813,489.3258,396.4194,356.1884,143.038,58.0856,2.3869,2.41,0.9606,9.4119,21.4362,779.6178,27.0205,941.1765,3.5536,3.6313,10.2683,0.1025,2.6807,4.2869,3.7727,10.0921,73.342,16.46,0.94,7.7103,0.4282,46.1196,3.9899,1.2817,0.2209,0.0408,22.5164,5.78,0.0953,2.5378,0.0399,2.1648,11.0154,534.1482,1.6633,10.92,0.2937,3.7983,0.0853,2.0444,17.6552,0.0098,1.9702,0.0429,0.0388,93.5134
-1.0,3089.1,2200.9556,0.786,100.37,1.4698,-0.0104,0.0075,202.3901,11.3846,423.6585,0.9793,192.4023,12.5237,1.4151,-2699.5,3689.6667,1.3115,1.972,7.2477,67.3,2.0889,0.1722,84.5951,8.58,64.4791,66.2596,86.4157,79.04,3.071,361.1191,124.97,725.6713,1.4379,147.9564,634.0455,225.235,4.681,4.908,2843.0,0.9314,5.4209,359.3691,10.6343,110.3909,15.04,14.5791,19.4166,706.2547,149.2455,619.0055,43.6424,0.0181,0.0176,0.0012,-0.0091,-0.0072,-0.0241,0.0378,7.5435,0.135,0.9906,1787.1098,0.2118,8682.5599,0.0703,-0.0335,-0.0771,0.0534,0.4643,0.9482,740.1082,0.991,58.4981,0.5949,0.9635,6.3685,15.73,5.185,15.76,15.71,1.532,0.8165,3.228,-0.8515,0.6108,2.3042,1000.6822,167.0,190.2,238.6,55.7,426.033,0.07,0.1096,0.0547,0.0463,0.0122,7.5722,13.076,7.238,0.006,0.21,0.0882,474.0,17919.5,0.218,0.107,0.272,3.6,0.404,0.5786,0.1744,0.4197,0.389,0.7959,0.281,0.1211,4.69,18.04,33.919,0.224,16.9,4.36,32.061,34.093,0.0919,0.0399,0.0279,0.0638,0.1219,0.0875,0.0633,0.0664,4.1315,0.0582,0.001,132.5828,0.0445,2322.228871323444,0.0136,0.0228,0.0446,0.0196,233.1215,2.7908,0.0285,0.5957,0.0908,4.105,40.7135,60.455,71.1812,0.0201,2.3447,0.0386,3.6951,0.0587,0.0318,200.9229,180.1247,1401.6753,8994.62525,0.0982,0.045,0.1138,1.1619,0.0189,0.1323,0.225,0.0705,0.1465,5.9794,0.0895,8.5071,0.0386,1.642,5.7845,11.2273,0.0741,1.504,1.8612,9.9219,8.2876,0.0222,0.0172,0.0125,0.0264,0.0271,0.0494,0.0295,0.0321,1.4035,0.0171,0.0004,41.7363,0.013,722.5585,0.0099,0.0059,68.1545,0.9331,0.009,0.2048,0.0307,5.5733,1.5432,7.5658,6.1571,9.8828,2.5307,37.8068,8.9003,7.4567,114.8566,1.7085,0.6101,1.6768,6.2308,114.6879,516.4423,16.6222,5.426,3.7529,5.3492,67.0213,29.6129,12.1695,0.684,2.0327,0.6509,0.3927,4.8239,3.7929,3.9183,8.4195,3.1698,2.8452,15.0594,5.7192,2.1064,5.3175,112.3667,4.5396,26.7526,78.119,507.7348,618.59025,0.0,0.0,0.0,262.3834,175.5453,54.7694,2.2255,2.3901,0.1022,7.4188,21.0291,0.0,24.9541,0.0,9.5974,2.0693,31.4983,0.1201,4.7708,9.3534,3.9418,10.8325,72.316,18.59,1.14,7.9375,0.458,49.2022,4.6115,1.5764,0.2048,0.0465,20.3213,4.43,0.2913,1.8456,0.1326,1.8032,38.05341532073962,532.1636,1.7199,8.98,0.1556,2.8688,0.0502,1.6874,9.0462,0.0146,2.9075,0.0281,0.0227,80.5639
-1.0,2993.19,2204.2333,1.6392,89.0356,1.4788,0.0124,0.0147,202.6098,7.0168,420.6732,0.9572,193.1796,12.4049,1.3943,-4109.75,1502.25,1.0012,1.87,5.099,71.4333,2.4111,0.1774,85.0449,8.5003,64.4113,65.8981,87.1866,79.53,4.022,352.8382,124.6664,715.4936,1.4053,139.1845,616.6891,208.9937,4.618,4.849,2844.0,0.935,5.0818,352.6164,10.3966,109.7482,14.2618,14.9182,22.4191,693.0745,140.0627,602.4273,70.4602,0.0203,0.0334,0.0388,-0.0064,0.0014,-0.0272,0.0838,8.096,0.1334,0.9688,1801.8521,0.1521,8669.4601,0.0,0.0,0.0,0.0,0.45402577521940235,0.9653,732.7834,0.9906,59.5074,0.5868,0.9767,5.9926,15.75,3.235,15.8,15.73,0.9838,0.5653,3.153,0.7096,0.8543,2.2802,998.0122,106.0,157.5,162.0,53.8,385.4899,0.3378,0.1301,0.053,0.052,0.0183,7.2709,9.331,10.856,0.0188,0.19,0.0712,161.0,123.0,0.082,0.051,0.215,2.9,0.182,0.7346,0.0901,0.4808,0.2104,0.8148,0.358,0.1399,3.57,15.22,58.256,0.35,17.12,5.72,26.694,72.71,0.0595,0.0513,0.12045,0.1366,0.0679,0.0172,0.0439,0.1055,4.3692,0.0664,0.0056,149.4442,0.0221,426.2998,0.0138,0.0124,0.04512224831411005,0.0113,39.5076,4.2238,0.0256,0.2077,0.044,4.1345,29.8401,55.8344,58.5406,0.122,1.4153,0.0416,3.1277,0.0533,0.022,69.9571,117.55,1162.6425,54.2425,0.0385,0.0236,0.1007,1.1281,0.024,0.0542,0.282,0.0378,0.0849,5.792,0.1261,6.2725,0.0383,1.2177,4.1071,18.8485,0.1189,1.5852,2.6267,8.1114,24.1273,0.016,0.0228,0.055099999999999996,0.06,0.0172,0.0079,0.0228,0.0477,1.3932,0.0204,0.0018,48.3165,0.0073,147.9576,0.012530186277501208,0.0035,14.2814,1.2312,0.0075,0.0667,0.0131,11.7622,1.2469,4.7949,5.2619,6.2858,2.4408,18.2625,20.6105,8.7976,132.9805,2.5806,1.9681,1.5317,5.1028,63.1912,8.1877,8.1898,2.7273,4.2165,4.0597,24.8848,38.8854,3.9532,0.8638,1.0594,0.7465,0.1522,5.9319,6.7781,3.0485,9.9583,2.5649,2.468,27.8745,4.1138,3.3665,6.8429,120.0407,3.8515,27.67,103.193,292.7429,130.3685,352.0619,0.0,0.0,161.6943,125.895,53.9677,1.6486,2.7143,0.5741,8.2939,14.5086,0.0,46.6472,0.0,11.163264987939145,1.1691,5.3914,0.1295,7.0979,3.6255,1.9293,11.0853,77.6476185385923,17.098950404297003,1.276913680727055,7.827446422790023,0.5226122507632762,63.61121548914229,4.234644087920566,1.6406472718318341,0.1593,0.0457,15.9183,7.27,0.1003,3.0486,0.0373,2.7127,10.1547,535.0509,1.6984,7.71,0.2835,2.7384,0.0854,1.441,16.6894,0.013,2.6034,0.0281,0.0227,80.5639
-1.0,3048.39,2205.7445,1.0518,101.8644,1.4282,0.0154,0.012,199.5371,6.4448,407.4825,0.9712,189.9359,12.4349,1.4267,-4374.25,57.0,1.2845,2.025,7.3075,73.9889,2.2333,0.1872,83.7568,8.2981,64.638,65.9373,86.6174,80.57,3.675,358.52,121.75,719.4917,1.3569,145.3564,625.6264,200.9895,4.549,4.786,2887.0,0.9215,5.5109,355.8127,10.9187,107.2609,21.3173,14.4891,21.4279,698.0638,141.2355,604.3091,104.1488,0.0047,0.0057,-0.0066,-0.0035,0.0003,-0.0174,0.1048,8.5547,0.1299,0.965,1827.0966,0.1542,9419.26,0.0,0.0,0.0,0.0,0.4594,0.9368,805.6736,0.9916,58.7206,0.5999,0.9622,6.3293,15.73,5.165,15.8,15.65,1.881,0.8436,3.23,-0.0946,0.6717,2.3036,1000.4791,91.0,183.7,136.8,50.0,484.67,0.2233,0.0934,0.0615,0.0494,0.0211,7.6035,4.387,17.72,0.0107,0.22,0.0415,2060.5,1010.0,0.16,0.086,0.263,2.9,0.458,0.5941,0.1229,0.497,0.2148,0.7974,0.445,0.0863,4.22,17.31,44.294,0.313,14.42,3.25,28.448,79.846,0.0509,0.0546,0.0839,0.04,0.0913,0.085,0.0509,0.0205,2.5435,0.0584,0.0108,202.6879,0.0344,890.4004,0.0163,0.0303,0.0166,0.0207,93.3201,2.9013,0.0292,0.2747,0.0869,3.7989,24.2243,58.5945,50.2825,0.0743,3.4613,0.031,1.3024,0.0584,0.0133,912.5788,150.799,1112.8421,490.0082,0.0664,0.039,0.1431,0.8373,0.0596,0.1675,0.2274,0.0499,0.0927,5.9043,0.1234,7.8081,0.0271,1.3407,5.3006,12.3238,0.0826,0.9516,1.905,9.1201,25.2112,0.0138,0.023,0.0372,0.018,0.0259,0.0473,0.0234,0.009,0.8726,0.0171,0.0041,61.574,0.0096,347.7411,0.0052,0.0082,36.0882,0.765,0.0081,0.0846,0.0303,3.1178,1.1078,4.1226,6.0261,5.4959,2.2668,35.5563,21.2293,6.5396,68.0702,4.3487,1.1055,1.7692,2.9087,59.5302,0.0,12.4562,4.2469,3.599,3.9195,98.5075,95.6083,13.4975,0.7093,1.4805,0.7689,0.1184,4.658,3.6879,3.4203,6.3621,2.9032,2.7668,22.038,5.8039,2.8666,4.2793,67.6446,4.0753,7.6266,76.6653,0.0,371.4286,603.7736,0.0,0.0,292.5287,19.5564,29.7317,2.3869,2.41,1.1155,11.0934,22.2906,0.0,64.2082,0.0,3.6031,2.2048,11.5829,0.0649,4.9409,4.3401,3.7727,10.0921,74.76894729977118,17.29408682394021,1.2119337583083152,7.793731927594849,0.4879936399659961,57.17387305516244,4.289747708604568,1.6176823319776565,0.1028,0.0229,11.0253,9.08,0.102,3.4864,0.0471,3.3999,14.7024,534.1482,1.6633,10.92,0.2937,3.7983,0.0853,2.0444,17.6552,0.026000000000000006,5.21645,0.0281,0.0227,80.5639
-1.0,2951.85,2189.5777,1.3459,100.7744,1.559,-0.0032,0.0135,202.8617,6.7606,423.0329,0.9593,193.4198,12.4673,1.3932,-1929.0,1272.75,0.9895,1.8985,5.201,69.2222,2.5,0.1659,88.2693,9.97415,65.0056,66.94045000000003,87.0024,77.9,3.552,354.3809,131.2991,727.5248,1.3938,141.9936,627.6736,161.5405,4.6,4.859,2858.0,0.9314,-0.07,354.2255,10.5932,111.2291,14.9991,20.07,25.2503,702.2745,147.22,612.6745,112.5667,0.0134,0.0139,0.0143,0.0381,0.0287,-0.0095,0.0091,7.1193,0.131,0.9894,1772.8633,0.2054,9400.81,0.0014,-0.149,-0.0415,-0.0271,0.4621,0.95,802.9367,0.9908,59.2869,0.5997,0.9703,6.2819,15.75,3.235,15.8,15.73,0.9838,0.5653,3.153,0.7096,0.8543,2.2802,998.0122,150.0,68.0,90.3,50.0,307.522,0.2498,0.077,0.1105,0.0627,0.0161,7.3255,8.159,4.188,0.0163,0.21,0.0135,451.0,197.0,0.117,0.088,0.097,1.8,0.081,0.792,0.2011,0.4391,0.16,0.7855,0.232,0.2212,8.34,15.84,38.235,1.5694999999999997,22.0,12.03,26.856,27.292,0.0979,0.10470000000000002,0.1093,0.14704999999999996,0.0918,0.0352,0.1004,0.0236,4.1278,0.047,0.002,152.8048,0.068,1032.4004,0.0369,0.03420000000000001,0.0183,0.0293,91.1874,4.6681,0.032,0.4014,0.044,4.1345,40.2363,23.7933,32.5576,0.0726,1.875,0.0272,2.6965,0.0498,0.0046,204.2961,357.9288,1845.3103,97.2878,0.0505,0.0377,0.0415,0.753,0.0289,0.0301,0.3219,0.0816,0.1215,6.443,0.0975,6.5239,0.0616,2.8722,5.0244,13.9168,0.45265,3.1272,3.5064,8.8919,8.3501,0.0299,0.0455,0.048,0.06770000000000001,0.0265,0.0168,0.0439,0.0116,1.429,0.0138,0.0006,50.0358,0.0232,307.09,0.0054,0.0086,27.2953,1.3468,0.01,0.1355,0.0131,11.7622,1.2469,6.3582,2.3036,3.5762,2.2835,23.2915,18.5588,4.939,120.6839,0.99,1.694,1.6844,0.9661,215.7076,15.4783,11.8242,4.6352,1.865,2.6003,52.0,60.2813,1.7438,0.7681,0.8684,0.5866,0.1641,6.0472,14.2194,2.8612,15.868,5.8735,2.5236,23.669,6.2692,14.8775,17.537999999999997,146.6759,3.8241,18.8327,24.2452,732.6473,158.1603,0.0,240.708,122.5413,0.0,259.3407,57.9805,1.4499,1.9282,0.2063,8.6191,33.1192,0.0,13.6674,187.7095,3.9621,3.0808,11.3567,0.1145,7.8737,6.3902,1.9293,11.0853,79.6317790765636,17.18540027171697,1.30178592193135,7.92898365288537,0.5323727672234577,58.901051680575684,4.263121323847245,1.5674180909347233,0.2003,0.0413,20.7785,4.62,0.1004,1.82,0.0374,1.7457,16.9909,531.6791,2.0502,6.59,0.4641,2.3352,0.1277,1.2395,22.6363,0.0178,3.5361,0.0286,0.0154,53.8577
-1.0,2889.67,2199.6334,1.4083,99.2178,1.4302,0.0058,-0.006,199.1312,8.8255,432.8914,0.9748,188.9651,12.5094,1.4155,-4123.0,1258.0,1.0025,1.866,5.179,67.6556,2.7333,0.1803,86.6785,9.0121,64.0904,66.94045000000003,86.6797,79.05,3.395,357.0564,128.1755,725.0124,1.3697,141.4055,626.6373,219.7355,4.571,4.831,2871.0,0.9255,0.5609,356.4127,10.6871,108.7364,16.4646,19.4391,27.1415,697.8708,145.0236,610.1727,110.4854,0.0016,-0.0292,-0.0209,-0.0299,0.0061,-0.0232,0.0298,6.9973,0.1453,0.973,1867.539,0.2302,9030.81,0.0319,0.0419,-0.0024,0.0365,0.4549,0.9258,763.5044,0.9915,57.1032,0.6029,0.9809,6.114,15.72,3.225,15.77,15.75,0.8893,0.6185,3.276,0.4731,0.7914,2.2868,1001.2349,120.0,49.7,147.9,54.6001,398.835,0.11,0.137,0.0556,0.0367,0.0184,6.39,11.915,26.932000000000002,0.0099,0.19,0.0423,336.0,149.0,0.074,0.036,0.143,2.4,0.165,0.7555,0.1141,0.6073,0.3622,0.6522,0.391,0.07,5.37,20.21,31.378,0.317,23.28,3.48,30.746,98.678,0.0628,0.052,0.0305,0.0718,0.0768,0.0817,0.0815,0.0412,4.6541,0.0728,0.013699999999999999,106.03,0.1254,512.7998,0.0117,0.0177,0.012,0.0314,51.7004,2.5672,0.0321,0.1722,0.0318,7.0836,31.245,16.1535,50.1526,0.0352,1.8677,0.0484,3.3783,0.0481,0.0166,144.2738,129.5364,496.1015,63.177,0.0303,0.0147,0.0633,0.7907,0.0285,0.0478,0.2843,0.0449,0.1165,6.1051,0.1275,8.7998,0.0196,1.6908,6.4914,9.578,0.0927,1.3126,2.6615,9.7469,29.2638,0.02,0.0224,0.014,0.0335,0.0209,0.0464,0.0441,0.0173,1.5369,0.0229,0.0046,35.0071,0.0374,203.7683,0.0041,0.0091,20.7386,0.8136,0.013,0.0647,0.0102,6.5051,2.2254,5.4977,1.7199,6.5588,2.4822,32.0906,7.8086,9.5792,135.0072,6.508749999999999,1.0165,1.5189,2.9876,25.8792,11.8442,7.3815,1.9293,2.7612,3.5474,51.2195,43.2532,3.485,0.8716,1.2662,0.9476,0.1852,5.6994,4.5094,3.9107,5.1106,3.7976,3.2252,14.2799,6.0558,2.9662,5.288,141.3945,4.4057,14.906,89.3132,0.0,618.59025,343.9521,256.9099,0.0,351.2931,138.255,66.513,2.8211,3.0038,1.3944999999999999,5.6775,63.31987047269746,0.0,19.2308,0.0,2.6278,3.3921,6.7715,0.1374,4.4957,2.8166,1.3892,17.6069,81.444,18.24,1.5,8.8464,0.7363,79.6612,4.5372,1.8418,0.3682,0.1271,24.6639,4.98,0.0877,2.0902,0.0382,1.8844,15.4662,532.5954,2.1606,10.59,0.3212,3.4596,0.0944,1.9884,14.8682,0.0106,2.1448,0.0286,0.0154,53.8577
-1.0,2938.02,2114.6667,1.3393,98.7844,1.4446,-0.0109,0.0057,199.9184,4.8396,416.6789,0.9741,190.3554,12.3996,1.3804,-2760.0,-2224.25,1.3115,1.976,7.2647,74.1222,2.1556,0.181,84.095,8.272,64.5378,65.9699,87.1367,81.31,2.974,352.8536,129.2036,722.6774,1.4065,146.2218,628.2791,247.4871,4.561,4.793,2860.0,0.9322,5.5964,351.9045,10.5474,114.8,14.61,16.067,20.7242,701.9532,146.9645,613.6691,133.9615,0.0188,-0.0353,-0.0092,-0.0273,0.048,-0.016,0.0824,7.3839,0.1293,0.9871,1891.431,0.2042,9005.87,0.0615,-0.067,-0.0391,0.0666,0.4619,0.9605,776.2828,0.9906,59.3271,0.5994,0.9649,6.2251,15.73,6.09,15.8,15.71,1.607,0.9732,3.065,-0.5677,0.5325,2.2831,1002.4306,123.0,149.4,138.3,66.5999,1015.8822,0.8033,0.0832,0.0645,0.0493,0.0189,6.2804,3.568,10.693,0.0095,0.24,0.072,608.0,4951.0,0.18,0.054,0.331,2.1,0.631,0.7429,0.1019,0.5207,0.245,0.8442,0.296,0.1347,8.99,18.44,47.839,0.689,23.83,3.72,34.538,85.368,0.0711,0.0975,0.0267,0.0335,0.0998,0.0822,0.0835,0.0485,6.4235,0.0862,0.0027,135.9242,0.0475,756.7998,0.0123,0.0112,0.0137,0.0192,91.125,4.1175,0.0464,0.5746,0.0779,4.1469,30.5207,55.5663,46.2269,0.2525,4.1378,0.0314,1.2737,0.0703,0.0225,257.1225,147.9966,2769.7642,2089.3001,0.0811,0.0249,0.1525,0.6741,0.0417,0.1908,0.2914,0.0404,0.1335,5.8955,0.0977,9.4014,0.0457,3.2259,4.6452,17.2489,0.2177,1.0064,6.425799999999999,11.9123,30.4413,0.0196,0.0416,0.0121,0.0148,0.0274,0.0398,0.0434,0.02,2.0921,0.0288,0.001,46.7243,0.0125,238.9646,0.0043,0.006,27.5298,1.1835,0.0146,0.1918,0.0267,4.5089,1.2568,5.5726,5.0851,5.5327,3.1494,72.167,59.9813,5.7594,73.7245,2.5663,0.9775,1.9355,5.2151,222.5,222.5919,13.7247,2.7328,4.5562,2.8332,46.3918,74.0331,19.4174,0.8834,1.2314,0.8068,0.1672,5.1948,12.7241,4.2974,9.5747,6.1482,2.935,19.3299,6.756,6.5324,17.537999999999997,163.1074,4.9203,19.6081,63.7258,377.1883,356.1644,366.1202,365.7352,171.25,522.6917,58.895,86.9945,2.0885,3.6238,0.2725,7.1863,23.2733,471.5789,49.4624,522.2222,2.9644,2.0036,11.7386,0.0585,6.9403,9.2312,3.4104,10.6963,75.43716121825844,17.146592546163138,1.2480802920563088,7.867545219926638,0.5288484784183523,56.45541818883688,4.270405277506109,1.6853231400533455,0.4201,0.0755,42.8218,3.31,0.1623,1.505,0.065,1.249,23.2055,533.3709,2.147,9.34,0.4487,3.21,0.1318,1.7511,20.9001,0.0081,1.618,0.022,0.0143,65.2186
-1.0,2919.71,2134.7445,1.1827,99.5133,1.3331,-0.0126,0.0076,199.9285,5.5212,412.0992,0.9748,190.3595,12.3996,1.3991,-3935.5,-720.75,1.2778,1.9867,7.3077,75.4,2.1444,0.1558,84.095,8.272,64.5378,65.9699,87.1367,81.31,2.974,352.5427,129.0464,721.9045,1.41,145.8427,627.4318,231.4708,4.561,4.793,2860.0,0.9322,5.3973,351.14,10.5552,114.4436,13.2509,16.345,20.2491,701.6554,148.5973,614.1809,117.2347,0.0233,0.0645,-0.0103,-0.0276,0.033,0.017100000000000004,0.0998,8.6839,0.1307,0.9868,1907.9462,0.1993,9345.48,0.0,0.0,0.0,0.0,0.4217006157501573,0.9366,793.9354,0.9905,59.4126,0.5951,0.9644,6.2581,15.73,6.09,15.8,15.71,1.607,0.9732,3.065,-0.5677,0.5325,2.2831,1002.4306,120.0,109.3,69.6,84.8,1015.8822,0.5433,0.1171,0.1002,0.077,0.019,6.3293,5.769,15.276,0.0096,0.24,0.0756,663.0,1789.0,0.156,0.082,0.187,1.4,0.591,0.7429,0.1019,0.5207,0.245,0.8442,0.324,0.1864,8.99,16.21,59.184,0.575,21.27,4.24,36.287,75.707,0.1078,0.0963,0.0576,0.017,0.0798,0.0333,0.0909,0.0568,4.374,0.0711,0.0067,144.9377,0.0332,835.0996,0.0186,0.0116,0.04318488389086261,0.0255,74.7916,4.1623,0.0223,0.5794,0.0779,4.1469,28.1868,31.9256,20.8603,0.1995,3.2263,0.0374,2.0607,0.0703,0.0218,296.5878,142.8388,771.799,759.2107,0.0664,0.0372,0.0769,0.4062,0.0416,0.173,0.2914,0.0404,0.1335,5.9968,0.0974,9.583,0.0505,3.0551,4.4549,20.6774,0.1704,1.2232,6.425799999999999,12.2183,24.9707,0.0288,0.041,0.0248,0.0079,0.021,0.015,0.0462,0.0263,1.4443,0.0235,0.0021,51.5643,0.0121,268.9599,0.014477587624457274,0.0091,25.7953,1.179,0.0074,0.1981,0.0267,4.5089,1.2568,5.5031,3.7435,2.8757,3.906427332733898,77.0342,45.9396,8.7838,104.4885,3.7069,0.985,1.9355,5.4014,41.799,248.2137,12.209,4.1273,2.5589,1.8568,65.285,71.8973,17.3365,0.8834,1.2314,0.8068,0.1672,5.2731,12.5459,4.5311,13.2228,6.1642,2.5835,25.5687,6.756,5.4476,17.537999999999997,160.5176,5.1716,20.1463,64.5773,462.6609,277.3218,165.8537,288.8034,100.9856,380.3347,56.9138,50.3692,1.5318,2.9387,0.6774,7.5965,16.6791,0.0,39.3912,0.0,11.663383666316367,2.7246,9.4204,0.0535,7.0057,9.2587,3.4104,10.6963,73.67591582982968,17.15530396860707,1.1999022936842019,7.885369325589395,0.510584914259615,54.32806617376905,4.273512023209854,1.6765343598840117,0.4201,0.0755,42.8218,8.71,0.0707,3.5397,0.0291,3.2701,9.8548,532.0164,2.3658,13.49,0.2662,4.6475,0.0914,2.5356,11.251,0.0106,2.1418,0.022,0.0143,65.2186
-1.0,3081.34,2175.3445,1.1419,107.1422,1.3997,0.0062,-0.0063,202.4395,5.603,402.299,0.9793,191.8775,12.5288,1.4044,-3961.75,7084.9583,1.3087,2.0178,7.3708,70.7,1.8556,0.1524,84.9173,9.131,64.3185,65.9561,86.7486,76.72,3.312,351.81,134.7491,728.2708,1.306,146.4409,633.0,245.5546,4.596,4.841,2849.0,0.9353,2.3182,350.8409,10.3544,117.0673,13.3391,17.6818,26.2118,702.059,151.7527,619.6609,86.4468,-0.0381,0.0038,0.0031,-0.0213,0.0222,-0.0294,0.0055,7.2452,0.1284,0.986,1809.8301,0.1985,8996.4699,0.0,0.0,0.0,0.0,0.4577,0.9643,771.5955,0.9898,58.4722,0.5991,0.9656,6.4142,15.73,6.09,15.8,15.71,1.607,0.9732,3.065,-0.5677,0.5325,2.2831,1002.4306,132.0,204.6,140.8,56.2,683.085,0.5724,0.1012,0.061,0.0511,0.0076,9.4259,6.64,10.943,0.006,0.21,0.0626,484.0,9812.0,0.092,0.072,0.076,2.5,0.714,0.6062,0.1798,0.5555,0.3413,0.6778,0.285,0.1003,6.66,10.05,80.1,0.28,14.74,5.09,26.296,82.819,0.1016,0.10470000000000002,0.12045,0.0238,0.0974,0.0664,0.0684,0.0477,5.5342,0.0384,0.0024,138.887,0.0245,434.3994,0.0215,0.0132,0.0265,0.0065,40.7101,1.7818,0.0327,0.544,0.0779,4.1469,30.3144,60.6911,47.2467,0.2101,3.8985,0.0432,2.2161,0.0585,0.0213,200.8316,184.8466,591.3822,4804.7861,0.0407,0.03,0.0362,0.7632,0.0562,0.2056,0.225,0.0696,0.1153,5.6932,0.0861,6.1992,0.0296,2.4011,2.8971,22.8991,0.0746,1.7932,2.3896,7.6443,25.5184,0.0267,0.0455,0.055099999999999996,0.0106,0.0248,0.0304,0.0286,0.0212,1.5586,0.0143,0.0008,43.5471,0.0093,155.0795,0.0064,0.0027,16.1821,0.6444,0.0112,0.181,0.0267,4.5089,1.2568,6.0509,6.64,5.7381,2.5835,59.5363,50.1292,7.2304,118.5079,2.7201,0.6087,1.6761,4.4581,30.8954,123.4486,7.0296,3.5683,1.0311,3.5361,59.2814,105.6122,20.219,0.7139,1.969,0.8637,0.6795,5.1164,6.1967,3.0092,7.6833,4.5479,1.5877,32.62,4.079,2.7042,4.6469,110.5023,3.7455,14.4882,95.8034,266.3172,0.0,755.5556,456.6071,299.0991,232.8511,871.2329,76.3855,2.4924,1.6052,0.2442,7.674,12.3647,458.1345,48.6293,0.0,5.7847,0.6709,5.2761,0.1179,3.0472,8.481,3.4104,10.6963,74.55527609340788,16.830356645849097,1.211648652585353,7.617545191460828,0.48296980226701525,56.60288324203845,4.163409968342929,1.6145491162740249,0.2547,0.0465,26.29,4.98,0.0877,2.0902,0.0382,1.8844,15.4662,532.1736,2.4452,10.83,0.2222,4.0301,0.0832,2.0351,9.0851,0.0089,1.7792,0.022,0.0143,65.2186
-1.0,3069.72,2127.9555,1.0863,107.1522,1.374,-0.0021,-0.0017,199.6147,6.9824,417.4902,0.9806,189.0209,12.5153,1.4241,-5566.0,-1620.75,1.286,1.981,7.2963,75.1889,2.0444,0.1518,83.7747,8.3436,64.3908,65.8525,87.0565,63.93999999999998,4.886,354.6936,129.96,723.4291,0.9433,137.8718,622.5255,123.3614,4.566,4.792,2872.0,0.9306,6.0773,353.2182,10.4516,116.0373,9.4155,13.9227,18.5996,704.8295,145.2491,614.5045,83.2509,-0.0034,0.0454,-0.0498,-0.0302,0.0262,0.0061,0.0001,7.6031,0.1291,0.9875,1786.0376,0.158,7833.1499,0.0061,-0.0484,-0.0114,-0.099,0.4680301914909507,0.939,655.8539,0.9918,57.1918,0.5853,0.9709,6.2771,15.73,6.09,15.8,15.71,1.607,0.9732,3.065,-0.5677,0.5325,2.2831,1002.4306,168.0,84.4,154.6,54.7,917.098,0.6141,0.1013,0.0643,0.0527,0.0077,10.8218,8.142,11.356,0.0061,0.24,0.0701,736.0,17919.5,0.121,0.078,0.122,1.2,0.307,0.8147,0.1049,0.5692,0.2218,0.7732,0.549,0.1367,8.75,11.52,18.594,0.934,9.8,17.25,32.032,108.671,0.0729,0.0527,0.0562,0.107,0.0956,0.095,0.076,0.0683,2.7807,0.0309,0.0025,115.2136,0.0355,381.2998,0.0166,0.014,0.03576638728141157,0.0149,54.588,1.7835,0.023,0.4863,0.0779,4.1469,37.5288,26.2737,54.7323,0.2046,2.1101,0.0332,2.4457,0.0659,0.0218,305.9433,557.7425,3631.8814,8994.62525,0.0494,0.0412,0.0696,0.4702,0.0404,0.1053,0.3189,0.0467,0.089,6.7406,0.161,6.5782,0.0377,2.8019,3.7435,6.349,0.2608,4.3664,4.3065,9.7993,29.2262,0.0212,0.0272,0.0271,0.0486,0.0234,0.05,0.0414,0.0288,1.0415,0.0127,0.0009,44.7791,0.0105,130.4485,0.0067324087539954655,0.0041,15.3796,0.6427,0.0079,0.1615,0.0267,4.5089,1.2568,7.5662,2.7494,6.5155,2.5705,77.0342,56.5322,7.3725,116.6081,2.7201,0.6245,1.9177,4.9231,138.6992,0.0,9.409,3.9374,1.6721,1.596,53.8043,103.4407,9.0353,0.9725,1.2577,0.884,0.2291,6.7382,17.0976,2.675,14.4915,6.3465,1.8505,15.0728,8.0297,8.9364,17.537999999999997,104.0836,4.5446,46.1156,130.5343,0.0,461.2691,214.6439,316.9499,362.2498,0.0,0.0,36.5725,2.9437,1.2811,0.2492,6.4508,22.4862,94.2761,66.0194,707.6923,6.289037272327719,1.5835,8.3232,0.089,3.1185,7.7473,3.4104,10.6963,75.35711607128786,17.38469178295598,1.2718856240414083,7.52231522215419,0.543143099012356,57.232688952976666,4.331610398837746,1.6665021429228266,0.168,0.0423,17.2789,4.97,0.1329,2.2275,0.0521,1.9744,17.188,538.54,2.0768,5.3,0.3411,1.7213,0.0939,0.9842,16.4231,0.0134,2.6945,0.022,0.0143,65.2186
-1.0,2982.62,2114.6667,1.3393,98.7844,1.3333,-0.0054,0.0045,198.9485,5.2269,422.8326,0.971,189.3873,12.3996,1.4211,-3035.75,-406.25,1.289,1.95,7.2157,74.0333,2.0778,0.1624,84.095,8.272,64.5378,65.9699,87.1367,81.31,2.974,351.85,134.6627,728.0075,0.9883,139.2155,625.7282,127.4952,4.568,4.785,2859.0,0.9319,4.3136,351.9118,10.4042,118.9764,9.6593,15.6864,18.2293,709.7783,147.6818,618.57,122.2005,-0.0051,-0.0033,0.06,-0.0053,0.0409,-0.0253,-0.0279,7.2949,0.1374,0.9891,1744.3388,0.2069,8271.1301,0.0,0.0,0.0,0.0,0.459,0.9573,608.6508,0.9907,59.2529,0.58,0.9806,6.2185,15.73,6.09,15.8,15.71,1.607,0.9732,3.065,-0.5677,0.5325,2.2831,1002.4306,124.0,263.8,185.6,66.5999,1015.8822,0.8033,0.1059,0.0559,0.0475,0.0266,11.0523,7.134,6.303,0.0129,0.24,0.0438,391.0,710.0,0.216,0.108,0.191,0.9,0.709,0.7429,0.1019,0.5207,0.245,0.8442,0.902,0.092,7.74,25.22,26.655,0.599,16.51,18.43,34.7,21.328,0.0899,0.0624,0.025,0.0563,0.0848,0.0466,0.0944,0.0438,4.1485,0.0677,0.0018,81.6667,0.0769,989.1001,0.0249,0.0133,0.0177,0.017,107.5477,1.8255,0.038,0.2724,0.0779,4.1469,33.7619,87.65,70.0604,0.2525,4.1378,0.0338,2.5694,0.0703,0.0134,185.0898,243.0657,2711.631,304.1879,0.098,0.05,0.0908,0.3122,0.0226,0.2135,0.2914,0.0404,0.1335,6.9159,0.235,9.871,0.0258,2.5868,7.4914,8.9349,0.167,5.1235,6.1645,12.2961,7.2496,0.0264,0.0256,0.0107,0.0234,0.0214,0.022,0.0487,0.0212,1.4203,0.0258,0.0005,21.7413,0.0222,287.2626,0.0048,0.0051,30.662,0.6131,0.0131,0.0984,0.0267,4.5089,1.2568,5.6366,8.8446,7.4994,3.1494,72.167,59.9813,7.9427,136.486,1.4907,1.3276,1.9355,3.0843,207.4611,174.7692,16.7572,5.5385,2.647,1.2157,52.9412,39.3981,20.3612,0.8834,1.2314,0.8068,0.1672,7.5771,11.9706,4.4973,9.3098,5.5597,4.0305,20.9067,9.7872,5.7573,17.537999999999997,170.9233,4.8889,20.1701,17.4533,0.0,287.5576,93.7943,0.0,114.0061,373.8614,157.13,56.8681,2.4021,2.8427,0.179,4.6818,37.1774,0.0,29.8507,409.7561,3.8475,1.7786,18.4102,0.0733,3.0808,4.3797,3.4104,10.6963,75.62993772281077,16.967486238548542,1.2526733557134748,7.60817611001407,0.5293237593645086,66.2841442265219,4.211198273935875,1.6512503989175362,0.1593,0.0457,15.9183,8.95,0.1566,3.9399,0.057,3.332,22.5993,529.9855,2.2416,10.06,0.426,3.1648,0.1274,1.8982,19.0062,0.0142,2.8661,0.0241,0.0121,50.0888
-1.0,2997.94,2214.1667,0.9113,100.4633,1.4964,-0.0099,0.0061,199.4089,9.2806,402.4408,0.9824,188.5574,12.4755,1.4176,-4578.5,-1570.75,1.283,2.0165,7.348,67.2889,2.2889,0.189,85.0066,9.6938,64.2263,66.5811,87.0735,65.74,3.08,350.9727,138.9555,730.4559,0.8907,136.4891,626.4173,116.8527,4.597,4.862,2835.0,0.933,-2.3509,351.8164,10.2389,116.6045,9.8255,22.3509,28.2662,702.1897,148.1709,616.5918,82.6005,-0.0064,-0.0164,-0.0351,0.0162,0.0416,-0.0224,0.0307,7.3746,0.1287,0.9912,1736.6114,0.1928,8892.2499,-0.0118,0.0102,0.026,0.0416,0.466,0.9562,764.0111,0.9908,59.73,0.6052,0.9812,6.1893,15.88,3.636,15.92,15.82,0.9838,0.6545,3.316,-0.1419,0.8106,2.3984,1015.5056,103.0,134.6,199.4,48.6001,341.2939,0.1,0.1492,0.0309,0.0564,0.0089,8.8486,6.188,6.852,0.0045,0.26,0.0238,533.0,2690.0,0.024,0.042,0.137,2.7,0.262,0.827,0.0479,0.5923,0.3178,0.8225,0.491,0.1104,9.11,15.96,21.883,0.8,14.88,5.5,23.36,103.572,0.0495,0.0641,0.0226,0.0732,0.0646,0.104,0.0979,0.0536,3.6997,0.0466,0.002,73.2539,0.0278,1135.6001,0.0127,0.0186,0.0297,0.0298,133.577,4.0904,0.0307,0.6434,0.1578,2.187,28.8442,52.4127,60.2986,0.0292,1.6477,0.047,1.9197,0.072,0.0093,235.1714,61.9704,1884.4562,1175.3429,0.0099,0.0179,0.0635,0.932,0.0393,0.0886,0.3004,0.019,0.0812,5.5576,0.1762,6.7958,0.0348,2.9778,5.0762,5.9574,0.2376,1.6065,1.9567,7.6525,33.4832,0.016,0.0294,0.0102,0.0344,0.0199,0.0478,0.0499,0.0233,1.1732,0.014,0.0007,30.0215,0.008,315.6836,0.0074,0.0093,37.2134,1.1491,0.0103,0.2037,0.0514,5.4521,0.8903,4.695,4.4897,8.0664,2.195,20.0148,10.9785,9.9703,66.6765,1.7026,0.4588,2.0841,1.681,90.0295,171.2558,1.8706,2.0828,1.8645,4.0125,48.0583,62.4339,7.9856,0.9729,0.4941,0.9222,0.2626,4.8893,4.2819,3.2269,12.394,6.6745,2.5478,18.727,3.9535,7.8133,5.3,151.443,3.3267,23.8419,125.389,778.7611,456.2278,208.3986,397.8445,250.1503,436.5663,174.4508,50.1676,2.0986,1.9178,0.2043,4.2182,14.4101,0.0,60.3466,0.0,6.367,3.1184,17.4836,0.1187,6.8482,10.395,6.5803,5.4404,74.796,15.16,1.72,6.1096,0.7784,44.3407,3.7082,2.2996,0.7563,0.1946,72.9703,6.518430888094508,0.14793871907666964,2.6962736302732537,0.06385130177436968,2.4927399860722788,21.198560483474992,532.8382,2.0005,11.2401,0.3324,4.0427,0.0861,2.1095,16.6163,0.0086,1.7286,0.014,0.0192,136.9762
-1.0,2904.21,2188.6,1.3174,93.1656,1.3179,-0.0089,-0.0084,198.9823,9.1677,418.7459,0.9752,189.3489,12.5163,1.4059,-1363.875,-3884.5,1.2837,1.9695,7.2932,75.1667,1.8667,0.1609,83.6583,8.5596,64.4017,66.0405,86.7827,79.71,2.849,351.4418,135.3936,728.2345,1.3296,147.9427,634.7782,204.6365,4.586,4.837,2855.0,0.9335,1.1618,350.4736,10.3871,116.5555,15.4118,18.8382,26.3647,701.8697,152.3373,619.3664,81.966,-0.0069,0.0389,0.0115,0.0178,0.0014,-0.056650000000000006,-0.006,7.3004,0.1357,0.9895,1796.3286,0.2047,8555.5802,-0.0253,-0.0009,-0.0082,-0.0099,0.461,0.9588,717.053,0.9909,58.5398,0.5982,0.9658,6.4291,15.73,6.09,15.8,15.71,1.607,0.9732,3.065,-0.5677,0.5325,2.2831,1002.4306,173.0,157.8,142.5,46.6001,1015.8822,0.3885,0.0944,0.0524,0.0423,0.0142,10.6597,5.671,9.161,0.0111,0.34,0.0778,571.0,4154.0,0.091,0.153,0.244,2.0,0.395,0.5693,0.0988,0.4025,0.2275,0.6599,0.58,0.0903,7.22,12.25,73.155,0.292,17.96,7.87,31.325,79.839,0.1001,0.0833,0.0879,0.0351,0.0568,0.0737,0.0779,0.0558,5.1247,0.0563,0.0011,139.6388,0.1177,797.7002,0.0109,0.0087,0.0243,0.0227,99.4796,1.9425,0.0405,0.4885,0.0779,4.1469,33.2417,50.1368,43.5948,0.134,3.2751,0.0366,1.5781,0.0937,0.0264,263.7617,63.9759,5823.189049999999,1925.5914,0.0506,0.0685,0.1181,0.6928,0.0274,0.1423,0.2215,0.0388,0.1422,5.8683,0.1491,6.6307,0.0272,2.3123,3.803,26.0435,0.094,2.8896,3.6082,9.3954,24.104,0.0276,0.0372,0.037,0.0164,0.0179,0.034,0.0345,0.0266,1.6982,0.0174,0.0003,45.0114,0.0334,296.5555,0.0071,0.0089,36.8424,0.5487,0.0144,0.1617,0.0267,4.5089,1.2568,8.0402,5.4335,5.631,2.1292,53.569,29.4871,7.1626,61.8583,2.1877,1.1396,2.7165,5.5315,0.0,106.9378,7.0886,7.7685,3.3456,2.6608,101.7857,57.8039,11.3181,0.6805,1.1541,0.625,0.098,4.5954,5.1701,3.1571,6.7883,4.8803,1.9298,35.7487,3.7615,2.8112,6.3317,116.5338,4.4631,16.4212,97.405,0.0,295.1284,305.2174,318.8772,0.0,112.6129,890.8199000000001,70.1973,2.2848,2.34,0.1085,7.7736,57.5286,0.0,55.814,0.0,5.2735,2.365,13.8734,0.0924,3.3183,7.5989,3.4104,10.6963,73.732,18.49,1.81,8.2035,0.6937,63.727,4.6756,2.4548,0.2105,0.0525,20.9548,3.61,0.1347,1.4224,0.0537,1.3684,17.1348,532.97,2.2248,10.09,0.4944,3.3335,0.1597,1.8932,22.2222,0.0192,3.8497,0.014,0.0192,136.9762
-1.0,2949.75,2246.5778,1.1665,96.7089,1.507,0.009,-0.0038,197.6212,6.8496,405.0576,0.9743,188.1268,12.4969,1.3869,-3805.5,1291.5,1.3745,1.965,7.2615,71.5111,1.8333,0.1419,86.3826,8.3273,64.2252,66.0203,87.037,80.01,3.07,355.6064,140.1709,739.5795,0.9805,138.5836,634.3609,133.8512,4.561,4.79,2885.0,0.9216,0.5764,357.6645,10.357,120.7473,11.8327,19.4236,26.0255,713.554,144.1164,622.5282,118.1024,-0.0133,-0.0198,0.0395,0.0036,0.0494,-0.034,0.0049,8.0033,0.1272,0.987,1748.2561,0.2032,9227.9099,-0.0361,-0.0977,-0.0485,-0.0965,0.46212204702779447,0.9184,766.384,0.9907,58.2474,0.6057,0.9594,6.4202,15.84,6.101,15.89,15.81,1.824,0.9561,3.246,-0.8988,0.5952,2.2646,1010.0522,76.0,69.7,35.4,64.0999,923.8671,0.1407,0.0716,0.062,0.042,0.0124,6.5149,4.947,10.411,0.0087,0.23,0.1202,276.0,12825.0,0.157,0.175,0.331,1.7,0.518,0.752,0.0876,0.5645,0.3182,0.7668,0.32,0.0626,5.87,20.76,34.164,0.264,25.4,5.05,31.384,64.585,0.0778,0.0469,0.0261,0.0209,0.0953,0.0754,0.0968,0.0226,4.1653,0.0609,0.0024,146.3693,0.0541,592.7998,0.0193,0.0179,0.049214780041685224,0.0143,71.192,4.0167,0.0327,0.1611,0.0814,3.6473,21.9147,23.6334,11.8589,0.0417,2.3735,0.0207,1.5903,0.0696,0.0394,130.1086,448.5302,1284.5467,8994.62525,0.0693,0.0818,0.1431,0.5183,0.0503,0.1485,0.2786,0.035,0.0967,6.3499,0.1002,8.0175,0.0213,1.668,6.2375,9.5431,0.0936,1.7779,1.9945,9.5692,18.6172,0.0245,0.0194,0.0121,0.0101,0.0255,0.0356,0.0482,0.0117,1.3368,0.0182,0.0009,42.7579,0.0191,180.5477,0.012636435228229555,0.0053,23.1352,1.3087,0.0113,0.0554,0.0274,5.5074,1.3784,3.6512,2.3629,1.4,2.8532,47.0448,12.0612,4.7511,72.2228,2.5703,0.8903,1.8405,8.664,79.9107,878.8110999999999,11.4223,8.9059,4.5583,2.3773,60.0,103.6022,15.3968,0.8705,1.0516,0.8789,0.1796,6.1332,3.5813,3.4541,6.3809,4.2357,3.2726,25.5239,5.9655,2.549,4.7703,214.6591,4.3983,11.7588,54.6856,584.1389,379.7571,52.9449,0.0,152.7089,284.7059,465.9794,52.0449,2.672,2.5836,0.2461,8.3723,26.6245,939.0164,46.5608,449.5238,9.69875676489195,1.5589,9.2893,0.1709,6.896,2.5095,3.5966,9.0727,74.17462677914807,17.07129447518611,1.1911771843914871,7.809205406747194,0.46940623815382954,50.846571301994565,4.238768916921433,1.5985183949498136,0.2092,0.0383,21.0489,4.65,0.1504,2.1695,0.0558,1.7435,21.8686,534.1482,1.6633,10.92,0.2937,3.7983,0.0853,2.0444,17.6552,0.0147,2.9826,0.0473,0.028,59.0825
-1.0,2979.77,2208.6556,1.5137,97.0367,1.4691,-0.0088,0.0002,198.1256,9.9154,414.3119,0.9762,189.0004,12.3996,1.4027,-3475.75,-2297.5,1.2685,2.0278,7.3475,68.3111,2.9111,0.2578,86.6554,9.0061,64.1901,65.8984,86.8907,77.5,3.417,357.3,130.1418,729.0667,1.0259,141.4236,628.8655,133.4408,4.617,4.872,2865.0,0.9263,6.8491,358.7082,10.4666,116.9909,7.6141,13.1509,13.5705,715.4963,149.8327,625.5318,171.74984999999998,-0.0379,-0.0358,0.0268,0.0221,0.0449,-0.0401,0.0133,8.1525,0.1356,0.9917,1795.2321,0.2022,8168.4099,0.0571,0.0195,-0.0733,0.0373,0.4383446752727769,0.9485,703.9763,0.9911,57.6585,0.5923,0.9802,6.3507,15.88,3.636,15.92,15.82,0.9838,0.6545,3.316,-0.1419,0.8106,2.3984,1015.5056,97.0,88.6,126.4,65.5,194.303,0.6081,0.0854,0.0779,0.0549,0.0118,6.5237,6.85,7.957,0.0089,0.24,0.0556,602.0,8776.0,0.021,0.065,0.146,1.7,0.386,0.4657,0.1259,0.7603,0.5096,0.7617,0.394,0.083,6.31,19.72,26.996,0.181,15.73,8.76,36.329,60.478,0.0784,0.0284,0.0385,0.0482,0.0764,0.0938,0.1015,0.0807,2.7591,0.0909,0.0005,72.824,0.0517,973.2002,0.0148,0.0172,0.042342775732364835,0.0272,107.3284,1.5123,0.0219,0.2617,0.1578,2.187,26.585,26.6553,41.4784,0.1936,1.4886,0.0255,2.065,0.0703,0.0182,281.9662,334.6785,422.7169,4367.1011,0.0098,0.0268,0.067,0.5622,0.0417,0.1186,0.1866,0.0459,0.0437,5.9756,0.1335,8.3849,0.0235,1.9207,6.2759,8.1954,0.0589,2.6237,3.2561,11.2105,20.0923,0.0272,0.0124,0.0166,0.0216,0.0231,0.0399,0.0498,0.0341,1.0334,0.0279,0.0002,21.3552,0.0159,273.5566,0.011284828734540127,0.011,32.182,0.4216,0.0079,0.0893,0.0514,5.4521,0.8903,4.3908,2.9734,5.0701,2.9656,11.2395,40.1756,5.8132,69.0847,1.9205,0.9166,1.9355,3.9652,26.3253,381.9804,1.6555,3.2055,1.9871,2.4886,37.7863,44.6121,11.1765,0.5374,1.3975,1.1845,0.6795,5.1105,3.7959,3.5949,8.0876,4.4618,3.1358,20.2307,6.548,1.7293,6.8296,206.5911,5.0775,8.8626,27.0598,206.6557,435.249,179.8507,345.5059,209.1416,253.1172,605.6285,33.8438,1.5482,3.8012,0.049,4.0565,25.5687,0.0,21.6822,0.0,11.700138769319958,2.8725,15.246,0.0588,2.6228,4.1213,6.5803,5.4404,73.83587760725268,16.69817188572753,1.1849183724260233,7.629387235276034,0.5122283679377071,58.09164295881518,4.169615701999497,1.6131345188128086,0.5697,0.1179,56.0174,8.82,0.1746,4.1062,0.0671,3.2906,22.6564,534.6127,2.2455,9.57,0.26,3.3175,0.0943,1.7901,11.5777,0.0251,5.0582,0.0473,0.028,59.0825
-1.0,3006.33,2189.3556,2.1415,84.34660000000002,1.4951,-0.0049,-0.0086,198.6665,10.3519,421.5831,0.9701,189.2141,12.5049,1.363,-1363.875,-7175.24995,1.2788,1.9808,7.2265,72.3444,1.8778,0.1607,86.238,8.287,64.1468,66.3076,86.9546,80.14,3.088,351.1145,136.9627,727.809,1.1396,137.5464,625.6236,52.6108,4.619,4.869,2837.0,0.9345,-0.7245,351.1618,10.3189,116.2382,6.8847,20.7245,25.9809,701.8281,153.8918,621.2918,128.4002,-0.0369,0.0071,0.0615,0.0266,0.0418,-0.0494,0.0076,7.5362,0.1404,0.9884,1719.9675,0.1934,8646.7001,-0.1291,0.0623,-0.0659,-0.136,0.4566,0.9266,743.9188,0.9909,59.2772,0.5896,0.9793,6.3885,15.84,3.483,15.84,15.74,1.031,0.6149,3.268,0.0,0.8248,2.4108,1014.9933,99.0,106.1,27.4,74.0,384.678,0.7449,0.1491,0.0482,0.0798,0.0146,6.8812,6.197,4.857,0.0109,0.42,0.0686,850.0,17919.5,0.068,0.129,0.331,1.9,0.68,0.909,0.1096,0.6641,0.3467,0.868,0.585,0.1688,6.12,20.03,15.245,0.396,10.16,3.61,31.191,79.209,0.0523,0.0573,0.1034,0.0355,0.0349,0.0403,0.059,0.0384,5.0516,0.0282,0.0011,67.2747,0.0545,551.0,0.026,0.018,0.0207,0.0074,66.8427,4.4775,0.0316,0.2897,0.1107,5.2713,29.549,37.1677,9.7264,0.2177,1.2905,0.0462,1.6925,0.1183,0.0295,403.6389,84.7835,5823.189049999999,8994.62525,0.029,0.0543,0.146,0.6425,0.0583,0.2036,0.3366,0.0428,0.0776,4.3803,0.1993,8.394,0.0482,2.3323,6.3705,4.4498,0.1111,1.1752,2.0812,10.1722,22.3741,0.014,0.0238,0.047,0.0147,0.0113,0.0192,0.0247,0.0193,1.7969,0.0094,0.0003,22.6578,0.0152,188.4409,0.0054,0.003,22.9428,1.2714,0.0109,0.0976,0.0424,4.7211,1.665,4.5434,3.5292,1.1303,3.38,16.2748,34.7855,9.9727,59.8634,1.1521,1.126,3.3587,5.0344,0.0,319.3471,5.3177,6.5127,4.5804,2.6263,90.5325,119.5021,19.6229,1.0541,1.3221,1.0353,0.3985,4.3376,4.6947,3.406,14.8124,4.4494,3.2016,28.9769,5.2823,3.8376,5.5231,147.5736,4.4442,12.4941,61.6892,141.6864,618.59025,57.7236,131.203,96.2963,119.4937,505.2632,67.0316,1.5671,1.169,0.108,3.9114,28.1606,616.7024,26.2056,632.8358,4.5344,0.8003,8.9852,0.0706,7.5535,4.5352,4.5919,12.3129,75.574,18.19,2.0,8.0777,0.8348,146.2962,4.4791,2.6464,0.1882,0.0419,19.2616,6.22,0.099,2.334,0.0404,2.325,10.514,526.5336,2.6194,9.6,0.2265,3.1446,0.0835,1.8232,8.6457,0.0096,1.9025,0.0473,0.028,59.0825
-1.0,3043.78,2192.0,1.1723,94.93,1.4463,-0.0031,-0.005,202.496,6.6615,416.6365,0.9586,193.5823,12.5094,1.4223,-4510.5,-4119.3333,1.2833,1.983,7.2027,73.1333,1.7667,0.1384,84.525,8.7932,63.7758,66.2803,86.7223,79.27,3.05,356.2909,129.8945,727.0812,1.3288,141.1991,627.3845,190.5634,4.581,4.826,2811.0,0.9224,-0.2227,355.8373,10.6602,109.6718,17.2,20.2227,28.803,698.2782,144.6755,610.1845,106.092,-0.0228,0.0523,-0.0215,0.0059,0.0331,-0.046,0.0095,7.016,0.1403,0.9896,1706.8278,0.1984,9245.0601,0.0218,0.0074,-0.0511,-0.0148,0.462,0.9566,752.2176,0.9911,59.0059,0.5958,0.9815,6.1117,15.84,6.101,15.89,15.81,1.824,0.9561,3.246,-0.8988,0.5952,2.2646,1010.0522,101.0,71.8,78.7,48.2,333.9751,0.2041,0.0736,0.0732,0.0763,0.0224,7.5497,4.848,15.175,0.0169,0.19,0.0328,470.0,17919.5,0.177,0.101,0.066,4.3,0.515,0.8986,0.1371,0.6637,0.3487,0.9576,0.699,0.1937,3.9,18.75,49.92,0.458,27.73,8.45,39.077,58.916,0.0935,0.0151,0.0848,0.0617,0.0957,0.0966,0.0334,0.0441,5.0276,0.0563,0.0023,96.2336,0.0326,870.8994,0.0124,0.0132,0.019,0.0184,63.4802,1.76,0.0125,0.2328,0.0814,3.6473,26.6802,27.35,32.474,0.0731,1.3851,0.0242,1.2732,0.0481,0.0109,214.0195,197.8373,833.7068,8994.62525,0.0893,0.0476,0.0357,1.462,0.0412,0.1843,0.3432,0.0548,0.1307,5.5404,0.2053,8.3544,0.0522,1.383,5.7885,14.696,0.1341,2.4256,4.2521,11.5583,18.0063,0.0262,0.0062,0.0385,0.0283,0.026,0.0454,0.0142,0.0182,1.7373,0.0174,0.0009,37.3592,0.0094,216.9322,0.0049,0.0054,19.8063,0.5763,0.0053,0.0918,0.0274,5.5074,1.3784,4.6254,2.3589,3.1196,2.1989,16.0127,17.4127,5.0888,72.7769,3.6423,1.7661,1.5189,2.3089,43.565,556.4978,13.7931,5.0933,0.9163,5.8797,84.9057,91.0112,15.2633,1.0631,1.5597,1.0407,0.2923,5.5685,4.7654,3.6003,14.5788,2.7621,2.9886,26.196,5.4363,4.2964,6.9115,161.2213,5.5962,9.4983,55.5329,410.2002,95.873,287.6457,0.0,291.6226,72.6482,462.9921,71.6593,2.2099,2.34,0.2355,5.6382,16.4091,0.0,44.5313,0.0,4.1108,1.9239,8.4391,0.1065,2.9828,3.8089,3.5966,9.0727,74.05,13.48,1.16,6.3727,0.4405,51.0013,3.3064,1.5665,0.2015,0.0431,21.0966,7.27,0.3378481311764915,2.7366,0.1352392452747727,2.7914,38.05341532073962,532.5954,2.1606,10.59,0.3212,3.4596,0.0944,1.9884,14.8682,0.0149,2.9656,0.0473,0.028,59.0825
-1.0,3019.38,2200.9556,0.786,100.37,1.4445,-0.0154,0.0125,197.7157,9.1413,431.1371,0.9764,188.5446,12.5782,1.4075,-3737.5,-1551.0,1.315,1.9783,7.244,74.2667,1.7889,0.1467,85.5246,8.2832,64.482,66.0304,87.3204,63.93999999999998,4.515,360.8964,125.9336,726.6866,1.4168,142.4391,629.2691,218.7268,4.681,4.908,2843.0,0.9314,5.9155,359.1273,10.4821,111.8491,12.9509,14.0845,19.9683,706.7183,145.3418,616.3182,102.2682,-0.0236,-0.0014,0.0541,0.0373,0.0196,-0.0131,0.0832,7.4019,0.1258,0.9875,1812.4838,0.1914,9040.8799,0.0378,-0.0009,0.1682,0.0493,0.448015091591916,0.9472,718.3788,0.9909,58.2218,0.5832,0.9606,6.3877,15.88,3.636,15.92,15.82,0.9838,0.6545,3.316,-0.1419,0.8106,2.3984,1015.5056,101.0,258.5,219.6,55.7,426.033,0.07,0.107,0.028,0.0611,0.0167,6.388,4.787,14.264,0.0085,0.3,0.0921,1929.0,2271.0,0.156,0.112,0.215,1.2,0.505,0.6555,0.1063,0.426,0.158,0.7429,0.277,0.1042,3.35,16.67,47.553,0.229,26.83,3.44,34.165,76.909,0.1069,0.0439,0.0338,0.1125,0.1187,0.0471,0.0959,0.16615,2.8857,0.0765,0.002,144.2318,0.0228,2112.6001,0.0257,0.0217,0.05771014200208163,0.0246,228.5295,3.3153,0.0163,0.2998,0.1578,2.187,25.2045,79.0259,70.3719,0.0201,2.3447,0.0386,1.7866,0.0819,0.0329,883.8146,186.659,2105.0258,1256.4199,0.0682,0.0524,0.0909,0.3674,0.0297,0.1911,0.2855,0.0488,0.072,6.0134,0.0928,8.6795,0.0281,1.0193,5.9748,14.0443,0.0694,0.9888,2.264,10.4399,25.2881,0.0317,0.0185,0.0173,0.0516,0.0351,0.0242,0.0489,0.08248588237179322,1.0775,0.0248,0.0008,48.052,0.0067,712.1738,0.014572873929681956,0.007,75.1488,1.0193,0.0053,0.1066,0.0514,5.4521,0.8903,4.5252,8.5614,8.7849,2.5307,37.8068,8.9003,7.4075,52.3669,3.3085,0.8661,2.3851,6.5443,134.9298,146.4217,11.8631,5.6616,2.968,1.6158,61.4907,55.9091,15.6508,0.7664,1.2833,0.6606,0.2379,4.5664,4.3356,3.9664,7.3515,2.3519,2.6491,21.7408,5.7192,2.1847,5.4538,207.1665,4.8343,10.7398,75.2033,453.4464,236.6577,208.1406,317.9642,240.0,730.6667,352.2693,38.9854,1.6698,3.2411,0.2062,7.9577,11.9368,419.8307,35.6998,0.0,14.077300264681933,2.5967,31.8118,0.1484,5.6942,4.6935,6.5803,5.4404,74.252,14.9,0.81,7.6834,0.3028,61.4643,3.6008,1.0909,0.2331,0.0477,23.8454,4.33,0.0993,1.7825,0.0483,1.6679,12.4325,530.5682,2.1417,10.87,0.4214,3.7567,0.1085,2.0487,19.6759,0.0139,2.8009,0.0117,0.0262,223.1018
-1.0,3085.1,2199.6334,1.4083,99.2178,1.4873,0.0121,0.0121,202.9766,6.6826,395.9674,0.959,192.6356,12.5967,1.4228,-4268.75,-43.25,1.3317,2.008,7.355,70.7778,2.4,0.2034,87.1883,9.0145,64.1861,66.1433,86.7608,78.27,3.075,350.3927,133.1136,725.6465,1.0503,139.7009,623.2073,125.4432,4.574,4.804,2851.0,0.9327,2.4209,353.0245,10.5215,115.5345,14.3253,17.5791,22.2504,703.3961,141.8818,610.4409,104.6959,-0.0155,0.0473,0.0049,0.0009,0.0517,-0.056650000000000006,0.1112,7.6143,0.1448,0.9891,1812.2497,0.1992,8832.34,0.0296,0.0065,-0.0514,-0.0078,0.4217006157501573,0.9488,723.6714,0.9909,59.0937,0.5862,0.9806,6.0841,15.88,3.636,15.92,15.82,0.9838,0.6545,3.316,-0.1419,0.8106,2.3984,1015.5056,132.0,211.6,173.2,54.6001,398.835,0.11,0.1127,0.0607,0.0504,0.04285,10.0803,3.821,12.144,0.0266,0.28,0.0298,596.0,782.0,0.04,0.073,0.334,3.0,0.274,0.4776,0.0723,0.5757,0.383,0.6765,0.474,0.1138,8.09,20.26,33.996,1.227,25.91,17.15,32.002,96.603,0.0669,0.0516,0.0746,0.0205,0.074,0.0958,0.0447,0.0222,3.0338,0.0511,0.0014,128.1179,0.0332,1045.4004,0.0118,0.0125,0.046241786121549694,0.0175,121.2332,2.0921,0.027,0.2142,0.1578,2.187,30.3144,71.3245,60.3904,0.0352,1.8677,0.0413,1.1011,0.0806,0.0123,264.1671,167.9494,1101.4265,335.1829,0.0176,0.0315,0.1467,0.9418,0.0563,0.103,0.1942,0.0297,0.0552,5.915,0.1238,9.8336,0.0308,2.558,6.2762,10.8875,0.3431,4.7479,5.6202,11.1624,33.3045,0.0218,0.0213,0.0307,0.0089,0.0225,0.0419,0.02,0.0104,0.9863,0.0169,0.0005,43.3283,0.0092,316.7701,0.01349694267816481,0.0051,35.9018,0.6646,0.0085,0.0766,0.0514,5.4521,0.8903,6.0509,6.8588,6.9276,2.4822,32.0906,7.8086,7.5773,57.178,3.0669,2.7748,2.2228,2.0923,60.5798,0.0,3.0036,3.6355,4.5411,4.2386,54.1667,91.4255,8.0943,0.5478,0.8022,0.8969,0.6795,5.7593,12.5457,4.5249,10.8369,5.7909,3.2509,27.1007,7.5552,11.6618,17.537999999999997,180.8688,4.5496,27.3764,92.2701,432.1356,352.8205,416.2437,0.0,185.2998,69.9804,19.9595,39.8437,1.0362,2.1515,0.1416,7.0696,16.6826,0.0,38.2222,0.0,12.361612393750125,1.8493,16.7525,0.1018,3.5403,3.5208,6.5803,5.4404,72.812,21.81,0.71,8.9789,0.3001,53.7363,5.379,0.9751,0.6043,0.1588,54.5968,1.49,0.1335,0.6629,0.0629,0.5703,14.6553,538.4991,2.2135,8.72,0.2363,3.1199,0.0788,1.6193,10.6737,0.0113,2.2525,0.0117,0.0262,223.1018
-1.0,2982.07,2199.6334,1.4083,99.2178,1.4542,0.0142,-0.0064,198.0467,7.4476,409.1458,0.9742,188.5981,12.5094,1.419,-1997.5,271.25,1.3275,1.9743,7.226,73.1222,2.3667,0.1773,85.7243,8.3542,63.9862,66.0026,86.6266,81.66,3.051,360.0782,125.2255,723.7923,1.3429,136.6491,621.9527,218.0704,4.671,4.94,2848.0,0.9304,3.0945,356.9964,10.6466,108.32,20.3154,16.9055,23.0596,700.7326,136.3209,601.6373,112.6009,-0.0106,-0.0343,0.0118,0.0093,0.032,-0.0239,0.0065,7.0751,0.1332,0.9905,1766.5759,0.2036,8449.4602,0.0257,-0.0372,-0.0134,0.0999,0.4599,0.9603,726.2929,0.9905,60.4254,0.5991,0.9769,5.9926,15.84,6.101,15.89,15.81,1.824,0.9561,3.246,-0.8988,0.5952,2.2646,1010.0522,153.0,140.6,116.6,54.6001,398.835,0.11,0.1251,0.0553,0.0398,0.0116,6.4621,4.652,20.031,0.0083,0.19,0.128,270.0,873.0,0.081,0.105,0.148,1.9,0.451,0.7056,0.1562,0.5707,0.3574,0.8481,0.514,0.1276,6.98,21.48,64.401,0.401,27.39,7.01,33.207,71.414,0.0904,0.0494,0.0343,0.0219,0.0759,0.0647,0.0805,0.057,2.9937,0.0671,0.001,98.8917,0.0482,1493.4004,0.0157,0.013,0.015,0.0249,174.4043,1.6026,0.0345,0.1621,0.0814,3.6473,36.1261,47.1673,38.9424,0.0352,1.8677,0.04,1.5121,0.0481,0.0452,124.0709,143.8912,2037.8682,399.8703,0.036,0.0493,0.0617,0.636,0.059,0.137,0.2607,0.0602,0.0821,5.7734,0.1583,8.2688,0.0357,2.2984,6.4731,24.7108,0.1039,2.0047,2.4485,10.1605,22.5431,0.0285,0.0213,0.015,0.0093,0.0219,0.0301,0.0406,0.0239,1.0702,0.0212,0.0003,32.3838,0.0137,437.9285,0.005,0.0074,49.0427,0.4693,0.0128,0.0569,0.0274,5.5074,1.3784,6.8953,4.7148,4.7649,2.4822,32.0906,7.8086,8.6029,62.4628,4.8958,0.8567,1.5189,9.13815,195.2441,321.8433,6.1017,5.3185,2.0482,2.5984,80.2817,106.5789,13.3362,0.8231,1.8694,0.8919,0.192,5.16,3.3539,3.7363,9.503,5.108,3.4536,29.5322,5.9136,3.7664,3.6558,134.8237,4.7389,8.688,63.4222,853.3333,618.59025,185.9873,817.7778,202.3456,337.1728,880.3089,42.3135,3.3775,2.7752,0.1017,5.5979,23.6813,0.0,91.9861,0.0,3.2553,2.5883,24.0129,0.1066,2.6522,3.1621,3.5966,9.0727,78.68369053711885,17.322415833874732,1.3194731261203714,8.126046478126373,0.5243191691309776,41.35896443138616,4.263856280054313,1.655926654912188,0.5697,0.1179,56.0174,6.67,0.2645,2.7701,0.0981,2.5573,35.2913,534.3127,2.1819,7.93,0.3379,2.8686,0.0928,1.4841,15.4868,0.0151,3.0214,0.0117,0.0262,223.1018
-1.0,3116.38,2212.8667,0.8161,101.6156,1.5084,-0.0118,-0.0023,199.6094,10.9739,414.3028,0.9769,189.9871,12.5106,1.4185,-3392.25,-957.75,1.3538,2.015,7.35,68.8444,2.2,0.1763,83.5811,8.6068,64.6913,66.337,86.5437,82.25,3.673,348.8618,136.8682,723.1792,1.2416,139.4655,625.1955,229.6278,4.537,4.751,2861.0,0.9311,-1.2336,347.9918,10.3096,115.6345,15.191,21.2336,28.577,694.6022,146.3782,610.0045,145.2795,-0.018,0.009,0.0569,-0.0012,0.0341,-0.0121,-0.0341,7.593,0.1368,0.9907,1825.8952,0.1949,9248.9899,0.05,-0.0102,-0.0094,-0.06,0.4654,0.955,717.5179,0.9911,58.988,0.5894,0.9616,6.351,15.88,3.636,15.92,15.82,0.9838,0.6545,3.316,-0.1419,0.8106,2.3984,1015.5056,101.0,89.2,111.6,60.8999,352.42,0.095,0.1198,0.0455,0.0334,0.0085,5.7888,11.132,8.812,0.0058,0.23,0.0486,2060.5,3122.0,0.117,0.114,0.119,1.8,0.633,0.8201,0.0869,0.6167,0.4209,0.9981,0.592,0.1341,5.37,17.97,33.504,0.445,22.2,7.62,33.6071,65.252,0.0645,0.0248,0.0931,0.0229,0.1088,0.0492,0.0777,0.0555,3.7785,0.0793,0.0009,80.412,0.0338,636.1006,0.0173,0.0244,0.0202,0.022,91.2276,1.7846,0.0281,0.2222,0.1578,2.187,28.931,29.5462,37.9153,0.0295,2.5048,0.0373,3.3518,0.06,0.015,912.5788,127.3116,202.2117,1470.9256,0.049,0.0557,0.0517,0.5318,0.0482,0.2392,0.2912,0.0358,0.0891,7.0915,0.1865,7.772,0.0466,1.7311,5.6692,10.3368,0.1294,2.2525,3.0043,10.2374,23.0441,0.0173,0.0115,0.039,0.0103,0.0273,0.0268,0.038,0.0228,1.2639,0.0254,0.0003,24.8291,0.0096,161.2762,0.0051,0.0071,25.5045,0.561,0.01,0.0716,0.0514,5.4521,0.8903,4.4654,2.8623,4.642,2.7521,33.0305,11.6394,7.9423,101.4406,2.1269,0.5947,1.8384,3.4289,13.4719,325.9723,8.6427,5.6576,1.619,2.6146,68.1818,75.9924,18.4956,0.9812,1.0091,0.9533,0.3508,6.3808,4.5884,3.642,10.7974,3.8504,2.8743,14.5906,4.2703,4.3164,6.8146,146.1396,4.8383,6.6791,44.9148,358.3333,212.4197,40.2284,0.0,144.1758,643.4783,162.7566,49.7637,2.6314,3.3368,0.0921,4.404,17.3253,0.0,36.7816,0.0,4.3385,2.3032,12.7143,0.0842,3.0254,3.4984,6.5803,5.4404,73.47513517939619,16.8295069664736,1.175583915538997,7.475642435525015,0.5005427957030453,57.95320559304118,4.1821607387606905,1.6156431204635684,0.1593,0.0457,15.9183,11.33,0.2484,4.532500000000001,0.1098,4.518,27.1656,531.8455,2.2544,8.64,0.2994,3.0979,0.0888,1.6245,13.283,0.0191,3.7849,0.0117,0.0262,223.1018
-1.0,3123.02,2240.8666,1.162,86.3822,1.554,-0.0049,0.0129,198.1312,8.0044,420.9347,0.9805,188.2999,12.5376,1.4048,-4394.5,-5499.25,1.3133,1.9535,7.1795,75.7556,1.8111,0.13,85.5246,8.2832,64.482,66.0304,87.3204,63.93999999999998,4.515,358.5727,126.1627,724.6598,1.2995,145.7664,630.5018,44.4382,4.681,4.908,2843.0,0.9314,4.4409,358.5,10.5383,110.6036,10.3328,15.5591,19.5942,705.0656,152.19,621.2936,84.0137,-0.0152,0.0205,0.0098,0.0185,0.0286,-0.0348,-0.0056,7.2205,0.1345,0.9885,1727.1871,0.1979,9074.7701,0.0045,-0.0651,0.1043,-0.0103,0.45478561346811597,0.9229,661.9762,0.9907,59.0061,0.5893,0.9629,6.3694,15.85,3.202,15.87,15.89,0.9318,0.5748,3.398,-1.56,0.822,2.3936,1017.0267,80.0,163.4,98.2,62.1001,426.785,0.2779,0.097,0.0435,0.0476,0.007,8.4203,5.267,18.36,0.0056,0.22,0.1172,674.0,7961.0,0.188,0.094,0.158,2.3,0.275,0.6555,0.1063,0.426,0.158,0.7429,0.212,0.30280000000000007,10.77,13.28,31.632,0.368,15.66,4.71,29.887,90.838,0.0662,0.0441,0.12045,0.0655,0.0659,0.1196,0.098,0.0467,3.1271,0.0458,0.002,93.1145,0.0917,1036.2998,0.0158,0.0153,0.050572273458409034,0.0408,109.9575,4.0498,0.0135,0.6115,0.12,5.2848,21.5112,54.6194,36.4573,0.0836,1.3505,0.0345,1.4769,0.0581,0.045799999999999993,278.3409,78.2752,1484.4592,3321.4908,0.0839,0.0426,0.0748,0.6692,0.0543,0.099,0.2855,0.0488,0.072,6.0475,0.0728,9.3228,0.088,3.1894,3.9834,10.3987,0.1086,1.2176,1.3583,9.0868,27.5594,0.0162,0.0189,0.0517,0.0308,0.0188,0.0646,0.0535,0.0194,0.9725,0.0138,0.0007,29.4063,0.0269,289.3522,0.011464641137732741,0.0117,30.1228,1.1345,0.0049,0.2133,0.0437,4.9828,1.6942,3.6292,5.2321,3.9454,2.7713,20.8365,23.9203,6.2419,65.8016,4.3617,0.5734,1.7547,8.3399,73.7285,144.7652,14.3156,4.8119,2.2007,3.0361,77.3006,96.9231,7.9314,0.7664,1.2833,0.6606,0.2379,5.9653,4.6131,4.0456,25.522399999999998,7.3885,2.1063,65.59535,5.7192,3.492,5.4519,151.556,4.2389,30.7108,108.1228,436.9637,0.0,670.0767,356.0959,418.5477,281.8116,837.6682,43.3087,2.3794,1.9213,0.2065,5.3911,46.3426,203.4574,113.9706,537.1429,13.156335715200994,4.4258,16.6105,0.0745,6.8634,9.6003,5.0119,12.8701,75.286,23.62,1.22,10.5956,0.492,52.2623,5.7115,1.6205,0.3369,0.062,35.1677,4.67,0.3378481311764915,2.0577,0.1352392452747727,1.8808,38.05341532073962,531.5127,2.2373,13.81,0.1976,4.7519,0.0636,2.5982,8.8308,0.0145,2.9266,0.0117,0.0262,223.1018
-1.0,3078.6,2213.5111,0.7531,103.0911,1.525,-0.01,0.001,201.5815,6.7895,402.2448,0.9764,192.0026,12.5376,1.4091,-1363.875,1520.25,0.991,1.8592,5.0615,66.0222,2.6889,0.1844,85.7204,9.0811,64.1481,66.94045000000003,86.8444,78.98,2.911,350.9055,136.8891,727.0927,1.2032,142.4036,630.1982,47.4493,4.652,4.882,2816.0,0.9376,-4.6109,352.1645,10.4773,112.2782,15.2727,24.6109,31.4433,695.6495,150.4827,614.9255,118.6573,0.011,-0.0156,0.06,-0.005,0.02,-0.0238,-0.003,6.8883,0.1299,0.9899,1765.2269,0.1937,8947.57,-0.0205,-0.0223,-0.0336,-0.0421,0.4667,0.9279,767.7514,0.9918,58.8545,0.58,0.965,6.3884,15.84,6.101,15.89,15.81,1.824,0.9561,3.246,-0.8988,0.5952,2.2646,1010.0522,90.0,83.2,41.9,69.7998,431.246,0.118,0.1254,0.044,0.0373,0.0126,8.4028,4.266,12.293,0.0061,0.22,0.0516,195.0,57.0,0.044,0.028,0.172,3.4,0.146,0.9612,0.0836,0.8014,0.4195,0.8806,0.402,0.2557,7.66,10.45,29.556,0.25,13.41,6.29,30.753,77.274,0.0623,0.0476,0.0299,0.0448,0.1051,0.0542,0.0951,0.0375,5.3246,0.034,0.0023,135.0997,0.0221,357.7998,0.0139,0.0143,0.0427,0.0094,36.0511,1.1999,0.0471,0.4823,0.0814,3.6473,25.7213,25.1407,14.6964,0.0401,2.3963,0.0469,1.3974,0.0581,0.0181,86.8735,102.9446,5823.189049999999,27.5484,0.02,0.012,0.0739,1.0353,0.0334,0.0487,0.3627,0.0331,0.1058,4.7402,0.1173,7.4726,0.0864,2.63,3.6149,11.0283,0.0839,1.9563,2.891,9.5969,22.8431,0.0188,0.0199,0.0138,0.0196,0.0328,0.0277,0.048,0.0182,1.5022,0.0126,0.0006,38.157,0.0085,132.0081,0.0103,0.0027,13.3554,0.4146,0.0158,0.1699,0.0274,5.5074,1.3784,4.0364,2.7025,1.716,3.1534,36.4402,15.6654,8.2231,62.8319,3.0561,0.6264,1.7547,3.6605,0.0,3.7494,4.44,1.506,3.3982,5.1498,37.1901,50.9639,3.1435,1.1213,0.9205,1.2493,0.2193,4.8076,4.4123,3.3899,21.252,5.3791,1.6582,62.2897,4.6975,2.3861,5.5131,87.8035,4.4208,11.1612,65.1237,564.12,238.2979,74.6978,0.0,270.3242,399.5798,0.0,77.2988,2.6176,1.381,0.2325,7.6534,11.421,0.0,25.3521,0.0,9.1492,1.0177,4.6957,0.039,2.0388,7.5491,3.5966,9.0727,73.546,16.23,0.87,7.0941,0.3417,15.604,4.0671,1.1829,0.2724,0.0557,29.0984,4.98,0.0877,2.0902,0.0382,1.8844,15.4662,535.9636,2.2026,6.77,0.3033,2.1846,0.0956,1.2631,13.7684,0.0126,2.5092,0.0117,0.0262,223.1018
-1.0,2921.73,2189.3556,2.1415,84.34660000000002,1.5793,0.0021,0.0037,199.2838,11.6085,409.2955,0.9779,189.5613,12.5106,1.4092,-4297.5,-1918.0,1.2725,1.9897,7.308,68.6444,2.8222,0.2266,84.7176,8.7373,64.3447,66.2031,86.252,80.63,2.919,360.7736,126.9055,728.5316,1.3963,143.4355,631.1145,221.9217,4.603,4.804,2867.0,0.9298,1.89,359.4991,10.6525,108.7955,16.0385,18.11,24.9871,703.5445,148.3864,616.6809,122.6039,-0.0198,0.0541,0.0235,0.0097,-0.0007,-0.0192,-0.0031,7.5313,0.1336,0.9876,1790.6877,0.26075000000000004,8421.2,-0.0142,0.0019,-0.0148,0.029,0.4592,0.9329,718.7465,0.9867000000000001,56.9124,0.5904,0.96,6.3951,15.85,3.202,15.87,15.89,0.9318,0.5748,3.398,-1.56,0.822,2.3936,1017.0267,83.0,74.4,40.4,74.0,384.678,0.7449,0.072,0.05,0.0591,0.0104,8.9714,5.998,12.118,0.0055,0.23,0.0706,657.0,7141.0,0.067,0.112,0.157,3.4,0.451,0.4973,0.0719,0.5837,0.2865,0.7506,0.316,0.1393,4.27,20.84,62.133,0.317,22.44,4.51,36.283,109.185,0.072,0.0843,0.0526,0.0218,0.0404,0.1233,0.077,0.0397,4.1645,0.0695,0.002,108.9407,0.1254,1212.7998,0.0135,0.0163,0.017,0.0379,63.45,1.9319,0.0209,0.2998,0.12,5.2848,23.1129,21.6176,16.9018,0.2177,1.2905,0.0258,1.9863,0.06,0.0283,278.7943,126.2286,1123.0644,3354.3803,0.0318,0.0468,0.0784,0.9396,0.0434,0.165,0.187,0.0333,0.1009,6.4735,0.0951,8.9515,0.043,1.2935,6.5703,18.6023,0.0929,1.3568,2.5751,11.0095,31.4223,0.0171,0.0345,0.0292,0.0098,0.012,0.0682,0.0405,0.0211,1.5731,0.0222,0.0006,36.3007,0.0374,387.9476,0.0051,0.0128,20.6763,0.6293,0.0075,0.1029,0.0437,4.9828,1.6942,3.8154,2.5464,1.6058,3.38,16.2748,34.7855,4.5591,51.6688,2.9607,0.5589,1.8384,5.0115,56.9866,372.3149,5.2652,5.6288,2.1483,4.9531,35.4331,54.7327,13.1279,0.587,0.8229,0.9071,0.3303,5.6656,4.2079,4.0085,9.9772,2.9769,3.3021,27.9977,6.3156,2.9758,7.3624,139.9134,5.1572,11.3946,89.0551,363.8661,0.0,92.6674,415.9588,0.0,401.0417,0.0,55.2961,1.7961,2.8899,0.2028,6.0837,63.31987047269746,0.0,26.7431,0.0,3.7098,4.0653,8.8279,0.25379999999999997,3.3946,4.6876,5.0119,12.8701,80.18,23.28,1.24,10.1821,0.5038,25.5675,5.702,1.5465,0.7241,0.1871,68.3558,4.0,0.3069,1.4631,0.1099,1.6151,34.182,532.4645,2.2512,8.25,0.2209,2.7668,0.0582,1.5494,9.8105,0.0098,1.9615,0.0117,0.0262,223.1018
-1.0,3060.41,2196.0,0.7684,97.5578,1.408,0.013,0.0044,199.1476,8.4704,404.8013,0.979,189.5996,12.4978,1.389,-3693.5,6172.25,1.297,1.9705,7.2778,73.4333,1.9667,0.154,84.525,8.7932,63.7758,66.2803,86.7223,79.27,3.05,348.6136,134.1082,720.4397,1.2889,146.8527,629.5745,232.9775,4.537,4.751,2861.0,0.9311,0.4527,348.0027,10.3193,114.5609,13.3781,19.5473,27.2483,693.1915,153.6327,616.1964,115.8104,-0.0062,-0.0345,0.0233,0.0075,-0.0038,-0.0149,-0.0157,7.4655,0.1363,0.9915,1791.7535,0.2275,8257.01,-0.0062,0.0028,-0.0003,0.0412,0.4701,0.9467,637.5776,0.9906,58.9508,0.6071,0.9791,6.296,15.86,3.583,15.84,15.84,0.9744,0.6451,3.347,0.0,0.8264,2.3938,1013.6911,90.0,46.5,51.3,49.1001,474.181,0.0669,0.1313,0.0643,0.0546,0.0101,8.9743,4.68,11.013,0.0057,0.28,0.0589,878.0,17919.5,0.131,0.123,0.139,5.0,0.564,0.8986,0.1371,0.6637,0.3487,0.9576,0.495,0.1094,10.11,11.54,44.72,0.296,16.08,6.44,34.271,67.247,0.0866,0.0351,0.0254,0.0271,0.0596,0.0924,0.0853,0.0573,3.789,0.0306,0.0007,98.5042,0.0541,1635.2998,0.018,0.0141,0.0401,0.0259,147.6871,3.4711,0.0226,0.5511,0.1004,4.7601,25.7213,17.4473,15.0205,0.0196,1.9943,0.0426,1.456,0.0659,0.023,426.9749,272.7697,925.1301,8994.62525,0.0611,0.055,0.0644,1.7,0.0411,0.1594,0.3432,0.0548,0.1307,6.5385,0.1567,7.7442,0.0396,3.4357,3.4964,15.8654,0.1039,2.2022,3.3574,10.3319,21.8925,0.0209,0.0168,0.0113,0.0117,0.0171,0.0504,0.0476,0.0268,1.1961,0.0117,0.0002,38.5673,0.0136,508.2218,0.0106,0.0097,48.6253,1.0849,0.0089,0.1851,0.0378,5.8309,1.7214,4.0364,1.5194,2.0907,2.2359,38.5504,8.7006,9.3253,55.2515,2.7206,0.5779,2.2404,4.2382,57.5606,337.0894,10.1002,6.2421,1.9099,6.8089,35.5932,80.5195,17.3189,1.0631,1.5597,1.0407,0.2923,5.7542,4.817,3.6567,8.4896,6.8844,1.833,19.195,4.2703,2.8684,6.215,120.1962,4.9439,12.1301,58.0665,0.0,618.59025,116.309,794.005,0.0,571.5243,364.3879,50.7529,2.5677,1.2556,0.0705,5.4976,23.7636,0.0,45.741,0.0,8.5359,2.7404,23.1638,0.0908,5.8881,8.7528,4.1934,12.6615,73.25015713545986,17.13610658028446,1.1886835035002237,7.614467628533046,0.49275959842489825,43.55070368160026,4.240815317309073,1.6132107366217334,0.4198,0.0765,44.6795,3.63,0.122,1.5981,0.0445,1.458,17.9064,531.8455,2.2544,8.64,0.2994,3.0979,0.0888,1.6245,13.283,0.0168,3.3626,0.0147,0.0095,65.0365
-1.0,3030.23,2196.0,0.7684,97.5578,1.4411,0.0096,0.009,202.6138,12.8362,422.6985,0.9805,193.3162,12.5429,1.3843,-6375.125,-4185.25,1.2997,1.9398,7.1785,72.3444,1.8556,0.1527,84.3084,8.3591,64.5242,65.973,86.9351,79.94,3.054,352.7664,134.5673,725.8119,1.1494,136.7382,624.0718,52.2361,4.619,4.869,2837.0,0.9345,-0.2036,350.4545,10.4473,114.3636,9.0228,20.2036,25.7144,700.0975,151.4273,616.2455,128.5353,-0.0199,-0.015,0.0558,0.0147,0.0064,-0.0267,0.0162,7.1623,0.1351,0.9896,1766.5687,0.1876,8535.13,-0.0616,-0.0307,-0.0057,0.24300000000000002,0.4573,0.9346,651.6467,0.9909,59.1015,0.5973,0.9591,6.5521,15.85,3.202,15.87,15.89,0.9318,0.5748,3.398,-1.56,0.822,2.3936,1017.0267,111.0,74.4,92.6,49.1001,474.181,0.0669,0.1679,0.088,0.0901,0.0096,7.7701,7.749,7.232,0.0054,0.22,0.0706,677.0,5178.0,0.11,0.038,0.138,1.5,0.529,0.486,0.1807,0.6304,0.2914,0.7801,0.631,0.2128,6.69,17.15,19.488,0.19,15.0,7.98,32.827,107.312,0.097,0.0425,0.0795,0.0363,0.1419,0.1079,0.0601,0.0429,3.8007,0.0708,0.0022,157.6111,0.0301,498.2002,0.0369,0.03420000000000001,0.0227,0.0238,67.9449,3.213,0.0255,0.1767,0.12,5.2848,28.9935,29.5021,30.6412,0.0196,1.9943,0.0543,2.6648,0.0582,0.0281,293.3473,127.8828,2200.1013,2465.2549,0.0484,0.0179,0.0731,0.464,0.0359,0.1954,0.1894,0.0664,0.1114,6.2248,0.2078,7.3274,0.0605,2.4847,5.7534,6.4301,0.0618,2.3802,3.1972,10.1608,38.1383,0.0233,0.0179,0.0368,0.0157,0.0324,0.0595,0.0269,0.0176,1.163,0.0227,0.0007,47.4773,0.0102,195.9478,0.0065,0.0086,21.8095,1.1369,0.0085,0.0595,0.0437,4.9828,1.6942,5.0317,2.4553,3.6055,2.2359,38.5504,8.7006,11.6512,60.3684,1.7109,0.5468,1.754,5.0972,67.0949,123.7202,8.4632,1.959,1.9224,2.0734,75.4491,72.0524,15.9567,0.5765,2.1618,0.977,0.2154,6.5624,4.1689,3.0205,18.5171,4.8926,2.7481,37.3075,5.2823,1.8187,6.558,166.2455,4.6889,21.6167,83.4884,486.9783,0.0,65.0246,965.3061,0.0,224.8831,265.2241,53.0657,3.2579,3.1139,0.2211,8.9219,16.0493,0.0,44.397,0.0,4.9589,2.5475,10.4266,0.1003,5.4364,2.6965,5.0119,12.8701,71.834,16.15,1.05,7.8291,0.4496,84.3319,4.1693,1.4617,0.1282,0.0293,13.3303,4.77,0.1874,1.9733,0.0896,1.9182,23.0236,532.0973,2.1448,9.6,0.497,3.3367,0.1443,1.8042,23.1735,0.0136,2.7329,0.0147,0.0095,65.0365
-1.0,2998.89,2189.3556,2.1415,84.34660000000002,1.4108,0.0095,-0.0026,199.4045,6.5451,404.2949,0.9702,189.5377,12.5757,1.407,-1363.875,7084.9583,1.2725,1.9738,7.1732,71.9444,1.9,0.15,84.525,8.7932,63.7758,66.2803,86.7223,79.27,3.05,348.3264,134.5018,719.9646,1.286,141.9027,624.7309,229.4006,4.537,4.751,2861.0,0.9311,-3.7536,348.0727,10.4387,110.7482,17.17,23.7536,31.3918,688.5728,148.74,607.5609,108.9295,-0.0106,-0.0025,0.0165,0.0026,-0.0274,-0.0189,0.0107,7.6841,0.1349,0.9888,1804.682,0.2029,9656.05,-0.0014,-0.0158,-0.0561,0.0073,0.4217006157501573,0.938,809.3271,0.991,58.8668,0.5849,0.9632,6.2876,15.85,3.202,15.87,15.89,0.9318,0.5748,3.398,-1.56,0.822,2.3936,1017.0267,200.0,85.6,76.1,74.0,384.678,0.7449,0.1179,0.0661,0.0427,0.0222,9.1416,3.984,10.677,0.0107,0.31,0.0611,1552.0,0.0,0.132,0.041,0.168,5.4,0.508,0.8986,0.1371,0.6637,0.3487,0.9576,0.496,0.2068,4.29,18.3,64.25,0.312,20.96,9.08,33.47,34.006,0.0733,0.0338,0.0192,0.0183,0.0401,0.0825,0.0713,0.0194,4.4412,0.0748,0.0028,158.61,0.0546,882.0996,0.0165,0.0164,0.0,0.0155,92.1328,1.6359,0.0257,0.212,0.12,5.2848,45.32809999999999,27.2621,25.0915,0.2177,1.2905,0.0412,1.3083,0.0814,0.0275,640.2095,121.9002,4474.8949,0.0,0.0618,0.0213,0.0788,1.6644,0.0498,0.1876,0.3432,0.0548,0.1307,6.4957,0.1619,7.3137,0.0586,1.4756,5.6763,19.5162,0.106,2.7417,3.5627,10.0354,10.2612,0.0208,0.0162,0.0085,0.0084,0.0125,0.038,0.0397,0.0089,1.4925,0.0235,0.0008,46.4135,0.0152,235.9671,0.0,0.0055,26.0323,0.5276,0.0082,0.0799,0.0437,4.9828,1.6942,9.053150000000002,2.8544,3.0047,3.38,16.2748,34.7855,8.3567,60.8701,2.6409,1.1005,2.4651,4.3397,0.0,0.0,10.3733,2.0773,2.342,7.7838,105.2632,110.0,15.8761,1.0631,1.5597,1.0407,0.2923,6.0489,4.5947,3.485,16.0806,3.0232,2.9293,28.0078,4.2703,2.9889,6.3116,122.0734,4.8608,12.6286,31.2183,690.6949,0.0,110.574,0.0,300.5464,377.2487,180.8858,57.7975,1.4829,3.0417,0.2859,8.7888,26.9114,0.0,19.4211,0.0,0.0,1.6524,11.3839,0.0566,2.7789,3.371,5.0119,12.8701,75.97345226939859,17.037588641315995,1.2381411254047965,7.537462716703192,0.5059376895585954,56.138377192352685,4.209818646203772,1.6348926667114492,0.7241,0.1871,68.3558,4.62,0.0606,1.7648,0.029,1.7699,9.0865,531.8455,2.2544,8.64,0.2994,3.0979,0.0888,1.6245,13.283,0.0097,1.9367,0.0147,0.0095,65.0365
-1.0,3073.25,2240.8666,1.162,86.3822,1.596,0.0023,0.0084,197.5759,11.0536,429.0809,0.9788,188.2207,12.5106,1.4109,-3368.0,2748.3333,1.3033,1.9697,7.2175,71.6556,1.9333,0.1707,83.5182,8.6149,64.2488,66.2024,86.7323,79.02,3.014,350.8518,134.7545,723.2306,1.1549,134.8482,620.4545,52.2066,4.652,4.882,2816.0,0.9376,-3.9045,353.13,10.2848,110.85,12.1618,23.9045,30.2138,693.0168,144.3127,608.2927,116.0681,0.0214,0.0459,0.0265,0.0409,-0.0096,0.0038,-0.016,8.3749,0.1305,0.987,1822.9996,0.2088,9374.04,-0.0373,0.0056,-0.0006,0.0937,0.469,0.9354,788.9453,0.9906,59.2704,0.5876,0.9637,6.1944,15.86,3.583,15.84,15.84,0.9744,0.6451,3.347,0.0,0.8264,2.3938,1013.6911,167.0,192.6,189.2,62.1001,426.785,0.2779,0.0747,0.0385,0.0786,0.0071,9.0566,6.332,12.087,0.0052,0.23,0.0202,772.0,17919.5,0.161,0.141,0.449,4.5,0.467,0.8652,0.0643,0.6966,0.4942,0.9463,0.808,0.30280000000000007,14.41,16.34,34.211,0.473,22.55,6.69,24.108,56.345,0.16345,0.0258,0.0789,0.0174,0.16685000000000003,0.0927,0.0676,0.0449,2.3492,0.067,0.003,230.2627,0.0487,2268.2002,0.018,0.0193,0.0393,0.024,199.0506,2.8398,0.025,0.2315,0.1004,4.7601,40.7135,65.6267,66.0521,0.0836,1.3505,0.0268,2.2646,0.06,0.0083,335.3619,205.1,1833.7453,8994.62525,0.0746,0.0597,0.1937,1.5899,0.0388,0.1409,0.3419,0.0281,0.1065,7.536,0.2185,6.4963,0.088,4.5611,5.1719,10.8017,0.1353,1.9281,2.2861,7.5203,15.852,0.045450000000000004,0.0107,0.037,0.0095,0.0485,0.0494,0.0279,0.0227,0.8635,0.0215,0.0009,69.6634,0.0142,700.6724,0.0103,0.0079,64.9459,0.9688,0.008,0.0846,0.0378,5.8309,1.7214,7.5658,6.267,7.7538,2.7713,20.8365,23.9203,4.6804,57.2843,2.817,0.5285,1.8384,1.4289,103.4145,0.0,12.3537,7.1583,6.221,6.28,56.8966,75.5859,14.5016,1.0359,0.7466,1.0842,0.3007,5.8287,6.6788,3.0315,25.522399999999998,10.6208,2.6336,65.53,4.6975,4.599,3.2206,185.417,3.4787,7.9683,48.5448,0.0,173.1544,65.5779,944.0098,963.1169,0.0,280.625,28.0503,2.0684,2.7692,0.304,12.631,23.344,505.401,27.3504,0.0,8.3763,2.5706,25.23,0.1126,4.7912,3.7366,4.1934,12.6615,73.546,16.23,0.87,7.0941,0.3417,15.604,4.0671,1.1829,0.3369,0.062,35.1677,3.22,0.2171,1.2233,0.0946,1.2821,26.5206,535.1345,2.1394,5.73,0.3258,2.0931,0.0953,1.0708,15.2286,0.0139,2.7866,0.0147,0.0095,65.0365
-1.0,3078.77,2187.4111,1.1864,88.0911,1.45,-0.0053,0.0005,202.4201,9.5686,423.6297,0.9805,192.4528,12.5429,1.3942,-4604.25,-3132.3333,1.2905,1.9672,7.1498,75.5222,1.9333,0.1366,84.3084,8.3591,64.5242,65.973,86.9351,79.94,3.054,351.5282,144.3573,741.3965,1.2362,144.61,640.4955,225.1253,4.56,4.816,2867.0,0.9277,-2.81,351.9764,10.2599,121.5473,9.9564,22.81,30.3218,711.0746,157.0155,630.5391,131.0955,-0.0177,-0.0006,0.0561,0.0102,-0.0027,0.017100000000000004,-0.0503,7.2731,0.1332,0.9671,1907.2316,0.2037,8578.38,-0.0765,0.0167,0.0877,0.2136,0.467,0.9365,695.1822,0.9906,59.0523,0.5863,0.9685,6.3352,15.85,3.202,15.87,15.89,0.9318,0.5748,3.398,-1.56,0.822,2.3936,1017.0267,136.0,148.8,76.5,48.2998,701.7551,0.3543,0.0566,0.0367,0.046,0.0067,8.2776,6.885,12.281,0.0053,0.22,0.0734,425.0,6146.0,0.14,0.139,0.26,2.2,0.3,0.486,0.1807,0.6304,0.2914,0.7801,0.471,0.1914,3.62,19.64,71.128,0.443,16.79,4.12,30.41,117.597,0.0744,0.0584,0.0818,0.0534,0.048,0.0904,0.0817,0.16615,5.1129,0.0846,0.0034,97.098,0.0479,948.2998,0.025,0.0214,0.0635,0.0282,102.3815,4.1972,0.0258,0.4898,0.12,5.2848,32.7903,44.8564,27.0238,0.1102,2.2515,0.0193,2.1829,0.0582,0.0304,197.5186,135.3252,1233.671,3120.6553,0.063,0.0631,0.1103,0.8288,0.0316,0.1019,0.1894,0.0664,0.1114,5.1985,0.1428,9.6898,0.0642,0.9855,5.8339,19.2927,0.1306,1.1243,1.3075,9.6501,30.8588,0.0197,0.0243,0.0355,0.0232,0.0135,0.0439,0.0401,0.08248588237179322,1.8764,0.0257,0.0012,35.7001,0.0143,301.7396,0.0131,0.0097,31.6157,1.1867,0.0087,0.164,0.0437,4.9828,1.6942,6.0149,4.8331,3.0201,2.2081,36.13,29.8613,3.9033,71.9538,2.899,0.5442,1.754,5.2647,61.8342,196.2116,10.8485,7.0657,3.6365,2.913,72.4138,76.1595,8.5676,0.5765,2.1618,0.977,0.2154,4.8218,7.8417,4.1859,15.4856,2.5033,3.0664,31.5949,6.5177,4.3178,11.3372,168.6352,4.2766,16.8375,89.7033,420.1906,526.1261,95.2721,468.5784,0.0,283.927,644.8087,70.2993,1.3516,3.5325,0.3503,5.091,23.5166,0.0,27.1885,0.0,13.5887,3.0127,14.7273,0.0739,7.1076,7.7317,5.0119,12.8701,81.472,17.63,1.84,7.3242,0.8087,24.302,4.4495,2.2584,0.3369,0.062,35.1677,4.98,0.0877,2.0902,0.0382,1.8844,15.4662,531.3346,2.2421,8.49,0.3689,2.7936,0.1177,1.5979,16.4543,0.0202,4.0733,0.0262,0.0123,46.7092
-1.0,3007.47,2187.4111,1.1864,88.0911,1.3746,0.0012,0.0107,202.7188,8.2783,420.654,0.9802,192.7302,12.5429,1.4169,-3534.25,-1527.25,1.3222,1.994,7.3647,75.5889,2.6556,0.1932,83.4448,8.5571,64.7149,66.145,87.2353,78.29,2.791,350.3582,136.0836,726.6517,1.1663,137.0136,623.4554,48.6522,4.619,4.869,2837.0,0.9345,-2.6109,351.0291,10.4317,113.4727,9.6634,22.6109,28.0428,698.6089,150.5682,615.07,130.7379,-0.0146,-0.0186,0.0565,0.033,-0.0019,-0.0241,0.0252,6.7777,0.1338,0.966,1880.2885,0.2011,8487.1199,-0.0387,0.026,0.0347,0.0563,0.4217006157501573,0.9294,744.0963,0.9907,58.0021,0.589,0.9781,6.3918,15.85,3.202,15.87,15.89,0.9318,0.5748,3.398,-1.56,0.822,2.3936,1017.0267,101.0,71.8,61.5,48.2998,701.7551,0.3543,0.1108,0.0427,0.0562,0.0071,8.353,5.258,15.677,0.0055,0.22,0.0698,1112.0,4175.0,0.119,0.152,0.169,2.4,0.301,0.5868,0.1125,0.5322,0.2945,0.8078,0.676,0.1943,5.26,17.14,18.573,0.204,16.68,7.24,35.584,91.132,0.0508,0.0132,0.0399,0.0184,0.0545,0.084,0.0627,0.0762,4.0071,0.0349,0.009,94.255,0.0485,473.6992,0.0166,0.0119,0.0,0.0072,32.4703,3.9695,0.0159,0.336,0.12,5.2848,29.679,24.0422,17.5654,0.1102,2.2515,0.0391,1.5962,0.0582,0.0255,494.9492,137.2819,1238.8754,1839.8727,0.0539,0.0709,0.0716,0.759,0.0407,0.0975,0.2421,0.0491,0.0908,5.8323,0.1897,7.9677,0.0588,1.4546,5.424,6.566,0.0587,2.5293,3.6361,11.0569,29.4279,0.0151,0.0062,0.021,0.0083,0.0152,0.0444,0.0334,0.0349,1.5137,0.0139,0.003,36.7117,0.0148,130.8793,0.0,0.0022,9.8813,1.1902,0.0059,0.1052,0.0437,4.9828,1.6942,4.6378,2.3874,2.3919,2.2081,36.13,29.8613,8.0602,63.5157,3.7268,0.557,1.754,4.9249,85.4212,273.3672,8.9998,7.6229,2.2947,3.1751,26.3598,64.6924,8.7846,0.7032,1.3151,0.8224,0.1838,5.2289,2.3294,3.4967,16.6574,3.839,2.7492,38.1751,5.2823,1.9556,6.636,172.6102,5.0935,14.0277,69.7059,348.0942,606.8966,32.5808,165.3081,0.0,260.4361,302.6812,59.1212,1.1959,1.4469,0.9295,5.0128,24.1284,388.5714,31.7073,0.0,0.0,0.7772,4.3637,0.1459,6.8437,5.2575,5.0119,12.8701,73.546,16.23,0.87,7.0941,0.3417,15.604,4.0671,1.1829,0.4507,0.0975,44.7895,4.98,0.0877,2.0902,0.0382,1.8844,15.4662,532.0973,2.1448,9.6,0.497,3.3367,0.1443,1.8042,23.1735,0.0111,2.2248,0.0262,0.0123,46.7092
-1.0,3019.98,2196.0,0.7684,97.5578,1.4919,-0.0001,-0.0018,197.4227,8.0488,407.2285,0.9759,187.2836,12.478,1.3985,-3912.0,321.75,1.2215,1.9905,7.2417,67.3889,3.0889,0.2602,86.2967,8.7646,64.2989,66.4179,86.3742,79.61,3.124,353.4136,141.3827,738.1128,1.2726,142.0245,636.8209,248.0981,4.588,4.839,2859.0,0.9279,-2.6273,353.7027,10.253,118.7555,12.9899,22.6273,30.4537,707.6591,152.7118,625.17,137.6969,-0.0144,-0.0157,0.0097,0.0124,-0.0059,-0.0302,0.11345000000000001,7.7051,0.1343,0.9681,1843.4549,0.196,8526.55,-0.0529,-0.0344,-0.0001,-0.03,0.4566,0.9346,723.6946,0.9867000000000001,57.4288,0.5854,0.9643,6.3633,15.81,3.559,15.86,15.86,1.182,0.6066,3.239,-0.5677,0.8559,2.418,1011.5767,108.0,100.4,53.1,49.1001,474.181,0.0669,0.1231,0.076,0.0599,0.0151,2.7163,3.766,12.238,0.0085,0.18,0.0326,908.0,667.0,0.192,0.107,0.284,2.3,0.32,0.5911,0.1332,0.5365,0.3081,0.9312,0.435,0.1856,9.7,17.63,74.983,1.078,12.65,7.34,32.235,92.631,0.0699,0.0533,0.037,0.0178,0.0688,0.0998,0.1017,0.0211,1.7685,0.0335,0.0106,93.9828,0.0379,1344.1006,0.0154,0.0125,0.0228,0.0144,125.5225,3.5472,0.0384,0.5912,0.122,3.5501,30.7302,33.7926,20.1568,0.0196,1.9943,0.0414,1.194,0.0532,0.0124,405.1452,435.2113,998.9117,323.1577,0.0785,0.0495,0.1219,0.81,0.0476,0.1131,0.2305,0.0555,0.0968,5.3998,0.1278,9.9116,0.0548,2.74,5.524,18.3924,0.3106,1.9592,2.3404,9.7832,30.9138,0.0179,0.0251,0.0175,0.0081,0.0186,0.0497,0.0562,0.0092,0.6528,0.0104,0.0036,32.6672,0.0119,435.3165,0.0066,0.0044,44.1584,0.9571,0.0105,0.188,0.0442,5.7643,1.0612,4.8668,3.3245,2.1108,2.2359,38.5504,8.7006,8.2511,46.7895,3.0052,0.8714,1.4425,2.3346,60.1738,207.3038,15.7184,5.3755,3.9217,3.413,25.8993,62.2545,9.2858,0.685,1.5201,0.8344,0.4231,4.7197,9.0039,4.376,14.5851,6.8298,2.7684,30.2231,7.4635,10.514,13.5994,97.3834,4.5552,23.0859,67.2717,485.8384,172.0743,183.5052,553.7223,0.0,336.755,16.9342,22.9528,3.0526,1.3767,1.09,5.0982,19.3235,335.0084,35.3506,0.0,4.9847,1.5366,17.3447,0.25379999999999997,6.1768,9.2903,5.0473,9.8086,73.546,16.23,0.87,7.0941,0.3417,15.604,4.0671,1.1829,0.1593,0.0457,15.9183,11.969999999999999,0.147,4.532500000000001,0.0635,4.4919,19.2617,528.7918,2.5088,10.33,0.264,3.4623,0.0819,1.9535,10.5239,0.0217,4.3587,0.0133,0.0139,104.3034
-1.0,3056.28,2211.7778,1.3377,98.9989,1.6411,-0.0068,-0.0033,198.0368,7.9328,413.0068,0.9753,188.7545,12.285800000000002,1.4112,-5046.0,-1438.25,1.2902,1.9818,7.2968,74.9111,2.0444,0.177,83.5589,8.8889,63.9957,65.9099,86.9977,80.31,3.395,354.94,126.8645,720.8888,1.1533,143.5445,625.3491,55.0179,4.576,4.857,2872.0,0.927,5.4709,356.2273,10.618,112.3355,5.7613,14.5291,18.5294,702.3595,152.8582,621.4209,123.9509,-0.0015,0.0517,-0.0071,0.0099,-0.0104,-0.0113,0.11345000000000001,8.2557,0.1356,0.9661,1815.3186,0.1987,8359.0101,0.1031,-0.027,-0.0202,-0.0658,0.4633,0.9307,717.8132,0.9905,59.532,0.596,0.9616,6.4838,15.86,3.583,15.84,15.84,0.9744,0.6451,3.347,0.0,0.8264,2.3938,1013.6911,136.0,146.3,125.3,46.0,381.7621,0.1514,0.1208,0.0826,0.0331,0.0116,9.0855,3.512,9.154,0.0084,0.23,0.0638,545.0,5462.0,0.056,0.165,0.312,3.8,0.53,0.8755,0.0653,0.5027,0.3783,0.9337,0.277,0.30280000000000007,10.13,21.23,37.499,0.301,12.16,6.25,32.9,84.903,0.0556,0.0449,0.0659,0.0254,0.057,0.0902,0.0765,0.019,2.5333,0.0846,0.0098,116.9177,0.0253,618.9004,0.0369,0.0179,0.0372,0.0383,60.9904,4.2748,0.0275,0.465,0.1004,4.7601,34.6501,52.0418,39.5988,0.0462,1.9771,0.0368,1.0442,0.0619,0.0217,255.0693,105.4467,2363.4612,2505.3921,0.0235,0.0767,0.1381,1.5054,0.0396,0.1702,0.314,0.0295,0.1384,6.1519,0.0926,8.5409,0.088,2.9418,5.8807,10.6872,0.0751,1.6066,2.3515,10.2809,23.9883,0.0133,0.0216,0.028,0.0122,0.0138,0.0449,0.0427,0.0081,0.7763,0.0257,0.0036,45.09,0.0083,206.0888,0.0093,0.0131,20.607,1.2366,0.0098,0.1593,0.0378,5.8309,1.7214,6.1862,4.7869,5.0844,2.0798,32.4235,11.3188,7.361,44.2718,2.2164,0.8581,1.925,4.5224,105.9651,379.7671,4.3402,8.326,4.2759,5.0727,83.1522,69.4915,15.4434,1.0478,0.7349,0.7855,0.0399,5.446,5.9591,3.987,25.522399999999998,7.057,3.3949,65.59535,5.9879,2.8348,6.08,211.0632,4.6842,9.0369,68.4973,0.0,429.6651,359.0106,576.4855,865.2278,676.9912,15.3815,30.6849,1.5482,3.5325,1.0192,6.4406,12.7165,795.5556,23.6735,800.0,8.0256,4.1119,8.4967,0.0696,7.1807,7.1713,4.1934,12.6615,76.40662322126316,17.047389731792496,1.2278129456645113,7.503660612992433,0.5331723580826437,52.89524600285578,4.242438840449124,1.5725412277694355,0.417,0.0802,44.3845,7.39,0.1128,3.2381,0.0474,2.817,14.0385,531.8455,2.2544,8.64,0.2994,3.0979,0.0888,1.6245,13.283,0.0148,2.9799,0.0133,0.0139,104.3034
-1.0,3011.8560214050913,2191.1333,1.1569,89.7222,1.5762,0.0028,-0.0066,196.917,7.8445,403.4217,0.9816,187.5296,12.5449,1.4252,-3509.6667,-2169.3333,1.315,2.01,7.3805,72.2778,1.9333,0.1492,86.238,8.287,64.1468,66.3076,86.9546,80.14,3.088,351.9127,129.3227,718.6485,1.1169,137.96,619.1955,49.408,4.601,4.853,2846.0,0.9348,0.5218,349.8645,10.5449,109.8445,8.2525,19.4782,25.1003,693.5482,152.4045,612.1136,137.2387,0.0,-0.0364,0.0573,-0.0001,-0.0199,-0.0219,0.0042,7.4507,0.1317,0.9678,1817.3502,0.1742,8841.68,0.0027,0.0186,-0.0043,-0.081,0.4639,0.9429,763.1569,0.9867000000000001,56.2824,0.5968,0.9803,6.277,15.77,6.801999999999999,15.86,15.75,1.702,1.0699,3.7820000000000005,0.0473,0.6423,2.2757,1007.2099,138.0,139.24118894732783,105.0,64.7,387.6471,0.5405,0.1333,0.058,0.0664,0.0071,4.3085,5.205,10.037,0.0042,0.25,0.0447,398.0,1143.0,0.135,0.057,0.25,1.5,0.435,0.909,0.1096,0.6641,0.3467,0.868,0.531,0.1644,5.84,18.05,31.064,0.228,15.77,5.34,29.642,61.216,0.0758,0.0597,0.0308,0.0207,0.0907,0.1198,0.0833,0.0425,3.5661,0.0349,0.013699999999999999,109.26,0.0711,880.7002,0.0186,0.017,0.0249,0.0333,90.4649,3.0877,0.0298,0.3866,0.0779,4.1624,33.4127,45.69335711499909,34.9441,0.1785,1.3399,0.0432,1.7401,0.0644,0.0155,178.1058,342.822,520.0715,573.8836,0.0648,0.0254,0.1147,0.4466,0.0346,0.1606,0.3366,0.0428,0.0776,6.104,0.1493,7.5842,0.0532,1.693,5.2573,10.7269,0.0717,1.5066,1.9378,9.3743,21.3161,0.0214,0.0246,0.0135,0.0087,0.0272,0.0553,0.0429,0.0198,1.2872,0.0139,0.0046,33.7681,0.021,262.6067,0.0064,0.0114,26.2826,0.9011,0.0111,0.1218,0.0264,5.6983,1.4506,6.2198,4.620236181899703,4.1462,2.9528,17.6391,46.7235,8.4573,66.3518,2.488,0.427,1.9928,3.1385,27.524,52.689,10.2662,2.8358,3.3873,2.0753,56.8966,67.6843,12.2928,1.0541,1.3221,1.0353,0.3985,5.6321,4.9953,3.336,14.7198,4.2331,2.9151,62.8724,5.5382,2.1622,6.2816,191.0935,4.274,9.9013,44.6055,0.0,0.0,36.1257,0.0,600.5013,381.2357,0.0,47.862,1.6709,1.4469,1.3944999999999999,6.0121,40.8348,0.0,49.1979,0.0,5.3709,3.535,11.854,0.25379999999999997,5.4861,6.1594,3.4221,10.5418,73.546,16.23,0.87,7.0941,0.3417,15.604,4.0671,1.1829,0.4266,0.0962,45.2871,3.4,0.0477,1.3903,0.02,1.3534,6.2018,533.3073,2.349,10.19,0.3099,3.577,0.0994,1.9107,13.1943,0.0113,2.2874,0.0133,0.0139,104.3034
-1.0,2993.79,2211.7778,1.3377,98.9989,1.4335,0.0046,0.0042,198.2117,7.6714,410.7288,0.975,188.7507,12.5757,1.3992,-3799.0,-637.25,1.3045,1.9968,7.26,71.1222,2.3667,0.1989,84.7176,8.7373,64.3447,66.2031,86.252,80.63,2.919,360.9873,127.1891,728.3762,1.3659,143.3509,631.5273,213.1452,4.603,4.804,2867.0,0.9298,4.3982,360.5109,10.508,111.5873,12.4143,15.6018,21.9055,706.4706,148.5018,620.6,126.9312,-0.0305,0.0018,0.0277,0.0075,-0.0141,-0.0178,-0.0056,7.1242,0.13,0.9905,1804.854,0.2118,8831.77,-0.0513,0.0353,-0.0112,0.0792,0.4586,0.9422,664.1708,0.9906,59.4534,0.5992,0.9614,6.3641,15.81,3.886,15.87,15.77,1.135,0.6576,3.387,0.0,0.7759,2.4012,1011.8444,138.0,54.6,47.5,46.0,381.7621,0.1514,0.1239,0.0413,0.0442,0.0128,6.7112,4.439,9.525,0.01,0.31,0.0324,265.0,1147.0,0.156,0.154,0.162,2.7,0.479,0.4973,0.0719,0.5837,0.2865,0.7506,0.299,0.1386,2.78,22.12,65.042,0.318,19.04,4.59,32.441,55.678,0.0741,0.0651,0.0328,0.0153,0.0573,0.0569,0.0834,0.0501,1.4561,0.0757,0.0008,148.1555,0.0674,1842.8999,0.016,0.0141,0.0207,0.0257,238.5018,3.0026,0.0174,0.2987,0.1101,4.4935,33.5026,18.5169,14.3149,0.0462,1.9771,0.0414,1.3055,0.0814,0.0113,124.9293,130.8077,498.1847,497.8952,0.0649,0.0646,0.0682,0.7726,0.0421,0.1546,0.187,0.0333,0.1009,6.3857,0.0888,8.715,0.0412,0.8527,6.7722,23.324,0.0957,1.5279,2.1135,10.4238,18.0096,0.0203,0.0275,0.0148,0.007,0.0177,0.0313,0.0461,0.0227,0.5501,0.024,0.0002,41.2546,0.0185,571.6141,0.0051,0.0085,74.7511,0.977,0.007,0.1037,0.0398,3.3889,1.4715,6.252,1.8238,1.892,2.0798,32.4235,11.3188,8.6432,57.8646,2.3191,1.0252,2.4651,2.3156,24.6907,179.9922,11.9586,7.7125,2.2314,3.7963,46.4789,71.8994,14.0841,0.587,0.8229,0.9071,0.3303,5.7121,3.7896,3.8427,10.1503,1.9393,3.5026,30.5153,6.3156,3.0263,6.524,153.3717,4.592,7.3301,43.8647,242.901,608.4112,55.2846,766.5552,404.2629,467.8822,890.6667,20.4395,2.3152,3.1675,0.0794,8.2087,31.8252,0.0,45.6244,968.4211,4.5196,2.7248,33.17265000000001,0.115,5.0503,4.6942,4.5839,12.1354,81.91,17.19,1.89,7.3054,0.8189,21.2469,4.3275,2.3074,0.417,0.0802,44.3845,4.98,0.0877,2.0902,0.0382,1.8844,15.4662,534.6682,2.0435,9.43,0.1909,3.4259,0.0607,1.7637,9.3398,0.0106,2.1284,0.0133,0.0139,104.3034
-1.0,3007.75,2216.5,0.8373,99.9867,1.4503,0.0149,0.001,197.9185,6.6145,400.3539,0.9759,188.0553,12.5488,1.3973,-4973.25,-2272.0,1.312,2.0035,7.3512,72.6778,1.8667,0.1508,86.238,8.287,64.1468,66.3076,86.9546,80.14,3.088,352.8518,130.8945,720.9099,1.1389,137.7991,621.5455,44.959,4.601,4.853,2846.0,0.9348,0.5518,351.2718,10.5106,111.4464,12.0964,19.4482,22.9635,697.9464,146.7309,609.4491,48.5433,-0.0218,0.0056,0.0563,0.001,-0.0265,-0.0143,0.0249,7.8683,0.1211,0.9674,1771.1661,0.2347,8875.2099,-0.0036,0.0428,0.0174,0.0239,0.4615,0.9429,782.4785,0.9867000000000001,55.696299999999994,0.5955,0.9716,6.3321,15.77,6.801999999999999,15.86,15.75,1.702,1.0699,3.7820000000000005,0.0473,0.6423,2.2757,1007.2099,116.0,114.9,64.4,61.0,469.891,0.1151,0.0755,0.0472,0.0366,0.0163,7.8287,4.41,18.214,0.0091,0.21,0.0352,579.0,3760.0,0.062,0.102,0.139,1.6,0.628,0.909,0.1096,0.6641,0.3467,0.868,0.732,0.2832,9.6,23.24,25.32,0.287,23.24,9.01,35.689,33.403,0.1073,0.0586,0.0351,0.0217,0.0969,0.0785,0.0964,0.0454,3.2101,0.074,0.0087,199.9777,0.1254,879.7998,0.0224,0.0136,0.0225,0.0192,83.3026,5.2181,0.0162,0.2015,0.0779,4.1624,29.9917,33.8914,20.0456,0.0373,2.4174,0.0297,1.638,0.0523,0.0148,264.1179,171.2707,965.1813,2658.7215,0.0286,0.0433,0.0635,0.479,0.0289,0.2075,0.3366,0.0428,0.0776,6.4843,0.2593,8.6604,0.0831,2.8589,7.1506,8.0027,0.0866,2.924,2.9902,11.0423,8.7874,0.0273,0.0255,0.0169,0.0095,0.0278,0.0435,0.0516,0.0206,1.0088,0.0227,0.0024,61.8424,0.0374,350.2213,0.006,0.0061,31.625,1.4151,0.0062,0.0728,0.0264,5.6983,1.4506,5.2005,3.8201,2.5403,2.7521,42.2737,13.7514,5.2059,66.6712,4.5495,0.9287,1.6735,2.517,42.809,165.493,4.7256,5.0911,1.8908,2.2015,80.3571,66.3228,17.9281,1.0541,1.3221,1.0353,0.3985,6.4616,5.959,3.7263,24.8673,6.9667,3.7391,56.318,5.5382,2.7306,7.7616,192.1232,5.1134,22.0201,68.8108,491.3566,336.2984,38.5435,0.0,296.7864,675.3065,182.3293,40.7981,2.8899,3.0692,0.899,11.2907,63.31987047269746,123.1466,44.8065,747.8261,4.885,2.0321,10.646,0.25379999999999997,9.4122,3.1818,3.4221,10.5418,74.184,18.91,1.43,8.466,0.5221,26.254,4.5839,1.9276,0.1474,0.0399,15.3056,4.98,0.0877,2.0902,0.0382,1.8844,15.4662,533.2873,2.3473,10.93,0.2775,3.7154,0.0824,2.0496,11.8225,0.0099,1.9956,0.0133,0.0139,104.3034
-1.0,3083.14,2216.5,0.8373,99.9867,1.3434,0.003,0.0,196.5484,8.3564,403.5218,0.9806,186.9166,12.5106,1.4197,-3523.5,5201.0,1.2988,1.9708,7.2918,72.4333,2.1444,0.1673,83.5182,8.6149,64.2488,66.2024,86.7323,79.02,3.014,354.48,125.5727,717.7125,1.3989,142.3136,622.3664,189.1376,4.602,4.845,2839.0,0.9315,1.4418,352.5355,10.7179,107.0145,13.22,18.5582,25.1014,692.6112,149.5964,609.1464,104.8573,0.0056,-0.0416,0.0329,0.0211,-0.0187,-0.0098,0.0065,7.8833,0.135,0.9906,1787.1098,0.2139,8950.7599,-0.1002,-0.0344,0.013,-0.0457,0.4649,0.945,757.8227,0.9867000000000001,56.7993,0.591,0.9648,6.2734,15.77,6.801999999999999,15.86,15.75,1.702,1.0699,3.7820000000000005,0.0473,0.6423,2.2757,1007.2099,167.0,169.4,204.0,61.0,469.891,0.1151,0.1248,0.0471,0.0417,0.0066,4.5247,6.134,11.92,0.0051,0.23,0.0488,379.0,17919.5,0.182,0.078,0.196,5.4,0.509,0.8652,0.0643,0.6966,0.4942,0.9463,0.292,0.0977,3.58,14.5,53.22,0.235,19.48,5.35,30.418,100.897,0.0786,0.0436,0.0344,0.0235,0.0711,0.133,0.0789,0.0599,3.285,0.0374,0.001,132.5828,0.0556,2203.3999,0.0161,0.0117,0.0158,0.0147,204.0393,3.9144,0.022,0.2494,0.0779,4.1624,40.7135,60.5487,61.7071,0.0373,2.4174,0.0426,1.8028,0.06,0.0171,158.3885,194.561,5823.189049999999,8994.62525,0.0794,0.0347,0.0835,1.7003,0.0404,0.1584,0.3419,0.0281,0.1065,5.3579,0.0983,7.8931,0.0252,1.1751,4.7221,17.1024,0.0725,1.6208,2.6285,9.7244,28.1614,0.025,0.0193,0.015,0.0105,0.0188,0.0601,0.0422,0.0275,1.2076,0.012,0.0004,41.7363,0.0176,767.29565,0.0054,0.0057,72.766,1.0617,0.0076,0.0992,0.0264,5.6983,1.4506,7.5658,5.4944,8.3037,2.7521,42.2737,13.7514,9.2899,73.4051,2.954,0.5151,1.8384,3.4366,298.58439999999996,483.1379,14.0135,3.9579,2.688,7.4551,107.2539,81.8725,14.5878,1.0359,0.7466,1.0842,0.3007,4.807,5.5107,3.4335,6.985,2.5156,2.3298,28.1382,9.842500000000001,2.1926,6.9804,147.3521,4.3918,13.3131,96.2232,0.0,322.366,71.3743,336.2696,711.2299,801.0152,890.8199000000001,41.6699,2.2255,1.5832,0.1022,7.4188,26.0086,0.0,24.2845,0.0,3.3956,1.5579,26.9244,0.25379999999999997,6.8916,3.9749,3.4221,10.5418,74.368,16.27,0.76,7.7754,0.3031,76.7311,4.0535,1.0219,0.3869,0.0813,38.7536,5.45,0.1429,2.2199,0.0534,2.1675,17.556,530.5682,2.1417,10.87,0.4214,3.7567,0.1085,2.0487,19.6759,0.0145,2.8842,0.0309,0.0317,102.4718
-1.0,3094.08,2202.5556,1.2913,101.8922,1.4334,0.0082,-0.0027,202.7895,8.4286,404.3613,0.9593,193.7781,12.391,1.4082,-4834.0,-329.75,1.2535,2.0082,7.3548,70.2111,2.6333,0.2181,84.3947,8.897,64.5666,66.2412,87.0027,75.10612380689685,2.5379514824374025,350.3527,142.8373,737.106,1.2506,135.4791,628.6691,40.7874,4.59,4.83,2855.0,0.9314,-2.5955,352.7845,10.3093,120.2418,12.4141,22.5955,25.7407,711.3653,144.4918,617.5182,50.9977,-0.0384,-0.0191,0.0497,0.0261,-0.021,-0.0302,-0.0222,6.8868,0.1328,0.9877,1829.7017,0.1634,8692.18,0.0723,0.0233,-0.0869,-0.1249,0.465,0.9496,767.8407,0.9904,59.7525,0.6004,0.9637,6.3317,15.8,6.369,15.85,15.82,1.853,0.9677,3.451,0.0473,0.555,2.2756,1004.78,136.0,186.1,189.8,57.8999,363.242,0.1463,0.0889,0.0519,0.0645,0.024,7.7833,6.207,4.922,0.0179,0.28,0.0438,551.0,1155.0,0.131,0.024,0.176,3.7,0.516,0.3954,0.0786,0.7288,0.328,0.7456,0.492,0.30280000000000007,11.44,18.97,23.914,0.509,16.82,7.3,32.043,19.604,0.1002,0.0543,0.033,0.0403,0.0887,0.1325,0.1057,0.0515,6.0496,0.0774,0.0016,110.756,0.053,1186.2998,0.0303,0.0213,0.0278,0.0124,109.0219,4.6071,0.0246,0.2997,0.08,2.3972,34.6501,56.5692,58.6262,0.0481,2.6991,0.0297,1.8898,0.0728,0.0158,252.1658,134.8406,2431.6799,556.2376,0.0633,0.0118,0.0764,1.0446,0.0546,0.1442,0.1542,0.0341,0.057,5.6441,0.1386,9.6045,0.088,3.7472,6.7372,8.1997,0.1577,2.0716,1.9845,10.2911,6.462,0.0256,0.0233,0.0147,0.0172,0.0225,0.062,0.0521,0.0283,1.9494,0.0238,0.0005,36.4519,0.0154,372.4825,0.0068,0.004,36.1831,1.29,0.0089,0.0908,0.0252,2.5826,0.8064,6.1862,6.0147,7.1232,2.6288,33.5774,11.332,6.202,73.6418,1.2172,1.8646,2.2597,3.1097,104.758,350.2654,10.4507,1.1951,2.393,5.2698,53.1646,73.3571,14.6906,0.4685,0.8831,1.1288,0.6795,5.6201,11.0685,4.3014,25.522399999999998,8.4441,3.0175,58.6309,6.4177,4.9373,13.1152,135.4912,4.5044,18.9371,38.4409,261.1075,618.59025,81.1273,339.278,630.9524,350.5804,231.721,87.8441,3.1634,3.2277,0.1633,6.0532,32.4618,790.7193,37.3507,0.0,5.9795,1.3082,14.1985,0.1368,7.7103,4.7334,3.5164,5.3692,81.208,19.13,2.02,8.2665,0.88615,97.407,4.7382,2.4874,0.3869,0.0813,38.7536,8.86,0.2092,4.2402,0.084,3.3267,26.7404,523.3110000000001,2.2656,15.390000000000002,0.6164999999999999,5.3345,0.18730000000000002,2.8874999999999993,28.50255,0.0112,2.2357,0.0122,0.0131,107.5257
-1.0,3071.05,2200.9889,1.383,100.18,1.4532,0.0049,-0.0048,202.7533,7.9718,407.377,0.973,193.7047,12.4996,1.4285,-4805.75,3909.0,1.2717,1.9727,7.3007,70.0222,2.5444,0.1792,85.4838,8.7401,64.3756,66.1541,86.8963,78.53,2.821,352.6718,142.7164,738.5988,1.2898,138.7618,634.15,230.2956,4.59,4.83,2855.0,0.9314,-4.9018,352.0091,10.3993,117.8145,16.1773,24.9018,31.879,706.7198,148.1491,617.9727,161.6455,-0.0161,-0.0218,0.0592,0.0152,-0.0262,-0.0149,-0.0106,6.8422,0.1388,0.9647,1872.8737,0.2227,8905.76,-0.0439,-0.0046,0.0128,-0.24175000000000002,0.4574,0.9364,764.1577,0.9905,59.3096,0.6071,0.9735,6.168,15.8,6.369,15.85,15.82,1.853,0.9677,3.451,0.0473,0.555,2.2756,1004.78,78.0,177.2,175.9,56.7,252.891,0.116,0.1522,0.0534,0.0438,0.0103,8.1375,4.382,8.702,0.0075,0.21,0.0342,1030.0,17919.5,0.082,0.039,0.209,2.2,0.714,0.612,0.0979,0.4433,0.1827,0.6483,0.583,0.1887,5.1,22.52,45.26,0.537,23.5,5.17,34.077,119.624,0.0677,0.0307,0.0221,0.0291,0.0916,0.0817,0.0944,0.0693,4.6261,0.0638,0.0103,191.9133,0.1254,915.3008,0.0369,0.0204,0.0185,0.052199999999999996,92.8259,4.8735,0.0243,0.208,0.08,2.3972,23.1547,52.0757,53.8602,0.0363,2.1694,0.0477,1.3986,0.0561,0.0115,444.5795,243.4603,2944.0604,8994.62525,0.0361,0.0172,0.0906,0.8212,0.0612,0.2242,0.2342,0.0357,0.0543,5.3963,0.1748,10.0673,0.0479,1.9789,6.7647,14.9473,0.1491,1.7023,2.0432,10.7927,36.4352,0.019,0.0138,0.0094,0.0128,0.0229,0.0392,0.0499,0.035,1.4988,0.0207,0.0036,57.9123,0.0374,309.4558,0.0053,0.018000000000000002,31.7716,1.3627,0.0091,0.0768,0.0252,2.5826,0.8064,3.6192,5.77,6.6575,2.5761,23.9815,8.386,10.4736,54.9686,2.1361,0.7724,1.6801,2.3948,128.3463,635.9939,6.4478,1.9769,2.8627,3.1419,74.6725,119.4048,20.7558,0.7159,1.1201,0.6886,0.6795,5.6738,10.0479,4.4964,14.6272,3.6754,3.5512,19.653,6.4177,5.1638,10.542,145.2656,4.8219,15.4183,74.0039,420.0078,618.59025,49.1347,602.6316,311.8321,633.557,655.3191,67.6106,2.0475,2.6085,1.0716,10.247,63.31987047269746,326.7267,28.2139,0.0,4.0433,5.5677,12.1475,0.1197,8.2171,3.3723,3.5164,5.3692,73.546,16.23,0.87,7.0941,0.3417,15.604,4.0671,1.1829,0.3031,0.0701,32.814,4.98,0.0877,2.0902,0.0382,1.8844,15.4662,533.2873,2.3473,10.93,0.2775,3.7154,0.0824,2.0496,11.8225,0.0139,2.7851,0.0122,0.0131,107.5257
-1.0,3074.96,2290.9442999999997,1.1259,90.1144,1.4017,0.0003,0.0041,198.5627,4.5881,418.3801,0.9715,189.6615,12.5484,1.4097,-5148.25,-28.75,1.2828,2.0005,7.3557,67.5556,3.1333,0.2608,84.6838,9.0425,64.4947,66.94045000000003,86.8006,71.43936976995734,2.855368756655026,356.4973,126.4036,722.471,1.4067,141.57,624.4709,212.3258,4.571,4.831,2871.0,0.9255,0.7636,356.1809,10.7073,107.1673,17.1809,19.2364,26.0317,696.4393,143.9418,607.29,110.3551,-0.0118,-0.0087,0.0189,0.0029,-0.0195,-0.0177,0.0123,6.9147,0.1351,0.952,1866.4193,0.1932,8680.12,0.0,0.0,0.0,0.0,0.4391888104110895,0.9236,736.3565,0.9905,59.2198,0.5969,0.9813,6.0962,15.86,3.541,15.84,15.91,0.9649,0.6238,3.293,0.0,0.8201,2.4025,1012.2367,176.0,154.2,74.5,87.1003,209.7002,0.5503,0.1045,0.0752,0.0489,0.0132,6.7531,4.328,12.111,0.0094,0.24,0.0486,856.0,1862.0,0.059,0.049,0.178,1.9,0.373,0.5365,0.0788,0.5934,0.3461,0.8211,0.166,0.1187,4.81,16.84,35.604,0.328,17.44,4.57,29.209,76.047,0.0695,0.0722,0.0247,0.0614,0.0644,0.0811,0.0873,0.0525,5.5098,0.0287,0.013699999999999999,130.1387,0.0433,593.0,0.0111,0.0166,0.042984120680023274,0.0205,50.5405,4.1783,0.0272,0.2412,0.1149,4.4012,39.9928,50.8125,22.9965,0.1763,0.9138,0.0342,1.1987,0.0599,0.0171,358.5903,125.4548,4500.9438,924.8908,0.0277,0.0204,0.0733,0.6966,0.0386,0.1322,0.235,0.0334,0.1269,5.8226,0.0521,7.8173,0.0369,1.1489,5.5328,10.6974,0.0989,1.2616,2.5952,9.3431,22.0079,0.0217,0.0316,0.0111,0.0276,0.021,0.0452,0.0501,0.0253,1.8106,0.0095,0.0046,40.3976,0.0139,196.3677,0.011028029195665824,0.0058,16.9936,1.1862,0.0099,0.0971,0.0425,5.4654,1.4641,8.0236,5.0147,3.0423,3.906427332733898,8.8851,48.8796,7.4552,94.3312,2.8947,0.963,1.9126,3.4482,190.1423,0.0,4.5995,2.4494,2.4199,2.8125,35.1064,43.3319,10.6622,0.6335,0.8717,0.9201,0.1809,5.1894,4.9049,3.3063,8.4387,3.3976,2.6967,16.7686,6.0558,3.0633,5.692,101.508,4.194,9.9668,68.9112,591.1749,579.9197,325.298,0.0,414.8338,493.918,428.5714,79.6823,1.7765,1.171,1.3944999999999999,6.9726,22.4084,0.0,35.3846,0.0,11.035831504751627,2.2207,6.8636,0.0702,7.0555,3.9566,4.7827,12.445,79.432,16.7,1.07,7.3215,0.4804,50.7661,4.2544,1.3471,0.5682,0.1449,54.4138,1.81,0.1226,0.7079,0.0455,0.6924,16.9043,532.5027,2.4053,7.54,0.2768,2.5601,0.0899,1.416,11.5084,0.0127,2.5033,0.0226,0.0196,87.0971
-1.0,3001.95,2213.2111,1.9705,87.7411,1.5475,-0.0087,-0.0093,202.7188,5.5861,401.5585,0.9593,193.1537,12.551,1.3703,-3996.0,-600.5,1.2815,2.0175,7.3418,69.0556,2.6,0.2193,85.3967,8.7635,64.0427,66.2762,86.5136,81.43,2.594,347.9873,133.6345,718.9224,1.3102,140.1864,621.8082,159.2242,4.554,4.799,2845.0,0.932,-2.7845,346.8491,10.45,110.85,15.0755,22.7845,29.9713,688.9512,149.0336,606.7327,93.8753,-0.0075,0.0729,0.0674,0.007,0.0302,-0.0232,0.0258,7.042,0.1334,0.991,1927.518,0.163,8962.4899,-0.021,-0.0679,-0.0163,0.0157,0.44920193628601957,0.9575,779.0569,0.9908,60.5249,0.6043,0.9815,6.1911,15.89,3.365,15.92,15.89,0.9318,0.593,3.269,-0.4258,0.7965,2.2805,1009.8612,87.0,76.5,118.6,45.6001,555.2009,0.4698,0.0843,0.0511,0.0339,0.0172,8.5123,4.512,11.857,0.0175,0.27,0.0301,886.0,3059.0,0.141,0.131,0.291,1.9,0.465,0.6023,0.2033,0.5658,0.3113,0.8636,0.527,0.1192,6.83,19.74,106.724,0.143,20.02,8.75,30.534,62.064,0.0855,0.0524,0.0488,0.0123,0.0917,0.069,0.151,0.0441,3.1386,0.0878,0.0013,122.323,0.0291,1032.7998,0.0069,0.0119,0.058254083678629276,0.0231,107.0623,2.4001,0.0333,0.3918,0.0497,5.7282,24.2665,26.7519,35.1203,0.1581,1.4221,0.035,1.3363,0.0805,0.0102,367.2296,232.9326,888.5381,1331.1525,0.0585,0.0537,0.1214,0.6876,0.0501,0.1646,0.2201,0.0761,0.0909,6.0259,0.1911,6.8178,0.0417,2.1397,5.5921,32.0325,0.0471,2.9319,3.4065,9.453,19.1163,0.0256,0.0219,0.0223,0.0057,0.0267,0.035,0.0737,0.0211,1.4079,0.0287,0.0004,36.5049,0.0098,375.4894,0.01265588818917999,0.0078,39.1134,0.6595,0.0114,0.1188,0.0148,10.2196,1.7007,4.0496,2.5483,4.5647,2.0604,26.812,23.8412,5.4473,80.772,2.9527,1.8239,2.1512,2.1974,50.5506,509.4088,11.0027,6.4932,3.9636,2.7514,61.5385,71.1246,14.2808,0.7053,2.3197,0.8835,0.413,5.5347,5.2831,3.2318,9.0951,4.8721,3.1746,65.59535,4.801,1.3684,6.1525,132.7985,4.432,12.4586,66.1133,0.0,0.0,18.256,0.0,228.2878,649.4624,171.096,44.5701,4.941799999999999,3.5762,0.1271,6.3461,17.87,0.0,35.7942,372.6027,12.220224938401037,2.4134,13.7426,0.1047,3.9656,6.3281,2.1814,13.2122,75.852,16.97,0.92,7.8166,0.3872,59.7115,4.188,1.2129,0.3069,0.0746,32.1567,4.98,0.0877,2.0902,0.0382,1.8844,15.4662,529.2209,1.9102,7.98,0.2889,2.7589,0.1067,1.5079,15.1238,0.0177,3.5433,0.0201,0.0067,33.2533
-1.0,3197.43,2171.5,0.7899,101.5122,1.3481,-0.0025,0.015,197.9955,7.6389,405.9059,0.9818,189.0494,12.5376,1.4216,-3212.25,-2609.5,1.283,2.0015,7.3513,68.8667,2.2333,0.1812,83.7179,8.7015,64.4228,66.2507,86.2732,80.86,2.617,352.5709,133.51,722.7385,1.2027,136.8773,622.9582,47.3984,4.652,4.882,2816.0,0.9376,-2.4709,350.9546,10.5383,111.0391,14.2836,22.4709,28.9642,693.7743,146.6809,608.6746,125.1797,-0.0395,-0.0507,-0.0008,0.0244,-0.0227,-0.0213,0.0025,7.7081,0.1371,0.9871,1767.1722,0.2088,9096.1301,0.0116,0.0102,-0.0544,-0.0375,0.4624,0.9441,780.1029,0.9867000000000001,56.5781,0.6029,0.9592,6.3315,15.86,3.541,15.84,15.91,0.9649,0.6238,3.293,0.0,0.8201,2.4025,1012.2367,195.0,170.5,139.5,59.5,390.657,0.0802,0.1258,0.0481,0.049,0.0054,6.6059,3.614,13.769,0.0045,0.22,0.0752,293.0,4696.0,0.16,0.038,0.097,2.4,0.462,0.6979,0.0527,0.6513,0.3867,0.8747,0.524,0.30280000000000007,4.21,20.78,34.539,0.156,20.39,7.0,29.487,94.239,0.1111,0.0461,0.0261,0.03,0.0689,0.1279,0.0713,0.0507,4.4109,0.0821,0.0021,108.8723,0.1254,524.4004,0.0141,0.0127,0.019,0.0197,56.6733,2.1184,0.0243,0.2443,0.1149,4.4012,43.166,58.7723,47.5611,0.0241,3.0041,0.0426,1.1333,0.0581,0.0263,130.1496,199.4749,185.3993,2088.145,0.0689,0.0159,0.0416,0.7,0.0642,0.1599,0.2855,0.025,0.0902,6.9644,0.1632,7.1817,0.088,1.2422,6.4561,12.3059,0.0468,2.0437,2.2926,8.7816,35.7381,0.0287,0.0201,0.0119,0.0124,0.0188,0.0613,0.0328,0.0261,1.7063,0.028,0.0007,33.3972,0.0374,169.612,0.0055,0.0057,18.2631,0.7316,0.0081,0.0904,0.0425,5.4654,1.4641,8.8319,5.3324,5.7989,2.74,37.9852,10.1536,9.3313,47.3104,3.3922,0.4624,1.7547,5.2869,14.1334,179.9578,12.4708,1.8986,1.3195,3.485,49.2537,108.7063,13.6404,0.8336,0.6061,1.011,0.292,6.186,5.9022,3.1364,25.522399999999998,3.0757,3.3357,65.59535,4.6975,1.4803,4.1697,142.7506,4.2502,12.667,75.283,281.0879,540.7625,0.0,282.4494,563.4361,334.7418,0.0,57.2238,2.9903,3.4556,0.2097,6.1608,63.31987047269746,903.1111,31.0536,0.0,4.1078,2.0848,7.2648,0.25379999999999997,3.7441,3.8588,4.7827,12.445,74.002,15.22,0.75,6.4161,0.3535,46.4569,3.7741,1.0135,0.3869,0.0813,38.7536,4.87,0.3378481311764915,2.2324,0.1352392452747727,1.9658,38.05341532073962,535.9636,2.2026,6.77,0.3033,2.1846,0.0956,1.2631,13.7684,0.0127,2.5214,0.0242,0.0094,38.9642
-1.0,3001.6,2171.5,0.7899,101.5122,1.4521,-0.0124,-0.0099,198.5873,7.999,401.9265,0.9754,188.7664,12.478,1.3944,-4371.75,1492.5,1.2502,1.9952,7.306,75.3556,2.1667,0.1759,83.4448,8.5571,64.7149,66.145,87.2353,78.29,2.791,351.9218,139.3973,732.9942,1.1184,141.8445,633.1636,58.4694,4.569,4.839,2863.0,0.9297,-3.2718,352.0909,10.4144,116.1255,9.8176,23.2718,29.0059,703.9883,156.3136,624.53,121.2175,-0.0449,-0.0255,0.076,0.014,-0.0409,-0.0266,-0.0223,7.5585,0.1307,0.99,1792.4735,0.2001,8435.53,-0.0043,-0.0112,-0.0302,-0.0268,0.4648,0.9287,734.6362,0.9867000000000001,56.085,0.6062,0.9663,6.4595,15.81,3.886,15.87,15.77,1.135,0.6576,3.387,0.0,0.7759,2.4012,1011.8444,128.0,176.4,103.1,59.5,390.657,0.0802,0.1056,0.0299,0.0395,0.0152,6.7737,4.203,14.158,0.011,0.18,0.0367,497.0,5177.0,0.148,0.085,0.041,1.9,0.783,0.5868,0.1125,0.5322,0.2945,0.8078,0.918,0.1398,9.24,17.97,12.437,0.473,13.15,7.75,31.295,101.614,0.0615,0.0369,0.0291,0.0158,0.0495,0.0642,0.0911,0.1317,2.662,0.0301,0.0011,122.1359,0.0363,575.5005,0.0154,0.0094,0.0166,0.0188,58.8446,2.0168,0.0279,0.5539,0.1101,4.4935,34.4524,53.6207,40.5337,0.0241,3.0041,0.0371,1.6945,0.0532,0.0134,232.733,305.8152,619.0667,2459.2628,0.0717,0.0365,0.0174,0.579,0.0431,0.2575,0.2421,0.0491,0.0908,6.0242,0.2478,9.6266,0.042,2.9904,6.3363,4.8006,0.1347,2.3257,2.4398,9.9513,33.3982,0.0151,0.0157,0.0123,0.0072,0.0134,0.0358,0.0467,0.058,0.853,0.0111,0.0004,36.0413,0.0136,201.3187,0.006,0.0067,21.289,0.6125,0.0106,0.1777,0.0398,3.3889,1.4715,5.8803,5.8769,4.1236,2.74,37.9852,10.1536,7.272,52.5441,3.5225,1.1257,1.4425,2.6334,31.2003,346.8677,11.8376,4.2601,0.5612,2.5214,73.8462,89.8294,23.5567,0.7032,1.3151,0.8224,0.1838,4.6061,9.95,4.306,12.5035,6.5142,2.8381,21.271,6.8651,4.5418,15.5005,133.9432,4.4454,18.1731,83.8278,137.1046,0.0,20.7826,352.6269,157.0642,342.4812,590.583,35.2186,2.6012,1.2453,0.112,6.8138,18.1583,361.5385,30.9963,0.0,3.5816,2.0258,8.01,0.25379999999999997,3.596,8.5756,4.5839,12.1354,73.546,16.23,0.87,7.0941,0.3417,15.604,4.0671,1.1829,0.3869,0.0813,38.7536,4.98,0.0877,2.0902,0.0382,1.8844,15.4662,532.0973,2.1448,9.6,0.497,3.3367,0.1443,1.8042,23.1735,0.0127,2.5379,0.0242,0.0094,38.9642
-1.0,2956.77,2187.4111,1.1864,88.0911,1.4113,0.0108,0.0062,199.4013,6.356,399.9257,0.9799,189.1462,12.5106,1.4065,-3668.5,-210.75,1.274,1.9755,7.2447,70.3556,2.7,0.2138,84.7176,8.7373,64.3447,66.2031,86.252,80.63,2.919,354.4909,124.7573,717.7088,1.4032,143.5645,622.8127,195.3645,4.602,4.845,2839.0,0.9315,2.1136,352.7809,10.678,106.8709,13.0654,17.8864,24.5978,693.111,150.0955,609.7473,122.522,0.0114,-0.0431,0.0134,0.0169,-0.0355,-0.0268,-0.0103,7.8098,0.1335,0.9647,1872.8737,0.2026,8670.6599,0.0065,0.0121,-0.0412,-0.0334,0.4501,0.94,662.5107,0.9907,58.5564,0.5905,0.958,6.3444,15.81,3.886,15.87,15.77,1.135,0.6576,3.387,0.0,0.7759,2.4012,1011.8444,140.0,42.6,37.5,48.2998,701.7551,0.3543,0.058,0.0594,0.0527,0.0099,9.0069,4.379,15.101,0.0057,0.23,0.0292,625.0,603.0,0.139,0.116,0.262,1.8,0.67,0.4973,0.0719,0.5837,0.2865,0.7506,0.258,0.0853,3.36,19.72,33.404,0.277,21.57,1.83,26.862,50.918,0.1006,0.0641,0.0325,0.0223,0.0692,0.0803,0.0918,0.0277,3.385,0.0315,0.0103,191.9133,0.0532,1048.6997,0.0149,0.0325,0.120188138292432,0.0271,135.1126,4.005,0.0149,0.2597,0.1101,4.4935,36.7818,16.9567,14.2733,0.1102,2.2515,0.0246,1.459,0.06,0.0104,258.3504,105.8064,340.3425,322.0159,0.0615,0.0509,0.1088,0.5457,0.0366,0.1878,0.187,0.0333,0.1009,5.315,0.087,8.0442,0.029,1.0619,5.7829,9.884,0.0821,0.6514,1.6571,8.8579,14.7167,0.0214,0.0276,0.0147,0.0092,0.0217,0.0353,0.0493,0.0135,1.4078,0.0117,0.0036,57.9123,0.0142,318.0654,0.02801905827358544,0.0082,40.8498,1.2695,0.0049,0.0923,0.0398,3.3889,1.4715,6.4646,1.4408,1.489,2.2081,36.13,29.8613,4.1098,68.8955,3.7759,0.5786,1.8384,2.0725,18.6452,286.121,10.9105,5.8719,3.6164,2.5584,33.3333,48.1809,19.3486,0.587,0.8229,0.9071,0.3303,4.8548,3.7272,3.5023,6.0763,2.3404,3.1663,17.0983,9.842500000000001,2.5941,5.6704,165.0923,3.8756,10.0808,41.5583,884.3956,346.0189,166.108,409.4675,225.879,342.2181,268.2809,43.3427,1.6479,1.2844,1.0716,10.247,26.2441,0.0,22.5705,0.0,26.600115265074077,2.8811,20.394,0.0462,6.8395,4.0941,4.5839,12.1354,77.25969634069486,17.097440584629734,1.2434894921997797,7.922332699379765,0.53206048015159,46.17851525276463,4.231601667825995,1.596734146790732,0.3369,0.062,35.1677,4.98,0.0877,2.0902,0.0382,1.8844,15.4662,530.5682,2.1417,10.87,0.4214,3.7567,0.1085,2.0487,19.6759,0.0175,3.5063,0.0338,0.0069,20.3091
-1.0,3013.86,2195.6667,1.0772,98.9844,1.5241,-0.0025,-0.0096,199.7952,7.2371,401.3557,0.9648,189.5603,12.5967,1.4157,-3859.25,7084.9583,1.3033,2.021,7.389,72.5778,1.7889,0.1434,84.9173,9.131,64.3185,65.9561,86.7486,76.72,3.312,357.4991,129.08,727.4944,1.0044,143.1691,629.7482,127.8292,4.61,4.871,2863.0,0.9252,3.9291,359.5627,10.5632,113.0091,10.6332,16.0709,21.8416,705.6528,147.9173,620.4891,89.2131,0.0059,-0.0193,-0.0124,0.0098,-0.0258,-0.0194,0.0323,7.4291,0.1448,0.986,1809.8301,0.1997,8997.1301,0.0074,-0.0046,-0.0415,0.0523,0.4553,0.9602,783.0876,0.9908,59.5967,0.596,0.9802,6.4251,15.81,3.886,15.87,15.77,1.135,0.6576,3.387,0.0,0.7759,2.4012,1011.8444,101.0,67.3,97.4,46.1001,439.851,0.3514,0.0655,0.0614,0.0507,0.042,8.969,2.817,12.713,0.022,0.28,0.0235,735.0,5773.0,0.122,0.054,0.137,2.6,0.294,0.6062,0.1798,0.5555,0.3413,0.6778,0.233,0.075,3.69,15.89,21.233,0.249,15.66,7.3,33.006,47.899,0.0957,0.0454,0.0316,0.0278,0.0547,0.1029,0.0882,0.0348,2.7707,0.1196,0.0024,138.887,0.0221,694.3994,0.0121,0.0105,0.0217,0.0111,75.9038,4.8998,0.0244,0.5253,0.1101,4.4935,26.6802,24.0501,36.4608,0.1127,4.1378,0.0244,0.796,0.0806,0.0088,340.6533,165.2601,1373.3575,2602.6313,0.0518,0.0235,0.0659,0.9271,0.0397,0.1058,0.225,0.0696,0.1153,6.3005,0.094,7.8852,0.0243,1.3626,5.4775,5.8905,0.0765,1.9943,2.52,10.0819,13.0733,0.0287,0.0211,0.0133,0.0131,0.0179,0.0479,0.0472,0.0162,0.8672,0.0354,0.0008,43.5471,0.0085,212.3949,0.0056,0.0038,23.5891,1.3912,0.0081,0.1701,0.0398,3.3889,1.4715,4.6254,2.233,3.8541,2.0996,32.979,32.624,4.2977,38.9245,3.1675,2.2819,2.2228,1.66,74.2631,63.7513,9.3612,2.6719,1.8541,3.5824,72.6708,76.6847,8.5631,0.7139,1.969,0.8637,0.6795,5.572,3.7341,3.4462,7.4656,2.5774,2.5232,16.6104,5.551,2.3572,5.5482,147.2745,4.6774,11.6715,53.6905,0.0,215.4211,223.7425,559.9488,399.6117,455.814,107.6566,37.2956,1.0362,5.0386,0.2442,7.674,11.0601,500.0,60.9524,0.0,4.7554,1.1543,9.6929,0.1211,8.2217,8.1761,4.5839,12.1354,74.12,14.27,1.0,6.9896,0.3543,59.7561,3.5038,1.3492,0.5697,0.1179,56.0174,7.56,0.1321,2.8852,0.0557,2.8902,16.0876,533.8955,2.3306,9.64,0.2706,3.2678,0.0913,1.8056,11.6113,0.0104,2.0829,0.0338,0.0069,20.3091
-1.0,2950.92,2213.5111,0.7531,103.0911,1.3882,0.0008,0.005,202.6146,7.4576,409.5266,0.9719,193.5315,12.5484,1.4023,-2996.6667,-7175.24995,1.303,1.9565,7.2588,70.5111,2.4556,0.1918,83.7179,8.7015,64.4228,66.2507,86.2732,80.86,2.617,354.4782,130.8555,726.2906,1.2753,139.8782,625.2118,43.9485,4.59,4.868,2858.0,0.9256,-0.5336,357.0646,10.6115,110.3218,11.3091,20.5336,26.5653,699.7254,146.5164,613.9027,105.8757,0.0229,-0.0169,-0.0177,0.0071,-0.0276,-0.015,0.0167,7.5618,0.1307,0.9697,1815.178,0.1962,8692.35,-0.0573,0.0381,0.0233,0.0193,0.4699,0.9493,739.1567,0.9919,58.5492,0.6152,0.9809,6.234,15.77,6.801999999999999,15.86,15.75,1.702,1.0699,3.7820000000000005,0.0473,0.6423,2.2757,1007.2099,128.0,122.8,65.4,69.7998,431.246,0.118,0.0695,0.0431,0.0636,0.0237,9.7048,4.648,16.792,0.0121,0.24,0.0607,538.0,12074.0,0.18,0.049,0.233,2.2,0.335,0.6979,0.0527,0.6513,0.3867,0.8747,0.306,0.30280000000000007,6.77,19.28,31.652,0.394,17.28,6.82,29.65,88.851,0.0652,0.0602,0.0301,0.059,0.0861,0.112,0.074,0.0553,3.2359,0.0657,0.0047,112.0873,0.0335,952.9004,0.0142,0.0145,0.0289,0.0222,122.994,1.1713,0.034,0.2486,0.0779,4.1624,34.4524,36.4859,23.4588,0.0401,2.3963,0.0226,1.7488,0.0599,0.0203,243.6615,186.6429,5823.189049999999,6822.0016,0.0835,0.0202,0.1037,0.7219,0.0468,0.1027,0.2855,0.025,0.0902,6.0726,0.0946,7.7756,0.088,1.8306,6.3818,10.3946,0.1214,1.7577,2.4433,9.5563,28.8946,0.0213,0.0263,0.0133,0.0275,0.026,0.0564,0.0409,0.0246,1.149,0.0206,0.0015,34.2864,0.0106,250.3373,0.0071,0.0064,33.4815,0.3651,0.0118,0.0963,0.0264,5.6983,1.4506,5.8803,4.1614,2.6808,3.1534,36.4402,15.6654,5.0067,62.3254,4.1003,1.2467,1.9126,4.3266,298.58439999999996,103.1496,13.8143,2.5045,3.2099,3.1201,44.7964,79.2584,9.8365,0.8336,0.6061,1.011,0.292,5.5857,4.6769,3.0587,25.522399999999998,4.8399,3.0838,65.59535,5.9199,3.7129,6.4357,152.7976,4.2374,11.1628,83.9201,284.6385,0.0,333.3333,0.0,405.4299,493.3333,331.1377,42.792,2.6012,2.7142,0.4845,6.175,17.0826,398.6254,30.0806,819.5122,6.1523,2.3382,16.6398,0.0444,2.0005,3.9881,3.4221,10.5418,76.64598071639416,17.033556189777872,1.2368502606425986,7.903300000628151,0.5490133348344703,51.53852839780638,4.224347631926926,1.624549614825188,0.285,0.0685,28.8069,4.98,0.0877,2.0902,0.0382,1.8844,15.4662,530.6746,2.0193,10.8,0.3051,3.894,0.086,2.0351,15.1082,0.0117,2.3071,0.0338,0.0069,20.3091
-1.0,2948.09,2200.9889,1.383,100.18,1.4463,0.0073,0.0046,202.1117,9.9572,412.7251,0.9794,192.65,12.5429,1.4034,-4730.5,-159.75,1.306,1.9515,7.2937,75.9444,2.6111,0.1773,83.4448,8.5571,64.7149,66.145,87.2353,78.29,2.791,352.8682,133.8973,725.6058,1.095,136.4782,623.2436,57.2185,4.591,4.834,2857.0,0.932,-1.1836,353.3173,10.4593,112.7136,9.1736,21.1836,22.97,702.6358,149.1718,615.2027,171.74984999999998,0.0023,0.0053,0.0677,0.009,-0.0108,-0.0006,0.0246,7.4342,0.1346,0.9915,1791.7535,0.2403,8765.58,-0.0289,-0.0428,-0.0188,-0.0954,0.463,0.9486,739.7936,0.9913,58.4372,0.5994,0.9605,6.3004,15.77,6.801999999999999,15.86,15.75,1.702,1.0699,3.7820000000000005,0.0473,0.6423,2.2757,1007.2099,144.0,90.5,57.6,56.7,252.891,0.116,0.1018,0.0552,0.0559,0.0115,7.8864,3.996,18.8,0.0066,0.22,0.0524,180.0,701.0,0.172,0.094,0.209,3.2,0.512,0.5868,0.1125,0.5322,0.2945,0.8078,0.71,0.1575,4.9,14.11,20.108,0.223,16.15,4.74,28.911,61.256,0.0709,0.0545,0.0947,0.0337,0.044,0.0769,0.0686,0.0685,5.0286,0.0244,0.0007,98.5042,0.0856,2167.0,0.02,0.0114,0.0146,0.0252,220.4727,3.357,0.027,0.1999,0.0779,4.1624,36.6213,27.9504,20.9125,0.0363,2.1694,0.0369,1.3031,0.0582,0.022,81.5777,174.0479,849.0695,299.8515,0.0802,0.043,0.0912,1.0088,0.0317,0.155,0.2421,0.0491,0.0908,5.1511,0.2264,7.912,0.0421,1.926,5.6099,6.4022,0.0598,1.3323,1.8139,9.4504,17.4266,0.0184,0.0245,0.0405,0.0153,0.0126,0.04,0.0316,0.0341,1.5194,0.0102,0.0002,38.5673,0.0248,767.29565,0.0049,0.0095,76.0322,0.8757,0.0091,0.0699,0.0264,5.6983,1.4506,6.5916,3.0698,2.3225,2.5761,23.9815,8.386,7.0389,40.1318,4.5551,0.6766,1.754,3.7316,38.0298,438.8106,13.17,4.8168,2.8655,4.2136,68.9362,47.9323,14.9649,0.7032,1.3151,0.8224,0.1838,4.3132,3.6147,3.3444,14.3864,3.5903,2.264,35.1425,5.9467,2.1321,5.1901,176.0488,4.1147,7.0703,28.6264,0.0,618.59025,49.7784,488.2108,712.037,0.0,278.4553,67.642,4.7556,0.9992,0.0705,5.4976,35.5953,0.0,15.5897,0.0,3.1598,2.6611,29.8019,0.0724,5.7447,3.1729,3.4221,10.5418,78.954,11.61,0.96,4.7369,0.4696,22.0431,2.9007,1.2159,0.3869,0.0813,38.7536,4.98,0.0877,2.0902,0.0382,1.8844,15.4662,531.3346,2.2421,8.49,0.3689,2.7936,0.1177,1.5979,16.4543,0.0126,2.5045,0.0338,0.0069,20.3091
-1.0,3058.08,2192.3778,0.8147,99.2922,1.4958,0.0004,0.0037,197.7901,8.5915,409.9272,0.9759,187.9692,12.559,1.4269,-4454.0,172.0,1.304,2.0038,7.296,72.8667,2.5556,0.1946,85.188,8.9562,63.901,66.2283,86.8401,78.17,2.774,354.9182,127.8109,720.9392,1.1469,137.0691,619.7982,53.6349,4.576,4.857,2872.0,0.927,5.7945,355.77,10.4995,113.6055,7.4692,14.2055,15.7033,705.2359,143.74,613.1155,45.5615,-0.0073,0.0352,0.0188,-0.0039,-0.0202,-0.0347,0.0341,7.5679,0.1411,0.986,1809.8301,0.2073,9072.73,0.0884,0.0595,-0.0813,0.0049,0.4337158317007598,0.9495,782.2624,0.9907,59.4545,0.598,0.9817,6.1604,15.81,3.559,15.86,15.86,1.182,0.6066,3.239,-0.5677,0.8559,2.418,1011.5767,173.0,250.5,112.6,57.6001,544.252,0.089,0.0581,0.0495,0.0867,0.0132,8.9635,5.419,12.985,0.0097,0.22,0.1258,580.0,980.0,0.061,0.059,0.179,5.4,0.576,0.8045,0.1741,0.4744,0.3415,0.9507,0.421,0.231,4.49,18.22,30.897,0.3,13.85,8.35,34.609,41.574,0.1112,0.0613,0.0877,0.0606,0.0635,0.091,0.0403,0.0429,2.7961,0.0679,0.0024,138.887,0.035,543.2002,0.0215,0.0206,0.043701875242597554,0.0264,56.6223,4.3399,0.0545,0.2527,0.122,3.5501,33.2417,64.5051,38.5968,0.0294,1.6994,0.0234,1.8387,0.0596,0.0342,261.4135,109.9166,2078.5208,425.9374,0.0314,0.0271,0.0769,1.7003,0.0522,0.1889,0.3372,0.0629,0.0992,6.5033,0.1604,8.5325,0.0591,1.5739,5.5174,9.3362,0.0933,2.1347,2.8916,10.6171,12.5354,0.0242,0.0271,0.0359,0.0271,0.0165,0.0467,0.0198,0.0201,1.0773,0.0223,0.0008,43.5471,0.0125,166.6474,0.013526496892735069,0.0076,18.2319,1.2404,0.0172,0.0994,0.0442,5.7643,1.0612,8.0402,8.1914,4.4601,2.6273,49.0076,10.9279,3.8842,63.0743,3.1676,0.9954,1.7517,8.8144,100.8981,569.7674,4.6779,2.9445,2.4534,7.8225,78.2609,88.4066,17.6971,0.9444,1.9441,0.7424,0.15,5.8436,5.6881,3.8128,20.1393,3.2757,2.9397,57.6061,5.9879,2.8573,5.5719,185.4283,4.9074,20.8754,91.2482,0.0,0.0,322.7696,0.0,451.0533,116.2221,125.7143,36.9467,1.8425,2.849,0.2442,7.674,16.9009,0.0,28.8867,512.5,11.92991007340749,2.7766,7.2383,0.0681,7.2995,4.1021,5.0473,9.8086,75.03793887419639,16.93986292769635,1.213376999912879,7.426904861862062,0.5090456934250316,56.90240809803377,4.215604015963789,1.6063505100989124,0.5682,0.1449,54.4138,1.14,0.1137,0.4701,0.0547,0.44,16.2297,531.0009,2.0786,11.15,0.1571,4.1012,0.058,2.0998,7.5578,0.0171,3.4352,0.0218,0.0054,24.6547
-1.0,3066.38,2171.5,0.7899,101.5122,1.3623,-0.0076,0.0112,198.2711,8.7205,414.0762,0.9772,188.0688,12.478,1.4041,-4696.6667,115.5,1.2857,2.0055,7.2782,74.1222,2.2,0.1617,83.4448,8.5571,64.7149,66.145,87.2353,78.29,2.791,348.9273,136.1836,726.5575,1.0924,137.5591,622.67,60.04,4.619,4.869,2837.0,0.9345,-4.9682,350.05,10.5755,111.2155,10.4818,24.9682,31.3031,695.2545,150.9227,612.1882,123.8333,-0.0114,0.0607,0.0553,0.0021,-0.0097,0.0139,0.0159,7.5173,0.1364,0.9874,1726.6365,0.1919,9392.28,-0.0677,0.0186,-0.0271,-0.2033,0.4578,0.9483,752.7343,0.991,59.1021,0.5943,0.9791,6.3713,15.77,6.442,15.81,15.77,1.617,1.006,3.204,-1.608,0.5812,2.2631,1009.36,120.0,153.7,142.0,59.5,390.657,0.0802,0.1066,0.0316,0.0549,0.012,6.6674,6.012,23.201,0.0085,0.18,0.0989,593.0,1816.0,0.21,0.061,0.205,2.7,0.331,0.5868,0.1125,0.5322,0.2945,0.8078,0.451,0.1353,6.66,17.8,11.431,0.229,19.27,2.83,27.544,79.025,0.0708,0.0514,0.0445,0.0302,0.0669,0.1156,0.0882,0.0351,2.9896,0.0309,0.0031,147.1819,0.028,939.5,0.0334,0.0166,0.0279,0.0406,115.8345,2.0441,0.0311,0.3144,0.0711,3.3787,33.1438,55.7367,41.5506,0.0241,3.0041,0.037,1.8421,0.0532,0.031,252.7746,103.7127,1573.5363,811.514,0.0899,0.027,0.0909,0.7759,0.0314,0.1299,0.2421,0.0491,0.0908,5.9198,0.1443,8.3336,0.0403,2.1008,6.0393,3.8335,0.0725,1.0079,1.3382,9.3184,24.807,0.0232,0.0257,0.0192,0.0132,0.0163,0.0627,0.0457,0.0173,1.0944,0.0127,0.0012,46.0977,0.0091,335.5882,0.0071,0.0125,41.5603,0.6232,0.0099,0.1016,0.0231,5.0431,1.19,5.2593,5.0124,5.7418,2.74,37.9852,10.1536,7.8252,68.9414,5.6031,0.8722,1.4425,7.0456,67.005,0.0,16.3329,3.0416,2.8166,3.6426,45.4545,61.8557,10.0077,0.7032,1.3151,0.8224,0.1838,5.4739,2.8418,3.3977,12.3889,4.8416,2.8587,19.039,5.2823,2.1654,4.7206,183.8423,3.9617,16.8363,63.8156,621.0526,0.0,54.5865,0.0,0.0,632.2581,221.1024,39.7699,2.9326,1.2811,0.3107,8.5242,14.5671,0.0,36.7521,0.0,6.0988,4.2769,15.3885,0.0671,3.4585,4.9347,3.1414,9.1125,73.546,16.23,0.87,7.0941,0.3417,15.604,4.0671,1.1829,0.3869,0.0813,38.7536,7.4,0.1155,2.8461,0.0436,2.7419,13.9927,526.5336,2.6194,9.6,0.2265,3.1446,0.0835,1.8232,8.6457,0.0102,2.045,0.0218,0.0054,24.6547
-1.0,3043.18,2192.3778,0.8147,99.2922,1.3824,-0.0001,-0.005,203.6304,10.463,419.1244,0.9603,194.6397,12.478,1.4154,-2093.5,673.0,1.2695,2.018,7.2745,73.6111,2.8778,0.2121,85.4487,8.6695,63.7619,66.2322,86.6658,79.21,3.559,352.3436,134.7255,726.1715,1.1066,139.1945,626.2636,60.2902,4.619,4.869,2837.0,0.9345,-0.9136,351.6009,10.4097,113.8118,6.8216,20.9136,26.89,699.2815,155.2255,620.6382,117.5841,-0.0218,-0.0096,0.0567,-0.006,-0.0197,-0.0169,0.0341,7.3324,0.1279,0.99,1832.1613,0.1986,8414.6299,0.121,-0.0781,0.0159,0.24300000000000002,0.45410740386917636,0.9287,688.8368,0.9908,58.7002,0.6058,0.9791,6.3085,15.8,6.369,15.85,15.82,1.853,0.9677,3.451,0.0473,0.555,2.2756,1004.78,87.0,130.9,109.1,57.6001,544.252,0.089,0.1217,0.0845,0.08,0.0247,8.0927,5.881,5.771,0.0179,0.18,0.1173,225.0,302.0,0.06,0.05,0.156,3.0,0.334,0.7362,0.0627,0.6906,0.3562,0.8576,0.795,0.0976,5.76,16.3,17.905,0.192,11.82,4.08,30.282,63.146,0.0762,0.051,0.0418,0.0081,0.0303,0.0849,0.0868,0.0381,3.9207,0.0349,0.0018,146.7773,0.0349,573.5996,0.0369,0.0122,0.048005387019932566,0.0345,54.5586,4.0684,0.0242,0.5063,0.08,2.3972,25.1901,45.6517,33.2944,0.0294,1.6994,0.0479,1.6973,0.0532,0.0336,119.1928,104.9921,1502.8352,124.5632,0.0261,0.0211,0.0652,0.9943,0.0435,0.1117,0.2907,0.0248,0.0902,5.9107,0.2223,8.4576,0.0286,2.1549,4.7385,4.8917,0.0548,1.3647,1.8356,9.7483,19.3012,0.0173,0.0217,0.0175,0.0043,0.0094,0.0394,0.0474,0.017,1.5835,0.0129,0.0005,42.3051,0.0114,208.1846,0.012205487907352184,0.0106,18.7075,1.187,0.0075,0.1656,0.0252,2.5826,0.8064,3.814,4.3014,4.2859,2.6273,49.0076,10.9279,8.8034,56.2076,1.3769,1.8649,1.4425,8.2891,151.4211,44.8737,4.7263,2.4777,2.1445,4.0755,41.6988,60.3457,9.6622,0.8616,0.7233,1.0831,0.2142,5.1966,4.1714,3.6929,8.816,4.1381,2.6027,29.698,5.2823,1.8444,6.0978,173.2733,4.3304,13.9385,53.7028,349.5413,361.0619,14.292,501.3444,431.5121,512.8508,111.6484,53.4706,1.4855,1.4547,0.1824,8.0112,17.5802,952.1951,37.6068,428.5714,11.186503459283399,3.7188,7.9204,0.1304,6.9308,8.0256,3.5164,5.3692,74.654,13.85,1.27,6.4734,0.5709,71.5275,3.4632,1.7012,0.5682,0.1449,54.4138,5.31,0.3378481311764915,2.0798,0.1352392452747727,1.9946,38.05341532073962,526.5336,2.6194,9.6,0.2265,3.1446,0.0835,1.8232,8.6457,0.0131,2.6253,0.0218,0.0054,24.6547
-1.0,2978.57,2180.5556,0.7892,101.4578,1.3907,0.0017,-0.0045,197.1311,8.8723,417.9476,0.9801,187.5146,12.5429,1.3993,-3820.75,-7175.24995,1.2755,1.9925,7.1937,73.3778,1.8,0.129,83.4093,8.3663,64.741,66.0272,87.0807,80.62,3.256,349.2782,144.2236,738.0399,1.0661,140.7273,634.2291,63.9022,4.569,4.839,2863.0,0.9297,-3.65,352.3564,10.2392,120.5736,6.2481,23.65,28.6073,709.4326,156.1791,629.1091,110.875,-0.0038,-0.0177,0.0327,0.013,-0.0131,-0.0109,-0.0052,6.9806,0.1361,0.9891,1842.3669,0.1743,9268.23,0.071,0.0158,-0.0726,-0.0043,0.4641,0.9294,825.1554,0.9867000000000001,57.5845,0.6092,0.9645,6.436,15.77,6.442,15.81,15.77,1.617,1.006,3.204,-1.608,0.5812,2.2631,1009.36,63.0,112.6,101.6,54.0999,400.697,0.0727,0.1583,0.0589,0.0361,0.0079,3.947,3.693,9.529,0.004,0.22,0.0681,352.0,16464.0,0.135,0.06,0.139,2.2,0.301,0.482,0.1102,0.615,0.2654,0.7753,0.562,0.1577,9.99,18.0,33.721,0.911,10.4,4.72,30.147,76.999,0.0905,0.0416,0.0321,0.0315,0.0815,0.0858,0.1033,0.0446,5.6196,0.0577,0.0013,158.1512,0.0469,1394.5,0.0115,0.0168,0.0148,0.0278,145.0969,3.7027,0.039,0.5078,0.0711,3.3787,19.0497,37.4245,32.2814,0.0225,2.4197,0.0504,1.2402,0.0582,0.0219,155.4014,205.0876,122.233,8994.62525,0.073,0.0261,0.0599,0.8012,0.0273,0.0889,0.188,0.0419,0.0748,5.9777,0.1822,9.8203,0.0547,2.9619,5.6389,9.794,0.2454,1.2551,1.6239,9.5455,22.2892,0.0261,0.0182,0.0144,0.0158,0.0231,0.0444,0.0524,0.0205,1.8587,0.0191,0.0005,49.3689,0.0166,386.0453,0.0039,0.0082,40.5698,1.1957,0.0128,0.1728,0.0231,5.0431,1.19,2.8951,3.7803,3.9691,2.481,34.3906,9.212,11.3826,41.6241,2.28,0.4115,1.754,4.8683,7.1714,174.4068,10.5841,3.0113,1.9322,2.9982,72.2222,72.093,8.91,0.5779,1.3168,0.9499,0.128,5.2279,8.3065,4.4092,14.7938,7.0988,2.8381,52.7697,6.8651,8.8972,13.4275,166.4507,4.2494,24.5446,69.4467,0.0,179.6976,96.2567,626.6218,656.2141,945.5378,857.6923,80.5027,4.1867,2.4371,0.1331,8.5841,26.9313,853.3333,18.7755,0.0,3.1879,2.9906,17.5842,0.25379999999999997,6.43,7.8899,3.1414,9.1125,73.546,16.23,0.87,7.0941,0.3417,15.604,4.0671,1.1829,0.6444,0.0951,63.5407,5.21,0.1763,2.1457,0.0707,2.1027,21.1253,528.7918,2.5088,10.33,0.264,3.4623,0.0819,1.9535,10.5239,0.0176,3.5243,0.0218,0.0054,24.6547
-1.0,2825.67,2210.2778,1.07,95.1089,1.3947,0.0075,-0.0146,196.8942,9.1545,427.3193,0.9736,187.2623,12.5488,1.4063,-3686.5,-2969.25,1.3295,2.0075,7.3827,70.3111,2.8889,0.2416,84.052,8.8581,64.6559,66.1061,86.9034,63.93999999999998,5.041,352.0464,135.4527,728.1972,1.308,141.2745,628.7736,227.8526,4.606,4.86,2844.0,0.9341,-2.5345,352.1045,10.4187,112.9182,14.0791,22.5345,28.3035,699.8936,149.6718,614.6945,113.9356,0.0054,-0.0199,0.0512,-0.0187,-0.0401,0.006,0.0302,7.9984,0.1334,0.9871,1781.3522,0.2161,8164.9101,-0.0032,0.0242,0.0092,0.0275,0.4613,0.938,726.8828,0.9911,58.1223,0.5998,0.9799,6.3147,15.77,6.442,15.81,15.77,1.617,1.006,3.204,-1.608,0.5812,2.2631,1009.36,89.0,167.4,228.9,87.1003,489.505,0.5996,0.0995,0.0821,0.0583,0.0151,4.0858,6.719,13.357,0.0075,0.21,0.0614,829.0,10583.0,0.115,0.093,0.206,1.9,0.497,0.5357,0.1389,0.4529,0.206,0.7208,0.447,0.0761,4.41,16.98,77.494,0.167,24.8,10.12,36.874,85.786,0.0781,0.0556,0.0485,0.0225,0.0785,0.0873,0.1226,0.0629,1.8106,0.0931,0.0025,111.8672,0.1254,714.6001,0.0148,0.0155,0.02,0.0252,70.252,1.5156,0.0253,0.3978,0.0711,3.3787,26.3272,54.2687,82.2496,0.2221,2.1099,0.0332,1.9895,0.0523,0.0242,389.4923,185.5254,553.6145,5144.2326,0.0548,0.043,0.088,0.7424,0.0474,0.1595,0.212,0.0519,0.0425,5.5803,0.1717,8.1474,0.0267,1.3406,4.7322,21.2436,0.0551,2.9912,3.8841,11.4373,25.2958,0.0228,0.0247,0.0221,0.0095,0.0228,0.0426,0.0604,0.0264,0.6585,0.03,0.0008,35.8283,0.0374,201.722,0.0062,0.0091,21.2405,0.4848,0.0105,0.129,0.0231,5.0431,1.19,4.0659,5.9243,10.0127,3.906427332733898,23.0836,56.0401,7.134,73.396,3.1258,0.7743,1.6735,4.3674,27.9398,356.42,8.6499,4.6326,2.7903,2.7023,34.6154,62.5115,14.6468,0.6373,1.5685,0.7005,0.6795,5.2607,4.4001,3.4347,5.8181,3.1216,2.7005,34.0106,9.842500000000001,1.6029,7.5896,176.1484,5.2685,15.1328,75.2934,0.0,0.0,43.9453,418.6667,217.9775,0.0,208.4507,22.637,1.3491,3.9187,0.251,6.2799,63.31987047269746,143.0219,37.0137,0.0,4.3403,2.6907,9.6648,0.1043,2.6076,6.2999,3.1414,9.1125,74.342,18.44,1.69,8.3522,0.627,67.1489,4.4875,2.2733,0.3928,0.0646,40.2051,5.35,0.2053,2.2165,0.0765,2.0511,32.9871,533.2873,2.3473,10.93,0.2775,3.7154,0.0824,2.0496,11.8225,0.0171,3.4382,0.0218,0.0054,24.6547
-1.0,2993.98,2191.1333,1.1569,89.7222,1.5196,0.0183,-0.0008,196.7611,6.9155,402.2797,0.9798,186.942,12.5106,1.3968,-3392.5,117.0,1.2847,1.9965,7.2973,67.0889,2.8667,0.2293,84.4905,8.7997,64.3568,66.3839,86.3298,80.22,4.042,354.0227,127.0845,719.9267,1.3865,143.1636,624.2709,188.6761,4.602,4.845,2839.0,0.9315,0.86,351.9709,10.6882,107.9445,14.0854,19.14,26.1131,693.8136,150.27,610.1855,130.3605,-0.0049,0.0051,0.0186,0.0073,0.0404,-0.0135,-0.0051,7.8393,0.1355,0.9868,1823.4487,0.1984,8536.28,-0.1034,0.0019,-0.0436,-0.1587,0.4659,0.9346,731.7544,0.9867000000000001,57.7769,0.5945,0.9629,6.2308,15.89,3.365,15.92,15.89,0.9318,0.593,3.269,-0.4258,0.7965,2.2805,1009.8612,153.0,136.2,92.3,64.7,387.6471,0.5405,0.0676,0.0509,0.0536,0.0078,4.4685,4.471,13.372,0.004,0.23,0.0429,361.0,869.0,0.117,0.127,0.224,2.9,0.477,0.9259,0.0771,0.5997,0.3574,0.743,0.344,0.1296,3.28,21.49,49.366,0.319,18.58,2.41,29.125,69.036,0.0954,0.0689,0.0307,0.0173,0.0783,0.0683,0.0872,0.0378,3.7903,0.0495,0.0014,78.3778,0.0241,878.1997,0.0299,0.0169,0.039,0.027,95.9564,4.9296,0.0186,0.2808,0.0497,5.7282,36.1261,48.7493,27.7927,0.1785,1.3399,0.0215,1.4637,0.06,0.0164,152.6226,100.4224,147.4912,431.5329,0.0505,0.054,0.1036,1.0105,0.0277,0.153,0.3363,0.0314,0.106,5.7839,0.0869,8.7099,0.0358,1.1654,6.0274,15.8979,0.0948,0.7396,1.5801,9.2588,21.2482,0.0225,0.0288,0.0147,0.0079,0.025,0.0308,0.046,0.0164,1.3535,0.0159,0.0004,26.4673,0.0085,303.3173,0.0095,0.0094,32.0891,1.339,0.0068,0.1002,0.0148,10.2196,1.7007,6.8953,4.5491,3.7578,2.9528,17.6391,46.7235,4.4486,64.6523,3.3241,0.4132,1.8384,3.0734,9.7568,742.735,9.1068,6.3611,3.0696,4.3226,48.8372,40.1163,13.7218,1.0959,0.8764,0.9318,0.2591,5.2511,4.9888,3.8319,9.3445,2.2911,3.4424,26.1644,9.842500000000001,2.9846,4.5023,131.9091,4.1978,7.6509,52.9577,0.0,397.6912,93.1359,0.0,169.1641,645.9259,744.8276,48.3506,1.4755,2.054,0.139,4.2983,12.1517,0.0,76.7875,0.0,8.3753,2.8859,13.1132,0.25379999999999997,8.5321,4.5072,2.1814,13.2122,74.63,22.38,0.78,10.3087,0.3857,58.0884,5.5089,1.0452,0.3069,0.0746,32.1567,4.98,0.0877,2.0902,0.0382,1.8844,15.4662,530.5682,2.1417,10.87,0.4214,3.7567,0.1085,2.0487,19.6759,0.0185,3.6849,0.0218,0.0054,24.6547
-1.0,2948.57,2216.5,0.8373,99.9867,1.4684,0.0013,0.0044,198.3955,7.0167,405.8735,0.9719,189.3747,12.478,1.4127,-3659.75,-6228.75,1.2997,1.98,7.3045,73.7556,1.6778,0.1178,84.3441,8.9833,64.7846,66.0907,87.7644,81.19,2.967,354.54,142.2082,738.1704,1.2422,138.0691,634.8173,232.9264,4.588,4.839,2859.0,0.9279,-3.4991,352.23,10.4047,118.7091,13.6246,23.4991,31.3826,706.7877,150.2536,621.1927,121.4202,-0.0198,-0.0226,0.0613,0.0184,0.0251,-0.033,0.0174,8.1467,0.1453,0.97,1804.9217,0.2127,8708.38,-0.0185,0.0,-0.0115,-0.0476,0.4647,0.9293,749.3883,0.9908,59.1739,0.5975,0.9638,6.4398,15.89,3.365,15.92,15.89,0.9318,0.593,3.269,-0.4258,0.7965,2.2805,1009.8612,78.0,45.5,62.0,61.0,469.891,0.1151,0.0825,0.0319,0.0463,0.0188,6.6761,8.428,26.932000000000002,0.0097,0.18,0.0371,294.0,17919.5,0.118,0.123,0.104,2.2,0.281,0.6874,0.1686,0.7341,0.3672,0.7515,0.747,0.1671,4.77,23.21,67.35,0.446,21.92,5.54,29.391,85.921,0.0594,0.0688,0.0435,0.0066,0.0431,0.0404,0.0852,0.0433,1.8895,0.0398,0.0029,59.1167,0.1254,691.5996,0.0159,0.0187,0.0216,0.0225,78.2064,2.2305,0.0201,0.2332,0.0497,5.7282,23.1547,15.6581,21.4695,0.0373,2.4174,0.0322,2.3389,0.0532,0.0144,136.0882,79.6764,475.7075,8994.62525,0.0542,0.0545,0.0486,0.7732,0.04,0.0931,0.2857,0.073,0.0729,6.2725,0.2056,9.7324,0.0518,1.8387,7.1028,18.6995,0.1335,1.5141,1.711,9.4316,24.3258,0.017,0.0282,0.0186,0.0029,0.0126,0.018,0.0472,0.0206,0.7528,0.0143,0.0009,19.5296,0.0374,235.748,0.0063,0.0065,26.3759,0.6293,0.0062,0.0695,0.0148,10.2196,1.7007,3.6192,1.5431,2.4543,2.7521,42.2737,13.7514,5.6183,120.113,6.508749999999999,0.9984,1.4425,2.629,31.6142,440.297,9.0787,6.2121,1.4238,2.9828,59.6026,84.9057,8.5857,0.815,1.8773,1.1331,0.2207,5.5903,8.6001,4.205,13.4505,3.4548,3.6562,28.9147,7.4635,4.2865,12.9645,160.8858,4.1584,18.7933,70.7634,300.7595,312.7273,10.7667,234.5578,160.796,257.9864,249.2086,23.1934,2.8211,1.6658,0.3007,3.2753,59.6099,0.0,38.3562,0.0,4.656,2.4217,10.436,0.0694,3.7693,3.6208,2.1814,13.2122,73.546,16.23,0.87,7.0941,0.3417,15.604,4.0671,1.1829,0.6444,0.0951,63.5407,5.15,0.1044,2.2172,0.0396,1.9091,13.6246,526.5336,2.6194,9.6,0.2265,3.1446,0.0835,1.8232,8.6457,0.0118,2.3445,0.0211,0.0115,54.4761
-1.0,2966.39,2171.5,0.7899,101.5122,1.3487,0.005,0.0006,201.9133,9.3365,412.841,0.9784,191.8618,12.5504,1.4127,-4184.5,-1684.25,1.305,1.9962,7.2742,69.9222,2.6556,0.2218,85.4838,8.7401,64.3756,66.1541,86.8963,78.53,2.821,353.49,143.4345,737.3702,1.0739,132.9309,629.8555,53.8583,4.59,4.83,2855.0,0.9314,-5.2327,353.3155,10.3165,118.2018,13.3545,25.2327,31.0075,706.3627,146.3582,617.8755,128.0822,-0.0385,-0.0046,0.0643,0.0216,0.0239,-0.0171,-0.029,7.8402,0.1308,0.9659,1845.5824,0.2019,8528.8199,-0.0002,0.0307,0.0173,0.1565,0.4617,0.9521,717.4347,0.9908,59.0849,0.5962,0.9653,6.2765,15.77,6.801999999999999,15.86,15.75,1.702,1.0699,3.7820000000000005,0.0473,0.6423,2.2757,1007.2099,84.0,51.3,83.9,59.5,390.657,0.0802,0.1033,0.0328,0.0322,0.0116,7.8708,4.504,8.482,0.0065,0.36,0.0375,843.0,2541.0,0.11,0.068,0.237,2.1,0.623,0.612,0.0979,0.4433,0.1827,0.6483,0.937,0.1821,9.17,17.36,22.889,0.908,17.07,6.17,36.136,89.477,0.0904,0.06,0.048,0.0631,0.0527,0.081,0.088,0.0538,4.3094,0.0728,0.0092,69.1957,0.0282,967.8994,0.0198,0.0109,0.0307,0.0256,100.8069,3.7456,0.0412,0.3393,0.0779,4.1624,24.466,19.2388,25.7437,0.0241,3.0041,0.0336,1.5513,0.0709,0.0107,385.0342,562.8794,1697.2987,1094.9175,0.0528,0.0281,0.0999,0.7396,0.0572,0.2114,0.2342,0.0357,0.0543,6.7203,0.3115,9.687,0.0498,2.7855,5.5196,7.0038,0.2444,2.1981,2.5765,11.6271,29.3397,0.0283,0.0277,0.0205,0.0273,0.0157,0.0394,0.0399,0.0251,1.4841,0.0229,0.0032,25.0316,0.0076,294.7162,0.0082,0.0085,30.1853,1.1276,0.0127,0.1121,0.0264,5.6983,1.4506,3.8155,1.7294,3.3463,2.74,37.9852,10.1536,7.6595,48.241,2.0546,0.6604,2.8684,2.6523,95.7582,150.8683,8.4291,3.4064,3.2581,3.0033,52.7197,84.7695,18.3884,0.7159,1.1201,0.6886,0.6795,6.532,7.8991,4.2867,16.9528,6.8983,2.7562,42.4986,6.4177,8.8014,11.6157,127.8221,5.1158,17.0483,69.8591,234.6909,480.9619,98.2101,244.2642,338.9121,513.8686,185.1979,54.9654,2.9827,3.0038,0.9484,3.7493,13.9443,0.0,35.6275,0.0,6.6443,2.6915,14.051,0.0939,6.3393,5.4055,3.4221,10.5418,79.86,22.21,1.13,10.6329,0.4537,56.9652,5.4186,1.415,0.3869,0.0813,38.7536,6.0,0.143,2.7496,0.0563,2.4259,19.5106,523.3110000000001,2.2656,15.390000000000002,0.6164999999999999,5.3345,0.18730000000000002,2.8874999999999993,28.50255,0.0107,2.1477,0.0211,0.0115,54.4761
-1.0,3086.05,2216.5,0.8373,99.9867,1.4678,0.0024,-0.0017,197.1539,7.7735,407.5213,0.9728,187.5355,12.478,1.4227,-4249.25,7084.9583,1.2905,1.984,7.3333,72.3778,1.8,0.1461,85.4438,8.4278,64.332,66.0827,87.1524,80.18,2.97,351.2582,132.0264,721.9532,1.1818,138.1364,621.4209,46.639,4.619,4.869,2837.0,0.9345,-1.79,350.4055,10.5575,110.2364,9.8464,21.79,27.6339,694.3193,150.9327,611.5745,132.7925,-0.0086,-0.0242,0.0384,0.0234,-0.0127,-0.0267,0.0102,8.1041,0.1282,0.9857,1843.0803,0.1957,9791.0999,-0.0201,0.0484,-0.0666,-0.2337,0.4655,0.9402,844.8573,0.9912,58.4188,0.6,0.9608,6.5018,15.77,6.442,15.81,15.77,1.617,1.006,3.204,-1.608,0.5812,2.2631,1009.36,95.0,177.2,106.8,61.0,469.891,0.1151,0.1106,0.061,0.0407,0.0147,3.6894,4.02,15.33,0.0114,0.18,0.0246,1116.0,14280.0,0.073,0.086,0.271,2.1,0.575,0.6458,0.0826,0.601,0.2308,0.7477,0.47,0.153,5.46,21.65,14.093,0.222,18.93,8.19,31.175,66.387,0.0644,0.0586,0.0298,0.0607,0.0503,0.1394,0.0915,0.0653,3.3873,0.052,0.0019,92.0819,0.0233,908.7002,0.0306,0.0218,0.0196,0.0238,105.53,3.8886,0.0185,0.2596,0.0711,3.3787,26.6945,53.2188,33.6143,0.0373,2.4174,0.0367,1.2323,0.0532,0.0093,496.1079,161.7063,761.7906,7947.3439,0.0313,0.0401,0.1178,0.7049,0.0498,0.1813,0.2522,0.0339,0.0916,6.1788,0.1502,8.5917,0.0454,1.684,6.5208,3.8489,0.0728,2.4037,2.7062,9.723,20.3286,0.0151,0.0264,0.0138,0.026,0.0145,0.0611,0.0466,0.0271,1.3691,0.0171,0.0006,30.7043,0.0086,333.484,0.0062,0.0095,35.3965,1.0492,0.0064,0.0903,0.0231,5.0431,1.19,4.3483,5.742,4.4181,2.7521,42.2737,13.7514,7.5353,51.7145,3.7618,1.174,1.4425,1.7313,43.6783,153.0711,5.6567,4.3347,3.6955,2.9014,66.6667,109.5057,17.2851,0.7558,0.9803,0.9342,0.1757,6.9322,7.3016,3.6973,12.9494,3.9526,3.484,30.2172,5.2823,2.1028,4.572,192.2539,4.49,15.7062,49.9931,751.5682,0.0,158.1759,215.3599,0.0,343.0178,638.6308,41.7976,2.7301,2.1517,0.194,4.9961,11.9087,0.0,30.0366,907.6923,4.2165,2.5321,12.4909,0.0838,6.6564,3.9934,3.1414,9.1125,73.546,16.23,0.87,7.0941,0.3417,15.604,4.0671,1.1829,0.3869,0.0813,38.7536,6.44,0.2598,2.4261,0.109,2.4221,33.4635,532.0973,2.1448,9.6,0.497,3.3367,0.1443,1.8042,23.1735,0.0099,1.9719,0.0187,0.019,101.3876
-1.0,2972.52,2180.5556,0.7892,101.4578,1.5424,0.0197,0.0034,197.2811,9.2396,413.8255,0.9761,187.4608,12.5488,1.4206,-4355.25,-4280.75,1.296,1.9888,7.2908,70.0111,2.5889,0.2299,85.4838,8.7401,64.3756,66.1541,86.8963,78.53,2.821,353.3891,133.3809,723.4327,1.1055,135.3764,622.1464,52.1883,4.612,4.885,2846.0,0.9337,1.0309,351.51,10.4521,114.4118,11.6591,18.9691,21.9517,701.481,144.5655,610.4873,52.3997,-0.0027,-0.0043,0.0449,0.0125,-0.0109,-0.0181,-0.0201,7.8722,0.1308,0.9647,1872.8737,0.1946,8864.42,0.0231,0.0251,-0.0694,-0.1038,0.46,0.947,747.2486,0.991,58.324,0.6073,0.9751,6.4344,15.77,6.442,15.81,15.77,1.617,1.006,3.204,-1.608,0.5812,2.2631,1009.36,132.0,121.1,138.1,54.0999,400.697,0.0727,0.1268,0.0561,0.0628,0.016,4.327,6.787,6.884,0.0087,0.21,0.0795,2060.5,12306.0,0.136,0.079,0.357,2.2,0.424,0.612,0.0979,0.4433,0.1827,0.6483,0.566,0.1711,9.07,17.7,17.426,0.393,20.27,4.86,32.286,18.124,0.0632,0.0476,0.0395,0.037,0.0953,0.0915,0.0892,0.0661,3.8542,0.0638,0.0103,191.9133,0.045,1600.4004,0.0199,0.0173,0.0222,0.0161,188.2354,1.4137,0.0203,0.5356,0.0711,3.3787,31.8969,46.3328,48.4881,0.0225,2.4197,0.0407,2.0964,0.0523,0.0242,912.5788,102.6483,2561.4587,5536.2312,0.0557,0.0349,0.15,0.7424,0.0481,0.1509,0.2342,0.0357,0.0543,6.6719,0.2027,8.2271,0.0477,2.7471,5.4772,5.4199,0.1156,1.6743,2.1716,10.0958,6.0635,0.0182,0.0195,0.0167,0.0154,0.0284,0.0433,0.0474,0.0316,1.3857,0.0207,0.0036,57.9123,0.0142,491.8613,0.007,0.0051,56.2624,0.4484,0.0062,0.1861,0.0231,5.0431,1.19,5.8718,4.074,5.6257,2.481,34.3906,9.212,8.221,73.4553,1.6635,0.8868,1.6735,5.5949,131.7261,287.473,10.4938,3.9723,4.8966,3.1424,38.6266,68.2939,12.4669,0.7159,1.1201,0.6886,0.6795,5.9821,3.9586,3.5199,15.4769,6.6998,2.845,33.3906,5.7076,3.76,5.7512,173.8554,4.6025,10.4709,34.588,0.0,393.3884,82.4513,763.9279,841.3793,492.1379,328.4472,48.9601,2.2167,2.6085,1.0716,10.247,23.1166,371.5436,40.1575,0.0,4.8192,1.6994,25.1905,0.0922,2.4238,8.3234,3.1414,9.1125,73.546,16.23,0.87,7.0941,0.3417,15.604,4.0671,1.1829,0.6444,0.0951,63.5407,6.71,0.1483,2.5098,0.0542,2.57,24.8992,523.3110000000001,2.2656,15.390000000000002,0.6164999999999999,5.3345,0.18730000000000002,2.8874999999999993,28.50255,0.0159,3.1789,0.0187,0.019,101.3876
-1.0,2954.92,2171.5,0.7899,101.5122,1.4418,-0.0002,0.0028,201.3992,9.0371,416.5739,0.9792,191.2846,12.5429,1.4156,-4744.0,2649.5,1.3048,2.0,7.2813,73.7667,1.9667,0.1453,83.4093,8.3663,64.741,66.0272,87.0807,80.62,3.256,350.9136,144.0418,738.9155,1.0994,139.4673,634.4227,56.919,4.569,4.839,2863.0,0.9297,-4.0109,351.9936,10.3217,120.0309,6.4257,24.0109,29.7124,709.2031,156.8291,628.8536,170.2767,-0.0155,-0.0265,0.0483,-0.0058,-0.0269,-0.0064,0.0195,7.2598,0.1334,0.9899,1819.2784,0.196,8374.33,0.0568,0.0019,-0.0509,-0.0513,0.4588,0.9417,732.9829,0.9867000000000001,55.9929,0.6071,0.9634,6.4909,15.77,6.442,15.81,15.77,1.617,1.006,3.204,-1.608,0.5812,2.2631,1009.36,105.0,174.8,203.9,59.5,390.657,0.0802,0.0685,0.0494,0.053,0.0127,7.9128,4.087,11.559,0.0065,0.22,0.016,2060.5,17919.5,0.158,0.101,0.204,2.6,0.257,0.482,0.1102,0.615,0.2654,0.7753,0.597,0.1151,14.625,18.39,22.671,0.732,11.5,7.94,30.855,58.3,0.075,0.045,0.0201,0.054,0.0633,0.091,0.0947,0.0898,5.6471,0.0553,0.0014,123.1672,0.0333,1697.2002,0.0139,0.0157,0.0469,0.0268,168.7849,2.2475,0.0394,0.5351,0.0711,3.3787,29.2712,63.3853,66.6365,0.0241,3.0041,0.0219,1.3741,0.0582,0.005,912.5788,247.5978,2456.9666,8906.7132,0.0731,0.047,0.0953,0.7778,0.0535,0.0808,0.188,0.0419,0.0748,6.0738,0.2049,10.2206,0.0376,4.4563,5.9882,8.2463,0.2019,2.1013,1.9443,9.9488,20.5948,0.018,0.0185,0.0083,0.0232,0.0186,0.0441,0.0449,0.0409,1.9626,0.0181,0.0005,51.0207,0.0101,590.4382,0.0117,0.0074,54.7184,0.7251,0.0124,0.1804,0.0231,5.0431,1.19,4.8256,5.9156,8.4509,2.74,37.9852,10.1536,4.7509,45.2247,2.7748,0.6614,1.754,1.1296,106.4713,694.8481,12.1096,5.05,2.8017,3.5246,127.49480000000001,130.7339,7.3825,0.5779,1.3168,0.9499,0.128,5.6168,9.0738,4.4465,10.4682,10.6208,2.8987,39.8303,6.8651,7.0918,14.0714,178.9685,4.3507,22.9374,34.2384,482.3151,0.0,111.8012,0.0,337.9759,0.0,459.9232,77.7853,1.3491,2.3206,0.1373,6.7701,16.9908,678.9189,41.8933,0.0,10.2201,2.8497,23.0271,0.25379999999999997,4.0139,8.2437,3.1414,9.1125,71.532,15.43,0.76,6.7947,0.293,58.9291,3.8367,1.0625,0.3869,0.0813,38.7536,8.8,0.1023,3.9707,0.0445,3.5138,12.7811,532.0973,2.1448,9.6,0.497,3.3367,0.1443,1.8042,23.1735,0.0129,2.5625,0.0118,0.0095,80.9167
-1.0,2986.28,2200.9889,1.383,100.18,1.5794,-0.0034,-0.0127,202.7922,6.1691,396.617,0.9712,192.9885,12.5449,1.4112,-3170.75,-2670.0,1.2837,1.9955,7.2168,65.0778,2.8,0.2299,85.7132,9.0606,64.0248,66.94045000000003,86.8551,63.93999999999998,4.498,351.9809,132.2118,724.3619,1.3774,146.55,630.7427,220.2995,4.6,4.871,2842.0,0.9346,1.4727,350.9573,10.4402,113.6845,20.1872,18.5273,28.6558,695.7061,145.9136,610.5555,120.6578,0.0096,-0.0502,0.0523,0.0112,0.0008,-0.0175,-0.0175,7.1937,0.1313,0.9878,1795.1763,0.1469,8765.07,-0.1388,0.053,0.0554,-0.1955,0.462,0.9303,720.5147,0.9907,57.2119,0.5993,0.9803,6.2897,15.89,3.365,15.92,15.89,0.9318,0.593,3.269,-0.4258,0.7965,2.2805,1009.8612,122.0,69.6,60.1,56.7,252.891,0.116,0.1768,0.0459,0.0606,0.0118,8.0263,2.037,13.428,0.0078,0.25,0.0395,666.0,4658.0,0.086,0.164,0.263,2.3,0.521,0.7854,0.0753,0.801,0.3907,0.7315,0.433,0.1325,8.72,11.51,70.282,0.172,16.82,6.55,31.075,106.56,0.0501,0.0556,0.0444,0.0367,0.0523,0.091,0.1124,0.083,4.3926,0.0344,0.0011,73.4838,0.0139,673.5,0.0295,0.0254,0.0436,0.0396,72.1931,3.8453,0.0382,0.5429,0.0497,5.7282,29.8997,23.7722,22.6556,0.0363,2.1694,0.0623,0.5698,0.0644,0.0123,287.5348,562.8794,280.9488,2347.7572,0.0472,0.0693,0.1212,0.8028,0.055,0.1692,0.28,0.0331,0.0725,4.5335,0.1466,8.4197,0.0364,2.8732,3.6413,21.7871,0.0543,1.8876,2.0169,10.1016,37.8199,0.016,0.0258,0.0193,0.016,0.0144,0.0448,0.0617,0.0378,1.2208,0.0112,0.0004,22.2955,0.0042,228.1775,0.0133,0.0119,25.1056,1.2262,0.0111,0.1811,0.0148,10.2196,1.7007,5.6436,2.3307,2.4198,2.5761,23.9815,8.386,11.1943,33.0195,3.3856,0.7991,1.9928,2.7983,21.2883,174.4569,6.6991,8.2185,3.6443,3.5342,57.1429,71.7738,15.2557,0.9163,0.8313,1.2511,0.2356,3.8866,4.3264,3.7017,9.6187,5.9502,1.8248,31.9029,6.1318,1.6475,8.8315,83.32,4.4667,13.5062,88.3159,520.0692,273.5547,70.2056,466.9643,0.0,642.2857,475.6447,61.0612,3.0457,1.4158,0.107,4.0934,9.456,814.1026,42.9119,659.6491,9.4361,4.2568,10.0197,0.1867,6.7211,8.6322,2.1814,13.2122,73.546,16.23,0.87,7.0941,0.3417,15.604,4.0671,1.1829,0.1593,0.0457,15.9183,6.405145442260541,0.1476824957784699,2.5267411511398956,0.06189539000008239,2.4554422164106366,21.917892984804514,532.4618,2.2425,10.27,0.4006,3.5201,0.1282,1.9288,17.8615,0.0114,2.2966,0.0368,0.0146,39.6224
-1.0,3111.64,2206.5777,1.3316,100.6189,1.4706,0.0152,-0.0055,195.4287,11.4383,420.3629,0.9822,185.6901,12.539,1.3875,-4040.25,1336.25,0.9875,1.8785,5.1145,65.7,3.0,0.2007,86.0222,9.2016,64.0447,66.94045000000003,86.8786,76.88,2.483,352.2636,138.49,733.772,1.2919,145.8891,636.6427,229.9233,4.592,4.871,2852.0,0.9301,-1.2427,352.6409,10.3441,117.2473,20.5354,21.2427,32.4053,701.3667,146.2191,616.1073,125.2187,0.0094,0.0064,-0.0141,-0.0116,-0.0068,-0.0222,0.1,6.4788,0.1397,0.9691,1773.4371,0.1884,8843.47,-0.0141,0.0065,0.0205,-0.0727,0.4631,0.9398,754.409,0.9908,59.1449,0.5945,0.9799,6.2957,15.92,3.751,15.95,15.9,0.9649,0.6097,3.11,-1.135,0.8391,2.2588,1007.7856,120.0,219.7,220.5,50.3999,152.272,0.1099,0.0966,0.0445,0.0426,0.0082,10.7605,11.176,4.979,0.0045,0.28,0.0808,479.0,213.0,0.057,0.074,0.189,2.7,0.181,0.7804,0.1175,0.717,0.3938,0.7503,0.287,0.121,5.98,18.66,33.068,0.996,19.97,5.75,33.094,125.385,0.0784,0.0498,0.0314,0.0559,0.1178,0.0722,0.0793,0.0227,4.6113,0.0335,0.0041,113.1661,0.0423,617.0996,0.022,0.0164,0.0498,0.045,83.368,3.9912,0.0377,0.5204,0.0372,3.9854,30.132,72.5073,69.7519,0.0356,1.6088,0.0314,3.4518,0.0687,0.0304,200.0573,213.6046,832.7242,95.4791,0.0243,0.0305,0.0907,0.9747,0.023,0.0619,0.3028,0.0548,0.0715,5.4705,0.0912,9.1965,0.0392,1.8022,5.3513,9.1161,0.2803,1.8876,2.0318,10.1784,41.6247,0.0234,0.023,0.0156,0.0248,0.0323,0.0389,0.0424,0.0102,1.4161,0.0114,0.0016,39.4513,0.0108,167.832,0.0103,0.0144,22.291,1.1568,0.0138,0.183,0.0126,7.2235,1.3824,5.3739,7.0606,9.2366,2.2841,15.5573,8.2539,6.5689,97.7071,1.1845,0.4547,2.233,5.8219,48.6604,15.9401,5.7722,3.9393,3.6954,4.1096,30.0,25.9136,3.8806,0.9072,1.2773,1.1195,0.2709,5.1581,9.488,4.0684,9.3676,4.099,2.931,14.3822,6.475,9.6287,14.0216,97.2466,4.7185,34.5633,100.1328,832.9349,0.0,395.053,0.0,0.0,357.2072,22.7057,71.1748,1.5746,1.3869,0.423,6.3812,22.4301,357.0392,35.272,0.0,10.7544,4.7914,11.0508,0.1314,6.7481,8.2654,1.6486,11.1223,73.546,16.23,0.87,7.0941,0.3417,15.604,4.0671,1.1829,0.1576,0.036,15.8427,6.345786891125425,0.13495012191586372,2.6683784831419874,0.05678248732112226,2.431214707415668,20.331363597343618,530.9809,2.3259,9.94,0.2182,3.2617,0.0779,1.872,9.3821,0.0081,1.6376,0.0186,0.0095,51.2287
-1.0,3093.57,2210.2778,1.07,95.1089,1.3527,0.0198,0.0076,202.0896,10.8264,417.3761,0.969,192.249,12.5106,1.4233,-3605.75,63.0,1.2865,1.991,7.2323,72.2667,2.4222,0.1994,85.5485,8.8548,63.7216,65.9589,86.8657,81.13,3.206,356.7445,126.7818,722.5029,1.3935,141.9791,625.5055,222.7892,4.603,4.804,2867.0,0.9298,2.4845,356.5209,10.5171,109.2664,12.7364,17.5155,23.3895,699.1135,146.9818,612.7691,98.3242,-0.0255,0.0051,0.0527,0.0141,0.0095,-0.0115,-0.0249,6.7822,0.1299,0.9895,1762.8318,0.2012,8562.85,-0.048,-0.0019,0.0238,-0.1376,0.463,0.9297,715.3448,0.9867000000000001,55.7894,0.5913,0.9677,6.2245,15.92,3.751,15.95,15.9,0.9649,0.6097,3.11,-1.135,0.8391,2.2588,1007.7856,138.0,76.1,112.2,87.1003,489.505,0.5996,0.105,0.0583,0.0466,0.0118,8.5228,6.327,3.166,0.0088,0.23,0.0556,961.0,2745.0,0.138,0.089,0.069,4.3,0.504,0.5905,0.1041,0.4883,0.3549,0.9775,0.352,0.1181,4.59,16.22,30.231,0.563,23.84,5.97,35.423,69.107,0.0536,0.0519,0.0685,0.0333,0.0515,0.0723,0.0931,0.0638,5.6662,0.0481,0.0017,133.4491,0.0654,922.2998,0.0234,0.0102,0.0175,0.0203,88.0108,3.4003,0.0299,0.2736,0.0372,3.9854,33.5026,27.2031,36.9956,0.2221,2.1099,0.0376,2.0787,0.06,0.0179,396.1793,299.0255,382.5732,1188.0732,0.0647,0.0508,0.0348,1.3238,0.0632,0.1988,0.2401,0.0478,0.1079,5.2121,0.1067,8.34,0.0393,1.4866,5.1298,11.587,0.1589,1.8836,3.6763,10.7423,25.5882,0.013,0.0228,0.0298,0.0142,0.0135,0.0351,0.0525,0.0344,1.7008,0.0178,0.0006,40.0775,0.0201,285.1358,0.0057,0.007,26.0104,0.9613,0.0103,0.0974,0.0126,7.2235,1.3824,6.252,2.4599,4.5019,3.906427332733898,23.0836,56.0401,7.7622,58.4407,0.7586,0.9037,1.8384,3.9057,24.6828,0.0,10.7268,4.4701,0.9541,5.9502,45.4128,112.312,14.9363,0.6903,1.1755,0.7663,0.1459,4.5355,5.2847,3.4472,8.4763,3.2329,2.5931,13.5693,6.3156,5.3532,7.9988,187.1799,5.0669,31.6006,70.2849,210.0416,449.3506,63.2479,366.3851,759.0551,811.329,256.2249,83.545,2.6176,1.9476,0.1689,7.5702,32.5256,343.5789,27.2646,0.0,3.7694,2.1878,12.3033,0.25379999999999997,6.0948,4.3954,1.6486,11.1223,76.37569319897756,17.228300460184936,1.242954437522478,7.8751700767428305,0.5176528462861651,55.68984561116037,4.281953460828412,1.6201313075371269,0.3928,0.0646,40.2051,4.98,0.0877,2.0902,0.0382,1.8844,15.4662,530.5682,2.1417,10.87,0.4214,3.7567,0.1085,2.0487,19.6759,0.0112,2.2451,0.0134,0.0121,90.4575
-1.0,2980.66,2200.9889,1.383,100.18,1.3713,0.0102,0.0058,192.5209,7.9153,413.656,0.9809,182.9617,12.5449,1.4094,-3488.25,2211.3333,1.2935,1.9973,7.2755,63.0333,2.5111,0.203,84.0397,9.1287,64.215,66.921,86.8827,78.52,2.666,350.5345,134.1109,726.0629,1.3433,148.0418,632.6873,218.4019,4.601,4.853,2846.0,0.9348,0.79,349.9518,10.4594,114.9009,19.8237,19.21,29.7545,696.3084,148.0109,612.8636,90.7516,-0.013,-0.0138,0.0548,0.0289,-0.0052,-0.0325,-0.0356,7.5303,0.1404,0.9878,1807.7746,0.218,9427.2601,-0.0447,0.0121,0.0749,-0.0717,0.4635,0.9398,838.093,0.9867000000000001,56.0791,0.601,0.9799,6.1502,15.92,3.751,15.95,15.9,0.9649,0.6097,3.11,-1.135,0.8391,2.2588,1007.7856,200.0,86.0,114.6,56.7,252.891,0.116,0.2062,0.0503,0.0644,0.0066,11.6868,5.642,16.621,0.0049,0.25,0.043,461.0,17919.5,0.075,0.056,0.166,1.8,0.48,0.686,0.0089,0.5708,0.3275,0.7906,0.291,0.0894,5.48,14.23,41.593,0.253,14.8,2.79,28.971,123.325,0.0669,0.0484,0.12045,0.0222,0.0711,0.1202,0.063,0.0403,2.751,0.0849,0.002,142.2002,0.1254,679.5,0.0207,0.0209,0.0597,0.017,62.9638,2.2767,0.0181,0.5672,0.0372,3.9854,45.32809999999999,28.9289,36.2777,0.0363,2.1694,0.0777,1.7447,0.0644,0.0175,211.6711,115.5981,1065.3448,8994.62525,0.0326,0.0248,0.0782,0.5523,0.0608,0.1567,0.2598,0.0034,0.119,4.423,0.0738,8.9656,0.0295,1.8356,4.1827,14.4983,0.0652,0.7281,1.0897,9.2673,36.2081,0.0168,0.0233,0.055099999999999996,0.0097,0.0192,0.0654,0.0306,0.0182,1.1022,0.0253,0.0006,41.037,0.0374,220.9208,0.0158,0.0056,20.1195,0.7843,0.0068,0.1845,0.0126,7.2235,1.3824,9.053150000000002,2.8853,4.7021,2.5761,23.9815,8.386,15.0363,71.2799,4.0181,0.498,1.9928,3.0487,73.9339,0.0,5.7982,2.8039,2.2816,2.8556,63.7168,91.133,13.9553,0.8163,0.0974,0.8889,0.1964,4.1337,5.8012,3.9077,6.6521,3.7017,2.2491,19.0442,5.5382,2.4189,6.2576,74.6582,4.1607,32.0514,135.8929,515.8554,0.0,40.5294,246.074,0.0,193.6972,113.2022,36.5331,1.5671,3.5701,0.2024,7.866,63.31987047269746,950.0,17.0758,0.0,12.8858,1.8067,7.5127,0.25379999999999997,4.0597,9.2231,1.6486,11.1223,73.888,16.77,1.02,8.4993,0.4438,44.8325,4.0765,1.3805,0.1042,0.0297,10.8507,5.68,0.2082,2.2561,0.0753,2.2699,26.1688,532.8227,2.3242,11.76,0.2441,4.0477,0.0697,2.2071,10.5023,0.0117,2.3514,0.0134,0.0121,90.4575
-1.0,3184.83,2189.9667,0.8662,102.3622,1.4526,-0.0175,-0.0028,196.1425,9.3415,410.2175,0.9753,186.0193,12.551,1.4074,-3916.25,-373.75,1.3075,1.9863,7.2942,69.3,2.5889,0.2012,85.3967,8.7635,64.0427,66.2762,86.5136,81.43,2.594,349.3891,136.2736,721.5574,1.2889,138.1091,623.7718,170.2711,4.554,4.799,2845.0,0.932,-2.4345,346.8973,10.3694,113.8391,14.9827,22.4345,29.627,691.9304,148.0527,608.7891,91.1894,-0.011,0.0765,0.0645,-0.0028,-0.0164,-0.0191,0.0216,7.632,0.1296,0.9895,1787.8948,0.16,8578.7599,-0.0172,-0.0316,-0.026,-0.0486,0.45315786427777005,0.9554,730.2048,0.9912,60.4792,0.598,0.9805,6.2018,15.8,5.952,15.86,15.8,1.834,0.9565,2.6019999999999994,-1.797,0.5662,2.2616,1014.2889,60.0,184.4,122.6,55.5,471.6931,0.0513,0.1028,0.0252,0.0595,0.0151,11.2018,5.747,11.589,0.0106,0.27,0.0353,649.0,2212.0,0.133,0.106,0.274,2.4,0.359,0.6023,0.2033,0.5658,0.3113,0.8636,0.834,0.1733,5.9,18.65,91.888,0.29,22.48,12.64,33.581,94.186,0.0871,0.0491,0.0465,0.0273,0.0361,0.1298,0.1179,0.0468,2.4357,0.0404,0.0017,90.6481,0.023,980.5996,0.0153,0.0095,0.050636903174496234,0.0354,113.548,3.1878,0.031,0.3262,0.0777,2.0038,17.3974,53.3461,37.7701,0.0158,2.1559,0.0392,1.684,0.0805,0.012,271.1562,126.3365,314.9999,1027.1723,0.0615,0.0461,0.1309,0.8441,0.0483,0.1062,0.2201,0.0761,0.0909,7.6774,0.2531,6.8312,0.0525,1.8636,5.9159,32.2178,0.0888,3.7688,4.5013,10.0958,27.2316,0.0203,0.0203,0.0231,0.0113,0.0103,0.0613,0.0592,0.025,0.7883,0.0133,0.0006,30.8008,0.008,377.9163,0.015734726368356135,0.0112,38.9354,0.833,0.0124,0.1034,0.0255,5.4576,0.6343,2.7378,5.7899,5.1075,2.5343,45.0682,5.928,7.077,61.5215,2.8251,1.0896,2.1512,2.5104,16.955,591.8395,10.1721,5.3367,3.7564,3.4632,61.8026,66.0961,10.6444,0.7053,2.3197,0.8835,0.413,6.1278,6.9859,3.4154,13.4485,4.272,2.9899,53.9657,4.801,2.7967,6.4301,150.0396,4.8532,11.5614,103.2862,788.9493,343.958,42.2928,0.0,791.4634,618.0865,216.6667,31.9139,2.9313,1.7169,0.1705,5.0701,14.3499,730.7692,52.6708,0.0,11.949439426302485,3.7001,15.5502,0.0885,5.2709,5.2599,3.4346,5.1552,72.284,16.45,1.27,7.3531,0.6016,89.1129,4.1932,1.757,0.3069,0.0746,32.1567,4.98,0.0877,2.0902,0.0382,1.8844,15.4662,526.6064,1.9339,10.04,0.3092,3.3601,0.0893,1.9065,15.9889,0.0114,2.2849,0.028,0.0078,27.7601
-1.0,2998.01,2189.9667,0.8662,102.3622,1.3952,-0.0198,0.0026,203.0516,10.4533,412.0628,0.9732,192.9439,12.551,1.4052,-3970.75,-1047.5,1.312,1.974,7.2445,67.6333,2.1556,0.1756,85.3967,8.7635,64.0427,66.2762,86.5136,81.43,2.594,348.8227,133.2891,718.5383,1.3101,140.8018,622.9136,177.6407,4.554,4.799,2845.0,0.932,-1.4027,346.6318,10.4326,111.8864,15.4681,21.4027,28.4909,690.0474,148.9273,607.4455,99.6546,-0.0225,-0.0289,0.0771,0.002,-0.0209,-0.0073,0.0374,7.481,0.1174,0.9926,1855.0722,0.1666,8295.28,0.0442,-0.0009,-0.0287,0.0509,0.44142927853594727,0.9472,705.8754,0.9867000000000001,55.696299999999994,0.5968,0.9805,6.1812,15.8,5.952,15.86,15.8,1.834,0.9565,2.6019999999999994,-1.797,0.5662,2.2616,1014.2889,100.0,223.8,221.4,55.5,471.6931,0.0513,0.0731,0.0388,0.0518,0.0165,8.172,5.128,11.133,0.0142,0.27,0.0477,410.0,3311.0,0.077,0.111,0.09,1.8,0.612,0.6023,0.2033,0.5658,0.3113,0.8636,0.71,0.143,4.97,16.13,77.228,0.261,20.77,8.79,31.476,73.136,0.0702,0.0671,0.0455,0.0196,0.0475,0.105,0.1142,0.0727,2.944,0.1033,0.0009,70.8942,0.0353,1391.0,0.0115,0.0112,0.051722519287553004,0.0303,158.9799,1.6098,0.0149,0.2873,0.0777,2.0038,27.0458,70.4909,70.9617,0.0158,2.1559,0.0267,1.9837,0.0805,0.0154,174.9788,176.1865,1335.0299,1546.1937,0.0351,0.0466,0.0411,0.5937,0.0508,0.1908,0.2201,0.0761,0.0909,5.4441,0.2345,7.3783,0.0486,1.5551,5.0585,22.7641,0.0829,2.9035,3.4501,9.9458,18.8647,0.0184,0.0276,0.0194,0.0083,0.0133,0.0518,0.0578,0.0391,1.1959,0.0326,0.0003,24.0877,0.011,461.7032,0.01351770832601043,0.0122,55.4265,0.5466,0.006,0.0898,0.0255,5.4576,0.6343,4.5476,7.465,8.9282,2.5343,45.0682,5.928,5.2393,49.0564,2.7018,1.4588,2.1512,3.3931,68.3498,316.0859,5.8689,5.6231,1.2423,2.6614,60.3093,95.1266,17.7546,0.7053,2.3197,0.8835,0.413,4.9538,6.2046,3.5845,10.9119,3.5298,2.5894,43.4743,4.801,2.5018,6.3279,134.2759,4.5614,13.0573,73.3895,311.7402,0.0,25.4215,0.0,502.3923,0.0,194.385,39.3528,1.2778,4.1955,0.086,3.8216,21.19,300.6711,30.9051,0.0,11.959662047695886,3.1976,22.5224,0.25379999999999997,2.9091,4.6484,3.4346,5.1552,71.992,18.14,1.33,7.9287,0.5394,73.8213,4.6136,1.8474,0.4087,0.0973,41.1198,8.9,0.2487,3.1931,0.0984,3.3129,38.05341532073962,528.0491,1.9226,8.68,0.3804,2.9407,0.1008,1.6438,19.7842,0.0115,2.3185,0.028,0.0078,27.7601
-1.0,2973.56,2189.9667,0.8662,102.3622,1.3885,-0.0096,-0.0038,193.9771,9.4738,407.3688,0.9758,183.8118,12.551,1.3922,-3921.0,-254.25,1.3082,2.036,7.2477,69.8667,2.6889,0.2172,85.3967,8.7635,64.0427,66.2762,86.5136,81.43,2.594,351.82,139.8727,731.4563,0.879,134.3309,626.0236,124.8543,4.593,4.873,2845.0,0.9317,-4.5936,350.5755,10.4475,115.2791,12.2827,24.5936,29.8709,701.5854,147.8864,613.7409,97.5551,-0.0163,-0.0155,0.0691,-0.0052,-0.0221,-0.003,0.0313,8.0946,0.1185,0.9929,1876.179,0.1692,8272.7,0.013,-0.0521,-0.036,-0.027,0.46576291610344445,0.9235,692.5674,0.9867000000000001,55.696299999999994,0.5977,0.9648,6.3116,15.8,5.952,15.86,15.8,1.834,0.9565,2.6019999999999994,-1.797,0.5662,2.2616,1014.2889,111.0,213.4,208.5,55.5,471.6931,0.0513,0.11,0.0376,0.0402,0.0137,11.0182,6.331,7.856,0.0102,0.27,0.0546,1292.0,1620.0,0.116,0.05,0.192,1.5,0.506,0.6023,0.2033,0.5658,0.3113,0.8636,0.431,0.1125,7.38,18.16,21.26,0.39,21.31,3.91,32.3391,62.197,0.0698,0.0592,0.0135,0.0199,0.0319,0.0963,0.1308,0.0357,2.6917,0.1033,0.0013,100.511,0.1026,649.4004,0.0098,0.0159,0.05695279770460282,0.0182,69.3732,1.6022,0.0205,0.2723,0.0777,2.0038,28.2849,67.0025,72.2468,0.0158,2.1559,0.046,1.7513,0.0805,0.0178,564.0705,195.211,969.9261,857.5618,0.0602,0.0238,0.0879,0.5408,0.0345,0.1725,0.2201,0.0761,0.0909,6.1794,0.1571,9.6453,0.0332,2.0004,6.0436,6.3318,0.1106,1.1606,2.1856,10.5351,19.6913,0.0181,0.0259,0.006,0.0088,0.0098,0.0528,0.0629,0.0156,0.9463,0.0326,0.0004,30.6243,0.0291,203.7661,0.013163689565171678,0.0053,19.3901,0.5064,0.0078,0.0783,0.0255,5.4576,0.6343,5.0263,7.1766,8.2194,2.5343,45.0682,5.928,7.9221,66.8263,1.9285,1.0448,2.1512,3.9225,54.4249,637.1681,8.8668,2.4558,2.6491,2.1469,22.314,58.9258,14.8649,0.7053,2.3197,0.8835,0.413,5.6279,10.5525,4.3191,12.7944,5.4939,2.9008,17.0279,6.3731,3.733,12.4827,173.4964,4.6094,13.97,63.7558,428.0567,0.0,28.8093,617.1705,435.2542,0.0,114.0575,33.2535,1.1818,4.1955,0.1351,5.3572,60.666,652.3077,45.1193,500.0,12.697689888584005,1.9749,10.0168,0.25379999999999997,2.913,4.3137,3.4346,5.1552,72.378,22.64,0.85,10.2767,0.39,102.7326,5.5813,1.1744,0.4087,0.0973,41.1198,4.98,0.0877,2.0902,0.0382,1.8844,15.4662,533.2855,2.0362,6.32,0.2679,2.0635,0.0922,1.1851,13.1553,0.0092,1.8531,0.028,0.0078,27.7601
-1.0,3221.21,2189.9667,0.8662,102.3622,1.4756,-0.0025,0.0025,203.1667,9.0615,405.7719,0.9731,193.0517,12.551,1.3912,-3170.0,-186.75,1.328,2.014,7.4168,67.8111,2.4889,0.2013,85.3967,8.7635,64.0427,66.2762,86.5136,81.43,2.594,349.05,131.8745,716.7507,1.3229,140.4109,621.3355,165.2038,4.554,4.799,2845.0,0.932,-0.3309,346.3145,10.4328,111.5436,14.2691,20.3309,27.3211,689.4296,149.2082,607.0664,108.5638,-0.0052,0.0815,0.0605,-0.0005,-0.025,-0.0265,0.0358,8.2529,0.131,0.988,1879.8625,0.1626,7936.6601,-0.036,-0.0474,-0.029,-0.0756,0.45750547559111077,0.9554,714.6349,0.9901,61.2828,0.6016,0.9809,6.1983,15.8,5.952,15.86,15.8,1.834,0.9565,2.6019999999999994,-1.797,0.5662,2.2616,1014.2889,60.0,96.4,118.1,55.5,471.6931,0.0513,0.0803,0.0339,0.052,0.0163,8.0575,5.251,9.954,0.0127,0.27,0.0342,778.0,1809.0,0.175,0.12,0.336,1.2,0.464,0.6023,0.2033,0.5658,0.3113,0.8636,0.646,0.1224,7.77,17.16,74.738,0.116,17.71,10.02,29.038,65.824,0.0768,0.0434,0.059,0.025,0.0559,0.0731,0.15199999999999997,0.0288,1.9129,0.0443,0.0021,136.7562,0.0437,664.3003,0.0149,0.0128,0.048572194501162624,0.0181,62.0256,4.2339,0.0279,0.2952,0.0777,2.0038,17.3974,28.085,35.7175,0.0158,2.1559,0.0279,1.6454,0.0805,0.0104,330.3376,110.2251,843.5467,742.9699,0.0805,0.0533,0.1378,0.3822,0.0381,0.1498,0.2201,0.0761,0.0909,5.7652,0.2115,7.1902,0.0328,2.0951,5.0738,25.0497,0.0348,2.7574,3.5584,9.0835,22.0283,0.0169,0.0197,0.028,0.0114,0.0155,0.0396,0.0789,0.0131,0.6987,0.014,0.0007,40.8596,0.0148,190.7772,0.011411209049595134,0.0067,17.7643,1.229,0.0095,0.0964,0.0255,5.4576,0.6343,2.7378,2.9927,4.9389,2.5343,45.0682,5.928,5.4418,57.9488,2.4531,1.3047,2.1512,2.4583,46.3407,878.8110999999999,13.1777,5.9583,4.5303,1.7696,48.2143,54.6358,13.6605,0.7053,2.3197,0.8835,0.413,5.6983,7.2038,3.6174,9.2554,5.5338,2.7618,45.2399,4.801,1.1119,4.6081,124.114,4.2119,14.6788,60.6316,0.0,320.2952,41.3223,0.0,291.8164,689.9152,80.3908,23.178,2.2136,1.8677,0.2146,7.2748,26.8958,0.0,42.4178,0.0,11.599533445507888,1.8947,8.6793,0.1886,6.9087,4.7632,3.4346,5.1552,72.75,20.34,1.49,8.9745,0.5633,128.5104,5.1911,2.0481,0.4087,0.0973,41.1198,4.98,0.0877,2.0902,0.0382,1.8844,15.4662,533.2855,2.0362,6.32,0.2679,2.0635,0.0922,1.1851,13.1553,0.0123,2.486,0.028,0.0078,27.7601
-1.0,3000.38,2191.1333,1.1569,89.7222,1.5947,0.0143,-0.0064,193.561,8.7044,404.9775,0.9728,184.1189,12.4692,1.3953,-5062.5,370.0,1.2728,1.985,7.2978,66.0111,2.8,0.2234,84.4061,8.6772,64.2376,66.2913,86.259,79.86,2.936,353.3673,124.8191,717.0695,1.3878,145.3973,623.5836,197.0388,4.602,4.845,2839.0,0.9315,2.6718,351.0264,10.6601,107.4909,14.0936,17.3282,23.9846,693.0849,150.9727,609.49,121.0255,-0.0019,-0.0418,0.0352,-0.0111,-0.029,-0.0263,-0.0021,7.1501,0.1338,0.9904,1803.6992,0.2009,8278.6099,-0.0557,-0.013,0.0635,0.0635,0.4599,0.9586,729.4918,0.9906,59.3171,0.6052,0.9629,6.2005,15.8,5.952,15.86,15.8,1.834,0.9565,2.6019999999999994,-1.797,0.5662,2.2616,1014.2889,101.0,86.3,62.6,64.7,387.6471,0.5405,0.23175000000000004,0.0608,0.0635,0.017,11.1694,5.962,8.393,0.0095,0.4,0.0698,403.0,1150.0,0.174,0.044,0.056,2.6,0.369,0.7637,0.1244,0.6178,0.3916,0.8015,0.265,0.1427,4.67,19.87,44.311,0.267,19.89,3.34,29.594,79.496,0.0721,0.0419,0.0306,0.0175,0.0945,0.0825,0.0696,0.0315,6.211,0.0349,0.0007,111.1445,0.0228,797.0,0.0117,0.0139,0.0248,0.0203,103.0936,4.7377,0.0329,0.2623,0.0777,2.0038,29.679,26.2064,19.0938,0.1785,1.3399,0.08085,2.0072,0.117,0.0237,178.8081,224.5952,2222.7236,532.1159,0.0796,0.02,0.0251,0.9584,0.0311,0.1171,0.2849,0.0543,0.078,5.764,0.068,8.3691,0.047,1.305,5.8887,14.1016,0.0801,0.9704,2.1366,9.3082,21.5025,0.0213,0.0172,0.0138,0.0077,0.026,0.04,0.0365,0.013,2.0932,0.0139,0.0003,33.9439,0.0086,241.3015,0.0064,0.0058,32.5813,1.3186,0.0112,0.0902,0.0255,5.4576,0.6343,4.6378,2.8763,2.4141,2.9528,17.6391,46.7235,15.3823,68.4944,2.0725,0.9771,3.2079,5.0046,90.7259,310.8108,13.6712,2.2166,0.7674,3.9387,39.2857,43.4112,10.7465,0.9048,1.4339,0.9617,0.3771,5.2778,3.6613,3.6617,10.2859,3.2119,3.1864,22.4885,9.842500000000001,2.5047,5.7679,141.1279,4.2699,13.0975,65.6854,0.0,618.59025,49.7512,852.7919,284.2377,265.1429,0.0,86.8663,1.1959,1.4469,0.0731,6.162,11.3336,137.0302,36.534,0.0,5.3937,2.12,14.1323,0.12,7.987,4.2303,3.4346,5.1552,72.966,20.71,1.17,9.3713,0.4964,13.1623,5.2501,1.6035,0.4266,0.0962,45.2871,4.88,0.3378481311764915,2.0274,0.1352392452747727,1.8307,38.05341532073962,535.1345,2.1394,5.73,0.3258,2.0931,0.0953,1.0708,15.2286,0.0147,2.9498,0.028,0.0078,27.7601
-1.0,2964.63,2198.7899565829366,2.5534,98.16579752164618,1.4646,0.0021,0.0059,201.8533,9.2058,404.0754,0.9791,191.9941,12.285800000000002,1.4187,-3656.5,2035.75,1.2757,2.0035,7.317,73.9333,2.2444,0.1641,86.1155,8.5801,64.0748,65.8602,86.9331,79.31,3.331,353.1473,128.1473,722.0483,1.3942,144.7127,626.0073,223.5914,4.571,4.806,2858.0,0.9329,4.9845,351.4382,10.6068,113.1318,13.7063,16.733,19.2998,702.7485,149.1236,613.6936,121.9387,-0.0119,0.057,0.065,-0.0022,-0.0015,-0.0482,-0.0073,6.676,0.1322,0.9899,1904.1041,0.1969,8770.29,0.0,0.0,0.0,0.0,0.4622,0.9631,760.078,0.9913,58.1265,0.5975,0.98,6.3777,15.75,6.355,15.81,15.71,1.763,0.9902,2.939,-2.9329,0.5638,2.2564,1013.7167,122.0,229.5,109.1,56.74271986344185,460.140454981405,1.0612,0.1253,0.0405,0.0409,0.009,8.0715,9.158,6.765,0.0067,0.66,0.1246,470.0,17919.5,0.104,0.113,0.234,2.2,0.262,0.7151,0.0325,0.6629,0.2843,0.9018,0.442,0.1543,5.43,21.11,53.633,0.626,20.11,3.66,37.268,28.641,0.1232,0.0639,0.0624,0.0578,0.08,0.0921,0.0388,0.0231,3.7384,0.0348,0.0015,97.2461,0.0328,740.0,0.0174,0.0137,0.0422,0.009,89.4229,1.6795,0.0374,0.2726,0.0743,2.8994,30.1757,66.5143,44.7405,0.36060000000000003,1.9976535443819086,0.0422,2.7798,0.174,0.0343,192.377,168.4567,596.4084,8994.62525,0.049,0.0522,0.1057,0.6225,0.0245,0.0882,0.2643,0.0133,0.0898,5.7709,0.1311,9.6255,0.0424,1.6319,6.4478,14.5548,0.1756,1.2995,6.425799999999999,12.6274,9.2303,0.0357,0.0265,0.0277,0.0278,0.0246,0.0449,0.0163,0.0116,1.2552,0.0128,0.0005,30.0595,0.0103,214.5806,0.0097,0.0034,25.1235,0.5107,0.0142,0.0948,0.0251,5.0797,0.8713,5.5014,7.7413,4.3732,2.579168787220273,28.32851475245306,33.9653826849966,8.5553,99.4806,1.6742,0.6837,5.4411,8.781,38.3153,0.0,8.1521,5.6401,3.198,2.9757,26.7327,54.8409,7.6013,0.8304,0.379,1.0346,0.203,5.0149,14.7877,4.4969,11.0697,3.7523,3.3722,23.9871,6.5179,5.9019,17.537999999999997,146.7209,5.3032,19.9339,23.488,0.0,618.59025,88.8889,0.0,0.0,80.5397,315.3584,55.9982,1.4369,1.4536,0.1525,5.1072,16.6665,0.0,49.6063,597.7011,9.1365,0.9363,11.765,0.0599,2.8894,4.2739,3.2931,6.6013,73.66948214808806,17.07438109515741,1.1678943215601045,7.363021520714866,0.532381309298853,58.58217248416144,4.243396768755402,1.5919720352045654,0.1459,0.0398,14.896,6.95,0.284,2.9318,0.1094,2.7871,34.8743,536.4418,2.3416,6.66,0.3509,2.3039,0.1026,1.2415,14.985,0.0128,2.5549,0.028,0.0078,27.7601
-1.0,2990.58,2194.3778,0.7588,100.1833,1.5865,-0.0199,0.0021,198.7128,8.3273,398.6959,0.975,188.4873,12.5682,1.3902,-2090.75,-7175.24995,1.2945,2.0017,7.2617,73.2333,2.0,0.1613,86.238,8.287,64.1468,66.3076,86.9546,80.14,3.088,353.3309,139.76,734.1837,1.2634,138.27,631.3609,208.2585,4.569,4.826,2851.0,0.9304,-3.4445,353.2018,10.4087,116.3155,15.4964,23.4445,31.3396,702.8441,146.3473,615.8645,97.6024,-0.0246,-0.0399,0.0934,0.0093,0.0115,-0.0299,0.0437,6.8096,0.131,0.987,1821.2154,0.1712,8673.3899,0.0137,-0.0363,0.0379,0.0022,0.44839702116997826,0.9634,755.9234,0.9867000000000001,55.696299999999994,0.5946,0.9618,6.4527,15.75,6.355,15.81,15.71,1.763,0.9902,2.939,-2.9329,0.5638,2.2564,1013.7167,138.0,88.1,95.6,64.8999,370.8201,0.0891,0.0849,0.0803,0.0494,0.0206,9.1204,7.64,11.742,0.0107,0.32,0.045,541.0,8302.0,0.114,0.059,0.054,2.0,0.728,0.909,0.1096,0.6641,0.3467,0.868,0.467,0.1626,6.41,21.11,89.479,1.273,23.21,8.64,29.286,54.109,0.0903,0.0837,0.034,0.0171,0.072,0.0921,0.0942,0.0406,3.8295,0.0437,0.0023,155.1107,0.0429,492.0,0.0164,0.0102,0.054203676432725556,0.0118,71.4606,1.5975,0.0167,0.2714,0.0743,2.8994,33.4127,26.0745,32.5262,0.0268,0.9253,0.0345,2.1331,0.0812,0.0142,252.9063,90.712,3631.1654,3602.9856,0.0476,0.0283,0.0249,0.6892,0.0381,0.2139,0.3366,0.0428,0.0776,5.9415,0.1764,9.5394,0.0552,2.193,6.7901,28.9669,0.3675,2.2865,2.0462,9.3353,18.8471,0.0255,0.0364,0.0151,0.0078,0.0216,0.047,0.048,0.0189,1.2986,0.0159,0.0007,53.2417,0.014,152.8026,0.014978251946605861,0.0036,22.5761,0.5219,0.0072,0.0782,0.0251,5.0797,0.8713,6.2198,2.9459,3.814,2.9576,29.3099,11.7359,5.3515,91.7467,2.9451,1.0947,2.5461,3.2334,298.58439999999996,104.0318,8.8065,2.9474,0.7436,2.731,75.0,77.4793,20.7664,1.0541,1.3221,1.0353,0.3985,5.8783,9.2516,4.1955,12.8679,4.6359,3.3436,42.9653,6.5575,12.2301,16.567,149.7771,4.1668,19.0523,55.4382,367.3532,511.9266,18.3182,773.1544,804.3668,315.3138,92.9062,56.2365,2.3668,1.8047,0.237,8.5169,25.0733,0.0,39.005,0.0,12.334124788324065,1.2275,9.4534,0.25379999999999997,2.89,4.2067,3.2931,6.6013,76.944,14.05,1.15,6.8487,0.4891,50.7912,3.4809,1.4946,0.7874,0.1946,70.6158,3.13,0.0894,1.1152,0.0411,1.1929,11.5668,529.5955,2.1619,8.0099,0.1878,2.6198,0.0563,1.5125,8.6853,0.0123,2.4823,0.0195,0.0149,76.0035
-1.0,3007.0,2213.2111,1.9705,87.7411,1.4446,-0.005,-0.0007,202.6985,10.7994,409.8516,0.9745,192.6947,12.5757,1.4365,-3842.0,-1404.0,1.3225,2.0045,7.4263,72.4778,2.1111,0.1651,83.5182,8.6149,64.2488,66.2024,86.7323,79.02,3.014,354.0136,123.8318,716.0921,1.4106,143.15,620.9955,183.3521,4.602,4.845,2839.0,0.9315,2.2855,352.6927,10.6894,106.1173,10.85,17.7145,24.0788,692.0133,151.3355,610.1455,141.0458,0.0011,0.0266,0.0381,0.019,-0.0124,-0.03,-0.012,7.6843,0.1351,0.9883,1884.5764,0.2002,8582.63,-0.0405,-0.014,0.0166,-0.0399,0.4607,0.9426,730.8786,0.9867000000000001,58.4451,0.6041,0.9652,6.2825,15.75,6.355,15.81,15.71,1.763,0.9902,2.939,-2.9329,0.5638,2.2564,1013.7167,123.0,93.5,78.5,45.6001,555.2009,0.4698,0.0959,0.0433,0.057,0.0151,7.9736,11.547,6.903,0.0114,0.31,0.0468,854.0,17919.5,0.099,0.21200000000000002,0.366,4.9,0.622,0.8652,0.0643,0.6966,0.4942,0.9463,0.269,0.1109,4.85,17.38,38.351,0.189,19.43,2.91,28.766,59.007,0.0982,0.0775,0.0576,0.0303,0.0915,0.1059,0.0444,0.049,3.7727,0.0586,0.0031,191.511,0.0487,836.2002,0.0117,0.0179,0.0174,0.0246,111.5106,3.8327,0.0344,0.2682,0.0743,2.8994,29.4149,29.1978,22.2595,0.1581,1.4221,0.0378,4.1556,0.0814,0.0185,370.2066,207.6574,2196.7883,8994.62525,0.0489,0.09505000000000002,0.1632,1.6407,0.056,0.2268,0.3419,0.0281,0.1065,5.5605,0.1007,8.2177,0.0312,1.5855,5.2203,12.8552,0.0497,0.9605,1.7324,9.2177,16.9574,0.0246,0.0326,0.0267,0.0126,0.0275,0.0541,0.022,0.025,1.4357,0.0179,0.0012,58.1857,0.0157,288.0214,0.0055,0.007,35.4885,1.0547,0.0137,0.0961,0.0251,5.0797,0.8713,5.7294,3.1094,3.0514,2.0604,26.812,23.8412,6.6387,106.923,1.6843,1.1684,2.4651,3.2601,135.9188,0.0,7.4858,10.417850000000001,4.9285,6.7607,108.9474,103.5666,18.2244,1.0359,0.7466,1.0842,0.3007,5.3586,3.7147,3.5928,7.8607,3.3881,2.7987,20.9166,9.842500000000001,1.7681,4.3443,179.0777,4.1569,7.7189,41.8353,0.0,303.0303,79.4754,481.5789,854.0323,147.8768,407.4844,49.0965,1.1846,2.4394,0.3123,10.162,24.3064,0.0,45.9364,0.0,3.7723,2.6053,15.2571,0.25379999999999997,6.5578,4.269,3.2931,6.6013,73.546,16.23,0.87,7.0941,0.3417,15.604,4.0671,1.1829,0.4266,0.0962,45.2871,3.04,0.2157,1.3048,0.0786,1.1767,31.9353,530.5682,2.1417,10.87,0.4214,3.7567,0.1085,2.0487,19.6759,0.0172,3.4417,0.0195,0.0149,76.0035
-1.0,2982.1,2212.292011488103,2.5534,84.34660000000002,1.4406,-0.0265,-0.0033,201.5211,7.7663,414.7184,0.9565,192.0732,12.4676,1.4231,-5632.25,5186.0,1.3135,1.9693,7.2145,72.3556,1.0667,0.0927,85.7059,8.2395,64.1495,65.9946,86.5783,80.93,3.527,356.0982,125.1636,716.2893,1.3908,155.80000000000007,644.5127,78.7365,4.563,4.79,2860.0,0.9336,15.64135,358.0218,10.0941,127.6309,16.5763,21.38,42.99620000000001,716.4793,142.2836,627.9364,131.3736,-0.0209,-0.0041,0.033,0.0049,-0.0097,-0.026,-0.0043,7.4399,0.1282,0.9867,1803.9785,0.1565,9669.52,0.0,0.0,0.0,0.0,0.4603,0.9452,841.6825,0.991,57.5926,0.5968,0.9672,6.335,15.75,6.355,15.81,15.71,1.763,0.9902,2.939,-2.9329,0.5638,2.2564,1013.7167,122.0,106.8,73.6,54.258626980165786,490.05246183760903,1.0612,0.1013,0.0499,0.0488,0.019,8.0692,4.435,8.426,0.0207,0.17,0.0379,689.0,13661.0,0.277,0.162,0.197,2.4,0.492,0.8756,0.0704,0.4991,0.264,0.8387,1.3129999999999997,0.30280000000000007,14.625,33.574999999999996,105.437,0.72,17.67,0.0,21.62,57.172,0.1077,0.0482,0.0371,0.0138,0.0757,0.0879,0.0845,0.03,3.751,0.052,0.0019,108.1516,0.0472,1693.7002,0.0154,0.0118,0.025,0.0243,155.195,2.1368,0.0243,0.5798,0.0743,2.8994,31.184,37.8878,22.725,0.36060000000000003,2.37128618335953,0.0369,1.606,0.0519,0.0116,304.3423,202.1625,3917.3238,5681.6114,0.12369999999999999,0.0687,0.09,0.7844,0.0454,0.1847,0.338,0.0255,0.0879,4.9316,0.4196,15.947600000000001,0.088,4.57715,10.51945,30.9721,0.2004,0.0,0.0,6.5461,21.3359,0.0338,0.0209,0.0168,0.0066,0.0247,0.0464,0.0442,0.0134,1.2333,0.0171,0.0005,35.6511,0.0141,578.9303,0.0083,0.0099,54.1055,0.67,0.0104,0.1908,0.0251,5.0797,0.8713,5.5674,3.5814,2.8607,2.56613125944175,18.588208265768543,29.518051999554086,7.0316,57.1059,2.0317,2.1645,1.3635,2.6625,146.1228,263.4207,23.078450000000004,8.2265,2.7306,3.317,93.75,145.6835,14.5538,1.0216,0.8549,0.778,0.2008,4.3612,17.3119,7.224600000000001,25.522399999999998,10.6208,5.338800000000001,65.59535,3.7624,7.1329,6.4326,106.5977,3.0175,12.1469,43.5186,514.2346,117.7045,41.8499,0.0,906.1856,325.0,697.6744,50.4173,2.7301,2.1517,0.1912,5.9952,30.144,0.0,36.3151,0.0,5.4294,2.5728,18.4387,0.093,3.7102,9.1528,3.2931,6.6013,72.59,15.05,1.63,6.1182,0.6423,28.5019,3.706,2.2455,0.1188,0.0324,12.0588,6.47,0.0493,2.7209,0.022,2.4141,4.8338,532.9891,1.7784,7.5,0.2423,2.6046,0.0783,1.4072,13.6214,0.021,4.2524,0.0195,0.0149,76.0035
-1.0,3013.66,2185.2111,0.8447,100.5978,1.5337,0.009,0.0058,196.6199,8.6805,408.5064,0.9744,187.1186,12.4692,1.4153,-4101.3333,-2459.6667,1.273,2.0132,7.2515,75.0444,1.6444,0.1396,84.3084,8.3591,64.5242,65.973,86.9351,79.94,3.054,352.18,141.5936,738.4106,1.2983,145.2355,639.0091,232.8599,4.569,4.839,2863.0,0.9297,-4.6227,352.4664,10.438,116.9709,13.1682,24.6227,33.171,705.2396,156.4036,625.8409,139.5729,0.0325,0.0069,0.0825,0.0145,-0.0285,-0.0264,0.012,8.6431,0.1355,0.9833,1778.9854,0.1963,9196.9899,0.116,-0.0158,-0.1577,0.0075,0.462,0.9307,771.5681,0.991,58.3383,0.5956,0.9653,6.462,15.92,3.751,15.95,15.9,0.9649,0.6097,3.11,-1.135,0.8391,2.2588,1007.7856,105.0,85.8,100.7,54.6001,465.702,0.0968,0.1187,0.0541,0.0407,0.0135,4.5817,3.533,12.835,0.0101,0.4,0.054,530.0,2660.0,0.097,0.122,0.406,2.6,0.431,0.486,0.1807,0.6304,0.2914,0.7801,0.409,0.1015,7.15,15.25,56.262,0.4,20.39,3.93,32.11,50.636,0.16345,0.0385,0.0444,0.0766,0.16685000000000003,0.1029,0.0794,0.0585,2.111,0.0931,0.0096,153.5713,0.0485,1094.9004,0.0125,0.0295,0.0203,0.0305,89.9854,1.4629,0.0341,0.5551,0.0372,3.9854,29.2712,27.3452,33.6853,0.0309,1.3669,0.0399,1.2078,0.117,0.0208,256.8247,203.7766,516.4594,1520.403,0.0435,0.0503,0.1761,0.8156,0.03,0.1602,0.1894,0.0664,0.1114,5.3685,0.1276,10.363,0.0298,2.6601,4.8811,19.5827,0.1403,1.339,1.9035,9.9645,17.834,0.045450000000000004,0.0165,0.0198,0.0335,0.0473,0.0487,0.0374,0.0297,0.6469,0.03,0.003,56.4421,0.0164,309.6727,0.006,0.0094,28.7846,0.4691,0.0142,0.1868,0.0126,7.2235,1.3824,4.8256,2.847,3.9858,2.4986,40.7927,11.4562,7.7392,40.7006,3.1419,1.0355,3.2079,3.8161,21.9197,108.1447,7.6198,6.0599,5.5988,3.4646,97.2973,71.6561,13.1483,0.5765,2.1618,0.977,0.2154,5.2019,10.1982,4.6289,7.8177,4.923,2.3865,24.1613,6.8651,3.8321,9.2074,154.8427,4.5531,14.5424,36.2792,816.3014,0.0,92.8204,0.0,360.7362,300.7576,489.5397,24.4239,1.4755,3.9187,0.9754,8.6325,24.7226,213.7681,36.6972,0.0,4.3996,3.2746,11.6627,0.0981,2.5076,8.5904,1.6486,11.1223,73.288,12.18,0.72,5.4598,0.2884,45.7904,3.0425,0.9824,0.4266,0.0962,45.2871,4.98,0.0877,2.0902,0.0382,1.8844,15.4662,533.9718,2.564,9.28,0.4372,3.1494,0.1479,1.7379,17.0523,0.0076,1.5152,0.0153,0.0048,31.0176
-1.0,3084.82,2171.5,0.7899,101.5122,1.3603,-0.0031,0.0086,197.5712,9.9421,409.1935,0.977,187.4738,12.478,1.4111,-4144.5,-245.75,1.2735,1.966,7.309,73.1333,2.0778,0.1464,85.4438,8.4278,64.332,66.0827,87.1524,80.18,2.97,352.5745,136.0709,728.1852,1.1235,134.4782,623.1236,53.0322,4.619,4.869,2837.0,0.9345,-2.1518,351.5282,10.4185,113.9191,10.1147,22.1518,28.6132,699.572,150.0491,615.4964,120.2485,-0.0266,-0.0133,0.0564,0.0235,0.0041,-0.0257,0.0168,6.5558,0.1447,0.9906,1866.9647,0.209,9127.52,-0.0152,0.0326,-0.0252,-0.0629,0.46,0.9448,785.1909,0.9912,58.5202,0.609,0.9795,6.4334,15.75,6.355,15.81,15.71,1.763,0.9902,2.939,-2.9329,0.5638,2.2564,1013.7167,120.0,192.8,181.7,59.5,390.657,0.0802,0.0586,0.0582,0.0398,0.0164,4.6068,7.524,3.285,0.0083,0.18,0.0455,863.0,11386.0,0.119,0.114,0.252,2.7,0.414,0.6458,0.0826,0.601,0.2308,0.7477,0.694,0.1866,7.38,20.31,26.882,0.276,17.15,7.07,34.638,123.413,0.0643,0.0427,0.0334,0.0138,0.0621,0.09,0.095,0.0261,4.8947,0.0274,0.0004,108.7435,0.052,389.2002,0.0146,0.0188,0.0219,0.022,39.4409,2.504,0.0486,0.3643,0.0743,2.8994,30.5982,59.2399,65.7329,0.0241,3.0041,0.0206,2.0921,0.0532,0.0163,375.5929,254.9915,697.4953,4843.6355,0.0505,0.0476,0.1232,0.7842,0.0579,0.1275,0.2522,0.0339,0.0916,6.7794,0.2497,8.52,0.0582,2.2198,7.2832,7.5044,0.0842,2.4301,3.187,10.8874,33.822,0.0187,0.0238,0.0147,0.0063,0.018,0.0423,0.0492,0.0109,1.6177,0.0095,0.0001,38.6548,0.0153,138.2054,0.0061,0.0065,14.2996,0.6778,0.0159,0.1093,0.0251,5.0797,0.8713,5.5371,6.25,7.6107,2.74,37.9852,10.1536,4.308,75.6782,0.8028,0.853,1.4425,3.2258,37.978,0.0,9.3443,5.7986,3.4478,3.6919,86.631,135.2049,12.3878,0.7558,0.9803,0.9342,0.1757,6.2171,4.6079,3.814,16.6101,5.4879,3.2594,50.69,5.2823,2.6491,6.8119,169.555,4.9513,7.2468,102.6316,242.0136,414.5631,24.4789,263.8343,0.0,369.6498,155.1263,74.6623,2.4873,1.1253,0.0354,5.8246,24.8898,0.0,41.2289,0.0,4.7684,2.3307,5.0231,0.0561,4.2789,5.662,3.2931,6.6013,80.45,14.56,1.89,6.7818,0.88615,76.2717,3.6449,2.3493,0.417,0.0802,44.3845,4.98,0.0877,2.0902,0.0382,1.8844,15.4662,532.0973,2.1448,9.6,0.497,3.3367,0.1443,1.8042,23.1735,0.013,2.5865,0.0153,0.0048,31.0176
-1.0,2955.87,2200.4631882337394,2.5534,97.50859128052497,1.4493,-0.0194,-0.0018,202.8336,8.6085,414.2447,0.9608,193.3727,12.6184,1.4017,-4410.0,-1538.0,1.2858,2.0157,7.399,72.1,1.9222,0.1499,83.7747,8.3436,64.3908,65.8525,87.0565,63.93999999999998,4.886,357.33,129.4573,728.2089,0.9913,143.45,630.2373,125.7472,4.61,4.871,2863.0,0.9252,6.25,358.3582,10.5392,115.7073,5.7587,13.75,14.1161,714.0928,154.3855,628.4509,171.74984999999998,-0.0467,0.055,0.0189,0.0073,0.0009,0.0125,0.0091,7.6358,0.1273,0.9673,1846.1424,0.2305,8674.8,-0.0745,0.0409,0.0065,0.0188,0.4436147999650719,0.9584,747.3382,0.9905,59.4241,0.601,0.9806,6.3937,15.75,6.355,15.81,15.71,1.763,0.9902,2.939,-2.9329,0.5638,2.2564,1013.7167,122.0,57.2,53.4,57.756975014250884,446.45879700526916,1.0612,0.0985,0.0666,0.0396,0.0157,8.2188,3.554,11.561,0.0164,0.32,0.0378,485.0,3581.0,0.138,0.044,0.172,3.2,0.548,0.8147,0.1049,0.5692,0.2218,0.7732,0.493,0.0706,5.62,14.6,18.713,0.23,11.48,4.62,34.505,49.621,0.1552,0.0858,0.0555,0.0579,0.1058,0.116,0.0868,0.0239,3.151,0.0623,0.0068,108.7806,0.1254,1158.7998,0.0106,0.0128,0.05257599671106944,0.0093,113.5659,4.3997,0.0274,0.4391,0.0743,2.8994,31.7022,21.0563,18.6771,0.36060000000000003,2.2175437229352477,0.036,1.2378,0.0877,0.0129,248.5657,258.0354,1505.5026,1753.825,0.0587,0.0196,0.0721,0.9513,0.0589,0.1748,0.3189,0.0467,0.089,5.4697,0.1409,8.6503,0.0218,1.7212,4.9127,5.6368,0.0628,1.3247,2.2202,10.683,15.9867,0.0441,0.0351,0.026,0.0237,0.0278,0.0608,0.0432,0.0104,1.056,0.0196,0.0027,40.3198,0.0374,422.0169,0.011572526872399489,0.0035,40.5878,1.2636,0.0096,0.1425,0.0251,5.0797,0.8713,5.7871,1.9351,2.1008,2.6195170646383255,30.155130684464886,27.422675490428535,6.7964,41.2846,2.7909,1.7093,2.536,2.6953,70.9524,232.8349,10.733,2.1828,2.3246,4.4383,124.8555,140.7709,15.8963,0.9725,1.2577,0.884,0.2291,4.2846,3.4065,3.7456,7.1244,3.9177,2.3166,14.8815,5.551,2.1823,5.4621,199.3498,4.832,6.0703,23.6775,332.6457,520.0,306.755,0.0,0.0,693.014,264.0884,41.2667,1.6491,2.6346,0.7057,5.8923,63.31987047269746,0.0,38.4236,0.0,12.20822837871676,0.974,15.1961,0.0723,7.4038,6.8683,3.2931,6.6013,78.4090980808887,16.891129190582216,1.2487507519250798,7.598515247279074,0.5467128152791967,45.63502805578481,4.189776206278662,1.564007757665907,0.1459,0.0398,14.896,6.0,0.3378481311764915,2.2119,0.1352392452747727,2.2956,38.05341532073962,534.08,2.1203,10.37,0.3107,3.4939,0.0898,1.9417,14.6551,0.014,2.781,0.0153,0.0048,31.0176
-1.0,3037.62,2194.9556,2.3917,86.81,1.4483,-0.0103,0.0151,197.9808,7.988,417.9604,0.9725,188.7847,12.3351,1.4032,-4811.75,5098.6667,1.2937,1.991,7.322,75.3889,1.4222,0.118,83.4093,8.3663,64.741,66.0272,87.0807,80.62,3.256,353.2018,134.6336,727.2724,1.3218,140.4727,628.3082,227.8409,4.601,4.853,2846.0,0.9348,0.9909,350.5446,10.4432,115.6245,19.5418,19.0091,29.1406,698.1318,142.5973,608.7664,171.74984999999998,0.0117,0.0168,0.0613,0.0089,0.0066,-0.0103,-0.0031,8.208,0.129,0.9696,1764.4354,0.2007,8312.75,0.0494,-0.0037,-0.0041,0.0394,0.4587,0.9483,727.0449,0.9867000000000001,59.2122,0.614,0.9669,6.4026,15.75,6.063,15.83,15.71,1.801,0.9527,2.908,-2.9329,0.562,2.2647,1001.8289,99.0,93.1,120.2,47.8999,441.3691,0.5864,0.1649,0.038,0.0605,0.0199,5.2132,4.802,14.347,0.0098,0.22,0.0368,426.0,11627.0,0.123,0.064,0.244,2.8,0.683,0.482,0.1102,0.615,0.2654,0.7753,0.37,0.1455,5.11,18.51,43.556,0.307,18.41,3.23,27.909,88.066,0.079,0.0756,0.0726,0.0599,0.0387,0.1142,0.0512,0.045,2.6233,0.067,0.0049,108.1309,0.0317,1049.6006,0.0121,0.0106,0.0185,0.0221,88.6089,3.5954,0.0458,0.2656,0.0734,5.0843,26.6163,30.7737,36.6237,0.233,1.386,0.0544,1.5579,0.0579,0.0141,190.6609,242.7514,2233.7674,6263.0027,0.0539,0.0264,0.1034,0.8418,0.0465,0.2321,0.188,0.0419,0.0748,5.5692,0.1331,8.486,0.0413,1.6051,5.3228,12.585,0.0969,0.974,1.3599,9.2048,30.262,0.0201,0.0324,0.0343,0.0282,0.0112,0.0566,0.0225,0.0197,0.9028,0.0215,0.0017,34.5364,0.0098,328.4531,0.006,0.0074,26.9067,1.0784,0.0162,0.0893,0.0241,6.6426,1.6544,4.6178,3.0649,4.9426,2.1823,18.8476,24.5175,11.386,60.1152,3.4326,1.0045,1.7835,2.6212,103.372,228.04,9.5072,3.2145,3.3324,3.7141,112.5,127.1186,20.2978,0.5779,1.3168,0.9499,0.128,5.3765,4.0332,3.6435,11.0109,3.6377,2.946,19.1168,5.5382,2.9397,5.2757,94.2081,3.9977,16.0906,48.2318,675.9358,0.0,97.6763,436.0563,0.0,495.8838,0.0,31.9598,4.186,2.7692,0.5049,6.1284,15.7738,0.0,54.1799,0.0,4.0282,2.3352,12.1875,0.25379999999999997,6.072,4.1488,3.2418,12.6419,73.546,16.23,0.87,7.0941,0.3417,15.604,4.0671,1.1829,0.7874,0.1946,70.6158,4.98,0.0877,2.0902,0.0382,1.8844,15.4662,530.9809,2.3259,9.94,0.2182,3.2617,0.0779,1.872,9.3821,0.0242,4.8383,0.0153,0.0048,31.0176
-1.0,3097.63,2194.9556,2.3917,86.81,1.5347,-0.0254,0.0247,198.269,8.0211,417.3277,0.9739,188.3138,12.5488,1.4151,-3596.25,-1195.0,1.2545,2.0273,7.3885,70.3556,2.7778,0.2539,88.2693,8.6611,65.0056,66.3012,87.0853,77.33,4.329,352.0545,142.9291,737.1451,1.0756,135.4991,630.4827,53.0699,4.59,4.822,2852.0,0.9316,-3.8655,351.8173,10.3736,119.0636,11.1677,23.8655,30.1925,706.9526,149.6627,620.5436,146.2218,-0.0138,0.0648,0.0614,-0.0194,0.0306,0.017100000000000004,0.0089,7.4991,0.1448,0.9891,1784.8978,0.1678,8808.6001,-0.0268,-0.08,-0.0519,0.0133,0.463,0.96,750.0886,0.9867000000000001,56.9935,0.6018,0.9802,6.3692,15.75,6.063,15.83,15.71,1.801,0.9527,2.908,-2.9329,0.562,2.2647,1001.8289,113.0,172.3,106.3,47.8999,441.3691,0.5864,0.1088,0.0648,0.0307,0.0178,9.2974,4.968,12.341,0.0092,0.21,0.0287,2060.5,3078.0,0.127,0.09,0.141,2.4,0.605,0.7245,0.0589,0.2958,0.2403,0.6659,0.697,0.1353,5.72,21.06,12.76,1.001,16.33,15.96,29.326,122.51,0.0857,0.0547,0.0557,0.0571,0.0394,0.0964,0.0681,0.0712,5.7463,0.0977,0.0023,143.9138,0.0506,728.5996,0.0179,0.0141,0.0321,0.0311,93.5102,4.7491,0.0428,0.3575,0.0734,5.0843,28.8639,56.8567,36.8085,0.233,1.386,0.037,1.8761,0.0523,0.0109,912.5788,113.3854,586.2294,1380.9091,0.0541,0.0403,0.0607,0.7073,0.0475,0.2124,0.2669,0.0258,0.0649,4.5618,0.1905,10.2841,0.037,2.0819,6.4153,3.3986,0.2724,4.4077,4.2396,9.537,31.425,0.0203,0.0271,0.0245,0.0247,0.0128,0.0504,0.0358,0.0311,1.8142,0.0307,0.0007,43.0546,0.0158,205.1638,0.0072,0.009,27.4322,1.3052,0.0158,0.1115,0.0241,6.6426,1.6544,5.2108,5.5623,4.3184,2.1823,18.8476,24.5175,7.0895,61.9367,2.9571,0.9429,1.6735,2.0281,34.7862,257.5732,10.1236,4.4395,1.9084,3.4112,32.4,56.7177,18.1295,0.7719,0.6804,0.4338000000000002,0.6795,4.1925,10.8166,4.7008,12.582,4.2214,3.3403,24.0438,6.3004,9.6495,17.537999999999997,146.225,4.1482,15.1105,83.7837,622.9896,192.4362,92.9967,203.3548,314.5188,308.4938,795.5307,76.6275,1.0362,4.1387,0.2307,8.0629,30.1734,123.0098,20.4629,241.8605,6.9315,3.2355,12.4666,0.25379999999999997,8.3327,5.6133,3.2418,12.6419,72.906,16.49,0.86,6.6084,0.3252,71.145,4.1137,1.1796,0.7874,0.1946,70.6158,4.33,0.3378481311764915,1.7928,0.1352392452747727,1.6618,38.05341532073962,532.8227,2.3242,11.76,0.2441,4.0477,0.0697,2.2071,10.5023,0.026000000000000006,5.21645,0.0299,0.0118,39.5108
-1.0,3084.23,2194.9556,2.3917,86.81,1.3059,0.0013,-0.0045,202.7612,8.8695,419.9316,0.9727,192.9673,12.5488,1.4094,-4617.25,2692.75,1.273,1.9792,7.325,67.7556,2.4222,0.1948,86.4883,8.6544,65.0056,66.2357,86.33,80.67,2.584,352.6318,133.4273,723.6476,1.1195,137.4182,623.4773,50.4315,4.601,4.853,2846.0,0.9348,-0.75,351.59,10.5698,112.6773,13.5037,20.75,24.5799,699.0677,145.7064,609.9736,49.6122,0.0023,-0.0013,0.0667,-0.0017,-0.0064,-0.0188,-0.0089,7.8558,0.1356,0.966,1880.2885,0.207,8854.61,0.0309,0.0223,-0.0357,0.0001,0.4667,0.9606,773.5931,0.9867000000000001,57.2349,0.607,0.9639,6.3768,15.75,6.063,15.83,15.71,1.801,0.9527,2.908,-2.9329,0.562,2.2647,1001.8289,128.0,177.2,97.0,47.8999,441.3691,0.5864,0.1153,0.0706,0.0633,0.0169,8.1943,6.833,9.604,0.012,0.21,0.0483,737.0,17919.5,0.17,0.118,0.063,1.7,0.441,0.5744,0.2043,0.3145,0.2238,0.8116,0.68,0.1536,12.63,19.66,21.957,0.355,20.4,5.69,33.149,22.662,0.1,0.0877,0.0407,0.0644,0.0576,0.1122,0.092,0.0501,5.5136,0.0646,0.009,94.255,0.0783,410.8994,0.0111,0.0187,0.0181,0.0078,42.8577,4.886,0.0334,0.2667,0.0734,5.0843,34.4524,61.9379,38.224,0.233,1.386,0.0375,2.0023,0.0523,0.0183,378.626,270.1918,1143.1137,8994.62525,0.0803,0.0553,0.0294,0.6085,0.0531,0.1493,0.2051,0.084,0.0646,5.4452,0.2832,8.4755,0.0581,3.5776,6.4697,6.6674,0.1056,1.5102,2.3604,10.585,7.9523,0.025,0.037,0.0171,0.0284,0.015,0.0552,0.0469,0.0229,1.7673,0.0205,0.003,36.7117,0.0235,119.6549,0.0053,0.0021,11.8447,1.3375,0.0136,0.0887,0.0241,6.6426,1.6544,5.8803,5.7454,3.9857,2.1823,18.8476,24.5175,8.8288,77.0389,2.287,1.2366,1.6735,3.4241,56.7437,878.8110999999999,13.3543,5.9619,0.8601,2.509,49.5413,92.413,13.1159,0.6641,2.3603,0.4338000000000002,0.3039,5.1697,5.8834,3.8216,13.718,9.1909,3.1533,43.5382,5.5382,3.3586,7.6945,151.0702,4.7419,14.1449,45.6783,0.0,0.0,96.5155,0.0,0.0,488.7118,564.507,70.1855,0.8852,2.7017,0.9295,5.0128,37.8263,0.0,57.1429,0.0,3.8743,0.8166,5.5401,0.25379999999999997,8.5367,4.1822,3.2418,12.6419,73.546,16.23,0.87,7.0941,0.3417,15.604,4.0671,1.1829,0.7874,0.1946,70.6158,5.2,0.1329,1.8581,0.0512,1.9906,19.6786,533.2873,2.3473,10.93,0.2775,3.7154,0.0824,2.0496,11.8225,0.0118,2.3559,0.0134,0.0156,116.6826
-1.0,2919.84,2213.2111,1.9705,87.7411,1.4455,-0.0218,-0.0068,194.2009,10.0361,415.7785,0.9814,184.4409,12.5504,1.3912,-1914.75,-1571.5,1.3003,1.99,7.3717,70.9667,2.7667,0.206,88.2693,8.6611,65.0056,66.3012,87.0853,77.33,4.329,351.6909,135.91,726.2325,1.1214,135.4882,623.0891,44.6938,4.612,4.885,2846.0,0.9337,0.2745,350.9627,10.4673,116.1845,9.3769,19.7255,24.1109,702.1216,148.8518,615.9991,133.4674,-0.0155,-0.0317,0.0868,-0.0008,-0.0301,-0.0282,0.0295,7.8929,0.133,0.9896,1749.7369,0.206,8744.1601,0.0541,0.0419,-0.0254,0.0458,0.4619,0.9552,763.4517,0.9906,59.7421,0.602,0.9682,6.3086,15.92,3.751,15.95,15.9,0.9649,0.6097,3.11,-1.135,0.8391,2.2588,1007.7856,109.0,86.0,38.4,45.6001,555.2009,0.4698,0.0739,0.0383,0.0502,0.0086,10.5912,4.271,5.249,0.0066,0.36,0.0282,1053.0,3347.0,0.069,0.081,0.295,3.3,0.631,0.7245,0.0589,0.2958,0.2403,0.6659,0.783,0.30280000000000007,11.13,20.24,29.834,0.233,11.68,7.53,29.012,108.682,0.0969,0.0636,0.0529,0.0501,0.0838,0.0921,0.1327,0.0859,3.8602,0.111,0.0015,222.1101,0.084,1111.2998,0.0142,0.0134,0.0185,0.0223,103.9949,4.571,0.0375,0.2751,0.0372,3.9854,29.2101,27.8473,13.5243,0.1581,1.4221,0.0246,1.4493,0.0709,0.009,437.0747,165.7166,3480.2778,1684.3049,0.0291,0.0347,0.1212,1.1758,0.0525,0.1872,0.2669,0.0258,0.0649,5.9651,0.2589,8.6031,0.0864,3.4512,6.5328,8.4408,0.078,2.1923,1.9857,9.1447,28.7087,0.026,0.027,0.023,0.0233,0.0242,0.0457,0.063,0.0379,1.3948,0.0326,0.0005,67.2759,0.0257,320.8382,0.0062,0.0084,27.6364,1.2776,0.0135,0.088,0.0126,7.2235,1.3824,4.9846,2.9454,1.5453,2.0604,26.812,23.8412,5.1123,42.5564,1.2624,0.6707,2.8684,2.0285,298.58439999999996,212.9812,5.3067,4.0704,4.0018,4.6501,43.3735,79.1262,18.6142,0.7719,0.6804,0.4338000000000002,0.6795,5.2063,5.8347,3.4777,25.522399999999998,8.2147,3.2483,65.59535,5.7076,2.226,5.6032,124.5618,4.1321,10.7895,81.4296,626.6774,211.6473,57.7355,0.0,306.4892,471.4032,291.1864,48.9077,2.1016,4.7011,0.1469,12.6939,40.7723,102.3878,52.3457,0.0,4.0087,2.33,13.6217,0.084,7.6512,4.3599,1.6486,11.1223,71.54,20.98,1.03,10.1957,0.5062,44.3308,5.3248,1.4398,0.3069,0.0746,32.1567,4.98,0.0877,2.0902,0.0382,1.8844,15.4662,533.2873,2.3473,10.93,0.2775,3.7154,0.0824,2.0496,11.8225,0.015,3.0032,0.0134,0.0156,116.6826
-1.0,3154.13,2189.9667,0.8662,102.3622,1.4478,-0.0017,0.0072,195.5359,11.7306,413.9296,0.9765,185.5078,12.551,1.4128,-6375.125,-459.5,1.307,2.0192,7.436,68.1667,2.5,0.2076,85.3967,8.7635,64.0427,66.2762,86.5136,81.43,2.594,351.4409,139.3491,730.4212,0.8675,133.3273,624.1173,122.3301,4.593,4.873,2845.0,0.9317,-5.9273,351.3655,10.4999,113.4218,14.6693,25.9273,31.7389,698.6823,146.1227,610.91,94.6585,-0.0037,0.0184,0.0682,-0.0022,-0.0042,-0.0002,0.0252,7.2907,0.1413,0.9671,1806.5493,0.1599,8386.27,0.0887,-0.0344,-0.0483,0.0182,0.46664784034996587,0.9367,709.9516,0.9902,61.3327,0.5985,0.961,6.2939,15.75,6.023,15.82,15.75,1.805,0.9265,3.087,-2.9329,0.5013,2.2725,999.7303,106.0,107.4,107.3,55.5,471.6931,0.0513,0.0861,0.0305,0.0503,0.0141,10.9984,9.276,9.965,0.0101,0.27,0.0734,1173.0,791.0,0.159,0.116,0.345,1.7,0.454,0.6023,0.2033,0.5658,0.3113,0.8636,0.436,0.1103,7.41,20.1,23.091,0.608,15.43,3.97,31.478,56.416,0.0831,0.0871,0.0578,0.0197,0.0689,0.1015,0.0963,0.0631,4.1074,0.0351,0.007,161.5891,0.0295,1313.8994,0.0109,0.0115,0.059925095460170996,0.018,147.4797,4.6922,0.0201,0.2639,0.0759,5.1011,28.6507,39.5501,38.0827,0.0158,2.1559,0.0335,3.5193,0.0805,0.0258,543.4074,278.5504,5497.9604,329.6751,0.0748,0.0475,0.1488,0.6305,0.0293,0.1539,0.2201,0.0761,0.0909,5.538,0.1582,9.4339,0.0302,2.0794,6.7051,6.158,0.1669,1.2758,1.6353,10.1757,18.6793,0.0181,0.0366,0.0255,0.0086,0.0178,0.057,0.0431,0.0301,1.3393,0.0133,0.0021,47.567,0.0098,470.7699,0.013744898142811272,0.0055,49.8088,1.3166,0.0068,0.0818,0.0276,3.9473,1.5095,4.8332,3.4051,4.531,2.5343,45.0682,5.928,5.9471,79.075,2.4074,1.0353,2.1512,5.1955,168.848,172.1436,12.1653,5.7447,4.6396,2.4939,40.0,46.2527,13.1189,0.7053,2.3197,0.8835,0.413,5.4888,9.6879,4.212,12.711,5.5577,3.2205,18.876,6.3731,5.7905,12.5196,105.1859,4.5053,21.2704,59.5995,0.0,0.0,28.8856,0.0,0.0,0.0,250.6455,56.3382,3.1047,1.4825,0.7242,8.9446,18.4741,938.7755,34.2289,0.0,12.810774282067312,1.9223,20.7732,0.0898,7.6505,4.1927,3.3384,12.3719,73.9,15.54,1.27,7.0971,0.487,73.2186,3.8112,1.7185,0.4087,0.0973,41.1198,6.79,0.2266,2.6305,0.0882,2.5503,30.8152,533.2855,2.0362,6.32,0.2679,2.0635,0.0922,1.1851,13.1553,0.0122,2.4468,0.0134,0.0156,116.6826
-1.0,3054.81,2108.7223000000004,2.5534,96.6256,1.3813,0.0025,0.0028,197.9105,6.4051,391.8645,0.9763,187.7224,12.5049,1.4028,-3787.75,2643.25,1.2948,2.0048,7.3078,71.2111,2.1444,0.1849,86.238,8.287,64.1468,66.3076,86.9546,80.14,3.088,352.3009,136.6345,727.5118,1.1859,138.4809,627.4164,46.4881,4.619,4.869,2837.0,0.9345,-2.9209,350.9309,10.3976,113.7136,11.0804,22.9209,28.8106,698.7012,152.9936,617.6382,135.9758,-0.009,-0.077,0.028,0.0067,0.0018,-0.0436,0.0224,7.1035,0.1355,0.9871,1781.3522,0.1899,8373.53,0.0,0.0,0.0,0.0,0.4738,0.9406,727.3748,0.9905,58.359,0.6049,0.9625,6.492,15.75,6.023,15.82,15.75,1.805,0.9265,3.087,-2.9329,0.5013,2.2725,999.7303,153.0,169.2,107.0,26.599799999999988,325.8619,1.0612,0.1415,0.11930000000000002,0.10045,0.017,5.4614,3.836,10.747,0.0096,0.42,0.0673,466.0,17919.5,0.165,0.087,0.085,1.9,0.527,0.909,0.1096,0.6641,0.3467,0.868,0.911,0.30280000000000007,9.99,21.54,21.605,0.224,17.95,10.33,36.503,134.667,0.067,0.0826,0.034,0.0432,0.1002,0.0962,0.0748,0.0594,3.2669,0.0495,0.0025,111.8672,0.0495,1131.2002,0.0141,0.0167,0.0451,0.0226,119.8726,3.3994,0.0438,0.3006,0.0759,5.1011,36.1261,50.7522,33.72,0.36060000000000003,3.3846,0.0506,1.2914,0.1183,0.0286,239.0899,228.7961,616.8638,8994.62525,0.0713,0.0375,0.0389,0.7149,0.0404,0.1941,0.3366,0.0428,0.0776,5.5445,0.3174,9.1576,0.088,2.5534,5.9872,7.3695,0.059,2.6951,2.9263,11.0565,37.7621,0.0207,0.0338,0.015,0.0183,0.0313,0.0456,0.0391,0.0254,1.0851,0.0159,0.0008,35.8283,0.0138,390.0312,0.0115,0.0093,41.4059,1.0499,0.0144,0.0973,0.0276,3.9473,1.5095,6.8953,5.5388,4.4022,1.259215111510735,23.1049,64.9361,10.2441,59.8899,2.7425,0.9833,3.3587,4.7946,36.5388,838.8915,12.7438,4.3397,1.1631,2.6681,37.3057,69.7716,15.5851,1.0541,1.3221,1.0353,0.3985,5.2966,4.8816,3.627,25.522399999999998,7.214,3.4331,46.4743,5.2823,2.1543,6.745,161.9978,5.2244,15.0828,99.0375,743.9278,618.59025,154.2857,0.0,0.0,171.6581,264.8829,45.9893,1.4755,2.054,0.251,6.2799,26.0772,845.5696,12.6512,0.0,9.5096,2.4063,16.4802,0.165,5.825,4.6299,3.3384,12.3719,73.546,16.23,0.87,7.0941,0.3417,15.604,4.0671,1.1829,0.2331,0.0477,23.8454,8.2,0.15,3.718,0.064,3.0399,16.5478,532.0973,2.1448,9.6,0.497,3.3367,0.1443,1.8042,23.1735,0.011,2.1754,0.0205,0.0127,62.0056
-1.0,2913.4,2227.2444,1.2803,102.7956,1.6316,-0.0195,-0.0008,198.6364,10.2172,405.3073,0.9744,189.008,12.5488,1.3903,-3680.75,-194.75,1.2973,1.9983,7.3225,75.5556,2.5333,0.1782,83.4448,8.5571,64.7149,66.145,87.2353,78.29,2.791,352.1973,133.9591,723.2051,1.1164,134.9473,621.1036,43.8465,4.612,4.885,2846.0,0.9337,-3.74,350.1046,10.6188,110.2191,12.9827,23.74,29.1429,694.0622,147.7973,608.1209,146.6301,0.0081,-0.0076,0.0437,-0.0006,-0.0089,-0.0341,0.0289,7.6002,0.1374,0.9658,1774.8359,0.1949,9303.0001,0.033,-0.04,-0.04,0.0575,0.4499601761836556,0.9595,762.0218,0.9867000000000001,56.7784,0.6055,0.9728,6.1959,15.75,6.355,15.81,15.71,1.763,0.9902,2.939,-2.9329,0.5638,2.2564,1013.7167,99.0,85.5,99.8,66.0999,286.999,0.1245,0.1284,0.0736,0.0465,0.0159,7.9366,8.242,8.476,0.0082,0.21,0.0687,789.0,2201.0,0.125,0.041,0.186,2.4,0.45,0.5868,0.1125,0.5322,0.2945,0.8078,0.882,0.2708,10.05,20.72,24.287,0.266,23.23,5.54,34.365,121.632,0.0769,0.0592,0.12045,0.0919,0.0574,0.1111,0.0698,0.0528,3.6111,0.0793,0.0036,84.3087,0.0262,788.2998,0.0101,0.0173,0.05873565486764162,0.0172,93.542,4.6881,0.028,0.2349,0.0743,2.8994,28.9688,27.2896,31.2219,0.0376,1.828,0.0449,2.5282,0.0523,0.0274,359.1039,155.3906,1360.301,1026.0082,0.0585,0.0171,0.0794,0.7452,0.0468,0.1443,0.2421,0.0491,0.0908,6.2653,0.355,8.643,0.0803,3.3597,7.2493,7.4481,0.0982,1.9397,2.8718,10.7339,42.1992,0.0236,0.0255,0.055099999999999996,0.0384,0.0151,0.0545,0.0295,0.0237,1.2381,0.0254,0.0011,26.1395,0.0089,219.1844,0.010658189899469987,0.0054,25.6163,1.2897,0.0121,0.0769,0.0251,5.0797,0.8713,4.4417,2.9347,3.9984,2.9678,25.401,9.7245,7.8695,80.668,2.0912,0.8463,1.6735,4.9443,80.4184,0.0,9.6358,2.0518,2.5401,3.1765,51.3158,87.5312,13.0557,0.7032,1.3151,0.8224,0.1838,6.9365,3.2846,3.6843,24.2561,7.4474,3.336,55.391,5.7076,2.505,6.9861,178.9305,4.9513,7.4876,82.9516,949.3827,123.013,210.4179,0.0,0.0,204.5421,182.8571,47.5126,2.2558,3.3368,0.3746,4.7502,13.4402,265.1341,34.7826,986.0465,12.397073768221782,1.7944,12.2755,0.25379999999999997,8.2568,3.7906,3.2931,6.6013,73.546,16.23,0.87,7.0941,0.3417,15.604,4.0671,1.1829,0.1593,0.0457,15.9183,7.47,0.2007,2.8227,0.0762,2.885,32.9154,523.3110000000001,2.2656,15.390000000000002,0.6164999999999999,5.3345,0.18730000000000002,2.8874999999999993,28.50255,0.0095,1.8985,0.0205,0.0127,62.0056
-1.0,3150.13,2211.4334,1.1351,86.7956,1.6383,-0.0154,0.0052,198.602,7.3984,405.0001,0.9771,188.5513,12.391,1.4335,-4127.25,-2410.5,1.3455,1.9805,7.3537,70.3444,2.3444,0.1959,85.4838,8.7401,64.3756,66.1541,86.8963,78.53,2.821,352.5055,131.1318,722.6069,1.3467,140.4173,624.0546,232.2098,4.606,4.86,2844.0,0.9341,-0.0691,350.9482,10.5593,111.0627,14.6964,20.0691,26.2175,696.3894,147.3473,609.3582,143.0059,0.0094,-0.031,0.0606,-0.0053,-0.008,-0.0248,0.0433,7.7465,0.1299,0.9922,1797.9569,0.2451,8952.9701,-0.0518,0.0251,-0.0226,-0.0457,0.4342243022504192,0.9589,776.8427,0.9913,57.3289,0.6009,0.9679,6.2212,15.75,6.063,15.83,15.71,1.801,0.9527,2.908,-2.9329,0.562,2.2647,1001.8289,138.0,69.1,119.8,41.2,320.788,0.3033,0.1283,0.0541,0.0447,0.0171,9.5783,6.777,18.262,0.0084,0.28,0.0397,122.0,4221.0,0.077,0.051,0.076,1.4,0.513,0.612,0.0979,0.4433,0.1827,0.6483,0.359,0.1037,3.33,19.41,67.535,0.319,27.21,10.54,38.4319,108.098,0.0628,0.0634,0.0325,0.0456,0.0538,0.1299,0.1029,0.0437,3.7858,0.0728,0.0007,126.4701,0.1254,1190.5996,0.0174,0.0196,0.058460849537683435,0.0161,121.6005,1.0904,0.031,0.1945,0.0734,5.0843,33.5026,23.9927,38.9917,0.0916,1.3485,0.0387,2.0146,0.0728,0.0128,55.7038,82.4965,3407.4173,2984.6977,0.0371,0.0245,0.0314,0.557,0.025,0.1941,0.2342,0.0357,0.0543,4.9591,0.1399,7.9702,0.0302,1.1423,5.7114,22.7073,0.0915,2.9277,4.0515,11.4855,32.9014,0.0184,0.0287,0.0153,0.0202,0.0136,0.0636,0.0533,0.0215,1.4702,0.0229,0.0003,52.8659,0.0374,422.601,0.015637929503241502,0.0053,42.6864,0.3749,0.012,0.0636,0.0241,6.6426,1.6544,6.252,2.1936,4.7318,1.863,15.0535,26.7162,7.8312,91.6013,4.5091,0.8597,2.2597,2.7709,173.8203,175.1089,5.7228,2.5751,1.0335,1.9902,46.9194,35.7345,15.1174,0.7159,1.1201,0.6886,0.6795,4.4822,3.8663,3.3812,7.7016,2.3715,3.1103,29.0836,9.842500000000001,3.021,8.4367,185.1471,5.5187,13.5257,75.5899,669.8667,351.2465,75.2475,0.0,0.0,414.5015,100.8074,48.8709,2.6176,3.0038,0.0701,7.0341,63.31987047269746,227.2464,44.1014,0.0,12.630821226739892,1.6773,15.6532,0.0653,1.902,3.1261,3.2418,12.6419,73.546,16.23,0.87,7.0941,0.3417,15.604,4.0671,1.1829,0.4087,0.0973,41.1198,7.49,0.0736,2.927,0.0322,2.8058,11.3559,533.2873,2.3473,10.93,0.2775,3.7154,0.0824,2.0496,11.8225,0.0105,2.091,0.0205,0.0127,62.0056
-1.0,3059.09,2108.7223000000004,2.5534,96.6256,1.5569,0.0095,0.0007,197.4261,6.3965,402.1375,0.9821,187.4176,12.4978,1.4193,-4097.5,911.3333,1.2648,1.9795,7.2763,70.1222,2.0111,0.1591,83.7179,8.7015,64.4228,66.2507,86.2732,80.86,2.617,354.8455,127.4127,720.5629,1.3591,142.3945,624.6527,186.7446,4.602,4.845,2839.0,0.9315,5.1136,354.0091,10.3973,112.5264,11.4591,14.8864,20.9755,699.5875,146.6582,613.1936,100.997,0.0106,-0.0274,0.0348,-0.0071,-0.0033,-0.015,-0.004,6.5012,0.1255,0.9639,1668.0622,0.159,9409.4801,-0.1242,-0.0363,0.0341,-0.0842,0.4661,0.933,802.063,0.9914,57.9415,0.6123,0.9632,6.3366,15.75,6.063,15.83,15.71,1.801,0.9527,2.908,-2.9329,0.562,2.2647,1001.8289,69.0,167.0,115.4,26.599799999999988,325.8619,1.0612,0.073,0.0436,0.0506,0.0073,4.9824,5.126,16.424,0.0045,0.28,0.0463,477.0,15927.0,0.14,0.082,0.013,2.0,0.48,0.6979,0.0527,0.6513,0.3867,0.8747,0.301,0.1065,3.01,17.51,54.194,0.269,21.35,4.7,32.176,50.977,0.0703,0.0653,0.049,0.0383,0.11,0.1097,0.07,0.0306,4.047,0.0284,0.0093,156.9957,0.032,832.0,0.0154,0.0138,0.017,0.0213,64.1471,2.5027,0.0389,0.249,0.0734,5.0843,20.6454,57.1532,41.2777,0.36060000000000003,3.3846,0.021,1.642,0.0659,0.017,195.3407,165.4839,757.4283,8994.62525,0.0584,0.036,0.0062,0.616,0.0405,0.152,0.2855,0.025,0.0902,5.0749,0.0943,8.3272,0.0333,0.9397,5.2861,15.8864,0.0938,1.332,2.4651,10.2003,17.2795,0.0183,0.028,0.0214,0.018,0.0274,0.06,0.0373,0.0152,1.5829,0.0117,0.0031,46.2809,0.0097,314.7372,0.0051,0.0068,23.8882,0.6928,0.0125,0.0919,0.0241,6.6426,1.6544,3.2404,5.4591,4.5154,1.259215111510735,23.1049,64.9361,4.6888,80.137,4.0842,0.4549,2.2404,3.2621,43.3679,0.0,11.0694,4.1425,0.1787,2.8522,54.6961,87.9888,14.3208,0.8336,0.6061,1.011,0.292,4.6386,3.7908,3.6066,7.8347,2.1138,2.8032,29.0204,9.842500000000001,2.5872,5.1455,186.3154,4.5993,10.949,50.4738,663.9906,618.59025,110.0575,0.0,0.0,465.8902,760.2484,62.25,1.9915,1.1726,0.9606,9.4119,20.1318,0.0,43.8923,0.0,3.6536,2.2778,7.9978,0.1269,4.3193,3.9296,3.2418,12.6419,75.694,12.21,1.33,5.3619,0.5307,37.3691,3.0252,1.7571,0.2015,0.0431,21.0966,6.72,0.3378481311764915,2.4984,0.1352392452747727,2.7047,38.05341532073962,530.5682,2.1417,10.87,0.4214,3.7567,0.1085,2.0487,19.6759,0.0215,4.2756,0.0388,0.0345,88.7443
-1.0,3076.81,2195.5,1.3548,105.8378,1.5979,-0.0108,-0.0104,197.9677,8.7861,424.223,0.9721,188.7701,12.5331,1.4289,-3332.0,1434.0,1.3552,2.0173,7.3487,76.1667,2.2,0.1588,84.3441,8.9833,64.7846,66.0907,87.7644,81.19,2.967,351.1427,132.4045,723.5616,1.3568,143.1091,626.6564,210.66,4.596,4.835,2832.0,0.9366,1.7082,350.5855,10.4393,114.1127,13.7437,18.2918,23.195,700.3666,148.2145,612.9127,51.1285,0.018,0.0481,0.0601,0.0038,-0.0315,-0.0154,0.0319,8.2154,0.1332,0.9893,1754.315,0.2139,8649.9899,0.0458,0.0233,0.0111,0.0233,0.461,0.9291,742.9724,0.9907,59.173,0.6032,0.9618,6.3266,15.75,6.063,15.83,15.71,1.801,0.9527,2.908,-2.9329,0.562,2.2647,1001.8289,84.0,160.9,105.4,57.8999,220.848,0.1292,0.1086,0.0387,0.0706,0.0183,5.4623,6.201,13.219,0.0094,0.22,0.0426,285.0,16032.0,0.091,0.085,0.069,2.2,0.413,0.6874,0.1686,0.7341,0.3672,0.7515,0.299,0.1303,7.63,15.36,88.278,0.214,17.56,5.21,32.608,23.469,0.0715,0.0385,0.0574,0.0266,0.0996,0.1453,0.0758,0.0539,3.2889,0.0846,0.0024,98.6816,0.0807,324.2998,0.0196,0.0119,0.0539,0.006,30.8204,4.1048,0.0247,0.4894,0.0734,5.0843,24.466,55.3459,32.2747,0.0476,1.8613,0.0386,2.1034,0.0626,0.0148,127.1675,64.3869,425.0545,8581.0097,0.0431,0.0394,0.029,0.7937,0.0408,0.1364,0.2857,0.073,0.0729,5.0656,0.0768,8.7554,0.0429,2.5078,4.3884,23.6734,0.069,1.8568,2.5831,10.1709,7.7077,0.0182,0.0162,0.0242,0.0139,0.0267,0.0708,0.0406,0.0245,1.1877,0.0257,0.0006,30.4937,0.0234,106.8319,0.0158,0.002,11.4072,1.2015,0.0096,0.1647,0.0241,6.6426,1.6544,3.8155,5.2294,4.1805,2.6372,21.4934,9.5363,6.7964,70.5775,3.1161,0.9669,1.7554,2.9835,31.0324,0.0,6.7146,4.2137,0.9389,2.8884,77.2727,76.8369,12.2169,0.815,1.8773,1.1331,0.2207,4.3458,5.2415,3.9035,9.6027,5.3316,2.4511,41.9054,5.242,2.05,3.8909,127.7677,4.6559,15.5775,45.902,397.0843,326.2712,44.2228,0.0,461.2698,493.0081,168.9655,40.0329,1.3516,3.5325,0.239,5.6251,37.7335,0.0,77.8325,0.0,11.6838,0.6441,4.1483,0.1181,6.937,7.7353,3.2418,12.6419,80.02,19.23,1.61,8.9305,0.6931,22.2281,4.7124,2.012,0.3097,0.068,31.9092,6.73,0.1844,3.0364,0.0939,2.5146,29.392,533.4773,2.2113,7.28,0.4502,2.2773,0.1271,1.3646,20.3592,0.026000000000000006,5.21645,0.0388,0.0345,88.7443
-1.0,3015.77,2194.3778,0.7588,100.1833,1.4802,-0.0038,0.013,202.6978,6.5385,395.8045,0.9636,192.9322,12.3578,1.4154,-3870.5,-6161.5,1.284,1.9915,7.2372,71.4333,1.9,0.1652,83.5182,8.6149,64.2488,66.2024,86.7323,79.02,3.014,352.4327,131.4836,723.6265,1.3625,142.5264,626.4427,241.3513,4.604,4.881,2843.0,0.9349,1.5555,351.2309,10.5481,113.0391,12.5409,18.4445,25.0267,698.5997,149.6318,613.9018,133.8291,0.0003,0.0104,0.077,-0.0065,-0.0077,-0.0065,0.0375,8.4564,0.129,0.9871,1805.1565,0.2096,8650.6301,-0.0066,-0.0353,0.0142,0.061,0.44653399569789354,0.9563,738.1915,0.9867000000000001,57.5349,0.5999,0.9791,6.3182,15.91,3.429,15.98,15.87,1.097,0.5328,2.962,-1.702,0.7589,2.2582,1006.74,95.0,178.6,152.3,64.8999,370.8201,0.0891,0.1043,0.0496,0.0731,0.0149,8.7188,3.787,11.233,0.016,0.33,0.0144,782.0,13326.0,0.048,0.079,0.325,5.1,0.37,0.8652,0.0643,0.6966,0.4942,0.9463,0.375,0.0902,3.95,17.59,64.604,0.202,22.6,4.45,32.521,111.249,0.0703,0.0936,0.073,0.0159,0.0499,0.0806,0.0526,0.079,2.6432,0.0618,0.0023,204.8336,0.048,792.0,0.0102,0.0166,0.049168155722705054,0.0202,73.6957,5.2773,0.0253,0.2482,0.0377,3.5582,27.9053,54.7125,46.3697,0.0268,0.9253,0.0378,1.2088,0.0909,0.0055,339.0285,196.3133,1192.746,6248.3631,0.02,0.0365,0.1486,1.7003,0.0559,0.126,0.3419,0.0281,0.1065,5.2879,0.1229,8.3548,0.026,1.1749,5.1721,20.0847,0.0619,1.2017,2.1638,10.0755,36.6006,0.0165,0.0383,0.0346,0.0077,0.0165,0.0452,0.0249,0.0366,0.9908,0.0179,0.0007,61.5008,0.0145,263.7119,0.011596913932833679,0.006,25.1894,1.4607,0.0097,0.0825,0.0122,6.819,1.2189,4.3183,5.9222,6.2394,2.9576,29.3099,11.7359,7.0466,57.9181,2.838,1.6568,2.6704,1.0146,64.5653,216.2785,3.7383,3.9669,4.4907,7.1395,57.8947,114.3914,10.6468,1.0359,0.7466,1.0842,0.3007,5.2748,3.4681,3.5712,6.6216,2.7714,2.8079,26.7676,5.341,1.915,4.1313,180.2108,4.6552,12.0584,83.1277,0.0,618.59025,20.636,772.8945,0.0,809.2308,210.6667,31.2564,4.186,2.5155,0.2326,11.3471,22.9109,0.0,27.2489,0.0,11.935502136765265,2.1147,9.9833,0.25379999999999997,9.1723,3.929,1.6696,8.7575,72.73,17.13,0.79,7.6992,0.3385,41.4211,4.2891,1.0862,0.7874,0.1946,70.6158,4.98,0.0877,2.0902,0.0382,1.8844,15.4662,531.1709,2.2895,10.44,0.3893,3.6654,0.1067,1.9655,17.0028,0.0108,2.1729,0.0388,0.0345,88.7443
-1.0,2958.22,2227.2444,1.2803,102.7956,1.6157,-0.0112,0.0135,198.824,7.0273,406.8979,0.9754,188.9216,12.5331,1.3599999999999999,-1363.875,-6002.75,1.2937,2.025,7.3305,63.7889,2.4667,0.225,84.0397,9.1287,64.215,66.921,86.8827,78.52,2.666,352.9864,137.5964,732.655,1.3133,144.7009,635.2836,226.4433,4.592,4.871,2852.0,0.9301,1.3136,352.0127,10.3986,118.91,16.7409,18.6864,23.9837,708.6713,147.62,618.5427,48.3919,-0.0021,0.0082,0.0712,0.0147,0.0005,-0.0166,0.029,7.2646,0.13,0.9881,1833.0421,0.1992,8395.9299,0.0094,-0.0698,0.0057,0.0393,0.4518621624038752,0.951,710.4253,0.9867000000000001,56.2941,0.5981,0.9627,6.3099,15.75,6.063,15.83,15.71,1.801,0.9527,2.908,-2.9329,0.562,2.2647,1001.8289,138.0,106.1,59.1,66.0999,286.999,0.1245,0.1298,0.0459,0.0636,0.0156,7.7856,4.36,17.556,0.0077,0.22,0.0592,1094.0,17919.5,0.14,0.053,0.11,2.0,0.495,0.686,0.0089,0.5708,0.3275,0.7906,0.501,0.2357,7.4,16.94,58.354,0.498,26.31,9.35,33.895,15.948,0.0786,0.0668,0.0861,0.0447,0.0729,0.1475,0.0649,0.0385,4.2231,0.0729,0.0027,92.0,0.0796,826.9004,0.0148,0.0158,0.04516406731471967,0.0338,102.924,2.8954,0.0542,0.565,0.0734,5.0843,31.3617,33.9141,19.8922,0.0376,1.828,0.0431,1.3723,0.0626,0.0218,487.0143,235.3402,5823.189049999999,8994.62525,0.0619,0.0236,0.052,0.7339,0.0486,0.167,0.2598,0.0034,0.119,4.9325,0.1532,9.5503,0.0655,2.1435,4.6467,20.5909,0.1447,2.374,2.5898,10.1912,4.6506,0.0198,0.0282,0.0404,0.0184,0.0215,0.0711,0.0321,0.0172,1.6685,0.0231,0.0008,29.2231,0.0217,308.566,0.009896174831604942,0.0128,35.6705,0.8855,0.0181,0.1902,0.0241,6.6426,1.6544,6.0465,3.5866,2.3951,2.9678,25.401,9.7245,8.0337,62.044,4.3146,0.7878,1.7554,4.36,0.0,317.038,10.8213,2.6173,1.5006,3.1353,72.973,72.8889,14.2857,0.8163,0.0974,0.8889,0.1964,4.5611,8.1107,4.1778,17.9513,5.114,2.6665,25.7698,6.475,4.7891,16.6344,157.1603,4.7829,9.4363,32.9559,0.0,275.4639,62.7809,496.9749,0.0,390.3759,132.7586,58.132,2.4622,3.0848,0.2711,5.019,39.9714,0.0,19.8276,661.3333,9.547455303004604,3.5499,14.4877,0.25379999999999997,5.1434,8.9536,3.2418,12.6419,73.216,17.18,0.69,7.7242,0.273,87.3475,4.2525,0.9424,0.1623,0.0397,16.633,4.98,0.0877,2.0902,0.0382,1.8844,15.4662,533.4773,2.2113,7.28,0.4502,2.2773,0.1271,1.3646,20.3592,0.0134,2.669,0.0234,0.0102,43.5691
-1.0,2945.9,2227.2444,1.2803,102.7956,1.5401,0.0036,-0.0036,193.8465,7.9669,419.7281,0.9802,184.7558,12.4996,1.4137,-6375.125,-7014.25,1.3195,1.9848,7.418,68.2,2.3,0.1937,87.1083,8.7779,64.4107,66.3369,86.797,77.83,3.396,352.0118,135.0636,727.2059,1.3168,144.3573,631.4327,219.2869,4.596,4.835,2832.0,0.9366,-1.0182,351.0527,10.464,114.0455,14.8118,21.0182,28.5851,698.6208,151.5227,616.6209,119.0288,0.0168,-0.0132,0.0707,-0.0064,-0.0163,-0.0056,0.0365,6.9415,0.1211,0.9641,1858.9403,0.2097,8747.9801,-0.0309,-0.053,0.0211,0.1088,0.47238423150538966,0.948,781.5384,0.9867000000000001,58.1897,0.5998,0.9636,6.2941,15.75,6.023,15.82,15.75,1.805,0.9265,3.087,-2.9329,0.5013,2.2725,999.7303,112.0,79.3,66.1,66.0999,286.999,0.1245,0.0776,0.0387,0.0594,0.0059,10.9038,7.442,15.228,0.0046,0.21,0.0679,922.0,17919.5,0.214,0.106,0.048,2.1,0.55,0.4059,0.1865,0.5538,0.1701,0.6053,0.531,0.0901,10.48,13.61,48.019,0.24,15.77,3.01,32.365,59.566,0.0621,0.0678,0.0435,0.0279,0.0577,0.1238,0.0917,0.0664,1.8556,0.074,0.0122,123.4944,0.0788,794.5996,0.0176,0.012,0.05803232700573158,0.0228,90.2595,3.9001,0.01,0.5683,0.0759,5.1011,31.0687,23.1023,21.0415,0.0376,1.828,0.0276,2.2219,0.0561,0.0261,434.9363,289.3084,5704.7471,8171.3755,0.0921,0.0445,0.0228,0.6144,0.0489,0.1627,0.1495,0.0738,0.0543,5.0135,0.1825,9.2908,0.026,2.9023,4.1054,15.9705,0.0648,1.0412,1.8131,10.1813,21.2333,0.0142,0.0277,0.0185,0.0126,0.0153,0.0642,0.0516,0.035,0.6518,0.0227,0.0046,49.1998,0.0256,274.9461,0.014352954246857955,0.0064,30.2593,1.1898,0.0039,0.1908,0.0276,3.9473,1.5095,5.0187,2.6919,2.6028,2.9678,25.401,9.7245,5.0387,93.4114,3.6281,0.4657,1.6801,4.8066,171.0156,255.765,16.2183,5.3407,0.6471,3.0792,73.913,68.1583,15.6388,0.466,2.1246,0.8598,0.6795,5.1021,5.5233,4.2296,6.8398,7.2598,2.1554,21.8978,5.242,2.2936,5.5153,106.4691,4.6327,13.2764,50.0434,368.9566,618.59025,39.4904,901.5625,760.6759,0.0,181.6689,26.7319,2.8899,3.0692,1.266,6.6433,37.5904,0.0,38.6555,757.8947,10.731959463973897,2.4017,11.5489,0.25379999999999997,6.7024,9.0293,3.3384,12.3719,73.814,15.92,1.49,7.2422,0.5459,23.2125,3.8763,2.0186,0.6253,0.1157,66.8955,3.6,0.0567,1.4087,0.0243,1.4328,7.8173,530.9809,2.3259,9.94,0.2182,3.2617,0.0779,1.872,9.3821,0.0086,1.7103,0.0052,0.0203,255.5817
-1.0,3087.24,2108.7223000000004,2.5534,96.6256,1.3824,-0.007,0.001,198.0719,5.5385,391.131,0.974,187.8853,12.5049,1.4109,-6375.125,-4613.3333,1.2938,2.0002,7.3065,71.5444,2.6,0.2,86.238,8.287,64.1468,66.3076,86.9546,80.14,3.088,353.0918,141.6436,737.3929,1.2657,138.6055,633.3409,229.589,4.588,4.839,2859.0,0.9279,-0.9945,351.3236,10.3676,120.6491,15.8782,20.9945,27.0475,710.3454,145.49,617.4627,44.4472,-0.0058,-0.0001,0.0248,-0.0002,-0.0124,0.0023,-0.0096,6.6059,0.1322,0.9898,1806.1793,0.192,8434.72,-0.051,-0.0056,-0.0471,-0.0506,0.4651,0.9509,641.7353,0.9913,57.584,0.6069,0.9695,6.2053,15.84,3.234,15.91,15.82,1.182,0.5516,3.058,-2.647,0.8349,2.3883,1012.9822,85.0,151.7,112.2,26.599799999999988,325.8619,1.0612,0.0711,0.0446,0.051,0.0205,5.5263,3.282,12.15,0.0112,0.42,0.0471,190.0,9732.0,0.19,0.12,0.045,3.3,0.302,0.909,0.1096,0.6641,0.3467,0.868,0.509,0.1268,5.56,19.26,51.376,0.631,22.11,8.71,31.911,24.482,0.0998,0.09,0.0234,0.038,0.0822,0.0673,0.1198,0.04,5.3297,0.0287,0.0007,88.4938,0.02,1522.8003,0.0167,0.013,0.0097,0.0184,127.9752,3.7827,0.0276,0.2497,0.1213,3.7346,20.1801,41.3535,32.0147,0.36060000000000003,3.3846,0.026,0.9332,0.1183,0.0189,82.9518,222.5704,3675.7579,5178.9609,0.0804,0.0561,0.02,1.0549,0.0344,0.1105,0.3366,0.0428,0.0776,5.7735,0.1579,9.5337,0.0394,2.017,6.3969,16.8663,0.1823,2.5059,3.2198,9.9176,7.6734,0.0284,0.0383,0.0106,0.0178,0.0261,0.0342,0.0603,0.0172,1.9352,0.0095,0.0003,29.4493,0.0064,473.6453,0.0032,0.0054,41.0091,1.0028,0.0085,0.0869,0.035,8.1073,1.1571,3.9304,4.9138,4.542,1.259215111510735,23.1049,64.9361,5.1432,59.2584,3.1064,1.1538,3.3587,3.3376,126.2444,210.9538,14.686,5.9993,0.6159,4.6125,57.6923,50.5,8.5801,1.0541,1.3221,1.0353,0.3985,5.4773,9.0932,4.179,10.0217,4.0114,3.041,22.3774,7.4635,6.0862,17.537999999999997,139.2478,4.4923,14.0213,55.0811,0.0,0.0,152.9175,0.0,540.5622,0.0,417.7546,80.6798,2.7988,1.171,0.0724,4.8995,10.4099,0.0,24.3115,0.0,2.0829,1.9312,19.942,0.0717,6.569,4.0248,5.0802,10.889,73.546,16.23,0.87,7.0941,0.3417,15.604,4.0671,1.1829,0.2247,0.0534,21.8828,11.969999999999999,0.3343,4.532500000000001,0.132,4.638249999999999,38.05341532073962,531.3346,2.2421,8.49,0.3689,2.7936,0.1177,1.5979,16.4543,0.0131,2.5835,0.0052,0.0203,255.5817
-1.0,2964.71,2202.3556,0.8676,102.7833,1.4226,-0.013,0.0063,202.9268,7.6657,409.497,0.9751,193.1813,12.3351,1.4042,-3771.75,7084.9583,1.28,1.9835,7.333,66.9889,2.2222,0.1807,84.1975,8.7548,64.5815,66.371,86.2183,63.93999999999998,5.041,351.8436,139.7227,735.2766,1.2696,144.1245,635.6909,239.1427,4.592,4.871,2852.0,0.9301,-0.9236,351.5291,10.3332,118.7991,19.1064,20.9236,32.7145,702.5621,146.2564,616.5845,142.8895,-0.0162,-0.0243,-0.0008,0.0084,0.0051,-0.0083,0.11345000000000001,7.2251,0.1295,0.9688,1814.9518,0.2168,8502.3101,-0.0096,-0.0512,-0.0052,-0.0621,0.4593,0.9298,720.0551,0.9867000000000001,59.7702,0.6027,0.9794,6.2564,15.75,6.063,15.83,15.71,1.801,0.9527,2.908,-2.9329,0.562,2.2647,1001.8289,77.0,210.1,187.1,50.4001,169.519,0.1006,0.104,0.0501,0.0388,0.0151,8.2516,2.906,22.74,0.0102,0.22,0.045,1137.0,4026.0,0.154,0.111,0.431,2.1,0.933,0.6697,0.1145,0.5289,0.2086,0.8093,0.3,0.1742,5.4,18.45,39.137,1.346,20.08,5.11,33.08,99.303,0.0834,0.0531,0.0336,0.023,0.0432,0.0902,0.1024,0.0093,5.8404,0.0589,0.0041,64.2338,0.094,659.7998,0.026,0.0104,0.0184,0.0329,75.9626,2.9102,0.0301,0.4741,0.0734,5.0843,21.9679,77.5099,69.9213,0.0305,1.8653,0.0357,1.0148,0.0579,0.0126,474.4663,90.8277,2308.2459,2014.2727,0.0682,0.0454,0.1815,0.7656,0.0387,0.2777,0.2426,0.0562,0.1131,5.4381,0.0988,9.4871,0.054,2.1514,5.4107,12.9219,0.3553,1.7974,1.9021,10.449,29.7697,0.0225,0.0242,0.0147,0.0102,0.0119,0.0441,0.0531,0.0038,2.2828,0.0197,0.0012,17.2157,0.0274,205.5723,0.0059,0.008,26.6054,0.8145,0.0093,0.1628,0.0241,6.6426,1.6544,3.4398,7.0867,7.4969,2.2885,16.6044,11.5942,7.3103,37.909,5.5532,1.0438,1.7835,3.2039,134.4204,45.2224,12.0312,5.5962,5.8775,3.1348,49.5,67.5277,26.9645,0.7954,1.3082,0.819,0.2855,4.8743,9.2898,4.1437,13.7196,3.7468,2.9024,16.3655,6.475,13.026,15.0254,105.0959,4.7085,21.8676,69.4964,513.8236,618.59025,0.0,513.1403,0.0,0.0,7.8697,80.8348,2.2392,2.43,0.4255,3.5391,43.3471,0.0,59.6882,683.6364,4.0004,3.5363,10.5496,0.25379999999999997,4.8689,7.5783,3.2418,12.6419,74.806,19.77,0.78,8.4798,0.3702,46.708,4.897,1.0427,0.3097,0.068,31.9092,4.98,0.0877,2.0902,0.0382,1.8844,15.4662,530.9809,2.3259,9.94,0.2182,3.2617,0.0779,1.872,9.3821,0.0197,3.9183,0.0052,0.0203,255.5817
-1.0,2964.0,2227.2444,1.2803,102.7956,1.491,-0.0159,0.0087,198.7341,7.6855,400.5449,0.9812,188.8245,12.539,1.4034,-4938.5,-678.0,1.2722,2.0032,7.2905,62.2889,2.9333,0.2471,84.0397,9.1287,64.215,66.921,86.8827,78.52,2.666,351.42,133.5282,725.5783,1.3638,147.0,631.9482,248.9486,4.6,4.871,2842.0,0.9346,-0.6609,350.8418,10.4705,112.8673,12.8537,20.6609,28.2815,697.2967,155.3855,619.0945,130.3436,0.0007,0.0064,-0.0014,-0.0271,-0.0093,-0.0229,0.11345000000000001,7.0272,0.1368,0.9907,1825.8952,0.1948,8892.88,-0.0493,0.0242,0.0054,-0.0421,0.4589592655919814,0.9588,782.7267,0.9913,57.7835,0.5995,0.9644,6.3212,15.77,5.999,15.81,15.73,1.739,0.9472,3.046,-2.9329,0.5524,2.2668,1001.4417,98.0,204.5,64.5,66.0999,286.999,0.1245,0.23175000000000004,0.0625,0.0501,0.0072,7.0398,5.985,14.045,0.0038,0.28,0.0715,352.0,2739.0,0.119,0.151,0.235,2.2,0.789,0.686,0.0089,0.5708,0.3275,0.7906,0.473,0.1012,6.22,14.28,71.527,0.157,13.12,2.87,26.856,124.597,0.0762,0.0839,0.12045,0.0251,0.0658,0.0985,0.0874,0.0114,3.6348,0.0698,0.0009,80.412,0.0327,824.0,0.0119,0.0167,0.05790060975342348,0.0131,102.9546,1.0055,0.0549,0.5102,0.0777,3.3445,28.4939,76.6969,21.9361,0.0376,1.828,0.08085,1.7047,0.0687,0.0266,169.627,125.0333,1427.4295,1188.0384,0.0519,0.0649,0.0981,0.7167,0.0579,0.2316,0.2598,0.0034,0.119,4.7264,0.1487,8.5272,0.0321,2.158,4.3457,22.088,0.0416,0.871,1.3399,8.599,41.1277,0.0185,0.0343,0.055099999999999996,0.0105,0.0169,0.0474,0.042,0.0055,1.2489,0.0253,0.0003,24.8291,0.0093,212.9257,0.010881966574454609,0.0039,26.4998,0.3744,0.0147,0.1743,0.026,5.0222,1.0412,4.2872,6.8995,2.6055,2.9678,25.401,9.7245,16.1177,77.8744,3.5065,0.3896,2.233,5.0941,65.6677,403.9823,9.3535,7.5378,3.2234,3.5319,44.3182,78.9119,22.4914,0.8163,0.0974,0.8889,0.1964,4.4306,3.8419,3.733,7.4201,4.2313,2.2597,28.7316,6.1318,1.4995,3.4111,102.0721,3.8514,18.9632,95.5912,0.0,232.8938,0.0,242.7484,0.0,381.2432,9.441,51.7245,2.6314,3.063,0.0921,4.404,16.8105,120.7957,25.7471,0.0,11.746093798391518,1.3628,13.1533,0.0648,1.7401,8.0709,3.426,7.1075,78.248,17.85,0.84,8.4478,0.3335,43.4984,4.3546,1.0735,0.3275,0.061,35.1945,4.46,0.1493,1.9466,0.068,1.7921,18.1924,530.9809,2.3259,9.94,0.2182,3.2617,0.0779,1.872,9.3821,0.0186,3.7337,0.0052,0.0203,255.5817
-1.0,2980.29,2108.7223000000004,2.5534,96.6256,1.6057,0.0023,0.007,200.0485,6.9335,403.5455,0.9733,190.3491,12.5484,1.3996,-4505.5,-7175.24995,1.2868,2.0002,7.3505,74.1556,2.0222,0.1588,85.4438,8.4278,64.332,66.0827,87.1524,80.18,2.97,350.7209,130.1736,720.3286,1.1555,138.3045,619.1991,51.3772,4.563,4.805,2867.0,0.9307,-0.1918,351.9973,10.6235,109.9818,9.7891,20.1918,25.7279,694.6006,147.4309,609.41,89.3409,0.0022,0.0116,0.0125,0.0079,0.0123,-0.026,0.0161,7.8011,0.1286,0.9872,1937.2993,0.1967,8875.7501,-0.0564,0.0595,0.0066,0.0019,0.4651,0.9624,771.3075,0.9908,58.4119,0.606,0.9789,6.2146,15.77,5.999,15.81,15.73,1.739,0.9472,3.046,-2.9329,0.5524,2.2668,1001.4417,128.0,147.5,76.6,26.599799999999988,325.8619,1.0612,0.102,0.0429,0.0393,0.0131,8.0439,4.94,16.192,0.0089,0.24,0.0654,284.0,14705.0,0.206,0.088,0.139,2.1,0.562,0.6458,0.0826,0.601,0.2308,0.7477,0.603,0.1822,7.97,20.88,27.243,0.257,19.13,5.67,32.113,51.05,0.0609,0.053,0.0252,0.0588,0.1015,0.0995,0.0867,0.0583,3.257,0.0279,0.0027,168.7511,0.0595,1249.7998,0.0135,0.0162,0.0194,0.0308,147.2044,3.1647,0.0271,0.197,0.0777,3.3445,34.4524,44.0632,29.7273,0.36060000000000003,3.3846,0.0369,1.6144,0.0599,0.0257,133.7672,252.5132,1260.3509,7203.3214,0.0888,0.0415,0.0598,0.6521,0.0354,0.1771,0.2522,0.0339,0.0916,5.5402,0.1683,8.3765,0.0576,2.0302,6.6635,8.2,0.0747,1.9889,2.3799,10.0401,14.2041,0.0195,0.0252,0.0119,0.0253,0.0272,0.0486,0.0435,0.0243,1.0263,0.0116,0.0007,51.7065,0.0179,329.1576,0.0055,0.0111,40.9591,0.9955,0.0086,0.0698,0.026,5.0222,1.0412,5.8803,4.9492,3.0536,1.259215111510735,23.1049,64.9361,6.3524,71.2478,4.0124,0.9145,1.9126,4.6736,58.9724,127.512,16.0093,4.3995,1.891,2.8319,69.2308,64.2407,16.5473,0.7558,0.9803,0.9342,0.1757,5.1209,4.8551,3.8238,15.7714,5.7626,3.3721,53.0255,5.9507,2.4192,5.019,195.4212,4.6232,11.2026,57.1407,0.0,294.0361,468.5259,0.0,810.5906,333.1412,362.1118,41.7503,2.9559,1.1555,0.2743,8.7106,30.2589,724.0223,22.3423,975.0,4.1618,3.2031,19.085,0.1497,5.418,3.1704,3.426,7.1075,75.228,20.8,1.64,9.3161,0.7662,37.5651,5.2317,2.18,0.2331,0.0477,23.8454,4.98,0.0877,2.0902,0.0382,1.8844,15.4662,532.5954,2.1606,10.59,0.3212,3.4596,0.0944,1.9884,14.8682,0.0166,3.2954,0.0052,0.0203,255.5817
-1.0,3048.93,2197.3222,2.0983,97.6267,1.5119,-0.0087,0.0051,198.8367,8.7363,402.7519,0.974,188.8961,12.5682,1.4182,-2438.25,-5245.0,1.341,1.9752,7.2717,66.8667,2.1889,0.1708,84.1975,8.7548,64.5815,66.371,86.2183,63.93999999999998,5.041,351.9845,138.0464,732.331,1.2832,141.4327,631.4636,231.2762,4.574,4.81,2854.0,0.931,-2.2818,354.0127,10.2506,115.7645,14.03,22.2818,29.3235,703.0075,147.6564,617.4336,120.7119,0.0277,0.0068,0.0497,-0.0227,-0.0161,-0.0256,-0.0059,7.4738,0.1304,0.988,1776.6367,0.2134,8698.4101,-0.105,-0.013,0.0373,0.0607,0.4644,0.9342,733.7798,0.9867000000000001,57.3084,0.6046,0.98,6.2397,15.77,5.999,15.81,15.73,1.739,0.9472,3.046,-2.9329,0.5524,2.2668,1001.4417,134.0,194.3,184.4,69.4001,357.4709,0.4463,0.119,0.11930000000000002,0.0618,0.0178,6.9796,15.976000000000003,26.932000000000002,0.0095,0.32,0.128,978.0,10008.0,0.056,0.045,0.203,3.0,0.472,0.6697,0.1145,0.5289,0.2086,0.8093,0.241,0.1708,6.43,20.49,52.132,1.183,21.91,8.93,29.278,43.864,0.0946,0.0517,0.0819,0.0285,0.0945,0.0545,0.0535,0.1038,4.3533,0.067,0.0019,91.8219,0.0564,606.6992,0.0103,0.01,0.0607,0.0407,71.6049,4.1545,0.0499,0.2591,0.0777,3.3445,33.8694,63.3529,59.8992,0.139,1.8521,0.0408,4.96435,0.0812,0.0422,399.5276,179.7171,2817.7797,5146.7554,0.0251,0.0217,0.0899,1.1424,0.0368,0.1496,0.2426,0.0562,0.1131,5.7814,0.0742,9.4154,0.0461,2.1752,6.4096,17.085,0.3246,2.3185,1.9802,9.4173,17.4573,0.0235,0.0212,0.0379,0.0135,0.0254,0.0241,0.0284,0.0528,1.623,0.0215,0.0006,28.6131,0.0158,210.7066,0.0181,0.0117,22.4795,1.2996,0.0161,0.0819,0.026,5.0222,1.0412,6.1646,6.3727,7.5209,3.1584,22.5257,21.2704,7.8708,164.29784999999998,6.508749999999999,0.9762,2.5461,9.13815,237.3424,190.8103,4.176,2.2782,2.7916,4.4865,50.2538,71.4379,14.1341,0.7954,1.3082,0.819,0.2855,5.0315,10.6414,4.3269,13.3144,4.5463,3.2448,22.541,6.5618,11.5407,17.537999999999997,156.1658,4.1647,27.5964,36.3378,341.902,0.0,57.3441,416.9884,339.0358,209.1887,0.0,58.2476,2.1476,2.7692,0.1884,5.1683,26.421,267.1119,45.9372,0.0,13.0754,4.3602,9.7584,0.25379999999999997,7.2493,4.1522,3.426,7.1075,73.546,16.23,0.87,7.0941,0.3417,15.604,4.0671,1.1829,0.3683,0.0661,38.756,3.52,0.1134,1.3937,0.0484,1.341,15.8939,530.3073,2.4103,8.05,0.4025,2.6506,0.11,1.518,16.7005,0.012,2.4203,0.0052,0.0203,255.5817
-1.0,3055.29,2197.8922827550464,2.5534,103.53757674382948,1.4326,0.0138,-0.0096,202.0315,6.2035,401.1878,0.961,192.2378,12.4049,1.4044,-6375.125,1332.75,0.9505,1.884,4.868,71.6444,2.8667,0.191,84.2942,8.7199,63.8867,65.9445,86.7612,76.97,3.102,350.82,153.1627,754.7813,1.2061,144.3664,648.3491,241.924,4.52,4.752,2889.0,0.9241,-5.9336,354.8191,10.0764,127.2291,16.5782,25.9336,35.4672,719.3141,149.7227,631.7709,58.8618,0.0058,0.01,0.0007,0.0084,0.0304,-0.0186,0.0196,7.8566,0.1418,0.9871,1794.9025,0.1945,9093.5701,-0.1403,0.026,0.0317,-0.0524,0.44102064378423156,0.9556,708.0301,0.9909,59.1439,0.5941,0.9654,6.5368,15.75,6.355,15.81,15.71,1.763,0.9902,2.939,-2.9329,0.5638,2.2564,1013.7167,136.0,87.9,69.3,57.45211102679481,413.01520147058454,1.0612,0.1072,0.0466,0.0559,0.0148,8.618,3.322,12.485,0.0172,0.19,0.0496,527.0,128.0,0.061,0.029,0.172,3.6,0.139,0.6019,0.1365,0.6086,0.2314,0.6482,0.278,0.0775,8.49,13.65,106.831,1.037,21.44,6.24,28.077,75.118,0.0708,0.0379,0.0448,0.0517,0.0781,0.1207,0.1072,0.0444,2.203,0.0438,0.002,91.399,0.0224,1088.3994,0.0343,0.011,0.05005953556581327,0.0258,89.6494,4.6095,0.0322,0.5566,0.0743,2.8994,34.4617,25.3306,24.7091,0.36060000000000003,2.2037580741152674,0.0357,1.1439,0.0533,0.0179,223.1029,191.7262,1994.4775,56.5059,0.0251,0.0124,0.0785,1.0489,0.0224,0.0456,0.2161,0.058,0.0543,4.492,0.084,9.623,0.0274,2.867,4.3366,25.5895,0.3231,2.012,1.7264,9.3982,21.9205,0.0238,0.0189,0.0197,0.0212,0.0262,0.0563,0.05,0.0203,0.7653,0.0142,0.0006,28.0191,0.0059,340.5383,0.013178319094002224,0.0109,33.6816,1.3253,0.0116,0.1891,0.0251,5.0797,0.8713,6.0503,2.877,2.5619,2.613554637188378,35.040762445215165,22.521740036608282,7.483,53.55,3.112,1.7907,1.5317,3.531,52.4533,9.6042,6.4177,1.5393,3.5333,5.0248,13.9535,32.4607,3.0233,0.714,1.566,0.9526,0.6795,4.3584,5.3864,4.0172,6.4263,5.8809,2.1053,44.1589,5.5812,10.2914,6.2564,129.3263,3.9033,44.4727,127.6175,0.0,0.0,0.0,934.2105,397.3663,576.3441,226.242,28.0403,2.3187,1.8046,0.2043,5.0921,11.5418,0.0,39.4231,0.0,12.11933879143802,2.7028,12.6618,0.0789,7.7937,8.5148,3.2931,6.6013,79.91,20.84,1.32,9.583,0.6118,11.0923,5.2197,1.6519,0.8985,0.1946,83.375,7.63,0.1367,2.9206,0.0648,2.8582,13.8616,534.9155,1.7591,9.08,0.1849,3.267,0.0609,1.6975,10.5108,0.026000000000000006,5.21645,0.0295,0.0244,82.5604
-1.0,3001.53,2108.7223000000004,2.5534,96.6256,1.5317,-0.0036,-0.0045,202.6478,6.5925,397.3771,0.9708,192.9986,12.4978,1.3907,-3525.5,-732.0,1.2363,1.963,7.097,68.7778,2.3667,0.1684,83.6681,8.8546,64.5531,66.2479,86.4099,80.2,2.541,356.8636,124.6464,720.8008,1.4283,148.8582,630.3682,222.4679,4.603,4.804,2867.0,0.9298,5.7182,356.0618,10.5277,110.3645,14.6864,14.2818,22.5821,698.2187,149.2555,615.6818,96.3165,0.0096,-0.015,0.0399,-0.0109,-0.0012,-0.0166,-0.0237,8.2205,0.1447,0.99,1740.5678,0.1757,8493.19,-0.0436,0.0177,0.0376,0.0978,0.4625,0.9696,683.5583,0.9906,58.2692,0.6023,0.963,6.3793,15.77,5.999,15.81,15.73,1.739,0.9472,3.046,-2.9329,0.5524,2.2668,1001.4417,105.0,109.4,36.3,26.599799999999988,325.8619,1.0612,0.0766,0.039,0.0437,0.0093,8.302,4.412,11.551,0.0085,0.28,0.0417,935.0,4261.0,0.117,0.075,0.257,3.0,0.324,0.6139,0.1212,0.6329,0.3926,0.9048,0.42,0.0607,3.9,18.56,68.896,0.509,23.2,5.85,34.9041,95.789,0.0824,0.0966,0.0528,0.0162,0.0961,0.1218,0.1513,0.0603,1.9447,0.0274,0.0018,99.5107,0.0642,848.0005,0.0132,0.0114,0.0216,0.0064,86.7186,3.6612,0.0206,0.5728,0.0777,3.3445,24.3936,35.2787,11.8252,0.36060000000000003,3.3846,0.0236,1.3078,0.0659,0.0154,385.1831,151.6784,358.0209,1974.5205,0.0522,0.0331,0.1151,1.1681,0.0349,0.1081,0.2229,0.0471,0.1229,5.5603,0.119,8.4865,0.018,1.3837,5.4324,20.0433,0.1647,1.7613,3.1475,10.779,35.1223,0.0246,0.0395,0.0217,0.0071,0.0331,0.0604,0.0698,0.0254,0.6714,0.0095,0.0005,30.6092,0.0185,246.1163,0.0055,0.0021,28.1608,1.118,0.0067,0.1923,0.026,5.0222,1.0412,4.7309,3.6448,1.4291,1.259215111510735,23.1049,64.9361,5.0009,66.9241,2.9068,0.8758,2.2404,3.0014,22.3798,582.1038,9.4641,3.8207,3.6212,4.3619,46.4789,68.2718,9.6662,0.7337,1.3683,0.9804,0.4267,4.8898,4.1156,3.6627,4.2468,2.6199,2.9443,30.969,6.3156,4.8349,8.1548,157.9694,4.999,25.9895,99.4523,860.1253,317.2414,40.5761,884.3558,0.0,914.1994,254.4304,23.6566,2.4873,1.1253,0.1782,5.7171,36.5304,0.0,39.0698,0.0,4.6598,0.6597,12.6864,0.1551,6.2832,8.979,3.426,7.1075,78.864,14.09,0.62,6.9714,0.2501,57.0006,3.6371,0.7862,0.2015,0.0431,21.0966,4.98,0.0877,2.0902,0.0382,1.8844,15.4662,531.8455,2.2544,8.64,0.2994,3.0979,0.0888,1.6245,13.283,0.013,2.5996,0.0295,0.0244,82.5604
-1.0,3077.04,2108.7223000000004,2.5534,96.6256,1.541,0.0211,-0.0038,198.243,8.3811,420.8628,0.9655,188.5091,12.5094,1.4268,-3909.25,1431.25,1.2837,2.006,7.2973,74.1111,1.9889,0.1481,84.3084,8.3591,64.5242,65.973,86.9351,79.94,3.054,354.6291,134.5509,729.6448,1.1842,139.1182,628.2982,49.8538,4.59,4.868,2858.0,0.9256,-5.1255,355.4191,10.6737,109.4255,14.9391,25.1255,31.2285,698.4164,148.5145,613.3591,102.9384,-0.0308,-0.004,-0.0131,-0.002,-0.0404,-0.0243,0.0189,7.5259,0.1364,0.9874,1751.8155,0.193,8911.7999,0.021,-0.0149,-0.0299,-0.0385,0.4621,0.9413,743.8594,0.9912,57.2919,0.6063,0.9808,6.2611,15.77,5.999,15.81,15.73,1.739,0.9472,3.046,-2.9329,0.5524,2.2668,1001.4417,125.0,147.1,81.4,26.599799999999988,325.8619,1.0612,0.0856,0.0459,0.0397,0.0117,3.0863,4.582,17.24,0.012,0.19,0.1116,995.0,17919.5,0.118,0.131,0.16,1.4,0.462,0.486,0.1807,0.6304,0.2914,0.7801,0.935,0.1497,8.47,22.14,21.736,0.493,22.96,5.63,29.021,70.236,0.1009,0.0988,0.1157,0.0621,0.1178,0.1507,0.0489,0.0727,5.7491,0.0746,0.002,108.0521,0.04,949.5,0.0091,0.0143,0.0199,0.0198,117.5994,3.3475,0.0368,0.2444,0.0777,3.3445,30.8159,51.7614,29.1852,0.36060000000000003,3.3846,0.0313,1.3849,0.0481,0.0382,438.984,110.7682,1378.845,8994.62525,0.0536,0.0599,0.0662,0.5349,0.037,0.1636,0.1894,0.0664,0.1114,6.1328,0.2593,9.5751,0.0427,2.5412,7.3719,6.1864,0.1548,1.4743,1.5942,9.1536,23.0827,0.031,0.0443,0.0537,0.0316,0.03,0.065,0.0211,0.0327,1.8609,0.0226,0.0009,34.2345,0.0111,262.3821,0.0044,0.0056,32.7886,1.053,0.0133,0.0865,0.026,5.0222,1.0412,5.7561,4.7806,3.2967,1.259215111510735,23.1049,64.9361,5.5547,54.6707,4.0963,1.2386,1.5189,7.8233,81.6013,0.0,9.1918,6.5304,2.1926,1.8891,70.3911,70.2176,13.8121,0.5765,2.1618,0.977,0.2154,6.3926,5.4923,4.0892,12.643,6.0883,3.5238,43.5995,5.9199,4.6188,5.5106,153.6906,4.1553,10.6001,68.2311,327.1327,194.8718,473.1429,0.0,373.2508,201.4418,384.148,76.3908,2.9326,3.1485,0.2055,6.168,20.7486,0.0,47.1035,0.0,4.3131,2.1036,15.8094,0.068,5.8429,3.9032,3.426,7.1075,76.08630997699332,17.04199118076716,1.2554389805297768,7.599003166540924,0.54056143782623,47.39892574436467,4.2505960186383716,1.660293864194639,0.2015,0.0431,21.0966,7.24,0.2428,2.6025,0.1052,2.8049,30.7763,530.6746,2.0193,10.8,0.3051,3.894,0.086,2.0351,15.1082,0.0173,3.4852,0.0401,0.0219,54.5609
-1.0,3062.47,2168.7333,1.3739,104.8544,1.5498,0.0168,0.0055,198.3204,6.9771,398.4584,0.9768,188.4567,12.5331,1.3971,-3686.25,170.0,1.2893,1.9627,7.2685,71.6444,1.9333,0.1559,83.5182,8.6149,64.2488,66.2024,86.7323,79.02,3.014,351.3627,139.9227,733.1945,1.1605,137.0445,628.33,52.5821,4.592,4.871,2852.0,0.9301,-2.1309,352.3909,10.4143,117.7918,13.243,22.1309,26.0868,707.1077,146.2827,616.4655,45.6085,-0.034,-0.0472,0.0737,0.0071,0.0139,-0.0059,0.0268,7.7247,0.1337,0.9906,1787.1098,0.2189,8081.4499,-0.0236,0.0065,-0.0142,-0.1187,0.4536,0.9434,686.2564,0.9904,60.4342,0.6087,0.9618,6.4393,15.77,5.999,15.81,15.73,1.739,0.9472,3.046,-2.9329,0.5524,2.2668,1001.4417,104.0,184.3,129.6,57.0999,488.666,0.1271,0.0669,0.0553,0.045,0.012,3.0342,4.263,15.569,0.0086,0.22,0.0195,624.0,8021.0,0.169,0.174,0.253,4.2,0.682,0.8652,0.0643,0.6966,0.4942,0.9463,0.531,0.214,11.08,20.84,26.801,0.444,20.89,6.02,32.697,29.962,0.0712,0.10470000000000002,0.0378,0.0371,0.0366,0.1049,0.1173,0.0437,2.3526,0.0594,0.001,132.5828,0.1057,1364.8994,0.019,0.0112,0.0197,0.0251,162.8923,3.6151,0.0306,0.2696,0.0777,3.3445,28.2267,68.3274,35.792,0.0464,2.3721,0.0218,1.4144,0.0626,0.0072,290.3841,89.8383,401.446,4361.3577,0.0714,0.0715,0.1157,1.2551,0.0445,0.2148,0.3419,0.0281,0.1065,5.6093,0.1722,8.9428,0.0584,3.0152,6.3938,8.4512,0.1284,1.9859,2.0363,9.991,7.8129,0.0177,0.0455,0.0169,0.0171,0.0118,0.0476,0.0579,0.0194,0.8497,0.0195,0.0004,41.7363,0.0339,384.0475,0.0063,0.0088,45.302,1.0887,0.0104,0.0831,0.026,5.0222,1.0412,4.7042,6.018,5.3061,2.6329,48.8865,9.2525,4.3167,61.1,3.9073,0.8824,1.7554,1.3929,23.5198,0.0,13.1084,8.8651,3.4808,5.8623,56.8966,83.3927,19.793,1.0359,0.7466,1.0842,0.3007,4.7273,8.1259,4.0433,18.4381,8.085,3.3167,50.9698,6.475,4.2634,12.5051,157.7438,4.6241,29.3522,65.694,209.2963,0.0,50.3734,514.587,757.4007,0.0,163.0597,30.4559,0.9721,2.4407,0.1022,7.4188,48.2843,369.4845,34.1048,0.0,4.3519,2.6612,23.7364,0.0837,5.9819,4.1861,3.426,7.1075,75.204,18.26,1.36,8.8441,0.5417,76.5468,4.5069,1.8084,0.3683,0.0661,38.756,4.98,0.0877,2.0902,0.0382,1.8844,15.4662,533.4773,2.2113,7.28,0.4502,2.2773,0.1271,1.3646,20.3592,0.0109,2.1717,0.0207,0.0084,40.8368
-1.0,3071.15,2228.7222,1.7383,94.6056,1.5431,-0.0093,0.0105,198.7599,7.6825,414.7182,0.9731,188.7565,12.3351,1.4069,-3257.75,-13.5,1.292,1.991,7.3042,72.7667,2.6556,0.2029,85.4487,8.6695,63.7619,66.2322,86.6658,79.21,3.559,352.3655,134.4636,727.1115,1.3277,144.4982,631.3273,224.2592,4.601,4.853,2846.0,0.9348,0.42,350.5082,10.4523,114.8836,13.6146,19.58,26.5186,700.5929,152.3209,617.7127,134.529,0.0122,-0.0673,0.0465,-0.0148,-0.0175,-0.0157,0.006,7.7977,0.1386,0.9643,1882.9529,0.1948,8684.6001,-0.1883,-0.0381,0.0599,0.0586,0.459,0.9543,758.6616,0.9867000000000001,55.696299999999994,0.611,0.9799,6.2848,15.84,3.234,15.91,15.82,1.182,0.5516,3.058,-2.647,0.8349,2.3883,1012.9822,103.0,238.0,210.3,34.5,509.54,0.2936,0.0968,0.0503,0.0649,0.02,9.1317,5.395,13.71,0.0101,0.22,0.0596,471.0,1160.0,0.133,0.138,0.36,3.3,0.36,0.7362,0.0627,0.6906,0.3562,0.8576,0.358,0.1023,9.21,11.21,67.217,0.2,14.76,2.97,29.839,148.05,0.0919,0.039,0.039,0.0353,0.0891,0.1055,0.0976,0.0471,2.8647,0.0729,0.0131,211.9355,0.0296,1841.5996,0.0264,0.03420000000000001,0.0188,0.0232,194.1279,1.6454,0.0529,0.5732,0.1213,3.7346,27.4086,76.7289,68.0069,0.0982,3.0495,0.0293,1.5362,0.0579,0.0173,202.3205,114.3343,304.7243,521.2175,0.0618,0.0569,0.1525,1.3019,0.0418,0.101,0.2907,0.0248,0.0902,5.6325,0.1019,8.7352,0.0309,2.9572,4.0592,22.1471,0.0662,0.8843,1.3894,9.5273,43.8259,0.0212,0.0172,0.0163,0.0167,0.0253,0.0508,0.0472,0.0209,1.0716,0.0234,0.0042,62.5957,0.0108,581.568,0.0044,0.009,65.3858,0.516,0.0166,0.1899,0.035,8.1073,1.1571,4.7327,7.7495,8.4086,1.548,17.3205,16.8877,6.2733,70.225,3.3059,1.0423,1.7835,4.2342,19.6455,0.0,10.2941,6.9312,4.9286,4.535,56.4854,68.0175,10.5969,0.8616,0.7233,1.0831,0.2142,5.2587,3.5251,3.7014,7.7025,6.3738,1.7756,29.9729,5.5382,1.9135,5.4055,108.4132,4.2591,15.8056,110.0506,751.7382,86.9081,75.914,603.0457,603.7196,622.6475,785.0,36.7384,1.5148,3.0215,1.3566,11.2555,15.2094,0.0,50.4298,975.6098,4.1027,2.4329,25.5882,0.25379999999999997,2.9892,9.1202,5.0802,10.889,74.32,14.72,0.99,6.8733,0.3518,48.7377,3.6104,1.3321,0.7874,0.1946,70.6158,6.39,0.2946,2.5396,0.1108,2.3462,38.05341532073962,532.8227,2.3242,11.76,0.2441,4.0477,0.0697,2.2071,10.5023,0.0133,2.6629,0.022,0.011,50.1186
-1.0,3075.67,2213.9111,1.2541,96.9456,1.5651,-0.0131,-0.0085,198.0528,10.1733,410.23,0.9755,188.7402,12.3578,1.4512500000000004,-3470.5,-2757.0,1.2905,1.9823,7.212,72.7778,1.7222,0.1353,84.525,8.7932,63.7758,66.2803,86.7223,79.27,3.05,351.4355,135.8482,728.376,1.3197,142.8064,630.09,249.8454,4.604,4.881,2843.0,0.9349,-1.1945,351.3955,10.4436,114.6536,12.1755,21.1945,25.8642,702.5118,151.8655,617.9145,171.74984999999998,0.0119,0.0491,0.0743,0.0068,0.003,-0.0489,0.0,7.1097,0.1411,0.9898,1921.5946,0.1565,9328.55,-0.1345,0.0084,0.0833,0.0462,0.4323561147149625,0.9484,703.4551,0.9909,58.3298,0.59,0.9801,6.2719,15.72,6.086,15.76,15.7,1.909,0.9297,3.076,-2.9329,0.5949,2.2553,999.2317,122.0,132.3,92.7,58.0999,249.71,0.2048,0.1047,0.0498,0.0294,0.0165,5.5285,7.809,10.94,0.0092,0.33,0.128,712.0,2558.0,0.076,0.096,0.17,5.3,0.328,0.8986,0.1371,0.6637,0.3487,0.9576,0.401,0.1407,8.17,13.35,43.372,0.318,19.29,7.88,36.372,56.762,0.0832,0.0729,0.0855,0.0457,0.0659,0.0769,0.0442,0.0392,4.9552,0.0511,0.0012,78.3087,0.0386,870.1006,0.0238,0.0218,0.06318900606013095,0.022,195.0853,3.2979,0.0256,0.5392,0.0603,4.1474,30.1757,47.6424,33.008,0.0707,2.6017,0.0321,2.3011,0.0909,0.045799999999999993,295.074,200.9052,402.457,1808.7791,0.0371,0.0449,0.0736,1.7003,0.0309,0.1161,0.3432,0.0548,0.1307,5.2014,0.1051,8.3785,0.0355,2.4267,3.9829,14.925,0.0985,2.6127,3.3952,11.3683,20.2575,0.021,0.0308,0.0361,0.0208,0.0196,0.0372,0.0191,0.0185,1.7035,0.0169,0.0003,28.299,0.0146,252.534,0.015396562608233445,0.0077,61.7081,1.0019,0.0088,0.1746,0.0216,4.4761,1.2804,5.5014,4.3015,3.6837,2.6243,12.6501,16.3282,6.6899,76.76,2.6668,0.9396,2.6704,9.13815,24.7227,92.782,5.8892,4.843,2.3572,7.2824,116.129,64.2857,9.768,1.0631,1.5597,1.0407,0.2923,5.0336,3.3714,3.6069,10.661,5.721,2.1187,17.3595,5.341,3.0449,8.4254,158.4334,5.1774,11.5761,31.6094,701.7396,311.206,61.5281,970.0092,0.0,90.4348,0.0,69.6962,1.8425,2.1515,0.1171,4.0752,24.678,0.0,40.423,0.0,13.250305672654061,2.3243,27.7324,0.1208,5.6538,8.5975,2.6756,11.3117,73.464,16.63,1.12,8.1402,0.4683,66.8033,4.1955,1.5246,0.1803,0.0347,18.2177,10.77,0.1428,4.286,0.0552,4.0359,18.8409,531.1709,2.2895,10.44,0.3893,3.6654,0.1067,1.9655,17.0028,0.0163,3.2423,0.022,0.011,50.1186
-1.0,2971.86,2204.5,1.3398,91.8511,1.457,-0.0068,-0.007,198.5362,6.742,404.4262,0.9759,189.3409,12.5682,1.4119,-3880.5,1537.75,1.0032,1.8657,5.1165,65.0889,3.1333,0.2106,85.7204,9.0811,64.1481,66.94045000000003,86.8444,78.98,2.911,351.6718,143.67,739.3003,1.2438,140.08,635.4218,228.1295,4.574,4.81,2854.0,0.931,-3.5291,353.0609,10.2641,120.1409,14.0788,23.5291,28.1493,711.1509,149.6918,622.8936,171.74984999999998,0.002,-0.0319,0.0433,0.0075,-0.0131,-0.0133,-0.0302,8.1782,0.1322,0.9883,1814.1387,0.1949,8612.3401,-0.0353,-0.0316,0.0422,0.0438,0.4658,0.9318,749.4877,0.9867000000000001,58.0044,0.6102,0.961,6.4503,15.75,6.063,15.83,15.71,1.801,0.9527,2.908,-2.9329,0.562,2.2647,1001.8289,120.0,62.6,86.0,49.0,1015.8822,0.2361,0.2104,0.0541,0.0504,0.0165,9.4986,3.979,15.539,0.0084,0.32,0.0759,183.0,57.0,0.07,0.025,0.103,2.5,0.111,0.9612,0.0836,0.8014,0.4195,0.8806,0.619,0.1456,5.36,20.53,70.774,0.851,19.32,3.72,33.6219,52.053,0.0945,0.0873,0.037,0.0451,0.0426,0.1055,0.0926,0.0706,3.3948,0.0792,0.0024,129.6946,0.0415,562.5,0.0173,0.03420000000000001,0.0373,0.0061,42.5793,4.9823,0.0328,0.2433,0.0734,5.0843,30.5982,19.8623,27.1708,0.0733,3.5599,0.08085,1.37,0.0812,0.0247,78.158,102.4317,715.5066,27.2443,0.0327,0.0119,0.0481,0.8007,0.0311,0.038,0.3627,0.0331,0.1058,5.0479,0.1475,9.5798,0.0375,1.8338,6.4479,18.2086,0.2358,1.2044,1.822,10.5742,17.1108,0.0205,0.0369,0.0155,0.0204,0.0131,0.0581,0.0517,0.0374,1.2055,0.0268,0.0007,47.4751,0.0118,154.8958,0.0115,0.0021,13.6837,1.5149,0.0106,0.0734,0.0241,6.6426,1.6544,5.5371,2.1064,3.4009,2.2227,65.6831,17.6193,14.4403,59.0181,3.8422,0.8641,2.5461,5.3787,44.9684,3.7067,6.9773,1.3399,2.0131,3.8409,25.5319,39.4195,2.3805,1.1213,0.9205,1.2493,0.2193,4.763,9.2573,4.1921,11.7026,3.8264,3.2309,31.0236,6.5618,8.291,9.4556,137.2277,4.7278,12.759,27.4334,0.0,448.267,104.2172,571.3328,805.3435,696.2406,234.1625,41.5106,1.9075,3.3954,0.239,7.1491,21.285,0.0,14.1454,0.0,8.0029,0.6524,5.6811,0.25379999999999997,8.5895,3.7715,3.2418,12.6419,80.556,11.22,1.08,5.4331,0.5334,58.4615,2.7988,1.3407,0.3097,0.068,31.9092,2.6,0.1183,1.1968,0.046,0.9934,16.0047,531.7509,2.3526,8.09,0.2577,2.5445,0.072,1.5214,10.9533,0.0146,2.9227,0.022,0.011,50.1186
-1.0,2892.86,2197.3222,2.0983,97.6267,1.562,0.0069,-0.0021,200.9097,8.9836,414.9654,0.9741,190.8532,12.5682,1.4304,-5774.0,-1054.25,1.2895,1.9885,7.2375,72.3889,2.4556,0.2008,83.6367,8.8562,64.0201,66.4384,87.024,80.04,2.582,352.8164,140.7364,735.2772,1.2798,140.4864,634.0391,204.2152,4.569,4.826,2851.0,0.9304,-3.4291,352.4309,10.3421,117.3073,14.2627,23.4291,30.4749,704.8023,150.0382,619.7764,121.1504,-0.0071,0.0541,0.0498,-0.0064,-0.0107,-0.002,-0.0297,7.9846,0.1293,0.9676,1831.338,0.16,8748.45,-0.0136,-0.0112,0.0199,0.0562,0.4527,0.93,768.5416,0.9916,57.6476,0.6024,0.966,6.2123,15.77,5.999,15.81,15.73,1.739,0.9472,3.046,-2.9329,0.5524,2.2668,1001.4417,123.0,123.2,87.8,69.4001,357.4709,0.4463,0.1985,0.0647,0.0341,0.0214,7.8719,6.927,9.245,0.0114,0.32,0.0403,967.0,1680.0,0.111,0.092,0.177,4.7,0.25,0.5168,0.0563,0.5536,0.3383,1.0887,0.354,0.1887,4.05,22.18,91.315,0.839,20.87,10.25,27.19,105.488,0.0605,0.0286,0.0179,0.0344,0.0857,0.0958,0.1401,0.0589,2.8764,0.0862,0.0089,156.0862,0.0641,364.2002,0.0111,0.0121,0.0094,0.011,45.7672,1.8897,0.0237,0.416,0.0777,3.3445,30.5207,43.9235,33.8454,0.139,1.8521,0.064,1.817,0.0812,0.014,477.5056,71.239,4093.5995,703.7217,0.0456,0.0422,0.0818,1.5243,0.0338,0.0772,0.2075,0.0212,0.0659,5.8914,0.1392,9.2629,0.0538,1.3247,6.4591,25.545,0.2416,2.5527,2.759,9.1643,31.5853,0.0173,0.012,0.0088,0.0148,0.0243,0.0478,0.0625,0.0296,0.8433,0.0288,0.0032,47.3188,0.0179,132.2391,0.0028,0.0039,17.5094,0.6732,0.0068,0.1376,0.026,5.0222,1.0412,5.5726,4.2588,3.4584,3.1584,22.5257,21.2704,12.708,77.1069,2.2279,1.1688,2.5461,2.8187,148.0949,159.355,8.608,4.6266,2.4456,6.4927,44.7964,53.7908,7.4878,0.6179,0.6358,0.8647,0.1899,5.646,10.0685,4.1417,14.7472,2.8828,3.4982,44.7151,6.5575,8.1125,16.0945,146.3254,3.8578,36.4909,87.072,849.1228,618.59025,69.0763,0.0,891.1628,0.0,198.1497,36.0244,2.0885,3.6238,0.9209,8.5231,40.0558,0.0,31.8725,0.0,2.0825,1.1842,5.9551,0.1095,3.278,6.697,3.426,7.1075,73.546,16.23,0.87,7.0941,0.3417,15.604,4.0671,1.1829,0.4488,0.1564,32.0346,4.98,0.0877,2.0902,0.0382,1.8844,15.4662,530.3073,2.4103,8.05,0.4025,2.6506,0.11,1.518,16.7005,0.0128,2.5692,0.0208,0.0066,31.8749
-1.0,2996.69,2211.4334,1.1351,86.7956,1.4056,0.0013,-0.002,202.4076,9.4042,413.8739,0.9734,193.0111,12.5504,1.4104,-3959.0,140.0,1.3003,2.0192,7.3727,70.5111,2.7444,0.1994,88.2693,8.6611,65.0056,66.3012,87.0853,77.33,4.329,352.93,136.2027,727.1231,1.1218,133.1145,622.2473,43.4112,4.612,4.885,2846.0,0.9337,-2.1709,352.1327,10.4529,114.0318,11.6928,22.1709,27.2628,699.8603,144.39,610.5545,133.7067,-0.0104,-0.0221,0.0586,-0.0037,-0.0304,-0.0172,0.0091,7.307,0.1403,0.9904,1823.4133,0.1622,8548.6299,-0.0387,0.0177,-0.0094,-0.0719,0.4522597502572785,0.9462,669.9954,0.9867000000000001,57.7433,0.6034,0.97,6.2452,15.84,3.234,15.91,15.82,1.182,0.5516,3.058,-2.647,0.8349,2.3883,1012.9822,113.0,136.2,103.8,41.2,320.788,0.3033,0.1266,0.0402,0.0641,0.0069,9.0319,3.686,6.453,0.007,0.36,0.0343,493.0,1144.0,0.206,0.132,0.209,1.9,0.408,0.7245,0.0589,0.2958,0.2403,0.6659,0.766,0.30280000000000007,9.89,17.81,30.679,0.247,20.19,8.0,37.023,73.595,0.0767,0.0531,0.0276,0.0143,0.049,0.1095,0.0875,0.0353,3.1276,0.0577,0.001,97.6471,0.0438,985.6997,0.0126,0.0195,0.05469143190034592,0.0277,154.9318,5.487,0.0252,0.1421,0.1213,3.7346,28.8639,44.275,34.1579,0.0916,1.3485,0.0526,1.2639,0.0709,0.0111,207.6327,121.7771,1523.3942,527.4442,0.0878,0.0612,0.0964,0.6412,0.0522,0.1513,0.2669,0.0258,0.0649,6.7152,0.2379,8.4234,0.088,2.9004,6.2943,10.7032,0.0702,2.5958,3.9509,11.6504,19.5866,0.016,0.0246,0.0126,0.0069,0.0148,0.0606,0.0473,0.0172,1.0253,0.0191,0.0003,31.2577,0.012,268.6236,0.011069598343062231,0.0093,39.6518,1.5162,0.0079,0.0578,0.035,8.1073,1.1571,5.2108,4.545,4.2175,1.863,15.0535,26.7162,9.007,39.1953,1.5592,0.7156,2.8684,2.4333,92.9275,817.1429,15.8431,6.5371,2.8348,2.6946,51.0121,79.2201,12.0338,0.7719,0.6804,0.4338000000000002,0.6795,6.5282,6.2554,3.6866,25.522399999999998,7.4297,2.8622,65.59535,5.7076,2.363,7.3664,172.671,5.2901,10.0668,55.0421,734.8503,0.0,24.4027,0.0,360.7908,508.7209,388.9807,42.8026,2.2099,2.4371,0.1011,5.3552,26.9942,197.7186,47.8016,0.0,11.897650219935786,2.9307,23.1243,0.25379999999999997,9.5024,2.2747,5.0802,10.889,72.916,14.39,1.06,6.0512,0.4495,24.894,3.5905,1.4537,0.4087,0.0973,41.1198,8.83,0.2056,3.2537,0.0859,3.557,28.8477,523.3110000000001,2.2656,15.390000000000002,0.6164999999999999,5.3345,0.18730000000000002,2.8874999999999993,28.50255,0.0227,4.533,0.0208,0.0066,31.8749
-1.0,2999.04,2184.7222,1.3187,101.9178,1.4684,-0.0116,-0.0053,201.7261,9.9037,404.6782,0.959,192.3538,12.5049,1.412,-4632.0,1713.0,1.2825,1.9872,7.302,74.7778,1.6889,0.1171,83.4093,8.3663,64.741,66.0272,87.0807,80.62,3.256,351.2464,147.28,745.364,1.2029,143.9618,642.4882,220.665,4.56,4.816,2867.0,0.9277,-5.9573,353.0227,10.2805,121.3227,11.8709,25.9573,33.2787,712.0853,156.2718,630.6173,124.8984,-0.0004,0.0069,0.0538,0.0097,-0.0055,-0.0278,0.0064,7.6102,0.129,0.987,1822.9996,0.2158,9620.38,0.0,0.0,0.0,0.0,0.4648,0.9455,820.6111,0.9907,57.2868,0.603,0.9681,6.3398,15.84,3.234,15.91,15.82,1.182,0.5516,3.058,-2.647,0.8349,2.3883,1012.9822,95.0,141.2,133.1,55.0,322.512,0.1036,0.066,0.0458,0.0479,0.0177,9.6519,11.533,10.656,0.0184,0.42,0.042,791.0,9820.0,0.098,0.058,0.312,2.7,0.621,0.482,0.1102,0.615,0.2654,0.7753,0.284,0.1718,5.9,19.04,51.105,0.453,14.87,9.99,28.693,114.384,0.0813,0.0726,0.0746,0.0288,0.0848,0.0929,0.056,0.0708,4.1053,0.067,0.003,230.2627,0.0496,1642.2998,0.0185,0.0114,0.0508,0.0281,143.085,3.9912,0.0334,0.5132,0.1213,3.7346,27.9053,50.8851,42.0924,0.0351,1.7027,0.0282,3.1394,0.1183,0.0169,346.1531,140.4739,1235.2113,6943.7886,0.043,0.0279,0.1487,0.7311,0.0449,0.1835,0.188,0.0419,0.0748,4.5082,0.0953,10.1786,0.049,1.6448,5.865,15.6548,0.1363,2.3656,2.3825,9.6392,38.7734,0.024,0.0314,0.0379,0.0123,0.0251,0.048,0.0279,0.0294,1.1987,0.0215,0.0009,69.6634,0.0164,509.5677,0.0141,0.0117,47.0857,1.2432,0.0114,0.1633,0.035,8.1073,1.1571,4.3183,4.7082,5.4581,2.5175,31.9628,7.8584,4.4946,116.4511,2.6332,1.9192,3.3587,2.9767,53.0872,573.2633,7.6413,2.9186,4.2728,3.6107,94.7368,128.9374,18.7695,0.5779,1.3168,0.9499,0.128,3.7552,9.0983,4.3255,14.2819,4.0983,2.9635,23.1595,6.5177,4.4064,13.5177,125.2639,4.0294,23.5177,91.5817,0.0,618.59025,53.5067,873.1017,0.0,201.0772,0.0,53.9446,4.186,2.7692,0.304,12.631,22.9698,0.0,34.3096,0.0,10.9298,2.9748,17.4364,0.1856,6.967,8.0949,5.0802,10.889,73.546,16.23,0.87,7.0941,0.3417,15.604,4.0671,1.1829,0.7874,0.1946,70.6158,8.45,0.3059,3.048,0.1288,3.1436,34.4812,536.3264,2.2421,7.7,0.5593,2.6564,0.18730000000000002,1.4357,24.9461,0.0102,2.0306,0.026,0.0268,103.352
-1.0,3037.98,2168.7333,1.3739,104.8544,1.4938,0.0078,0.001,200.1397,6.4924,396.4098,0.9722,190.0582,12.285800000000002,1.4188,-5197.0,-65.25,1.2732,1.985,7.1775,72.3222,2.4889,0.1863,85.188,8.9562,63.901,66.2283,86.8401,78.17,2.774,355.9064,129.0473,725.3649,1.3323,145.5182,630.4718,169.5696,4.576,4.857,2872.0,0.927,-1.0464,355.4527,10.6571,108.0009,11.5009,21.0464,28.2025,697.1624,155.5173,618.9709,115.8371,-0.0226,0.0644,0.0177,0.0286,-0.0151,-0.0033,0.0248,7.3948,0.1328,0.9657,1728.6171,0.1605,8774.26,0.039,0.0186,-0.0016,-0.0319,0.4597,0.9568,742.2486,0.9867000000000001,56.4374,0.6005,0.964,6.3673,15.77,5.999,15.81,15.73,1.739,0.9472,3.046,-2.9329,0.5524,2.2668,1001.4417,117.0,178.5,184.3,57.0999,488.666,0.1271,0.0798,0.0557,0.0413,0.0215,7.9312,3.326,12.435,0.0115,0.23,0.0305,322.0,966.0,0.081,0.106,0.441,5.1,0.397,0.8045,0.1741,0.4744,0.3415,0.9507,0.466,0.1634,8.06,16.82,64.38,0.338,20.78,6.28,36.184,87.701,0.0978,0.0666,0.075,0.0555,0.0532,0.0782,0.0875,0.0341,2.9304,0.0966,0.0083,177.6931,0.0324,885.2002,0.0149,0.0151,0.0187,0.0085,85.0959,4.5562,0.0351,0.3851,0.0777,3.3445,30.8666,61.2141,57.472,0.0464,2.3721,0.0263,1.1891,0.0619,0.0116,158.7766,76.4084,2144.7158,499.5861,0.0372,0.0438,0.2143,1.7003,0.0409,0.1254,0.3372,0.0629,0.0992,5.6386,0.1342,8.7027,0.042,2.2886,4.7507,21.1432,0.1151,1.9259,3.1917,10.8948,30.8226,0.0314,0.0281,0.0314,0.0294,0.0157,0.0402,0.044,0.0155,1.043,0.0314,0.0023,53.6952,0.01,264.9209,0.0063,0.0025,26.8478,1.2285,0.0103,0.1335,0.026,5.0222,1.0412,5.2073,5.8756,7.7749,2.6329,48.8865,9.2525,5.342,51.2294,3.1369,1.1789,1.925,2.1469,85.1068,0.0,6.3617,5.3401,6.1442,7.0518,44.1964,75.6708,11.4589,0.9444,1.9441,0.7424,0.15,4.5742,3.2469,3.8579,12.2647,5.5388,2.6678,37.9667,5.9879,3.1716,6.5925,180.6817,5.1902,12.6864,75.7106,432.2652,454.6075,313.5593,186.136,517.8808,0.0,137.7778,39.6281,3.1634,4.1444,0.855,10.2795,20.1811,475.5906,37.7649,0.0,4.0598,0.8885,11.4646,0.25379999999999997,8.073,6.0485,3.426,7.1075,72.974,18.02,0.83,7.1964,0.3244,94.8034,4.5661,1.1374,0.3683,0.0661,38.756,4.98,0.0877,2.0902,0.0382,1.8844,15.4662,531.8455,2.2544,8.64,0.2994,3.0979,0.0888,1.6245,13.283,0.0156,3.1034,0.026,0.0268,103.352
-1.0,3024.67,2206.1444,2.0607,95.9511,1.5648,0.0153,-0.0165,201.3019,11.3511,412.1426,0.9798,192.278,12.4996,1.4222,-3606.3333,-3261.75,1.2813,2.0023,7.171,76.4667,2.1222,0.1619,84.3441,8.9833,64.7846,66.0907,87.7644,81.19,2.967,351.7991,128.5682,719.8015,1.3943,147.2236,627.5909,221.5381,4.6,4.871,2842.0,0.9346,4.2391,351.2273,10.4125,112.8073,8.5982,15.7609,22.3582,697.4434,154.9582,618.9927,128.5897,-0.0018,0.0147,0.0525,-0.0127,-0.0154,-0.035,0.0403,7.1058,0.1339,0.9688,1861.3704,0.1966,8857.81,0.0098,-0.0335,-0.0203,-0.0311,0.4480161802739395,0.9401,749.6808,0.9905,59.7179,0.6092,0.9809,6.2877,15.72,6.086,15.76,15.7,1.909,0.9297,3.076,-2.9329,0.5949,2.2553,999.2317,110.0,192.6,207.9,51.3,231.8831,0.4256,0.23175000000000004,0.0542,0.0556,0.0079,8.0673,10.646,14.884,0.0062,0.21,0.0513,469.0,8198.0,0.167,0.112,0.204,3.4,0.455,0.6874,0.1686,0.7341,0.3672,0.7515,0.287,0.1347,5.63,14.5,39.948,0.237,16.22,4.56,33.891,83.79,0.0731,0.0718,0.0745,0.0418,0.0457,0.0921,0.0505,0.0463,5.2387,0.0701,0.0056,105.5631,0.0765,865.2998,0.0111,0.0181,0.04657041982702148,0.023,94.7681,3.9502,0.0349,0.5584,0.0603,4.1474,27.3462,62.0893,66.2021,0.1449,1.5889,0.08085,2.8624,0.0561,0.0181,210.7817,256.0747,698.1578,3979.0362,0.0779,0.0472,0.1034,1.0271,0.024,0.1362,0.2857,0.073,0.0729,5.3222,0.0844,8.2755,0.0414,1.9685,4.5152,12.0103,0.0721,1.5105,2.4883,10.4167,31.0453,0.0199,0.0298,0.0336,0.0173,0.0132,0.0441,0.0248,0.0214,1.8125,0.0232,0.0021,34.6468,0.0223,285.9696,0.013984818797487766,0.0072,34.374,1.2426,0.0106,0.1846,0.0216,4.4761,1.2804,5.0598,6.3676,7.9322,2.3253,12.354,20.6523,16.1177,93.7883,3.6114,0.6355,1.6801,3.6057,34.1899,251.3375,13.0341,5.5937,2.8448,4.4464,70.6806,45.0927,13.2894,0.815,1.8773,1.1331,0.2207,5.1421,3.6712,3.6038,9.6612,3.8241,2.3104,18.0321,6.1318,2.2761,5.4961,188.6444,4.8593,17.6475,65.1607,0.0,180.5154,79.619,360.7301,599.0244,144.1827,114.9597,73.7237,2.2408,2.8968,0.5779,5.6713,38.9151,0.0,33.9623,0.0,11.886105293691553,2.4465,12.6411,0.1424,6.6147,8.8805,2.6756,11.3117,74.586,13.52,0.72,6.398,0.3438,94.8962,3.3114,0.9653,0.1406,0.0323,14.9122,4.91,0.2708,2.3048,0.1021,1.9605,33.2177,533.3073,2.349,10.19,0.3099,3.577,0.0994,1.9107,13.1943,0.0221,4.376,0.026,0.0268,103.352
-1.0,3034.43,2197.3222,2.0983,97.6267,1.5842,-0.0143,0.0049,202.5048,10.391,412.7687,0.9733,193.1938,12.5331,1.4088,-3206.5,-1496.0,1.3122,1.9882,7.3238,68.3667,2.7667,0.2029,87.1083,8.7779,64.4107,66.3369,86.797,77.83,3.396,348.7755,137.0782,727.9885,1.1799,139.3673,625.2209,51.6713,4.611,4.869,2836.0,0.9365,-1.6873,351.2836,10.4318,115.3909,12.05,21.6873,25.6805,702.308,146.4964,613.1709,46.4644,0.0215,-0.024,0.053,0.0083,-0.0149,-0.0199,0.0556,6.8658,0.1349,0.9865,1784.4158,0.1975,9361.5399,0.0001,0.0009,-0.0092,-0.0059,0.4581,0.9388,813.8892,0.9911,58.9229,0.6061,0.9616,6.3897,15.72,6.086,15.76,15.7,1.909,0.9297,3.076,-2.9329,0.5949,2.2553,999.2317,83.0,188.2,178.5,69.4001,357.4709,0.4463,0.0785,0.027,0.0455,0.019,8.1277,4.409,8.321,0.0107,0.22,0.0362,2060.5,2020.0,0.242,0.117,0.16,3.4,0.463,0.4059,0.1865,0.5538,0.1701,0.6053,0.515,0.1681,14.625,17.16,24.243,0.378,25.39,17.95,35.836,30.994,0.0809,0.0657,0.1153,0.0678,0.065,0.0828,0.062,0.0458,4.3289,0.0778,0.0032,145.9431,0.0256,411.2998,0.0086,0.011,0.026,0.0165,47.1739,1.759,0.0392,0.2461,0.0603,4.1474,23.3977,71.1608,60.4817,0.139,1.8521,0.0255,1.7371,0.0626,0.0125,912.5788,190.7695,389.7807,830.8121,0.1024,0.053,0.0787,1.3067,0.0415,0.1399,0.1495,0.0738,0.0543,8.9893,0.141,7.2377,0.0484,4.0987,5.6719,6.6081,0.1207,4.6755,5.7753,10.9176,8.8833,0.0256,0.0271,0.0471,0.0321,0.0155,0.046,0.0287,0.0218,1.6605,0.0241,0.001,44.5011,0.0092,129.9246,0.0065,0.0047,14.6518,0.5637,0.0145,0.0788,0.0216,4.4761,1.2804,3.7643,6.2022,6.9003,3.1584,22.5257,21.2704,4.9551,42.431,2.0159,1.1018,1.7554,2.5724,24.9493,135.0267,18.4416,5.8846,2.1847,4.9732,65.0602,60.6243,13.5235,0.466,2.1246,0.8598,0.6795,8.281549999999998,10.4685,3.0472,14.2456,10.6208,2.7446,46.9178,5.1228,3.6235,6.4303,210.7053,5.1026,22.1725,66.7049,376.498,277.8013,127.8642,779.0262,553.8462,311.9497,82.3371,63.0497,2.3717,3.2877,0.3201,8.1788,12.9774,808.8235,38.1798,0.0,5.6703,1.7586,5.7961,0.0744,2.9852,3.8519,2.6756,11.3117,78.828,16.6,1.83,7.3599,0.658,55.7546,4.137,2.3215,0.3097,0.068,31.9092,4.98,0.0877,2.0902,0.0382,1.8844,15.4662,533.4773,2.2113,7.28,0.4502,2.2773,0.1271,1.3646,20.3592,0.0117,2.3382,0.0178,0.0119,66.7668
-1.0,3044.39,2211.4334,1.1351,86.7956,1.3656,-0.0251,0.0018,198.6158,11.2013,419.332,0.9735,189.5616,12.5049,1.406,-3360.25,1234.25,0.994,1.8835,5.141,71.1667,2.2111,0.1723,84.7188,8.7073,64.6813,66.1561,86.7952,77.76,2.475,352.4864,132.4845,726.1863,1.3612,148.3036,633.2745,216.0585,4.621,4.902,2848.0,0.932,1.0145,352.4864,10.4875,113.4991,17.2272,18.9855,24.5151,701.6712,150.0618,616.0473,47.6783,0.0047,0.0566,0.0355,-0.0082,-0.0248,-0.0111,0.0248,7.9353,0.1336,0.9892,1926.7016,0.2084,8958.7901,-0.0004,-0.0149,-0.0251,0.0711,0.4335806327173475,0.9621,749.7237,0.9911,57.7032,0.5926,0.9672,6.3515,15.72,6.086,15.76,15.7,1.909,0.9297,3.076,-2.9329,0.5949,2.2553,999.2317,118.0,150.9,73.3,41.2,320.788,0.3033,0.1198,0.0292,0.0473,0.0129,3.0805,6.485,8.51,0.0103,0.42,0.0531,377.0,144.0,0.127,0.077,0.099,3.6,0.154,0.5139,0.1298,0.5868,0.2517,0.6009,0.294,0.1157,5.96,14.18,63.823,0.24,17.32,2.74,25.83,23.817,0.0763,0.0569,0.0515,0.0218,0.0568,0.0862,0.0698,0.0545,3.9627,0.0695,0.0017,118.3013,0.0932,1183.4004,0.0111,0.0107,0.04989704585140953,0.0125,87.5501,0.7712,0.06409999999999999,0.3882,0.0603,4.1474,31.1522,54.0607,27.7238,0.0916,1.3485,0.0422,2.1448,0.1183,0.0177,163.8546,291.4961,1628.4824,65.2399,0.0526,0.0324,0.0441,1.2288,0.0265,0.0486,0.1883,0.0498,0.0688,5.547,0.0851,7.984,0.0352,1.8557,4.6081,17.1111,0.0789,0.8015,1.4792,8.7624,7.2985,0.0185,0.0234,0.0241,0.009,0.0142,0.0477,0.039,0.0269,1.3302,0.0222,0.0006,48.2774,0.0261,348.4189,0.011467959488287003,0.0046,28.1259,0.309,0.0204,0.1441,0.0216,4.4761,1.2804,5.1584,4.9567,2.9008,1.863,15.0535,26.7162,8.7725,57.8952,2.0294,1.0584,3.3587,3.7753,114.9319,11.667,12.7767,4.0881,1.9257,5.0585,40.7035,49.9033,3.3263,0.6066,1.4902,0.9072,0.6795,5.6399,4.3401,3.3403,8.5003,4.0188,2.2392,29.5397,6.1084,2.2885,4.1674,100.5385,3.6812,10.2332,49.9536,0.0,136.043,61.4085,693.2113,347.2306,627.4157,219.5368,49.9382,1.7961,2.8899,0.1716,6.1401,44.7403,86.421,51.0451,0.0,11.24617400610154,1.2947,11.6777,0.0618,1.3366,6.112,2.6756,11.3117,73.546,16.23,0.87,7.0941,0.3417,15.604,4.0671,1.1829,0.4087,0.0973,41.1198,7.6,0.3378481311764915,3.3901,0.1352392452747727,2.8159,38.05341532073962,531.3346,2.2421,8.49,0.3689,2.7936,0.1177,1.5979,16.4543,0.0093,1.8762,0.0178,0.0119,66.7668
-1.0,3040.48,2206.1444,2.0607,95.9511,1.6242,0.0327,-0.0061,196.1811,8.2135,396.3313,0.9819,186.1758,12.4996,1.393,-4034.25,-552.25,1.2913,1.9952,7.2363,73.1556,1.4778,0.1274,83.5182,8.6149,64.2488,66.2024,86.7323,79.02,3.014,350.8036,133.8145,725.1918,1.3224,144.2645,628.8827,205.6096,4.596,4.835,2832.0,0.9366,-0.8727,350.2309,10.5217,112.9418,17.6063,20.8727,26.308,698.8838,148.1036,611.2764,43.8145,0.0264,0.0117,0.0604,-0.0052,0.0046,-0.033,0.0526,7.8042,0.1337,0.9857,1764.1277,0.204,9379.21,-0.0995,0.0093,0.0661,-0.038,0.4596,0.9359,816.1701,0.9908,58.6145,0.6064,0.9618,6.3541,15.72,6.086,15.76,15.7,1.909,0.9297,3.076,-2.9329,0.5949,2.2553,999.2317,96.0,150.0,124.5,51.3,231.8831,0.4256,0.1568,0.0587,0.0392,0.0082,11.2865,6.168,6.892,0.0047,0.21,0.0439,300.0,13151.0,0.089,0.102,0.256,5.0,0.53,0.8652,0.0643,0.6966,0.4942,0.9463,0.399,0.1584,6.79,17.03,39.726,0.214,19.28,5.4,29.8069,18.645,0.078,0.0136,0.0614,0.0052,0.0877,0.1128,0.0568,0.0458,2.4314,0.0627,0.002,77.1781,0.0258,376.5996,0.0218,0.0167,0.0209,0.0124,43.9539,4.8635,0.0109,0.2955,0.0603,4.1474,27.4305,53.2782,41.0143,0.1449,1.5889,0.0503,1.9537,0.0561,0.015,129.463,123.4247,868.2643,6288.2467,0.0412,0.0478,0.1151,1.5621,0.0367,0.149,0.3419,0.0281,0.1065,5.6351,0.1232,8.5925,0.0445,1.9879,5.2889,14.0223,0.065,1.8094,1.4732,9.5826,6.2313,0.0195,0.0073,0.0255,0.0024,0.025,0.0592,0.026,0.0216,0.9146,0.0188,0.0006,26.8738,0.0072,128.233,0.0058,0.0041,12.3445,1.3527,0.0039,0.1014,0.0216,4.4761,1.2804,4.3426,4.9334,4.9562,2.3253,12.354,20.6523,9.6539,75.0955,1.7389,0.4807,1.6801,3.1478,47.5429,0.0,6.8925,5.1121,3.5377,6.8348,115.0376,98.082,15.6697,1.0359,0.7466,1.0842,0.3007,4.8403,4.5735,3.8166,11.9786,4.7066,2.708,19.3211,5.242,2.0339,8.3052,109.5059,4.2649,14.2285,42.5545,295.3054,0.0,8.6128,0.0,0.0,171.9909,87.0309,31.1549,0.9721,2.5879,0.1982,4.3749,12.652,569.7228,46.7991,0.0,4.5499,1.3297,5.3854,0.1032,8.2974,4.6501,2.6756,11.3117,74.012,13.51,1.28,5.6555,0.5601,59.5943,3.4205,1.7295,0.2111,0.0478,21.9576,4.98,0.0877,2.0902,0.0382,1.8844,15.4662,530.9809,2.3259,9.94,0.2182,3.2617,0.0779,1.872,9.3821,0.0125,2.4948,0.0174,0.0272,156.5532
-1.0,3082.05,2210.2778,1.07,95.1089,1.5367,0.0285,0.0111,202.0811,5.7163,398.6099,0.9583,192.3238,12.4692,1.4101,-4105.75,-610.75,1.2862,2.014,7.2707,68.0778,2.5889,0.2201,85.4838,8.7401,64.3756,66.1541,86.8963,78.53,2.821,352.2236,139.1727,734.815,1.2837,142.3982,633.7945,237.7072,4.588,4.839,2859.0,0.9279,-4.2364,353.9282,10.3206,114.9364,11.0454,24.2364,32.176,702.639,153.8845,622.7491,135.9539,-0.0191,-0.0187,0.0629,-0.001,0.0031,-0.0085,0.0239,8.058,0.1299,0.9908,1778.4092,0.2087,8432.13,0.0342,-0.0242,-0.0417,0.1526,0.4555,0.9394,724.6724,0.9909,59.0689,0.5975,0.9654,6.2974,15.84,3.234,15.91,15.82,1.182,0.5516,3.058,-2.647,0.8349,2.3883,1012.9822,140.0,148.9,119.9,87.1003,489.505,0.5996,0.1129,0.0524,0.0631,0.0249,8.4236,2.595,22.525,0.0176,0.4,0.0421,355.0,2045.0,0.05,0.076,0.048,2.7,0.482,0.612,0.0979,0.4433,0.1827,0.6483,0.274,0.1555,6.99,19.14,51.636,1.187,19.98,4.75,31.661,86.215,0.0899,0.0601,0.028,0.0212,0.0565,0.0805,0.0985,0.0757,3.6362,0.0724,0.0009,120.541,0.0448,1151.3994,0.0218,0.0255,0.0174,0.0252,124.2361,2.7829,0.0257,0.4462,0.1213,3.7346,36.7818,52.2328,32.2167,0.2221,2.1099,0.0379,0.942,0.117,0.0159,153.4891,313.5219,4165.5181,934.8823,0.0207,0.0327,0.0221,1.0837,0.0382,0.1658,0.2342,0.0357,0.0543,5.8253,0.0995,9.4994,0.0461,2.1775,5.4977,16.3324,0.328,1.3338,2.0537,9.9381,29.679,0.0249,0.0251,0.0144,0.0114,0.0141,0.0405,0.0481,0.0422,1.1709,0.0246,0.0003,41.7005,0.0153,407.7627,0.004,0.0089,40.2185,0.9299,0.0088,0.1453,0.035,8.1073,1.1571,6.4646,4.8312,4.899,3.906427332733898,23.0836,56.0401,7.3467,45.3967,5.6509,1.8409,3.2079,2.9871,242.8302,334.8342,3.8873,3.7736,0.6602,3.9661,54.0773,52.7007,13.5338,0.7159,1.1201,0.6886,0.6795,5.4142,8.6296,4.1066,12.1101,4.9088,3.0199,21.7225,7.4635,11.5012,13.7728,180.8896,4.506,26.4374,63.4149,471.6066,0.0,33.6864,0.0,0.0,0.0,317.1788,45.1254,2.6176,2.9741,0.0872,6.778,21.4661,0.0,32.9502,0.0,3.8127,2.6799,17.1438,0.1368,4.7112,7.0854,5.0802,10.889,80.132,21.19,2.17,9.2049,0.88615,95.905,5.3453,2.8079,0.3928,0.0646,40.2051,7.11,0.2792,2.693,0.1257,2.6481,33.8694,526.5336,2.6194,9.6,0.2265,3.1446,0.0835,1.8232,8.6457,0.0116,2.3402,0.0174,0.0272,156.5532
-1.0,3101.48,2168.7333,1.3739,104.8544,1.6045,-0.0086,-0.0037,198.6182,9.2542,399.3783,0.9724,188.6469,12.3351,1.3891,-3683.5,-5112.6667,1.283,1.9682,7.2288,65.6,2.1444,0.1847,86.0222,9.2016,64.0447,66.94045000000003,86.8786,76.88,2.483,350.5736,141.2673,734.5882,1.1669,135.9018,627.7427,53.4254,4.592,4.871,2852.0,0.9301,-5.1391,354.2309,10.2103,116.1282,10.1337,25.1391,31.0753,703.5129,148.5791,618.9382,124.9248,-0.0213,0.0022,0.0006,-0.0046,-0.0243,-0.0136,0.11345000000000001,7.2757,0.1319,0.9561,1801.5348,0.2025,8782.1801,-0.0978,0.0437,0.0464,-0.0546,0.4584,0.9477,751.3749,0.9867000000000001,57.9356,0.6097,0.9609,6.3785,15.72,6.003,15.72,15.74,2.0801999999999996,0.9419,2.893,-2.9329,0.5708,2.2472,1010.15,106.0,186.3,161.7,57.0999,488.666,0.1271,0.0748,0.0683,0.044,0.0184,3.4426,10.956,11.253,0.0087,0.22,0.0536,837.0,4716.0,0.068,0.134,0.352,2.8,0.608,0.7804,0.1175,0.717,0.3938,0.7503,0.812,0.188,11.37,22.15,23.098,1.1,14.87,5.08,35.206,95.206,0.0572,0.0528,0.0332,0.0229,0.0403,0.0823,0.0973,0.0137,5.6058,0.0794,0.013699999999999999,77.5505,0.0711,1255.7998,0.0216,0.0166,0.0365,0.0297,124.3322,4.1262,0.0369,0.2532,0.0648,2.1201,29.8401,64.0987,58.2068,0.0464,2.3721,0.0304,3.0428,0.0579,0.0207,343.9432,37.8363,3749.8226,2475.623,0.0293,0.0623,0.1624,0.976,0.0339,0.2496,0.3028,0.0548,0.0715,5.9498,0.2288,9.8383,0.0682,3.0296,6.9944,7.2248,0.309,1.7315,1.7234,10.9521,28.28,0.0142,0.0242,0.0141,0.0102,0.0103,0.038,0.0512,0.006,1.7129,0.0249,0.0046,23.9549,0.0206,423.3096,0.01,0.0104,47.0751,1.3748,0.0106,0.0864,0.0228,4.3374,0.7154,4.7949,6.0068,6.2737,2.6329,48.8865,9.2525,4.6619,118.3897,2.8176,0.8944,1.7835,3.8571,241.428,92.2415,5.3001,6.8081,4.8694,4.2683,37.3057,58.4838,17.4824,0.9072,1.2773,1.1195,0.2709,5.6336,10.5191,4.3946,16.108,8.3663,3.5285,43.2341,6.475,10.7735,10.9362,146.7383,5.0043,21.9985,76.2106,267.9941,515.122,0.0,869.0027,338.6831,716.7587,11.6869,77.0491,3.1092,3.2316,1.3944999999999999,4.3047,35.1015,133.6016,53.211,0.0,7.9714,3.1324,16.5473,0.25379999999999997,7.122,3.9702,2.8831,6.1909,73.546,16.23,0.87,7.0941,0.3417,15.604,4.0671,1.1829,0.1576,0.036,15.8427,3.61,0.1602,1.5441,0.0676,1.3293,28.0142,530.9809,2.3259,9.94,0.2182,3.2617,0.0779,1.872,9.3821,0.0173,3.4574,0.0219,0.0088,40.4322
-1.0,2947.91,2195.5,1.3548,105.8378,1.4765,0.0103,-0.0049,198.5925,8.6061,415.4245,0.9781,188.8817,12.551,1.389,-3515.0,-419.0,1.287,1.9815,7.334,73.3778,2.1333,0.1994,83.9932,9.0639,63.9159,66.2631,86.95,77.68,3.087,347.63,136.8509,723.6566,1.3081,144.5745,629.0555,204.9096,4.555,4.821,2842.0,0.9319,1.54,347.4918,10.2255,118.3909,8.1046,18.46,25.1751,698.4816,155.0682,620.9509,98.4906,0.0322,-0.0369,0.0721,-0.0113,-0.0249,-0.013,0.0443,7.8111,0.1339,0.9638,1717.7731,0.2092,8295.79,0.0026,-0.0521,-0.0282,0.0253,0.4568,0.9139,677.937,0.9867000000000001,58.0706,0.6001,0.9781,6.3119,15.72,6.003,15.72,15.74,2.0801999999999996,0.9419,2.893,-2.9329,0.5708,2.2472,1010.15,150.0,198.9,155.8,57.8999,220.848,0.1292,0.0936,0.0859,0.0426,0.0113,8.9207,6.167,8.51,0.0088,0.27,0.0725,454.0,1274.0,0.091,0.048,0.17,5.4,0.632,0.7636,0.239,0.6506,0.3962,1.0212,0.689,0.0983,7.43,15.61,82.344,0.273,12.18,4.51,27.631,72.965,0.0682,0.0752,0.0387,0.0125,0.093,0.1224,0.0959,0.0584,2.3866,0.0701,0.0058,172.4338,0.1254,1074.5005,0.008,0.0121,0.0138,0.0445,118.883,3.3569,0.0424,0.5464,0.0648,2.1201,28.4649,59.8855,55.747,0.0476,1.8613,0.0355,1.7786,0.0805,0.0246,210.229,250.076,429.2528,575.9693,0.0409,0.024,0.0824,1.592,0.0467,0.2084,0.3084,0.0984,0.106,6.4716,0.2008,7.1322,0.0338,2.1359,4.1492,27.1767,0.0674,1.5673,1.9641,8.3867,23.4803,0.0171,0.0317,0.0169,0.0051,0.0272,0.0617,0.0495,0.0299,0.845,0.0232,0.0016,56.5936,0.0374,379.9755,0.0039,0.0162,42.0073,0.9655,0.0112,0.1803,0.0228,4.3374,0.7154,6.7478,6.7472,6.3419,2.6372,21.4934,9.5363,6.3392,71.6586,2.0485,0.9014,2.1512,5.2211,29.7866,304.0573,7.0707,2.4224,2.318,7.768,103.125,77.2145,18.4988,0.9091,2.6368,1.0179,0.2071,5.5835,5.3562,3.4483,7.5186,5.1392,2.4815,40.1855,6.5838,2.6698,5.2622,150.2851,3.9559,12.039,74.0832,211.5139,618.59025,17.343,826.6667,492.0603,736.2764,131.9029,30.5536,2.2408,2.8968,0.5976,10.0382,63.31987047269746,447.1132,42.3645,914.2857,3.0301,4.8734,17.536,0.25379999999999997,5.7806,8.6572,2.8831,6.1909,73.218,14.89,0.98,6.9431,0.3811,19.6611,3.7161,1.3385,0.4488,0.1564,32.0346,5.43,0.1579,2.6834,0.0631,2.0239,31.8135,533.2855,2.0362,6.32,0.2679,2.0635,0.0922,1.1851,13.1553,0.0096,1.925,0.0219,0.0088,40.4322
-1.0,2928.24,2227.2444,1.2803,102.7956,1.6373,-0.0139,0.0062,198.7602,6.5954,400.8162,0.9818,188.2719,12.539,1.4133,-4747.5,-5562.6667,1.289,2.0092,7.3105,65.6889,2.3889,0.2097,86.0222,9.2016,64.0447,66.94045000000003,86.8786,76.88,2.483,352.2055,133.0391,725.2155,1.3816,144.89,630.1345,229.6787,4.6,4.871,2842.0,0.9346,0.1082,350.5909,10.4576,113.1473,19.4927,19.8918,30.7097,694.5057,146.9036,610.6418,127.7045,-0.0181,-0.0043,0.0538,-0.0065,-0.0176,-0.0193,-0.0259,8.404,0.1368,0.9907,1825.8952,0.2026,9014.81,-0.0707,0.0298,-0.0022,-0.022,0.45226691434637545,0.9561,790.1335,0.9867000000000001,55.7695,0.5994,0.9797,6.3053,15.77,5.999,15.81,15.73,1.739,0.9472,3.046,-2.9329,0.5524,2.2668,1001.4417,109.0,207.2,138.4,66.0999,286.999,0.1245,0.1379,0.0525,0.067,0.0086,8.4012,3.941,14.833,0.0051,0.28,0.0426,865.0,9532.0,0.14,0.044,0.097,2.7,0.385,0.7804,0.1175,0.717,0.3938,0.7503,0.36,0.2142,6.18,13.03,74.01,0.45,16.63,3.11,31.018,94.822,0.0815,0.0773,0.0846,0.0382,0.049,0.0956,0.0555,0.0708,2.401,0.0793,0.0009,80.412,0.0583,944.9004,0.0136,0.017,0.056702323711695396,0.0196,113.9545,3.5046,0.049,0.5202,0.0777,3.3445,29.2832,66.1178,54.0056,0.0376,1.828,0.0456,1.2743,0.0687,0.0139,371.509,240.6967,2058.3959,4837.8711,0.0667,0.0196,0.0441,0.9765,0.0331,0.1586,0.3028,0.0548,0.0715,4.5917,0.1048,8.3821,0.0582,2.2961,3.8923,25.7122,0.1253,0.8368,1.9569,9.4145,27.0515,0.0225,0.0329,0.0387,0.0165,0.0155,0.0469,0.0269,0.0326,1.1095,0.0254,0.0003,24.8291,0.0168,275.597,0.012634711822534995,0.0062,30.9479,1.0402,0.015,0.1739,0.026,5.0222,1.0412,5.0503,7.0759,5.4814,2.9678,25.401,9.7245,8.4221,59.7541,3.7007,0.5184,2.233,3.017,90.8899,171.3567,10.8611,2.1899,1.3269,4.1103,29.3023,51.0334,10.9192,0.9072,1.2773,1.1195,0.2709,4.0999,4.1867,3.6018,15.5027,4.2653,2.0678,32.2233,6.1318,4.3031,5.0112,85.3139,4.4662,17.4566,74.2511,449.3453,246.571,71.0037,758.2205,541.6431,287.1928,272.8324,28.5692,2.6314,3.3368,0.0921,4.404,28.773,147.4255,50.7104,0.0,12.639605329579142,2.0514,14.4222,0.25379999999999997,6.2841,8.2498,3.426,7.1075,73.546,16.23,0.87,7.0941,0.3417,15.604,4.0671,1.1829,0.1593,0.0457,15.9183,6.09,0.0984,2.7189,0.0448,2.4334,12.1352,533.7718,2.2619,5.97,0.3716,1.9689,0.1072,1.1185,16.4303,0.0118,2.3682,0.0219,0.0088,40.4322
-1.0,3074.24,2213.9111,1.2541,96.9456,1.6539,-0.0149,-0.0039,197.6004,9.5004,406.2055,0.9755,187.5429,12.3351,1.4284,-4595.6667,-2628.3333,1.2677,1.996,7.3133,76.6333,1.8222,0.1334,84.3441,8.9833,64.7846,66.0907,87.7644,81.19,2.967,351.6391,134.6855,726.7757,1.3534,144.7755,631.1,193.7138,4.596,4.835,2832.0,0.9366,-1.67,350.8691,10.4555,113.0155,13.5009,21.67,29.1767,697.599,153.7145,617.5991,155.9902,-0.0063,0.0184,0.079,0.01,-0.0063,-0.0219,-0.0167,7.7298,0.1305,0.9893,1811.6633,0.218,7754.01,0.1062,0.0456,-0.0718,-0.0175,0.4540749415722156,0.9476,658.7094,0.9907,58.3601,0.6005,0.9681,6.3071,15.72,6.086,15.76,15.7,1.909,0.9297,3.076,-2.9329,0.5949,2.2553,999.2317,167.0,164.5,157.3,58.0999,249.71,0.2048,0.0935,0.0522,0.0403,0.0172,5.6135,6.337,13.849,0.0097,0.22,0.036,929.0,3369.0,0.173,0.086,0.324,3.7,0.545,0.6874,0.1686,0.7341,0.3672,0.7515,0.377,0.0968,9.27,13.92,89.417,0.261,13.65,3.27,32.048,96.557,0.16345,0.0638,0.0682,0.0537,0.16685000000000003,0.0623,0.0441,0.0945,4.5827,0.0589,0.001,182.7284,0.0646,1280.7002,0.0138,0.015,0.05305531585526965,0.0217,130.3156,4.0287,0.0344,0.5446,0.0603,4.1474,40.7135,53.7769,52.061,0.0707,2.6017,0.0293,1.6962,0.0579,0.013,400.5824,110.6206,963.2582,1781.1632,0.0816,0.0391,0.1331,1.1885,0.028,0.1936,0.2857,0.073,0.0729,4.8494,0.1159,8.4392,0.0302,2.789,4.1677,28.1814,0.0835,1.0468,1.7465,9.7755,26.2562,0.0433,0.0271,0.0301,0.0225,0.0485,0.0349,0.0194,0.0392,1.5032,0.0197,0.0003,55.212,0.0171,371.3301,0.015687104671156242,0.0059,38.5153,1.1259,0.0108,0.1789,0.0216,4.4761,1.2804,7.5658,5.3509,6.4816,2.6243,12.6501,16.3282,5.6532,66.7027,3.4094,0.9894,1.7835,2.5225,41.0169,128.1801,13.6462,4.3086,4.4303,4.8282,71.3415,59.2007,15.4357,0.815,1.8773,1.1331,0.2207,4.6553,3.8757,3.7421,7.1553,6.403,2.2057,46.1593,5.242,2.4963,5.0524,101.1042,4.594,7.2587,61.8994,0.0,245.8574,67.9962,0.0,992.8287,200.9112,566.7166,59.2858,2.0684,2.43,0.0999,10.0862,29.6161,0.0,47.9042,930.6122,12.701987379039526,2.2857,19.7835,0.1107,6.9032,8.6343,2.6756,11.3117,73.546,16.23,0.87,7.0941,0.3417,15.604,4.0671,1.1829,0.1625,0.0345,16.7211,6.36,0.1558,2.9154,0.0764,2.3354,28.8269,530.9809,2.3259,9.94,0.2182,3.2617,0.0779,1.872,9.3821,0.0118,2.3553,0.0219,0.0088,40.4322
-1.0,2941.85,2172.3111,1.2955,101.3556,1.4078,0.0146,-0.0112,201.29,7.9037,411.4624,0.9604,191.4998,12.5682,1.4112,-3258.25,-260.5,1.34,1.9735,7.219,72.1889,2.4667,0.1987,84.5333,8.8078,63.94,66.396,86.9208,71.45853523604623,3.00415429091007,352.6918,141.6518,736.0542,1.2623,138.3555,632.6991,197.4401,4.569,4.826,2851.0,0.9304,-4.89,353.96,10.385,116.7618,16.2191,24.89,33.006,703.0482,145.7582,616.48,129.575,0.0327,-0.0146,0.0518,-0.0297,-0.0166,-0.0294,-0.0022,6.8598,0.1326,0.9698,1824.818,0.2007,9306.2801,-0.0311,0.0419,-0.0026,-0.084,0.4606,0.9584,776.5064,0.9867000000000001,56.4884,0.6083,0.9805,6.2491,15.72,6.003,15.72,15.74,2.0801999999999996,0.9419,2.893,-2.9329,0.5708,2.2472,1010.15,113.0,75.5,67.3,58.5,379.287,0.1556,0.0659,0.0506,0.0434,0.0168,8.6737,5.29,14.051,0.0166,0.32,0.0475,371.0,2826.0,0.091,0.044,0.112,5.1,0.377,0.8574,0.0671,0.7442,0.3598,0.9458,0.588,0.1556,7.37,19.62,76.308,0.565,27.53,7.19,37.512,74.411,0.0952,0.0681,0.0252,0.0454,0.0881,0.0719,0.0903,0.0922,4.256,0.0334,0.0055,115.2924,0.0367,993.7998,0.0127,0.0121,0.0224,0.0118,103.4507,4.9693,0.0301,0.3447,0.0648,2.1201,29.0785,26.458,23.2008,0.0507,1.8307,0.019,1.4943,0.0812,0.0171,154.6617,66.1331,733.445,1231.5829,0.0408,0.0189,0.0478,1.5752,0.0446,0.1405,0.3123,0.0246,0.1433,5.9451,0.1795,9.4213,0.0487,2.2332,6.2877,23.0198,0.1578,2.1568,2.669,11.5484,29.2399,0.0228,0.0292,0.0116,0.0199,0.0264,0.0369,0.0454,0.0434,1.452,0.0134,0.0016,34.6624,0.0113,282.3863,0.0075,0.0044,29.296,1.3775,0.0089,0.1059,0.0228,4.3374,0.7154,5.1738,2.5664,2.7327,2.693,31.5406,12.0092,4.6811,66.9304,3.4149,1.729,2.5461,3.3631,51.9604,0.0,6.791,2.2295,1.5515,7.0648,52.7027,66.443,11.4008,1.0143,0.7614,1.1639,0.1257,4.5224,7.9914,4.1509,12.3238,5.3269,3.101,38.6487,6.5575,5.4405,12.9152,169.7383,5.3356,22.6318,57.427,291.41,240.636,87.6025,296.3212,432.4812,306.6214,0.0,62.0424,2.7149,1.3927,0.5626,6.318,18.2798,913.2075,32.8205,0.0,4.8546,1.2339,13.3226,0.25379999999999997,8.797,5.5164,2.8831,6.1909,72.95,15.11,1.02,7.2283,0.3884,47.0814,3.7837,1.3982,0.3683,0.0661,38.756,4.98,0.0877,2.0902,0.0382,1.8844,15.4662,530.3073,2.4103,8.05,0.4025,2.6506,0.11,1.518,16.7005,0.0105,2.0928,0.0219,0.0088,40.4322
-1.0,2945.05,2204.5,1.3398,91.8511,1.3786,0.0069,0.0023,201.3292,12.3825,420.4913,0.9725,191.5286,12.5547,1.4129,-3677.0,-2886.25,1.2868,1.9975,7.2393,74.3444,2.1,0.1633,84.9121,8.1166,64.5548,66.2506,87.1953,63.93999999999998,4.397,353.7591,142.4082,737.2777,1.2319,138.4409,634.6082,200.7029,4.569,4.826,2851.0,0.9304,-6.5282,353.2491,10.4622,115.88,19.6091,26.5282,34.3403,702.9374,145.87,614.9991,133.7067,0.0099,-0.0068,0.0565,-0.0096,0.009,-0.019,-0.0106,6.8475,0.1364,0.9905,1825.1419,0.1956,8646.22,-0.0932,0.0251,0.057,0.0247,0.4586,0.95,732.3867,0.9867000000000001,57.7312,0.5951,0.9651,6.3677,15.72,6.086,15.76,15.7,1.909,0.9297,3.076,-2.9329,0.5949,2.2553,999.2317,111.0,209.0,94.0,49.0,1015.8822,0.2361,0.0524,0.0418,0.0473,0.0144,8.0919,9.977,15.867,0.0119,0.26,0.0351,834.0,3749.0,0.091,0.066,0.25,2.6,0.484,0.6833,0.1459,0.6015,0.257,0.6839,0.554,0.2193,6.19,19.36,82.357,0.556,25.72,6.12,35.041,90.692,0.0827,0.0897,0.0444,0.0493,0.0778,0.1272,0.0907,0.0757,3.8493,0.1196,0.0005,150.9199,0.039,1282.4004,0.0227,0.0136,0.0277,0.0056,144.6224,3.9848,0.0233,0.1993,0.0603,4.1474,27.9396,57.3858,33.6876,0.0733,3.5599,0.0182,2.773,0.0648,0.0107,372.202,77.5005,658.7903,1728.0205,0.044,0.0294,0.1044,0.7748,0.0453,0.174,0.2561,0.0623,0.0741,5.7907,0.1753,9.8802,0.0636,1.8383,6.4196,24.9722,0.1711,1.5509,2.4618,11.05,31.3578,0.0258,0.038,0.019,0.0217,0.0238,0.0613,0.0445,0.0384,1.2981,0.0354,0.0001,43.0639,0.0118,372.2353,0.0069,0.0017,43.0775,1.2751,0.0076,0.064,0.0216,4.4761,1.2804,5.0684,7.0967,3.8063,2.2227,65.6831,17.6193,3.8009,80.5731,3.7734,1.2191,2.0709,2.4828,43.7585,129.8917,7.0721,3.3041,3.4534,3.4972,61.9048,93.0612,14.1811,0.8047,1.7974,0.9318,0.2072,4.8253,8.3492,4.1538,17.7983,4.4712,3.0507,41.0343,6.5575,5.3144,10.718,131.1636,4.9849,18.936,67.829,832.2013,0.0,87.1795,808.3117,0.0,477.9974,717.5355,56.2143,1.9065,5.0386,0.0492,8.2689,19.916,0.0,19.1126,0.0,6.0418,0.5889,19.7467,0.25379999999999997,6.9024,3.1302,2.6756,11.3117,73.546,16.23,0.87,7.0941,0.3417,15.604,4.0671,1.1829,0.3683,0.0661,38.756,5.0,0.3378481311764915,1.9855,0.1352392452747727,1.8576,38.05341532073962,530.3073,2.4103,8.05,0.4025,2.6506,0.11,1.518,16.7005,0.0106,2.1065,0.0219,0.0088,40.4322
-1.0,3066.18,2180.5556,0.7892,101.4578,1.4454,0.0177,0.0017,201.1718,9.9407,398.6914,0.979,191.2698,12.5376,1.4161,-6154.5,530.75,1.2548,1.9947,7.3277,69.6333,2.0556,0.2134,83.5811,8.6068,64.6913,66.337,86.5437,82.25,3.673,354.3273,126.1645,719.6495,1.4203,150.0227,630.5145,193.2275,4.602,4.845,2839.0,0.9315,7.03,352.97,10.5375,113.1945,13.0081,12.97,17.1419,702.5075,151.3418,617.5064,44.151,0.0232,-0.0165,0.0496,-0.0082,-0.0188,-0.0071,-0.028,7.9898,0.1363,0.9831,1836.0926,0.168,8473.75,0.0072,0.0484,0.0497,-0.1274,0.4635,0.9481,740.6909,0.9907,59.108,0.604,0.9629,6.4108,15.84,3.234,15.91,15.82,1.182,0.5516,3.058,-2.647,0.8349,2.3883,1012.9822,169.0,232.1,193.4,54.0999,400.697,0.0727,0.1197,0.0611,0.0415,0.0077,8.0466,9.171,10.236,0.006,0.22,0.0568,2060.5,908.0,0.232,0.067,0.108,2.0,0.73,0.8201,0.0869,0.6167,0.4209,0.9981,0.254,0.099,5.68,15.64,36.028,0.218,19.74,4.68,33.064,24.512,0.0684,0.0492,0.0106,0.0379,0.0367,0.0748,0.0934,0.0288,1.9889,0.0428,0.0075,138.0647,0.0755,1187.5005,0.0233,0.0144,0.0523,0.0168,121.377,4.1475,0.0438,0.5061,0.1213,3.7346,41.4581,74.6309,68.15,0.0225,2.4197,0.038,2.8428,0.0581,0.0173,912.5788,290.1326,2782.7028,407.8312,0.1071,0.0326,0.0442,0.7071,0.0516,0.269,0.2912,0.0358,0.0891,5.5763,0.076,8.2637,0.0333,1.6124,4.8522,11.7303,0.0859,1.4237,2.2077,10.1739,9.12,0.0165,0.0203,0.0048,0.0196,0.0113,0.0392,0.0522,0.0127,0.7065,0.0138,0.0025,46.6635,0.0254,355.1194,0.0119,0.006,35.6995,1.1698,0.0128,0.18,0.035,8.1073,1.1571,7.4224,7.5697,7.6171,2.481,34.3906,9.212,8.2814,92.2568,2.5674,0.6092,1.7547,4.0125,104.5089,171.0787,18.4897,3.3588,1.4738,2.8722,34.0541,73.0869,20.9449,0.9812,1.0091,0.9533,0.3508,5.097,3.5668,3.6243,6.9696,3.7861,2.4805,18.6454,9.842500000000001,2.0688,6.5021,151.751,4.7066,21.5064,55.5186,294.5102,237.6812,76.4498,449.2731,397.344,0.0,103.0411,24.8932,2.5677,1.7456,0.7674,7.5195,44.9521,532.1016,19.2192,707.6923,11.2894,1.7765,16.387,0.065,7.0168,7.8941,5.0802,10.889,73.546,16.23,0.87,7.0941,0.3417,15.604,4.0671,1.1829,0.3869,0.0813,38.7536,4.98,0.0877,2.0902,0.0382,1.8844,15.4662,531.3346,2.2421,8.49,0.3689,2.7936,0.1177,1.5979,16.4543,0.0174,3.486,0.0223,0.0159,71.0108
-1.0,3087.64,2197.3222,2.0983,97.6267,1.4314,0.02,0.0062,196.2512,6.3496,402.4503,0.9792,186.2402,12.539,1.405,-5060.5,-2671.0,1.3075,2.0023,7.3533,65.0778,2.3444,0.2031,85.7132,9.0606,64.0248,66.94045000000003,86.8551,63.93999999999998,4.498,351.3182,144.2682,740.4971,1.2127,143.2227,638.8091,241.0467,4.592,4.871,2852.0,0.9301,-2.6355,351.7109,10.2189,121.6327,18.5573,22.6355,34.0617,706.4354,146.9082,620.2518,160.6138,-0.0011,-0.007,0.002,-0.0152,0.0144,-0.0316,0.1047,7.4278,0.1403,0.9839,1870.5525,0.2187,9117.7299,0.0358,0.0688,-0.0053,0.1049,0.4592,0.9392,789.4535,0.9912,58.0251,0.6025,0.9802,6.1926,15.72,6.003,15.72,15.74,2.0801999999999996,0.9419,2.893,-2.9329,0.5708,2.2472,1010.15,120.0,84.4,112.5,69.4001,357.4709,0.4463,0.0722,0.071,0.0402,0.0093,10.3295,4.528,16.076,0.0049,0.28,0.0539,726.0,5072.0,0.06,0.085,0.244,2.3,0.603,0.7854,0.0753,0.801,0.3907,0.7315,0.482,0.151,6.06,19.48,54.285,1.057,15.95,5.6,36.067,62.748,0.057,0.048,0.0844,0.0159,0.0823,0.0602,0.0668,0.0195,3.6465,0.0849,0.0057,159.7592,0.0825,1774.4995,0.0164,0.0077,0.0171,0.021,188.0696,2.0045,0.0337,0.5124,0.0648,2.1201,30.132,28.1017,40.528,0.139,1.8521,0.0249,1.3226,0.0687,0.015,309.4264,130.7628,2245.5992,3586.4456,0.0288,0.0379,0.1193,0.7981,0.0461,0.19,0.28,0.0331,0.0725,4.9426,0.1505,9.7835,0.0427,1.9089,5.4858,17.9251,0.3309,1.7323,1.5772,11.0439,18.0865,0.0162,0.0219,0.0387,0.0082,0.0219,0.0305,0.0365,0.0093,1.2727,0.0253,0.0019,60.4782,0.034,528.567,0.0047,0.0084,58.4565,0.675,0.0133,0.1727,0.0228,4.3374,0.7154,5.3739,2.7335,4.6812,3.1584,22.5257,21.2704,5.044,71.3112,3.9945,0.498,2.233,3.8377,95.7218,189.8914,4.5889,4.2452,3.3183,3.5342,46.9194,64.9891,17.234,0.9163,0.8313,1.2511,0.2356,4.6397,8.5812,4.2062,12.4497,4.2312,3.0494,22.5205,6.475,10.3436,12.25,85.9502,5.1055,23.5531,39.0676,0.0,111.8229,764.9995,543.2343,418.0556,211.3924,18.6202,49.0925,1.5679,3.5701,0.5766,8.5407,37.7152,76.5693,51.5188,551.3514,3.7182,2.2323,23.8228,0.1014,3.4546,8.2741,2.8831,6.1909,73.546,16.23,0.87,7.0941,0.3417,15.604,4.0671,1.1829,0.1576,0.036,15.8427,6.494471449728665,0.14973321862570108,2.631371941380424,0.0632308454247775,2.4482630745753506,21.499477371177043,530.9809,2.3259,9.94,0.2182,3.2617,0.0779,1.872,9.3821,0.0112,2.2544,0.0223,0.0159,71.0108
-1.0,3043.12,2180.5556,0.7892,101.4578,1.4276,0.0121,-0.0051,202.444,9.7066,398.1627,0.9729,192.5139,12.5488,1.422,-5279.5,4499.0,1.3083,1.9962,7.3138,66.8222,2.5556,0.2347,84.5509,9.6136,64.7472,66.3826,86.9287,63.93999999999998,4.696,352.5864,132.2045,724.6268,1.3725,144.8,629.5909,230.6777,4.601,4.853,2846.0,0.9348,1.3936,350.9327,10.5307,113.5982,12.9654,18.6064,25.5648,699.062,152.0945,616.6255,122.6342,0.0189,-0.0242,0.0629,0.0114,-0.0265,-0.0243,0.0259,6.7384,0.1326,0.9885,1836.9914,0.2122,8675.7199,-0.066,0.0605,-0.0027,-0.1877,0.457,0.946,740.8483,0.9907,59.1332,0.6002,0.9792,6.2937,15.84,3.234,15.91,15.82,1.182,0.5516,3.058,-2.647,0.8349,2.3883,1012.9822,136.0,127.9,84.0,54.0999,400.697,0.0727,0.0705,0.0511,0.0605,0.017,8.2809,7.224,6.635,0.0123,0.21,0.103,1175.0,17919.5,0.161,0.09,0.2,2.2,0.536,0.7091,0.1577,0.537,0.3334,0.9018,0.367,0.0599,8.85,14.01,52.024,0.186,15.55,3.9,31.519,125.802,0.0681,0.0782,0.0401,0.0289,0.0779,0.1318,0.0905,0.0528,4.177,0.0609,0.0017,91.0946,0.0432,654.2002,0.0369,0.0204,0.0236,0.0214,95.1982,4.0898,0.0303,0.5354,0.1213,3.7346,33.1485,43.2565,24.5012,0.0225,2.4197,0.0235,2.4209,0.0523,0.0271,531.0156,96.4106,4849.767,8994.62525,0.0724,0.0396,0.0829,0.753,0.0615,0.1874,0.2677,0.0706,0.1,5.5793,0.1239,8.2336,0.0198,2.4922,4.1368,16.7086,0.0569,1.4715,2.3437,10.0351,36.2294,0.0156,0.0327,0.0167,0.0128,0.0233,0.0671,0.049,0.023,1.3806,0.0182,0.0005,35.5344,0.0123,236.648,0.0067,0.0072,30.0652,1.1722,0.0103,0.1693,0.035,8.1073,1.1571,6.0806,4.2029,3.3958,2.481,34.3906,9.212,4.9382,74.4233,1.6664,1.2675,1.6735,7.244,209.1107,696.1102,12.3065,4.5085,2.7346,3.2923,46.9565,75.8523,15.674,0.8387,1.6404,0.8294,0.3891,5.437,3.3963,3.5889,4.3622,6.1119,2.2253,22.5527,5.5382,1.7663,6.3821,119.9344,4.5088,15.8093,102.5831,360.1983,618.59025,45.9459,684.8352,497.8281,371.6632,203.6644,61.9885,2.7149,2.5836,0.1681,4.9589,20.3422,0.0,20.7207,664.6154,5.1542,2.2673,12.8499,0.091,6.9163,8.5065,5.0802,10.889,73.546,16.23,0.87,7.0941,0.3417,15.604,4.0671,1.1829,0.3031,0.0701,32.814,6.35,0.088,2.6236,0.0357,2.4352,13.678,531.1709,2.2895,10.44,0.3893,3.6654,0.1067,1.9655,17.0028,0.0166,3.3275,0.0223,0.0159,71.0108
-1.0,2971.54,2180.5556,0.7892,101.4578,1.4785,0.0279,0.0092,202.4017,10.6712,419.6355,0.975,192.3897,12.3578,1.4011,-2979.5,175.5,1.315,2.023,7.411,73.3667,2.5667,0.2011,85.4487,8.6695,63.7619,66.2322,86.6658,79.21,3.559,352.8536,143.9064,740.4553,1.2919,138.9936,635.7536,212.607,4.59,4.83,2855.0,0.9314,-3.7045,352.8018,10.2874,120.2018,15.1481,23.7045,31.622,708.8333,147.6018,620.6055,133.8775,-0.0202,-0.0331,0.0571,0.0147,0.0039,-0.0256,0.0292,7.6329,0.1283,0.9887,1807.9927,0.2155,8620.1801,-0.0239,-0.0028,-0.0293,-0.0737,0.458,0.9424,750.9169,0.9867000000000001,56.3672,0.6023,0.9799,6.1859,15.72,6.086,15.76,15.7,1.909,0.9297,3.076,-2.9329,0.5949,2.2553,999.2317,119.0,99.9,166.0,54.0999,400.697,0.0727,0.0663,0.0591,0.0563,0.0213,10.4084,7.132,9.283,0.0112,0.33,0.0407,372.0,1428.0,0.127,0.046,0.097,3.3,0.286,0.7362,0.0627,0.6906,0.3562,0.8576,0.497,0.1365,4.26,19.18,78.974,0.864,27.32,8.07,34.139,86.632,0.0845,0.0691,0.0071,0.0301,0.0664,0.1208,0.102,0.0749,3.236,0.0689,0.0066,207.126,0.1254,683.1006,0.0178,0.0155,0.0179,0.0125,71.5493,2.5542,0.0255,0.3897,0.0603,4.1474,30.1812,32.6786,53.2713,0.0225,2.4197,0.0285,2.1066,0.0909,0.0137,160.1645,106.2199,2429.6933,601.295,0.0571,0.0249,0.0441,1.0173,0.0286,0.0833,0.2907,0.0248,0.0902,5.0433,0.1474,10.1571,0.0427,1.1922,6.3478,24.2082,0.2462,2.1462,2.6098,10.4591,24.1743,0.0264,0.0293,0.0029,0.0128,0.0164,0.0578,0.0512,0.0307,1.0781,0.0224,0.0019,63.3906,0.0374,200.665,0.0055,0.0044,20.0322,0.825,0.0091,0.1215,0.0216,4.4761,1.2804,5.5137,3.3619,6.7544,2.481,34.3906,9.212,4.4842,66.8342,2.2122,1.1462,2.6704,2.9027,197.7849,813.6752,9.6578,2.2739,1.3089,4.498,31.1688,41.768,8.842,0.8616,0.7233,1.0831,0.2142,4.9482,8.575,4.4448,10.569,3.0649,3.0169,37.1455,6.4177,8.3987,14.6836,180.3521,4.8162,17.1689,64.7099,417.6707,0.0,52.6915,453.049,0.0,398.827,256.7266,42.3955,2.9616,2.8972,0.669,11.4561,63.31987047269746,0.0,22.6562,0.0,3.9154,1.33,9.5283,0.25379999999999997,4.5313,6.2999,2.6756,11.3117,73.784,15.11,1.48,6.2318,0.582,56.7542,3.6417,2.0059,0.6444,0.0951,63.5407,4.98,0.0877,2.0902,0.0382,1.8844,15.4662,532.7764,2.3109,6.87,0.2282,2.4626,0.0744,1.2895,9.8735,0.0081,1.6293,0.0223,0.0159,71.0108
-1.0,2931.17,2206.1444,2.0607,95.9511,1.5922,0.0105,-0.0011,195.6482,11.1145,408.8248,0.9734,185.9003,12.551,1.4162,-1629.25,1729.0,1.3527,1.9795,7.3117,67.8778,2.4556,0.21,87.1083,8.7779,64.4107,66.3369,86.797,77.83,3.396,351.0036,131.1864,721.9225,1.365,140.5855,622.7755,206.7074,4.602,4.836,2837.0,0.9356,-0.45,349.3882,10.5445,110.7364,19.6655,20.45,30.013,691.9095,142.9855,603.11,94.3835,-0.0051,-0.0088,0.0855,0.0135,0.0496,-0.0236,0.0429,6.8894,0.1334,0.9861,1813.7238,0.1659,8887.8101,-0.012,0.0167,0.0086,0.0046,0.46768073432296065,0.9305,693.3072,0.9907,58.458,0.6145,0.9671,6.2259,15.72,6.003,15.72,15.74,2.0801999999999996,0.9419,2.893,-2.9329,0.5708,2.2472,1010.15,131.0,89.7,49.0,51.3,231.8831,0.4256,0.1114,0.0653,0.0285,0.0123,8.6345,10.243,7.88,0.0092,0.27,0.0525,2060.5,8362.0,0.219,0.055,0.111,2.4,0.74,0.4059,0.1865,0.5538,0.1701,0.6053,0.329,0.1308,6.09,16.53,38.26,0.372,26.54,10.27,32.693,103.223,0.0705,0.0578,0.0429,0.0859,0.108,0.0461,0.1046,0.1276,5.2643,0.0553,0.0046,158.3337,0.05,1429.8994,0.011,0.0114,0.037692718896597255,0.0482,96.8503,3.1225,0.0433,0.2611,0.0648,2.1201,33.115,30.5365,15.1879,0.1449,1.5889,0.0335,3.2316,0.0805,0.021,912.5788,159.0482,3551.0657,4328.0417,0.0898,0.0248,0.0539,0.6942,0.0414,0.2002,0.1495,0.0738,0.0543,5.053,0.0994,8.0872,0.0459,1.6217,5.7247,13.8308,0.115,2.9769,3.0655,10.7231,38.7278,0.0223,0.0278,0.0179,0.0402,0.0253,0.0207,0.0514,0.0535,1.8936,0.0181,0.0014,49.8783,0.0174,476.6998,0.011458401591522505,0.0177,34.8028,0.9522,0.0146,0.0829,0.0228,4.3374,0.7154,6.0618,3.0602,1.9859,2.3253,12.354,20.6523,6.9966,92.1585,1.9275,0.9405,2.1512,3.7058,298.58439999999996,483.6322,16.1892,2.7785,1.5181,3.5358,52.9412,67.619,21.3756,0.466,2.1246,0.8598,0.6795,4.8461,3.5598,3.5504,9.5846,4.3319,2.6542,18.5093,5.6546,3.5279,8.1094,134.9571,4.725,22.422,109.3656,0.0,618.59025,100.4385,797.4158,92.8967,443.6903,297.4359,76.4116,1.3491,2.3206,0.4687,8.7298,30.1618,0.0,37.3396,0.0,10.595578290422935,5.176,13.9693,0.0945,5.3414,4.1936,2.8831,6.1909,74.016,15.11,1.18,7.0096,0.4967,50.7818,3.7364,1.5943,0.1406,0.0323,14.9122,4.65,0.0992,2.178,0.0449,1.7731,16.2667,531.0918,2.4015,10.18,0.3038,3.4002,0.0946,1.9168,12.6524,0.0094,1.8617,0.0223,0.0159,71.0108
-1.0,3055.54,2168.7333,1.3739,104.8544,1.4461,0.0196,-0.0125,199.8782,7.233,403.1136,0.9722,190.0879,12.3351,1.4082,-3939.75,1536.25,0.9765,1.8867,5.154,63.8222,3.3333,0.2246,85.7132,9.0606,64.0248,66.94045000000003,86.8551,63.93999999999998,4.498,352.4909,135.91,727.9252,1.285,139.4455,627.8464,215.4963,4.596,4.835,2832.0,0.9366,-1.4564,351.6945,10.2923,114.4536,12.5955,21.4564,28.2871,699.6381,149.1027,615.2509,130.9582,-0.0301,-0.0107,-0.0112,0.013,0.0255,-0.0188,0.1071,6.8109,0.1343,0.986,1879.8357,0.2119,8889.93,-0.0017,0.0046,0.0103,-0.0809,0.4622,0.9449,796.4462,0.9908,58.877,0.6108,0.9803,6.1607,15.72,6.003,15.72,15.74,2.0801999999999996,0.9419,2.893,-2.9329,0.5708,2.2472,1010.15,116.0,177.2,187.2,57.0999,488.666,0.1271,0.1352,0.061,0.0505,0.0138,9.7285,5.185,13.424,0.0102,0.22,0.0805,297.0,223.0,0.133,0.095,0.259,3.1,0.174,0.7854,0.0753,0.801,0.3907,0.7315,0.509,0.1529,5.31,19.01,34.707,0.243,21.25,5.38,33.805,104.012,0.0764,0.0423,0.0385,0.0296,0.0572,0.0512,0.1001,0.0105,4.2898,0.0335,0.0026,160.7589,0.072,1241.1001,0.0152,0.0159,0.0201,0.03,127.0624,1.6912,0.0521,0.2477,0.0648,2.1201,31.1255,54.9146,55.5121,0.0464,2.3721,0.0427,1.7671,0.0579,0.0255,135.206,240.8656,385.4922,102.4805,0.0568,0.0394,0.1178,0.8482,0.0293,0.064,0.28,0.0331,0.0725,5.7032,0.1891,8.1285,0.0412,1.4195,5.9636,13.677,0.0774,1.5263,2.6831,10.3048,33.0079,0.0209,0.0182,0.0165,0.0126,0.0157,0.0271,0.0547,0.0054,1.449,0.0104,0.0009,58.182,0.0234,390.0294,0.0061,0.0096,39.4752,0.5769,0.0134,0.0766,0.0228,4.3374,0.7154,5.2312,5.7993,7.4615,2.6329,48.8865,9.2525,9.3493,71.6853,3.3301,1.0534,1.7835,5.7151,22.8441,14.5159,13.6201,5.0351,5.0252,4.8572,27.0,41.4151,3.7384,0.9163,0.8313,1.2511,0.2356,4.7859,3.4582,3.5039,11.8959,3.8079,3.0278,16.1056,5.242,2.361,6.3781,168.7112,4.8318,11.9955,79.4238,253.7152,360.0,264.877,439.3663,200.3914,533.1558,9.8016,62.9847,3.0526,1.3767,0.265,8.5518,33.9953,610.0719,56.5086,0.0,4.3595,3.1715,15.9537,0.0927,2.8725,4.0211,2.8831,6.1909,75.724,18.97,0.87,8.4788,0.3415,78.8578,4.6012,1.1489,0.5711,0.1258,54.3883,4.98,0.0877,2.0902,0.0382,1.8844,15.4662,530.9809,2.3259,9.94,0.2182,3.2617,0.0779,1.872,9.3821,0.0112,2.2194,0.0223,0.0159,71.0108
-1.0,2949.99,2204.1555,0.788,100.6922,1.54,-0.0071,-0.0095,201.3244,5.6317,396.1213,0.9792,191.3923,12.2981,1.4068,-2505.75,-781.25,1.2597,1.9962,7.2538,70.7556,2.6222,0.22,85.2836,8.8331,64.3688,66.0106,87.0785,75.34,3.396,351.5564,136.8773,728.0034,0.8532,136.9509,625.3845,109.5084,4.595,4.848,2844.0,0.9316,-2.6364,352.45,10.4396,114.2409,8.6795,22.6364,27.717,700.2864,151.3855,618.0764,115.9765,0.0051,-0.0377,0.0699,-0.0097,-0.0282,-0.0231,0.0168,8.2372,0.1338,0.9673,1838.7849,0.1976,8701.45,-0.0357,-0.0298,0.0154,-0.0856,0.46246214696692345,0.9373,729.2308,0.9904,58.8696,0.5898,0.9802,6.3054,15.75,5.902,15.77,15.7,1.744,0.9086,2.901,-2.9329,0.5882,2.2474,999.8597,132.0,155.8,167.9,56.2,444.364,0.0452,0.1071,0.0524,0.0299,0.01,10.49,4.891,17.168,0.0051,0.8700000000000001,0.0156,1273.0,1716.0,0.208,0.088,0.24,3.6,0.529,0.7982,0.26130000000000003,0.6623,0.3935,0.8184,0.545,0.1216,5.77,19.23,17.876,0.623,15.67,4.51,30.417,71.905,0.064,0.0473,0.0278,0.0246,0.0457,0.0808,0.0945,0.0524,2.7417,0.0349,0.0098,95.04,0.0598,912.5996,0.0167,0.0129,0.055618381389176075,0.0272,121.7197,3.5112,0.0162,0.2492,0.075,4.661,33.2473,54.9347,57.1146,0.0161,2.6221,0.034,1.5098,0.2202,0.0054,543.1001,208.9519,1646.8231,756.2347,0.0971,0.0399,0.1141,1.0795,0.0605,0.1754,0.3019,0.0985,0.1418,6.2211,0.1904,9.0933,0.0335,2.2439,6.119,6.2878,0.166,1.2137,1.7476,9.8013,25.3986,0.0167,0.0201,0.0133,0.0123,0.012,0.0397,0.0456,0.0226,1.2092,0.0139,0.0035,32.2627,0.0173,306.4019,0.014255171976895704,0.0093,35.1263,1.2545,0.0057,0.0854,0.0239,5.1522,1.4933,5.9888,5.2814,6.7196,2.5497,34.8178,5.7305,6.9545,86.8472,4.334,0.5211,6.94175,1.1089,150.1347,219.648,16.5112,4.4083,3.3086,5.0879,61.0169,80.4545,16.0741,0.9359,2.9167,1.0289,0.2679,6.1669,10.0528,4.1067,14.2525,4.2132,3.0749,16.3239,7.1071,5.9676,10.0402,180.5404,4.3435,14.0433,61.9997,0.0,273.4104,35.168,470.2251,286.5248,409.5341,312.8358,33.2846,1.1959,1.4469,1.01,5.1686,30.2681,269.4517,52.1739,0.0,12.440500731396146,2.9055,16.6915,0.1135,5.9644,3.952,3.3353,12.6978,73.01,15.68,1.33,7.7507,0.5332,52.4049,3.887,1.8217,0.1803,0.0347,18.2177,10.71,0.3378481311764915,4.4028,0.1352392452747727,4.1625,38.05341532073962,533.9936,2.2318,8.27,0.3001,2.7629,0.0861,1.5487,13.4487,0.0112,2.2641,0.0223,0.0159,71.0108
-1.0,2927.94,2206.5777,1.3316,100.6189,1.4675,-0.0146,0.0005,196.2477,7.1375,399.7709,0.9702,186.4902,12.285800000000002,1.4047,-4505.0,-2442.75,1.2775,1.9805,7.1465,65.9667,2.4778,0.1904,85.822,9.0776,64.059,66.94045000000003,86.8379,77.92,3.758,356.8709,127.6827,724.2519,1.3499,144.2127,628.7664,180.7893,4.59,4.868,2858.0,0.9256,3.9818,356.0609,10.6372,111.6645,10.7128,16.0182,22.1771,702.0748,150.3282,618.0536,121.2636,-0.0147,-0.0233,0.0181,0.0083,-0.0203,-0.0175,0.0043,7.7875,0.1368,0.9852,1784.2011,0.1646,9054.95,-0.042,-0.0195,-0.0135,-0.0169,0.4586,0.941,745.8865,0.9911,58.0845,0.5968,0.9794,6.0565,15.84,3.234,15.91,15.82,1.182,0.5516,3.058,-2.647,0.8349,2.3883,1012.9822,125.0,76.0,105.1,50.3999,152.272,0.1099,0.1413,0.0499,0.0441,0.0131,11.3674,4.745,19.686,0.02935,0.23,0.0509,1736.0,5855.0,0.113,0.063,0.27,2.8,0.324,0.5053,0.1245,0.6077,0.3488,0.7835,0.221,0.1286,5.14,15.6,96.372,0.277,19.53,6.53,31.46,133.489,0.0716,0.0238,0.027,0.0311,0.0954,0.1205,0.0938,0.0266,3.2138,0.0828,0.0016,116.1683,0.021,1141.4004,0.0154,0.013,0.0193,0.0241,129.7268,1.3922,0.0297,0.4068,0.1213,3.7346,30.6671,26.6089,28.8251,0.0356,1.6088,0.0531,1.2277,0.0619,0.0223,735.6498,121.4863,1190.4865,2652.506,0.0522,0.0261,0.1335,1.0186,0.0551,0.1323,0.1956,0.0507,0.1023,6.4328,0.0684,8.0173,0.0434,1.6709,4.7741,30.0391,0.0785,1.7804,2.9015,9.7033,38.7031,0.0196,0.011,0.0127,0.0148,0.0277,0.0596,0.0506,0.0114,1.21,0.0246,0.0005,41.4879,0.007,315.0328,0.0047,0.0107,34.5228,0.4707,0.0096,0.1496,0.035,8.1073,1.1571,5.533,2.5957,4.2353,2.2841,15.5573,8.2539,9.6285,66.4803,4.9243,3.05365,1.925,3.6228,50.5438,239.6889,8.8454,3.181,3.7781,4.2446,64.574,85.0642,9.5867,0.5888,1.3711,0.9487,0.2787,6.0218,6.2499,3.4539,9.5266,3.5642,2.481,53.3063,5.9199,2.6041,5.427,182.3059,4.481,16.1453,110.0816,486.4544,100.8475,171.3499,0.0,593.5961,536.0,611.4943,41.2691,3.2905,3.4584,0.1622,6.5109,12.742,595.9885,34.5572,0.0,4.2151,2.5625,17.3923,0.0964,2.3968,6.7163,5.0802,10.889,72.516,16.14,0.78,7.7172,0.309,30.2015,3.9393,1.0756,0.1031,0.0253,10.8294,6.5,0.1665,2.5697,0.0775,2.4729,20.2672,535.9636,2.2026,6.77,0.3033,2.1846,0.0956,1.2631,13.7684,0.0199,4.0319,0.0348,0.0303,86.974
-1.0,3041.48,2213.9111,1.2541,96.9456,1.438,-0.0062,-0.0033,197.2857,12.0643,413.8448,0.9723,187.7973,12.5027,1.4278,-3756.5,-190.25,1.281,2.0015,7.3148,68.0222,2.6333,0.2119,83.6681,8.8546,64.5531,66.2479,86.4099,80.2,2.541,351.4736,141.6482,735.4609,1.3185,139.6155,632.7373,193.3416,4.598,4.844,2847.0,0.9315,-4.2327,352.2755,10.3775,117.4155,15.4491,24.2327,30.0271,705.4338,147.5973,617.2882,91.8527,-0.0067,-0.0365,0.0719,-0.0063,-0.026,-0.0083,0.0227,6.9444,0.1242,0.9887,1735.2447,0.2148,8415.4499,-0.0062,0.0242,-0.0144,-0.0089,0.47176930812966833,0.9566,733.6495,0.9867000000000001,58.0722,0.6002,0.9804,6.2497,15.75,5.902,15.77,15.7,1.744,0.9086,2.901,-2.9329,0.5882,2.2474,999.8597,104.0,200.0,87.8,58.0999,249.71,0.2048,0.119,0.0488,0.0433,0.0149,5.0023,10.123,7.631,0.0116,0.14,0.0668,364.0,1859.0,0.103,0.118,0.233,2.5,0.566,0.6139,0.1212,0.6329,0.3926,0.9048,0.559,0.1458,4.85,20.7,82.867,0.948,18.43,6.62,31.184,69.24,0.0644,0.0542,0.0394,0.0154,0.0724,0.1239,0.0942,0.0365,2.8959,0.071,0.0017,139.3782,0.0469,462.5996,0.0145,0.0132,0.05800157583000065,0.0251,111.3705,3.2713,0.0358,0.3004,0.075,4.661,28.2267,61.8665,28.517,0.0707,2.6017,0.0432,2.9725,0.0479,0.0233,171.0614,84.429,218.3048,829.1041,0.0442,0.0588,0.1027,0.8899,0.0316,0.1698,0.2229,0.0471,0.1229,6.3413,0.1579,9.243,0.0505,1.6864,5.9678,25.0622,0.2618,1.7088,1.9952,9.4924,19.6479,0.0184,0.0243,0.0166,0.0068,0.0207,0.0569,0.0487,0.0165,0.903,0.0255,0.0006,40.8233,0.0145,165.3723,0.012072441368243708,0.0082,34.9361,1.0749,0.0107,0.0888,0.0239,5.1522,1.4933,4.7042,6.5757,3.5196,2.6243,12.6501,16.3282,8.2753,83.9089,1.8439,1.197,1.1198,4.6778,12.7246,878.8110999999999,8.0406,5.8956,3.1853,3.6753,53.1646,48.6104,16.2971,0.7337,1.3683,0.9804,0.4267,5.5225,9.0577,4.0452,11.0607,3.4738,3.2715,42.8604,6.241,9.1352,15.739,119.2949,4.4205,23.0086,75.3815,966.6041,183.5732,21.4186,0.0,476.5385,0.0,160.4396,41.7003,1.6102,2.9835,0.1726,8.0322,21.838,0.0,54.3791,0.0,11.929875969811812,2.6243,15.1803,0.25379999999999997,5.6332,4.8059,3.3353,12.6978,74.474,19.71,1.3,8.7055,0.5178,26.8374,4.8149,1.7456,0.1625,0.0345,16.7211,8.91,0.1296,3.3754,0.0513,3.204,22.2035,533.2855,2.0362,6.32,0.2679,2.0635,0.0922,1.1851,13.1553,0.0126,2.5283,0.02,0.0078,38.9976
-1.0,3188.9,2213.9111,1.2541,96.9456,1.6564,-0.0135,-0.0002,197.9419,9.7509,411.7612,0.9808,187.8593,12.2981,1.4088,-4142.25,298.25,1.2535,1.9725,7.151,69.1778,2.4,0.1943,84.8185,8.9979,64.3519,66.2937,86.4854,78.42,3.08,350.1036,138.3827,729.9211,0.8874,140.0982,628.5845,122.9134,4.593,4.873,2845.0,0.9317,-0.8045,352.43,10.2665,117.5782,8.0645,20.8045,26.2439,703.6772,153.0636,623.0718,80.5871,-0.0036,-0.0313,0.0794,-0.0035,0.0364,-0.0194,0.0215,7.476,0.1299,0.989,1818.636,0.2077,8910.68,-0.0195,0.0437,0.0352,0.0504,0.4429150356956627,0.9279,680.5773,0.9903,59.6825,0.6109,0.9645,6.3849,15.72,6.003,15.72,15.74,2.0801999999999996,0.9419,2.893,-2.9329,0.5708,2.2472,1010.15,195.0,185.1,177.3,58.0999,249.71,0.2048,0.0997,0.0539,0.0385,0.0096,5.3363,3.95,12.145,0.0054,0.8700000000000001,0.0545,1271.0,649.0,0.18,0.113,0.227,3.2,0.404,0.6156,0.0732,0.493,0.359,1.1082,0.51,0.0889,6.83,18.22,30.918,1.207,14.5,4.01,31.083,56.158,0.0639,0.0291,0.035,0.0251,0.0446,0.0559,0.0948,0.0447,2.9526,0.0524,0.002,189.6365,0.0339,979.5,0.0211,0.0242,0.0568108607730311,0.0373,72.9109,4.3794,0.0637,0.5202,0.0648,2.1201,43.166,59.1755,50.7331,0.0707,2.6017,0.0363,1.2456,0.2202,0.022,519.9143,163.502,978.1232,298.0519,0.0835,0.0523,0.1006,1.1032,0.0351,0.1259,0.2479,0.029,0.0962,5.1675,0.1309,9.9205,0.0255,1.9088,6.1708,7.5248,0.3404,1.5871,2.3238,10.1233,18.8274,0.0152,0.0122,0.0161,0.0113,0.0129,0.0292,0.048,0.021,1.1298,0.0173,0.0006,55.3829,0.0115,307.8672,0.014159549487623942,0.0113,23.8187,1.3628,0.0204,0.1683,0.0228,4.3374,0.7154,8.8319,5.8045,7.2503,2.6243,12.6501,16.3282,6.0191,40.509,2.9495,0.5518,6.94175,3.8701,50.3591,217.6027,14.3598,5.7288,3.1744,4.6258,41.6667,55.5746,11.8618,0.7258,0.8131,0.7661,0.3814,4.8328,9.5026,4.4635,10.0135,4.8752,2.8986,25.1543,6.3731,11.7566,13.0126,179.8006,4.4172,28.3403,69.6861,0.0,400.0,31.5922,0.0,153.466,488.0309,207.907,39.4951,2.0009,2.2223,0.205,10.4274,16.313,0.0,61.2903,0.0,12.219460363043511,4.0249,10.7131,0.1153,7.3378,8.1477,2.8831,6.1909,73.5,15.91,1.0,7.1614,0.3767,21.344,3.979,1.3605,0.1625,0.0345,16.7211,5.99,0.1608,2.2379,0.0711,2.3323,25.91,531.2973,1.9279,9.12,0.3046,3.312,0.0864,1.7166,15.7989,0.018,3.6209,0.0237,0.0187,78.6294
-1.0,3083.31,2172.3111,1.2955,101.3556,1.6136,-0.0201,0.0005,195.196,8.2875,413.5676,0.9734,186.1334,12.5331,1.4223,-4087.0,117.25,1.3008,1.9893,7.3842,71.0778,2.7333,0.2327,85.5485,8.8548,63.7216,65.9589,86.8657,81.13,3.206,352.0182,132.2664,723.5234,1.311,141.4709,625.7555,206.2525,4.596,4.835,2832.0,0.9366,-0.0164,350.7409,10.5029,112.25,19.8519,20.0164,29.7647,693.7586,142.9127,605.9036,114.9497,0.0219,-0.0176,0.0723,-0.0007,-0.0204,-0.0181,0.0273,7.0892,0.1307,0.9905,1766.5759,0.2011,8731.8401,0.0087,0.0279,0.0028,0.0478,0.45581837205651865,0.9364,759.1651,0.9907,58.8089,0.5965,0.9619,6.3431,15.75,5.902,15.77,15.7,1.744,0.9086,2.901,-2.9329,0.5882,2.2474,999.8597,99.0,234.2,208.4,58.5,379.287,0.1556,0.1138,0.068,0.0365,0.0143,8.6603,5.599,16.616,0.0108,0.22,0.0179,1257.0,905.0,0.066,0.137,0.196,5.0,0.421,0.5905,0.1041,0.4883,0.3549,0.9775,0.526,0.0924,7.75,16.11,75.416,0.204,16.93,3.32,27.469,93.144,0.0828,0.0306,0.0369,0.0287,0.0463,0.082,0.0816,0.0663,4.6095,0.0925,0.001,98.8917,0.0341,779.4004,0.012,0.0146,0.05328466093542225,0.0249,73.0563,4.1945,0.025,0.2663,0.075,4.661,26.7157,76.2814,71.2452,0.0507,1.8307,0.043,1.5262,0.0626,0.0061,550.8432,112.1736,600.4293,416.8904,0.028,0.0677,0.0894,1.4906,0.0555,0.162,0.2401,0.0478,0.1079,4.6711,0.1541,8.5577,0.0332,2.2871,5.2496,20.8234,0.0623,1.1101,1.0433,8.8613,27.1008,0.0192,0.0136,0.0157,0.013,0.0124,0.0421,0.0429,0.0275,1.8487,0.0292,0.0003,32.3838,0.0095,236.5063,0.01386518650287039,0.0093,24.7189,1.1914,0.0085,0.0858,0.0239,5.1522,1.4933,4.5434,7.5957,8.7662,2.693,31.5406,12.0092,7.0525,67.5599,4.0177,1.1059,1.7554,1.255,31.8082,771.855,5.074,6.887,2.6543,7.0345,32.9268,73.9255,12.2582,0.6903,1.1755,0.7663,0.1459,3.8407,5.1563,3.8015,7.0476,5.4782,2.5745,36.5649,5.242,1.9423,5.7283,85.2817,3.9594,13.5936,81.0302,377.5435,91.3433,39.6683,0.0,401.9608,451.4523,242.8571,65.0222,2.6012,3.9004,0.1017,5.5979,16.9743,621.2766,43.849,0.0,12.519371364071992,2.6626,9.6232,0.1058,7.1324,4.1987,3.3353,12.6978,73.546,16.23,0.87,7.0941,0.3417,15.604,4.0671,1.1829,0.1406,0.0323,14.9122,4.11,0.2008,1.8246,0.0842,1.5291,34.8463,532.7455,1.7255,7.04,0.2486,2.5165,0.0846,1.3215,14.4089,0.0146,2.9086,0.0202,0.0069,34.1793
-1.0,3075.1,2168.7333,1.3739,104.8544,1.5578,0.011,0.0008,201.8252,9.6427,418.1111,0.98,191.7475,12.5504,1.4186,-4227.75,475.75,1.258,2.001,7.3925,68.9,2.3667,0.2093,84.6838,9.0425,64.4947,66.94045000000003,86.8006,70.25339799834273,2.429458876216969,351.7382,132.9436,723.7048,1.2231,137.6464,622.3282,43.0715,4.606,4.86,2844.0,0.9341,0.7827,351.4455,10.4836,113.7264,9.3112,19.2173,22.3049,701.3999,148.9009,614.0727,53.1704,-0.0259,-0.011,0.0678,0.003,-0.0228,-0.0191,0.0238,7.8079,0.1299,0.952,1866.4193,0.1914,8756.0101,0.0738,-0.0056,-0.0959,-0.0565,0.4717,0.9271,756.4915,0.9904,59.6149,0.6039,0.9772,6.4528,15.75,5.902,15.77,15.7,1.744,0.9086,2.901,-2.9329,0.5882,2.2474,999.8597,140.0,193.8,186.6,57.0999,488.666,0.1271,0.1354,0.0258,0.0425,0.0093,8.1561,4.417,8.078,0.0057,0.36,0.0598,2060.5,684.0,0.151,0.125,0.152,2.5,0.36,0.5365,0.0788,0.5934,0.3461,0.8211,0.783,0.30280000000000007,9.24,14.54,31.615,0.272,15.26,9.23,34.435,26.657,0.0609,0.0491,0.0288,0.0559,0.0581,0.1253,0.1098,0.0847,5.2567,0.0724,0.013699999999999999,130.1387,0.0383,777.1006,0.0145,0.033,0.0563,0.0189,71.5622,3.8312,0.0332,0.1777,0.075,4.661,36.7818,60.4487,53.85,0.0464,2.3721,0.0402,1.3115,0.0709,0.024,912.5788,198.1161,1224.3767,292.9646,0.0692,0.0538,0.0721,0.7297,0.0757,0.1408,0.235,0.0334,0.1269,6.1941,0.212,8.2727,0.088,2.7329,5.0331,9.356,0.0787,2.7924,3.4181,11.2466,9.6933,0.0149,0.0239,0.0129,0.0254,0.017,0.0606,0.0568,0.037,1.7014,0.0246,0.0046,40.3976,0.0107,248.194,0.0202,0.0054,21.8887,1.2674,0.01,0.0549,0.0239,5.1522,1.4933,6.4646,6.3022,7.1371,2.6329,48.8865,9.2525,8.6917,45.8065,1.932,0.5845,2.8684,4.2155,59.4879,143.773,12.0032,6.2469,2.0561,3.6284,126.7606,136.6242,10.5219,0.6335,0.8717,0.9201,0.1809,6.0528,5.4309,3.5607,25.522399999999998,6.7129,2.3364,65.59535,9.842500000000001,2.5945,8.4325,163.8888,4.9095,16.0031,50.1351,235.1351,618.59025,82.4788,0.0,548.9595,576.378,355.5089,67.3258,2.6176,2.9741,1.3944999999999999,6.9726,20.0223,257.0594,28.8525,0.0,11.9365,2.0344,9.4597,0.1255,6.4266,2.7543,3.3353,12.6978,73.546,16.23,0.87,7.0941,0.3417,15.604,4.0671,1.1829,0.3683,0.0661,38.756,4.98,0.0877,2.0902,0.0382,1.8844,15.4662,523.3110000000001,2.2656,15.390000000000002,0.6164999999999999,5.3345,0.18730000000000002,2.8874999999999993,28.50255,0.0077,1.5393,0.0202,0.0069,34.1793
-1.0,3012.68,2172.3111,1.2955,101.3556,1.3885,0.0017,-0.011,197.4565,10.386,409.786,0.9727,187.9518,12.3578,1.4056,-3863.5,-3745.5,1.292,2.0038,7.2715,72.2889,1.5667,0.1268,83.4093,8.3663,64.741,66.0272,87.0807,80.62,3.256,351.62,135.0891,725.3846,1.1549,136.1055,622.8146,48.1089,4.606,4.86,2844.0,0.9341,-0.4409,351.5791,10.4105,114.6482,11.8201,20.4409,23.5781,701.8065,144.7673,610.9945,57.0272,0.0154,0.0095,0.0473,-0.0077,-0.0115,-0.0285,0.026,7.3325,0.129,0.9874,1783.3414,0.1588,8663.12,0.0843,0.0288,-0.0079,0.069,0.46623704146767264,0.9641,744.1667,0.991,58.4467,0.6127,0.9756,6.3556,15.75,5.902,15.77,15.7,1.744,0.9086,2.901,-2.9329,0.5882,2.2474,999.8597,99.0,112.1,112.4,58.5,379.287,0.1556,0.1186,0.0494,0.053,0.0143,6.0003,3.046,7.524,0.0112,0.33,0.0315,662.0,5202.0,0.157,0.086,0.138,2.5,0.321,0.482,0.1102,0.615,0.2654,0.7753,0.952,0.2148,10.22,22.11,24.329,0.3,23.9,5.72,34.758,18.583,0.0765,0.0539,0.0678,0.008,0.0364,0.0954,0.0391,0.0532,3.9091,0.067,0.0014,57.1787,0.0466,387.2002,0.0122,0.0151,0.060578132877923296,0.0053,46.1564,1.6808,0.0195,0.1409,0.075,4.661,26.6163,32.6251,38.1398,0.0507,1.8307,0.0402,0.8928,0.0909,0.0092,337.5731,161.2997,670.1012,2432.9327,0.0666,0.0371,0.0566,0.8667,0.0312,0.1144,0.188,0.0419,0.0748,7.227,0.2966,8.3836,0.0623,3.2182,7.09,6.4507,0.0931,1.9482,2.5919,10.4822,6.0265,0.0175,0.0247,0.0346,0.0042,0.0106,0.0464,0.0194,0.0249,1.2215,0.0215,0.0005,17.8321,0.0132,126.7168,0.014015152046544228,0.0018,17.7215,0.5259,0.0067,0.0508,0.0239,5.1522,1.4933,4.6178,3.7209,4.644,2.693,31.5406,12.0092,8.5418,29.3279,1.8361,1.1499,2.6704,2.2424,39.4979,138.8867,12.1517,4.292,1.8978,3.4583,51.0638,87.5548,9.4123,0.5779,1.3168,0.9499,0.128,7.3488,4.1602,3.5028,18.595,7.5089,3.55,50.5707,9.842500000000001,2.8817,7.5797,202.1986,4.9526,9.3404,32.5862,495.1456,377.5832,16.9044,474.6536,829.5652,137.3134,205.0096,53.3122,4.186,2.7692,0.1397,3.2063,29.3557,881.7518,55.0265,0.0,12.892892038666844,0.5542,6.2024,0.117,2.8757,2.2172,3.3353,12.6978,74.342,12.35,0.78,5.4686,0.3073,95.794,3.0901,1.0492,0.1625,0.0345,16.7211,4.98,0.0877,2.0902,0.0382,1.8844,15.4662,523.3110000000001,2.2656,15.390000000000002,0.6164999999999999,5.3345,0.18730000000000002,2.8874999999999993,28.50255,0.01,1.9731,0.0202,0.0069,34.1793
-1.0,2981.7,2201.8666,1.3996,99.9211,1.4947,-0.0003,0.0077,201.7249,9.0853,423.8132,0.9743,192.4863,12.285800000000002,1.4257,-3580.75,-4456.5,1.2608,1.998,7.2692,75.0111,1.6667,0.1177,83.4093,8.3663,64.741,66.0272,87.0807,80.62,3.256,352.5191,135.4627,727.4844,1.1256,135.72,623.7018,52.6615,4.591,4.834,2857.0,0.932,2.1136,352.1027,10.3983,117.5764,9.2782,17.8864,21.3248,706.1595,144.7445,614.4236,49.4645,-0.0249,0.0082,0.0363,0.0011,-0.0168,-0.0274,-0.0018,7.4584,0.1334,0.99,1946.6834,0.2224,9506.31,0.0483,0.0381,-0.0181,0.058,0.4596,0.938,826.287,0.9908,58.5827,0.6014,0.9811,6.1362,15.75,5.902,15.77,15.7,1.744,0.9086,2.901,-2.9329,0.5882,2.2474,999.8597,77.0,157.3,93.0,57.2,450.786,0.0585,0.1136,0.0472,0.0378,0.0194,8.3988,5.859,14.65,0.0105,0.23,0.0209,384.0,7859.0,0.215,0.08,0.151,2.1,0.591,0.482,0.1102,0.615,0.2654,0.7753,0.743,0.30280000000000007,7.56,18.8,35.981,0.414,15.17,5.81,28.712,26.911,0.0612,0.0573,0.0467,0.0291,0.0511,0.0918,0.055,0.0566,3.2983,0.0589,0.0012,197.5883,0.1254,2322.228871323444,0.0148,0.0124,0.0197,0.0276,209.5908,2.093,0.0316,0.3106,0.075,4.661,21.9679,48.2177,30.2894,0.0209,1.7274,0.0451,1.7995,0.0619,0.0074,174.3464,186.0025,487.8787,3282.3537,0.1008,0.0345,0.0693,0.8343,0.0301,0.171,0.188,0.0419,0.0748,4.9302,0.2215,7.5911,0.088,2.3842,6.2206,11.0576,0.1093,1.8553,2.1728,9.1506,9.9975,0.0189,0.0255,0.0215,0.0123,0.0141,0.0457,0.0255,0.0256,1.0078,0.0197,0.0003,61.3517,0.0374,750.366,0.0057,0.0092,69.5169,0.6248,0.0093,0.1002,0.0239,5.1522,1.4933,3.4398,5.2755,3.8497,2.5978,38.0269,4.1812,7.6001,64.489,3.4567,1.076,1.925,1.4646,28.1226,176.3492,17.0533,4.004,2.0772,2.7996,66.0,75.6374,17.1886,0.5779,1.3168,0.9499,0.128,4.5756,5.9647,3.1427,25.522399999999998,5.5703,3.0143,65.59535,5.9467,3.9814,6.7871,163.5022,4.0659,16.5012,54.4046,246.092,618.59025,80.1653,0.0,545.6166,200.7299,0.0,44.2227,0.9746,2.43,0.1204,10.15,57.4612,380.0766,58.6387,995.122,4.2907,2.9376,25.3654,0.0701,3.5728,5.0618,3.3353,12.6978,74.084,17.69,1.12,7.0096,0.4739,50.8197,4.3744,1.5118,0.1625,0.0345,16.7211,4.98,0.0877,2.0902,0.0382,1.8844,15.4662,531.3346,2.2421,8.49,0.3689,2.7936,0.1177,1.5979,16.4543,0.0125,2.496,0.0202,0.0069,34.1793
-1.0,3000.77,2201.8666,1.3996,99.9211,1.6202,-0.0158,-0.0065,201.022,8.0995,400.3532,0.9718,191.0748,12.3543,1.3789,-6375.125,-754.25,1.239,1.973,7.1357,68.5111,2.6444,0.2014,84.7907,8.9191,64.4096,66.3044,86.3671,79.82,2.955,347.9436,135.2745,721.8473,1.3093,141.3073,624.5255,181.867,4.554,4.799,2845.0,0.932,-1.66,347.2273,10.3706,113.6145,14.3519,21.66,28.769,693.0783,149.3318,610.1736,103.9922,-0.0066,-0.0159,0.0776,-0.0166,-0.0206,-0.0042,0.0299,7.184,0.1334,0.9635,1746.304,0.246,7561.575050000003,-0.0864,-0.0707,0.0901,0.0197,0.4612,0.9447,633.85,0.9909,58.0539,0.5962,0.9644,6.2906,15.75,5.902,15.77,15.7,1.744,0.9086,2.901,-2.9329,0.5882,2.2474,999.8597,108.0,137.1,82.3,57.2,450.786,0.0585,0.1197,0.0576,0.0432,0.024,10.8492,4.235,17.862,0.012,0.8700000000000001,0.0642,1424.0,3200.0,0.238,0.113,0.23,3.0,0.469,0.7512,0.1471,0.5818,0.3179,0.9534,0.406,0.1143,3.64,19.01,43.462,0.229,20.69,7.89,29.037,63.164,0.0701,0.0462,0.0329,0.0274,0.1046,0.0714,0.0947,0.0513,5.4345,0.0562,0.0087,162.1766,0.1254,1444.7998,0.009,0.0216,0.0183,0.0297,152.8144,1.7542,0.0415,0.2228,0.075,4.661,28.3826,47.1234,26.3154,0.0209,1.7274,0.0372,1.4112,0.2202,0.027,676.2925,125.5212,5823.189049999999,1444.5305,0.0987,0.0573,0.0987,1.0682,0.0396,0.1365,0.2677,0.0564,0.0738,6.3559,0.1289,7.3106,0.0315,1.0935,5.4914,15.9831,0.0696,2.3032,2.6603,9.2662,17.3223,0.0231,0.0213,0.0149,0.0124,0.0287,0.0371,0.0496,0.0243,1.6727,0.0167,0.0026,49.0939,0.0374,499.7024,0.0051,0.0123,54.0882,0.5488,0.0158,0.0827,0.0239,5.1522,1.4933,4.8865,4.5688,3.3893,2.5978,38.0269,4.1812,7.3881,52.2875,4.4616,1.2348,6.94175,4.6543,150.6864,424.2625,19.209,5.7273,3.2232,4.3789,52.9412,64.5339,13.8122,0.8859,1.649,0.9033,0.3075,4.8801,6.7936,3.5174,8.729,2.5759,3.0439,23.8977,4.801,2.2081,6.0468,144.1625,4.1896,15.928,60.7392,0.0,314.2857,35.2865,631.0709,347.0231,0.0,171.5719,75.6462,0.9746,2.3184,0.9049,9.2869,63.31987047269746,504.5255,49.4325,642.1053,3.9621,3.1437,24.1089,0.0672,3.0216,3.5411,3.3353,12.6978,74.326,18.16,1.34,7.8706,0.5401,64.7938,4.3484,1.8029,0.1625,0.0345,16.7211,7.21,0.1001,2.7174,0.0381,2.6066,17.0947,529.8718,1.9408,6.33,0.357,2.1429,0.1083,1.1946,18.3953,0.0093,1.8753,0.0088,0.0123,139.7237
-1.0,3058.91,2108.7223000000004,2.5534,96.6256,1.5438,0.0014,-0.0057,197.2722,7.6564,408.6287,0.9797,187.0819,12.5106,1.3875,-1363.875,-390.25,1.2775,2.0042,7.371,67.9778,2.9111,0.237,83.6681,8.8546,64.5531,66.2479,86.4099,80.2,2.541,360.3218,128.72,730.5659,1.3618,142.0627,631.1045,222.9228,4.681,4.908,2843.0,0.9314,3.0982,359.3873,10.5252,111.8182,15.2572,16.9018,22.0576,708.5083,144.6418,615.8473,41.8038,-0.0009,-0.0531,0.0033,-0.0149,-0.0219,-0.011,0.0322,7.8453,0.1355,0.9879,1746.3729,0.2104,8445.5301,0.0802,-0.0037,-0.0654,0.0527,0.4666,0.9419,732.2913,0.9908,58.2014,0.5964,0.9615,6.3437,15.84,3.234,15.91,15.82,1.182,0.5516,3.058,-2.647,0.8349,2.3883,1012.9822,200.0,104.4,108.2,26.599799999999988,325.8619,1.0612,0.1017,0.0357,0.0477,0.0094,5.5267,3.363,5.958,0.0054,0.23,0.0282,484.0,1796.0,0.178,0.094,0.277,3.1,0.638,0.6139,0.1212,0.6329,0.3926,0.9048,0.281,0.1006,3.92,21.22,33.973,0.25,25.04,7.7,36.449,31.476,0.0688,0.064,0.0329,0.073,0.1073,0.0886,0.1132,0.0398,1.7977,0.0772,0.0015,82.1978,0.0402,778.5996,0.0115,0.0157,0.0435,0.0218,83.1519,3.6955,0.041,0.2488,0.1213,3.7346,45.32809999999999,35.509,33.7534,0.36060000000000003,3.3846,0.0296,0.9762,0.06,0.01,230.5521,182.5128,5823.189049999999,791.139,0.0884,0.0431,0.1365,0.9692,0.0373,0.1891,0.2229,0.0471,0.1229,6.0793,0.0911,8.9793,0.0311,1.0988,6.8737,10.6377,0.0851,2.4043,2.6569,11.1727,9.8399,0.0192,0.0271,0.0147,0.0335,0.0279,0.0435,0.0562,0.0194,0.6561,0.0241,0.0006,31.6821,0.0124,298.22,0.0099,0.009,29.6598,1.1412,0.0143,0.0916,0.035,8.1073,1.1571,9.053150000000002,3.413,4.3301,1.259215111510735,23.1049,64.9361,6.5878,43.9243,1.458,0.5481,1.8384,2.0339,0.0,460.2178,13.9335,4.69,3.758,4.5603,48.0916,50.6329,19.0751,0.7337,1.3683,0.9804,0.4267,5.1426,3.5503,4.0315,7.3841,2.7593,3.3624,15.2398,5.7192,2.3753,8.5496,164.119,5.1445,37.6327,75.2946,0.0,0.0,0.0,718.928,403.6446,0.0,123.7947,22.9142,0.9593,3.1508,0.1532,4.7068,19.105,556.9845,25.3968,0.0,9.3272,2.3173,11.355,0.1674,6.3496,3.9225,5.0802,10.889,78.95579987533333,17.50454555167217,1.3237416331632823,7.997002787833348,0.582884987909893,40.73313694765536,4.333038663086665,1.6444684741138855,0.1687,0.0402,17.3587,4.98,0.0877,2.0902,0.0382,1.8844,15.4662,532.1636,1.7199,8.98,0.1556,2.8688,0.0502,1.6874,9.0462,0.0099,1.967,0.0162,0.0058,35.6702
-1.0,2999.96,2206.1444,2.0607,95.9511,1.4172,0.0285,-0.0078,196.3234,11.6201,423.7767,0.9741,186.6349,12.3578,1.3924,-4597.0,-2705.3333,1.3185,2.0227,7.382,70.0667,2.7778,0.2179,84.052,8.8581,64.6559,66.1061,86.9034,63.93999999999998,5.041,353.4836,135.7264,730.1765,1.3509,141.8618,631.0718,208.0565,4.59,4.83,2855.0,0.9314,1.4009,351.3982,10.4065,117.1273,18.1754,18.5991,27.7436,702.4329,144.3709,612.8964,145.0094,0.0083,-0.0199,0.0672,-0.0015,-0.032,0.001,0.0413,8.1349,0.1334,0.9871,1781.3522,0.2123,8440.8101,-0.0843,-0.0474,-0.0226,-0.0242,0.45159236875378117,0.9479,738.4165,0.9906,59.226,0.6055,0.9617,6.3347,15.74,5.854,15.81,15.7,2.022,0.9057,2.783,-2.9329,0.5833,2.2527,1001.798,105.0,99.0,88.6,51.3,231.8831,0.4256,0.1505,0.0438,0.0431,0.0128,10.3825,10.784,4.591,0.0103,0.33,0.0372,1054.0,5916.0,0.121,0.066,0.166,2.9,0.359,0.5357,0.1389,0.4529,0.206,0.7208,0.369,0.1412,4.91,20.42,105.205,0.5,16.64,10.32,29.828,158.96999999999997,0.0985,0.0577,0.0098,0.049,0.0505,0.0799,0.0953,0.0305,5.3349,0.0931,0.0025,111.8672,0.082,1339.9004,0.0131,0.0161,0.0629890926055402,0.0167,131.7677,3.8548,0.0317,0.3289,0.0564,3.2298,29.2712,30.9538,29.5481,0.1449,1.5889,0.0503,3.0961,0.0909,0.0123,470.9848,273.9526,2570.4188,3269.8974,0.0546,0.0292,0.072,0.9552,0.0596,0.1414,0.212,0.0519,0.0425,5.01,0.1363,9.4101,0.0422,1.4734,5.5773,30.0068,0.1484,2.6355,2.6324,9.5048,50.6289,0.0252,0.0269,0.0045,0.0233,0.0156,0.0419,0.0453,0.0125,1.7347,0.03,0.0008,35.8283,0.0266,386.6522,0.011296533132536965,0.0059,39.8281,1.1595,0.01,0.1136,0.0207,4.194,0.9665,4.8256,3.3,3.5295,2.3253,12.354,20.6523,10.6193,92.8048,1.0834,1.0573,2.6704,2.6723,136.5456,218.6792,9.1771,3.2629,2.2487,4.1389,46.8,72.514,10.4344,0.6373,1.5685,0.7005,0.6795,4.8178,9.6149,4.2551,10.4551,3.4611,3.2358,50.5656,6.4177,4.8047,17.537999999999997,91.5523,4.2464,22.4803,112.49,0.0,297.8065,72.9167,0.0,249.4926,0.0,73.8499,65.5802,1.3491,3.9187,0.251,6.2799,38.6038,0.0,34.7826,941.1765,12.592623234137584,1.7643,17.8446,0.1118,6.5086,5.192,2.5059,7.9272,71.668,16.02,0.46,6.6619,0.1897,19.7549,3.9815,0.6418,0.1406,0.0323,14.9122,4.98,0.0877,2.0902,0.0382,1.8844,15.4662,532.8227,2.3242,11.76,0.2441,4.0477,0.0697,2.2071,10.5023,0.0119,2.3755,0.0162,0.0058,35.6702
-1.0,3079.44,2209.0889,2.1612,98.9011,1.5335,0.0158,-0.0095,200.2872,9.3252,400.9785,0.9618,191.7142,12.5331,1.4181,-1363.875,1295.75,0.9913,1.8847,5.175,64.5889,3.0,0.19,86.0222,9.2016,64.0447,66.94045000000003,86.8786,76.88,2.483,349.5127,142.1573,735.6515,1.1685,139.7627,631.4327,49.9935,4.592,4.871,2852.0,0.9301,1.1855,352.9782,10.1643,123.3427,6.0315,18.8145,20.3987,715.2528,152.0318,628.3527,171.74984999999998,0.0209,0.0264,0.0542,-0.0358,-0.0057,-0.0086,0.0373,8.1699,0.1348,0.9674,1771.1661,0.1996,8701.97,-0.0276,-0.0651,-0.0533,0.0124,0.4576,0.9367,764.2195,0.9907,59.2772,0.6058,0.9654,6.3361,15.74,5.854,15.81,15.7,2.022,0.9057,2.783,-2.9329,0.5833,2.2527,1001.798,99.0,234.1,209.9,38.8,505.3,0.2342,0.2147,0.093,0.061,0.0091,9.2567,7.206,12.857,0.0172,0.22,0.0379,541.0,333.0,0.072,0.071,0.156,2.3,0.209,0.7804,0.1175,0.717,0.3938,0.7503,0.598,0.30280000000000007,7.11,22.5,29.945,1.126,10.04,7.07,36.363,74.75,0.1006,0.0341,0.12045,0.0241,0.1147,0.1187,0.0623,0.0624,3.0733,0.031,0.0087,199.9777,0.0432,1258.3003,0.0126,0.0251,0.0303,0.0254,131.8265,3.2988,0.0273,0.4483,0.0564,3.2298,28.9688,75.1562,67.283,0.0828,1.5057,0.0688,2.2509,0.0626,0.0128,254.2663,160.4273,5823.189049999999,146.0899,0.0299,0.0303,0.074,0.9034,0.0212,0.0696,0.3028,0.0548,0.0715,5.7919,0.1674,9.2286,0.088,2.3501,7.0884,9.7556,0.2942,2.2596,2.3957,10.8438,22.0659,0.0248,0.0155,0.055099999999999996,0.0122,0.0308,0.0536,0.027,0.0262,0.939,0.0104,0.0024,61.8424,0.0124,435.5334,0.0081,0.0087,48.8399,1.0492,0.0084,0.1666,0.0207,4.194,0.9665,4.4417,7.602,8.7627,1.7564,34.6221,10.8363,14.0009,77.2746,3.2064,1.7886,1.7554,2.6698,0.0,25.6994,7.2636,3.7671,3.0145,3.561,43.3333,34.2105,4.473,0.9072,1.2773,1.1195,0.2709,5.6364,10.1929,4.2551,25.522399999999998,5.0872,3.5633,59.8978,6.475,11.078,12.9477,166.4611,5.0839,23.7291,39.7633,480.4776,114.7183,44.424,320.1675,0.0,728.655,167.4044,37.6169,3.1889,1.2776,0.899,11.2907,21.6397,718.4258,24.0964,697.1429,6.6231,2.71,17.2498,0.1004,5.5651,7.076,2.5059,7.9272,77.466,20.68,0.93,9.2278,0.3435,102.272,5.057,1.2005,0.1042,0.0297,10.8507,4.98,0.0877,2.0902,0.0382,1.8844,15.4662,530.9173,1.7153,7.36,0.188,2.3911,0.0731,1.3863,10.9598,0.0184,3.6631,0.0162,0.0058,35.6702
-1.0,3232.6099999999997,2202.3556,1.3593,103.2378,1.3924,-0.0116,-0.0132,201.5231,9.0556,406.1285,0.9741,192.1365,12.5682,1.4046,-4483.3333,-1709.5,1.323,2.0122,7.377,68.1222,2.4222,0.1904,84.5509,9.6136,64.7472,66.3826,86.9287,63.93999999999998,4.696,351.7045,138.6545,732.6486,1.2813,141.7836,632.1427,226.1898,4.574,4.81,2854.0,0.931,-2.6655,354.2118,10.2727,115.9891,14.0791,22.6655,29.572,703.0766,147.8627,618.0636,108.6599,0.0092,-0.0508,0.0337,-0.0236,-0.0335,-0.0233,-0.0105,6.8991,0.1386,0.9654,1837.7052,0.1709,8925.1001,0.0162,0.0298,-0.0412,-0.0843,0.4608159787166257,0.9466,775.3828,0.9911,57.9272,0.6026,0.9813,6.2691,15.75,5.902,15.77,15.7,1.744,0.9086,2.901,-2.9329,0.5882,2.2474,999.8597,103.0,109.0,105.2,44.3,279.598,0.1796,0.0568,0.0607,0.0515,0.0148,9.0415,5.855,9.312,0.0115,0.32,0.0821,420.0,17919.5,0.129,0.071,0.111,2.0,0.485,0.7091,0.1577,0.537,0.3334,0.9018,0.28,0.1341,5.01,17.71,58.632,1.319,22.33,3.78,30.065,63.381,0.0711,0.026,0.0389,0.04,0.0559,0.1123,0.0934,0.0546,3.4573,0.0729,0.0111,117.1183,0.0181,1150.7998,0.0158,0.0183,0.04701025069734671,0.0136,134.6741,3.862,0.0352,0.3794,0.075,4.661,27.4086,40.4903,32.4354,0.0635,1.6699,0.0202,1.9145,0.0812,0.0268,191.2424,265.3388,653.6622,7462.8787,0.0536,0.0337,0.053,0.616,0.0216,0.1472,0.2677,0.0706,0.1,5.5972,0.089,9.0635,0.0393,1.8152,5.8855,16.7925,0.3719,1.1234,1.4426,9.6689,20.1819,0.015,0.0111,0.0162,0.0164,0.0167,0.0515,0.0503,0.0259,1.0502,0.0234,0.0038,36.0649,0.0057,360.7411,0.009635190449115722,0.0045,41.6982,1.1204,0.0132,0.1157,0.0239,5.1522,1.4933,4.7327,3.3702,4.4823,2.0115,15.0746,13.2147,4.0793,64.6559,2.2929,1.1769,2.5461,5.8478,28.4164,0.0,9.7506,3.5284,1.5047,2.9359,53.6697,38.8565,13.7667,0.8387,1.6404,0.8294,0.3891,5.172,9.4191,3.9195,10.4664,3.5336,2.8016,25.9216,6.5618,12.8398,13.7082,158.6042,4.2762,27.9095,58.3297,771.2542,71.3306,118.7825,236.5512,334.9739,401.2889,521.2411,50.113,1.5148,3.0215,1.1521,6.3731,10.6065,898.1595,47.3684,0.0,9.68953482784386,1.4342,17.3687,0.148,6.6669,6.052,3.3353,12.6978,74.752,16.66,1.85,7.0487,0.7651,40.898,4.0992,2.4748,0.2111,0.0478,21.9576,4.98,0.0877,2.0902,0.0382,1.8844,15.4662,530.3073,2.4103,8.05,0.4025,2.6506,0.11,1.518,16.7005,0.0107,2.1518,0.0162,0.0058,35.6702
-1.0,2994.15,2211.6,1.447,94.2089,1.5215,-0.0164,0.0102,200.4402,8.5891,416.4335,0.9712,190.5347,12.5682,1.3883,-3821.5,280.75,1.276,2.0183,7.319,76.1778,1.9778,0.1474,85.2826,8.1161,64.5502,66.1149,87.1218,81.74,2.736,351.1145,131.2845,722.095,1.3682,141.3691,623.7682,215.7319,4.602,4.836,2837.0,0.9356,-1.31,349.6855,10.6024,109.9745,19.7973,21.31,31.6501,690.4449,144.3109,603.9709,95.4039,0.0077,-0.0465,0.0806,-0.0015,-0.0124,0.0138,0.0215,7.967,0.1369,0.9652,1836.9161,0.2284,8932.8501,0.0857,0.0344,-0.0558,0.0616,0.4531743867508484,0.9409,772.7886,0.9905,59.2184,0.6,0.965,6.2,15.75,5.902,15.77,15.7,1.744,0.9086,2.901,-2.9329,0.5882,2.2474,999.8597,73.0,183.9,141.4,53.3,572.797,0.2393,0.2291,0.0651,0.0423,0.0213,9.1661,5.577,24.285,0.0108,0.32,0.0266,549.0,511.0,0.185,0.06,0.158,2.9,0.545,0.733,0.076,0.7155,0.3428,0.8208,0.294,0.0687,4.05,16.61,34.242,0.443,30.24,8.51,31.926,107.1,0.0534,0.0432,0.0367,0.0262,0.082,0.062,0.1046,0.0408,3.5265,0.0776,0.0052,130.8123,0.1113,1078.4004,0.0091,0.0141,0.03859372499758296,0.0266,96.9985,4.081,0.0338,0.2174,0.075,4.661,20.4571,57.0455,54.8589,0.0796,1.4799,0.08085,1.9338,0.0812,0.0111,231.2149,53.394,610.8183,220.9923,0.0908,0.0251,0.0646,0.9351,0.0439,0.144,0.2805,0.0344,0.1015,5.2156,0.1115,8.2801,0.0214,1.1757,5.1945,11.1295,0.1251,2.3604,2.5659,10.3416,37.241,0.0174,0.0181,0.0156,0.0111,0.0231,0.0352,0.0525,0.0169,1.4087,0.026,0.0023,42.2732,0.0319,354.4824,0.015506226602383287,0.0078,33.5848,1.2196,0.0123,0.0655,0.0239,5.1522,1.4933,3.3673,6.142,5.6063,2.41,26.99,16.5372,15.0573,64.9312,5.8317,1.1152,2.5461,1.9153,38.2311,182.0125,14.4984,2.9729,2.1588,3.8069,60.6742,86.1341,16.3114,0.8595,0.9364,1.1084,0.1877,5.3544,4.2732,3.5804,5.02,2.8648,2.6629,15.8725,5.6546,4.1783,7.1562,152.7481,4.624,31.6384,112.2596,690.1454,230.7076,32.5163,0.0,501.0101,756.6004,189.7674,44.2644,1.3876,3.2573,0.5367,7.1213,48.7584,0.0,64.0,0.0,11.723192728355864,2.8221,12.5517,0.1057,6.8914,3.5071,3.3353,12.6978,72.63,13.46,1.08,6.3274,0.3971,62.2201,3.4296,1.487,0.1625,0.0345,16.7211,4.98,0.0877,2.0902,0.0382,1.8844,15.4662,531.1982,2.2418,10.63,0.2428,3.6826,0.0616,2.0011,10.8309,0.0122,2.4375,0.017,0.015,88.3754
-1.0,3043.23,2172.3111,1.2955,101.3556,1.5698,0.0141,0.0111,198.5973,6.1933,399.1448,0.9637,188.9488,12.3578,1.418,-3841.75,-2654.6667,1.2868,1.9837,7.3062,64.9222,2.2111,0.1731,86.0222,9.2016,64.0447,66.94045000000003,86.8786,76.88,2.483,350.6864,142.6445,736.3664,1.1697,135.43,628.7609,47.5185,4.59,4.822,2852.0,0.9316,-3.8836,354.2782,10.1571,118.7609,8.2639,23.8836,29.6056,706.7607,149.2036,622.2427,111.7141,-0.01,0.022,0.0554,-0.0008,0.0127,-0.0232,-0.021,7.3275,0.1334,0.9908,1817.9221,0.15,8645.5399,-0.0682,-0.0093,-0.0131,-0.0167,0.4470869557712971,0.9297,739.8292,0.9903,59.7515,0.5978,0.9785,6.2905,15.74,5.854,15.81,15.7,2.022,0.9057,2.783,-2.9329,0.5833,2.2527,1001.798,99.0,115.8,104.8,58.5,379.287,0.1556,0.1343,0.0674,0.0512,0.0133,4.5439,3.154,25.839,0.0149,0.33,0.0468,595.0,2811.0,0.065,0.113,0.227,3.3,0.254,0.7804,0.1175,0.717,0.3938,0.7503,0.747,0.30280000000000007,8.69,19.89,30.514,1.287,17.37,12.13,30.338,60.541,0.0856,0.0375,0.12045,0.0511,0.0661,0.089,0.0297,0.0683,2.9859,0.0664,0.0005,72.5978,0.0227,570.1006,0.017,0.0086,0.06084225269429758,0.0074,60.2775,3.9228,0.0266,0.3425,0.0564,3.2298,28.9688,40.4645,35.3104,0.0507,1.8307,0.0438,1.1411,0.0909,0.0145,249.2101,114.1793,209.1433,1407.5491,0.0295,0.0486,0.0952,1.0663,0.0451,0.0868,0.3028,0.0548,0.0715,5.7186,0.2489,10.0575,0.088,3.0405,5.6385,8.4794,0.4343,3.4843,3.1005,9.5122,20.3597,0.0276,0.0189,0.055099999999999996,0.0245,0.0195,0.0428,0.0162,0.0344,1.1393,0.0204,0.0002,21.0722,0.0075,198.107,0.01361098816039614,0.0026,21.7818,1.223,0.0077,0.1062,0.0207,4.194,0.9665,4.4417,3.8052,4.3461,2.693,31.5406,12.0092,8.5552,50.9262,6.4736,1.5432,2.6704,3.3012,12.1819,105.889,5.0515,5.6963,3.1069,5.083,27.1357,91.8485,7.2803,0.9072,1.2773,1.1195,0.2709,4.7478,9.2468,4.3436,25.522399999999998,6.4166,3.1634,64.2149,6.3004,12.671,17.3037,210.1916,4.2925,22.1172,54.1928,859.7615,91.4077,92.1967,0.0,699.4106,127.8794,325.2381,40.7486,1.6486,2.7143,0.0541,3.9934,15.1232,78.2263,51.1685,0.0,13.12435056674949,0.8008,8.1475,0.1114,6.5651,5.444,2.5059,7.9272,73.546,16.23,0.87,7.0941,0.3417,15.604,4.0671,1.1829,0.1593,0.0457,15.9183,11.969999999999999,0.2794,4.532500000000001,0.1215,4.566,32.8059,533.3073,2.349,10.19,0.3099,3.577,0.0994,1.9107,13.1943,0.0153,3.0523,0.017,0.015,88.3754
-1.0,2940.53,2206.1444,2.0607,95.9511,1.4438,0.012,-0.0083,195.6898,7.714,414.6625,0.9767,186.6429,12.3351,1.4127,-5664.3333,-5449.0,1.2975,1.9945,7.322,76.5556,1.7556,0.1243,84.3441,8.9833,64.7846,66.0907,87.7644,81.19,2.967,351.18,136.03,727.0694,1.0931,140.8982,628.1082,56.2186,4.604,4.881,2843.0,0.9349,-1.5945,351.1945,10.4198,114.4355,7.5032,21.5945,27.2525,699.8168,156.0627,621.6927,109.9362,0.0261,-0.0423,0.0558,-0.012,-0.0221,-0.0107,0.0105,7.7804,0.135,0.9871,1805.1565,0.2225,8971.0701,-0.04,-0.013,-0.016,-0.0621,0.4438142732054601,0.9241,769.5909,0.9906,59.2289,0.5757999999999998,0.9787,6.1868,15.75,5.902,15.77,15.7,1.744,0.9086,2.901,-2.9329,0.5882,2.2474,999.8597,127.0,130.5,108.7,51.3,231.8831,0.4256,0.0908,0.0473,0.0513,0.0121,8.7106,4.116,11.285,0.0098,0.22,0.0301,390.0,4194.0,0.109,0.101,0.129,2.3,0.426,0.6874,0.1686,0.7341,0.3672,0.7515,1.005,0.2252,8.58,20.4,32.326,0.355,13.77,6.4,33.624,52.218,0.0726,0.0311,0.0372,0.0082,0.0504,0.0942,0.1171,0.0596,5.2257,0.061,0.0023,204.8336,0.1254,415.0996,0.0198,0.0112,0.059529916230326996,0.0152,43.2562,3.8898,0.0461,0.6117,0.075,4.661,34.5647,44.3521,34.0214,0.1449,1.5889,0.0355,1.5176,0.0579,0.0109,172.2505,86.9957,1282.447,1945.265,0.0447,0.0476,0.0667,0.7316,0.0529,0.1258,0.2857,0.073,0.0729,7.523,0.309,8.7432,0.0685,3.15,6.6596,9.7693,0.1022,2.0519,2.2626,10.5236,15.0486,0.0205,0.0147,0.0162,0.004,0.0147,0.046,0.061,0.0278,1.5406,0.0176,0.0007,61.5008,0.0374,123.7398,0.013166610981877214,0.0054,14.3296,1.1552,0.014,0.1996,0.0239,5.1522,1.4933,5.7176,4.438,4.3179,2.3253,12.354,20.6523,6.2889,53.3575,2.7215,1.0037,1.7835,2.1314,41.1169,76.9683,8.4008,5.0639,1.7618,3.0044,62.6582,115.8177,12.783,0.815,1.8773,1.1331,0.2207,6.575,4.7784,4.1696,20.5989,6.0895,3.2479,57.5005,5.341,3.407,7.8734,183.5218,4.8047,8.4358,47.4985,278.2942,139.7753,14.7085,418.6916,426.2443,0.0,567.619,67.1644,2.2255,2.51,0.2326,11.3471,63.31987047269746,0.0,32.4094,0.0,13.45127817777406,1.6399,5.6207,0.1049,6.5674,9.8875,3.3353,12.6978,75.88,18.85,1.83,8.2324,0.7498,62.1808,4.6602,2.4117,0.2111,0.0478,21.9576,4.98,0.0877,2.0902,0.0382,1.8844,15.4662,533.3073,2.349,10.19,0.3099,3.577,0.0994,1.9107,13.1943,0.0129,2.5553,0.02,0.0205,102.5241
-1.0,3040.06,2201.8666,1.3996,99.9211,1.6092,-0.0339,-0.0043,196.2782,9.0018,403.9977,0.9762,187.0641,12.7213,1.4145,-3789.75,-207.75,1.2628,2.0145,7.3598,70.1333,2.6556,0.2049,84.1896,8.8519,64.6928,66.1883,86.9473,77.44,3.182,349.9873,131.6955,721.8023,1.1359,138.2809,619.9636,45.9812,4.601,4.853,2846.0,0.9348,-1.7155,351.08,10.589,109.98,10.5186,21.7155,25.4763,696.326,149.7291,610.7891,120.2047,-0.012,0.0563,0.0791,-0.0019,-0.031,0.0043,0.0154,7.3801,0.137,0.9671,1907.2316,0.2029,9127.4898,-0.0805,-0.0326,0.0026,-0.0324,0.44733189011956354,0.9489,698.7114,0.9906,58.2566,0.5998,0.9689,6.2979,15.74,5.854,15.81,15.7,2.022,0.9057,2.783,-2.9329,0.5833,2.2527,1001.798,118.0,167.7,120.1,57.2,450.786,0.0585,0.1621,0.0587,0.031,0.009,11.0389,4.616,6.621,0.0083,0.29,0.0687,648.0,1099.0,0.126,0.094,0.096,3.3,0.453,0.5832,0.1511,0.5019,0.2235,0.6193,0.511,0.1633,9.99,23.04,24.388,0.296,18.49,9.27,35.374,54.551,0.0768,0.044,0.0532,0.023,0.0912,0.0604,0.0889,0.0536,2.6625,0.0759,0.0034,97.098,0.0796,672.7998,0.015,0.0081,0.05871563810713465,0.0324,106.6921,4.061,0.0324,0.2015,0.0564,3.2298,31.1522,47.1998,38.0348,0.0209,1.7274,0.0547,1.6212,0.0884,0.0283,289.8349,444.5675,649.9515,539.0902,0.058,0.0428,0.0492,1.0874,0.0335,0.1279,0.223,0.0652,0.0508,5.4893,0.1542,8.0622,0.0495,3.2209,6.6355,6.6283,0.079,2.5035,4.0466,11.1797,21.6944,0.0222,0.0185,0.0236,0.0103,0.027,0.0284,0.0454,0.0249,0.8866,0.0221,0.0012,35.7001,0.0237,228.4795,0.01373394379165522,0.0117,39.1769,1.1468,0.0109,0.0576,0.0207,4.194,0.9665,5.1584,5.5163,4.7647,2.5978,38.0269,4.1812,10.0731,51.2785,1.6389,0.8475,2.246,4.8596,39.5804,529.0012,9.9782,4.6662,1.3044,4.7053,56.4854,47.3427,13.0782,0.6927,1.7066,0.7758,0.6795,5.1859,5.9379,3.5053,14.3762,7.2244,3.7163,53.0391,5.5382,2.7954,6.2739,175.7839,5.0801,10.8642,45.3817,639.334,117.9625,29.0587,0.0,194.996,0.0,348.0519,36.0762,2.2628,3.1192,0.3503,5.091,39.2431,393.921,35.1531,822.8571,12.724202827928641,3.4094,15.2698,0.1381,6.9709,3.1998,2.5059,7.9272,72.526,18.38,0.16,8.7779,0.068,36.3802,4.5202,0.2206,0.1625,0.0345,16.7211,5.86,0.1863,2.4477,0.0894,2.2817,27.7386,533.2873,2.3473,10.93,0.2775,3.7154,0.0824,2.0496,11.8225,0.0111,2.2271,0.02,0.0205,102.5241
-1.0,2966.26,2213.9111,1.2541,96.9456,1.4323,0.0104,-0.0195,202.8889,7.7905,412.3487,0.9605,193.3123,12.4124,1.3599999999999999,-4274.0,-401.75,1.2775,1.9785,7.2615,69.6778,2.7889,0.226,84.4905,8.7997,64.3568,66.3839,86.3298,80.22,4.042,352.4545,140.5682,735.0532,1.3136,138.8709,631.8936,201.1788,4.598,4.844,2847.0,0.9315,-3.2882,353.18,10.2753,117.28,13.7772,23.2882,29.7411,705.3121,147.6564,618.1164,119.2415,-0.0168,-0.0128,0.0745,-0.0063,-0.0271,-0.0049,0.0224,6.5459,0.1388,0.9647,1872.8737,0.1719,8028.2799,0.0146,-0.0902,0.0093,-0.0909,0.48341378963760206,0.9509,693.3177,0.9867000000000001,58.1925,0.5999,0.9789,6.3051,15.74,5.854,15.81,15.7,2.022,0.9057,2.783,-2.9329,0.5833,2.2527,1001.798,78.0,63.5,73.5,58.0999,249.71,0.2048,0.0883,0.064,0.0606,0.0184,5.3897,4.032,19.279,0.017,0.42,0.128,414.0,1076.0,0.095,0.111,0.179,2.9,0.427,0.9259,0.0771,0.5997,0.3574,0.743,0.4,0.1303,3.9,22.05,45.104,1.198,23.29,5.24,30.437,76.939,0.0725,0.0346,0.0394,0.0082,0.0564,0.1077,0.1051,0.0606,3.5665,0.0623,0.0103,191.9133,0.0679,2218.8999,0.0152,0.0195,0.06285640013696348,0.0269,227.9616,3.2738,0.019,0.2799,0.0564,3.2298,23.1547,19.4861,22.7509,0.0707,2.6017,0.0286,1.3461,0.1198,0.045799999999999993,180.2875,83.476,690.383,458.0541,0.0441,0.05,0.0845,0.9121,0.028,0.1383,0.3363,0.0314,0.106,5.8043,0.1117,9.3714,0.0381,1.3812,6.8258,17.8528,0.3175,1.5306,1.9406,9.6961,24.6383,0.0213,0.0141,0.0169,0.0041,0.0144,0.0517,0.0539,0.0306,1.0997,0.0217,0.0036,57.9123,0.0225,640.5155,0.011613458738690194,0.0085,65.2397,1.1541,0.0064,0.0909,0.0207,4.194,0.9665,3.6192,2.1407,2.9114,2.6243,12.6501,16.3282,6.165,51.7556,4.6754,1.7657,3.3837,9.13815,34.3706,267.8283,7.4364,5.6103,2.4651,4.162,17.9283,32.3009,12.6635,1.0959,0.8764,0.9318,0.2591,5.4106,8.9921,4.1894,9.9187,2.8084,3.4895,22.4199,6.241,11.6591,15.0494,169.0468,4.3154,21.0677,64.5237,430.9064,184.7797,11.0141,898.8048,397.417,0.0,270.5357,54.4854,2.0475,2.6117,1.0716,10.247,39.4912,490.566,59.9287,453.6082,12.811630954345398,2.8288,32.8798,0.25379999999999997,5.6257,4.4387,2.5059,7.9272,73.546,16.23,0.87,7.0941,0.3417,15.604,4.0671,1.1829,0.1625,0.0345,16.7211,4.98,0.0877,2.0902,0.0382,1.8844,15.4662,529.5955,2.1619,8.0099,0.1878,2.6198,0.0563,1.5125,8.6853,0.0071,1.4374,0.02,0.0205,102.5241
-1.0,3086.92,2215.5111,1.215,99.4189,1.5017,0.0173,0.0111,202.7727,8.2638,420.2789,0.965,193.3184,12.391,1.4128,-3707.75,-550.5,1.3322,1.9713,7.2732,69.6556,2.5556,0.2512,87.1083,8.7779,64.4107,66.3369,86.797,77.83,3.396,352.2691,141.71,737.1262,1.304,139.9082,633.8873,226.4939,4.59,4.83,2855.0,0.9314,-2.9182,353.4309,10.3451,118.7918,15.4673,22.9182,29.4088,707.7174,146.1973,618.42,135.8764,0.0269,0.0292,0.0604,-0.0043,-0.018,-0.0442,0.0196,7.6712,0.1403,0.986,1809.8301,0.198,8964.2601,-0.0465,-0.0242,-0.0492,-0.0935,0.4499171808983292,0.9606,776.5643,0.9906,59.5532,0.6104,0.964,6.3287,15.74,5.854,15.81,15.7,2.022,0.9057,2.783,-2.9329,0.5833,2.2527,1001.798,139.0,158.4,230.3,48.7002,248.683,0.4786,0.0852,0.0621,0.0358,0.0201,9.3909,4.617,15.036,0.0151,0.28,0.0724,483.0,662.0,0.138,0.041,0.217,4.1,0.527,0.4059,0.1865,0.5538,0.1701,0.6053,0.475,0.1319,5.89,21.72,55.321,1.15,20.1,5.22,31.394,61.671,0.0991,0.049,0.0689,0.0251,0.0849,0.0786,0.0413,0.0613,3.67,0.0679,0.0024,138.887,0.0453,789.3994,0.0221,0.014,0.05383094626373999,0.0073,79.6084,3.8862,0.0263,0.3401,0.0564,3.2298,30.7316,50.411,68.3025,0.1755,1.4077,0.0262,1.49,0.0728,0.0239,252.5114,137.7861,872.5848,302.5067,0.0594,0.0181,0.0893,1.2827,0.0439,0.1636,0.1495,0.0738,0.0543,5.7743,0.1528,9.8158,0.0411,2.0102,6.7077,16.4264,0.3031,1.6015,1.9924,9.4581,23.4721,0.0247,0.0205,0.0309,0.0119,0.0229,0.0381,0.0189,0.0271,1.2526,0.0223,0.0008,43.5471,0.0138,218.1447,0.01379051721982611,0.003,23.0285,1.2376,0.0078,0.1164,0.0207,4.194,0.9665,6.3654,5.1313,9.0392,2.1981,12.1944,39.3893,5.6735,55.8701,3.5776,1.5687,2.2597,5.1275,53.3207,120.2543,10.3584,2.0799,2.9835,5.8861,105.6522,54.1353,15.0864,0.466,2.1246,0.8598,0.6795,5.439,9.6959,4.3857,10.1152,4.2099,3.4265,24.4249,6.4177,11.1164,13.7804,129.9515,4.4359,27.6718,45.3876,368.6585,254.8765,41.5563,0.0,436.061,93.3861,313.1545,47.8412,2.2099,2.849,0.2442,7.674,22.9,0.0,44.5993,0.0,12.388711605391613,0.755,10.2514,0.1253,6.5256,5.3738,2.5059,7.9272,74.502,15.9,1.92,6.7464,0.7783,77.7044,3.8716,2.5771,0.1625,0.0345,16.7211,7.5,0.1099,2.8999,0.0462,2.8097,18.2259,523.3110000000001,2.2656,15.390000000000002,0.6164999999999999,5.3345,0.18730000000000002,2.8874999999999993,28.50255,0.0128,2.5459,0.02,0.0205,102.5241
-1.0,2982.4,2193.277422305277,2.5534,98.27629563466616,1.4805,0.0123,0.0009,202.3658,10.8885,420.1216,0.9739,192.4212,12.3996,1.427,-4355.25,-4705.3333,1.282,1.9523,7.2453,76.2444,1.7556,0.1381,83.7568,8.2981,64.638,65.9373,86.6174,80.57,3.675,357.9345,129.56,728.5488,0.9756,140.3864,627.8809,122.6765,4.61,4.871,2863.0,0.9252,2.8401373742496023,355.1591251670138,10.714225099357598,116.50230948579558,20.580876379998806,19.37845089033435,25.825658568002847,703.9054056360947,147.43757695552404,619.1016866072773,110.12993841395972,-0.0056,0.0129,0.0521,0.004,-0.0201,-0.0162,-0.0276,7.4548,0.1299,0.9667,1835.0286,0.1582,8826.78,0.0107,0.0074,0.0051,0.0341,0.4646,0.9583,773.4788,0.9913,56.173,0.6026,0.9635,6.36,15.84,3.234,15.91,15.82,1.182,0.5516,3.058,-2.647,0.8349,2.3883,1012.9822,91.0,185.9,152.7,57.80227218728214,467.0004454245857,1.0612,0.0838,0.0569,0.0461,0.0169,8.2018,9.709,5.998,0.0126,0.24,0.0366,996.0,17919.5,0.122,0.073,0.169,1.9,0.418,0.5941,0.1229,0.497,0.2148,0.7974,0.413,0.0297,6.35,21.97,17.568,0.5533245999573575,11.14012942712754,5.426797609071421,30.567912095306674,82.91712257419499,0.0597,0.0187,0.0354,0.0565,0.0418,0.0724,0.1047,0.0303,2.8154,0.0957,0.013699999999999999,69.4102,0.0299,797.7998,0.014,0.0136,0.0126,0.02,94.5982,3.364,0.0214,0.2908,0.1213,3.7346,24.2243,54.5747,48.4095,0.36060000000000003,2.088337033376495,0.0278,3.1428,0.0703,0.0118,451.7192,293.9653,528.9741,8994.62525,0.0534,0.0335,0.0795,0.6187,0.0358,0.1757,0.2274,0.0499,0.0927,6.0257,0.1287,8.4086,0.0084,1.8508,6.7153,4.6854,0.18338018799162906,1.0839158166532215,3.023444479132306,10.437988231066452,25.600006462432496,0.0153,0.0078,0.0169,0.0246,0.0136,0.0403,0.0449,0.0144,1.0836,0.0315,0.0046,23.8959,0.0092,273.7459,0.0033,0.0074,35.3034,1.1029,0.0061,0.0989,0.035,8.1073,1.1571,4.1226,6.2332,6.0398,2.6319988628509083,34.27648675978416,27.281405225506315,5.6604,89.1671,1.4277,1.2939,1.9355,2.5634,29.5965,517.9867,9.5164,3.7393,2.3326,2.492,91.1392,73.1295,12.2873,0.7093,1.4805,0.7689,0.1184,5.1099,4.6542,3.7204,3.0489,4.5232,3.4991,14.3206,5.551,5.561061017969536,7.979703965352513,113.8239901329705,4.268945205993116,15.098784749455348,73.60421146537674,0.0,575.3846,108.3413,0.0,360.6476,648.2972,109.8821,37.7667,2.3869,4.0233,1.3944999999999999,3.7825,18.8764,0.0,24.3013,0.0,2.7123,2.091,12.2302,0.0604,5.9887,4.573,5.0802,10.889,73.48,17.79,1.25,7.8002,0.5539,54.3182,4.2965,1.7011,0.5697,0.1179,56.0174,7.16,0.0873,3.0722,0.0361,2.698,12.3842,533.6364,2.2904,13.09,0.2914,4.4838,0.1056,2.453,12.7241,0.0208,4.1457,0.02,0.0205,102.5241
-1.0,2901.62,2223.9,1.9974,96.7567,1.595,-0.0163,0.0061,195.7092,8.4954,399.508,0.9791,186.483,12.5237,1.4131,-1363.875,-126.0,1.268,1.9858,7.3317,69.9444,2.3111,0.1584,83.7179,8.7015,64.4228,66.2507,86.2732,80.86,2.617,347.57,137.0636,723.3293,1.2654,144.92,629.5536,236.224,4.537,4.751,2861.0,0.9311,-3.0882,348.7664,10.3286,113.9755,14.7591,23.0882,30.6344,692.6949,152.0527,614.7945,121.2083,0.0078,0.0661,0.0268,-0.016,-0.0438,-0.0558,0.048,7.6115,0.1354,0.9609,1715.5264,0.1912,9737.9201,-0.035,-0.1135,0.0054,-0.012,0.4540088579125108,0.9372,836.6193,0.9905,59.8199,0.6154,0.9802,6.3553,15.74,5.854,15.81,15.7,2.022,0.9057,2.783,-2.9329,0.5833,2.2527,1001.798,108.0,81.1,38.9,41.0,320.3359,0.5512,0.1054,0.0589,0.0439,0.0066,11.1577,9.184,9.043,0.0061,0.21,0.0302,163.0,7739.0,0.142,0.092,0.169,2.7,0.55,0.6979,0.0527,0.6513,0.3867,0.8747,0.726,0.1746,13.49,15.41,32.31,0.292,15.94,5.31,35.055,95.622,0.0815,0.0443,0.0481,0.1046,0.0636,0.0882,0.0536,0.1179,4.2047,0.0539,0.0073,106.1852,0.0155,1326.5996,0.0104,0.0142,0.03977588511962393,0.0266,101.2382,4.5148,0.0155,0.5707,0.0564,3.2298,28.7203,26.774,13.1526,0.1959,2.2149,0.0338,2.8976,0.0587,0.0127,69.728,205.5343,5823.189049999999,4040.0175,0.0667,0.0478,0.0892,0.7939,0.0374,0.165,0.2855,0.025,0.0902,6.9567,0.1933,8.8926,0.0458,3.9179,4.2901,11.2229,0.0827,1.8071,2.3424,10.2873,34.8459,0.0222,0.0189,0.0215,0.0509,0.0191,0.0422,0.023,0.0513,1.2973,0.0163,0.0025,34.8173,0.0045,459.4844,0.009607698835935343,0.01,35.5532,1.3716,0.0063,0.1917,0.0207,4.194,0.9665,4.8921,2.795,1.5139,1.8436,18.3534,27.5945,6.6083,108.106,2.2635,0.621,1.6768,2.1343,0.0,0.0,11.1987,4.633,2.305,3.8602,43.2692,68.1627,15.9169,0.8336,0.6061,1.011,0.292,6.8245,5.8951,4.6208,13.7975,9.3086,2.4478,13.6777,4.2703,2.8271,5.8346,108.0015,5.0607,19.7834,78.8907,0.0,160.5072,389.5717,397.0347,201.3699,96.1435,245.4971,55.2417,2.7265,2.2132,0.7633,6.1897,8.1194,145.1757,50.7463,472.1311,9.740458855607342,2.8374,12.1009,0.1324,7.5474,8.9798,2.5059,7.9272,72.746,21.75,0.86,9.5614,0.3132,43.3734,5.4328,1.1822,0.1145,0.0324,11.6455,4.98,0.0877,2.0902,0.0382,1.8844,15.4662,531.8455,2.2544,8.64,0.2994,3.0979,0.0888,1.6245,13.283,0.0174,3.4771,0.02,0.0205,102.5241
-1.0,3053.64,2206.1444,2.0607,95.9511,1.4587,0.0284,-0.007,201.1963,10.4986,406.6259,0.9732,191.4408,12.3578,1.418,-4360.75,12.75,1.2868,1.999,7.3172,73.7667,2.1556,0.1583,85.2826,8.1161,64.5502,66.1149,87.1218,81.74,2.736,351.4018,131.6964,723.4482,1.3573,145.4027,628.5009,247.9002,4.604,4.881,2843.0,0.9349,-0.0045,349.5545,10.567,111.6918,20.3809,20.0045,30.4948,692.9534,146.8736,608.12,111.4043,0.0086,-0.0002,0.0644,-0.0071,-0.0248,-0.022,0.0042,7.8475,0.1355,0.9896,1893.0174,0.2002,8955.4999,-0.101,-0.0986,-0.006,-0.1131,0.44330896160502364,0.9273,766.8765,0.9909,58.6568,0.6009,0.9796,6.173,15.74,5.854,15.81,15.7,2.022,0.9057,2.783,-2.9329,0.5833,2.2527,1001.798,105.0,184.0,186.6,51.3,231.8831,0.4256,0.1306,0.0533,0.0364,0.0159,8.442,8.083,6.48,0.0123,0.33,0.0826,332.0,1091.0,0.075,0.179,0.23,1.7,0.369,0.733,0.076,0.7155,0.3428,0.8208,0.322,0.0857,7.82,14.32,71.103,0.207,23.42,5.03,26.959,136.041,0.1065,0.0401,0.0384,0.0333,0.0509,0.093,0.0943,0.0853,1.7954,0.0914,0.0017,157.449,0.034,795.1006,0.0271,0.0178,0.05029574715334745,0.0441,112.5609,1.6949,0.0397,0.5496,0.0564,3.2298,29.2712,70.5407,60.8892,0.1449,1.5889,0.045,2.4482,0.0909,0.0274,140.0417,173.3751,1792.4927,485.6442,0.0341,0.08,0.1076,0.7399,0.0363,0.1223,0.2805,0.0344,0.1015,5.2657,0.0978,8.3423,0.0247,2.3217,4.5485,20.3111,0.0667,1.443,1.5407,9.2995,42.9386,0.0269,0.0188,0.0169,0.0145,0.0131,0.0416,0.0448,0.0357,0.6525,0.0275,0.0006,51.7392,0.0104,225.1614,0.011648225755848058,0.0109,30.2889,0.534,0.0119,0.1802,0.0207,4.194,0.9665,4.8256,6.0256,7.9339,2.3253,12.354,20.6523,8.9531,76.991,1.5936,1.2635,2.6704,5.8258,78.4039,0.0,5.8286,8.9545,3.1433,2.3046,60.3093,71.3684,10.4777,0.8595,0.9364,1.1084,0.1877,5.0227,4.0851,3.656,6.3171,5.3782,2.2784,28.6821,5.341,1.9589,6.4553,114.9115,3.8905,22.5516,122.1147,0.0,0.0,51.7282,712.5109,375.3784,428.1498,0.0,22.8784,1.4755,3.83,0.1708,8.3174,17.0033,0.0,32.1788,611.3208,12.234346749624725,4.7533,14.6778,0.0991,2.8895,8.9026,2.5059,7.9272,71.574,16.12,0.64,6.9866,0.2751,50.3624,4.0169,0.8942,0.1406,0.0323,14.9122,5.53,0.1738,2.2066,0.0706,2.0717,22.9716,533.3073,2.349,10.19,0.3099,3.577,0.0994,1.9107,13.1943,0.0111,2.2257,0.026,0.0107,41.2277
-1.0,2938.84,2188.5444,0.798,103.5944,1.5136,0.0225,-0.0269,201.8856,9.5197,425.3996,0.9654,192.2712,12.5682,1.3914,-5070.25,-272.5,1.3148,1.9765,7.3505,68.5556,2.6444,0.2132,88.2693,8.6611,65.0056,66.3012,87.0853,77.33,4.329,351.7982,141.9573,736.6891,1.2726,140.6645,634.42,197.9858,4.569,4.826,2851.0,0.9304,-5.8564,352.65,10.326,116.1009,16.0836,25.8564,33.7075,702.9816,149.5855,618.3364,89.0581,0.0177,-0.0335,0.0706,-0.0045,-0.0527,-0.0192,0.0244,8.3617,0.133,0.9896,1749.7369,0.2041,8992.5001,-0.0136,-0.0977,-0.001,0.0171,0.4566,0.9365,788.1963,0.9903,59.7055,0.6075,0.9632,6.3668,15.74,5.854,15.81,15.7,2.022,0.9057,2.783,-2.9329,0.5833,2.2527,1001.798,109.0,84.2,48.3,54.9001,581.4491,0.0716,0.0551,0.0618,0.0375,0.0126,6.7513,3.488,10.867,0.0129,0.32,0.0323,1445.0,922.0,0.094,0.061,0.269,1.9,0.594,0.7245,0.0589,0.2958,0.2403,0.6659,0.659,0.1924,6.64,20.4,64.58,1.223,18.44,8.27,27.964,70.511,0.0528,0.0256,0.0256,0.0429,0.0491,0.0886,0.0879,0.0522,3.1692,0.111,0.0015,222.1101,0.0409,600.4004,0.0165,0.0137,0.0369,0.0219,80.2344,4.1368,0.027,0.2039,0.0564,3.2298,29.2101,29.9981,15.8156,0.0233,3.6157,0.019,1.1419,0.0812,0.0112,676.3039,42.103,2956.7223,401.3697,0.0417,0.0257,0.1363,0.7618,0.0468,0.2235,0.2669,0.0258,0.0649,5.7617,0.1759,9.6496,0.0593,1.8656,6.532,19.2528,0.3417,1.9243,2.3896,8.9971,20.7813,0.0153,0.012,0.0105,0.0187,0.0134,0.0395,0.0476,0.0251,1.242,0.0326,0.0005,67.2759,0.0118,186.5701,0.0093,0.0066,22.7008,1.1954,0.0086,0.0677,0.0207,4.194,0.9665,4.9846,2.8651,1.9688,2.5085,46.4688,8.9708,3.6402,36.6397,2.5545,1.3401,2.5461,2.3206,120.0335,338.3486,7.1496,3.0863,3.6596,2.7715,49.1597,71.2871,17.8123,0.7719,0.6804,0.4338000000000002,0.6795,5.4321,9.052,4.4058,15.1171,4.7204,3.2155,32.6185,6.5575,11.8439,14.5563,114.6507,3.9779,26.1908,79.1742,299.0442,289.2655,60.8079,0.0,168.0417,459.0078,213.7155,37.902,2.1016,4.7011,0.1469,12.6939,20.0316,859.6078,118.77044999999998,342.8571,8.0774,2.337,10.1795,0.0935,6.9287,3.202,2.5059,7.9272,71.356,19.22,0.64,9.3244,0.2446,10.144,4.8944,0.8969,0.1625,0.0345,16.7211,4.98,0.0877,2.0902,0.0382,1.8844,15.4662,532.4564,1.9432,11.65,0.2467,3.9387,0.0762,2.188,12.6982,0.011,2.2011,0.0096,0.0191,197.5077
-1.0,3045.11,2215.1778,1.8829,85.6589,1.4193,0.0113,-0.0007,196.9404,8.2633,417.4764,0.9806,187.5301,12.5106,1.4169,-4642.0,1423.75,1.0037,1.8733,5.1348,66.0333,3.1778,0.209,85.7204,9.0811,64.1481,66.94045000000003,86.8444,78.98,2.911,354.0955,126.0764,718.4634,1.3692,142.3727,622.5445,187.3435,4.602,4.845,2839.0,0.9315,3.9673,352.4873,10.6508,110.0436,12.5036,16.0327,22.513,695.9504,147.51,610.0409,112.7259,0.0026,-0.0327,0.043,-0.0032,-0.0231,-0.0037,-0.0026,8.2199,0.1322,0.9906,1808.5697,0.1544,8465.4301,0.0043,0.0195,-0.0483,0.0349,0.4604,0.9386,702.0264,0.9867000000000001,57.6435,0.6095,0.9601,6.3743,15.74,5.854,15.81,15.7,2.022,0.9057,2.783,-2.9329,0.5833,2.2527,1001.798,92.0,186.5,215.8,78.7,285.834,0.633,0.1217,0.035,0.045,0.0061,9.3467,6.289,12.289,0.0044,0.23,0.0657,123.0,92.0,0.073,0.037,0.214,3.2,0.261,0.9612,0.0836,0.8014,0.4195,0.8806,0.314,0.1313,3.5,18.55,29.853,0.275,19.42,5.19,33.506,82.368,0.0605,0.0335,0.0327,0.0378,0.0639,0.0826,0.0908,0.0271,2.9358,0.0287,0.001,169.4559,0.0325,740.5,0.0122,0.0168,0.017,0.0201,75.2444,3.7612,0.0227,0.2438,0.0564,3.2298,26.6999,65.0466,68.8032,0.1955,2.1982,0.0433,2.0138,0.06,0.0216,63.0608,123.9876,1163.6927,38.8534,0.0305,0.0177,0.0991,1.2349,0.028,0.0765,0.3627,0.0331,0.1058,5.5414,0.0941,8.6132,0.0413,1.099,5.5673,9.8134,0.0763,1.6239,2.7978,10.6162,25.093,0.0171,0.0141,0.0155,0.0196,0.0183,0.0436,0.0493,0.014,0.9725,0.0095,0.0003,58.8417,0.0095,206.4145,0.0041,0.0062,21.7812,1.0189,0.0074,0.0945,0.0207,4.194,0.9665,4.1456,6.1246,8.8266,3.5528,13.0388,33.6187,8.5746,76.1079,2.9436,0.4496,1.8384,4.6342,57.109,6.4618,7.2727,1.9752,4.1677,4.846,34.6154,38.2775,5.6002,1.1213,0.9205,1.2493,0.2193,5.2133,3.7517,3.6701,9.5872,2.4583,2.9797,15.9349,9.842500000000001,2.582,6.3157,155.3154,4.8144,8.4877,73.0693,0.0,424.0506,87.9581,0.0,357.1892,0.0,0.0,35.7155,2.7988,1.171,0.0963,9.3696,21.0739,0.0,66.881,0.0,3.6926,2.1411,10.7182,0.25379999999999997,6.525,3.8245,2.5059,7.9272,78.972,16.48,1.38,7.7074,0.5075,77.4411,4.0053,1.7475,0.285,0.0685,28.8069,4.98,0.0877,2.0902,0.0382,1.8844,15.4662,530.5682,2.1417,10.87,0.4214,3.7567,0.1085,2.0487,19.6759,0.019,3.7891,0.0096,0.0191,197.5077
-1.0,3033.11,2172.3111,1.2955,101.3556,1.462,-0.0172,-0.0007,195.4948,4.3695,421.8092,0.9768,186.0514,12.3351,1.4124,-1792.0,-386.75,1.272,2.0057,7.2677,75.7778,2.5556,0.1929,85.2826,8.1161,64.5502,66.1149,87.1218,81.74,2.736,351.9873,133.4927,724.5348,1.3287,139.2727,624.7527,202.7136,4.596,4.835,2832.0,0.9366,0.7,350.4109,10.4222,114.1927,11.3636,19.3,26.3407,698.1941,148.7855,613.3891,113.3838,-0.0186,0.0106,0.0619,0.0146,-0.0119,-0.0306,0.0242,7.4141,0.1305,0.988,1776.6367,0.2075,8943.6502,-0.0226,0.0112,0.0027,-0.0731,0.44845830843000223,0.9311,748.6221,0.9905,59.3614,0.5906,0.98,6.0839,15.74,5.675,15.79,15.65,1.735,0.8757,3.06,-2.9329,0.6304,2.2445,1001.1729,99.0,117.9,147.5,58.5,379.287,0.1556,0.1316,0.0479,0.0435,0.0101,8.6941,2.874,5.479,0.0102,0.22,0.0751,456.0,571.0,0.194,0.103,0.066,1.6,0.388,0.733,0.076,0.7155,0.3428,0.8208,0.439,0.1659,3.64,19.83,62.95,0.303,21.3,4.39,30.653,67.911,0.0661,0.0409,0.0851,0.0207,0.0778,0.0854,0.1471,0.0719,4.3506,0.0555,0.0019,91.8219,0.0411,733.5,0.0178,0.0173,0.04771384345251509,0.019,67.7732,3.6202,0.019,0.3469,0.0583,2.332,26.6163,34.1531,43.8005,0.0507,1.8307,0.0451,0.9001,0.0579,0.0295,192.2039,128.9457,5321.3602,258.2859,0.0849,0.0485,0.0272,0.6078,0.0302,0.1257,0.2805,0.0344,0.1015,5.0174,0.1588,8.4733,0.0507,1.0392,5.7994,20.8532,0.0856,1.3421,1.9621,9.8946,21.2336,0.0175,0.0172,0.0378,0.0094,0.0243,0.0409,0.0695,0.0358,1.6298,0.0176,0.0006,28.6131,0.0123,247.5594,0.015904358122542307,0.0051,23.7876,1.1131,0.0063,0.1087,0.0199,3.6166,0.6244,4.6178,3.8871,6.0571,2.693,31.5406,12.0092,9.0012,65.7748,1.2989,1.0482,1.7835,5.3152,298.58439999999996,147.6406,15.2516,5.1352,0.9081,2.1114,50.8696,40.9562,11.3868,0.8595,0.9364,1.1084,0.1877,4.5371,4.9591,3.7441,12.4845,2.6136,3.1741,31.0537,5.242,2.9073,5.4644,187.4403,4.3903,7.1707,59.8948,355.8546,118.7228,33.441,531.7386,716.1426,480.3265,296.8008,58.6809,2.0684,2.2408,0.1884,5.1683,19.8152,988.5714,48.9412,0.0,11.149402234221922,2.0428,9.0531,0.1117,6.0986,5.7017,2.5971,5.9534,74.346,11.83,0.84,4.9643,0.3596,83.6077,2.9683,1.1298,0.2111,0.0478,21.9576,4.98,0.0877,2.0902,0.0382,1.8844,15.4662,530.9809,2.3259,9.94,0.2182,3.2617,0.0779,1.872,9.3821,0.0149,2.9786,0.0096,0.0191,197.5077
-1.0,3022.6,2184.7222,1.3187,101.9178,1.4772,0.0283,-0.0072,201.4698,11.1365,411.6571,0.9761,191.6926,12.4692,1.4205,-6375.125,-4064.6667,1.323,2.009,7.3152,73.1222,1.8667,0.1523,84.3084,8.3591,64.5242,65.973,86.9351,79.94,3.054,350.4855,145.9573,741.7925,1.0451,140.3382,636.7809,66.324,4.569,4.839,2863.0,0.9297,-6.6618,351.8364,10.3557,119.2955,8.8239,26.6618,33.4282,708.3643,157.7318,628.8636,134.3338,-0.0106,-0.0096,0.0601,-0.0226,-0.0217,-0.0283,0.0135,8.3651,0.1272,0.9922,1713.0425,0.199,8709.92,-0.0424,-0.013,-0.0201,-0.1114,0.4674,0.9509,723.8442,0.9867000000000001,56.8642,0.5891,0.9642,6.4257,15.74,5.675,15.79,15.65,1.735,0.8757,3.06,-2.9329,0.6304,2.2445,1001.1729,76.0,90.0,97.2,55.0,322.512,0.1036,0.1263,0.0592,0.0479,0.015,8.1629,9.76,8.1,0.0117,0.4,0.0683,822.0,4758.0,0.115,0.069,0.169,1.5,0.361,0.486,0.1807,0.6304,0.2914,0.7801,0.421,0.1484,11.45,16.97,27.418,0.421,13.34,4.97,29.586,88.471,0.0808,0.10470000000000002,0.0299,0.0178,0.1022,0.0736,0.1072,0.0484,2.0217,0.0334,0.0018,127.5157,0.0344,578.0996,0.0191,0.0143,0.043,0.0262,52.1489,4.8158,0.0226,0.5173,0.0583,2.332,21.9147,31.8452,33.5352,0.0351,1.7027,0.0436,2.5896,0.117,0.021,351.9719,211.2461,5823.189049999999,2483.0591,0.0485,0.0299,0.0717,0.5674,0.0487,0.1413,0.1894,0.0664,0.1114,5.7831,0.1274,10.1109,0.0541,3.4829,5.4937,9.2656,0.134,1.4309,1.7094,9.8204,30.1786,0.0215,0.0455,0.0124,0.0093,0.0295,0.035,0.0513,0.0218,0.7443,0.0134,0.0005,39.8289,0.0103,198.4952,0.0119,0.0099,17.6612,1.343,0.0077,0.1688,0.0199,3.6166,0.6244,3.6512,2.9776,3.836,2.5175,31.9628,7.8584,8.5501,87.6401,1.9677,1.1947,3.2079,4.808,166.2803,117.0576,8.6924,3.4345,2.3102,2.0514,75.0,93.2166,10.3373,0.5765,2.1618,0.977,0.2154,5.3554,9.5439,4.4561,14.1964,8.1589,2.665,41.3395,6.8651,4.0654,11.4086,151.1804,4.1767,12.9923,65.8591,761.815,344.2088,29.6296,452.5879,339.1705,378.4643,358.5185,24.1679,2.672,1.3927,0.1818,7.4438,17.2859,104.0473,33.9061,0.0,9.1954,2.7574,7.2044,0.25379999999999997,8.4689,8.0506,2.5971,5.9534,76.976,18.64,0.71,7.9236,0.2822,52.3123,4.7017,0.9224,0.7874,0.1946,70.6158,6.41,0.0851,2.4756,0.0318,2.4161,10.8075,532.0973,2.1448,9.6,0.497,3.3367,0.1443,1.8042,23.1735,0.0153,3.0516,0.0096,0.0191,197.5077
-1.0,2976.58,2215.5111,1.215,99.4189,1.6147,-0.0132,0.0009,201.3405,10.3783,405.8646,0.9728,191.5705,12.5106,1.3963,-3157.5,-1134.0,1.253,2.0132,7.1757,72.2444,1.8111,0.1502,84.525,8.7932,63.7758,66.2803,86.7223,79.27,3.05,354.4309,124.0691,716.6721,1.4076,145.2273,623.7273,188.6045,4.602,4.845,2839.0,0.9315,2.6345,352.4573,10.7345,106.7036,13.4591,17.3655,23.9411,692.731,151.1073,610.2682,110.1187,-0.0091,-0.0264,0.0419,-0.0089,-0.006,-0.0299,0.0015,7.1321,0.1272,0.9688,1814.3941,0.1984,8803.3701,-0.0315,-0.08,0.0118,-0.0729,0.467,0.925,728.8933,0.9902,59.6907,0.5874,0.9665,6.2472,15.74,5.675,15.79,15.65,1.735,0.8757,3.06,-2.9329,0.6304,2.2445,1001.1729,121.0,82.3,61.5,48.7002,248.683,0.4786,0.23175000000000004,0.0692,0.0287,0.0097,8.8342,6.4,9.057,0.0085,0.23,0.0492,600.0,2407.0,0.137,0.169,0.133,4.6,0.538,0.8986,0.1371,0.6637,0.3487,0.9576,0.338,0.0939,3.8,16.48,35.929,0.251,21.22,8.21,33.855,85.629,0.0888,0.0375,0.0347,0.0156,0.0802,0.0843,0.0939,0.031,2.5469,0.0642,0.0041,121.5801,0.0495,511.0,0.0136,0.0138,0.0216,0.0327,54.8464,3.9322,0.0162,0.2361,0.0583,2.332,32.358,30.5956,19.7455,0.1755,1.4077,0.08085,2.5584,0.06,0.0206,284.7787,180.1469,651.0927,1160.6432,0.0564,0.072,0.0563,1.4578,0.0498,0.1986,0.3432,0.0548,0.1307,5.241,0.1186,7.7615,0.0314,1.2581,5.5203,12.6765,0.0706,2.3747,3.2085,10.5367,26.3278,0.0255,0.0177,0.0163,0.0065,0.0244,0.0432,0.0494,0.0141,0.8356,0.0221,0.0014,41.3996,0.0134,158.6378,0.0064,0.0103,18.0695,1.2775,0.0058,0.0826,0.0199,3.6166,0.6244,5.4215,2.7649,2.4648,2.1981,12.1944,39.3893,16.1177,61.6673,2.2315,0.8713,1.8384,3.5249,47.1576,212.2575,10.9338,8.3944,1.8535,6.3673,71.7791,96.5237,15.4919,1.0631,1.5597,1.0407,0.2923,5.1801,3.8043,3.3877,6.6724,2.6166,2.6422,19.0499,9.842500000000001,2.3383,6.4009,157.6626,4.8872,6.9198,77.7606,977.839,81.7884,37.2315,896.7156,0.0,313.7845,0.0,35.7112,2.672,2.7685,0.4213,6.7009,24.9398,449.6945,76.9716,390.6977,4.6275,3.5355,7.5246,0.1248,6.5875,3.7798,2.5971,5.9534,71.698,17.06,0.77,7.7153,0.2942,18.9393,4.3024,1.0739,0.3884,0.0703,40.721,4.98,0.0877,2.0902,0.0382,1.8844,15.4662,530.5682,2.1417,10.87,0.4214,3.7567,0.1085,2.0487,19.6759,0.0123,2.4552,0.0096,0.0191,197.5077
-1.0,2917.47,2247.3666,1.3594,104.36,1.5351,0.0039,-0.0046,197.1106,8.36,409.6625,0.9794,187.5814,12.4996,1.4059,-3279.25,-465.25,1.3018,1.9948,7.2418,68.1111,2.5444,0.2047,84.052,8.8581,64.6559,66.1061,86.9034,63.93999999999998,5.041,350.0373,132.9018,721.705,1.186,138.9791,621.9182,51.9005,4.611,4.869,2836.0,0.9365,-0.6327,350.8691,10.5155,112.2691,9.7918,20.6327,25.0547,696.6503,148.9882,612.1264,134.1961,-0.0298,-0.0193,0.0662,-0.0011,-0.005,-0.013,0.0127,6.7891,0.1334,0.9899,1819.2784,0.2006,8097.34,0.0429,0.0065,-0.076,-0.1077,0.4675181859319869,0.9574,777.6508,0.9904,58.6058,0.5917,0.9621,6.3905,15.74,5.675,15.79,15.65,1.735,0.8757,3.06,-2.9329,0.6304,2.2445,1001.1729,131.0,69.8,52.7,71.8,270.163,0.0881,0.1417,0.0535,0.0331,0.008,7.025,5.953,9.404,0.0057,0.21,0.035,511.0,1435.0,0.11,0.079,0.131,3.5,0.333,0.5357,0.1389,0.4529,0.206,0.7208,0.66,0.1158,6.58,21.36,16.506,0.233,20.35,4.12,31.929,115.049,0.0785,0.0342,0.0329,0.0271,0.0963,0.053,0.096,0.0475,4.537,0.0553,0.0014,123.1672,0.0588,1992.8003,0.0169,0.0194,0.055751343333199255,0.0155,113.0872,4.724,0.0196,0.1954,0.0583,2.332,33.115,24.2431,15.3252,0.0305,2.2984,0.0517,1.8525,0.0561,0.0118,224.4777,28.6516,349.0409,696.4923,0.0466,0.0407,0.0573,1.0948,0.0562,0.1169,0.212,0.0519,0.0425,6.2417,0.211,8.956,0.039,2.1428,7.3968,5.9342,0.0718,1.2652,1.9476,10.1929,31.4776,0.0197,0.0148,0.0144,0.0117,0.0299,0.0291,0.0481,0.0217,1.5991,0.0181,0.0005,51.0207,0.0179,629.4427,0.013038065456813299,0.0044,33.3424,1.6632,0.0072,0.0606,0.0199,3.6166,0.6244,6.0618,2.3925,2.1237,3.1949,25.9837,6.4782,9.2309,71.2081,2.2955,0.5866,1.6801,2.4924,23.7554,308.4363,8.4502,3.9604,1.809,5.1387,66.8122,89.9023,9.9953,0.6373,1.5685,0.7005,0.6795,5.7851,4.9811,3.9268,9.7666,4.7345,3.4345,31.8031,5.1228,2.2158,5.1127,207.8263,4.5832,9.089,85.732,263.0366,151.8313,40.952,0.0,0.0,739.8844,373.2809,66.828,1.3491,2.3206,0.1373,6.7701,29.2893,0.0,40.0409,0.0,12.412679532261194,1.6192,14.5422,0.113,8.0606,3.0578,2.5971,5.9534,74.21,22.23,1.25,10.0136,0.5377,23.1275,5.6231,1.6844,0.364,0.089,35.5082,4.98,0.0877,2.0902,0.0382,1.8844,15.4662,530.9809,2.3259,9.94,0.2182,3.2617,0.0779,1.872,9.3821,0.0129,2.5607,0.0096,0.0191,197.5077
-1.0,3071.03,2215.5111,1.215,99.4189,1.4726,0.0095,-0.0009,201.9857,7.8098,415.879,0.9595,192.5882,12.4124,1.4124,-4492.5,-59.3333,1.2773,1.995,7.3055,70.2444,2.5333,0.1937,84.7176,8.7373,64.3447,66.2031,86.252,80.63,2.919,353.3409,141.4536,735.379,1.3063,137.6227,632.4173,199.7533,4.598,4.844,2847.0,0.9315,-5.8818,353.5736,10.3143,115.5718,16.8182,25.8818,32.8121,702.5669,146.4536,615.5991,111.5057,-0.0137,-0.0377,0.0875,0.0013,-0.0108,-0.0242,0.035,7.2664,0.1273,0.9873,1809.2492,0.1606,8917.5602,-0.0375,0.0102,-0.0337,0.0334,0.44529733785076075,0.96,722.6941,0.9906,58.4207,0.6046,0.9788,6.2426,15.74,5.675,15.79,15.65,1.735,0.8757,3.06,-2.9329,0.6304,2.2445,1001.1729,125.0,160.4,112.1,48.7002,248.683,0.4786,0.1282,0.055,0.031,0.0263,8.4183,4.165,7.351,0.0203,0.42,0.0358,485.0,623.0,0.18,0.114,0.155,2.1,0.371,0.4973,0.0719,0.5837,0.2865,0.7506,0.658,0.1741,5.71,21.26,25.763,1.182,23.39,5.44,28.459,85.54,0.0876,0.0768,0.0256,0.0163,0.1005,0.0589,0.0984,0.0565,4.9842,0.0452,0.0013,108.2642,0.0251,751.2002,0.019,0.0148,0.04806828879665473,0.016,44.4895,3.3598,0.0204,0.3223,0.0583,2.332,30.8159,53.6937,39.9752,0.1755,1.4077,0.0508,1.5022,0.1198,0.0141,210.6537,178.7335,1980.2829,347.4282,0.076,0.0517,0.0663,0.8263,0.0263,0.1361,0.187,0.0333,0.1009,6.4591,0.2025,9.5601,0.0545,1.8741,6.5165,7.3728,0.3283,1.5539,2.2049,9.1511,27.0377,0.0256,0.037,0.0117,0.0072,0.026,0.032,0.0499,0.0272,1.5197,0.0161,0.0004,34.2101,0.0084,254.9457,0.011652678462083295,0.0064,16.6117,1.006,0.0076,0.1021,0.0199,3.6166,0.6244,5.7561,5.223,4.5135,2.1981,12.1944,39.3893,8.7055,53.3303,1.7676,2.1129,3.3837,2.5339,99.6995,0.0,14.0928,5.7143,2.1217,2.9896,27.6316,48.0207,11.1616,0.587,0.8229,0.9071,0.3303,6.0565,8.5894,4.3393,13.3254,4.149,3.3617,12.8974,6.241,11.4598,13.7663,139.0755,4.0507,38.0261,76.7136,640.8779,201.8397,18.6392,0.0,544.1109,406.6116,161.4286,68.5922,1.6491,1.8778,0.1333,5.9839,15.6248,0.0,31.8658,0.0,11.78612514870462,1.6702,6.1561,0.0895,5.751,5.163,2.5971,5.9534,80.52,18.45,1.36,8.4513,0.5624,53.4738,4.6683,1.689,0.1625,0.0345,16.7211,7.82,0.1683,2.9843,0.0636,2.8809,20.0787,529.5955,2.1619,8.0099,0.1878,2.6198,0.0563,1.5125,8.6853,0.0073,1.4881,0.0552,0.0178,32.2058
-1.0,2945.22,2194.9556,2.3917,86.81,1.4207,0.0086,0.0071,197.9288,8.8046,418.3355,0.9726,188.7909,12.391,1.39,-4173.5,-530.25,1.2793,1.9772,7.2385,71.9444,2.7,0.2107,84.7176,8.7373,64.3447,66.2031,86.252,80.63,2.919,353.1982,143.7518,740.9478,1.2179,140.05,637.0,227.2974,4.588,4.839,2859.0,0.9279,-2.2636,352.7655,10.3091,121.4882,17.5091,22.2636,28.0815,712.8663,145.2373,619.4909,56.6522,-0.0208,-0.0127,0.0644,0.0062,-0.017,-0.0244,0.0299,7.5835,0.1286,0.9889,1730.7502,0.196,8946.4102,0.0356,0.014,-0.0099,-0.0057,0.4593,0.9391,782.1121,0.9867000000000001,57.7378,0.6045,0.9632,6.4122,15.83,3.265,15.84,15.76,1.026,0.5581,3.074,-2.93,0.8145,2.2569,999.8622,117.0,161.8,124.1,47.8999,441.3691,0.5864,0.0778,0.0426,0.0538,0.0143,7.0003,5.261,10.59,0.0098,0.28,0.0383,391.0,1440.0,0.058,0.098,0.149,2.6,0.285,0.4973,0.0719,0.5837,0.2865,0.7506,0.605,0.1108,7.01,22.23,61.639,0.626,18.55,13.42,29.974,23.776,0.0768,0.0435,0.0278,0.0414,0.0596,0.0741,0.0641,0.0627,2.0863,0.0279,0.0023,140.6525,0.0313,811.2998,0.0162,0.0136,0.0262,0.0264,66.9452,4.8245,0.02,0.2791,0.053,3.7313,30.7069,53.6507,42.5854,0.233,1.386,0.0259,1.6652,0.0728,0.013,182.0831,114.1384,2417.557,588.0206,0.0253,0.0455,0.0655,0.8762,0.0471,0.1008,0.187,0.0333,0.1009,5.4689,0.1794,9.8504,0.0349,2.275,6.8956,16.4578,0.1767,3.6453,3.8409,9.8454,7.137,0.0198,0.0205,0.0116,0.0177,0.0155,0.0375,0.0343,0.0308,0.6792,0.0116,0.0007,46.6112,0.0114,221.5906,0.0066,0.0074,19.2833,1.3752,0.0068,0.088,0.0167,6.6795,1.2904,5.2144,5.4936,4.828,2.1823,18.8476,24.5175,5.4763,59.7526,2.5315,1.0089,2.2597,2.754,126.9199,271.57,4.5339,4.9564,2.0584,3.6139,62.963,69.7785,8.3423,0.587,0.8229,0.9071,0.3303,5.6739,9.6903,4.3292,9.0993,5.0054,3.4898,27.1182,7.4635,6.0723,17.537999999999997,105.945,4.2047,16.841,41.9684,369.3417,260.8696,64.2857,960.3223,436.5243,263.2444,209.8745,27.5106,2.9559,1.1555,0.2277,8.1267,15.9855,354.9755,45.8537,0.0,5.7009,2.8147,8.5595,0.25379999999999997,8.3559,4.3522,2.3502,9.64,73.23,9.28,0.64,4.2721,0.2503,42.9563,2.3052,0.874,0.3097,0.068,31.9092,5.01,0.1366,2.1579,0.0517,1.8743,17.9213,523.3110000000001,2.2656,15.390000000000002,0.6164999999999999,5.3345,0.18730000000000002,2.8874999999999993,28.50255,0.0164,3.2945,0.0552,0.0178,32.2058
-1.0,3072.86,2206.1444,2.0607,95.9511,1.5587,0.0031,0.0024,195.6715,9.3601,408.2,0.9773,186.059,12.3351,1.3753,-2559.0,3007.25,1.2977,2.019,7.3403,76.9333,2.3222,0.1891,85.2826,8.1161,64.5502,66.1149,87.1218,81.74,2.736,351.6955,132.2718,724.3656,1.3504,142.1327,626.1,241.4232,4.6,4.871,2842.0,0.9346,0.7382,351.7327,10.4636,113.01,16.4427,19.2618,24.7756,699.59,144.9145,609.6573,51.26,0.0124,-0.0411,0.0642,-0.0046,-0.0132,-0.034,0.0285,7.0072,0.1286,0.9673,1838.7849,0.1967,8780.75,0.0353,0.027,-0.016,-0.0506,0.4493390003159776,0.9426,762.4107,0.9867000000000001,57.5005,0.5954,0.9638,6.3395,15.74,5.675,15.79,15.65,1.735,0.8757,3.06,-2.9329,0.6304,2.2445,1001.1729,95.0,257.0,223.8,51.3,231.8831,0.4256,0.1332,0.0441,0.0349,0.0112,8.7547,4.481,16.146,0.0086,0.22,0.0652,1009.0,11472.0,0.046,0.167,0.213,1.3,0.566,0.733,0.076,0.7155,0.3428,0.8208,0.241,0.1114,6.44,15.47,46.012,0.36,19.82,5.95,31.968,33.734,0.0582,0.0354,0.0258,0.0183,0.0379,0.067,0.0689,0.0403,4.2634,0.0284,0.0098,95.04,0.0357,743.0996,0.0137,0.0102,0.034963726883848634,0.0284,95.983,4.0651,0.0308,0.2733,0.0583,2.332,26.6945,81.3268,67.2344,0.1449,1.5889,0.0507,1.5044,0.0579,0.023,424.9387,158.1252,1527.0737,5547.7275,0.0214,0.0711,0.0899,0.4359,0.0283,0.1943,0.2805,0.0344,0.1015,5.1729,0.0845,8.5256,0.0313,1.9339,5.0132,12.3033,0.1007,2.0066,1.8644,10.27,9.9534,0.0176,0.0163,0.0113,0.0082,0.0118,0.0354,0.0353,0.0186,1.5681,0.0117,0.0035,32.2627,0.01,254.7188,0.012397412895629744,0.0111,30.2204,1.2823,0.01,0.091,0.0199,3.6166,0.6244,4.3483,8.3635,9.1925,2.3253,12.354,20.6523,8.5456,47.8735,3.9554,0.8834,1.7835,4.7436,134.2321,381.4781,3.5446,8.2714,2.9018,1.6898,47.3684,46.0047,16.9472,0.8595,0.9364,1.1084,0.1877,4.774,3.3643,3.7556,8.2504,4.531,2.4709,19.0587,6.1318,3.4405,8.2028,120.5396,4.5695,25.5395,65.8096,469.3548,201.9971,28.5158,815.0538,508.5389,202.4982,141.4035,60.8436,2.9559,1.1726,1.01,5.1686,18.1638,0.0,33.9343,0.0,8.466409942266015,3.0094,12.5894,0.25379999999999997,7.0697,4.3111,2.5971,5.9534,73.024,16.53,1.23,6.3414,0.4626,58.0569,4.0639,1.6844,0.1406,0.0323,14.9122,8.45,0.1588,3.0146,0.0737,3.1713,20.3111,533.3073,2.349,10.19,0.3099,3.577,0.0994,1.9107,13.1943,0.0125,2.4971,0.0552,0.0178,32.2058
-1.0,3075.12,2189.3556,2.1415,84.34660000000002,1.5631,0.0084,0.0014,199.0436,4.3793,407.5614,0.9748,190.0722,12.5782,1.4094,-6220.5,372.75,1.2737,1.9783,7.2735,70.7111,2.6444,0.2078,84.5987,8.8836,63.7488,65.9357,86.8182,79.35,3.33,359.9955,125.2036,723.3101,1.2692,138.6145,623.8136,46.1544,4.681,4.908,2843.0,0.9314,4.9082,357.7564,10.5873,110.1118,8.7316,15.0918,19.7445,703.5656,148.2364,616.1045,87.806,-0.0241,0.0186,0.0597,0.0182,-0.0305,-0.0345,0.0252,6.8451,0.133,0.9704,1833.59,0.1936,9174.2599,-0.073,-0.0009,0.0187,0.0444,0.44266627192799524,0.9364,715.1939,0.9867000000000001,57.1484,0.5962,0.9633,6.3846,15.86,3.541,15.84,15.91,0.9649,0.6238,3.293,0.0,0.8201,2.4025,1012.2367,101.0,246.1,233.9,74.0,384.678,0.7449,0.0583,0.0609,0.0679,0.0133,9.1795,2.808,9.971,0.0103,0.3,0.0926,366.0,578.0,0.046,0.072,0.151,4.9,0.48,0.6354,0.0673,0.56,0.2943,0.9476,0.657,0.30280000000000007,7.83,21.65,33.912,0.241,15.61,5.17,33.131,111.029,0.0533,0.0383,0.0588,0.0427,0.0802,0.106,0.1207,0.0576,3.5402,0.0705,0.0078,113.345,0.0377,899.0,0.0174,0.0125,0.04959539698513854,0.0304,116.6025,1.9829,0.0237,0.2706,0.1149,4.4012,25.2045,92.3699,84.7686,0.2177,1.2905,0.0208,0.8314,0.0819,0.037,149.7465,213.4797,5198.8239,278.9317,0.0189,0.032,0.0639,1.5455,0.0338,0.1822,0.2325,0.0251,0.1107,6.3015,0.2038,8.8935,0.088,2.6123,6.7015,10.1237,0.0645,1.6419,1.6171,9.6536,36.1112,0.0132,0.0171,0.0252,0.0214,0.0214,0.0522,0.0607,0.0253,1.3257,0.0221,0.0026,35.0709,0.0111,296.8997,0.009765989081232229,0.0098,34.8412,0.6548,0.0084,0.1009,0.0425,5.4654,1.4641,4.5252,8.0029,9.4436,3.38,16.2748,34.7855,3.7298,64.1202,2.4465,1.0579,2.3851,6.5723,181.2234,155.0637,3.6114,3.6396,2.076,6.9296,34.0336,55.3476,14.3136,0.7511,0.7578,0.8784,0.1162,4.9167,5.0638,4.1464,25.522399999999998,5.6488,3.4706,65.59535,5.7192,2.2763,5.231,178.7762,4.709,29.7567,126.4481,221.1618,0.0,71.4644,441.5692,347.2563,350.3628,228.3449,51.7197,1.5034,2.9911,0.8013,6.1816,19.4633,315.9558,33.1688,0.0,11.660631653117187,3.2506,16.3036,0.25379999999999997,3.4698,4.2382,4.7827,12.445,76.68072723955336,16.726868762984008,1.222836390721285,7.374914263929424,0.517442814792183,67.7152471027419,4.140963846958795,1.5704469092869318,0.7241,0.1871,68.3558,6.2,0.1727,2.433,0.0635,2.387,22.9485,533.1418,2.0876,10.58,0.2015,3.6281,0.0633,1.9845,9.6506,0.0156,3.0995,0.0552,0.0178,32.2058
-1.0,3004.57,2166.2111,1.4073,105.6256,1.383,0.0305,0.0018,202.4378,7.696,410.8402,0.9588,193.4873,12.3543,1.4251,-1691.75,1616.0,0.9757,1.8855,5.1235,61.2111,3.2,0.2243,84.0397,9.1287,64.215,66.921,86.8827,78.52,2.666,352.4127,132.4655,723.5055,1.323,138.2982,623.1764,207.9315,4.596,4.835,2832.0,0.9366,-1.1764,351.2282,10.4798,111.2891,14.6891,21.1764,27.984,695.5215,145.97,608.4873,85.2592,0.024,0.0019,0.0842,-0.0107,-0.0224,-0.0265,0.0518,8.0566,0.1368,0.9907,1825.8952,0.2098,9202.3801,0.0142,-0.0046,-0.0422,-0.0477,0.4440532970419585,0.9452,808.6117,0.9867000000000001,56.6276,0.5826,0.9802,6.1797,15.83,3.265,15.84,15.76,1.026,0.5581,3.074,-2.93,0.8145,2.2569,999.8622,84.0,91.2,132.6,55.7,280.8901,0.1509,0.0537,0.054,0.0517,0.0272,11.0356,5.222,20.252,0.0198,0.8700000000000001,0.0491,442.0,135.0,0.102,0.083,0.07,2.4,0.054,0.686,0.0089,0.5708,0.3275,0.7906,0.479,0.1292,7.53,16.86,43.231,0.284,23.56,8.22,32.184,53.291,0.0879,0.10470000000000002,0.1069,0.0066,0.0888,0.16729999999999995,0.0592,0.0533,2.9627,0.0698,0.0009,80.412,0.0825,561.7998,0.0171,0.0133,0.049785754916061686,0.0177,76.3423,4.7499,0.0243,0.2057,0.053,3.7313,23.3469,31.0977,45.8341,0.0524,2.4206,0.0197,1.4811,0.2202,0.015,181.147,350.3754,3471.4114,62.562,0.0479,0.0393,0.029,0.759,0.0306,0.0212,0.2598,0.0034,0.119,4.7149,0.1822,8.2809,0.0346,2.1026,5.1372,18.1124,0.0817,2.2691,2.8807,10.2794,16.3516,0.0214,0.0455,0.049,0.0028,0.0233,0.0887,0.0293,0.0229,1.021,0.0253,0.0003,24.8291,0.025,155.4957,0.009689373629854227,0.0059,20.0935,1.3497,0.0086,0.0727,0.0167,6.6795,1.2904,3.7985,3.0354,5.389,2.5713,31.3892,10.7198,3.8828,67.8534,4.9294,2.0675,6.94175,3.4446,298.58439999999996,8.354,10.4535,4.402,1.3663,3.9209,28.125,39.2273,1.1569,0.8163,0.0974,0.8889,0.1964,3.6293,4.6805,3.5596,9.7655,5.4448,2.7055,20.791,5.242,2.71,4.5467,160.3908,4.6273,10.8287,62.5047,365.9641,0.0,7.8431,830.8772,0.0,223.8185,102.9454,36.7731,2.6314,3.063,0.0921,4.404,39.3165,0.0,19.4647,0.0,10.21296015732375,1.8779,9.4412,0.25379999999999997,8.388,3.3282,2.3502,9.64,79.514,17.55,1.59,8.1777,0.6856,86.1681,4.2805,1.9996,0.5506,0.0991,56.0228,8.73,0.1306,3.3415,0.0501,3.1519,24.6539,533.4773,2.2113,7.28,0.4502,2.2773,0.1271,1.3646,20.3592,0.0126,2.5461,0.0167,0.0132,79.1086
-1.0,3055.47,2226.3111,1.2295,92.6178,1.5948,0.0077,-0.0078,198.7725,8.5791,409.2611,0.9668,190.0495,12.5331,1.3799,-1717.75,1559.0,0.971,1.8902,5.1395,64.6556,3.0889,0.206,85.7132,9.0606,64.0248,66.94045000000003,86.8551,63.93999999999998,4.498,352.0673,141.1618,733.9891,1.0527,136.8636,630.0927,52.7066,4.592,4.871,2852.0,0.9301,-3.1182,351.7673,10.3395,118.0436,17.4227,23.1182,31.7039,702.2852,142.8591,612.67,145.4568,0.0187,-0.0048,0.0549,-0.0057,-0.0072,-0.0235,-0.009,6.8793,0.1388,0.9883,1838.2757,0.1933,8838.5099,-0.0016,-0.0474,-0.0246,0.037,0.46947970151810314,0.9472,767.1262,0.9902,60.111,0.5877,0.958,6.4959,15.83,3.265,15.84,15.76,1.026,0.5581,3.074,-2.93,0.8145,2.2569,999.8622,120.0,220.5,184.6,46.7002,403.8611,0.6008,0.2204,0.0504,0.0433,0.0109,4.4903,5.576,16.137,0.0109,0.22,0.0499,346.0,109.0,0.102,0.083,0.189,2.4,0.211,0.7854,0.0753,0.801,0.3907,0.7315,0.847,0.2057,14.625,33.574999999999996,22.152,1.294,26.01,5.95,34.145,56.224,0.0739,0.0551,0.0298,0.0345,0.0284,0.0735,0.1012,0.0538,3.941,0.0335,0.002,126.7246,0.0594,588.0996,0.0135,0.0095,0.03320875490195835,0.0287,61.9619,4.2188,0.0254,0.2303,0.053,3.7313,30.132,71.7826,61.605,0.1965,1.9845,0.067,1.8517,0.0626,0.0189,148.1832,261.4006,2253.087,44.9222,0.0431,0.0355,0.0803,0.7452,0.0305,0.068,0.28,0.0331,0.0725,7.4906,0.2522,8.9069,0.0589,4.57715,10.51945,6.2946,0.3472,1.9523,2.4672,10.5851,19.9153,0.021,0.0239,0.0141,0.0168,0.0096,0.0388,0.0522,0.0293,1.4656,0.0114,0.0007,46.5161,0.0168,166.6416,0.01006587209902585,0.01,16.8254,1.2775,0.0089,0.079,0.0167,6.6795,1.2904,5.3739,7.2166,7.6175,2.0976,17.9322,48.8633,13.8196,64.9952,3.943,1.1263,1.7554,3.6163,298.58439999999996,6.9917,10.5046,4.391,3.6774,3.712,35.6115,48.0583,4.4905,0.9163,0.8313,1.2511,0.2356,7.4418,11.3274,3.9279,19.5388,10.6208,5.338800000000001,42.0289,6.475,12.5152,14.2235,149.2881,4.862,19.9009,38.6534,396.1139,161.9398,62.8988,494.4505,0.0,430.6383,597.7778,57.2887,1.8732,1.3869,0.2006,6.8937,30.7227,684.6847,41.4986,0.0,10.967505056096945,3.0338,8.0771,0.0898,7.0183,3.5455,2.3502,9.64,73.546,16.23,0.87,7.0941,0.3417,15.604,4.0671,1.1829,0.4895,0.0745,49.5678,11.969999999999999,0.3101,4.532500000000001,0.1249,4.638249999999999,38.05341532073962,530.3073,2.4103,8.05,0.4025,2.6506,0.11,1.518,16.7005,0.0097,1.9432,0.0167,0.0132,79.1086
-1.0,2965.5,2206.1444,2.0607,95.9511,1.5332,0.0097,0.0014,194.8466,9.0383,426.353,0.9796,185.8195,12.4996,1.3932,-3623.3333,-1796.5,1.2732,1.9628,7.2568,74.7778,2.3667,0.1663,84.3441,8.9833,64.7846,66.0907,87.7644,81.19,2.967,351.7882,143.65,738.2735,1.0915,132.9509,628.3891,51.7013,4.59,4.822,2852.0,0.9316,-2.5191,352.4164,10.1775,121.1309,13.3464,22.5191,32.4481,705.8254,141.4955,615.0427,114.4808,0.0178,-0.0238,0.0617,0.0183,-0.0099,-0.0192,0.011,7.4122,0.1334,0.9899,1819.2784,0.2002,8082.57,-0.0591,0.0158,-0.0052,-0.0459,0.4697,0.9353,701.7334,0.9867000000000001,57.5303,0.5931,0.98,6.3525,15.83,3.265,15.84,15.76,1.026,0.5581,3.074,-2.93,0.8145,2.2569,999.8622,105.0,141.2,79.0,51.3,231.8831,0.4256,0.164,0.0551,0.0348,0.0048,8.678,4.47,14.007,0.0046,0.21,0.0739,269.0,1949.0,0.074,0.064,0.213,2.2,0.54,0.6874,0.1686,0.7341,0.3672,0.7515,0.501,0.1913,5.6,25.15,20.598,1.125,23.26,10.05,32.428,65.3,0.087,0.0542,0.0306,0.0349,0.1142,0.0906,0.0788,0.0496,2.8598,0.0553,0.0014,123.1672,0.0283,906.0005,0.0149,0.0134,0.0629,0.0165,110.8393,4.2347,0.0254,0.34,0.053,3.7313,29.2712,43.1925,24.2383,0.1449,1.5889,0.0604,1.3045,0.0561,0.0277,131.137,186.2624,541.8084,857.9512,0.0314,0.0266,0.0898,0.687,0.0371,0.1547,0.2857,0.073,0.0729,5.7958,0.1538,9.9891,0.0626,1.8969,7.2577,6.521,0.3076,2.7166,3.0617,10.0091,20.0682,0.0234,0.0244,0.0148,0.0143,0.033,0.0423,0.0418,0.022,0.8992,0.0181,0.0005,51.0207,0.0085,336.9517,0.0183,0.0053,38.4853,1.3365,0.01,0.1064,0.0167,6.6795,1.2904,4.8256,4.7614,3.1597,2.3253,12.354,20.6523,10.6967,49.4564,3.2853,0.4739,1.6801,5.3073,26.6881,108.4887,5.8119,3.2607,2.9352,2.9421,71.831,73.3467,15.5257,0.815,1.8773,1.1331,0.2207,4.6278,9.4675,4.3472,17.5249,4.2121,4.0023,39.8404,6.3004,11.0537,16.8826,174.2795,4.5943,28.2879,57.0401,489.2794,0.0,56.5182,624.4703,915.1515,409.883,450.9091,38.5828,1.3491,2.3206,0.1373,6.7701,14.1291,0.0,36.404,0.0,13.398,1.7604,15.7951,0.25379999999999997,7.3609,5.3528,2.3502,9.64,71.514,19.16,0.82,7.9109,0.3703,57.6127,4.7547,1.1466,0.3683,0.0661,38.756,7.77,0.1944,3.0064,0.0831,3.1271,22.3391,533.3073,2.349,10.19,0.3099,3.577,0.0994,1.9107,13.1943,0.0163,3.2443,0.0167,0.0132,79.1086
-1.0,2957.7,2226.3111,1.2295,92.6178,1.3561,0.0045,-0.0011,201.0821,7.0269,407.0773,0.9761,191.82,12.3543,1.4001,-3021.25,-2237.75,1.3137,2.0038,7.2575,63.4444,2.2889,0.214,84.0397,9.1287,64.215,66.921,86.8827,78.52,2.666,352.6055,133.8473,725.5253,1.3562,141.6273,628.08,232.8283,4.6,4.871,2842.0,0.9346,-0.9,351.2527,10.3955,112.9473,15.0655,20.9,27.5479,697.9774,148.8145,613.0145,94.8459,0.0332,-0.033,0.0697,-0.0016,-0.0017,-0.0049,0.0488,6.4608,0.13,0.9641,1858.9403,0.1638,8859.8901,0.0292,0.0065,-0.011,0.0648,0.4570939016020825,0.9578,763.4498,0.9867000000000001,57.5947,0.5977,0.9632,6.4522,15.75,5.904,15.74,15.71,1.772,0.873,2.85,-2.9329,0.5482,2.2596,998.767,136.0,105.8,66.8,46.7002,403.8611,0.6008,0.1267,0.0991,0.0523,0.0203,9.3048,3.027,15.062,0.011,0.8700000000000001,0.0365,383.0,5221.0,0.179,0.085,0.311,1.2,0.478,0.686,0.0089,0.5708,0.3275,0.7906,0.509,0.1444,10.8,16.62,55.546,0.296,15.0,5.12,30.726,61.233,0.0688,0.0562,0.0444,0.0348,0.0562,0.0728,0.088,0.0366,4.5214,0.074,0.0122,123.4944,0.0553,1291.6001,0.0132,0.0133,0.051108490361835734,0.0175,112.2292,4.7252,0.0299,0.2814,0.0677,3.7795,35.619,33.3282,22.6361,0.1965,1.9845,0.0408,0.8802,0.2202,0.0125,175.923,210.3037,3154.9415,2509.6767,0.0765,0.0412,0.1443,0.4187,0.0491,0.1535,0.2598,0.0034,0.119,5.391,0.1564,9.2422,0.0461,3.0871,5.1344,15.0049,0.0886,1.5201,1.4833,9.8986,21.496,0.0183,0.0242,0.0184,0.0145,0.0142,0.0353,0.0476,0.0177,1.4454,0.0227,0.0046,49.1998,0.0151,499.0194,0.01194922647786879,0.005,44.3851,1.4091,0.01,0.1009,0.0221,4.9378,1.266,5.7517,3.5771,2.6618,2.0976,17.9322,48.8633,9.343,43.0773,3.7,1.1287,6.94175,2.6091,225.1717,233.3147,13.6251,4.242,4.2852,1.8914,52.4272,82.243,14.0167,0.8163,0.0974,0.8889,0.1964,4.9177,3.9672,4.4139,10.6493,7.6257,2.6462,23.8571,6.1318,2.8474,5.0377,99.5655,4.4022,8.0225,64.5605,207.2289,464.4628,49.9104,0.0,0.0,0.0,74.9616,69.9821,2.3844,3.0692,1.266,6.6433,33.7975,0.0,70.7965,0.0,11.30939416964953,1.8288,14.7003,0.25379999999999997,8.2042,4.3608,2.9948,10.2238,73.546,16.23,0.87,7.0941,0.3417,15.604,4.0671,1.1829,0.1593,0.0457,15.9183,6.586313479489026,0.14451407680815773,2.613001285496832,0.06068291583611951,2.485776680573851,21.34385646978,533.4773,2.2113,7.28,0.4502,2.2773,0.1271,1.3646,20.3592,0.0092,1.8253,0.0167,0.0132,79.1086
-1.0,2992.4,2223.9,1.9974,96.7567,1.5519,-0.0273,0.0063,198.6692,7.5124,401.1307,0.9727,189.1963,12.5535,1.4028,-3227.5,-2065.75,1.2625,1.9823,7.296,66.4333,2.5,0.1993,84.1975,8.7548,64.5815,66.371,86.2183,63.93999999999998,5.041,350.3209,129.0382,719.1848,1.3939,143.3136,622.6727,203.104,4.602,4.836,2837.0,0.9356,2.23,348.2555,10.5259,111.2682,12.9554,17.77,27.4876,691.6972,150.1936,609.7173,130.7947,0.0414,-0.0325,0.0775,-0.006,0.0097,-0.0189,0.0477,7.8407,0.1236,0.9678,1814.2267,0.2032,8838.58,-0.0665,-0.0242,-0.0256,0.043,0.4604089122997683,0.9475,757.0752,0.9903,59.6298,0.5892,0.9803,6.1835,15.74,5.675,15.79,15.65,1.735,0.8757,3.06,-2.9329,0.6304,2.2445,1001.1729,89.0,154.3,110.7,41.0,320.3359,0.5512,0.083,0.0516,0.0488,0.007,3.576,6.09,9.378,0.0082,0.24,0.0506,605.0,3505.0,0.103,0.083,0.105,2.9,0.355,0.6697,0.1145,0.5289,0.2086,0.8093,0.242,0.1409,3.42,19.03,41.523,0.164,20.2,2.89,26.485,137.387,0.0755,0.0372,0.0342,0.0213,0.0906,0.0624,0.0859,0.0812,2.4992,0.0765,0.006,148.0981,0.0503,665.5,0.0162,0.0133,0.0570046089550017,0.023,67.9352,3.9224,0.0261,0.2587,0.0583,2.332,26.9028,48.5581,39.0609,0.1959,2.2149,0.0292,1.9268,0.0635,0.0201,267.8387,40.186,177.9035,1581.3288,0.0492,0.0363,0.0488,0.8337,0.0457,0.1093,0.2426,0.0562,0.1131,5.353,0.0779,8.1589,0.0445,1.1935,5.9734,11.9903,0.0564,0.8427,1.1999,8.6422,40.7879,0.0192,0.018,0.0141,0.0093,0.0279,0.0316,0.0435,0.0358,0.9849,0.025,0.0019,45.7552,0.0142,231.6555,0.0124807948953367,0.0068,23.6968,1.2522,0.0093,0.0852,0.0199,3.6166,0.6244,3.9125,5.1564,4.2728,1.8436,18.3534,27.5945,5.3483,81.0664,2.3379,0.8443,1.9118,3.6057,12.9512,169.672,8.1584,4.1872,1.4391,4.3653,44.0,79.2642,10.2502,0.7954,1.3082,0.819,0.2855,4.7528,3.4873,3.5337,10.1066,2.3864,3.0562,20.4442,5.6546,1.5581,5.3834,155.9192,3.829,10.8415,105.0402,182.2571,221.4286,27.4839,0.0,641.6452,454.4974,170.1414,31.8747,4.6133,3.1656,0.6212,8.1632,24.7258,602.8329,55.4572,0.0,12.653008576174038,2.429,8.9734,0.1236,6.5779,4.1834,2.5971,5.9534,74.562,12.39,1.36,5.1475,0.5349,43.8018,3.0712,1.824,0.3884,0.0703,40.721,5.76,0.3167,2.5095,0.1186,2.3003,38.05341532073962,531.1982,2.2418,10.63,0.2428,3.6826,0.0616,2.0011,10.8309,0.0151,3.0039,0.0167,0.0132,79.1086
-1.0,2933.15,2218.6223,1.901,99.6067,1.5314,-0.0241,-0.0076,196.8306,10.486,415.2054,0.971,186.9806,12.3543,1.4382,-3525.0,189.75,1.261,2.011,7.286,67.1111,3.0222,0.2357,84.7907,8.9191,64.4096,66.3044,86.3671,79.82,2.955,349.6782,135.8791,720.9205,0.9765,136.3282,621.8855,141.4931,4.534,4.746,2847.0,0.9311,-1.0909,346.6464,10.373,114.7882,10.4737,21.0909,26.7205,694.2001,149.9773,611.4118,99.0449,-0.0016,-0.0477,0.0861,-0.0107,-0.0132,-0.0149,0.0406,8.5248,0.1293,0.9903,1836.8454,0.205,8724.5799,-0.0295,-0.0781,0.0237,0.0148,0.47798094894273857,0.9594,759.9356,0.9911,58.0356,0.5967,0.9816,6.2094,15.75,5.904,15.74,15.71,1.772,0.873,2.85,-2.9329,0.5482,2.2596,998.767,79.0,109.5,133.8,42.3,405.3319,1.013,0.1351,0.0654,0.0347,0.024,7.9748,9.25,5.651,0.0118,0.8700000000000001,0.0997,575.0,1463.0,0.184,0.124,0.273,4.3,0.322,0.7512,0.1471,0.5818,0.3179,0.9534,0.768,0.0883,8.43,16.13,26.932,0.327,12.5,6.17,28.246,58.142,0.054,0.057,0.0345,0.0129,0.0868,0.085,0.0907,0.0616,1.9794,0.0762,0.0011,81.332,0.0335,1534.3994,0.0113,0.0231,0.06887490200688035,0.025,161.4998,2.446,0.0155,0.387,0.0677,3.7795,22.8795,35.6053,41.4335,0.36060000000000003,1.4761,0.0486,3.1532,0.2202,0.0328,240.439,229.529,588.5304,641.6824,0.0779,0.071,0.1165,1.5145,0.0368,0.1116,0.2677,0.0564,0.0738,6.9877,0.2539,7.0844,0.0275,1.9836,5.0533,8.3671,0.0946,2.1752,2.6889,8.8778,18.0556,0.0177,0.0247,0.0156,0.0062,0.0263,0.044,0.0466,0.0252,0.7794,0.0261,0.0004,26.6862,0.0113,463.6469,0.012889469256639923,0.0079,48.6906,0.6925,0.0053,0.1302,0.0221,4.9378,1.266,3.5444,3.7332,5.3568,1.9066,28.6117,53.2867,8.8217,88.2129,1.361,1.2194,6.94175,6.9332,38.1277,771.0145,14.5916,6.1661,3.7469,6.4073,36.3971,51.768,9.4391,0.8859,1.649,0.9033,0.3075,6.0456,6.2556,3.5226,9.0424,6.1836,2.5937,19.0341,4.496,3.1524,5.4535,119.3466,4.0689,10.8863,58.7027,0.0,146.0602,14.9782,810.7414,642.7221,607.7052,151.5375,23.219,1.6638,3.0391,0.1152,4.4278,16.3437,903.6675,100.0,609.5238,12.483177020350041,2.6099,21.2518,0.0552,4.2146,6.2327,2.9948,10.2238,73.218,14.89,0.98,6.9431,0.3811,19.6611,3.7161,1.3385,0.364,0.089,35.5082,4.98,0.0877,2.0902,0.0382,1.8844,15.4662,529.8718,1.9408,6.33,0.357,2.1429,0.1083,1.1946,18.3953,0.0095,1.8965,0.0167,0.0132,79.1086
-1.0,3099.58,2153.9778,1.3522,100.9367,1.4823,-0.0012,0.0233,196.7235,10.8615,423.5282,0.9835,187.0094,12.5967,1.4144,-3983.0,-3468.75,1.2777,1.9922,7.245,72.3222,2.0889,0.1611,84.6998,9.4336,64.1172,66.3004,87.4694,63.93999999999998,5.041,348.1764,139.9691,726.1007,0.9421,135.5555,623.7009,148.5428,4.534,4.746,2847.0,0.9311,-6.0845,347.3864,10.4286,113.8845,13.6627,26.0845,33.8834,692.2174,148.7673,610.0382,107.5415,0.0291,0.0725,0.0941,-0.0082,-0.0004,-0.0521,0.0255,8.1524,0.1357,0.9905,1649.7054,0.1977,8708.7101,0.0406,0.0037,0.1164,0.0991,0.4719495639990734,0.9379,681.0648,0.9911,59.6397,0.5924,0.9806,6.3606,15.72,5.985,15.76,15.72,2.0801999999999996,0.8843,3.141,-2.9329,0.5793,2.2634,995.0729,119.0,159.7,73.5,56.7,437.938,0.1451,0.23175000000000004,0.0475,0.0421,0.0057,8.6278,3.629,13.058,0.0043,0.27,0.0724,1027.0,7405.0,0.1,0.104,0.18,3.5,0.264,0.9845,0.1381,0.6945,0.3139,1.0658,0.663,0.0672,6.32,17.3,20.057,0.167,19.29,5.58,26.135,62.588,0.0729,0.0513,0.0936,0.1404,0.102,0.0845,0.0554,0.1008,3.0339,0.065,0.0016,230.8904,0.0257,1020.3003,0.0214,0.0196,0.04109045672957601,0.0442,188.5529,3.4718,0.0493,0.3809,0.0619,2.6955,29.5241,46.381,27.0936,0.0522,1.7397,0.08085,1.0504,0.0615,0.0269,432.5082,195.4874,1556.8123,3065.3204,0.0477,0.045,0.0753,1.1945,0.0533,0.1007,0.3862,0.0545,0.0497,6.6364,0.2444,7.3425,0.0208,1.963,5.716,6.9078,0.054,1.6948,1.9384,8.3768,20.9846,0.0198,0.0225,0.0396,0.0645,0.0291,0.0424,0.0238,0.0414,0.9521,0.02,0.0005,69.7034,0.0098,291.2632,0.012012245890914333,0.0169,53.9243,0.9404,0.0147,0.1221,0.0192,7.1611,0.874,5.47,5.1523,3.0651,2.6323,36.7182,10.7294,16.1177,33.4114,3.0831,0.4397,2.1434,5.1216,93.1208,213.4775,7.8263,5.2202,2.4845,4.8395,76.5957,91.2414,8.0772,1.1623,1.4639,1.0832,0.1828,6.0257,5.3512,3.5305,7.1346,4.6623,2.7738,13.5025,4.496,1.6014,7.1739,141.1872,3.7755,11.6269,58.199,250.677,116.3265,149.1237,0.0,0.0,106.232,394.5205,37.2155,2.2848,2.7151,0.1604,13.108349999999998,13.002,295.2919,65.557,0.0,12.238249679564518,4.7077,27.685,0.0889,5.8212,5.9887,2.733,7.0388,73.218,14.89,0.98,6.9431,0.3811,19.6611,3.7161,1.3385,0.3472,0.0623,35.9702,4.98,0.0877,2.0902,0.0382,1.8844,15.4662,531.0518,1.8932,6.8,0.2571,2.4258,0.0756,1.2805,13.5789,0.0164,3.2639,0.0167,0.0132,79.1086
-1.0,2990.68,2172.3111,1.2955,101.3556,1.4616,0.0106,-0.0046,201.0862,8.3683,420.1167,0.9843,190.6899,12.539,1.397,-2573.25,1500.0,0.9808,1.8887,5.1252,64.1778,3.1444,0.2148,84.0397,9.1287,64.215,66.921,86.8827,78.52,2.666,352.1027,132.35,723.5518,1.3303,139.1145,623.5673,199.8333,4.596,4.835,2832.0,0.9366,0.4382,350.7445,10.4477,112.7882,17.9737,19.5618,29.9623,693.5896,142.0609,605.5936,127.9352,0.0094,-0.0093,-0.0208,-0.0041,-0.0209,-0.024,0.0993,7.3467,0.1382,0.9883,1838.2757,0.153,8639.11,-0.0732,-0.0298,0.17079999999999998,-0.0746,0.4435257807953358,0.9318,752.088,0.9908,58.6096,0.5862,0.9802,6.2074,15.83,3.265,15.84,15.76,1.026,0.5581,3.074,-2.93,0.8145,2.2569,999.8622,117.0,204.8,185.8,58.5,379.287,0.1556,0.1305,0.0506,0.0462,0.0221,9.3212,2.762,12.646,0.0043,0.28,0.0748,425.0,82.0,0.092,0.067,0.117,2.2,0.107,0.686,0.0089,0.5708,0.3275,0.7906,0.409,0.1238,5.47,17.83,57.749,0.524,20.2,4.25,30.526,65.921,0.0553,0.0567,0.0231,0.0657,0.0609,0.0569,0.0903,0.0133,3.4793,0.0319,0.002,126.7246,0.0449,588.8994,0.0369,0.0321,0.04720203764025782,0.0074,51.663,3.9473,0.035,0.2206,0.053,3.7313,30.6949,70.1553,61.1394,0.0507,1.8307,0.0394,0.9335,0.0687,0.0297,197.8838,340.7458,2784.0041,38.4534,0.041,0.0312,0.0524,0.661,0.0144,0.0334,0.2598,0.0034,0.119,5.0402,0.1564,8.3607,0.035,1.4412,5.1854,19.4811,0.1851,1.3292,1.4685,9.4091,22.3498,0.0168,0.0275,0.011,0.0465,0.0164,0.0289,0.0419,0.0094,1.2515,0.0099,0.0007,46.5161,0.0126,163.2599,0.012902942912817648,0.0028,16.3963,1.1309,0.0118,0.0835,0.0167,6.6795,1.2904,5.2356,6.8479,7.5842,2.693,31.5406,12.0092,8.9283,33.0056,3.0101,0.4345,2.233,5.3566,251.3164,5.4667,9.3806,3.5473,2.2828,3.428,38.1625,20.0207,2.2888,0.8163,0.0974,0.8889,0.1964,4.547,3.9441,3.6202,9.3043,3.932,2.8594,28.8986,5.242,5.0154,5.8073,112.3867,4.4012,13.4201,51.5269,588.2979,172.6027,316.6265,0.0,272.9017,375.8585,13.387,47.3582,3.0386,1.3349,0.2006,6.8937,29.3623,278.9788,18.7755,0.0,10.470581532115842,0.7985,6.8693,0.1226,6.7349,3.5542,2.3502,9.64,73.546,16.23,0.87,7.0941,0.3417,15.604,4.0671,1.1829,0.1593,0.0457,15.9183,6.38091598432626,0.13544961935547692,2.55044038176821,0.054601745305825164,2.431277284757394,20.03187145270223,530.9809,2.3259,9.94,0.2182,3.2617,0.0779,1.872,9.3821,0.0127,2.5443,0.0167,0.0132,79.1086
-1.0,3061.73,2153.9778,1.3522,100.9367,1.5714,-0.0073,0.017,195.4061,9.6805,414.7777,0.9735,185.7023,12.5412,1.4165,-4345.75,-5400.5,1.2668,2.0035,7.4232,69.1,2.6444,0.1994,84.3947,8.897,64.5666,66.2412,87.0027,66.9367780293386,3.4750851588603555,355.1373,138.6764,736.4622,1.2957,140.2382,634.0518,228.8522,4.588,4.82,2857.0,0.9299,2.6227,353.4673,10.3245,121.2991,9.9496,17.3773,23.9811,712.4811,151.7827,626.5491,119.2768,-0.0087,0.0614,-0.0117,-0.0126,0.0072,-0.0008,0.0995,6.7132,0.1411,0.991,1823.7245,0.1701,9055.2,0.1175,0.053,0.04,0.1192,0.4482068257443993,0.9589,772.7066,0.9912,58.0099,0.5934,0.9657,6.3061,15.72,5.985,15.76,15.72,2.0801999999999996,0.8843,3.141,-2.9329,0.5793,2.2634,995.0729,119.0,137.0,115.2,56.7,437.938,0.1451,0.23175000000000004,0.0432,0.0328,0.0147,9.1982,4.758,8.759,0.0111,0.31,0.0354,637.0,8161.0,0.151,0.103,0.288,3.4,0.463,0.3954,0.0786,0.7288,0.328,0.7456,0.841,0.0949,10.02,22.57,55.975,0.358,12.86,4.52,37.256,113.194,0.0899,0.0763,0.057,0.0279,0.0825,0.0957,0.083,0.0328,3.7389,0.0603,0.0006,86.3717,0.0552,642.7998,0.0204,0.0153,0.04352272957005637,0.0089,87.2628,2.2763,0.0222,0.295,0.0619,2.6955,29.5241,48.9488,37.4447,0.0522,1.7397,0.08085,1.7404,0.0731,0.0109,315.3675,184.35,4828.124,3375.2679,0.0697,0.0443,0.1202,0.9975,0.0486,0.1451,0.1542,0.0341,0.057,6.7165,0.2671,10.2268,0.03,3.1501,6.6612,18.1325,0.106,1.3254,2.3042,11.158,34.3049,0.0294,0.0332,0.0241,0.0135,0.0251,0.051,0.0437,0.0138,1.2756,0.0196,0.0002,30.5635,0.0194,221.6386,0.01340990466371277,0.0032,26.618,0.6459,0.0072,0.0897,0.0192,7.1611,0.874,5.47,4.4746,4.6759,2.6323,36.7182,10.7294,16.1177,49.1501,2.1117,1.1355,2.4718,2.502,242.6509,151.1156,11.9203,5.141,3.8797,4.9204,71.8487,75.7103,13.1988,0.4685,0.8831,1.1288,0.6795,5.8428,9.6123,4.6089,7.3278,7.145,3.5596,24.459,5.5986,3.4675,9.5796,129.2518,5.229,9.8797,94.9003,0.0,144.9193,238.4615,656.0636,0.0,0.0,32.9565,55.695,1.8425,2.5117,0.0643,4.736,32.4307,249.2872,38.5542,280.7018,11.598298944651273,0.9266,11.2931,0.0451,3.924,4.6786,2.733,7.0388,73.5,15.91,1.0,7.1614,0.3767,21.344,3.979,1.3605,0.3472,0.0623,35.9702,4.98,0.0877,2.0902,0.0382,1.8844,15.4662,524.2318,2.0104,15.390000000000002,0.6164999999999999,5.3345,0.18730000000000002,2.8874999999999993,28.50255,0.0132,2.6206,0.0167,0.0132,79.1086
-1.0,3053.34,2211.6,1.447,94.2089,1.5416,-0.0257,0.0041,197.7977,6.4489,404.1266,0.9769,188.0239,12.3543,1.4111,-3717.25,-104.25,1.277,1.98,7.1467,68.6667,2.7333,0.2094,84.7907,8.9191,64.4096,66.3044,86.3671,79.82,2.955,350.3282,140.4845,734.0112,1.3131,141.2118,632.0245,197.0553,4.578,4.829,2849.0,0.9325,-6.3391,351.5055,10.4087,114.1455,14.1363,26.3391,34.2074,699.8037,152.2373,617.8882,109.5388,-0.008,-0.0131,0.0747,-0.0026,0.0006,-0.0036,0.0343,7.519,0.1289,0.9894,1797.3158,0.2021,9229.05,-0.0401,-0.0279,0.1088,-0.125,0.4695,0.9419,783.4841,0.9907,58.3058,0.5959,0.9662,6.2962,15.72,5.985,15.76,15.72,2.0801999999999996,0.8843,3.141,-2.9329,0.5793,2.2634,995.0729,120.0,191.8,168.0,53.3,572.797,0.2393,0.1221,0.0558,0.0296,0.0129,6.9641,3.821,17.99,0.0109,0.8700000000000001,0.0582,217.0,1133.0,0.153,0.113,0.346,3.5,0.302,0.7512,0.1471,0.5818,0.3179,0.9534,0.43,0.1561,4.42,19.9,68.857,0.544,21.37,7.59,29.993,60.767,0.0661,0.0563,0.0445,0.0525,0.0484,0.0774,0.0908,0.028,3.2162,0.0311,0.002,176.512,0.0682,797.7998,0.0185,0.024,0.0551,0.0285,106.9952,4.0882,0.0267,0.2688,0.0619,2.6955,30.5982,62.4465,50.7376,0.0796,1.4799,0.0386,1.0394,0.2202,0.0219,89.9495,86.6886,372.5564,502.5252,0.0667,0.0489,0.1509,1.1969,0.0385,0.1019,0.2677,0.0564,0.0738,5.3239,0.1225,9.4127,0.0444,1.5216,5.716,19.7727,0.1468,2.2993,2.9234,10.3072,18.9791,0.0158,0.0277,0.0214,0.0215,0.014,0.0324,0.0521,0.0129,0.9439,0.011,0.0006,56.3075,0.0197,254.8895,0.0144,0.011,32.3384,1.1377,0.0103,0.1017,0.0192,7.1611,0.874,5.5371,6.2816,7.1391,2.41,26.99,16.5372,7.9203,59.2503,4.4516,1.1199,6.94175,4.123,23.9962,0.0,11.9812,5.7071,4.8414,5.0971,65.8537,62.5464,8.876,0.8859,1.649,0.9033,0.3075,5.0182,9.6025,4.2122,11.8884,3.13,3.1486,34.943,6.7031,5.2264,7.1926,151.1707,4.2859,17.0341,55.4753,825.605,271.3253,70.2811,0.0,0.0,0.0,81.7518,42.7746,2.0946,1.2755,0.2034,9.8209,33.7464,0.0,35.3201,0.0,11.7413,3.0227,13.6563,0.1396,7.0117,4.2687,2.733,7.0388,80.516,15.44,1.79,6.98,0.8464,73.184,3.8657,2.2232,0.1406,0.0323,14.9122,4.98,0.0877,2.0902,0.0382,1.8844,15.4662,533.2855,2.0362,6.32,0.2679,2.0635,0.0922,1.1851,13.1553,0.0116,2.3272,0.0167,0.0132,79.1086
-1.0,2972.6,2169.8334,0.8012,101.9733,1.5264,-0.013,-0.0192,202.7461,7.4878,403.7071,0.9743,192.8598,12.5412,1.4311,-3285.5,-2428.0,1.3243,1.983,7.2405,74.9333,2.1667,0.1831,83.9932,9.0639,63.9159,66.2631,86.95,77.68,3.087,350.8755,139.9373,731.8998,0.8649,136.4991,627.3118,125.5266,4.593,4.873,2845.0,0.9317,-2.67,352.8891,10.2222,117.2673,9.4518,22.67,28.709,703.1908,148.8536,619.01,92.3767,-0.0102,0.0399,-0.0059,-0.0147,-0.0467,-0.0563,0.11345000000000001,7.028,0.1284,0.989,1886.3877,0.214,8716.4302,0.1585,-0.0046,0.0404,0.1098,0.45665804869862514,0.9469,652.4482,0.9912,57.9271,0.6008,0.9814,6.2453,15.72,5.985,15.76,15.72,2.0801999999999996,0.8843,3.141,-2.9329,0.5793,2.2634,995.0729,73.0,80.2,92.0,70.2002,311.785,0.167,0.0968,0.0526,0.0333,0.013,8.8076,3.926,15.989,0.0113,0.31,0.0581,381.0,5843.0,0.071,0.05,0.263,5.3,0.559,0.7636,0.239,0.6506,0.3962,1.0212,0.503,0.1086,6.5,18.81,13.846,0.997,18.27,5.04,32.593,78.789,0.0872,0.0453,0.12045,0.0306,0.1262,0.0916,0.0574,0.0521,6.2586,0.0511,0.002,187.9116,0.097,1582.3003,0.0266,0.0236,0.047690221976043445,0.0263,168.8386,2.3328,0.0209,0.3313,0.0619,2.6955,20.8425,26.7832,31.7462,0.0537,1.6184,0.0347,1.1325,0.0731,0.0183,183.8496,52.893,1277.6503,2622.3411,0.0316,0.0221,0.1251,1.4448,0.0399,0.1714,0.3084,0.0984,0.106,5.9385,0.1642,9.1081,0.0342,2.276,6.1785,4.4524,0.3134,1.4601,1.652,10.1955,20.9868,0.0257,0.02,0.055099999999999996,0.014,0.0312,0.049,0.0261,0.0237,2.2923,0.0169,0.0007,67.7753,0.0281,487.2546,0.016037923402282,0.0098,54.2276,0.6665,0.0073,0.0971,0.0192,7.1611,0.874,3.3116,2.698,3.508,3.2353,23.9478,20.8443,6.3416,52.4318,3.9605,1.1634,2.4718,4.0576,87.4144,240.6507,5.3615,2.5214,3.6323,7.073,60.0,68.2646,15.9922,0.9091,2.6368,1.0179,0.2071,4.6569,8.8182,3.9836,12.5584,4.7619,2.9985,11.0303,6.3731,9.7533,12.0153,193.2964,4.635,23.1744,85.291,855.9509,229.9492,523.0769,857.0458,195.9358,101.9991,38.1685,89.0528,2.4924,2.1515,0.2069,9.9615,45.3105,199.2612,56.7164,0.0,12.2419733812365,2.7818,25.8777,0.0436,4.0271,5.3046,2.733,7.0388,73.992,16.38,1.15,7.4862,0.4381,53.5057,4.0823,1.5542,0.364,0.089,35.5082,4.98,0.0877,2.0902,0.0382,1.8844,15.4662,533.9982,1.8821,7.45,0.4584,2.5183,0.133,1.3951,24.3541,0.013,2.5834,0.0167,0.0132,79.1086
-1.0,3083.8,2201.8666,1.3996,99.9211,1.6255,-0.0172,-0.0049,202.3047,3.5445,406.9945,0.9758,193.0141,12.551,1.4146,-2514.5,-4164.5,1.3017,1.97,7.1377,65.2778,2.6,0.2179,83.5902,8.9221,64.5121,66.2022,86.4677,79.04,2.817,350.6036,133.99,723.6134,1.159,137.6918,622.2855,53.8428,4.611,4.869,2836.0,0.9365,-2.3891,351.8045,10.5397,111.6009,13.3819,22.3891,25.6619,697.9514,145.4982,608.9036,45.3058,-0.0109,-0.0161,0.0801,-0.0016,-0.0202,-0.0159,0.0302,7.669,0.1275,0.9891,1784.8978,0.1611,8736.9499,0.0035,0.0009,-0.0278,0.0011,0.4619,0.9428,708.9233,0.9903,59.3319,0.6025,0.9594,6.4101,15.74,5.675,15.79,15.65,1.735,0.8757,3.06,-2.9329,0.6304,2.2445,1001.1729,112.0,163.3,163.6,57.2,450.786,0.0585,0.1042,0.054,0.031,0.0187,8.7751,1.786,8.4,0.0111,0.27,0.0252,539.0,12505.0,0.134,0.136,0.315,3.5,0.247,0.5293,0.1176,0.6505,0.3847,0.8756,0.46,0.1614,8.07,17.47,28.747,0.23,20.6,3.99,32.0891,25.746,0.0852,0.046,0.0215,0.0138,0.0948,0.0876,0.0958,0.0733,3.5927,0.0577,0.0023,143.9138,0.0371,605.2002,0.0069,0.0116,0.0242,0.0211,92.9605,3.903,0.0314,0.1875,0.0583,2.332,30.9697,57.9525,54.043,0.0209,1.7274,0.0334,0.5459,0.0805,0.0079,242.7688,106.6005,2034.6974,5495.4623,0.056,0.0558,0.1423,0.9821,0.0515,0.0942,0.1978,0.0458,0.1177,4.3686,0.1457,9.2808,0.0568,2.5887,5.6959,8.8301,0.066,1.2132,1.9637,10.4893,7.9481,0.0255,0.025,0.0097,0.006,0.0254,0.043,0.049,0.0316,1.3434,0.0191,0.0007,43.0546,0.0103,171.7686,0.0076,0.0081,27.0659,1.3398,0.0115,0.0665,0.0199,3.6166,0.6244,5.1519,5.2954,6.5582,2.5978,38.0269,4.1812,6.4105,50.3886,2.0639,1.1328,2.1512,1.7786,167.3096,300.2761,10.2938,6.9036,4.4132,5.3617,42.3077,76.1856,7.3822,0.6332,1.3177,1.0083,0.2572,4.2298,5.5601,4.1477,13.9252,5.8609,2.8074,53.3906,5.1228,2.1822,5.5914,153.9398,4.5976,15.7488,56.8271,781.2034,141.4297,17.2231,0.0,434.7395,602.5157,242.314,46.8473,3.3725,2.4371,0.2307,8.0629,23.0536,545.8824,45.6641,0.0,5.2465,2.2334,13.1129,0.1168,6.5783,2.9254,2.5971,5.9534,73.546,16.23,0.87,7.0941,0.3417,15.604,4.0671,1.1829,0.1625,0.0345,16.7211,4.98,0.0877,2.0902,0.0382,1.8844,15.4662,531.1982,2.2418,10.63,0.2428,3.6826,0.0616,2.0011,10.8309,0.0147,2.926,0.0352,0.0108,30.6806
-1.0,2994.92,2146.7778,0.9069,84.9267,1.6187,0.0027,0.0077,201.7701,6.883,398.3326,0.9642,191.8623,12.5547,1.4048,-4859.25,-7175.24995,1.285,1.986,7.3507,67.2111,2.3667,0.1747,84.5509,9.6136,64.7472,66.3826,86.9287,63.93999999999998,4.696,351.49,143.7264,737.2514,1.1287,134.9818,630.1982,52.5525,4.574,4.81,2854.0,0.931,-3.9218,352.0709,10.13,119.8045,10.356,23.9218,29.8238,707.4275,150.5127,622.3882,115.236,0.0002,-0.0417,0.0531,0.0125,0.0197,-0.0227,-0.0228,7.6766,0.1299,0.9859,1804.689,0.1767,8833.1898,-0.0414,-0.0605,0.0057,0.0032,0.4636233645590555,0.958,749.7575,0.9907,58.3427,0.5824,0.9804,6.223,15.84,3.431,15.91,15.79,1.035,0.5669,3.107,-2.789,0.7595,2.2527,1002.9643,115.0,139.5,155.4,28.7,603.9341,0.1666,0.186,0.0566,0.0673,0.0189,8.957,4.069,16.223,0.016,0.26,0.0835,278.0,6280.0,0.093,0.037,0.092,2.5,0.609,0.7091,0.1577,0.537,0.3334,0.9018,0.757,0.30280000000000007,9.64,21.77,34.759,1.32,16.18,8.19,34.208,83.13,0.0752,0.0655,0.0375,0.0362,0.0857,0.1344,0.1002,0.0547,3.58,0.0524,0.0031,84.1536,0.072,531.7002,0.0158,0.0136,0.06172735287798595,0.0073,62.7166,4.3065,0.0304,0.2585,0.0473,4.0617,28.7259,46.9609,53.4539,0.0566,1.9487,0.0683,1.1749,0.0648,0.0245,129.4588,150.8178,1066.8316,3168.3902,0.0473,0.0174,0.0437,0.8223,0.0326,0.1686,0.2677,0.0706,0.1,6.8358,0.2431,9.7373,0.088,3.0891,6.8454,11.336,0.338,2.3411,2.6664,11.2701,27.1563,0.0179,0.0301,0.0163,0.0166,0.0211,0.0585,0.0493,0.0302,1.218,0.0173,0.0009,24.6357,0.0222,168.4155,0.009712575504247863,0.0024,21.1443,1.1453,0.0089,0.0869,0.014,7.8651,1.3704,5.1691,4.6579,6.1756,1.3369,16.2565,18.3689,11.4903,59.1167,4.0727,1.6621,2.0709,5.9431,44.4719,82.5519,7.2374,1.863,1.2516,3.7196,50.7042,53.8168,17.9575,0.8387,1.6404,0.8294,0.3891,6.6716,9.8173,4.3326,25.522399999999998,7.1417,3.4545,65.59535,6.5618,13.0306,10.7675,156.2381,4.8355,24.8623,72.1389,0.0,145.7986,68.2054,688.3534,682.2335,440.9241,239.6495,46.6356,2.0009,2.2223,0.3165,4.6631,40.7763,539.9504,31.0148,0.0,13.373256542314415,0.7571,8.3649,0.1584,7.3813,4.1534,2.0989,10.188,73.13,17.89,1.01,8.1509,0.387,61.2598,4.4574,1.3811,0.1625,0.0345,16.7211,4.98,0.0877,2.0902,0.0382,1.8844,15.4662,530.3073,2.4103,8.05,0.4025,2.6506,0.11,1.518,16.7005,0.0136,2.7153,0.0237,0.009,38.0467
-1.0,3026.09,2215.5111,1.215,99.4189,1.4328,0.0054,0.0105,203.2867,9.4695,413.4659,0.9703,193.9943,12.4124,1.4169,-4818.5,-4695.5,1.2993,2.0017,7.2422,68.8111,1.9,0.161,84.5951,8.58,64.4791,66.2596,86.4157,79.04,3.071,352.6609,144.8591,739.9735,1.2515,136.7545,634.2745,206.332,4.598,4.844,2847.0,0.9315,-5.52,353.5609,10.2252,119.3391,16.0845,25.52,31.8429,708.1306,145.29,618.19,129.9215,0.0,-0.0403,0.0897,0.0044,0.0045,-0.0219,0.0174,7.6951,0.136,0.9702,1713.9729,0.2001,8768.41,0.0148,-0.067,0.0157,0.0076,0.4550604328918173,0.9403,756.9412,0.9907,59.0685,0.6022,0.9799,6.2918,15.84,3.431,15.91,15.79,1.035,0.5669,3.107,-2.789,0.7595,2.2527,1002.9643,200.0,104.7,105.3,48.7002,248.683,0.4786,0.1139,0.0605,0.0381,0.0298,7.975,6.689,21.365,0.0168,0.42,0.0297,858.0,4695.0,0.176,0.051,0.161,2.2,0.671,0.5786,0.1744,0.4197,0.389,0.7959,0.695,0.1137,7.68,22.24,64.781,1.106,26.47,7.2,33.696,76.171,0.1046,0.0544,0.046,0.0284,0.092,0.0552,0.1088,0.0468,3.4008,0.0744,0.0051,93.498,0.0342,1289.8999,0.011,0.0125,0.06186162094081493,0.0206,128.8377,4.6204,0.0273,0.3748,0.0473,4.0617,45.32809999999999,35.7517,28.4065,0.1755,1.4077,0.0459,2.3368,0.1198,0.0123,397.4464,90.5796,1310.7943,2132.9001,0.088,0.027,0.0765,0.8373,0.0544,0.2083,0.225,0.0705,0.1465,5.8981,0.2135,9.8383,0.0387,2.176,6.1881,19.2685,0.3006,1.9874,2.1939,10.5677,26.5613,0.033,0.026,0.0204,0.0125,0.0268,0.0266,0.0532,0.022,1.0446,0.0229,0.0015,29.8552,0.0095,413.4626,0.01198054660718723,0.0085,44.5618,1.296,0.0116,0.1155,0.014,7.8651,1.3704,9.053150000000002,3.4599,4.1231,2.1981,12.1944,39.3893,7.9495,70.637,5.1673,1.7271,3.3837,2.0996,59.3753,99.9894,13.5463,2.5478,2.2231,3.1972,105.2632,121.7391,20.5115,0.684,2.0327,0.6509,0.3927,5.9831,9.0916,4.2995,9.0822,5.6159,3.5064,31.3965,6.241,10.8164,15.3177,164.5683,4.7584,22.7746,58.6285,0.0,161.6642,31.6699,0.0,0.0,496.2372,268.5796,44.1951,1.3973,3.0392,0.5248,5.455,17.1026,0.0,52.6523,822.2222,13.357355302261983,2.1863,17.0208,0.1442,7.8221,5.9576,2.0989,10.188,72.464,14.48,1.23,6.7773,0.4986,20.8246,3.5435,1.6974,0.1625,0.0345,16.7211,5.07,0.1451,2.4709,0.0566,1.8548,18.2465,529.5955,2.1619,8.0099,0.1878,2.6198,0.0563,1.5125,8.6853,0.0143,2.8441,0.0171,0.0071,41.6047
-1.0,2994.06,2247.3666,1.3594,104.36,1.4459,0.0172,0.0028,201.8818,7.7389,410.0264,0.9701,192.8584,12.2981,1.4197,-6111.3333,-1132.5,1.2405,1.9968,7.1148,67.5222,2.6444,0.2006,84.7907,8.9191,64.4096,66.3044,86.3671,79.82,2.955,348.5945,133.7118,719.0231,1.3243,143.4409,625.7473,171.6115,4.554,4.799,2845.0,0.932,-0.0636,347.4455,10.3891,113.6482,12.2282,20.0636,26.448,692.5751,152.4255,613.5191,95.9104,-0.0153,0.0006,0.0649,0.004,-0.0083,0.0002,0.0138,7.5996,0.1351,0.9857,1764.1277,0.2289,9575.3898,0.0,0.0,0.0,0.0,0.44666208490274206,0.9298,827.0727,0.9867000000000001,57.6451,0.5905,0.9776,6.216,15.83,3.265,15.84,15.76,1.026,0.5581,3.074,-2.93,0.8145,2.2569,999.8622,123.0,61.5,71.5,71.8,270.163,0.0881,0.0519,0.0632,0.0389,0.0134,10.4251,4.332,22.215,0.0083,0.8700000000000001,0.0422,524.0,2080.0,0.054,0.022,0.106,2.5,0.478,0.7512,0.1471,0.5818,0.3179,0.9534,0.642,0.2494,7.61,16.3,79.803,0.257,11.18,6.52,27.536,47.423,0.0851,0.0547,0.0502,0.0192,0.1118,0.0465,0.0598,0.0584,4.3317,0.0627,0.002,77.1781,0.1254,834.5,0.0154,0.0114,0.05942356022544881,0.017,94.2737,4.2415,0.0206,0.4919,0.053,3.7313,29.4149,22.0995,20.7641,0.0305,2.2984,0.0204,1.2824,0.2202,0.0195,239.4819,78.1793,3641.6678,915.824,0.0257,0.0095,0.0459,0.7293,0.0408,0.1613,0.2677,0.0564,0.0738,6.3318,0.2545,7.5094,0.0607,2.2842,4.369,25.4971,0.074,1.9749,2.4409,8.858,11.7767,0.0253,0.0231,0.0208,0.0088,0.0333,0.0247,0.0279,0.0307,1.3247,0.0188,0.0006,26.8738,0.0374,242.0053,0.013482736716258471,0.006,26.6154,1.3454,0.0076,0.1626,0.0167,6.6795,1.2904,5.7294,2.0541,2.8051,3.1949,25.9837,6.4782,3.5894,55.9769,5.4179,0.8527,6.94175,2.971,106.5561,183.6645,4.3531,1.1018,1.4899,3.7025,41.5966,58.338,14.3038,0.8859,1.649,0.9033,0.3075,6.377,5.7886,3.6577,18.8352,5.3053,2.6049,46.5021,4.801,2.4737,5.4642,91.4282,3.9759,10.1354,49.4451,555.5284,279.4381,29.584,0.0,563.6364,0.0,424.7273,56.9992,1.1846,2.5879,0.1982,4.3749,63.31987047269746,228.2854,55.9242,0.0,12.190317349732238,1.8243,11.3985,0.25379999999999997,7.358,7.9137,2.3502,9.64,73.5,15.91,1.0,7.1614,0.3767,21.344,3.979,1.3605,0.364,0.089,35.5082,5.53,0.3378481311764915,2.5447,0.1352392452747727,2.16,38.05341532073962,529.8718,1.9408,6.33,0.357,2.1429,0.1083,1.1946,18.3953,0.0137,2.7619,0.0171,0.0071,41.6047
-1.0,2978.33,2203.4445,1.2616,101.1833,1.3376,0.0201,-0.005,198.1949,6.8415,403.2541,0.9778,188.2996,12.3578,1.3774,-2536.0,-463.0,1.3108,1.9828,7.2603,71.5889,2.1778,0.1681,83.4448,8.5571,64.7149,66.145,87.2353,78.29,2.791,352.6009,133.3655,726.2898,1.3654,145.98,631.9464,252.1687,4.604,4.881,2843.0,0.9349,-1.5991,350.9036,10.5968,111.7664,17.0137,21.5991,29.1572,697.1326,152.2627,614.9327,138.1554,-0.0067,-0.0214,0.0557,-0.0001,-0.0061,-0.0346,0.0144,7.4881,0.1317,0.9673,1838.7849,0.1913,8621.8999,-0.0588,0.0279,0.0778,0.0901,0.4426963422839547,0.9634,753.1683,0.9904,59.3038,0.6001,0.9657,6.3184,15.83,3.265,15.84,15.76,1.026,0.5581,3.074,-2.93,0.8145,2.2569,999.8622,109.0,114.6,53.7,50.5,261.7271,0.3166,0.0553,0.0472,0.0473,0.0145,7.0245,5.165,9.782,0.0098,0.33,0.0624,920.0,2083.0,0.189,0.083,0.204,2.6,0.526,0.5868,0.1125,0.5322,0.2945,0.8078,0.469,0.0894,9.29,12.81,90.735,0.319,21.41,7.48,37.161,112.314,0.0834,0.055,0.0289,0.0265,0.0866,0.0556,0.0716,0.0458,3.5007,0.0349,0.0098,95.04,0.0424,540.0,0.013,0.0142,0.05383048418760228,0.0055,58.6137,3.9586,0.0197,0.551,0.053,3.7313,28.8872,36.8796,18.9513,0.1041,1.156,0.0215,1.3917,0.0909,0.0239,393.0627,209.0732,665.6516,991.1323,0.0809,0.0361,0.0928,0.7801,0.0466,0.1585,0.2421,0.0491,0.0908,4.8858,0.1561,8.5953,0.0309,2.8934,4.0616,26.7416,0.0961,2.2465,3.4621,11.3166,32.4593,0.0257,0.023,0.0123,0.0113,0.0267,0.0292,0.0376,0.0203,1.056,0.0139,0.0035,32.2627,0.0141,165.7882,0.015587507103971582,0.0018,20.3765,1.3473,0.0067,0.1803,0.0167,6.6795,1.2904,5.0041,3.8478,2.2324,2.2919,13.6618,25.0931,4.1343,75.4946,2.4258,1.0049,2.6704,4.534,47.4763,449.892,14.4192,4.1861,2.8098,3.6318,68.8776,86.2525,15.4117,0.7032,1.3151,0.8224,0.1838,4.0017,4.4464,3.7205,6.55,6.3639,2.0271,35.9819,5.341,3.0103,7.7573,125.84,5.3306,11.3087,81.2954,0.0,175.5786,47.555,0.0,911.4754,206.9364,318.0556,46.7499,1.6709,1.4469,1.01,5.1686,22.1825,579.5918,72.0801,0.0,12.000661098634588,0.5712,7.7823,0.1204,6.6751,8.7207,2.3502,9.64,73.546,16.23,0.87,7.0941,0.3417,15.604,4.0671,1.1829,0.364,0.089,35.5082,4.98,0.0877,2.0902,0.0382,1.8844,15.4662,532.8227,2.3242,11.76,0.2441,4.0477,0.0697,2.2071,10.5023,0.0075,1.5017,0.0121,0.0139,114.4153
-1.0,3044.47,2192.5556,1.3766,96.14,1.3601,0.0031,-0.008,197.7423,8.0655,414.4647,0.9777,189.0019,12.5547,1.3933,-4207.5,-4815.25,1.2915,1.9985,7.379,69.0889,2.3667,0.1734,86.4883,8.6544,65.0056,66.2357,86.33,80.67,2.584,351.3536,140.05,733.9456,1.326,141.4418,632.8455,204.8903,4.598,4.844,2847.0,0.9315,-2.2191,353.1191,10.2811,117.8309,15.7345,22.2191,28.3474,705.5982,148.1118,619.0618,106.9155,-0.0229,-0.0152,-0.0005,0.0007,-0.0143,-0.034,0.0292,7.3378,0.1356,0.9881,1874.9192,0.2255,8867.5701,-0.0184,0.0167,0.044,0.0511,0.43799562033744466,0.9432,784.9493,0.9904,59.3901,0.6018,0.9808,6.3177,15.84,3.431,15.91,15.79,1.035,0.5669,3.107,-2.789,0.7595,2.2527,1002.9643,109.0,147.8,87.4,46.8,555.8311,0.5611,0.0976,0.0699,0.0375,0.0095,6.502,3.788,23.426,0.0079,0.26,0.0666,739.0,10353.0,0.093,0.152,0.171,2.3,0.327,0.5744,0.2043,0.3145,0.2238,0.8116,0.469,0.1679,6.93,20.3,70.467,0.762,16.86,9.2,34.868,64.927,0.1207,0.0379,0.0271,0.0436,0.0975,0.0548,0.0656,0.0785,5.8768,0.0646,0.013699999999999999,146.0502,0.1254,1090.7002,0.0117,0.014,0.05203580127761509,0.0254,124.4313,3.9403,0.0237,0.3041,0.0473,4.0617,28.8872,51.6945,34.0911,0.1811,1.0089,0.0307,1.1354,0.0648,0.0231,304.5985,111.5717,1291.3477,4996.8402,0.0412,0.0663,0.0807,0.7928,0.0708,0.1081,0.2051,0.084,0.0646,5.0736,0.1241,9.1416,0.0563,1.9891,6.4304,20.8585,0.2283,3.0254,4.0652,11.8484,24.8799,0.0331,0.0193,0.0116,0.0219,0.0282,0.0298,0.0365,0.0397,1.922,0.0205,0.0046,49.523,0.0374,402.1917,0.012637067280766544,0.0092,43.2946,1.3211,0.0091,0.098,0.014,7.8651,1.3704,5.0041,4.8547,3.7007,2.1345,29.1232,40.7632,7.1758,46.9657,5.6521,0.8104,2.0709,4.7779,65.7873,215.0044,7.2009,7.6057,2.3174,3.329,71.831,134.337,10.016,0.6641,2.3603,0.4338000000000002,0.3039,4.3147,8.8968,4.1246,12.6586,4.8995,3.2077,34.3926,6.241,7.4117,10.6763,107.1531,4.9416,24.766,60.7274,526.643,79.5801,0.0,0.0,384.5614,192.9412,268.6056,80.0897,0.8852,2.7017,1.3944999999999999,7.7897,63.31987047269746,390.925,20.3144,0.0,12.17601233380637,2.6946,15.8521,0.1151,6.6346,4.8128,2.0989,10.188,74.256,17.63,0.76,7.8365,0.303,18.0573,4.3536,1.0235,0.364,0.089,35.5082,6.97,0.3061,2.9404,0.1265,2.587,38.05341532073962,529.5955,2.1619,8.0099,0.1878,2.6198,0.0563,1.5125,8.6853,0.012,2.4255,0.0121,0.0139,114.4153
-1.0,2975.13,2194.9555,1.2476,102.2822,1.4465,0.0091,-0.0017,198.9339,13.0655,407.9364,0.9754,189.0851,12.4912,1.4197,-4314.5,-130.5,1.3125,1.9923,7.2432,72.1111,2.5778,0.1926,83.9932,9.0639,63.9159,66.2631,86.95,77.68,3.087,348.9518,136.1218,722.1566,0.9853,138.5091,623.5827,148.6147,4.534,4.746,2847.0,0.9311,2.9864,348.95,10.2043,119.1082,6.79,17.0136,22.8144,699.3423,148.7345,616.7927,122.9285,0.0006,-0.0083,-0.0006,0.0058,-0.0343,-0.0107,0.0184,6.532,0.13,0.9902,1809.0216,0.1989,8218.99,0.0396,0.0298,0.0381,0.2141,0.479365763622733,0.941,637.1466,0.991,58.346,0.5893,0.9791,6.3142,15.76,3.082,15.79,15.7,0.9838,0.4949,3.017,0.0,0.8253,2.2864,1001.4682,136.0,93.3,56.9,67.0999,373.947,0.3426,0.1162,0.0534,0.0281,0.0125,5.5069,11.557,11.291,0.0109,0.31,0.0448,913.0,1176.0,0.074,0.029,0.319,5.4,0.615,0.7636,0.239,0.6506,0.3962,1.0212,0.73,0.0605,5.79,14.72,28.234,0.539,11.96,4.18,25.404,67.973,0.0829,0.0514,0.0436,0.0551,0.0935,0.0235,0.0896,0.1403,4.7684,0.0384,0.0009,141.0291,0.0259,1117.1001,0.0253,0.0177,0.03858944761684077,0.052199999999999996,118.3458,4.322,0.0265,0.4647,0.0609,4.1716,35.619,31.4006,22.2877,0.0955,2.2477,0.0365,3.9764,0.0913,0.0127,419.9798,100.4071,2276.2651,522.0712,0.0309,0.0125,0.1464,1.7003,0.0301,0.1964,0.3084,0.0984,0.106,7.5929,0.2625,6.5645,0.0217,1.8993,4.9645,7.8534,0.1436,1.2959,1.6888,7.731,23.5852,0.0266,0.0216,0.0217,0.0259,0.0271,0.0105,0.0502,0.0751,1.7182,0.0121,0.0003,45.5752,0.0085,449.8852,0.015004187078391702,0.018000000000000002,45.691,1.2698,0.0077,0.1544,0.0182,6.3102,1.6901,5.7517,3.136,2.2249,3.057,33.7429,27.4614,8.0335,88.4546,2.7678,1.1198,2.4817,3.1583,121.6827,878.8110999999999,5.6381,1.4556,4.4041,7.862050000000002,38.7931,45.7011,17.5603,0.9091,2.6368,1.0179,0.2071,6.4507,5.833,3.0795,6.1365,4.1802,2.3605,18.9981,4.496,5.2821,3.8872,176.1422,3.6326,16.9943,55.2947,0.0,315.8218,0.0,0.0,68.4134,833.4884,763.5374,73.0009,2.3844,1.5775,0.095,7.7959,13.0441,735.4571,35.3266,0.0,12.281970045351299,5.5677,18.5743,0.0824,7.4076,7.3593,2.6629,10.101,71.21,15.65,0.87,7.3262,0.3396,87.7242,3.8386,1.2217,0.0806,0.022,8.4661,11.969999999999999,0.1952,4.532500000000001,0.08,4.37,33.9239,533.3391,1.9511,5.85,0.2452,1.9365,0.0713,1.0969,12.5645,0.0109,2.2006,0.0119,0.0123,103.5848
-1.0,3014.07,2226.0667,1.2717,95.7489,1.4422,-0.0013,0.0031,198.5648,11.606,408.3936,0.9766,188.6939,12.5547,1.4106,-4669.75,-1839.75,1.3,1.987,7.224,68.5444,2.8111,0.2147,84.7907,8.9191,64.4096,66.3044,86.3671,79.82,2.955,351.9755,136.4764,730.2146,1.3665,141.9445,630.3964,199.1495,4.598,4.844,2847.0,0.9315,0.2464,353.02,10.3142,116.7227,12.6346,19.7536,25.4657,704.7489,148.0191,617.7618,120.995,-0.0017,-0.041,0.0128,0.0027,-0.0083,-0.0164,0.0268,7.5085,0.1351,0.9908,1796.9269,0.2115,8157.0099,-0.0528,-0.0195,0.0291,0.0227,0.45283670068514903,0.9509,698.0716,0.9908,58.3508,0.5809,0.9809,6.2161,16.0,2.956,16.04,15.93,1.078,0.491,3.252,-2.9329,0.8307,2.4023,1020.9944,123.0,96.3,225.5,45.3,203.886,0.3981,0.23175000000000004,0.0812,0.026,0.0124,7.5832,14.35,17.736,0.0101,0.26,0.093,921.0,5862.0,0.078,0.096,0.158,2.1,0.658,0.7512,0.1471,0.5818,0.3179,0.9534,0.394,0.1488,6.55,20.63,57.989,0.645,22.66,7.84,31.429,61.136,0.0961,0.0537,0.0383,0.0553,0.1155,0.0207,0.099,0.0552,4.8628,0.061,0.0008,124.5781,0.0881,653.0996,0.0116,0.0141,0.04601933522292084,0.026,78.5228,1.7179,0.0233,0.2843,0.1161,5.9284,29.4149,35.1705,59.1325,0.1235,2.3433,0.08085,4.0172,0.0648,0.0292,389.2938,76.3981,1454.0799,2745.59,0.0322,0.0403,0.0703,0.7748,0.0587,0.2067,0.2677,0.0564,0.0738,5.1716,0.112,8.884,0.0468,1.7761,6.4168,18.8032,0.2132,2.2447,2.9881,10.6322,17.6637,0.0241,0.0231,0.0179,0.0241,0.0313,0.0094,0.0528,0.03,1.5126,0.0176,0.0003,43.1993,0.0295,249.6642,0.014793458781609276,0.0086,24.5392,0.5405,0.0078,0.0873,0.046,4.3377,2.0109,5.7294,3.195,8.8286,2.035,9.8323,31.3024,16.1177,123.6429,4.3429,1.036,2.0709,6.5935,60.817,318.6302,6.0,4.8314,2.1872,3.0637,53.3597,89.9068,19.193,0.8859,1.649,0.9033,0.3075,4.6282,9.5768,3.9962,10.89,4.6145,3.2725,29.1183,6.241,6.2535,11.4888,179.349,4.4596,23.6357,50.5277,0.0,72.372,432.8767,0.0,248.6486,601.8237,205.9701,64.7636,1.1846,2.51,0.0823,6.9328,41.6773,841.791,27.9518,0.0,12.230126885348731,2.7324,11.2485,0.0729,2.944,4.574,4.833,13.6825,73.218,14.89,0.98,6.9431,0.3811,19.6611,3.7161,1.3385,0.2025,0.0488,20.2425,4.98,0.0877,2.0902,0.0382,1.8844,15.4662,529.5955,2.1619,8.0099,0.1878,2.6198,0.0563,1.5125,8.6853,0.0146,2.9542,0.0119,0.0123,103.5848
-1.0,3064.09,2231.6111,1.2969,93.7522,1.365,0.0034,-0.0068,203.0295,11.3562,413.2846,0.9726,193.0584,12.602,1.4055,-4035.25,-37.75,1.2825,2.0057,7.2875,76.9667,2.1222,0.1703,85.2826,8.1161,64.5502,66.1149,87.1218,81.74,2.736,352.3509,133.1282,724.8134,1.3512,140.3082,625.7873,243.8276,4.6,4.871,2842.0,0.9346,0.7136,351.4327,10.4325,113.8418,16.9809,19.2864,24.2792,700.5342,143.5318,608.8064,106.0345,-0.0082,-0.0433,0.0035,-0.0163,-0.0251,-0.0105,0.0164,8.5676,0.1383,0.9652,1836.9161,0.2111,9359.1999,0.0186,-0.0242,-0.0173,0.0927,0.45395489444225134,0.9365,814.4994,0.9909,58.1265,0.5883,0.9622,6.3575,16.0,2.956,16.04,15.93,1.078,0.491,3.252,-2.9329,0.8307,2.4023,1020.9944,69.0,200.9,114.8,52.7,563.299,0.3411,0.1136,0.0499,0.0602,0.0167,9.1583,12.901,12.464,0.0139,0.31,0.0236,845.0,589.0,0.096,0.027,0.187,2.5,0.531,0.733,0.076,0.7155,0.3428,0.8208,0.378,0.1096,4.01,18.31,63.09,0.232,19.74,4.6,31.254,24.532,0.0814,0.0661,0.0395,0.0746,0.052,0.0149,0.112,0.0861,2.1754,0.0651,0.0052,130.8123,0.0512,1162.2998,0.0159,0.0142,0.05384084886580148,0.0201,114.1483,1.6787,0.0268,0.323,0.1161,5.9284,19.0274,58.3991,37.2409,0.1034,2.304,0.0393,3.8894,0.0852,0.0079,362.3501,98.9242,645.3993,263.5961,0.0408,0.0128,0.0862,0.7874,0.0561,0.1865,0.2805,0.0344,0.1015,4.8051,0.1438,8.9134,0.0298,1.5963,5.5801,23.0113,0.0787,1.3522,1.8929,10.3009,6.8294,0.0199,0.0286,0.0179,0.032,0.0143,0.0068,0.0555,0.0395,0.9106,0.0234,0.0023,42.2732,0.02,398.0798,0.016032980208150735,0.0069,38.3345,0.6518,0.0112,0.1131,0.046,4.3377,2.0109,3.178,6.5566,4.6139,2.3615,28.0822,26.3059,8.3223,113.6033,3.0158,1.4292,2.4599,1.6763,37.0237,0.0,7.4854,1.3461,2.566,3.2482,61.2565,89.8239,15.9412,0.8595,0.9364,1.1084,0.1877,4.0528,4.5971,3.9396,8.1123,2.858,2.9259,25.8748,6.1318,2.2238,7.3347,116.2482,4.4614,12.1341,23.1359,988.1639,119.7464,0.0,319.3858,59.4217,0.0,525.0,25.3915,2.314,2.6155,0.5367,7.1213,24.2722,744.918,24.5059,0.0,12.807276545770128,2.147,14.0145,0.0865,2.8879,5.0804,4.833,13.6825,73.424,14.87,0.83,7.3994,0.3573,58.6926,3.6677,1.1304,0.2692,0.0595,26.4387,4.98,0.0877,2.0902,0.0382,1.8844,15.4662,533.3073,2.349,10.19,0.3099,3.577,0.0994,1.9107,13.1943,0.0127,2.5358,0.0119,0.0123,103.5848
-1.0,3070.16,2247.3666,1.3594,104.36,1.5275,0.0159,0.0168,198.3661,7.4739,412.7441,0.977,189.2393,12.5665,1.41,-3176.75,-1101.75,1.2953,1.9868,7.258,66.7778,2.6222,0.2224,84.4061,8.6772,64.2376,66.2913,86.259,79.86,2.936,351.6545,135.6282,725.5324,1.1292,134.3827,621.6654,54.4407,4.652,4.882,2816.0,0.9376,-3.9555,352.58,10.4437,111.6727,11.7345,23.9555,30.0456,695.4867,145.6782,609.9309,118.9206,-0.0209,0.0125,0.0217,0.0009,0.0113,-0.0157,0.009,7.719,0.1307,0.9642,1775.2725,0.2116,8491.15,-0.1631,-0.133,0.034,0.1496,0.45185681544987655,0.9347,717.4734,0.9908,59.1012,0.5992,0.9623,6.2584,16.0,2.956,16.04,15.93,1.078,0.491,3.252,-2.9329,0.8307,2.4023,1020.9944,76.0,198.2,105.9,71.8,270.163,0.0881,0.0884,0.0428,0.0493,0.0114,7.5314,4.923,11.795,0.0097,0.43,0.0111,391.0,436.0,0.134,0.065,0.05,2.3,0.321,0.7637,0.1244,0.6178,0.3916,0.8015,0.846,0.30280000000000007,10.64,19.36,34.045,0.254,22.44,11.96,32.222,66.458,0.1124,0.094,0.037,0.0426,0.0892,0.0202,0.0975,0.0617,3.0675,0.0925,0.0047,71.7292,0.0544,1447.3994,0.02,0.0184,0.05000794547369314,0.0448,134.6683,3.9395,0.0183,0.303,0.1161,5.9284,23.5354,63.4641,39.4204,0.0305,2.2984,0.0318,1.6403,0.115,0.0044,168.7017,143.3946,3425.6878,199.999,0.0627,0.0282,0.0221,0.7463,0.0606,0.1264,0.2849,0.0543,0.078,7.894,0.2807,7.2054,0.088,3.02,5.6045,10.9403,0.0731,3.1181,3.3606,9.6117,22.7844,0.0305,0.0435,0.018,0.0214,0.0273,0.0084,0.0483,0.0319,1.0116,0.0292,0.0013,20.7047,0.0195,529.3041,0.013301882897546915,0.018000000000000002,50.0766,1.1496,0.0061,0.0972,0.046,4.3377,2.0109,3.439,6.4557,4.1348,3.1949,25.9837,6.4782,5.7872,65.8691,2.8577,0.993,3.4218,0.7837,234.7053,39.5734,10.3455,3.2717,0.6889,3.4443,53.3898,95.7542,9.396,0.9048,1.4339,0.9617,0.3771,6.8647,6.9381,3.3355,25.522399999999998,7.9177,3.1142,62.5359,4.6975,2.4321,4.4057,191.2313,4.633,14.6241,55.8843,536.5155,139.3625,196.3134,0.0,177.9736,621.0191,685.5556,39.7392,2.6012,3.9004,0.49,4.0405,25.7325,675.2294,58.7571,307.6923,12.541014553518051,4.789,18.7698,0.1138,6.6656,4.8409,4.833,13.6825,73.546,16.23,0.87,7.0941,0.3417,15.604,4.0671,1.1829,0.364,0.089,35.5082,6.83,0.1358,2.5366,0.0506,2.5531,18.2804,535.9636,2.2026,6.77,0.3033,2.1846,0.0956,1.2631,13.7684,0.0133,2.651,0.0267,0.0174,65.1609
-1.0,3073.48,2200.2,1.3171,103.8978,1.4015,0.0095,-0.007,198.1832,8.282,398.9449,0.9803,188.5653,12.5786,1.3825,-5056.6667,-1415.25,1.3033,1.9977,7.3798,67.5333,2.4889,0.2113,85.9512,8.6799,64.2459,66.3052,86.3671,63.93999999999998,4.938,350.9582,136.82,729.7405,1.3825,138.9355,626.7136,199.3828,4.596,4.86,2837.0,0.9331,-2.5682,352.26,10.4286,114.2518,12.4836,22.5682,30.4269,699.3135,147.7182,614.23,108.1358,-0.0041,-0.064,0.0169,-0.0086,0.0028,-0.0093,-0.0016,7.0987,0.1269,0.9879,1757.8402,0.2082,8109.28,0.1883,0.0298,-0.0681,0.0431,0.4602440616437524,0.9567,703.5655,0.9912,58.5297,0.591,0.9681,6.3199,15.76,3.108,15.77,15.7,1.418,0.5551,3.266,0.0946,0.8046,2.4349,1006.6689,69.0,191.0,104.6,67.6001,290.96,0.0897,0.1252,0.0532,0.0314,0.0074,4.7515,4.92,10.27,0.0053,0.3,0.0372,474.0,1781.0,0.128,0.087,0.246,2.3,0.501,0.5097,0.1758,0.4648,0.2776,0.8607,0.367,0.0832,4.5,19.1,76.266,0.261,21.81,8.97,32.631,63.033,0.0717,0.0509,0.0456,0.0671,0.0875,0.0353,0.0975,0.0769,4.7988,0.0766,0.0024,77.4431,0.0382,1327.5996,0.0175,0.0131,0.05684401713172557,0.0278,130.8124,1.2044,0.0231,0.1985,0.1107,3.8875,19.0274,64.1346,36.5537,0.0341,2.4138,0.0357,1.5722,0.074,0.0126,225.9366,177.6989,2249.7645,785.9043,0.0589,0.0378,0.1214,0.6837,0.025,0.1572,0.1858,0.0771,0.0834,5.538,0.1081,7.3701,0.0268,1.4779,5.9057,21.3818,0.078,2.7899,3.5087,10.2064,22.2229,0.0171,0.0214,0.0193,0.0297,0.0253,0.0157,0.0491,0.0365,1.4153,0.025,0.0006,23.2815,0.0113,451.8076,0.0125401384021229,0.0104,47.9698,0.3739,0.0075,0.0633,0.0411,2.5575,1.3294,3.178,6.2145,4.2397,3.0725,25.9511,6.814,8.9334,59.4059,2.5743,0.543,2.385,2.693,80.2109,125.8435,9.8216,4.3549,3.3334,3.4057,52.2321,37.3817,14.3979,0.593,2.0256,0.7235,0.2686,5.1174,4.4511,3.154,6.0203,3.2389,3.0476,38.251,5.4373,2.5027,6.5294,174.7094,4.6662,16.7238,58.2906,0.0,223.0011,395.8702,0.0,0.0,0.0,0.0,67.6012,3.7812,3.2291,0.244,4.4056,18.3394,998.0952,62.5938,0.0,12.418503725879184,2.9019,18.5928,0.09,2.0577,3.1414,4.5455,8.4712,74.426,17.27,1.11,7.1719,0.4067,42.0015,4.2504,1.4914,0.3472,0.0623,35.9702,4.98,0.0877,2.0902,0.0382,1.8844,15.4662,528.7673,1.9809,6.95,0.2234,2.229,0.0615,1.3144,11.28,0.0065,1.2845,0.0267,0.0174,65.1609
-1.0,3027.61,2219.7667,1.3381,98.89,1.409,0.016,0.0018,197.8666,7.5863,403.8722,0.9753,188.241,12.602,1.4219,-3787.25,-1262.75,1.2902,2.0125,7.394,68.9333,2.6556,0.1919,84.8185,8.9979,64.3519,66.2937,86.4854,78.42,3.08,352.46,145.5036,741.4989,0.8678,130.7827,628.7464,114.7769,4.596,4.874,2846.0,0.931,-1.2991,353.9345,10.3151,124.2045,6.7864,21.2991,25.7035,715.7954,147.1309,625.27,125.8252,-0.0024,0.0115,0.0714,-0.011,0.0188,-0.0376,-0.0021,7.2865,0.1305,0.9891,1777.7628,0.215,8196.55,0.1479,0.0084,-0.0374,0.094,0.4435973400145017,0.9726,692.762,0.9909,58.4647,0.5942,0.9616,6.3604,15.76,3.108,15.77,15.7,1.418,0.5551,3.266,0.0946,0.8046,2.4349,1006.6689,99.0,105.6,92.1,58.0999,582.4641,0.2867,0.1283,0.0547,0.0426,0.0137,5.0554,5.247,9.711,0.0095,0.31,0.0631,1060.0,4777.0,0.277,0.118,0.156,2.4,0.679,0.6156,0.0732,0.493,0.359,1.1082,0.365,0.0727,4.89,17.45,28.005,0.284,15.43,12.29,32.881,59.833,0.0751,0.0232,0.1008,0.0138,0.0543,0.0473,0.0477,0.0446,2.6169,0.0589,0.0015,124.9287,0.0453,842.4004,0.0292,0.0216,0.05973399187710274,0.0081,81.5206,1.1199,0.0266,0.2369,0.1107,3.8875,26.6163,32.6254,37.1826,0.0926,2.4714,0.0481,1.9831,0.0852,0.026,491.7327,316.166,226.2556,2178.7935,0.12369999999999999,0.0545,0.0664,0.773,0.0422,0.2094,0.2479,0.029,0.0962,6.189,0.1232,6.954,0.0239,1.7225,5.7105,9.8234,0.0882,3.6356,4.6333,10.7073,20.0043,0.0179,0.0102,0.0425,0.0058,0.016,0.0227,0.0206,0.0212,0.8428,0.0197,0.0005,43.0318,0.0115,273.8616,0.013388872963005458,0.0028,28.1824,0.3701,0.0095,0.0849,0.0411,2.5575,1.3294,4.6178,3.4879,3.7901,2.6174,27.9162,21.4288,9.1058,69.1644,2.4045,0.9718,2.4599,4.4376,12.7269,378.3013,21.5462,5.8634,2.1098,3.4816,52.7197,70.3532,19.499,0.7258,0.8131,0.7661,0.3814,6.1823,6.5497,3.1279,8.3775,3.739,2.7754,24.3995,5.984,2.7533,6.3524,227.3666,4.5936,11.9124,47.5525,0.0,54.3008,19.321,492.238,251.2616,127.0306,0.0,35.9144,2.0684,2.43,0.1483,7.0273,21.0688,0.0,21.3058,0.0,11.880730038071121,0.8282,11.7675,0.0712,1.9155,3.7246,4.5455,8.4712,73.5,15.91,1.0,7.1614,0.3767,21.344,3.979,1.3605,0.419,0.1063,39.9476,4.98,0.0877,2.0902,0.0382,1.8844,15.4662,530.1782,1.9155,10.78,0.2805,3.4542,0.0941,2.0333,14.6455,0.013,2.6161,0.0267,0.0174,65.1609
-1.0,2950.97,2249.2556,2.1216,95.7967,1.3418,-0.0112,0.0015,198.5195,10.328,420.7809,0.9804,188.7856,12.5786,1.409,-3470.5,-323.25,1.312,1.9712,7.1463,71.3667,2.4778,0.1898,83.6085,9.0942,63.8835,66.3203,86.7663,79.86,3.2,349.9145,141.2036,733.0278,0.9135,133.4836,624.6018,119.6724,4.606,4.878,2835.0,0.9322,-2.7282,353.91,10.1687,118.4755,6.9896,22.7282,27.4264,705.6015,147.9118,620.2973,88.7823,-0.0038,-0.0465,0.0035,-0.0078,0.0211,-0.0056,0.0045,7.9269,0.1373,0.9918,1750.5353,0.17,8806.3202,0.0198,-0.0158,-0.0258,0.0259,0.4618,0.9641,757.7762,0.9867000000000001,55.9622,0.585,0.961,6.2907,15.76,3.108,15.77,15.7,1.418,0.5551,3.266,0.0946,0.8046,2.4349,1006.6689,91.0,191.0,160.1,52.5,173.814,0.5508,0.0648,0.0566,0.0379,0.01,4.9128,5.522,7.816,0.006,0.3,0.0352,1117.0,1063.0,0.074,0.03,0.094,4.3,0.524,0.6419,0.1024,0.5604,0.2702,1.0777,0.391,0.0686,6.67,20.57,20.708,0.829,11.74,7.89,29.897,67.564,0.0612,0.053,0.0464,0.1257,0.0472,0.052,0.0875,0.0427,2.9917,0.0806,0.0005,129.0376,0.0249,666.4004,0.0106,0.0117,0.0175,0.0106,73.9409,2.7415,0.016,0.2248,0.1107,3.8875,24.8028,58.7659,57.2056,0.1642,1.7129,0.0249,1.6202,0.074,0.0136,479.4798,65.1172,1208.6699,487.5677,0.0362,0.0146,0.0394,1.4353,0.0546,0.2011,0.2533,0.0428,0.0853,5.8075,0.1103,7.3519,0.0198,2.1894,6.1288,6.3303,0.2735,2.2938,2.833,9.6704,18.1648,0.0143,0.0249,0.0222,0.0529,0.0134,0.0244,0.0444,0.0189,1.2008,0.025,0.0001,40.2346,0.0076,213.6855,0.0053,0.0036,23.3949,0.8366,0.0062,0.0793,0.0411,2.5575,1.3294,4.0016,6.4724,6.3182,2.3341,8.4169,25.9611,4.8293,53.4663,1.8575,0.61,2.385,2.496,76.8765,328.8476,5.6402,1.5219,1.3154,6.0252,92.8251,94.3208,15.8106,0.7677,1.1264,0.8772,0.1642,5.6499,5.2265,3.1849,7.5063,4.9969,3.2933,17.3039,9.842500000000001,8.1525,6.7947,167.9642,4.2371,14.1401,76.1008,0.0,0.0,0.0,607.5623,246.4455,0.0,890.8199000000001,37.741,1.0921,3.3337,0.051,7.3713,14.6266,663.8298,31.8756,0.0,3.7987,1.1006,9.7576,0.25379999999999997,4.8989,3.5728,4.5455,8.4712,74.756,19.33,1.8,7.886,0.6854,68.6849,4.7567,2.4078,0.4825,0.0746,48.4814,4.98,0.0877,2.0902,0.0382,1.8844,15.4662,531.4064,2.0135,9.96,0.3006,3.5767,0.1047,1.8743,14.9298,0.0117,2.3019,0.0267,0.0174,65.1609
-1.0,3093.12,2219.7667,1.3381,98.89,1.4117,0.0087,-0.0108,198.1925,11.8884,413.0729,0.9833,188.3417,12.2981,1.4009,-3854.0,-194.25,1.3062,1.989,7.2203,72.9333,2.4667,0.2031,85.2917,8.9132,63.7658,66.2465,86.81,80.33,2.544,350.8436,138.8509,729.7086,0.8389,135.4118,625.1064,108.9668,4.595,4.848,2844.0,0.9316,-5.4691,352.3636,10.4016,113.3818,11.0934,25.4691,31.0165,698.6921,149.4936,615.2391,98.1081,0.0589,0.0736,0.0861,-0.0119,-0.0333,0.017100000000000004,0.0111,7.4885,0.1373,0.989,1737.5285,0.1523,9086.52,0.0339,0.0381,-0.0153,0.2337,0.47399698348807306,0.9621,773.9649,0.991,58.3263,0.5883,0.9813,6.2833,16.0,2.956,16.04,15.93,1.078,0.491,3.252,-2.9329,0.8307,2.4023,1020.9944,80.0,109.7,113.5,58.0999,582.4641,0.2867,0.068,0.0625,0.09,0.0063,7.184,11.454,16.736,0.0049,0.8700000000000001,0.037,686.0,1239.0,0.103,0.127,0.191,4.9,0.157,0.5595,0.1067,0.3707,0.3052,1.0444,0.488,0.08,6.05,21.81,17.445,1.222,17.57,7.51,26.95,64.38,0.16345,0.0805,0.0451,0.0819,0.0794,0.0799,0.0673,0.0379,3.2366,0.0711,0.0017,174.2218,0.0124,2307.0,0.0299,0.0174,0.06986908734479944,0.008,197.843,0.7894,0.0194,0.2532,0.1161,5.9284,21.225,34.1737,41.3599,0.0926,2.4714,0.0248,3.3665,0.2202,0.0148,299.2357,186.5226,409.6324,531.025,0.0481,0.0547,0.0866,1.4344,0.0285,0.0564,0.2292,0.0476,0.0536,5.7673,0.1659,9.1671,0.0255,1.9228,6.8979,4.8915,0.341,2.0868,1.6155,8.4113,21.5936,0.045450000000000004,0.0337,0.0196,0.0392,0.0202,0.0346,0.0338,0.0193,1.2584,0.0242,0.0005,57.3343,0.0045,662.0757,0.015459139145728391,0.0023,59.3209,0.3158,0.0081,0.0848,0.046,4.3377,2.0109,3.6366,3.5466,4.5384,2.6174,27.9162,21.4288,4.817,96.3463,4.0516,0.496,6.94175,2.6397,23.8713,637.8378,7.8852,6.3851,2.6453,6.7185,24.3243,40.8643,4.6908,0.656,1.1973,0.5813,0.2404,5.6578,11.1126,4.2403,9.5364,4.4679,3.489,16.0095,7.1071,11.7482,15.3023,158.3825,3.8572,24.7815,65.6215,669.0138,274.744,95.122,669.3361,239.5802,330.3067,340.6742,43.2208,1.0921,2.9674,0.1677,10.027,8.1291,542.6901,28.1843,897.561,13.574242904648596,0.8319,25.5623,0.0705,1.3534,4.0294,4.833,13.6825,73.5,15.91,1.0,7.1614,0.3767,21.344,3.979,1.3605,0.7613,0.1716,70.4477,9.65,0.2405,3.6643,0.0989,3.7956,37.9319,529.8718,1.9408,6.33,0.357,2.1429,0.1083,1.1946,18.3953,0.0133,2.6341,0.0292,0.0311,106.5582
-1.0,2988.76,2153.9778,1.3522,100.9367,1.459,-0.0074,-0.006,197.3831,9.7173,425.6435,0.981,188.0485,12.5861,1.4335,-1363.875,-1211.75,1.2962,1.984,7.4045,69.1444,2.9333,0.2272,83.6681,8.8546,64.5531,66.2479,86.4099,80.2,2.541,347.3082,134.2882,719.9473,1.321,145.0936,626.69,176.6886,4.554,4.799,2845.0,0.932,-2.1,347.25,10.4548,112.1882,15.4345,22.1,29.453,690.4943,151.8173,611.2555,96.6522,0.0076,0.0728,0.0272,0.0011,-0.0299,0.0144,-0.0074,7.2409,0.1273,0.9877,1686.7116,0.1729,9077.5599,0.0453,-0.066,-0.0262,0.0737,0.43445218455159806,0.9402,780.28,0.9917,58.0886,0.5946,0.9618,6.4223,16.0,2.956,16.04,15.93,1.078,0.491,3.252,-2.9329,0.8307,2.4023,1020.9944,122.0,90.3,65.0,56.7,437.938,0.1451,0.1234,0.0661,0.0653,0.0155,8.9805,4.953,13.672,0.0053,0.2,0.0944,406.0,4998.0,0.139,0.101,0.216,2.5,0.528,0.6139,0.1212,0.6329,0.3926,0.9048,0.422,0.1209,7.86,10.16,73.227,0.157,17.11,10.04,32.439,39.934,0.099,0.10470000000000002,0.0492,0.0953,0.0932,0.0291,0.0787,0.0599,5.7645,0.0557,0.0054,172.1753,0.0513,529.4004,0.0149,0.0111,0.03611448783014565,0.0261,48.9034,1.9527,0.0356,0.5624,0.1161,5.9284,31.7022,27.5233,18.3015,0.0522,1.7397,0.0404,1.6233,0.0578,0.0315,167.9134,170.5032,5823.189049999999,2357.9848,0.063,0.0433,0.1033,0.786,0.0581,0.1609,0.2229,0.0471,0.1229,5.8274,0.1428,6.9392,0.0365,2.0946,3.0834,23.9349,0.0524,3.0266,4.1132,10.1156,12.0026,0.0324,0.0455,0.0233,0.0475,0.0289,0.0131,0.0394,0.0305,1.8356,0.0181,0.0016,50.6582,0.0158,157.9336,0.010562062580474613,0.0079,15.3796,0.583,0.0115,0.1906,0.046,4.3377,2.0109,5.7871,3.0213,2.6025,2.6323,36.7182,10.7294,8.4579,50.9711,3.2121,0.5452,1.5891,6.5852,0.0,412.4613,10.7232,5.0907,2.9171,3.6156,68.1818,80.978,15.3791,0.7337,1.3683,0.9804,0.4267,5.7471,6.6871,3.3729,9.1521,5.4172,1.6212,41.4441,4.801,1.5017,5.7671,110.8553,4.6979,11.4874,41.3172,0.0,181.084,350.3676,0.0,97.4059,545.5806,806.734,79.6103,1.6491,2.3416,0.5464,10.2077,29.6457,391.1894,26.7841,304.2254,9.666711586464434,2.7741,6.2674,0.0518,3.3616,8.7569,4.833,13.6825,81.536,15.8,1.22,6.8748,0.6405,65.0258,3.9237,1.4963,0.3472,0.0623,35.9702,4.98,0.0877,2.0902,0.0382,1.8844,15.4662,530.1782,1.9155,10.78,0.2805,3.4542,0.0941,2.0333,14.6455,0.0099,1.9807,0.0282,0.0217,76.751
-1.0,2990.69,2249.2556,2.1216,95.7967,1.3682,-0.011,-0.0085,198.8217,9.7614,416.0097,0.9767,189.1825,12.602,1.3966,-3928.75,83.25,1.2757,1.9805,7.232,67.5222,2.8778,0.216,84.7646,8.5862,64.3404,66.2443,86.5384,80.26,2.817,350.8055,139.0073,731.9562,0.9156,136.6973,626.51,107.5177,4.596,4.874,2846.0,0.931,-1.9827,352.7218,10.4242,117.0245,6.2611,21.9827,26.1779,705.7783,152.6055,622.3518,115.9281,0.0053,-0.0031,0.0906,-0.0247,0.0081,-0.0171,0.0122,7.3351,0.1355,0.9669,1703.0296,0.26075000000000004,8840.0699,0.1144,0.0409,-0.036,0.0192,0.4508967095730487,0.9487,714.2207,0.9867000000000001,56.7738,0.5864,0.9594,6.3531,15.76,3.108,15.77,15.7,1.418,0.5551,3.266,0.0946,0.8046,2.4349,1006.6689,153.0,185.8,129.5,52.5,173.814,0.5508,0.1314,0.0332,0.0442,0.0117,5.4121,5.614,7.967,0.0089,0.31,0.0263,1883.0,886.0,0.151,0.061,0.228,1.4,0.221,0.791,0.0427,0.5513,0.3387,0.97,0.574,0.1471,8.41,15.69,37.045,0.239,10.65,6.15,27.704,41.31,0.051,0.0594,0.0317,0.0436,0.0792,0.0604,0.141,0.0562,3.1186,0.0671,0.0078,98.6542,0.0442,903.4004,0.011,0.0153,0.06170263647875679,0.0296,75.0679,1.9601,0.0177,0.2425,0.1107,3.8875,36.1261,58.3195,38.356,0.1642,1.7129,0.0476,1.8091,0.0852,0.0099,832.4642,154.0065,640.6545,467.7424,0.0622,0.0262,0.103,0.4868,0.0394,0.0682,0.2804,0.018,0.0738,5.5213,0.1503,6.9635,0.0395,2.2625,5.4581,9.5341,0.0768,1.9226,2.5846,9.3055,13.0973,0.015,0.0247,0.0153,0.0197,0.0194,0.0273,0.0648,0.0294,1.1081,0.0212,0.0029,37.255,0.0133,309.598,0.01326488435947405,0.0114,24.2435,0.6946,0.0063,0.0749,0.0411,2.5575,1.3294,6.8953,6.2126,5.3317,2.3341,8.4169,25.9611,9.604,57.5125,1.9151,0.9143,2.4599,1.8795,34.7439,0.0,11.8362,3.08,3.1527,2.0734,66.0232,50.0,6.3677,0.9332,0.4971,0.8568,0.3795,5.0997,4.9638,2.9838,16.0683,6.1523,2.5044,34.4548,5.984,2.2927,6.3235,170.0973,3.9253,5.7134,35.6342,955.5035,0.0,48.1103,320.0808,750.3106,825.7687,460.6557,42.5162,1.4755,2.7752,0.8043,5.7929,12.8135,835.4949,29.927,563.6364,12.887220278818686,3.1149,10.5105,0.25379999999999997,3.4524,3.8163,4.5455,8.4712,73.5,15.91,1.0,7.1614,0.3767,21.344,3.979,1.3605,0.419,0.1063,39.9476,4.98,0.0877,2.0902,0.0382,1.8844,15.4662,530.1782,1.9155,10.78,0.2805,3.4542,0.0941,2.0333,14.6455,0.0108,2.174,0.0229,0.0182,79.617
-1.0,2978.77,2254.7111,2.1046,90.9167,1.4726,0.0041,0.006,196.841,12.3575,407.8105,0.9752,186.8611,12.3543,1.4387,-4425.5,-4391.25,1.294,1.9985,7.332,74.0111,1.9556,0.1764,84.6998,9.4336,64.1172,66.3004,87.4694,63.93999999999998,5.041,347.7464,138.0036,726.2962,1.3096,143.0964,628.8464,222.6418,4.555,4.782,2846.0,0.931,-1.0545,344.9109,10.3719,116.9491,13.4346,21.0545,32.1132,694.183,153.5518,615.4118,168.9161,0.0039,0.0522,0.0786,-0.0036,-0.0222,-0.056650000000000006,0.0324,8.1004,0.1289,0.9898,1703.7847,0.1569,8344.2198,-0.0207,0.0614,0.0234,-0.0451,0.47991015162737205,0.9223,701.4382,0.9908,58.7911,0.5929,0.9789,6.3059,15.76,3.082,15.79,15.7,0.9838,0.4949,3.017,0.0,0.8253,2.2864,1001.4682,112.0,50.8,114.1,48.8,385.933,0.4557,0.1487,0.0503,0.0466,0.0151,8.6279,10.551,4.068,0.0122,0.8700000000000001,0.0764,498.0,5702.0,0.151,0.108,0.162,4.1,0.44,0.9845,0.1381,0.6945,0.3139,1.0658,0.657,0.138,11.18,14.12,60.79,0.236,9.84,3.94,28.013,109.322,0.0789,0.0709,0.083,0.0061,0.0874,0.0239,0.0501,0.0534,2.125,0.065,0.0019,110.7799,0.0255,1228.0996,0.0206,0.0093,0.05948022808247924,0.0521,110.6803,4.4626,0.0275,0.5645,0.0609,4.1716,28.3633,20.9745,37.2409,0.159,1.397,0.05,3.6357,0.2202,0.0241,224.7093,163.3593,661.9575,2430.7268,0.0638,0.0481,0.0729,1.5496,0.0296,0.1361,0.3862,0.0545,0.0497,6.654,0.2189,7.2412,0.0354,3.2435,3.7576,18.2506,0.0702,1.3708,1.7221,8.5133,38.3624,0.0207,0.0353,0.0341,0.0029,0.0249,0.0101,0.0233,0.0234,0.7278,0.02,0.0007,44.9702,0.0078,358.966,0.012614832995656623,0.0166,35.8406,1.239,0.0089,0.185,0.0182,6.3102,1.6901,5.1802,1.7054,4.674,2.1644,19.4788,21.6539,10.0981,85.381,0.9975,1.2538,6.94175,5.311,32.7195,129.8491,11.6692,5.4041,2.2095,5.5397,35.7955,48.1738,12.9353,1.1623,1.4639,1.0832,0.1828,7.0885,5.7535,3.5121,10.5351,7.8129,2.2454,27.3039,4.5009,2.2754,5.9428,73.2439,4.0354,9.7554,64.7197,0.0,97.3567,7.7583,0.0,107.779,76.6055,164.6877,26.2328,2.4828,2.7151,0.1926,6.502,16.227,393.6508,23.0415,690.9091,12.769237008552723,5.5677,15.7791,0.1106,7.5907,8.9512,2.6629,10.101,73.936,16.96,1.38,7.4381,0.5214,81.2984,4.2154,1.8665,0.2025,0.0488,20.2425,4.98,0.0877,2.0902,0.0382,1.8844,15.4662,529.5955,2.1619,8.0099,0.1878,2.6198,0.0563,1.5125,8.6853,0.0078,1.5646,0.0229,0.0182,79.617
-1.0,3036.99,2194.9555,1.2476,102.2822,1.5149,0.0025,-0.0063,198.8918,8.3415,398.833,0.9763,189.026,12.5412,1.4009,-3003.75,-3072.6667,1.309,2.0282,7.3693,73.5222,1.6667,0.1308,85.3182,8.5298,64.3121,65.9458,86.976,63.93999999999998,5.041,354.1027,142.4482,738.5041,0.8564,132.9082,629.4591,110.523,4.61,4.837,2853.0,0.9284,-3.2055,354.2564,10.3765,119.2427,6.6403,23.2055,28.0144,710.4897,152.3845,625.8836,117.0825,-0.0147,-0.0058,-0.0086,-0.0196,-0.0297,0.0116,0.11345000000000001,7.0166,0.1319,0.9688,1801.0767,0.2333,8455.89,0.1215,0.026,0.1195,0.113,0.4718455421113372,0.9453,654.953,0.9907,59.1648,0.5892,0.9721,6.1909,15.76,3.082,15.79,15.7,0.9838,0.4949,3.017,0.0,0.8253,2.2864,1001.4682,74.0,139.0,69.7,67.0999,373.947,0.3426,0.1555,0.0503,0.0526,0.0125,5.5265,6.971,14.143,0.0105,0.31,0.0751,370.0,17919.5,0.123,0.168,0.232,2.3,0.538,0.7914,0.1162,0.7661,0.4146,0.8763,0.557,0.0953,6.28,14.39,15.854,0.287,13.33,11.42,36.097,55.205,0.1006,0.0721,0.0585,0.0123,0.0731,0.0413,0.1196,0.0376,4.1477,0.0794,0.0068,133.6755,0.1254,1766.7998,0.0292,0.018,0.042361258697523,0.0416,189.1188,1.6333,0.0376,0.3876,0.0609,4.1716,20.347,42.7308,23.4348,0.0955,2.2477,0.0555,2.061,0.0731,0.0253,173.7402,174.3509,2962.707,8994.62525,0.0567,0.0702,0.1081,0.748,0.0257,0.2047,0.3154,0.0435,0.041,6.1787,0.1729,7.9425,0.0303,1.9973,4.722,5.2017,0.1036,3.4779,4.664,11.5716,20.6319,0.0293,0.0306,0.0245,0.0053,0.0185,0.0173,0.059,0.0161,1.2856,0.0249,0.0021,49.6271,0.0374,581.3476,0.010858048412647378,0.0139,63.3533,0.5233,0.0119,0.1203,0.0182,6.3102,1.6901,3.5746,4.5769,2.8468,3.057,33.7429,27.4614,10.2649,83.5696,3.5461,1.0711,2.4718,5.3595,231.1444,706.6826,9.3965,8.283,3.1482,3.1283,72.0,57.3492,15.5761,0.9276,1.3621,1.1912,0.3877,6.0632,6.0232,3.4942,11.1232,4.7251,2.2861,14.3445,5.248,2.7659,8.1347,200.7426,5.0806,12.4649,47.1505,682.323,321.875,143.0233,372.3655,139.2917,0.0,32.533,59.1128,3.1092,3.2316,0.7051,7.422,63.31987047269746,0.0,38.5633,0.0,9.009406950221853,4.4049,28.8752,0.0861,2.7607,6.2604,2.6629,10.101,73.5,15.91,1.0,7.1614,0.3767,21.344,3.979,1.3605,0.4895,0.0745,49.5678,6.42,0.2051,2.6654,0.0747,2.3977,37.559,524.2318,2.0104,15.390000000000002,0.6164999999999999,5.3345,0.18730000000000002,2.8874999999999993,28.50255,0.0172,3.4764,0.0229,0.0182,79.617
-1.0,3006.75,2254.7111,2.1046,90.9167,1.5901,-0.0071,0.0127,196.1986,7.9854,414.3507,0.9806,186.8051,12.5992,1.4196,-3506.25,-5648.5,1.2842,1.9995,7.2725,69.1222,2.6778,0.2018,84.3947,8.897,64.5666,66.2412,87.0027,67.79946646216501,3.5015519762098544,351.1073,129.7018,719.2021,0.9345,142.2655,623.0745,121.5865,4.593,4.873,2845.0,0.9317,1.4609,352.1409,10.5399,111.1627,9.6267,18.5391,23.5831,695.619,152.54,615.8436,106.9985,0.0046,-0.0241,-0.0145,-0.0125,0.0164,-0.0167,0.1035,6.6679,0.1269,0.987,1748.2561,0.1983,9511.29,0.0906,0.0502,0.0156,-0.0323,0.45265986708489936,0.9565,785.2401,0.9905,60.1502,0.5897,0.9787,6.2549,15.76,3.108,15.77,15.7,1.418,0.5551,3.266,0.0946,0.8046,2.4349,1006.6689,136.0,128.6,91.9,48.8,385.933,0.4557,0.23175000000000004,0.0522,0.0442,0.0062,8.8341,4.078,11.546,0.0057,0.22,0.0925,338.0,12400.0,0.123,0.07,0.094,3.5,0.254,0.3954,0.0786,0.7288,0.328,0.7456,0.44,0.1274,5.45,17.87,22.613,1.338,12.48,6.34,29.61,32.872,0.0784,0.031,0.029,0.0511,0.0955,0.0594,0.0843,0.0329,3.692,0.0522,0.0024,146.3693,0.0277,704.5996,0.0146,0.0331,0.046878373245124755,0.0129,56.6531,2.3152,0.035,0.5223,0.1107,3.8875,33.1485,40.9245,29.0705,0.159,1.397,0.08085,1.2208,0.0631,0.0266,154.5952,95.8797,2117.1225,5398.6202,0.0531,0.0329,0.0457,1.0557,0.0465,0.0892,0.1542,0.0341,0.057,5.5305,0.121,8.8739,0.0324,1.8661,5.0968,6.4476,0.3808,1.8053,1.9179,9.5988,11.2156,0.0208,0.0127,0.0119,0.0219,0.0254,0.0259,0.0455,0.0146,1.2446,0.0179,0.0009,42.7579,0.0083,188.4312,0.01090032868047841,0.0045,16.2462,0.6934,0.0124,0.1746,0.0411,2.5575,1.3294,6.0806,4.277,3.651,2.1644,19.4788,21.6539,16.1177,51.0684,2.7865,0.5823,1.7461,6.5147,136.7843,219.5273,9.5776,3.5009,1.2925,5.0635,29.8755,65.4185,7.406,0.4685,0.8831,1.1288,0.6795,4.7678,11.3028,4.0691,13.6272,3.8309,2.868,18.5983,6.3731,12.6946,16.4444,129.639,4.2566,19.5591,30.7219,0.0,161.6688,352.4138,763.2368,363.3028,505.5472,31.7874,55.3691,1.8121,2.191,0.2461,8.3723,13.978,490.8248,47.7752,948.1481,11.268735809516274,1.3444,7.2148,0.0771,3.8491,8.3503,4.5455,8.4712,73.5,15.91,1.0,7.1614,0.3767,21.344,3.979,1.3605,0.3472,0.0623,35.9702,10.34,0.3378481311764915,3.7496,0.1352392452747727,4.0548,38.05341532073962,531.0518,1.8932,6.8,0.2571,2.4258,0.0756,1.2805,13.5789,0.0111,2.2182,0.0506,0.0245,48.3708
-1.0,2960.63,2206.1444,2.0607,95.9511,1.5341,0.035,-0.0068,197.8928,14.3989,432.9844,0.9743,189.1239,12.5547,1.4057,-3969.75,-1056.25,1.296,1.9785,7.2838,67.2889,2.9667,0.2259,84.052,8.8581,64.6559,66.1061,86.9034,63.93999999999998,5.041,352.6782,138.5545,732.4526,1.2841,139.5545,630.7873,208.4726,4.569,4.826,2851.0,0.9304,-3.1227,352.7745,10.5059,115.4318,16.48,23.1227,30.5699,701.8826,146.1009,614.3073,133.5285,-0.0122,-0.0204,0.0075,-0.0016,-0.0141,-0.0186,0.0218,8.5752,0.1291,0.9877,1686.7116,0.1663,8683.7899,-0.0632,0.0484,-0.0056,-0.0013,0.47002578554731,0.9314,639.105,0.9908,58.2969,0.5974,0.9676,6.3596,15.84,3.431,15.91,15.79,1.035,0.5669,3.107,-2.789,0.7595,2.2527,1002.9643,152.0,144.2,80.9,51.3,231.8831,0.4256,0.065,0.0453,0.0353,0.012,6.3801,14.907,5.367,0.0109,0.26,0.0369,818.0,2529.0,0.158,0.12,0.331,2.9,0.259,0.5357,0.1389,0.4529,0.206,0.7208,0.369,0.1623,8.68,20.58,56.11,0.591,24.82,6.9,33.691,51.7,0.0652,0.0489,0.0305,0.0504,0.0582,0.0914,0.0852,0.0345,2.52,0.0452,0.0054,172.1753,0.0493,604.7998,0.0169,0.0107,0.05636499065377054,0.0415,58.4856,4.0837,0.0277,0.2457,0.0473,4.0617,39.0579,46.0903,24.6432,0.1449,1.5889,0.0213,4.2645,0.0648,0.0133,410.8174,173.5022,1355.3468,1299.3153,0.0782,0.0507,0.1433,1.0588,0.0342,0.0755,0.212,0.0519,0.0425,5.1815,0.1225,8.9795,0.0531,2.3316,6.3031,16.955,0.1607,2.3156,2.5594,10.6311,19.0282,0.0163,0.021,0.0146,0.0207,0.0162,0.0445,0.0464,0.0188,1.0679,0.0161,0.0016,50.6582,0.0137,176.9704,0.012410508661598391,0.0128,17.6782,1.1353,0.0089,0.0995,0.014,7.8651,1.3704,7.0996,4.8706,3.1473,2.3253,12.354,20.6523,4.237,103.5287,1.2395,1.1231,2.0709,2.6264,73.4051,239.432,12.1914,6.0652,4.5444,4.3098,37.0787,46.9257,7.4475,0.6373,1.5685,0.7005,0.6795,4.7607,9.7218,3.972,12.6352,6.2198,3.2626,26.9148,6.5575,5.6254,10.4391,150.6066,4.8001,22.0199,38.7183,533.8792,618.59025,672.0,0.0,648.227,458.681,158.0756,29.3869,2.9437,1.8778,0.5464,10.2077,29.6381,0.0,27.464,753.8462,12.530502148960176,4.4585,9.1512,0.0706,7.005,3.8636,2.0989,10.188,83.444,18.75,1.07,7.726,0.4238,81.9769,4.6619,1.2823,0.1406,0.0323,14.9122,4.98,0.0877,2.0902,0.0382,1.8844,15.4662,530.3073,2.4103,8.05,0.4025,2.6506,0.11,1.518,16.7005,0.0146,2.9664,0.0437,0.02,45.7019
-1.0,3021.61,2227.2222,1.1892,95.5267,1.5335,-0.0083,-0.0095,198.3405,10.9837,414.8713,0.9747,188.9754,12.4124,1.4132,-4559.6667,-4891.75,1.2795,1.9923,7.2873,69.4222,2.3111,0.1836,84.052,8.8581,64.6559,66.1061,86.9034,63.93999999999998,5.041,353.2009,139.9345,734.4456,1.2582,137.5791,630.7145,198.0435,4.569,4.826,2851.0,0.9304,-3.7509,352.8682,10.423,116.1836,14.7345,23.7509,30.7593,703.6863,146.9282,615.98,117.9501,-0.001,-0.0452,0.0085,0.0029,-0.0199,-0.0203,0.032,7.7886,0.1326,0.9878,1803.366,0.1618,8562.79,0.1024,0.0279,0.0244,0.0731,0.46127922829520207,0.9522,710.5846,0.9906,59.3419,0.5995,0.9623,6.3953,15.73,5.97,15.75,15.71,1.834,0.9226,3.273,-2.9329,0.5042,2.272,998.8077,137.0,144.5,69.7,49.2,391.7909,0.3927,0.23175000000000004,0.0628,0.0446,0.0157,7.1466,11.468,14.331,0.0123,0.42,0.0513,773.0,15551.0,0.168,0.135,0.311,3.3,0.447,0.5357,0.1389,0.4529,0.206,0.7208,0.426,0.1628,6.08,21.63,43.172,0.709,27.89,8.27,34.267,97.012,0.0803,0.0689,0.0301,0.0631,0.0914,0.0294,0.0915,0.0505,3.8412,0.0452,0.0011,109.7512,0.0236,1369.2998,0.0189,0.0252,0.043721464346579864,0.0275,140.1713,3.7833,0.0291,0.272,0.0592,3.1871,34.3887,42.8418,21.4089,0.1438,1.9254,0.08085,3.6128,0.1198,0.0188,356.0799,97.2193,809.1287,7551.738,0.071,0.0648,0.1314,1.2122,0.0349,0.1513,0.212,0.0519,0.0425,6.1863,0.1527,9.5407,0.0468,2.204,6.3821,14.796,0.2026,2.2754,2.8843,10.9401,29.207,0.0209,0.0303,0.0126,0.0303,0.0269,0.0124,0.0473,0.0263,1.3136,0.0161,0.0004,44.6802,0.0074,441.7602,0.013340899837473027,0.0091,43.0966,1.1093,0.0117,0.0907,0.0206,5.2757,1.0033,6.2717,4.7822,2.8562,2.209,19.1717,33.019,16.1177,104.409,3.4543,1.2606,3.3837,3.6294,35.4412,317.9026,13.1301,6.7763,4.2677,4.7535,38.9423,54.4794,13.244,0.6373,1.5685,0.7005,0.6795,5.8352,10.1905,4.3437,12.9413,4.4193,3.4294,21.7993,6.5575,6.8023,13.1258,189.2837,4.8696,20.5079,82.2483,0.0,69.1073,740.176,0.0,147.9245,450.7389,157.6893,49.3179,2.7149,1.8778,0.1132,6.0859,14.5787,328.3388,39.708,666.6667,11.781722640717524,2.8862,19.7262,0.147,6.3754,4.2536,2.6058,8.7014,73.546,16.23,0.87,7.0941,0.3417,15.604,4.0671,1.1829,0.2025,0.0488,20.2425,4.98,0.0877,2.0902,0.0382,1.8844,15.4662,530.3073,2.4103,8.05,0.4025,2.6506,0.11,1.518,16.7005,0.0123,2.4116,0.0437,0.02,45.7019
-1.0,2960.56,2213.9111,1.2541,96.9456,1.6001,0.0105,-0.0099,202.0352,8.8381,411.7386,0.9717,191.9315,12.4124,1.3873,-2320.75,-3470.0,1.2775,1.9843,7.1688,69.3222,2.3111,0.2092,84.361,8.8624,64.6702,66.2314,86.3364,81.74,2.673,352.4909,142.7918,737.3662,1.2712,138.1273,633.41,197.6928,4.598,4.844,2847.0,0.9315,-3.2945,354.9045,10.1011,119.4973,15.698,23.2945,29.873,707.4932,144.8573,619.2591,109.1451,-0.0053,-0.0064,0.02,-0.0041,-0.0217,-0.022,0.0272,6.6818,0.1286,0.9896,1893.0174,0.1993,8744.2,-0.0352,0.0046,0.0389,0.006,0.448365994390418,0.9482,748.3889,0.9907,60.3658,0.591,0.9809,6.3323,15.83,3.265,15.84,15.76,1.026,0.5581,3.074,-2.93,0.8145,2.2569,999.8622,138.0,69.4,108.4,58.0999,249.71,0.2048,0.23175000000000004,0.0721,0.0329,0.0271,8.2124,5.905,9.163,0.0155,0.42,0.0423,459.0,2944.0,0.134,0.088,0.179,2.1,0.417,0.6458,0.1516,0.631,0.3272,0.8332,0.648,0.122,6.78,21.1,95.239,1.106,23.03,8.49,35.225,75.381,0.0786,0.0504,0.0313,0.0573,0.0769,0.0543,0.076,0.074,2.9526,0.037,0.0017,157.449,0.037,1082.4004,0.0099,0.0158,0.04147893089878066,0.0056,81.0355,2.4703,0.0316,0.2857,0.053,3.7313,33.4127,25.2954,38.1392,0.0707,2.6017,0.08085,1.568,0.1198,0.0155,203.3994,244.4218,4331.0843,1216.4626,0.0598,0.0393,0.0814,0.7997,0.0505,0.1427,0.2424,0.062,0.1197,6.5968,0.2268,9.5252,0.0416,1.9749,6.9971,26.4192,0.3625,2.5278,3.2763,11.3349,25.9916,0.0213,0.0242,0.0144,0.0241,0.0238,0.0298,0.0403,0.0382,0.9321,0.0137,0.0006,51.7392,0.0116,345.2594,0.014064482202425984,0.0022,27.3178,0.8715,0.0102,0.0907,0.0167,6.6795,1.2904,6.2198,2.3442,4.3968,2.6243,12.6501,16.3282,16.1177,66.8131,2.2254,1.5946,3.3837,3.0512,298.58439999999996,84.8415,10.4892,4.4349,2.4969,3.0293,43.2692,78.8635,12.4185,0.7655,1.711,0.9757,0.2198,5.8952,9.1322,4.1548,9.594,4.9085,3.3312,48.1752,6.241,10.9493,11.2053,146.7065,4.9788,24.0943,69.0649,0.0,256.1626,285.7855,0.0,250.519,345.0624,272.5599,44.1878,2.9559,1.5277,0.1708,8.3174,18.5738,418.543,38.6617,0.0,12.322221423311813,0.5871,10.828,0.0762,4.0923,4.5114,2.3502,9.64,76.578,12.5,0.97,5.5017,0.3718,86.7117,3.0948,1.2667,0.1406,0.0323,14.9122,4.98,0.0877,2.0902,0.0382,1.8844,15.4662,529.5955,2.1619,8.0099,0.1878,2.6198,0.0563,1.5125,8.6853,0.0128,2.5737,0.0437,0.02,45.7019
-1.0,2978.15,2153.9778,1.3522,100.9367,1.4035,0.0222,-0.0014,198.2337,11.0332,415.0782,0.9761,188.2801,12.602,1.4182,-3414.0,-178.75,1.3185,2.0038,7.3585,69.9,2.5,0.1961,84.8185,8.9979,64.3519,66.2937,86.4854,78.42,3.08,351.0955,135.4491,726.8681,1.3219,141.7455,628.29,196.9402,4.563,4.804,2853.0,0.9298,-1.56,351.7009,10.406,113.8891,15.041,21.56,28.4794,698.3886,149.2073,614.7973,101.0167,-0.0095,-0.0176,0.1257,0.0053,-0.0227,-0.0227,0.0367,7.7616,0.1335,0.9915,1791.7535,0.2393,8543.17,-0.0005,-0.0512,-0.0466,-0.0164,0.4508623171849464,0.9517,623.9198,0.9912,57.7089,0.6017,0.9795,6.2425,15.73,5.97,15.75,15.71,1.834,0.9226,3.273,-2.9329,0.5042,2.272,998.8077,140.0,73.6,68.5,56.7,437.938,0.1451,0.1278,0.04,0.0468,0.0131,7.0881,15.976000000000003,5.143,0.0108,0.31,0.035,640.0,2398.0,0.194,0.104,0.323,2.4,0.773,0.6156,0.0732,0.493,0.359,1.1082,0.517,0.1179,5.11,18.56,25.31,0.871,22.75,8.28,34.837,59.76,0.0946,0.0821,0.0309,0.1258,0.1075,0.0196,0.0944,0.0377,3.4774,0.034,0.0007,98.5042,0.0512,1892.3003,0.0369,0.0333,0.05584240868213952,0.0289,149.4868,1.5941,0.0248,0.2441,0.0592,3.1871,36.7818,22.2522,19.8144,0.0522,1.7397,0.0463,4.96435,0.0852,0.0131,303.5276,191.2503,420.9141,1130.5758,0.0876,0.049,0.1418,0.7566,0.035,0.2374,0.2479,0.029,0.0962,6.1318,0.1561,8.9247,0.0356,1.485,5.7832,9.634,0.2358,2.3774,2.8681,11.2364,18.6891,0.0248,0.0347,0.0134,0.0602,0.0318,0.0087,0.0508,0.0187,1.1412,0.0126,0.0002,38.5673,0.0162,632.0096,0.014251631648507807,0.011,56.9259,0.5324,0.0096,0.0804,0.0206,5.2757,1.0033,6.4646,2.4713,2.7334,2.6323,36.7182,10.7294,9.1059,157.7605,1.239,1.1044,2.4599,2.4652,27.6216,0.0,14.7137,5.1903,4.3895,3.4335,44.0,45.3824,22.2425,0.7258,0.8131,0.7661,0.3814,6.4398,10.6608,3.9593,8.9224,3.6051,2.9541,12.8516,6.897,8.3702,12.2488,151.2531,4.9882,17.2685,59.1585,996.445,119.4182,100.1194,0.0,86.2486,416.777,102.7248,44.803,1.6479,1.381,0.0705,5.4976,21.3808,0.0,32.9614,523.6364,12.597335195965726,3.0395,23.9593,0.0754,2.7622,3.9101,2.6058,8.7014,73.5,15.91,1.0,7.1614,0.3767,21.344,3.979,1.3605,0.3472,0.0623,35.9702,4.86,0.3378481311764915,2.0873,0.1352392452747727,1.7811,38.05341532073962,528.4045,1.9943,9.01,0.2454,2.9594,0.0796,1.7051,12.3064,0.0123,2.459,0.0437,0.02,45.7019
-1.0,3053.48,2231.6111,1.2969,93.7522,1.4217,0.0029,-0.0119,202.8347,7.0235,396.2753,0.9752,192.8856,12.4912,1.3898,-4847.5,-906.5,1.261,1.966,7.3305,65.6444,2.6111,0.2096,85.7132,9.0606,64.0248,66.94045000000003,86.8551,63.93999999999998,4.498,351.5909,139.2555,734.2549,1.3014,142.3827,633.2291,185.331,4.578,4.829,2849.0,0.9325,-1.0409,354.0155,10.1847,118.2145,13.6481,21.0409,28.5052,705.7497,149.1664,621.3964,94.7237,-0.0337,-0.0194,0.0009,-0.0257,-0.0028,-0.0206,0.0364,7.8064,0.1282,0.9904,1808.4584,0.1706,8497.45,0.0668,0.0288,-0.0051,0.0616,0.4654,0.9316,749.2621,0.9916,58.3517,0.5941,0.9622,6.3967,15.58,3.012,15.57,15.58,1.39,0.5199,3.279,-2.364,0.807,2.4439,991.5921,110.0,147.7,117.7,52.7,563.299,0.3411,0.0858,0.0518,0.0466,0.0131,11.9504,4.989,16.362,0.0108,0.31,0.0624,934.0,605.0,0.109,0.1,0.149,2.5,0.456,0.7854,0.0753,0.801,0.3907,0.7315,0.302,0.2237,5.19,23.63,63.322,1.261,17.64,4.57,31.649,74.057,0.0716,0.0325,0.0369,0.0472,0.0411,0.0326,0.0794,0.1311,3.5721,0.082,0.0008,152.0415,0.0616,565.9004,0.0131,0.0076,0.022,0.0119,67.4893,2.0062,0.0417,0.2539,0.109,4.9948,29.161,43.3965,34.0824,0.1034,2.304,0.0315,1.6117,0.0913,0.0238,399.8553,104.5259,2535.3966,276.172,0.0514,0.0449,0.0664,0.7844,0.0328,0.1668,0.28,0.0331,0.0725,5.6454,0.0889,9.2456,0.067,1.7837,7.2169,21.5021,0.3843,1.4189,1.4651,9.9103,24.3035,0.019,0.0151,0.0174,0.0237,0.0116,0.0161,0.0409,0.0687,1.277,0.0263,0.0003,47.2493,0.0181,234.7106,0.0066,0.0037,23.7439,0.6158,0.0147,0.0897,0.0396,5.6754,1.3981,4.9878,4.8371,4.4008,2.3615,28.0822,26.3059,6.0351,71.0325,4.1289,1.1026,2.4817,4.4912,109.8298,66.7402,8.6439,5.0865,2.0326,3.8084,30.6383,52.9692,13.4885,0.9163,0.8313,1.2511,0.2356,5.0911,9.7949,4.0803,17.187,3.6451,3.7317,34.167,6.7031,12.3813,11.3861,129.2487,4.4844,33.6264,78.1821,212.3448,199.6928,0.0,160.1559,0.0,385.4369,359.6708,45.7584,2.6526,3.4529,0.0831,8.4072,36.0831,0.0,26.5836,0.0,4.7352,1.2748,9.0074,0.0467,3.4382,3.9698,4.4585,13.2085,73.218,14.89,0.98,6.9431,0.3811,19.6611,3.7161,1.3385,0.4895,0.0745,49.5678,6.377729544131477,0.12823519746556253,2.5163454259275877,0.05834559307152931,2.419400092390549,21.121031282397304,529.8718,1.9408,6.33,0.357,2.1429,0.1083,1.1946,18.3953,0.026000000000000006,5.21645,0.011,0.0096,87.4677
-1.0,3031.22,2211.5222,0.8126,105.1278,1.4615,-0.0109,0.014,203.2211,6.5553,403.3514,0.9686,193.598,12.5412,1.3905,-3579.0,-1596.0,1.3048,2.0038,7.2782,73.8333,2.0,0.1523,84.6998,9.4336,64.1172,66.3004,87.4694,63.93999999999998,5.041,349.5027,137.6009,723.7314,0.9725,137.0855,624.1891,144.4502,4.534,4.746,2847.0,0.9311,-1.24,347.74,10.4197,116.3609,9.3164,21.24,28.1969,695.5345,150.7718,614.8727,107.0097,-0.0203,-0.072,0.0102,-0.0231,0.0379,-0.0103,0.11345000000000001,8.1938,0.1386,0.9879,1803.7358,0.2155,8212.12,0.23764999999999997,0.0577,-0.028,0.1202,0.4639,0.9446,707.9052,0.9908,59.7621,0.5913,0.981,6.3576,15.6,2.897,15.67,15.57,1.749,0.5037,3.323,-2.364,0.7865,2.4723,989.4811,103.0,179.0,159.5,72.1001,292.155,0.0841,0.0821,0.0522,0.0498,0.0202,8.8066,4.388,17.174,0.0143,0.31,0.0876,705.0,3467.0,0.098,0.067,0.092,4.4,0.534,0.9845,0.1381,0.6945,0.3139,1.0658,0.762,0.0885,6.45,18.95,43.098,0.383,13.63,5.66,27.313,79.915,0.0642,0.0377,0.0423,0.0335,0.0376,0.0761,0.0922,0.0621,1.986,0.0766,0.0013,163.8424,0.025,1373.5,0.0285,0.0249,0.0186,0.0149,154.9708,1.7155,0.0333,0.5292,0.1082,5.5793,27.4086,60.1515,51.547,0.0284,2.7453,0.0312,1.3884,0.0731,0.0286,322.1909,177.7965,1371.8122,1432.8464,0.0429,0.0319,0.0411,1.4688,0.0321,0.1601,0.3862,0.0545,0.0497,7.0986,0.2786,7.7468,0.0255,2.3226,5.4401,12.7664,0.1095,1.5984,1.9428,8.8553,28.2984,0.0187,0.0168,0.0195,0.018,0.0112,0.0356,0.0443,0.026,0.7197,0.025,0.0004,51.0421,0.0084,545.1792,0.0049,0.0054,59.5842,0.5709,0.0106,0.1766,0.0395,4.4388,1.7187,4.7327,5.9052,6.2831,3.2602,27.0581,10.3499,5.6175,66.9385,4.2578,1.4793,2.4718,6.2982,92.5119,217.2306,7.511,3.3437,1.264,5.9594,70.0,66.9584,16.1905,1.1623,1.4639,1.0832,0.1828,6.3204,4.7093,3.6537,9.0955,4.7051,3.0359,29.8359,4.496,3.6757,6.7892,146.3015,3.9269,15.9576,74.6801,315.673,368.7042,327.6284,162.9028,200.7916,897.3236,52.8961,24.2379,1.5148,3.2291,0.1313,9.0835,11.6158,236.1589,55.9819,309.6774,4.0188,1.5815,21.8915,0.0903,2.8705,8.3233,4.3752,15.6711,74.842,20.38,1.13,8.2483,0.4412,69.2721,4.9981,1.5099,0.1415,0.034,14.3464,4.98,0.0877,2.0902,0.0382,1.8844,15.4662,531.0518,1.8932,6.8,0.2571,2.4258,0.0756,1.2805,13.5789,0.0097,1.9366,0.0257,0.0174,67.6124
-1.0,2935.34,2276.4556,1.2317,93.6778,1.4132,-0.031,0.0069,198.3781,9.2702,403.499,0.9713,188.7603,12.5412,1.4361,-3969.0,-4871.25,1.3045,1.99,7.3848,66.9333,2.1,0.1757,84.1975,8.7548,64.5815,66.371,86.2183,63.93999999999998,5.041,355.3682,145.5355,745.1394,1.2403,135.6027,636.5064,214.2248,4.615,4.85,2854.0,0.9279,-4.4882,354.6827,10.3068,121.0473,11.1082,24.4882,32.5465,712.5929,149.6682,625.3982,102.7367,0.0231,0.0556,-0.0106,-0.0117,0.0406,-0.0382,0.11345000000000001,8.1824,0.1322,0.9906,1823.3142,0.1949,8794.2698,0.0032,0.0335,-0.0056,-0.0027,0.4543,0.9501,733.6116,0.9911,58.1834,0.5923,0.9639,6.3339,15.58,3.012,15.57,15.58,1.39,0.5199,3.279,-2.364,0.807,2.4439,991.5921,122.0,96.6,79.2,54.8999,340.7711,0.4235,0.1312,0.0622,0.0608,0.0141,8.5631,4.383,9.839,0.0123,0.31,0.128,779.0,4029.0,0.1,0.084,0.221,2.9,0.372,0.6697,0.1145,0.5289,0.2086,0.8093,0.456,0.1253,5.02,18.34,67.415,0.208,21.5,10.58,33.331,60.491,0.0783,0.0684,0.061,0.048,0.0578,0.068,0.0504,0.0159,4.9689,0.0348,0.0006,154.1986,0.0233,923.0,0.012,0.0196,0.0212,0.0121,119.1682,2.6046,0.0379,0.2367,0.109,4.9948,30.1757,29.7137,28.2082,0.1197,1.8239,0.0501,1.5557,0.0731,0.038,321.0446,155.6171,50.9117,2038.2052,0.0411,0.039,0.1031,0.8588,0.0364,0.118,0.2426,0.0562,0.1131,5.7942,0.1533,7.1898,0.0407,1.4609,5.8389,22.968,0.0573,3.1425,4.0796,10.2662,16.6855,0.0182,0.0281,0.0277,0.0221,0.0167,0.0334,0.0224,0.0072,1.6365,0.0128,0.0002,46.8913,0.0075,264.5858,0.0059,0.0033,34.1272,0.7229,0.0135,0.0805,0.0396,5.6754,1.3981,5.5014,3.2909,3.1043,2.4116,15.8606,34.3856,9.2838,47.2806,2.4384,1.2689,2.4718,8.9738,1.8141,82.7098,7.6658,4.2211,2.9927,4.3327,52.381,67.7419,11.0967,0.7954,1.3082,0.819,0.2855,5.0933,4.212,3.1594,10.1038,3.702,2.8814,31.4693,5.595,2.0181,5.9977,193.5502,4.6774,11.2033,58.8796,338.6861,193.6306,450.7042,492.7011,167.3846,131.8509,12.9085,60.7272,1.4369,1.4536,0.062,8.4571,11.9354,0.0,29.6041,0.0,4.6687,1.2765,16.244,0.0901,4.4766,3.7367,4.4585,13.2085,73.5,15.91,1.0,7.1614,0.3767,21.344,3.979,1.3605,0.2986,0.0532,30.1541,9.55,0.2313,3.5052,0.0896,3.5583,38.05341532073962,532.8,2.0925,6.28,0.365,1.9903,0.1121,1.1787,17.4432,0.0178,3.6018,0.0257,0.0174,67.6124
-1.0,2972.34,2231.6111,1.2969,93.7522,1.3824,0.0045,-0.0068,202.1628,6.5091,391.3602,0.9794,192.2997,12.5743,1.4137,-3689.0,-615.0,1.2915,1.9973,7.3705,72.0,2.6444,0.2148,85.2836,8.8331,64.3688,66.0106,87.0785,75.34,3.396,352.2018,129.0391,718.0416,0.9305,138.7764,620.0173,100.8829,4.609,4.839,2842.0,0.9337,1.4409,350.95,10.6586,110.48,12.3423,18.5591,22.3245,695.7171,147.5927,609.0227,100.4536,-0.0191,-0.011,0.0066,-0.0162,-0.0247,-0.0211,0.0248,6.6389,0.1334,0.9895,1760.7394,0.2038,9167.33,0.0074,0.0279,-0.0163,-0.0602,0.4575642588618716,0.9539,723.3818,0.9912,57.8809,0.601,0.9622,6.3915,15.76,3.082,15.79,15.7,0.9838,0.4949,3.017,0.0,0.8253,2.2864,1001.4682,105.0,111.5,113.5,52.7,563.299,0.3411,0.1223,0.058,0.0535,0.0079,9.23,3.997,10.794,0.0066,0.2,0.128,1097.0,1932.0,0.117,0.091,0.375,3.1,0.227,0.7982,0.26130000000000003,0.6623,0.3935,0.8184,0.414,0.1244,5.98,17.3,24.304,0.892,16.85,5.07,29.182,36.331,0.0608,0.0549,0.0391,0.0631,0.0534,0.0217,0.107,0.0568,6.514,0.0495,0.0015,243.4284,0.0233,369.0,0.0192,0.013,0.05347926606043449,0.0082,53.1265,1.6674,0.031,0.2529,0.0609,4.1716,29.2712,37.7274,32.9083,0.1034,2.304,0.038,1.17,0.055,0.045799999999999993,497.3807,228.7202,1359.7693,812.7349,0.0509,0.0379,0.1681,1.0654,0.0477,0.0832,0.3019,0.0985,0.1418,5.464,0.1497,8.9466,0.0349,1.7859,5.6271,6.37,0.2429,1.6376,1.8548,9.5283,12.4544,0.0158,0.0232,0.0164,0.0274,0.0173,0.0104,0.0558,0.0276,2.0613,0.0159,0.0005,76.5225,0.0092,115.0292,0.013031993876576118,0.0026,15.7499,0.5409,0.0128,0.0928,0.0182,6.3102,1.6901,4.8256,3.7513,4.6033,2.3615,28.0822,26.3059,8.8469,61.4064,2.7581,0.6774,1.5905,9.13815,89.7262,314.1463,9.0592,4.5563,5.0879,4.3056,30.2521,70.3052,6.7539,0.9359,2.9167,1.0289,0.2679,4.8353,11.0897,4.0675,13.3657,4.3091,2.7902,24.0913,6.2148,8.3688,14.5185,136.5224,4.1945,25.309,36.1669,318.7697,103.0986,764.9995,330.5819,87.9433,507.109,228.8016,98.1179,1.3491,2.054,0.156,13.108349999999998,11.4359,475.9725,48.1328,0.0,12.197675660896193,0.8575,7.3442,0.0608,2.8808,3.957,2.6629,10.101,71.706,18.95,0.74,7.762,0.2833,45.6967,4.6832,1.032,0.2692,0.0595,26.4387,8.06,0.2293,3.6412,0.0975,3.1566,38.05341532073962,533.9718,1.9524,5.44,0.4464,1.708,0.1329,1.0188,22.8636,0.0125,2.5188,0.0257,0.0174,67.6124
-1.0,3051.68,2219.7667,1.3381,98.89,1.3242,0.013,-0.0102,197.661,8.7598,404.651,0.9825,187.8035,12.5743,1.4103,-2935.0,-7175.24995,1.2808,2.0083,7.242,71.4889,2.2333,0.171,85.8815,8.7609,64.2677,66.1478,87.0545,80.67,2.791,351.8791,131.9855,723.4512,1.3248,142.4127,626.2773,216.3689,4.609,4.839,2842.0,0.9337,-0.0509,352.3909,10.4853,111.9345,14.7923,20.0509,27.2235,696.2277,148.6564,612.9818,100.4355,-0.012,-0.0368,0.0024,-0.0289,-0.0207,-0.0142,0.0182,7.0657,0.1383,0.9871,1835.0062,0.2007,9387.57,0.1144,0.053,0.0316,0.1744,0.453893314834539,0.9444,834.3392,0.991,57.9173,0.5953,0.9636,6.342,15.78,2.959,15.77,15.75,1.447,0.4913,3.246,-2.9329,0.7948,2.4253,1003.8606,69.0,192.1,114.3,58.0999,582.4641,0.2867,0.1274,0.0658,0.0749,0.0067,8.5197,6.016,16.523,0.005,0.2,0.0313,1736.0,13599.0,0.133,0.025,0.244,2.8,0.57,0.8935,0.1203,0.599,0.3334,0.7783,0.319,0.1511,5.48,17.7,48.23,1.153,18.63,4.71,30.784,51.035,0.0688,0.0655,0.0461,0.0718,0.1094,0.0478,0.0946,0.11,4.083,0.0651,0.0026,100.2379,0.0473,657.3008,0.0273,0.0151,0.05823876379088225,0.017,66.9255,2.6352,0.0308,0.2925,0.1032,3.6718,19.0274,58.6215,38.5556,0.0926,2.4714,0.0393,1.6667,0.055,0.0133,783.5175,183.5618,3405.2133,7355.1548,0.0587,0.0113,0.1053,0.8623,0.0455,0.2075,0.3447,0.044,0.1456,5.371,0.1035,8.9985,0.0425,1.7871,5.5869,16.2475,0.3161,1.325,1.8056,9.4385,14.7961,0.0203,0.0269,0.0198,0.0332,0.0259,0.0228,0.0478,0.048,1.5513,0.0234,0.0008,35.724,0.0141,234.6774,0.019247967223475233,0.0068,25.3031,0.8334,0.0098,0.1018,0.0366,5.3856,1.1401,3.178,6.2949,4.5624,2.6174,27.9162,21.4288,9.6205,68.6772,4.0833,0.5129,1.5905,2.2186,264.3952,95.5747,10.3845,1.2449,3.3692,3.9167,62.6866,89.4737,17.2217,1.0404,1.3733,0.932,0.33,5.2404,11.0694,4.0177,11.4032,3.848,2.8262,22.2906,6.2148,10.9964,12.9183,125.9439,4.4215,18.9202,50.8137,575.7322,383.6018,0.0,378.0562,231.1971,667.3721,605.227,57.7853,2.314,2.6155,0.2592,5.4625,23.5751,186.9969,45.7447,856.1404,15.538420823417209,1.8033,8.0214,0.1021,4.5499,4.6119,4.2568,10.5679,72.976,16.41,1.4,7.7824,0.5612,58.1397,4.0562,1.9184,0.419,0.1063,39.9476,11.93,0.1867,4.532500000000001,0.0772,4.6347,37.2965,533.9718,1.9524,5.44,0.4464,1.708,0.1329,1.0188,22.8636,0.0177,3.5121,0.0111,0.0195,176.2709
-1.0,3056.49,2192.5556,1.3766,96.14,1.5745,0.005,0.0006,201.4365,7.5646,413.0839,0.9626,191.5751,12.3543,1.4019,-3675.75,-6073.3333,1.3168,1.9785,7.2927,68.2444,2.0,0.1768,86.4883,8.6544,65.0056,66.2357,86.33,80.67,2.584,349.8445,134.76,719.9964,1.001,136.1436,620.7482,119.3616,4.534,4.746,2847.0,0.9311,1.7318,347.0,10.3133,116.4918,6.8102,18.2682,23.8107,696.1856,151.57,615.0618,105.5,-0.0197,-0.0439,0.0714,-0.0043,0.0005,-0.0093,0.0213,8.111,0.13,0.9889,1790.2606,0.2186,8637.8899,0.1185,-0.0195,-0.0319,-0.0279,0.4661131389517885,0.9617,753.7902,0.99,60.0375,0.5929,0.9649,6.3303,15.74,5.675,15.79,15.65,1.735,0.8757,3.06,-2.9329,0.6304,2.2445,1001.1729,73.0,201.4,167.5,46.8,555.8311,0.5611,0.23175000000000004,0.055,0.0334,0.0225,9.5654,4.773,11.022,0.0184,0.8700000000000001,0.0229,420.0,9931.0,0.2,0.047,0.054,1.5,0.398,0.5744,0.2043,0.3145,0.2238,0.8116,0.761,0.0846,5.92,17.5,44.15,0.248,10.54,5.78,25.927,69.879,0.1013,0.0363,0.0342,0.037,0.1034,0.0867,0.1,0.0565,2.6606,0.0708,0.0013,94.3271,0.1072,661.5,0.0203,0.0134,0.058148779509722165,0.0111,77.9528,4.3832,0.0436,0.2504,0.0583,2.332,20.4571,70.973,57.0585,0.1811,1.0089,0.0757,1.456,0.2202,0.0074,194.8025,293.1272,263.5809,4985.4382,0.083,0.0225,0.023,0.4927,0.0373,0.1484,0.2051,0.084,0.0646,7.3335,0.2406,7.068,0.0265,1.6045,5.1992,12.0369,0.0856,1.6959,2.0168,8.0883,21.0404,0.028,0.0164,0.016,0.0155,0.0299,0.0427,0.0509,0.0237,0.9128,0.0233,0.0005,30.3134,0.0285,213.3371,0.010948680721745072,0.0035,24.1325,1.3031,0.0138,0.0805,0.0199,3.6166,0.6244,3.3673,6.5893,6.7299,2.1345,29.1232,40.7632,15.0464,63.0962,2.6682,1.911,6.94175,1.6321,17.0849,163.5181,15.1889,2.3755,0.7405,2.198,45.0,70.1446,11.5151,0.6641,2.3603,0.4338000000000002,0.3039,6.9688,6.3372,3.4574,8.4562,4.3483,2.8192,36.9884,4.496,2.4047,5.7601,154.7679,3.7242,11.2995,66.236,513.8871,131.1653,51.8026,0.0,0.0,0.0,265.2582,32.8026,1.9229,2.9907,0.1271,5.2689,49.0549,558.3333,38.6768,0.0,12.333528350267454,1.1506,10.3414,0.1197,7.3008,3.9556,2.5971,5.9534,73.218,14.89,0.98,6.9431,0.3811,19.6611,3.7161,1.3385,0.364,0.089,35.5082,4.98,0.0877,2.0902,0.0382,1.8844,15.4662,533.2855,2.0362,6.32,0.2679,2.0635,0.0922,1.1851,13.1553,0.0123,2.4846,0.0111,0.0195,176.2709
-1.0,3034.13,2219.7667,1.3381,98.89,1.391,0.0086,-0.0015,201.7196,8.4638,410.9316,0.9792,191.8205,12.5743,1.4261,-3674.25,85.0,1.2705,1.983,7.2247,72.7111,2.2111,0.1914,84.5333,8.8078,63.94,66.396,86.9208,69.98427674956426,2.941055279670091,352.4518,136.6809,730.1985,1.3397,143.6727,632.8055,184.6403,4.578,4.829,2849.0,0.9325,-0.2436,351.7582,10.3365,116.4373,13.2173,20.2436,27.8252,702.3733,151.3927,619.5882,82.1592,-0.0115,-0.0402,-0.0107,-0.0219,-0.027,-0.0254,0.1124,7.4046,0.1438,0.9899,1816.3408,0.1675,8611.2602,-0.0526,-0.0009,0.011,0.0975,0.4549735328301545,0.9332,744.1123,0.9915,58.1438,0.5905,0.9805,6.2129,15.76,3.082,15.79,15.7,0.9838,0.4949,3.017,0.0,0.8253,2.2864,1001.4682,125.0,118.9,147.0,58.0999,582.4641,0.2867,0.1005,0.0641,0.0308,0.0102,8.6198,4.67,8.966,0.0058,0.2,0.0768,551.0,1150.0,0.087,0.105,0.292,3.8,0.603,0.8574,0.0671,0.7442,0.3598,0.9458,0.44,0.2339,10.08,15.42,91.785,1.036,16.98,4.37,30.917,48.579,0.094,0.0478,0.0349,0.0262,0.0426,0.0388,0.0814,0.0133,3.0438,0.0452,0.0009,117.0568,0.0223,609.2998,0.027,0.0094,0.05221008966850449,0.0087,55.9786,1.665,0.0316,0.5058,0.0609,4.1716,31.0685,40.6655,52.3531,0.0926,2.4714,0.0284,1.6938,0.055,0.0226,252.7837,50.9207,547.0219,533.1591,0.042,0.0451,0.1236,1.2424,0.0362,0.1932,0.3123,0.0246,0.1433,5.3134,0.1338,8.8999,0.0647,2.6855,4.694,23.8228,0.2975,1.3028,1.51,9.8811,13.8113,0.0247,0.0214,0.0152,0.0108,0.0123,0.0169,0.0451,0.0055,1.0686,0.0161,0.0003,39.6961,0.0061,244.415,0.014753462366368434,0.0028,20.2392,0.5421,0.0128,0.1666,0.0182,6.3102,1.6901,5.625,3.9188,5.9235,2.6174,27.9162,21.4288,7.225,55.1761,2.1819,0.5889,1.5905,5.3874,35.463,0.0,6.8477,5.295,4.0417,5.2262,45.2261,56.4132,17.7742,1.0143,0.7614,1.1639,0.1257,5.5384,9.8551,4.0577,17.4606,7.0159,2.4368,49.7102,6.7031,10.0227,11.5169,128.4678,4.4018,32.0992,59.1279,817.3913,260.4905,244.8598,194.2987,143.7037,320.4724,11.8354,41.1074,2.5728,1.8778,0.0953,6.4446,13.3278,945.9119,45.4721,0.0,12.166465555211808,0.9281,7.5229,0.0512,2.8637,8.1408,2.6629,10.101,81.312,9.88,1.55,4.9285,0.6834,67.0783,2.4758,1.9062,0.7613,0.1716,70.4477,11.03,0.1918,4.3538,0.0779,4.3197,35.2842,531.2973,1.9279,9.12,0.3046,3.312,0.0864,1.7166,15.7989,0.0129,2.5754,0.0277,0.0116,41.6717
-1.0,3090.72,2226.0667,1.2717,95.7489,1.4945,0.0195,-0.012,197.4323,12.9654,419.6544,0.9818,188.3256,12.4996,1.4221,-3462.25,270.5,1.2442,1.981,7.2672,76.8778,2.0,0.1363,85.2826,8.1161,64.5502,66.1149,87.1218,81.74,2.736,351.7491,133.0627,724.852,1.3441,144.7555,629.5673,238.7736,4.6,4.871,2842.0,0.9346,0.38,350.3409,10.4584,113.4427,18.6082,19.62,29.6983,695.1537,147.1755,610.9591,72.6436,0.0056,-0.0124,0.0693,-0.0009,-0.0377,-0.0249,0.0198,6.835,0.141,0.9872,1937.2993,0.1637,8818.9698,0.0215,-0.0502,0.006,-0.0247,0.4395228181384101,0.9488,777.2348,0.9867000000000001,56.2783,0.6019,0.9798,6.2795,15.71,5.76,15.75,15.66,1.867,0.8899,2.894,0.0,0.6029,2.276,996.6433,95.0,168.5,93.3,45.3,203.886,0.3981,0.23175000000000004,0.063,0.0503,0.0053,8.0317,10.545,5.356,0.0045,0.21,0.0606,243.0,836.0,0.147,0.157,0.241,2.2,0.463,0.733,0.076,0.7155,0.3428,0.8208,0.458,0.1139,8.46,12.9,58.865,0.175,13.83,2.73,27.728,106.78,0.0785,0.0368,0.0304,0.0438,0.1,0.0291,0.0888,0.0603,3.5752,0.052,0.0027,168.7511,0.0413,447.2002,0.0163,0.0118,0.04746654858536728,0.0239,49.1224,4.9519,0.0253,0.4832,0.0682,6.3747,26.6945,47.4966,27.2669,0.1235,2.3433,0.0793,3.2402,0.0561,0.0216,114.1676,158.279,1140.7811,378.412,0.0617,0.0657,0.099,0.7276,0.0423,0.1506,0.2805,0.0344,0.1015,5.039,0.1442,8.4049,0.0325,2.4214,4.1015,18.5235,0.0619,0.9375,0.9494,8.9213,40.3008,0.0234,0.0189,0.0144,0.0203,0.0277,0.013,0.0463,0.0276,1.2773,0.0171,0.0007,51.7065,0.015,134.4909,0.01166279609761342,0.0068,15.286,1.3484,0.0085,0.1639,0.0222,4.1251,2.028,4.3483,5.4518,3.8741,2.035,9.8323,31.3024,16.1177,81.3321,1.2763,0.4551,1.6801,4.2635,77.3774,309.0573,11.8143,7.9253,3.3162,2.8617,45.0,102.6895,13.3996,0.8595,0.9364,1.1084,0.1877,4.344,3.3819,3.6508,8.4732,5.8443,2.049,24.6531,6.1318,1.6733,6.1705,74.322,3.9888,46.8783,146.9915,0.0,50.7937,63.2491,0.0,77.0861,356.2688,305.3165,52.3069,4.941799999999999,2.1517,0.2743,8.7106,25.2505,0.0,37.149,0.0,11.529480672797629,2.5163,6.3201,0.25379999999999997,8.799,7.6954,2.9943,15.8181,73.546,16.23,0.87,7.0941,0.3417,15.604,4.0671,1.1829,0.2025,0.0488,20.2425,4.98,0.0877,2.0902,0.0382,1.8844,15.4662,532.4618,2.2425,10.27,0.4006,3.5201,0.1282,1.9288,17.8615,0.013,2.595,0.0084,0.0097,116.1088
-1.0,3012.45,2208.5222,1.1571,95.2056,1.4939,0.0096,0.0071,197.7131,6.4817,398.2141,0.9809,187.7228,12.5661,1.4256,-5734.5,-452.0,1.297,2.0172,7.3107,68.1111,2.9667,0.238,85.7546,8.7402,64.4204,66.346,86.3766,78.93,3.074,351.1464,140.9991,733.9234,1.0939,136.8382,628.9836,59.805,4.574,4.81,2854.0,0.931,-2.1409,351.9182,10.3999,118.8582,10.0196,22.1409,27.9241,705.9993,149.4418,620.2182,116.1519,-0.0225,-0.0331,-0.0038,-0.0146,0.0087,-0.0285,0.05,7.5344,0.131,0.987,1821.2154,0.2031,8587.0802,-0.0258,0.0326,0.0256,0.0857,0.4532006566060798,0.9302,733.3461,0.9908,59.0575,0.601,0.9801,6.2821,15.78,2.959,15.77,15.75,1.447,0.4913,3.246,-2.9329,0.7948,2.4253,1003.8606,131.0,165.1,83.4,59.2,695.4089,0.3208,0.1029,0.0565,0.0409,0.0056,5.1421,4.234,17.243,0.0048,0.21,0.0615,795.0,2140.0,0.247,0.121,0.079,2.1,0.338,0.6624,0.108,0.6219,0.2857,0.8904,0.568,0.1296,8.62,24.29,17.072,0.972,14.37,7.37,31.057,36.845,0.0851,0.0421,0.0205,0.0589,0.0707,0.0471,0.0992,0.127,5.3079,0.0406,0.0023,155.1107,0.0654,525.7998,0.0167,0.0128,0.053489170785669365,0.0205,48.0734,1.582,0.0363,0.2618,0.1032,3.6718,34.0973,50.5618,27.3602,0.1099,1.9784,0.0412,1.1527,0.0558,0.0218,351.1157,153.8839,5218.9299,1007.7546,0.111,0.0499,0.041,0.7474,0.0538,0.1138,0.2585,0.044,0.1161,6.5589,0.1763,9.1318,0.039,2.6123,7.0559,6.2192,0.2568,2.0419,2.2276,9.6444,10.2481,0.0229,0.018,0.0093,0.0266,0.0206,0.0209,0.0507,0.0683,1.9418,0.0138,0.0007,53.2417,0.02,188.6385,0.012549733999953369,0.0065,16.6486,0.521,0.0111,0.0851,0.0366,5.3856,1.1401,5.938,5.4806,3.4428,2.6805,37.8206,27.7229,6.8878,65.3221,4.3301,0.4862,1.6712,4.3153,199.9826,473.4513,19.0439,5.9983,1.0806,3.0832,30.3371,76.0504,10.2235,0.7724,1.2357,0.9654,0.3081,6.1143,10.4611,4.3047,11.8512,6.2994,3.8618,28.5461,6.5618,9.3462,15.7162,143.4188,4.399,8.8126,31.7214,377.5929,163.8132,0.0,483.6255,541.3793,348.6819,254.1271,70.4485,1.8327,1.6706,0.237,8.5169,32.1812,660.6452,62.0278,0.0,11.7285762264022,2.2086,6.5553,0.1093,2.6787,4.1673,4.2568,10.5679,73.892,17.04,0.8,7.3068,0.3692,22.8667,4.148,1.0827,0.3472,0.0623,35.9702,4.87,0.1744,2.2178,0.079,1.9144,27.0164,533.9936,2.2318,8.27,0.3001,2.7629,0.0861,1.5487,13.4487,0.012,2.4101,0.0084,0.0097,116.1088
-1.0,2990.29,2200.2,1.3171,103.8978,1.432,0.0142,-0.017,197.8119,7.1712,400.5376,0.9808,187.8235,12.56,1.3993,-3415.0,7084.9583,1.2895,1.9875,7.2947,71.9111,2.3444,0.1759,85.8815,8.7609,64.2677,66.1478,87.0545,80.67,2.791,353.3764,139.6155,733.956,0.9261,134.2845,627.2764,104.2063,4.591,4.841,2858.0,0.9302,-2.0655,353.6155,10.359,117.55,9.4297,22.0655,27.4762,706.4798,149.6573,620.8227,96.1939,0.0023,-0.0105,0.011,-0.0127,0.0181,-0.0239,0.0083,8.1549,0.1389,0.9906,1787.1098,0.2076,9004.7299,0.0054,0.0344,0.0237,0.0137,0.4572123358032494,0.9483,696.7423,0.9909,57.7969,0.5896,0.9811,6.2346,16.0,2.956,16.04,15.93,1.078,0.491,3.252,-2.9329,0.8307,2.4023,1020.9944,95.0,128.2,141.4,67.6001,290.96,0.0897,0.0819,0.0589,0.05,0.0065,8.3372,5.253,22.558,0.0056,0.2,0.0409,497.0,17919.5,0.102,0.128,0.249,2.6,0.376,0.8935,0.1203,0.599,0.3334,0.7783,0.533,0.1106,9.46,22.16,45.131,0.309,15.88,4.36,33.642,51.532,0.16345,0.0473,0.0967,0.063,0.0572,0.0664,0.0431,0.0473,2.118,0.0582,0.001,132.5828,0.0263,2322.228871323444,0.0102,0.0128,0.03258533172745706,0.0187,207.4045,3.8374,0.0371,0.2912,0.1161,5.9284,27.9053,46.8555,43.8286,0.0341,2.4138,0.028,1.4869,0.0547,0.0147,223.6552,187.1693,2046.7322,8994.62525,0.0441,0.0569,0.1094,1.0994,0.048,0.1366,0.3447,0.044,0.1456,3.6378,0.2007,9.4324,0.0372,2.6401,6.3676,14.2234,0.1095,1.3488,2.0619,10.8897,16.0605,0.045450000000000004,0.0203,0.0431,0.0298,0.0165,0.0282,0.0188,0.0228,0.9185,0.0171,0.0004,41.7363,0.0078,740.5578,0.009764347170221328,0.0064,68.0278,1.1424,0.0119,0.0974,0.046,4.3377,2.0109,4.3183,4.2872,5.6059,3.0725,25.9511,6.814,5.7191,73.2515,5.6319,0.5659,1.5924,2.9215,146.7936,192.4269,7.91,6.4403,3.4134,3.6156,38.3886,70.4991,10.9444,1.0404,1.3733,0.932,0.33,3.1921,6.7471,4.1635,11.9398,7.0447,3.5327,43.3093,5.2428,2.9829,9.2131,168.4035,4.7619,9.3572,53.571,0.0,146.8944,574.0319,451.2821,367.3582,180.5236,573.3333,25.9718,3.5467,2.3901,0.1022,7.4188,12.653,957.0093,29.6,0.0,6.492999266610904,1.9682,29.7677,0.1056,6.6395,4.6701,4.833,13.6825,73.41,17.17,1.47,8.3565,0.5793,54.4233,4.2932,2.0025,0.3472,0.0623,35.9702,4.98,0.0877,2.0902,0.0382,1.8844,15.4662,533.9982,1.8821,7.45,0.4584,2.5183,0.133,1.3951,24.3541,0.0181,3.5791,0.0084,0.0097,116.1088
-1.0,2997.67,2147.1111,1.355,103.2778,1.444,0.0159,-0.0135,201.9157,8.0093,400.1677,0.9696,192.0591,12.3543,1.3599999999999999,-3994.25,-3293.5,1.2813,2.0227,7.2545,72.4,2.2111,0.1653,85.3687,9.97415,63.7914,66.4257,86.8485,80.27,3.244,350.9991,135.9182,725.8717,0.8569,136.0773,622.9945,109.3734,4.595,4.848,2844.0,0.9316,-4.3955,350.8927,10.5522,111.5227,11.7075,24.3955,29.3585,696.5133,150.3536,612.7691,112.302,-0.0343,-0.0326,0.073,-0.0099,-0.0456,-0.027,0.028,7.7639,0.1254,0.9886,1774.0783,0.1788,9075.9,0.07,-0.053,-0.0122,0.0969,0.4550187529139622,0.9388,773.1085,0.9909,57.5522,0.5901,0.964,6.3724,16.0,2.956,16.04,15.93,1.078,0.491,3.252,-2.9329,0.8307,2.4023,1020.9944,80.0,165.4,56.1,57.4001,423.297,0.0846,0.1048,0.0575,0.0393,0.0193,10.6182,4.597,10.199,0.0153,0.8700000000000001,0.0184,721.0,5455.0,0.122,0.098,0.218,4.5,0.485,0.7025,0.058,0.6831,0.2769,1.0002,0.527,0.1059,7.56,21.38,31.916,0.675,14.11,5.36,29.184,80.142,0.0802,0.0845,0.0336,0.0447,0.0604,0.0342,0.1006,0.1017,4.9723,0.0341,0.0026,230.9332,0.0435,687.3008,0.0209,0.0122,0.0535124367344999,0.0299,103.338,3.561,0.0374,0.2083,0.1161,5.9284,21.225,54.8318,20.2532,0.0226,2.1625,0.0352,1.3835,0.2202,0.0071,311.8338,163.0222,688.2259,2300.5525,0.0518,0.0404,0.0922,1.423,0.0457,0.1382,0.2942,0.0234,0.1159,4.8406,0.1797,9.101,0.0273,2.4205,6.2884,8.5021,0.1757,1.5042,1.4635,9.4947,24.0439,0.0199,0.0351,0.0149,0.0213,0.0166,0.0143,0.0491,0.0443,1.6455,0.01,0.0008,71.3668,0.0142,225.6418,0.013458253412474206,0.011,30.9437,1.0696,0.0135,0.0733,0.046,4.3377,2.0109,3.6366,5.5176,2.2931,2.6734,39.1262,6.2417,7.2578,57.396,2.5487,1.574,6.94175,1.3555,36.7528,165.6293,9.522,4.8449,3.005,6.2155,58.794,87.7016,14.5767,0.8229,0.4281,1.0708,0.1137,4.5356,10.7712,4.1403,12.3545,5.5557,3.4318,29.1808,7.1071,6.3968,16.454,120.521,4.19,14.9399,71.3629,233.9471,160.4938,61.2119,612.4208,75.0823,372.9379,363.5389,64.044,3.7715,1.459,0.2593,13.0171,24.3487,611.9122,42.7316,350.8772,12.593675628296035,3.18,13.3666,0.0915,6.1875,3.2683,4.833,13.6825,74.882,17.23,1.09,7.3595,0.4747,25.7237,4.2027,1.4556,0.2692,0.0595,26.4387,7.5,0.1196,2.9775,0.0531,2.7157,20.332,529.8718,1.9408,6.33,0.357,2.1429,0.1083,1.1946,18.3953,0.0163,3.2092,0.0084,0.0097,116.1088
-1.0,3040.28,2233.6334,1.212,99.0133,1.42,0.015,-0.0019,200.6577,9.5635,419.0764,0.978,190.8829,12.5876,1.4273,-6375.125,-513.5,1.2867,1.991,7.339,67.6,2.4667,0.2078,84.8185,8.9979,64.3519,66.2937,86.4854,78.42,3.08,367.8345,131.1173,742.1435,1.3935,144.1955,643.1473,183.9025,4.547,4.786,2898.0,0.9148,-1.9291,364.1336,10.9093,109.1882,19.7446,21.9291,29.6803,712.4633,150.0809,623.4027,105.8379,-0.0258,-0.036,0.0102,-0.0032,0.0398,-0.0206,0.0187,8.112,0.141,0.9904,1757.1228,0.2131,8347.8,0.014784949879960596,0.0046856506705149625,0.004318268998525693,0.01107166802366788,0.45323281006742755,0.9439,667.9955,0.991,58.2456,0.6,0.9677,6.4077,15.6,2.897,15.67,15.57,1.749,0.5037,3.323,-2.364,0.7865,2.4723,989.4811,95.0,95.2,79.5,70.3,503.8319,0.4391,0.1534,0.0609,0.0439,0.0068,3.647,4.104,12.914,0.0057,0.18,0.0244,364.0,2170.0,0.207,0.101,0.138,2.5,0.509,0.6156,0.0732,0.493,0.359,1.1082,0.557,0.139,2.84,13.06,31.157,0.421,12.87,4.92,16.817,50.301,0.0769,0.0431,0.0258,0.0491,0.0735,0.0251,0.0716,0.075,4.393,0.052,0.0016,143.0869,0.1254,1122.4004,0.021711778380770787,0.019497970246762333,0.052103421906221165,0.0249,144.3075,4.9433,0.0296,0.1826,0.1082,5.5793,26.6945,28.7761,26.1226,0.1369,1.653,0.0497,1.4865,0.0534,0.0084,155.7784,209.1236,3530.206,932.6487,0.0897,0.0437,0.0613,0.7937,0.0327,0.1529,0.2479,0.029,0.0962,6.2695,0.1641,4.9913,0.0373,1.0997,4.021,11.2289,0.1184,1.2537,1.47,4.8644,17.1313,0.0195,0.0193,0.0109,0.0228,0.0218,0.0103,0.0401,0.0332,1.315,0.0171,0.0004,44.3934,0.0374,329.333,0.010146671207129981,0.0085,42.0372,1.3573,0.0093,0.063,0.0395,4.4388,1.7187,4.3483,3.1313,3.0845,3.1473,25.6795,36.2312,10.8024,42.913,3.0815,0.5795,1.43,1.7081,96.2965,422.5901,16.087,5.0728,1.8804,3.6982,64.8649,45.7219,15.0671,0.7258,0.8131,0.7661,0.3814,5.951,8.153,2.5922,9.9745,1.9696,2.0306,16.9421,2.427,3.8591,9.1036,65.1825,2.3604,10.3424,47.5265,297.9177,501.1628,479.0244,0.0,63.0653,347.9951,400.0,54.1549,4.941799999999999,2.1517,0.1567,8.1433,62.7592,239.68195613237086,51.587096296008475,279.8720884126313,11.994167062673267,2.6416,21.6031,0.0993,8.487,2.8491,4.3752,15.6711,73.5,15.91,1.0,7.1614,0.3767,21.344,3.979,1.3605,0.1378,0.0355,13.9153,11.35,0.2101,4.1505,0.0845,4.4518,37.1967,528.7673,1.9809,6.95,0.2234,2.229,0.0615,1.3144,11.28,0.013,2.6037,0.0084,0.0097,116.1088
-1.0,2995.73,2231.6111,1.2969,93.7522,1.4136,0.0129,-0.0125,197.3102,9.0863,416.4624,0.9813,187.6343,12.5967,1.4077,-2067.5,427.5,1.2938,2.0257,7.3217,74.4889,2.5,0.2046,83.5589,8.8889,63.9957,65.9099,86.9977,80.31,3.395,353.2591,139.8764,733.7185,1.2804,138.59,631.7255,191.5248,4.569,4.826,2851.0,0.9304,-4.6591,353.2109,10.4143,115.2173,16.5346,24.6591,32.7382,700.9804,146.7627,615.1909,97.6267,0.0246,0.0639,0.1156,-0.025,-0.003,0.0165,0.0662,7.6038,0.131,0.9662,1837.5534,0.2009,8801.05,0.1173,-0.0818,0.0274,-0.0532,0.4598,0.9474,768.5964,0.9916,58.0956,0.581,0.9816,6.2477,15.58,3.012,15.57,15.58,1.39,0.5199,3.279,-2.364,0.807,2.4439,991.5921,114.0,60.4,82.5,52.7,563.299,0.3411,0.0603,0.048,0.0538,0.0054,7.5697,4.378,6.443,0.0051,0.27,0.0342,669.0,343.0,0.188,0.073,0.092,5.4,0.692,0.8755,0.0653,0.5027,0.3783,0.9337,0.524,0.1468,9.34,18.73,63.814,1.134,22.55,9.21,28.883,57.198,0.089,0.0164,0.0391,0.1215,0.1044,0.0483,0.0802,0.1255,3.9994,0.0457,0.0092,94.5309,0.0517,1178.4004,0.0191,0.0163,0.0198,0.0125,106.5983,2.6546,0.0464,0.3451,0.109,4.9948,29.9733,21.5428,31.2085,0.1034,2.304,0.0217,1.1175,0.0615,0.0111,300.9369,137.5609,2826.0919,152.7405,0.0842,0.0329,0.0432,1.7003,0.0457,0.21,0.314,0.0295,0.1384,6.3735,0.1598,9.2776,0.0487,2.6112,5.9472,20.2702,0.3163,2.3814,2.2563,9.1416,20.542,0.0205,0.0079,0.0189,0.0566,0.0288,0.0242,0.038,0.0543,1.4935,0.0173,0.0034,33.9208,0.0155,442.0311,0.0054,0.0047,42.128,0.7178,0.0146,0.1079,0.0396,5.6754,1.3981,5.1493,2.0162,3.2792,2.3615,28.0822,26.3059,4.2658,48.1826,1.5471,0.5159,2.1434,2.4266,298.58439999999996,80.2339,14.5314,3.6036,1.2565,7.2494,44.0,78.2184,20.6663,1.0478,0.7349,0.7855,0.0399,6.0919,9.6371,4.1667,11.4648,6.7393,2.9649,33.3189,6.5575,10.8889,14.9196,136.3807,4.1204,23.4618,58.5885,361.0548,78.1883,105.0584,416.8705,0.0,484.5921,189.7203,52.597,3.2067,1.8891,0.9537,5.1444,25.7389,290.7469,30.7988,254.5455,4.2969,1.3185,13.8692,0.0507,4.5693,5.524,4.4585,13.2085,73.546,16.23,0.87,7.0941,0.3417,15.604,4.0671,1.1829,0.2025,0.0488,20.2425,4.98,0.0877,2.0902,0.0382,1.8844,15.4662,529.5955,2.1619,8.0099,0.1878,2.6198,0.0563,1.5125,8.6853,0.0103,2.0617,0.009,0.0166,183.3928
-1.0,2908.22,2168.7333,1.3739,104.8544,1.5293,0.0115,-0.0053,197.5855,2.9146,403.6285,0.9748,187.8975,12.3578,1.4049,-2147.75,-2253.0,1.296,1.981,7.3185,70.5333,2.8333,0.2191,88.2693,8.6611,65.0056,66.3012,87.0853,77.33,4.329,352.3955,139.3873,733.4407,1.2911,139.7318,631.5145,206.3932,4.59,4.83,2855.0,0.9314,-0.5327,351.77,10.3226,118.8545,17.0963,20.5327,29.4663,703.9745,143.7936,614.4182,107.7722,0.0037,-0.0157,0.0505,-0.0032,-0.0351,-0.018,0.0279,7.5024,0.133,0.9892,1828.6693,0.1714,9550.93,0.0122,0.0242,0.0372,0.0435,0.4633,0.9287,836.5604,0.9908,58.773,0.5965,0.9661,6.3006,15.76,3.082,15.79,15.7,0.9838,0.4949,3.017,0.0,0.8253,2.2864,1001.4682,109.0,97.2,59.2,57.0999,488.666,0.1271,0.1325,0.0368,0.0712,0.0132,5.5736,2.457,13.484,0.0103,0.33,0.0325,495.0,4264.0,0.169,0.1,0.143,3.3,0.524,0.7245,0.0589,0.2958,0.2403,0.6659,0.326,0.1259,7.45,20.67,68.22,0.993,16.88,11.3,32.193,137.765,0.075,0.0579,0.0285,0.0075,0.0356,0.0371,0.0713,0.0693,2.8965,0.0287,0.0007,127.7617,0.05,1055.5996,0.008,0.0079,0.0216,0.0215,122.2714,4.3811,0.0318,0.2935,0.0609,4.1716,29.2101,31.9157,18.2774,0.0464,2.3721,0.0489,0.831,0.0909,0.0118,224.0541,136.1972,4858.5655,2064.1579,0.0697,0.0426,0.067,1.0025,0.041,0.1584,0.2669,0.0258,0.0649,5.115,0.1014,9.282,0.0454,2.2903,6.4055,23.0119,0.2522,3.0574,3.5414,10.1576,42.8452,0.0238,0.025,0.0123,0.0034,0.0105,0.0157,0.0384,0.0314,1.1978,0.0101,0.0002,49.9298,0.0152,351.5737,0.0052,0.0071,39.2317,1.2223,0.0109,0.1032,0.0182,6.3102,1.6901,4.9846,3.3423,2.3858,2.6329,48.8865,9.2525,8.6643,84.2987,3.3407,1.0598,2.6704,2.314,298.58439999999996,189.2588,13.0401,5.048,1.954,4.6786,42.3529,48.8337,15.3231,0.7719,0.6804,0.4338000000000002,0.6795,4.7816,8.6522,4.1481,9.7483,5.3316,3.2731,33.0534,6.4177,9.6196,17.537999999999997,98.7348,4.573,29.4505,127.8298,0.0,145.8438,14.8588,0.0,105.7733,396.662,248.6099,38.608,2.1016,1.1865,0.0689,6.9866,29.1769,0.0,41.9175,0.0,4.6706,2.3105,14.616,0.0625,7.4544,4.658,2.6629,10.101,71.308,20.81,0.71,9.7982,0.3133,39.5563,5.2867,0.9957,0.3683,0.0661,38.756,8.89,0.1167,3.238,0.0479,3.3164,16.7492,523.3110000000001,2.2656,15.390000000000002,0.6164999999999999,5.3345,0.18730000000000002,2.8874999999999993,28.50255,0.026000000000000006,5.21645,0.009,0.0166,183.3928
-1.0,3005.31,2200.2,1.3171,103.8978,1.4649,0.0077,0.0046,198.4158,11.2858,411.0222,0.9775,188.5873,12.5412,1.3789,-2788.25,2472.5,1.2723,1.9675,7.2168,69.6111,2.7667,0.2079,83.9324,8.598,64.3833,66.2019,86.3084,78.86,2.997,349.7227,135.6836,720.8746,0.9897,136.1791,621.5855,111.4758,4.534,4.746,2847.0,0.9311,-1.0827,347.3409,10.3314,114.6009,12.4175,21.0827,27.9067,692.9679,148.49,610.4318,113.3084,0.0078,-0.0245,0.0662,-0.0043,0.0132,-0.0309,0.0434,7.7,0.1317,0.9881,1874.9192,0.1961,8877.97,-0.0377,0.0037,0.0192,-0.0566,0.4547634786738105,0.9733,771.8616,0.991,58.892,0.595,0.9808,6.3151,15.78,2.959,15.77,15.75,1.447,0.4913,3.246,-2.9329,0.7948,2.4253,1003.8606,109.0,152.0,103.3,67.6001,290.96,0.0897,0.1113,0.0556,0.0438,0.0118,8.1981,10.334,14.612,0.0094,0.31,0.0722,830.0,11243.0,0.072,0.08,0.146,3.4,0.405,0.5171,0.0465,0.5225,0.2808,0.8699,0.664,0.0699,7.63,18.71,25.105,0.352,20.02,12.49,35.033,70.945,0.1007,0.0308,0.0394,0.0165,0.042,0.0557,0.1021,0.083,2.8885,0.0349,0.013699999999999999,146.0502,0.0357,1423.2998,0.0131,0.0131,0.0476473893273896,0.0095,118.2091,1.5301,0.0244,0.2419,0.1032,3.6718,28.8872,47.2769,32.1102,0.0341,2.4138,0.0346,2.9558,0.0731,0.0252,359.2668,104.2833,1801.7498,5370.1978,0.0333,0.0368,0.0645,0.913,0.0366,0.1362,0.1953,0.0192,0.1025,6.9613,0.2162,6.9988,0.0239,2.4736,6.1599,6.7584,0.1057,3.6172,4.1247,10.0063,26.1492,0.0269,0.0135,0.0177,0.0082,0.012,0.0247,0.0478,0.0386,0.9186,0.0139,0.0046,49.523,0.0101,396.6794,0.008186757294634982,0.0028,35.5696,0.5363,0.008,0.0827,0.0366,5.3856,1.1401,5.0041,5.0577,4.2872,3.0725,25.9511,6.814,7.598,91.5662,3.555,0.9599,2.4718,5.2397,148.3726,454.7219,5.6593,4.0661,2.0231,4.8843,46.988,54.837,11.5524,0.6161,0.5409,0.8115,0.4191,5.4243,5.675,3.4559,7.0643,5.6029,3.01,22.5206,4.496,3.4071,7.8359,161.2241,5.0555,6.5557,62.6123,0.0,133.3333,24.9245,971.0983,421.172,330.1536,191.2442,37.5129,1.6709,1.4469,1.3944999999999999,7.7897,18.2093,0.0,39.9247,0.0,9.871095449404914,0.9734,15.3148,0.0754,2.5981,3.8299,4.2568,10.5679,73.218,14.89,0.98,6.9431,0.3811,19.6611,3.7161,1.3385,0.2692,0.0595,26.4387,4.98,0.0877,2.0902,0.0382,1.8844,15.4662,528.4045,1.9943,9.01,0.2454,2.9594,0.0796,1.7051,12.3064,0.0118,2.3639,0.009,0.0166,183.3928
-1.0,3005.52,2227.2222,1.1892,95.5267,1.5712,-0.0121,0.0051,202.8279,7.9309,410.3675,0.9747,192.6273,12.5331,1.4129,-4294.5,396.0,1.302,2.0065,7.2668,73.5889,2.3667,0.1584,84.8937,8.6074,64.2041,65.8516,87.024,78.49,2.653,351.3709,133.4545,724.373,1.1323,139.2236,624.0491,52.2954,4.604,4.881,2843.0,0.9349,-0.3727,350.7482,10.5787,113.0818,9.3531,20.3727,25.8899,698.4831,151.8336,615.6636,131.0235,0.0174,-0.0134,0.079,-0.0021,0.031,-0.0217,0.0338,7.8896,0.1364,0.9688,1814.3941,0.2011,8386.4499,0.23764999999999997,-0.149,-0.1651,0.0444,0.4671,0.9481,691.8414,0.9908,59.9047,0.5864,0.9802,6.2881,15.78,2.959,15.77,15.75,1.447,0.4913,3.246,-2.9329,0.7948,2.4253,1003.8606,125.0,127.8,90.8,49.2,391.7909,0.3927,0.1921,0.0586,0.0501,0.0192,8.6495,4.044,15.117,0.0108,0.22,0.0299,711.0,1217.0,0.112,0.095,0.103,2.4,0.567,0.746,0.1166,0.6374,0.4131,0.7854,0.6,0.0772,9.55,19.89,11.151,0.352,16.2,9.48,34.913,115.027,0.0734,0.0251,0.0358,0.0184,0.0855,0.0466,0.092,0.0471,4.185,0.0642,0.0041,121.5801,0.0238,676.7002,0.0167,0.0219,0.0213,0.0219,95.9359,2.3904,0.0396,0.5858,0.1032,3.6718,30.8159,39.4675,30.3968,0.1438,1.9254,0.0591,1.1351,0.0626,0.0094,331.2918,44.426,2162.4724,544.8602,0.0475,0.0435,0.0486,0.8667,0.0181,0.1866,0.2872,0.0487,0.073,6.2445,0.1904,8.7409,0.0252,2.6555,6.2886,3.3849,0.095,2.6074,3.4497,11.0763,29.2765,0.0178,0.0112,0.0158,0.0083,0.0255,0.0236,0.0492,0.0221,1.5422,0.0221,0.0014,41.3996,0.0074,196.5351,0.0062,0.0077,27.9596,0.8461,0.0135,0.1875,0.0366,5.3856,1.1401,5.7561,4.2522,3.7138,2.209,19.1717,33.019,12.2263,50.9904,3.6838,1.1127,1.7554,2.1183,115.3569,307.3232,8.6022,4.7346,1.4174,3.2614,71.831,37.237,17.1288,0.8787,1.3549,0.9928,0.2577,5.4558,4.8256,3.8733,6.817,6.8595,3.1873,21.3231,5.341,3.3274,7.782,173.2049,4.9984,15.6685,87.7911,421.2339,204.898,23.2985,0.0,150.2015,423.4753,139.2461,53.0445,2.9326,2.7685,0.4213,6.7009,11.8611,526.1261,22.9531,46.3476,4.5505,2.3106,13.8667,0.0729,3.9903,9.3153,4.2568,10.5679,73.546,16.23,0.87,7.0941,0.3417,15.604,4.0671,1.1829,0.364,0.089,35.5082,5.96,0.1075,2.2637,0.0455,2.2111,18.0621,532.7764,2.3109,6.87,0.2282,2.4626,0.0744,1.2895,9.8735,0.0213,4.2173,0.0338,0.0058,17.2268
-1.0,3208.56,2147.1111,1.355,103.2778,1.4675,0.0095,0.0052,198.1283,10.6305,406.4065,0.9834,188.2833,12.5786,1.3947,-3808.6667,-6224.6667,1.3268,1.9817,7.2822,71.4111,1.9889,0.1684,84.6998,9.4336,64.1172,66.3004,87.4694,63.93999999999998,5.041,351.44,137.5082,730.8623,1.3414,141.3591,630.3073,170.2603,4.578,4.829,2849.0,0.9325,-1.0473,351.6173,10.4075,116.4609,11.2955,21.0473,28.2938,702.5685,150.9336,619.0118,119.8142,-0.0486,-0.0546,0.0127,-0.0182,-0.0328,-0.0206,-0.0104,8.0265,0.1386,0.9879,1757.8402,0.2092,8284.49,0.1649,0.0065,-0.111,0.084,0.4548603095146715,0.9439,722.3961,0.991,58.6308,0.6069,0.9819,6.3401,15.76,3.082,15.79,15.7,0.9838,0.4949,3.017,0.0,0.8253,2.2864,1001.4682,103.0,107.8,53.8,57.4001,423.297,0.0846,0.1151,0.0446,0.0364,0.0064,8.3949,11.657,13.551,0.0049,0.3,0.0586,488.0,11272.0,0.078,0.088,0.2,2.0,0.518,0.9845,0.1381,0.6945,0.3139,1.0658,0.385,0.2585,4.46,19.22,81.378,0.69,18.64,3.71,29.493,69.971,0.0745,0.0862,0.0283,0.0555,0.0607,0.0208,0.0819,0.0523,3.1193,0.0766,0.0024,77.4431,0.0352,1155.0996,0.0167,0.0194,0.05761375829819981,0.0188,126.8357,2.1511,0.0299,0.3082,0.0609,4.1716,27.4086,33.1775,18.4438,0.0226,2.1625,0.0349,3.3451,0.074,0.0187,208.4754,183.4575,614.2006,5636.3137,0.0363,0.0427,0.0845,0.7288,0.0386,0.1958,0.3862,0.0545,0.0497,5.1909,0.1039,9.1989,0.0681,1.5303,5.8364,24.1936,0.175,1.2758,1.5888,9.3769,22.5565,0.0201,0.037,0.0119,0.026,0.0194,0.0087,0.0421,0.0255,1.0624,0.025,0.0006,23.2815,0.0102,417.4317,0.012106117118249729,0.0071,45.1602,0.658,0.0093,0.0927,0.0182,6.3102,1.6901,4.7327,3.3598,2.2429,2.6734,39.1262,6.2417,7.843,109.6566,3.3343,0.4958,2.385,4.2031,31.3496,181.086,5.879,4.4405,2.7464,2.8007,75.419,75.9894,15.9783,1.1623,1.4639,1.0832,0.1828,4.8628,8.2904,4.0783,19.272,3.1551,3.0493,47.7962,6.7031,6.6299,8.7669,165.0217,4.1979,16.2391,58.3996,153.4395,577.5544,437.8698,333.0285,63.3181,396.6102,505.314,38.8623,1.5148,3.2291,0.244,4.4056,16.8449,0.0,34.2531,0.0,12.73597254207012,1.9891,17.5576,0.1026,3.6689,4.8617,2.6629,10.101,74.614,15.14,1.37,6.5965,0.5416,39.1061,3.7143,1.8361,0.7613,0.1716,70.4477,5.62,0.3277,2.0962,0.1178,2.2136,38.05341532073962,533.9936,2.2318,8.27,0.3001,2.7629,0.0861,1.5487,13.4487,0.0088,1.7547,0.0189,0.0059,31.0252
-1.0,3063.64,2231.6111,1.2969,93.7522,1.3704,0.0152,-0.017,202.5876,9.6116,403.8292,0.9821,192.6318,12.5861,1.4217,-5551.3333,-1333.6667,1.2725,1.9935,7.1795,72.6778,2.1556,0.1496,85.3687,9.97415,63.7914,66.4257,86.8485,80.27,3.244,352.1055,125.2918,713.7275,0.9434,139.7,617.0973,101.5425,4.609,4.839,2842.0,0.9337,0.9736,350.8618,10.7396,106.2655,11.3003,19.0264,22.9832,690.7443,149.9827,607.11,103.7308,-0.0126,0.0042,0.0066,-0.0194,-0.0111,-0.0343,0.0135,7.4516,0.1373,0.9858,1719.8538,0.173,8978.0801,0.0323,0.026,-0.0645,-0.0026,0.45435290487766844,0.9175,734.8322,0.9911,58.1841,0.5931,0.9609,6.3529,15.6,2.897,15.67,15.57,1.749,0.5037,3.323,-2.364,0.7865,2.4723,989.4811,80.0,123.1,146.1,52.7,563.299,0.3411,0.0829,0.0586,0.0493,0.0072,9.8342,4.773,6.921,0.0062,0.2,0.055,1129.0,1958.0,0.085,0.108,0.142,4.2,0.722,0.7025,0.058,0.6831,0.2769,1.0002,0.533,0.0942,7.8,17.81,24.596,0.848,14.86,5.02,30.795,60.499,0.0556,0.0211,0.0936,0.0486,0.0544,0.0376,0.0656,0.0685,3.789,0.0419,0.0041,150.4263,0.0295,1177.5,0.0125,0.0152,0.05533623522729014,0.0425,116.988,2.6452,0.029,0.2894,0.1082,5.5793,21.225,40.953,42.2078,0.1034,2.304,0.0273,1.6817,0.0578,0.0213,465.538,181.4929,797.2542,1111.8891,0.0393,0.0487,0.0587,1.3302,0.0406,0.2128,0.2942,0.0234,0.1159,5.187,0.1422,8.6851,0.0289,2.1354,5.8319,6.4625,0.2296,1.5915,2.0701,10.0333,21.2424,0.013,0.0108,0.0434,0.0254,0.0161,0.0183,0.0301,0.0345,1.5331,0.0141,0.0013,49.3534,0.0103,327.6692,0.015361757975351956,0.0164,35.3806,0.7296,0.0125,0.1011,0.0395,4.4388,1.7187,3.6366,4.0181,5.7981,2.3615,28.0822,26.3059,6.0491,49.6586,1.7138,0.6305,1.5891,3.8715,25.9938,146.8133,6.6798,5.4176,1.9779,5.7789,51.0309,100.2972,21.4547,0.8229,0.4281,1.0708,0.1137,4.2572,11.134,4.0859,9.9858,5.5834,2.8861,24.2224,6.2148,7.896,16.2423,131.5009,4.4582,17.0134,58.3231,440.6142,52.3249,736.3636,279.6915,338.7387,191.2536,509.2937,50.8481,1.0921,1.7697,0.4162,8.7465,17.0303,0.0,30.2976,942.8571,12.909570620566031,4.6328,15.9204,0.0541,4.5463,4.5559,4.3752,15.6711,74.608,16.43,1.45,7.6242,0.558,30.5642,4.0064,1.9435,0.3472,0.0623,35.9702,10.69,0.1448,4.3565,0.0592,4.2101,20.965,531.8727,2.1285,8.08,0.206,2.895,0.0638,1.5192,9.6779,0.0159,3.1946,0.0189,0.0059,31.0252
-1.0,3150.47,2231.6111,1.2969,93.7522,1.4202,0.015,0.0094,202.558,7.0696,400.1195,0.9789,193.1485,12.5967,1.4032,-4311.0,-1029.5,1.2813,1.972,7.322,73.1111,2.6556,0.2119,86.3898,8.5735,64.0188,65.9602,87.1288,80.69,2.295,351.2736,138.0636,729.8925,1.3025,139.5545,628.8918,190.7443,4.563,4.804,2853.0,0.9298,-3.9509,352.1855,10.4054,114.1127,14.05,23.9509,31.7775,698.1149,148.5436,614.8418,97.4451,-0.0167,-0.0255,-0.0122,-0.0125,-0.0226,-0.0169,0.0933,7.2071,0.1287,0.9686,1825.7042,0.174,8634.6901,0.0437,-0.0874,-0.0132,0.0396,0.4665,0.9469,752.8446,0.9909,58.311,0.6065,0.9827,6.2899,16.0,2.956,16.04,15.93,1.078,0.491,3.252,-2.9329,0.8307,2.4023,1020.9944,131.0,166.2,170.7,52.7,563.299,0.3411,0.0718,0.0445,0.037,0.0113,8.6064,3.629,12.637,0.0066,0.27,0.048,419.0,1627.0,0.137,0.123,0.42,1.7,0.808,0.784,0.0961,0.4997,0.2978,0.8545,0.443,0.1262,5.8,21.48,40.128,0.765,19.87,5.11,32.881,58.659,0.0906,0.0574,0.0224,0.0652,0.0639,0.0189,0.1067,0.0306,3.1033,0.0895,0.0078,198.1467,0.0544,982.8003,0.01,0.012,0.021,0.023,113.8447,2.2058,0.0281,0.3233,0.1161,5.9284,34.0973,47.6779,58.049,0.1034,2.304,0.0203,1.2074,0.0615,0.0165,208.3187,127.914,921.4275,717.6678,0.0625,0.0515,0.2074,0.5159,0.0563,0.2364,0.2994,0.0434,0.1099,5.7221,0.1478,9.1674,0.0361,1.8038,5.9303,12.6277,0.2193,1.977,2.7682,10.6097,17.6963,0.0236,0.0259,0.0106,0.0274,0.0138,0.008,0.052,0.0132,1.1607,0.0292,0.003,59.5334,0.0171,314.3184,0.006,0.0069,34.3486,0.7428,0.0105,0.0948,0.046,4.3377,2.0109,5.938,5.2754,6.512,2.3615,28.0822,26.3059,5.0555,51.3322,3.1583,0.6779,2.1434,3.4229,45.0244,158.0379,10.6927,6.2373,5.7361,2.3252,52.7197,73.6235,24.2618,0.9075,1.1212,0.7806,0.2883,5.4857,9.7129,4.1731,9.6884,4.1561,3.4155,21.0376,6.897,7.352,10.3231,141.4237,4.71,13.7977,60.197,542.312,250.3817,533.3333,510.4343,83.7209,629.4985,32.8062,43.0585,2.9521,3.7849,0.8025,10.8532,31.291,646.4646,19.0476,408.5106,4.5042,2.4241,15.1219,0.0989,3.7828,5.1408,4.833,13.6825,75.082,10.05,1.28,4.2662,0.5542,66.4343,2.4895,1.7048,0.2692,0.0595,26.4387,4.98,0.0877,2.0902,0.0382,1.8844,15.4662,528.4045,1.9943,9.01,0.2454,2.9594,0.0796,1.7051,12.3064,0.0147,2.9228,0.0189,0.0059,31.0252
-1.0,2940.74,2200.2,1.3171,103.8978,1.3836,0.0135,0.0013,203.4228,8.5389,408.2683,0.9716,193.493,12.4124,1.3941,-4599.75,105.0,1.2945,2.0078,7.2692,73.9778,2.4556,0.1929,85.2917,8.9132,63.7658,66.2465,86.81,80.33,2.544,346.8955,133.0455,718.4924,1.3074,141.4991,621.44,188.5052,4.555,4.821,2842.0,0.9319,2.8109,346.3655,10.4126,115.8564,10.9182,17.1891,22.2064,696.286,148.3,610.5218,96.2319,-0.0135,-0.0355,0.0811,-0.0236,-0.0154,-0.0241,0.0243,7.4393,0.1301,0.9918,1767.0592,0.1817,9047.8399,-0.0231,0.0316,-0.0122,-0.0593,0.45785820314081604,0.9667,777.1425,0.9911,58.9076,0.5946,0.9612,6.291,15.76,3.082,15.79,15.7,0.9838,0.4949,3.017,0.0,0.8253,2.2864,1001.4682,106.0,209.4,177.0,67.6001,290.96,0.0897,0.0517,0.0621,0.0523,0.0251,8.7419,5.989,6.875,0.014,0.42,0.0322,1124.0,1577.0,0.149,0.077,0.135,5.1,0.675,0.5595,0.1067,0.3707,0.3052,1.0444,0.348,0.1081,4.39,19.52,59.035,0.307,18.11,4.52,26.269,43.861,0.0919,0.0581,0.0378,0.0254,0.0806,0.0413,0.0884,0.0545,4.1593,0.0341,0.001,62.8685,0.0341,1129.5996,0.0317,0.0307,0.05547997666447982,0.0044,114.1931,1.5501,0.0213,0.1975,0.0609,4.1716,28.6507,66.9727,60.7521,0.0341,2.4138,0.0187,1.7748,0.1198,0.0112,461.7289,96.4642,1389.5391,726.7411,0.0655,0.0337,0.0609,1.5975,0.0387,0.2044,0.2292,0.0476,0.0536,6.1564,0.1063,7.2259,0.0313,1.3144,5.8115,16.378,0.083,1.3086,1.4409,7.8564,14.975,0.0245,0.0249,0.0157,0.0109,0.0222,0.017,0.0464,0.0224,1.5738,0.01,0.0003,18.0543,0.0099,371.2502,0.014470290273110658,0.0016,42.4268,0.5143,0.0074,0.0684,0.0182,6.3102,1.6901,4.8332,7.1207,6.8163,3.0725,25.9511,6.814,3.7366,70.1378,1.6839,1.4412,3.3837,2.3111,68.1124,0.0,11.5102,3.8351,1.8571,6.894,69.2308,51.3249,20.3402,0.656,1.1973,0.5813,0.2404,5.2782,6.9901,3.601,8.2697,3.1025,3.1411,31.3174,6.5838,2.9483,6.6721,165.8701,3.7727,13.5876,45.5784,679.7966,136.385,31.329,341.8876,268.1818,367.1859,224.2798,55.9094,1.3377,1.459,0.1027,3.5578,18.7882,376.9762,58.9023,0.0,12.578999938725998,0.4581,14.694,0.0992,2.6315,3.1397,2.6629,10.101,73.784,14.84,0.78,6.5491,0.3262,89.5543,3.6464,1.0571,0.3472,0.0623,35.9702,4.98,0.0877,2.0902,0.0382,1.8844,15.4662,532.4564,1.9432,11.65,0.2467,3.9387,0.0762,2.188,12.6982,0.0233,4.6073,0.0189,0.0059,31.0252
-1.0,2981.49,2147.1111,1.355,103.2778,1.6075,0.0095,0.0059,198.4329,8.6425,412.3637,0.9808,188.4236,12.5743,1.4219,-4427.25,-3969.6667,1.322,2.0288,7.4375,74.0556,1.7889,0.1502,85.3182,8.5298,64.3121,65.9458,86.976,63.93999999999998,5.041,352.3827,144.7727,740.7378,0.8794,131.9282,629.0836,108.1172,4.61,4.837,2853.0,0.9284,-3.6145,355.3936,10.176,121.1582,6.9536,23.6145,28.9017,711.8361,149.8918,626.4436,110.7274,-0.0012,-0.0221,0.0039,-0.016,0.0137,-0.0352,0.11345000000000001,7.4209,0.127,0.9688,1814.3941,0.2028,8702.9701,0.0075,-0.0372,-0.0148,-0.0223,0.4387515338961052,0.9634,725.4636,0.9909,58.0815,0.5877,0.9803,6.2505,15.78,2.959,15.77,15.75,1.447,0.4913,3.246,-2.9329,0.7948,2.4253,1003.8606,136.0,97.2,65.9,57.4001,423.297,0.0846,0.0741,0.0419,0.039,0.0066,8.271,4.397,23.484,0.0057,0.2,0.1271,368.0,17919.5,0.193,0.1,0.275,1.8,0.598,0.7914,0.1162,0.7661,0.4146,0.8763,0.5,0.08,10.53,17.11,49.105,0.445,12.01,11.63,37.002,59.791,0.0576,0.055,0.0374,0.022,0.0887,0.0662,0.0903,0.0329,4.451,0.0303,0.0041,121.5801,0.0288,643.8994,0.0105,0.0153,0.03272971152378029,0.0203,80.3416,1.6139,0.029,0.3499,0.1032,3.6718,33.1485,35.0826,23.0802,0.0226,2.1625,0.0245,1.5414,0.055,0.0364,171.3639,310.7893,621.2532,8994.62525,0.0936,0.0452,0.1163,0.5434,0.0441,0.1831,0.3154,0.0435,0.041,4.8866,0.1928,7.103,0.0281,3.2884,5.7034,15.4148,0.1164,3.4082,4.5597,11.3751,20.2835,0.0165,0.0238,0.0168,0.0097,0.0248,0.0315,0.0486,0.0164,1.4184,0.0125,0.0014,41.3996,0.0093,185.9351,0.011277852532430705,0.0078,22.4955,0.5252,0.0103,0.1118,0.0366,5.3856,1.1401,6.0806,3.2601,2.5977,2.6734,39.1262,6.2417,4.6097,50.8768,5.695,0.5774,1.5905,8.9369,29.5895,727.0888,14.5991,4.9291,3.6975,2.4306,78.2609,87.2041,16.9924,0.9276,1.3621,1.1912,0.3877,4.6938,4.2342,2.914,9.1004,7.9816,2.7198,45.4183,5.248,4.373,7.8327,172.7162,5.1981,9.2361,53.9984,0.0,176.9912,560.5096,555.895,484.9817,256.5341,25.9157,59.9796,1.4957,1.2618,0.4213,6.7009,14.1789,0.0,39.6694,0.0,8.430845165495464,2.1094,11.0745,0.0712,2.7787,5.5982,4.2568,10.5679,79.604,19.06,1.82,8.9595,0.8678,38.0959,4.8255,2.2863,0.7613,0.1716,70.4477,4.98,0.0877,2.0902,0.0382,1.8844,15.4662,528.4045,1.9943,9.01,0.2454,2.9594,0.0796,1.7051,12.3064,0.0093,1.8592,0.0189,0.0059,31.0252
-1.0,3026.53,2147.1111,1.355,103.2778,1.4286,0.0113,-0.0051,198.7801,7.2461,409.1284,0.9816,189.5264,12.5743,1.4169,-5096.5,-2523.6667,1.294,2.0057,7.356,67.4444,2.3444,0.17,84.5509,9.6136,64.7472,66.3826,86.9287,63.93999999999998,4.696,350.1845,140.9,733.8668,1.1577,138.1318,629.2164,50.8607,4.574,4.81,2854.0,0.931,-5.76,353.4827,10.4337,115.14,13.2591,25.76,31.5295,702.3373,147.3345,615.9573,113.9149,-0.0418,0.0507,-0.0043,-0.0101,-0.0452,-0.0488,0.0903,7.4095,0.1403,0.9899,1749.2407,0.1936,8845.68,0.0124,-0.0567,-0.0193,0.0158,0.4573,0.9522,736.6516,0.9914,58.1487,0.6068,0.9805,6.287,16.0,2.956,16.04,15.93,1.078,0.491,3.252,-2.9329,0.8307,2.4023,1020.9944,101.0,87.7,105.9,57.4001,423.297,0.0846,0.091,0.0435,0.035,0.0053,3.6722,3.661,11.538,0.0046,0.2,0.0718,487.0,2672.0,0.135,0.078,0.137,1.2,0.475,0.7091,0.1577,0.537,0.3334,0.9018,0.574,0.2655,6.2,20.64,32.64,0.619,23.51,6.51,36.456,136.103,0.0763,0.0449,0.066,0.0339,0.0569,0.0373,0.0315,0.0259,7.2824,0.0348,0.0016,110.3239,0.0281,884.8994,0.0112,0.0105,0.0207,0.01,109.7353,3.2234,0.06409999999999999,0.229,0.1161,5.9284,26.6802,28.2105,32.1073,0.0226,2.1625,0.0297,1.2279,0.055,0.0238,224.1672,174.9152,1896.5092,1377.0466,0.065,0.0351,0.0566,0.4126,0.041,0.1516,0.2677,0.0706,0.1,4.741,0.1642,9.8521,0.0792,2.0318,6.3309,10.0333,0.1763,2.3338,2.9906,11.6768,38.7436,0.0237,0.0215,0.0273,0.0144,0.0176,0.0157,0.0137,0.011,2.5408,0.0128,0.0005,33.8308,0.0078,269.2403,0.0055,0.0028,33.3277,0.9772,0.0187,0.0804,0.046,4.3377,2.0109,4.6254,2.8977,4.1395,2.6734,39.1262,6.2417,6.37,50.5238,2.8201,0.4704,1.5905,5.0646,81.1734,105.8777,10.4328,3.8888,1.8624,1.7792,25.5924,83.5294,13.701,0.8387,1.6404,0.8294,0.3891,4.4662,9.4322,4.4665,22.9371,4.4885,3.2803,64.1753,6.5618,5.9327,11.9941,177.3119,5.1907,17.6969,119.4778,182.6725,204.3231,764.9995,561.2824,82.5678,64.5823,28.6822,102.1516,2.2099,1.4536,0.1646,6.307,14.5272,280.9365,71.6787,577.0492,4.53,1.0476,14.8965,0.1374,5.5433,3.6425,4.833,13.6825,74.068,13.51,1.34,6.3755,0.5066,74.5561,3.3188,1.8091,0.7613,0.1716,70.4477,9.8,0.2486,3.9877,0.1023,3.8299,38.05341532073962,530.3073,2.4103,8.05,0.4025,2.6506,0.11,1.518,16.7005,0.0121,2.4244,0.0412,0.0176,42.6972
-1.0,3054.95,2178.5889,0.8614,103.7022,1.3499,-0.0009,0.0044,203.5156,8.8015,415.2975,0.9734,193.6421,12.499,1.4182,-3416.5,-687.25,1.3082,1.9918,7.2882,73.8889,2.1556,0.18,86.8634,8.4537,64.0411,65.9611,86.8072,80.43,3.358,348.2127,141.9491,733.308,0.956,138.5136,628.6755,108.7982,4.584,4.837,2835.0,0.9289,-1.6109,352.1273,10.3255,120.3382,10.8825,21.6109,25.3309,707.9771,146.9773,619.4427,125.5115,-0.0073,-0.0145,0.0118,-0.0369,-0.0386,-0.0411,0.0075,7.6355,0.1298,0.969,1814.5872,0.1588,9223.8898,0.1084,0.0223,-0.0565,-0.0328,0.4711,0.9608,770.0011,0.9905,59.0865,0.5992,0.9667,6.3437,15.74,2.788,15.79,15.69,0.9649,0.4466,3.114,-1.939,0.8568,2.292,996.0538,88.0,175.4,155.3,74.9001,494.806,0.0936,0.0643,0.048,0.0489,0.0196,8.9599,3.853,16.443,0.0123,0.37,0.041,759.0,2763.0,0.118,0.125,0.154,3.3,0.476,0.7979,0.0949,0.6651,0.365,0.8318,0.385,0.145,7.83,20.79,30.184,0.746,17.1,10.45,33.446,94.934,0.0568,0.0625,0.0818,0.0428,0.0836,0.0221,0.0641,0.0908,6.0685,0.0723,0.0058,98.4231,0.0413,743.5996,0.0158,0.0285,0.0485,0.0104,93.9745,1.6794,0.0534,0.2491,0.0692,3.3014,25.9714,54.2208,51.8208,0.0277,1.9994,0.0204,1.115,0.1138,0.014,358.9999,110.1529,537.2265,1194.5025,0.0498,0.0538,0.0783,1.0529,0.0374,0.1509,0.2987,0.0435,0.1208,5.6492,0.1265,9.7544,0.0413,2.4001,6.8684,8.1116,0.2356,2.8236,2.6062,10.2907,30.2932,0.0178,0.0289,0.035,0.0183,0.0208,0.0096,0.0326,0.0452,1.9753,0.0221,0.002,30.8579,0.0129,256.3965,0.0152,0.0037,28.6663,0.5451,0.0159,0.0884,0.022,7.6188,0.8782,3.9125,5.7415,6.134,3.438,43.5816,10.8702,4.7632,43.7769,3.9593,1.2665,2.9602,2.8923,31.3186,402.0371,9.0197,6.2759,2.113,4.4662,46.3918,60.5556,14.3287,0.9186,1.1231,1.0386,0.3336,5.1779,10.8983,4.7428,15.1657,5.6529,3.3069,27.7431,6.6453,7.2249,17.537999999999997,157.1329,4.7242,27.1834,75.6377,774.7656,178.8269,364.2553,226.5966,57.3281,155.8663,0.0,79.4781,2.1566,3.0186,0.5935,5.424,25.9833,282.0037,62.4319,0.0,10.3001,1.0827,12.2045,0.1356,2.8422,3.9273,3.0185,9.0633,77.654,15.44,0.79,7.6787,0.308,34.216,3.7813,1.0173,0.1882,0.0419,19.2616,4.98,0.0877,2.0902,0.0382,1.8844,15.4662,530.7036,2.1207,8.4,0.1986,2.8909,0.0572,1.5828,9.363,0.0129,2.5926,0.0412,0.0176,42.6972
-1.0,3060.97,2203.4445,1.2616,101.1833,1.4293,0.0199,0.0076,202.8107,9.983,419.3805,0.9721,193.4002,12.4124,1.3962,-4002.25,-840.5,1.2853,2.0012,7.2577,66.8,2.7333,0.2247,86.2967,8.7646,64.2989,66.4179,86.3742,79.61,3.124,350.8882,134.8382,724.3174,1.1841,136.42,622.1464,49.9625,4.611,4.869,2836.0,0.9365,2.32,348.5855,10.4571,117.1582,12.8173,17.68,25.6635,698.6539,143.5855,609.3291,81.3807,-0.0127,-0.0048,0.0562,-0.0034,0.0193,-0.0213,-0.0199,7.4534,0.1319,0.9674,1771.1661,0.2109,8945.9399,-0.0209,-0.0279,0.0022,-0.0104,0.47405084993423585,0.9395,786.8758,0.9903,59.3593,0.5968,0.9646,6.3525,15.83,3.265,15.84,15.76,1.026,0.5581,3.074,-2.93,0.8145,2.2569,999.8622,106.0,185.4,171.8,50.5,261.7271,0.3166,0.108,0.0466,0.0326,0.0282,11.2602,5.511,11.612,0.0165,0.42,0.0725,393.0,3562.0,0.126,0.056,0.24,3.4,0.611,0.5911,0.1332,0.5365,0.3081,0.9312,0.738,0.1504,8.56,20.29,20.512,0.363,19.61,6.46,31.564,100.602,0.0834,0.04,0.0498,0.0395,0.0802,0.0658,0.0996,0.0505,3.4284,0.0794,0.0087,199.9777,0.1221,1505.7998,0.0073,0.0095,0.04834734062056306,0.0234,150.0405,3.8572,0.0334,0.313,0.053,3.7313,29.8401,64.5966,56.3186,0.1041,1.156,0.0374,1.3541,0.1198,0.0253,176.0537,134.9975,1136.0154,1568.6107,0.059,0.0247,0.1118,1.0607,0.0457,0.2166,0.2305,0.0555,0.0968,6.9572,0.2964,9.2089,0.0486,2.6709,6.4292,5.5252,0.1053,1.7494,1.652,10.2084,30.5155,0.0264,0.0181,0.0241,0.0177,0.0237,0.0322,0.0544,0.0268,1.0522,0.0249,0.0024,61.8424,0.0355,452.1082,0.012622402076454101,0.0085,49.3257,1.4056,0.0109,0.1063,0.0167,6.6795,1.2904,4.7949,6.0569,6.6592,2.2919,13.6618,25.0931,7.5559,55.2038,2.7688,1.6932,3.3837,5.1905,62.0151,423.7954,9.8035,2.7983,3.3068,5.0898,25.6098,59.6439,18.2261,0.685,1.5201,0.8344,0.4231,6.0846,4.0122,4.0137,12.7048,6.2747,3.2613,41.0548,5.1228,3.4713,6.5382,152.9965,4.5178,25.7164,123.619,654.7596,152.8176,70.2847,0.0,340.0517,468.1551,253.4504,45.9969,3.1092,3.2316,0.899,11.2907,57.8905,558.8235,49.7132,0.0,12.15730675599938,2.4944,19.0679,0.1326,6.4981,4.9278,2.3502,9.64,75.22,20.24,1.71,9.0232,0.6903,118.1111,4.9554,2.2733,0.1042,0.0297,10.8507,11.44,0.2966,4.1437,0.1186,4.1963,34.7389,531.0918,2.4015,10.18,0.3038,3.4002,0.0946,1.9168,12.6524,0.0111,2.2135,0.0412,0.0176,42.6972
-1.0,2996.61,2178.4667,0.7649,104.6267,1.4536,0.0192,-0.0152,202.7561,8.2367,411.7414,0.9726,192.8747,12.5192,1.3838,-3177.75,-378.5,1.319,2.0088,7.354,74.3222,2.0222,0.1634,86.8634,8.4537,64.0411,65.9611,86.8072,80.43,3.358,361.0045,128.7673,729.6686,1.3846,141.1364,630.9082,205.6705,4.625,4.877,2860.0,0.9243,-1.2491,358.4645,10.7107,107.5182,16.1591,21.2491,27.527,702.1416,148.7664,614.7491,130.0575,0.0204,0.0298,0.0135,0.001,-0.0262,-0.0253,0.0504,7.2595,0.1334,0.9688,1801.8521,0.147,8663.93,-0.0181,-0.0186,0.0138,-0.0369,0.42630213917949766,0.9484,646.2585,0.9913,58.4793,0.6083,0.9689,6.2163,15.78,2.96,15.8,15.75,0.9413,0.5132,3.287,-2.553,0.8443,2.2927,999.9961,142.0,99.5,107.5,69.8,220.385,0.1114,0.123,0.054,0.10045,0.0173,8.8272,6.02,17.697,0.0146,0.2,0.0561,368.0,780.0,0.185,0.151,0.336,3.0,0.938,0.7979,0.0949,0.6651,0.365,0.8318,0.63,0.0565,5.27,24.63,58.938,0.33,23.84,7.49,35.473,82.1,0.0665,0.0746,0.12045,0.0656,0.0578,0.0323,0.0387,0.1356,3.051,0.0664,0.0056,149.4442,0.023,752.4004,0.0144,0.0104,0.04491212961185534,0.0132,85.0894,3.0661,0.0415,0.2164,0.0605,2.975,35.1406,31.6383,38.4711,0.0337,2.1266,0.0428,1.6684,0.0653,0.0225,165.024,158.1863,169.0767,325.7745,0.077,0.0663,0.1525,0.9795,0.0296,0.2985,0.2987,0.0435,0.1208,6.2034,0.1673,9.4901,0.0196,1.709,6.9287,18.5057,0.1035,2.1044,2.4126,10.8144,28.1855,0.0173,0.0337,0.0537,0.0287,0.0173,0.0153,0.0174,0.075,1.0007,0.0204,0.0018,48.3165,0.0066,204.2672,0.014516901759779446,0.0045,22.0874,0.8087,0.0119,0.0729,0.0184,8.1552,1.2479,6.441,3.3204,4.3067,3.2041,22.1896,14.5594,8.4618,73.0873,4.2981,1.5008,1.5975,4.0526,11.9267,206.0766,14.0258,7.5171,4.5689,4.0365,59.3407,57.5119,26.9661,0.9186,1.1231,1.0386,0.3336,5.7783,7.3078,4.3184,4.0821,3.734,3.9039,28.6565,5.9518,3.081,9.0124,147.5327,5.0521,10.7271,63.1259,326.681,185.6876,484.1328,0.0,123.1649,152.6627,268.9142,42.0276,1.6486,2.7143,0.5741,8.2939,15.6447,0.0,18.8889,0.0,12.532247409390688,1.3946,13.1665,0.0413,5.2431,3.4815,2.6371,7.6943,73.254,14.53,1.33,6.7381,0.5058,27.0176,3.6251,1.8156,0.4895,0.0745,49.5678,6.334096162656796,0.14396276777866399,2.570439769869746,0.05855445621941925,2.39428065506831,21.14318250695389,532.6327,2.1085,7.77,0.2588,2.7003,0.0793,1.4588,12.2751,0.0144,2.8792,0.0455,0.0072,15.7327
-1.0,2994.22,2222.0111,0.7647,105.2711,1.4243,0.0059,-0.0034,201.2948,9.1878,406.0472,0.9695,191.1094,12.5412,1.4309,-1951.75,-7175.24995,1.3045,2.0108,7.3498,69.4222,2.2,0.1833,86.4883,8.6544,65.0056,66.2357,86.33,80.67,2.584,348.45,138.6855,724.1667,0.9582,134.6027,621.7382,147.3322,4.534,4.746,2847.0,0.9311,0.1873,347.7409,10.285,118.8727,6.4632,19.8127,26.0522,698.1145,149.4555,616.0691,119.8033,-0.0045,-0.012,0.0035,-0.0044,-0.0421,-0.029,0.0209,7.7086,0.1282,0.9868,1823.4487,0.2022,8946.8699,-0.2011,0.0298,0.0506,-0.0728,0.4615829355474811,0.9572,770.2,0.9911,59.2204,0.6053,0.963,6.3828,15.8,2.418,15.9,15.8,2.0801999999999996,0.4049,3.539,-2.033,0.8826,2.3923,1008.2756,138.0,67.7,73.6,73.0,340.6819,0.0778,0.1036,0.11930000000000002,0.10045,0.0151,3.7709,7.335,4.229,0.0113,0.31,0.0187,219.0,14193.0,0.115,0.051,0.103,2.3,0.625,0.5744,0.2043,0.3145,0.2238,0.8116,0.696,0.0883,7.61,18.82,26.731,0.214,14.95,7.73,28.175,67.728,0.084,0.10470000000000002,0.0294,0.0393,0.0754,0.0755,0.0991,0.0723,3.636,0.052,0.0014,78.3778,0.0219,1036.5,0.0369,0.03420000000000001,0.045348182473225945,0.0202,117.8687,1.303,0.0308,0.2699,0.0942,3.5923,33.4127,22.046,24.6637,0.0261,1.8265,0.0396,2.066,0.0731,0.0062,99.5804,134.1079,3371.146,7224.3129,0.0494,0.0246,0.0484,0.7886,0.0348,0.2332,0.2051,0.084,0.0646,7.5845,0.2483,7.1809,0.0296,2.6902,5.3801,8.6791,0.0789,2.2746,2.5933,8.7185,19.0646,0.0248,0.0455,0.0148,0.0178,0.0192,0.0365,0.0532,0.0354,1.2237,0.0171,0.0004,26.4673,0.007,374.784,0.011803845842087482,0.0065,40.0765,0.4406,0.0118,0.0996,0.0323,4.9186,1.196,6.2198,2.261,2.8962,3.2853,27.7091,10.1774,7.2739,79.834,1.0415,1.1702,2.4718,1.3055,298.58439999999996,189.9555,8.8156,2.5364,1.4014,3.3131,54.5455,53.4545,18.5907,0.6641,2.3603,0.4338000000000002,0.3039,7.849,7.1457,3.5866,9.2147,5.6537,3.027,18.1433,4.496,2.0807,3.9538,231.3097,4.0359,10.735,56.5327,0.0,501.7751,0.0,0.0,179.2285,341.136,345.1074,47.1677,2.7301,2.1517,0.139,4.2983,10.8385,763.0563,27.8134,850.0,11.702237315398206,2.1116,15.3037,0.0926,2.2002,4.228,3.9377,9.3415,73.218,14.89,0.98,6.9431,0.3811,19.6611,3.7161,1.3385,0.5038,0.1171,50.4835,11.33,0.1926,4.2017,0.0767,4.2252,37.757,533.9718,1.9524,5.44,0.4464,1.708,0.1329,1.0188,22.8636,0.0157,3.1564,0.0455,0.0072,15.7327
-1.0,2945.66,2185.1,0.7821,105.8489,1.39,0.0302,-0.0112,203.1026,11.8272,418.602,0.9777,193.4799,12.5949,1.3979,-4505.0,-212.0,1.3582,2.0088,7.3225,72.0333,2.5778,0.2014,85.3871,8.942,63.8194,66.2825,86.8846,79.9,3.233,367.0355,128.2782,737.644,1.4313,143.7327,639.0464,191.5346,4.602,4.838,2881.0,0.9178,4.8791,364.73,10.7739,113.1573,16.8846,15.1209,20.4622,717.1818,144.2745,622.1618,100.7697,-0.0064,-0.0311,0.0696,-0.0119,-0.007,-0.0098,0.0308,7.3079,0.1286,0.9868,1890.5651,0.2161,8428.19,-0.0067,0.0037,0.0005,-0.003,0.4369761237820229,0.9425,731.2125,0.9908,57.4107,0.6075,0.9614,6.3038,15.78,2.96,15.8,15.75,0.9413,0.5132,3.287,-2.553,0.8443,2.2927,999.9961,167.0,165.3,141.4,72.8,349.8301,0.0878,0.0569,0.0628,0.0679,0.0075,8.5567,10.765,6.121,0.0067,0.21,0.0775,1032.0,689.0,0.098,0.08,0.178,5.0,0.509,0.7807,0.0722,0.6149,0.3441,0.9537,0.359,0.1968,3.25,15.21,35.744,0.524,16.48,5.2,21.467,20.363,0.0695,0.0701,0.0374,0.0274,0.0603,0.0237,0.1044,0.0686,3.6877,0.0349,0.0017,124.2529,0.1254,784.5005,0.0099,0.0172,0.050927373033034073,0.0256,96.8016,3.4465,0.0379,0.2446,0.0605,2.975,33.2776,56.3838,45.0728,0.0304,2.0229,0.0175,3.405,0.0505,0.027,430.387,226.5647,1361.824,300.9441,0.0471,0.0355,0.0795,1.5395,0.0583,0.1763,0.3207,0.0277,0.1129,6.6877,0.1098,4.7017,0.0504,1.0144,4.5763,12.2277,0.1504,1.8011,2.2621,6.3561,6.4551,0.0185,0.0304,0.0158,0.0143,0.0179,0.01,0.0516,0.0327,1.3341,0.0139,0.0006,46.6534,0.0374,269.4786,0.01422299765330103,0.0106,29.0189,1.1578,0.0148,0.0828,0.0184,8.1552,1.2479,7.5328,5.6116,5.4973,3.3317,29.127,11.2302,4.0935,91.0191,1.4622,0.6899,1.6673,5.5446,66.0821,325.0,7.2152,3.9826,2.4309,6.9412,50.431,90.3475,15.1779,0.9143,0.8079,0.9635,0.3085,5.5662,10.0641,2.4628,13.7533,2.2611,2.3801,18.6619,1.8832,4.8636,8.8284,97.6039,2.9932,10.2617,20.2075,0.0,102.673,39.3537,506.4567,338.5714,0.0,222.5466,50.462,2.9559,1.4469,0.172,6.5723,63.31987047269746,0.0,37.9101,0.0,12.759807320156916,2.7142,13.2385,0.0465,6.0033,3.8798,2.6371,7.6943,73.254,14.53,1.33,6.7381,0.5058,27.0176,3.6251,1.8156,0.1863,0.0458,19.2044,4.98,0.0877,2.0902,0.0382,1.8844,15.4662,529.6464,2.032,5.81,0.3435,2.0923,0.0925,1.097,16.9045,0.0187,3.7739,0.0455,0.0072,15.7327
-1.0,3160.57,2244.9778,1.9074,87.2789,1.5688,0.0181,0.018,202.5817,4.2194,398.1974,0.9729,192.9805,12.5224,1.3826,-4552.5,-5751.75,1.297,1.9398,7.1625,72.8,2.3333,0.1666,86.8634,8.4537,64.0411,65.9611,86.8072,80.43,3.358,365.2736,136.1127,744.8001,1.3457,141.0118,642.3982,186.9615,4.568,4.828,2892.0,0.9197,-2.0209,365.0918,10.6582,114.0918,18.4464,22.0209,28.6912,716.1089,144.7682,623.9518,134.0794,0.0066,-0.0424,0.0083,-0.0254,-0.0093,-0.0205,0.0246,6.7403,0.1353,0.9894,1747.056,0.1852,9666.6499,0.0475,0.0465,-0.0321,-0.0306,0.462,0.9602,765.3317,0.989,59.56,0.606,0.9805,6.246,15.73,2.941,15.75,15.69,0.9649,0.5033,3.154,-2.9329,0.8238,2.2563,998.2901,96.0,96.7,143.6,55.5,265.99,0.4926,0.0689,0.0599,0.0388,0.018,9.8762,5.948,13.621,0.0136,0.32,0.128,1126.0,17284.0,0.154,0.194,0.299,2.9,0.482,0.7979,0.0949,0.6651,0.365,0.8318,0.644,0.2161,3.65,16.02,39.413,0.439,16.73,5.65,21.186,84.152,0.0823,0.0607,0.0327,0.0468,0.0459,0.037,0.1163,0.0881,5.6013,0.0617,0.0015,152.764,0.0258,1145.5,0.0159,0.0125,0.0159,0.0234,110.0009,3.9162,0.0337,0.2943,0.0621,1.7353,26.9444,31.0573,55.3313,0.1663,1.0322,0.0248,2.1172,0.0902,0.045799999999999993,550.3317,270.6221,1484.795,8090.0253,0.0704,0.0819,0.141,0.9407,0.0511,0.1969,0.2987,0.0435,0.1208,7.3463,0.2198,4.8235,0.0627,1.1732,4.9084,13.3963,0.1332,1.6948,2.8149,6.4747,25.7533,0.0182,0.0295,0.0154,0.0217,0.0142,0.0158,0.0552,0.0445,1.7205,0.0199,0.0005,49.1891,0.007,328.6841,0.0051,0.007,33.2666,1.1403,0.0109,0.0883,0.0214,5.3629,0.5492,4.4371,3.0596,5.5882,2.4722,12.0442,25.826,4.3918,140.9691,3.4207,1.4001,2.5554,9.13815,66.0077,300.4998,11.8736,10.0013,4.1745,3.9835,55.7143,87.6584,14.5439,0.9186,1.1231,1.0386,0.3336,6.053,8.4121,2.4781,16.0615,2.5884,2.4938,21.0808,2.1632,4.1189,6.6613,90.6954,2.9585,12.2417,62.7628,0.0,138.6636,560.479,180.8422,396.7828,567.3171,358.1301,83.1007,1.7741,2.5686,0.1551,8.7441,13.9353,286.123,27.8607,528.0,3.4491,2.4405,14.373,0.1633,6.5752,4.7119,2.7503,4.1294,74.812,14.44,0.97,6.2249,0.3472,89.0003,3.5527,1.2966,0.3253,0.0793,31.9373,9.82,0.1359,3.731,0.0622,3.6013,22.7641,530.7036,2.1207,8.4,0.1986,2.8909,0.0572,1.5828,9.363,0.0156,3.1592,0.0455,0.0072,15.7327
-1.0,3180.09,2200.2,1.3171,103.8978,1.3209,-0.004,-0.0013,193.8387,8.1735,402.6083,0.9782,184.3312,12.2981,1.3941,-3316.0,-1466.3333,1.2497,1.9558,7.1785,74.4111,1.9333,0.1533,85.3687,9.97415,63.7914,66.4257,86.8485,80.27,3.244,347.1973,136.1382,720.5073,0.8762,137.5473,620.8827,115.4805,4.554,4.799,2845.0,0.932,-0.7391,346.0927,10.3805,115.3991,7.0437,20.7391,26.3387,694.1685,153.4264,614.9182,97.7287,0.0004,0.0102,0.0674,-0.0177,-0.0401,-0.0213,0.039,7.1651,0.1254,0.9887,1833.0663,0.1805,8101.48,0.0121,0.0167,-0.0385,-0.0456,0.4580963144158987,0.9384,684.6308,0.9909,58.523,0.6082,0.9799,6.2616,15.83,2.765,15.86,15.73,1.319,0.4591,3.233,-2.505,0.7932,2.4196,1008.7122,106.0,128.3,164.7,67.6001,290.96,0.0897,0.0778,0.0487,0.0611,0.0084,11.5879,8.492,16.704,0.0063,0.8700000000000001,0.0523,377.0,1995.0,0.103,0.129,0.227,4.7,0.4,0.7025,0.058,0.6831,0.2769,1.0002,0.765,0.0805,7.86,18.31,18.912,0.392,10.19,7.39,28.502,74.379,0.0749,0.0727,0.0603,0.0265,0.0651,0.0277,0.0614,0.0466,4.8298,0.14894999999999997,0.0011,123.2194,0.0202,1050.2002,0.0138,0.0135,0.06806610996868317,0.0161,118.2052,2.4261,0.0278,0.5045,0.1064,3.6151,28.6507,46.549,53.7085,0.0341,2.4138,0.0271,2.367,0.2202,0.019,155.7412,130.5846,270.8444,1107.7619,0.0423,0.0606,0.1025,1.4777,0.0529,0.123,0.2942,0.0234,0.1159,7.0614,0.2692,7.889,0.0226,2.3898,5.3934,6.0146,0.1154,2.2399,2.4277,9.2183,23.4526,0.0221,0.0305,0.0254,0.0129,0.0173,0.0134,0.0258,0.0195,1.5521,0.04725,0.0004,39.2258,0.007,425.4654,0.01528285966327805,0.0053,47.3935,0.6822,0.0091,0.1651,0.0379,4.8813,1.2858,4.8332,4.0345,7.0769,3.0725,25.9511,6.814,5.8898,103.8973,4.1489,0.6476,6.94175,3.7545,19.7829,136.0536,8.2416,6.5959,3.1622,6.3163,67.2414,83.4783,12.0518,0.8229,0.4281,1.0708,0.1137,6.1752,6.8754,3.8638,9.185,5.7144,2.949,16.3768,4.801,3.7763,5.364,144.6687,4.1059,12.1088,76.1076,0.0,100.3797,39.3321,367.2779,69.1635,288.9412,119.4106,67.4063,3.7715,6.2731,0.115,6.722,11.1656,0.0,48.2986,0.0,12.01003912599215,1.7108,17.2655,0.0623,4.1456,8.0568,4.3958,8.8617,74.002,13.49,0.92,6.1896,0.3508,104.4128,3.3131,1.2432,0.3472,0.0623,35.9702,8.26,0.2592,2.9847,0.1129,3.2349,38.05341532073962,530.3836,1.8367,10.34,0.4816,3.582,0.1511,1.9495,26.2227,0.0117,2.352,0.0455,0.0072,15.7327
-1.0,3069.3,2200.2,1.3171,103.8978,1.3496,-0.0018,-0.0094,202.5799,10.435,410.9247,0.9688,193.0086,12.4002,1.3917,-1363.875,-3149.0,1.3148,1.9922,7.211,67.3778,2.2,0.174,84.5951,8.58,64.4791,66.2596,86.4157,79.04,3.071,349.29,137.7336,729.3693,0.9907,136.1845,623.2082,103.8015,4.582,4.84,2842.0,0.9331,-2.8727,352.7136,10.4309,114.8609,5.9372,22.8727,24.4002,704.9691,150.7164,618.2909,171.74984999999998,0.0095,0.0119,0.0032,-0.0068,-0.0531,-0.0078,0.05,7.6294,0.1337,0.9886,1706.4659,0.2266,8369.34,-0.0682,-0.08,0.0424,-0.029,0.4526312915653563,0.9455,700.693,0.9867000000000001,56.9176,0.603,0.9643,6.224,15.71,2.964,15.71,15.68,0.9413,0.5104,3.158,-2.458,0.8036,2.2954,991.3567,87.0,94.6,69.9,67.6001,290.96,0.0897,0.1239,0.0683,0.0468,0.0203,8.7576,7.053,6.332,0.0148,0.21,0.0601,851.0,2995.0,0.193,0.106,0.148,3.0,0.707,0.5786,0.1744,0.4197,0.389,0.7959,0.225,0.0353,4.9,17.87,15.385,0.298,12.24,4.16,26.541,39.036,0.072,0.0666,0.0526,0.0209,0.0472,0.0356,0.0345,0.0691,2.0145,0.0582,0.0011,95.1255,0.1254,1358.6001,0.0141,0.0132,0.04725849611556049,0.0319,151.667,1.8566,0.0356,0.2062,0.0686,3.7145,26.3811,31.5414,23.8551,0.0341,2.4138,0.0443,2.0954,0.0558,0.0201,415.4251,252.8694,5823.189049999999,1670.5613,0.0802,0.044,0.0608,1.0329,0.0402,0.2135,0.225,0.0705,0.1465,5.4235,0.0904,6.9613,0.0109,1.4418,5.5923,4.2146,0.078,1.4614,2.033,8.6074,12.105,0.0188,0.0291,0.0259,0.01,0.0138,0.0149,0.0141,0.0308,0.6918,0.0171,0.0003,29.4934,0.0374,382.3452,0.012612874136939312,0.0108,42.1152,0.6833,0.0108,0.0634,0.0252,6.714,1.3169,3.8969,3.0821,2.7947,3.0725,25.9511,6.814,9.1803,67.5898,1.5409,1.5328,1.6935,4.3184,0.0,95.1096,14.6796,5.3206,2.0524,4.4525,68.1818,73.5632,20.9185,0.684,2.0327,0.6509,0.3927,5.7116,5.3872,3.0321,3.5634,3.5981,2.8674,14.8216,5.4304,2.8569,6.1204,206.1578,3.7648,5.4581,20.9073,754.9148,92.887,648.062,697.3223,67.0749,440.8946,138.2691,26.4044,0.9721,2.3901,0.1108,5.5744,63.31987047269746,0.0,44.0889,297.6744,11.601480480347757,3.3703,21.6453,0.25379999999999997,3.2619,3.3133,2.9906,9.2743,73.5,15.91,1.0,7.1614,0.3767,21.344,3.979,1.3605,0.1415,0.034,14.3464,4.98,0.0877,2.0902,0.0382,1.8844,15.4662,528.7673,1.9809,6.95,0.2234,2.229,0.0615,1.3144,11.28,0.0168,3.3412,0.0276,0.016,57.7824
-1.0,3136.15,2178.4667,0.7649,104.6267,1.4234,-0.0179,-0.0066,198.8962,11.2301,412.8452,0.9718,189.9234,12.4431,1.4181,-3856.5,1046.75,1.26,2.0,7.246,73.8778,2.4667,0.1842,85.3871,8.942,63.8194,66.2825,86.8846,79.9,3.233,365.8573,137.4336,747.5998,1.3222,142.8164,646.1073,184.8145,4.547,4.786,2898.0,0.9148,2.6036,364.0618,10.5063,120.0373,15.0191,17.3964,23.8576,723.7423,146.9891,631.0882,113.0997,-0.019,-0.0674,0.0107,-0.0005,-0.0038,-0.0241,0.0126,7.7228,0.1269,0.9879,1803.7358,0.2072,8356.3,0.23764999999999997,-0.0549,-0.1553,-0.0741,0.44030232148371473,0.9712,727.6347,0.9907,58.3071,0.6064,0.9693,6.4267,15.78,2.96,15.8,15.75,0.9413,0.5132,3.287,-2.553,0.8443,2.2927,999.9961,108.0,68.9,51.4,69.8,220.385,0.1114,0.0926,0.0711,0.0493,0.011,8.5016,10.703,19.757,0.0115,0.24,0.0504,494.0,7440.0,0.08,0.048,0.179,4.4,0.312,0.7807,0.0722,0.6149,0.3441,0.9537,0.868,0.2351,8.73,16.68,32.949,0.593,21.88,13.75,33.241,15.044,0.0609,0.0381,0.0405,0.0718,0.0521,0.0313,0.1166,0.0936,4.0453,0.0766,0.0013,163.8424,0.0313,1516.6001,0.0179,0.03420000000000001,0.038567444970002834,0.0091,150.692,2.3147,0.0301,0.301,0.0605,2.975,28.6445,25.1916,16.0766,0.0337,2.1266,0.0357,3.6741,0.0632,0.0179,230.5174,258.2047,606.9714,3548.7115,0.0344,0.0196,0.0809,1.4567,0.0287,0.1046,0.3207,0.0277,0.1129,7.635,0.2392,5.622,0.0637,2.4716,5.1852,10.679,0.1785,3.9943,4.8705,9.2508,4.5005,0.0161,0.0173,0.0176,0.0312,0.0184,0.013,0.0543,0.0437,1.6643,0.025,0.0004,51.0421,0.0093,498.927,0.014551584276700842,0.0028,49.0795,0.7095,0.012,0.102,0.0184,8.1552,1.2479,4.8342,2.197,2.0519,3.2041,22.1896,14.5594,6.5054,95.3064,4.7856,1.1798,1.9288,3.5547,35.0058,710.7714,6.3492,2.4,2.4703,5.9558,60.8108,41.7973,9.0665,0.9143,0.8079,0.9635,0.3085,6.8797,7.3927,2.7866,17.7843,6.1127,2.5816,17.8282,2.427,5.6443,6.4397,145.681,4.5929,14.5295,13.3015,320.9486,50.8509,672.5995,0.0,834.6667,482.8157,744.334,52.3812,3.7812,3.2291,0.1313,9.0835,15.1086,0.0,30.9392,555.9322,10.857750297153338,0.9405,20.7098,0.0543,3.9699,4.6837,2.6371,7.6943,71.548,12.51,0.64,5.7417,0.2744,53.7433,3.1799,0.8945,0.4023,0.0957,41.3971,4.98,0.0877,2.0902,0.0382,1.8844,15.4662,531.0418,2.0433,9.82,0.3602,3.5086,0.0997,1.8492,17.6298,0.0147,2.9649,0.0276,0.016,57.7824
-1.0,2988.21,2219.7667,1.3381,98.89,1.3825,0.005,0.0018,197.5396,10.2436,412.2285,0.9756,187.9546,12.5412,1.3845,-3488.25,-359.25,1.3232,2.003,7.3607,67.7222,3.1444,0.2452,87.1083,8.7779,64.4107,66.3369,86.797,77.83,3.396,353.6091,144.1782,739.9196,0.8611,134.1036,631.8909,106.0869,4.61,4.837,2853.0,0.9284,-5.9418,355.3082,10.4346,118.2364,9.8009,25.9418,31.1657,708.7539,149.7527,623.2973,111.417,0.0076,0.034,0.0421,-0.0313,-0.0264,-0.0244,0.0451,7.2068,0.126,0.9614,1860.9223,0.2102,8635.83,0.0164,0.0084,0.0123,0.0373,0.45674781231674044,0.9305,743.8759,0.9914,58.5787,0.603,0.9662,6.2815,15.71,2.964,15.71,15.68,0.9413,0.5104,3.158,-2.458,0.8036,2.2954,991.3567,108.0,179.0,155.2,58.0999,582.4641,0.2867,0.1504,0.0616,0.0373,0.0118,7.4409,4.973,11.344,0.0091,0.31,0.0733,791.0,1709.0,0.206,0.189,0.185,3.6,0.358,0.4059,0.1865,0.5538,0.1701,0.6053,0.627,0.0771,8.24,14.46,15.848,0.4,17.52,12.13,35.331,95.49,0.0954,0.0833,0.12045,0.0761,0.0781,0.0343,0.015000000000000013,0.1493,4.3598,0.0794,0.013699999999999999,148.0391,0.0435,774.1992,0.0092,0.0072,0.04852937608960983,0.0178,68.0249,1.6097,0.0393,0.4841,0.0686,3.7145,29.3266,53.5861,51.8794,0.0926,2.4714,0.0463,1.6741,0.0731,0.0277,377.2872,184.5145,323.3238,825.0424,0.0921,0.0772,0.0779,1.2387,0.0338,0.1227,0.1495,0.0738,0.0543,6.4645,0.2191,7.4856,0.0207,2.5916,4.3767,5.5222,0.1325,3.2928,4.1853,11.0598,30.2935,0.0228,0.036,0.055099999999999996,0.0348,0.0205,0.0161,0.006400000000000003,0.0669,1.4549,0.0249,0.0046,48.8408,0.0146,267.454,0.013939143504327066,0.0068,22.1769,0.5234,0.0128,0.1494,0.0252,6.714,1.3169,4.8324,5.9902,6.2323,2.6174,27.9162,21.4288,10.8786,48.5472,2.7519,0.9289,2.4718,5.2908,21.3287,475.7133,15.5677,9.4358,2.5133,5.3158,41.3428,47.7118,10.1994,0.466,2.1246,0.8598,0.6795,6.6571,4.9314,3.315,8.9587,6.1445,2.2884,14.9387,5.248,3.8334,9.2104,178.759,4.9849,10.7406,85.7051,0.0,157.244,180.8675,249.92,130.0474,46.7692,330.8587,60.4959,0.5558,3.2316,1.3944999999999999,7.9551,20.6803,484.0336,19.6118,0.0,11.828523833575561,1.9104,9.1447,0.0549,2.7479,7.7069,2.9906,9.2743,73.5,15.91,1.0,7.1614,0.3767,21.344,3.979,1.3605,0.4895,0.0745,49.5678,6.456171431491893,0.15776284739580534,2.633127986658616,0.06510436715184739,2.4336711040298873,21.596613930269164,524.2318,2.0104,15.390000000000002,0.6164999999999999,5.3345,0.18730000000000002,2.8874999999999993,28.50255,0.0206,4.1139,0.0276,0.016,57.7824
-1.0,3068.67,2258.2778,1.2329,96.9478,1.3524,0.002,-0.0088,198.2341,6.7947,399.8484,0.9731,188.806,12.5412,1.4503,-3587.5,-918.25,1.261,2.0053,7.3105,69.7667,2.5889,0.2102,84.1896,8.8519,64.6928,66.1883,86.9473,77.44,3.182,350.9336,137.66,727.6856,0.8519,134.0764,622.67,106.6615,4.595,4.848,2844.0,0.9316,-4.9891,351.62,10.4504,112.6709,9.667,24.9891,29.6501,698.0355,150.0409,614.3318,102.3333,0.0058,0.0573,0.0342,-0.0197,-0.0291,-0.0066,0.048,7.6344,0.131,0.9662,1768.0997,0.2,8945.9899,-0.0937,0.013,-0.0588,-0.0628,0.4647,0.9263,688.7791,0.9912,57.7414,0.5941,0.9799,6.2115,15.78,2.96,15.8,15.75,0.9413,0.5132,3.287,-2.553,0.8443,2.2927,999.9961,118.0,156.4,125.1,66.8999,280.7651,0.459,0.1476,0.0793,0.0564,0.0148,7.4688,4.107,21.491,0.0104,0.31,0.128,284.0,2248.0,0.131,0.097,0.3,3.3,0.446,0.5832,0.1511,0.5019,0.2235,0.6193,0.792,0.1134,3.69,19.29,28.199,0.897,19.79,6.21,31.112,84.627,0.0905,0.0612,0.0423,0.0332,0.0476,0.0363,0.0721,0.1276,4.4547,0.0495,0.0065,128.7933,0.0309,1092.5,0.0369,0.0311,0.02,0.0269,82.5988,1.6459,0.0407,0.3644,0.0605,2.975,31.1522,50.0757,40.0455,0.1482,1.8092,0.0459,1.4137,0.0731,0.045799999999999993,124.5258,192.9119,546.3738,1116.6702,0.0544,0.0421,0.1363,1.2278,0.0314,0.1548,0.223,0.0652,0.0508,6.202,0.2419,9.3313,0.0319,1.2894,5.8732,7.8489,0.2418,1.6358,2.1192,9.9398,26.9235,0.0205,0.0271,0.021,0.0159,0.0141,0.0157,0.0373,0.0618,1.4702,0.0169,0.0024,40.0078,0.009,350.7784,0.0055,0.0096,28.5311,0.5189,0.0132,0.1163,0.0184,8.1552,1.2479,5.1584,5.0967,4.9701,2.9624,13.5434,37.2305,10.9135,60.4439,5.3748,1.0646,2.4718,9.13815,32.4181,244.8135,10.3886,4.8373,4.1037,4.7301,23.176,48.9958,13.2984,0.6927,1.7066,0.7758,0.6795,5.6877,9.7559,4.2085,13.3139,2.7522,3.0979,26.4378,7.1071,8.5834,15.9757,204.7172,4.4571,23.0939,82.6974,0.0,123.2008,97.076,242.2392,124.7423,0.0,265.695,58.3501,3.2067,2.0288,0.6732,7.2843,15.4696,0.0,43.7557,0.0,4.3116,2.908,11.9921,0.1048,2.8505,5.8664,2.6371,7.6943,73.5,15.91,1.0,7.1614,0.3767,21.344,3.979,1.3605,0.1415,0.034,14.3464,9.92,0.1668,4.1622,0.065,3.6897,29.4814,532.7118,2.1958,8.7,0.2132,3.2886,0.0634,1.6331,9.7075,0.021,4.172,0.0276,0.016,57.7824
-1.0,3225.61,2266.8333,1.6558,94.8489,1.4162,0.002,-0.0136,199.0026,9.3234,416.504,0.9735,189.0878,12.602,1.3993,-3959.0,-238.75,1.2723,2.0288,7.1773,71.8444,2.6667,0.2094,85.2836,8.8331,64.3688,66.0106,87.0785,75.34,3.396,352.5345,144.4991,740.0945,0.8489,131.6145,628.6482,106.7807,4.61,4.837,2853.0,0.9284,-2.9718,354.0082,10.2935,121.5273,6.656,22.9718,28.8713,711.2233,148.7036,624.2391,118.1071,0.0036,-0.0264,0.0063,0.0176,-0.0547,-0.0133,0.0341,7.9279,0.1378,0.9881,1809.9517,0.1797,8478.3301,0.0463,-0.0632,-0.1064,0.0377,0.4479910066358017,0.9509,726.2825,0.9905,58.7134,0.5994,0.9595,6.3806,15.86,2.819,15.89,15.78,1.087,0.4681,3.314,-2.6,0.7696,2.416,1006.6856,106.0,188.0,176.1,53.3,301.7601,0.7444,0.1294,0.0441,0.0542,0.0143,5.0069,7.759,14.148,0.0111,0.31,0.0412,608.0,1190.0,0.086,0.066,0.498,2.3,0.537,0.7982,0.26130000000000003,0.6623,0.3935,0.8184,0.651,0.0617,6.64,18.8,24.72,0.368,15.57,10.12,33.038,89.396,0.0841,0.0628,0.0323,0.0549,0.0624,0.0248,0.0944,0.0765,2.4162,0.0356,0.002,170.8728,0.031,924.0996,0.0155,0.0221,0.04867944045266834,0.0241,94.4233,3.787,0.0316,0.2427,0.1123,6.8518,28.6507,51.3749,55.3665,0.263,1.4193,0.0452,2.5682,0.0852,0.0148,273.0438,62.8145,589.9028,507.5236,0.0439,0.0298,0.2273,0.7468,0.0386,0.1552,0.3019,0.0985,0.1418,6.2383,0.2012,7.3747,0.0206,1.9618,5.2698,7.0961,0.1014,3.0907,3.7583,10.7534,30.5201,0.0269,0.0261,0.0139,0.0238,0.0139,0.0105,0.0491,0.0377,0.7885,0.0104,0.0005,49.6306,0.0105,324.7652,0.011747252719952837,0.0098,34.3514,1.0919,0.0094,0.0803,0.0366,3.8415,2.0664,4.8332,5.8284,7.0634,2.3513,14.7908,44.953,9.1373,83.221,3.3968,1.1378,2.4599,2.9423,31.8262,498.4293,6.7597,3.2532,7.1615,3.2014,33.75,63.0239,16.0586,0.9359,2.9167,1.0289,0.2679,5.9711,5.1211,3.1084,7.2663,5.045,2.9905,23.1502,5.248,3.5751,8.1216,233.9249,4.6452,9.9545,75.6906,0.0,140.4922,764.9995,355.429,45.2968,711.1111,224.6696,30.4777,3.8064,1.5141,0.1974,9.4407,17.2482,0.0,21.6008,364.7059,12.168120220967916,2.5299,13.0009,0.0685,6.45,3.8038,4.6502,18.4824,72.086,17.53,0.85,8.4003,0.3258,41.3807,4.2885,1.1792,0.1378,0.0355,13.9153,4.98,0.0877,2.0902,0.0382,1.8844,15.4662,533.9718,1.9524,5.44,0.4464,1.708,0.1329,1.0188,22.8636,0.0119,2.3829,0.0276,0.016,57.7824
-1.0,2936.51,2266.8333,1.6558,94.8489,1.4105,-0.0262,0.0064,199.0286,6.8099,399.3023,0.9732,189.0829,12.4059,1.4418,-1363.875,-6325.3333,1.316,1.9962,7.409,71.8,2.0222,0.1617,85.3032,8.5851,63.9668,66.2813,86.6018,84.4,2.41,351.7445,139.1627,731.8209,0.8704,133.8282,624.7355,92.7645,4.588,4.841,2846.0,0.9314,-0.9364,352.6809,10.378,118.2264,6.1366,20.9364,26.2691,705.5518,149.8218,620.7291,121.3789,-0.0026,-0.0533,0.0675,-0.0202,-0.0136,-0.0228,0.0331,7.5056,0.1236,0.9892,1830.5375,0.1767,8163.3701,-0.0288,-0.0893,0.0336,0.1036,0.4552323217014873,0.9406,682.5904,0.9906,58.2257,0.6046,0.9612,6.3294,15.79,3.03,15.77,15.73,0.9602,0.4981,3.229,-2.222,0.7822,2.2658,1001.4256,131.0,97.0,57.7,53.3,301.7601,0.7444,0.1161,0.0596,0.0432,0.0137,5.6223,3.523,10.206,0.009,0.18,0.061,925.0,17919.5,0.189,0.131,0.137,1.4,0.455,0.377,0.1341,0.4787,0.2629,0.7128,0.616,0.0623,4.31,20.23,20.789,0.253,12.0,6.97,30.02,80.95,0.0703,0.0403,0.0341,0.0219,0.0311,0.0667,0.0906,0.0521,4.54,0.0689,0.0015,134.9332,0.0588,1455.9004,0.0159,0.0163,0.04383770897325695,0.0199,141.9464,3.6441,0.029,0.2177,0.0501,3.8599,33.6285,32.0061,22.6941,0.263,1.4193,0.0443,1.0668,0.0497,0.0206,400.3094,322.4417,4804.8026,8994.62525,0.0816,0.059,0.0595,0.4359,0.0511,0.1425,0.1427,0.0533,0.1392,6.5571,0.1694,7.3995,0.0235,1.3033,6.2761,7.3071,0.0818,2.0605,2.9347,9.5406,23.566,0.017,0.0189,0.0158,0.0097,0.0086,0.0291,0.0455,0.024,1.5871,0.0224,0.0006,48.469,0.0187,431.0282,0.013985217265570764,0.0065,42.0202,1.1391,0.012,0.0688,0.0165,5.0006,1.3227,5.8865,3.3032,2.3235,2.3513,14.7908,44.953,8.2313,51.7334,2.556,0.9269,1.4509,4.2302,298.58439999999996,287.8425,14.3617,6.5623,1.8491,1.9499,84.0659,90.9278,13.2097,0.442,1.5618,0.7484,0.3801,6.6469,4.6061,3.2273,7.1584,3.2205,3.2382,22.4105,5.4552,2.4378,6.5045,195.5473,4.2548,14.9405,66.692,0.0,56.9813,32.4685,153.6751,491.3444,396.9332,157.1644,60.4881,4.6133,2.8972,0.1547,7.3712,33.2695,869.3333,25.3365,341.6667,10.558792829182243,2.1209,20.7952,0.0711,6.2586,3.4387,2.2116,10.0861,75.236,14.51,1.52,6.8087,0.653,43.1067,3.5979,2.0203,0.1378,0.0355,13.9153,11.969999999999999,0.1915,4.532500000000001,0.0714,4.637,30.1677,531.4173,2.1444,6.72,0.2056,1.9092,0.0638,1.2645,9.5881,0.0152,3.0464,0.0156,0.0093,59.5644
-1.0,3170.24,2186.9,1.3493,104.3367,1.3525,0.0313,-0.0088,198.6402,8.7823,410.8838,0.9745,189.895,12.4431,1.4049,-4027.25,-656.0,1.319,1.9813,7.2575,74.0444,2.3444,0.1923,85.2753,8.9154,63.6973,66.3741,86.8694,68.48553220032304,3.7211029582626156,350.7491,134.9936,726.0754,0.9886,138.6491,624.3918,103.0501,4.556,4.847,2841.0,0.9316,1.1673,352.2945,10.4803,116.1609,10.3098,18.8327,23.6877,702.3876,147.0027,615.4582,90.4126,0.0116,-0.0457,-0.0133,-0.021,-0.0272,-0.0134,-0.0017,8.1608,0.1254,0.9923,1841.9254,0.1697,8857.67,0.0245,0.0288,-0.0237,0.005,0.44505814518579223,0.9484,766.1026,0.9909,58.6272,0.5966,0.966,6.2838,15.77,3.135,15.8,15.71,0.9318,0.5156,3.102,-2.175,0.8318,2.2821,1001.3102,106.0,214.9,94.1,64.2,278.113,0.2729,0.1448,0.0494,0.0887,0.0122,8.6169,4.316,11.555,0.0109,0.24,0.0452,1191.0,2925.0,0.21,0.078,0.159,4.1,0.535,0.9144,0.0606,0.613,0.4035,1.0357,0.463,0.1415,7.05,17.25,23.532,0.224,14.08,9.23,29.778,78.62,0.0811,0.0578,0.034,0.14704999999999996,0.0692,0.014,0.0825,0.0759,2.3248,0.0356,0.001,220.755,0.0264,907.4004,0.016,0.0166,0.05423477484660366,0.0265,105.9191,1.6562,0.0331,0.2145,0.0665,4.6867,28.8477,58.5955,32.178,0.1016,1.5312,0.0517,1.4834,0.0632,0.0151,578.8157,148.1764,1429.8043,1287.8149,0.0904,0.0321,0.0734,1.3182,0.0315,0.186,0.3272,0.0227,0.1144,5.6573,0.1271,6.4856,0.0387,2.0519,5.4008,6.6959,0.0697,2.9263,3.6279,9.5383,25.5703,0.0207,0.0265,0.0151,0.062,0.0201,0.0073,0.0444,0.0315,0.7594,0.0104,0.0003,66.719,0.0076,267.7965,0.013808410321196058,0.0098,30.8465,0.5212,0.0107,0.0645,0.022,5.6751,1.4809,4.7179,6.7787,3.7857,2.9357,29.6992,20.2273,10.706,49.1445,2.8122,1.1181,1.9288,3.2181,77.646,445.8841,15.9212,3.9369,2.1908,5.5372,46.9194,61.8718,15.6047,1.0723,0.6796,0.9624,0.288,4.9238,7.1707,2.9655,14.3123,5.0848,2.7627,22.8355,5.3999,2.1373,7.9803,136.5692,4.2395,17.4328,86.9569,700.2698,93.1882,0.0,329.9166,51.4233,617.9775,0.0,28.4871,3.7715,1.5141,0.1001,11.985,15.5499,309.1967,37.032,696.7742,12.281567214186824,2.7969,13.8257,0.0601,2.8249,3.4132,2.9135,11.8085,74.834,18.18,1.54,7.6449,0.6549,77.4417,4.425,2.0579,0.1863,0.0458,19.2044,4.98,0.0877,2.0902,0.0382,1.8844,15.4662,531.0418,2.0433,9.82,0.3602,3.5086,0.0997,1.8492,17.6298,0.0148,2.9412,0.0156,0.0093,59.5644
-1.0,3039.4,2178.4667,0.7649,104.6267,1.4286,-0.0143,-0.0175,201.8187,8.259,406.4911,0.9788,192.9993,12.6122,1.4273,-1363.875,4151.5,1.3502,2.0023,7.4132,66.2444,2.0333,0.1902,86.9432,8.8105,64.0283,66.362,86.7128,80.84,3.59,363.3791,131.5409,737.8895,1.4147,143.6836,638.6036,238.9436,4.582,4.832,2885.0,0.9224,0.6009,361.9127,10.7232,112.1418,18.2491,19.3991,25.8992,711.9904,146.3,620.3545,101.7808,0.0207,-0.0403,0.0739,-0.0308,-0.0436,-0.0265,0.0363,7.0048,0.1354,0.9897,1894.8394,0.2026,8735.4199,0.0104,0.0428,0.0805,0.0231,0.4363352763479311,0.948,754.7067,0.9909,59.391,0.6041,0.9691,6.2551,15.77,3.135,15.8,15.71,0.9318,0.5156,3.102,-2.175,0.8318,2.2821,1001.3102,98.0,70.8,52.4,69.8,220.385,0.1114,0.1145,0.0622,0.0706,0.0098,8.741,6.131,10.599,0.006,0.22,0.1013,1027.0,17919.5,0.06,0.109,0.352,3.1,0.398,0.4188,0.0759,0.606,0.3265,0.6916,0.599,0.1769,5.19,13.55,75.775,0.38,16.11,6.94,20.565,13.003,0.0636,0.06,0.037,0.0152,0.0597,0.0448,0.0896,0.0547,5.3944,0.0494,0.0012,102.4301,0.1254,1102.6997,0.0251,0.0308,0.015706022180859064,0.0092,105.9976,2.4608,0.024,0.3011,0.0665,4.6867,26.9966,24.6337,18.6051,0.0337,2.1266,0.0323,1.8756,0.0618,0.0332,428.4771,18.1567,4603.8267,8994.62525,0.0284,0.0472,0.148,0.9838,0.0855,0.118,0.1784,0.0292,0.103,7.1218,0.192,4.518,0.0504,1.3831,4.221,21.1158,0.1271,2.2248,3.1289,6.1607,4.5379,0.0205,0.0259,0.0163,0.0069,0.0168,0.0216,0.0477,0.0241,1.9459,0.0153,0.0004,33.9154,0.0374,329.8479,0.00891522265438337,0.0027,31.1559,0.8019,0.0076,0.0966,0.022,5.6751,1.4809,4.6221,2.3294,2.1185,3.2041,22.1896,14.5594,8.0148,74.2342,2.6074,0.6152,1.7443,7.0989,298.58439999999996,527.7611,4.4436,5.4439,4.7483,4.6796,108.1967,134.0537,11.4474,0.4817,0.8612,0.9465,0.3005,6.3075,9.6776,2.3567,12.504,3.6121,2.1218,31.7125,2.3165,3.5437,6.3491,88.2784,2.8884,9.5115,12.7755,307.3392,65.7354,20.5683,193.8705,102.6934,337.7945,150.7926,77.01,2.7317,2.0378,0.1188,5.4057,63.31987047269746,0.0,26.455,852.1739,5.5959507669586435,0.9738,14.0449,0.0466,4.1434,4.8142,2.9135,11.8085,73.254,14.53,1.33,6.7381,0.5058,27.0176,3.6251,1.8156,0.4023,0.0957,41.3971,5.05,0.1561,2.0763,0.0571,2.0436,19.8104,532.0064,1.9363,10.89,0.1874,3.9403,0.0554,2.047,9.6762,0.0162,3.2275,0.0157,0.0081,51.5105
-1.0,3078.2,2187.6667,1.2727,105.0156,1.4182,-0.0029,0.0148,203.4359,3.6878,412.0525,0.9759,193.1655,12.5259,1.4232,-6375.125,-5483.0,1.2765,1.985,7.2957,76.0667,1.9222,0.1657,84.9121,8.1166,64.5548,66.2506,87.1953,63.93999999999998,4.397,349.9355,134.3618,725.2685,1.3841,143.05,627.3473,221.0335,4.582,4.856,2837.0,0.9324,2.6473,348.2236,10.492,117.0091,13.5064,17.3527,22.4925,702.7761,148.6082,613.8409,108.5665,0.0102,-0.0072,0.0688,-0.0171,0.0048,-0.0075,0.0474,8.1547,0.1363,0.9826,1851.5836,0.1732,8499.69,-0.0016,-0.0102,0.0142,-0.0462,0.44894449075790943,0.9467,733.2411,0.9867000000000001,57.4825,0.5974,0.9648,6.5252,15.79,2.632,15.83,15.71,1.361,0.4583,3.46,-2.08,0.8405,2.4167,1007.63,169.0,133.6,100.7,73.0999,217.756,0.1934,0.1222,0.0696,0.0425,0.0186,8.7643,2.808,9.59,0.0125,0.15,0.0661,755.0,11562.0,0.133,0.078,0.168,3.2,0.369,0.6833,0.1459,0.6015,0.257,0.6839,0.313,0.0966,4.73,16.39,33.302,0.12,18.85,9.7,32.22,24.133,0.0501,0.0656,0.0289,0.0153,0.0638,0.0422,0.1069,0.0642,3.0281,0.0428,0.0059,122.7344,0.0746,771.6001,0.0157,0.0129,0.050348982782175034,0.0171,100.0547,2.8486,0.0297,0.2303,0.1041,4.0856,41.4581,40.4277,34.3543,0.063,2.5908,0.0383,1.001,0.0532,0.0223,354.9032,32.9949,5650.3283,5320.0344,0.0627,0.0355,0.0732,1.0062,0.0296,0.103,0.2561,0.0623,0.0741,4.8007,0.0999,6.702,0.0276,1.2801,4.6719,11.2932,0.0426,3.2551,4.1935,10.2193,7.9342,0.0144,0.0277,0.0155,0.0074,0.0164,0.0188,0.0548,0.0289,1.1464,0.0138,0.0018,37.5942,0.0228,257.2697,0.01194484245438443,0.0068,34.3571,1.0125,0.0098,0.0789,0.0385,2.5955,1.3192,7.4224,4.3402,3.9131,3.3415,21.9571,15.1993,8.6166,76.1426,2.3274,1.2764,1.1975,4.6452,144.4722,210.87,10.4191,3.9295,2.3027,4.2068,52.0231,60.3622,10.9727,0.8047,1.7974,0.9318,0.2072,4.3837,5.1279,2.9162,6.978,3.3065,2.6126,15.0665,5.5576,1.1437,7.9567,139.5636,4.5847,9.815,22.2288,488.7805,190.8364,22.2384,372.0117,874.6114,0.0,135.5145,37.1332,2.5677,1.7456,0.6015,6.6286,43.077,0.0,35.122,0.0,11.6234093241669,1.8024,13.6455,0.25379999999999997,4.9556,3.5295,4.3091,10.7007,82.034,14.34,0.91,6.1963,0.3407,91.4021,3.5101,1.1093,0.125,0.0291,13.3019,4.98,0.0877,2.0902,0.0382,1.8844,15.4662,531.0364,2.1244,8.97,0.3116,3.3351,0.0868,1.6892,14.6674,0.026000000000000006,5.21645,0.0119,0.0173,145.3192
-1.0,3010.3,2249.2556,2.1216,95.7967,1.4818,-0.0088,-0.0064,198.5195,6.6023,395.8883,0.9786,188.8406,12.5743,1.3944,-4005.25,-1407.0,1.2845,1.9845,7.2617,72.3333,2.3778,0.166,85.8815,8.7609,64.2677,66.1478,87.0545,80.67,2.791,350.7591,130.7009,719.7335,0.9175,139.0327,620.4927,101.0514,4.609,4.839,2842.0,0.9337,0.5364,351.6718,10.617,111.2373,12.5367,19.4636,24.0135,695.7201,146.4582,609.3673,88.3751,0.0063,0.0577,0.0064,-0.034,-0.045,0.0148,0.0423,7.6111,0.1373,0.9875,1830.9033,0.1853,8919.38,0.1501,-0.0614,-0.1076,-0.0283,0.46173229344348354,0.9666,762.1232,0.9912,57.8447,0.6027,0.9644,6.3554,15.86,2.819,15.89,15.78,1.087,0.4681,3.314,-2.6,0.7696,2.416,1006.6856,107.0,88.2,156.9,52.5,173.814,0.5508,0.072,0.0504,0.039,0.0055,7.6187,4.681,12.611,0.0052,0.2,0.0413,481.0,17919.5,0.097,0.041,0.177,2.5,0.562,0.8935,0.1203,0.599,0.3334,0.7783,0.333,0.1238,6.65,18.77,27.531,0.787,17.82,8.37,31.134,49.958,0.0804,0.0886,0.0565,0.0569,0.0742,0.0456,0.072,0.0524,3.1778,0.0511,0.0026,140.3652,0.0573,921.2002,0.0126,0.015,0.037596732270964606,0.0257,104.4459,2.2482,0.0213,0.3216,0.1123,6.8518,29.4853,29.2925,53.7692,0.1642,1.7129,0.0219,1.3928,0.055,0.0138,212.7822,198.3841,1096.0436,8994.62525,0.0421,0.0177,0.0925,1.0512,0.0255,0.1889,0.3447,0.044,0.1456,5.4703,0.1071,8.8567,0.0327,1.9691,5.795,9.2965,0.1973,2.395,2.4324,10.0279,15.1207,0.021,0.0368,0.0262,0.0235,0.0213,0.0187,0.0388,0.0229,1.3199,0.0176,0.0009,42.6351,0.0158,327.9215,0.012251464386869615,0.0075,37.8695,0.6293,0.0083,0.1087,0.0366,3.8415,2.0664,4.8705,2.9299,6.4789,2.3341,8.4169,25.9611,4.8589,70.8998,3.1855,0.5295,1.5905,2.9647,53.3799,0.0,7.5516,2.066,2.4374,3.4562,67.2897,51.8072,16.7162,1.0404,1.3733,0.932,0.33,5.146,11.8821,4.1289,13.4918,4.783,3.025,27.2446,6.2148,7.4126,15.849,142.1426,4.4751,14.4762,56.5295,0.0,128.6388,764.9995,218.4763,101.2209,486.4865,123.8771,41.7526,1.0921,2.1401,0.2652,7.6664,30.9439,566.0377,45.4115,339.3939,8.855874313975686,2.6601,13.7046,0.0626,3.8865,5.0599,4.6502,18.4824,73.624,20.31,0.88,9.3042,0.3585,66.0486,4.9714,1.1953,0.2692,0.0595,26.4387,11.969999999999999,0.0547,4.2659,0.0199,4.638249999999999,9.8076,533.9718,1.9524,5.44,0.4464,1.708,0.1329,1.0188,22.8636,0.0167,3.3523,0.0119,0.0173,145.3192
-1.0,3016.34,2266.8333,1.6558,94.8489,1.3613,0.0006,0.01,200.6021,9.9317,414.9645,0.9726,191.3332,12.4002,1.3975,-3700.75,-1261.6667,1.2868,1.9672,7.1215,67.2333,2.5444,0.2042,85.7712,8.7383,64.2652,66.2908,86.3854,63.93999999999998,4.597,365.41,132.3464,739.3546,0.9484,138.3336,636.09,100.281,4.564,4.821,2895.0,0.9157,-2.5036,364.3982,10.8915,109.8427,16.6836,22.5036,28.2316,711.1231,145.1655,619.4064,94.7482,-0.0176,-0.0469,0.001,-0.0146,-0.015,-0.0188,0.0277,7.9348,0.1351,0.9906,1787.1098,0.2119,9208.9401,-0.05,0.04,0.0579,0.0381,0.4517461286643385,0.9477,794.351,0.9914,57.1369,0.5983,0.9799,6.3281,15.83,2.765,15.86,15.73,1.319,0.4591,3.233,-2.505,0.7932,2.4196,1008.7122,123.0,107.0,74.9,53.3,301.7601,0.7444,0.1353,0.0499,0.0643,0.007,3.6782,7.02,5.555,0.0111,0.21,0.0247,819.0,2217.0,0.119,0.028,0.049,2.4,0.356,0.8737,0.0805,0.3926,0.1578,0.8262,0.844,0.1535,13.6,16.59,21.352,0.621,18.01,7.89,18.694,37.091,0.0503,0.0347,0.046,0.0516,0.0583,0.0357,0.0898,0.0755,2.6327,0.0356,0.001,132.5828,0.0613,2322.228871323444,0.0122,0.0124,0.05909368502271392,0.0189,236.4036,1.5313,0.0271,0.2321,0.1064,3.6151,29.4149,31.8106,27.1345,0.263,1.4193,0.0414,1.9497,0.0558,0.0083,334.8725,189.3374,1106.2948,1210.5265,0.0513,0.0122,0.0272,0.7194,0.0361,0.0987,0.315,0.0349,0.0755,9.080550000000002,0.2879,5.1887,0.0465,3.7191,5.3166,7.4178,0.167,2.5212,3.3164,5.5872,9.9359,0.0128,0.0148,0.0204,0.0255,0.0151,0.0153,0.0451,0.0359,0.8989,0.011,0.0004,41.7363,0.019,736.7192,0.010093654581426803,0.0065,69.9007,0.5034,0.0092,0.0802,0.0379,4.8813,1.2858,5.7294,3.5473,2.9506,2.3513,14.7908,44.953,9.9393,70.6826,1.3387,1.145,1.6935,1.7653,64.7707,175.7199,9.2481,1.4233,0.6881,3.5697,51.0917,57.7802,10.2367,1.0186,0.9215,0.6109,0.4098,8.281549999999998,11.8401,2.642,16.1891,9.8313,2.6081,21.2922,2.2524,5.7017,8.3028,107.9502,2.6288,11.511,39.1469,286.4057,72.8609,0.0,400.1716,237.604,477.0252,272.8094,33.1794,1.1846,1.5152,0.1022,7.4188,28.9213,0.0,61.7391,669.7674,13.572686602175875,1.9992,29.7606,0.0681,2.68,3.6671,4.3958,8.8617,73.254,14.53,1.33,6.7381,0.5058,27.0176,3.6251,1.8156,0.1378,0.0355,13.9153,4.98,0.0877,2.0902,0.0382,1.8844,15.4662,528.7673,1.9809,6.95,0.2234,2.229,0.0615,1.3144,11.28,0.0132,2.6243,0.0206,0.0185,89.906
-1.0,2978.96,2250.3667,2.0218,91.0589,1.3809,0.0013,-0.0124,202.6808,3.7118,406.7743,0.9802,192.4385,12.5661,1.4243,-2742.0,-1225.5,1.3268,1.9952,7.2078,70.8667,2.4222,0.2053,84.5333,8.8078,63.94,66.396,86.9208,69.71249304895301,3.2935087456630545,351.6127,138.6864,732.7014,1.3323,142.1855,632.4845,184.6225,4.578,4.829,2849.0,0.9325,-0.6327,353.1082,10.3395,118.0536,13.3636,20.6327,28.9181,703.7833,147.9591,619.1209,96.5611,0.0157,0.0562,0.0113,-0.0127,-0.0211,-0.0101,0.0456,7.5229,0.1271,0.9899,1816.3408,0.1621,8908.3701,-0.0197,0.053,0.0013,-0.0929,0.45398960117320186,0.9751,755.753,0.9867000000000001,58.1348,0.6031,0.9802,6.195,15.79,2.632,15.83,15.71,1.361,0.4583,3.46,-2.08,0.8405,2.4167,1007.63,76.0,82.3,118.63690372299271,61.1001,437.577,0.6089,0.1383,0.0545,0.0732,0.011,8.7954,3.196,8.075,0.0067,0.21,0.1242,857.0,2859.0,0.038,0.085,0.187,3.6,0.381,0.8574,0.0671,0.7442,0.3598,0.9458,0.307,0.1781,6.3,17.89,61.993,0.734,18.08,5.27,29.3,56.502,0.0672,0.0734,0.0691,0.0528,0.0554,0.0284,0.0946,0.1186,1.6766,0.036,0.0009,117.0568,0.0377,1036.9004,0.0157,0.011,0.056348129887259735,0.004,88.2681,3.9452,0.0326,0.5415,0.1041,4.0856,21.9147,25.8287,37.14983666270024,0.1966,2.0358,0.049,1.1628,0.0558,0.0354,393.0304,34.0722,870.666,1272.8075,0.0205,0.0355,0.0794,1.1597,0.0401,0.1222,0.3123,0.0246,0.1433,5.1895,0.0915,9.3188,0.0572,1.929,5.6794,17.6969,0.2003,1.7081,1.9015,9.3523,16.4077,0.0169,0.0327,0.0305,0.025,0.0172,0.0124,0.0484,0.0648,0.5984,0.0129,0.0003,39.6961,0.0129,320.5398,0.01309948675287945,0.0013,27.5384,1.2845,0.0118,0.18,0.0385,2.5955,1.3192,3.6512,2.7627,4.799805697739457,2.7151,23.69,30.117,10.0151,86.1034,1.9851,0.6811,1.6712,8.7235,70.9336,233.2925,2.8641,4.2601,2.5944,5.08,74.3119,57.9545,11.6041,1.0143,0.7614,1.1639,0.1257,4.5106,9.078,4.1636,13.3695,4.4308,2.8285,33.5782,6.7031,7.099,12.0454,135.2931,4.1632,12.9779,58.5143,427.345,136.3679,466.2252,436.2205,134.5972,938.9578,260.2304,22.2861,2.5968,1.4855,0.0953,6.4446,23.277,0.0,26.1328,435.0877,11.921032154786175,0.4086,11.6795,0.25379999999999997,6.7862,8.7414,4.3091,10.7007,76.844,18.77,0.99,8.9661,0.3725,19.7875,4.7053,1.2883,0.4023,0.0957,41.3971,4.98,0.0877,2.0902,0.0382,1.8844,15.4662,531.0518,1.8932,6.8,0.2571,2.4258,0.0756,1.2805,13.5789,0.0115,2.2871,0.0389,0.0172,44.2355
-1.0,2911.84,2176.4667,1.2782,105.7178,1.3573,0.0162,-0.0094,199.1708,10.7845,407.8579,0.9785,189.2162,12.5833,1.4251,-4458.0,797.5,1.323,1.9707,7.2547,75.1667,1.7,0.1369,85.04,8.8097,64.1009,66.5094,86.7776,80.46,2.71,349.2936,135.6736,724.8024,0.9571,136.5164,621.4836,115.6809,4.607,4.833,2838.0,0.9334,0.77,351.0055,10.4202,116.4436,10.1236,19.23,22.8057,701.9966,145.2036,612.6527,107.5076,-0.0216,-0.0461,0.0737,0.0083,-0.0166,-0.0124,0.0551,7.1346,0.1464,0.9914,1796.3217,0.1618,8159.59,-0.1528,-0.0195,0.0384,-0.24175000000000002,0.44571015865435504,0.9543,700.2877,0.9907,58.8413,0.6033,0.9631,6.2999,15.78,2.96,15.8,15.75,0.9413,0.5132,3.287,-2.553,0.8443,2.2927,999.9961,92.0,198.4,146.9,62.5999,308.751,0.1624,0.0923,0.065,0.0405,0.0076,9.9084,9.486,6.803,0.0068,0.27,0.0237,906.0,12894.0,0.154,0.118,0.118,4.6,0.481,0.7769,0.1312,0.6313,0.3188,1.0223,0.448,0.0799,5.48,13.34,23.165,0.223,19.2,12.84,35.851,131.732,0.0722,0.0593,0.0295,0.055,0.1148,0.0395,0.0855,0.16615,6.0101,0.1057,0.0005,95.2373,0.0167,916.7002,0.0369,0.0241,0.0447888962565709,0.023,74.8082,3.7327,0.0364,0.2273,0.0605,2.975,24.8926,59.8224,50.3892,0.0544,1.8705,0.0352,3.3679,0.0558,0.0099,419.6025,130.2203,838.628,5977.2537,0.0632,0.0572,0.0543,1.4654,0.0472,0.1682,0.399,0.0526,0.1199,5.1206,0.1317,7.2322,0.025,1.867,4.5184,6.9833,0.0742,3.6977,4.8759,11.1787,36.8231,0.0182,0.03,0.0125,0.0246,0.0339,0.0184,0.0468,0.08248588237179322,1.6979,0.0328,0.0002,32.2625,0.0052,332.2438,0.01133764287994013,0.0095,28.4328,1.1098,0.0138,0.0745,0.0184,8.1552,1.2479,4.0067,6.8136,5.8595,2.8762,30.1501,12.7046,6.8005,87.9599,1.668,0.6902,2.1457,1.6644,36.9897,0.0,11.6402,5.9876,1.6265,6.1197,88.2353,105.1948,14.2079,0.9136,1.4895,0.9849,0.1991,4.6895,5.8007,3.3493,8.3457,4.0142,2.1465,20.0249,5.539,2.1401,8.1413,189.6557,5.107,11.325,122.5327,334.0659,103.1753,74.6775,0.0,237.9518,686.747,357.4932,84.2395,2.3911,4.372,0.0541,5.3018,10.3418,0.0,21.7391,0.0,9.653068239700321,2.4083,10.6825,0.1292,6.3438,3.6085,2.6371,7.6943,74.43,18.87,1.3,7.8349,0.5511,55.5593,4.6006,1.7466,0.1275,0.0318,13.1291,7.04,0.2829,2.7317,0.1042,2.8386,35.8185,531.0364,2.1244,8.97,0.3116,3.3351,0.0868,1.6892,14.6674,0.0088,1.7623,0.0389,0.0172,44.2355
-1.0,2888.58,2200.2,1.3171,103.8978,1.4342,0.0168,-0.001,198.4059,9.4112,407.3841,0.9711,188.8565,12.602,1.4101,-4350.25,-4570.25,1.2993,2.0055,7.3115,68.7667,2.7,0.2063,88.2693,8.6611,65.0056,66.3012,87.0853,77.33,4.329,351.8955,143.2464,738.0674,0.8676,134.2345,629.3764,108.2989,4.61,4.837,2853.0,0.9284,-3.1818,353.9991,10.3975,120.0645,8.2464,23.1818,27.6462,710.4212,148.2691,622.3327,111.9778,0.004,-0.0035,0.0621,0.0112,-0.0345,-0.0218,0.01,8.6926,0.133,0.9896,1749.7369,0.2002,8860.4,0.0938,0.0344,0.0224,0.1048,0.46678725736760196,0.9358,759.2126,0.9911,58.085,0.5988,0.9596,6.3759,15.83,2.765,15.86,15.73,1.319,0.4591,3.233,-2.505,0.7932,2.4196,1008.7122,109.0,117.4,81.8,67.6001,290.96,0.0897,0.0691,0.0556,0.0431,0.0161,7.3667,6.421,10.987,0.0113,0.31,0.0243,993.0,10352.0,0.098,0.039,0.248,2.1,0.47,0.7245,0.0589,0.2958,0.2403,0.6659,0.682,0.0564,7.96,17.1,24.789,0.237,17.91,11.7,36.141,69.05,0.0784,0.076,0.0335,0.0736,0.0685,0.0359,0.0707,0.102,1.4444,0.111,0.0015,222.1101,0.0287,1063.5,0.0195,0.0102,0.06495425863472651,0.0115,163.2222,1.6522,0.0292,0.2959,0.1064,3.6151,29.2101,37.5843,27.7682,0.0341,2.4138,0.0239,1.8456,0.0852,0.0088,420.973,123.0376,1838.5132,4576.7028,0.0419,0.0179,0.1127,0.7794,0.0281,0.163,0.2669,0.0258,0.0649,5.9905,0.2126,7.5005,0.019,2.2708,5.7904,7.6354,0.0694,3.3301,4.5503,11.3298,19.6884,0.0228,0.0312,0.0148,0.0301,0.0197,0.0169,0.0367,0.0521,0.4637,0.0326,0.0005,67.2759,0.0098,347.3697,0.012248730663847233,0.0042,52.623,0.5543,0.0104,0.1037,0.0379,4.8813,1.2858,4.9846,4.0643,3.2966,3.0725,25.9511,6.814,4.818,68.2274,2.697,1.163,2.4599,1.7247,87.1214,226.5084,7.5428,1.9447,3.3919,3.0538,59.2593,40.2262,13.8181,0.7719,0.6804,0.4338000000000002,0.6795,5.1152,5.5219,3.2427,6.4962,5.9299,2.717,22.8894,5.248,2.2794,6.3383,217.1859,5.0873,10.7101,61.664,0.0,220.6096,118.614,611.266,103.9826,323.9404,0.0,16.6161,2.1016,4.7011,0.1469,12.6939,14.3599,845.5959,46.5339,454.0541,11.96814003440645,1.234,21.4989,0.0571,2.8445,4.641,4.3958,8.8617,71.288,20.47,0.52,9.5283,0.1925,51.7585,5.2004,0.7294,0.3472,0.0623,35.9702,9.9,0.2603,4.1403,0.1226,3.6646,38.05341532073962,531.9282,2.1096,10.45,0.2183,3.6726,0.085,1.9646,10.3466,0.0209,4.1921,0.0389,0.0172,44.2355
-1.0,3043.77,2219.7667,1.3381,98.89,1.4575,0.0093,-0.0071,202.9193,7.8464,397.0529,0.9697,193.1732,12.4124,1.4173,-4259.0,-496.0,1.2775,2.013,7.292,66.6111,2.9222,0.2459,83.9324,8.598,64.3833,66.2019,86.3084,78.86,2.997,350.8809,140.0282,733.4593,1.3301,141.5173,632.4264,208.988,4.598,4.844,2847.0,0.9315,-0.8436,352.0036,10.283,119.1845,12.65,20.8436,26.4708,706.9885,148.5882,619.7764,115.4974,0.0163,-0.0295,0.0758,-0.0179,-0.0399,-0.0005,0.0118,7.684,0.136,0.9889,1790.2606,0.2093,9027.1301,0.1688,0.0428,-0.0177,0.1162,0.4627515447441888,0.9706,801.7774,0.9912,58.2679,0.588,0.9812,6.2386,15.83,2.765,15.86,15.73,1.319,0.4591,3.233,-2.505,0.7932,2.4196,1008.7122,118.0,92.7,58.5,58.0999,582.4641,0.2867,0.1102,0.056,0.0738,0.02,9.6127,5.875,4.603,0.016,0.42,0.0368,601.0,1560.0,0.161,0.088,0.201,2.4,0.65,0.5171,0.0465,0.5225,0.2808,0.8699,0.385,0.1619,6.46,19.0,44.987,0.948,23.64,10.75,32.512,79.428,0.0768,0.0061,0.0379,0.0481,0.0541,0.0549,0.087,0.0671,3.8875,0.071,0.0013,94.3271,0.064,1090.3994,0.0258,0.0336,0.05505147791241127,0.0126,105.3128,1.1577,0.0313,0.3544,0.1064,3.6151,26.898,31.6607,16.2364,0.0926,2.4714,0.0407,1.8531,0.1198,0.0139,267.0387,98.8163,2637.9162,662.5572,0.075,0.0405,0.1052,0.7079,0.0495,0.1859,0.1953,0.0192,0.1025,4.9533,0.1374,9.3109,0.0474,1.928,6.1601,15.021,0.2581,3.1619,3.3197,10.5991,25.7495,0.0192,0.003,0.0156,0.0214,0.0131,0.0245,0.0463,0.0282,1.3778,0.0255,0.0005,30.3134,0.0185,409.5152,0.012325027295623427,0.0052,38.2539,0.4034,0.0108,0.1108,0.0379,4.8813,1.2858,5.4637,3.0456,2.26,2.6174,27.9162,21.4288,7.5611,74.8755,1.1593,1.653,3.3837,2.595,149.0491,314.5161,12.6027,4.3716,2.7564,3.603,47.9087,63.0366,18.8552,0.6161,0.5409,0.8115,0.4191,4.7395,8.8625,4.1644,12.1693,4.5648,3.0043,21.5261,6.241,9.2191,17.537999999999997,186.877,4.5987,30.8818,68.7704,471.5272,15.1741,63.4983,303.0812,137.5078,0.0,566.2447,50.5926,1.3973,2.9835,0.1271,5.2689,30.5949,568.8889,15.8103,904.3478,12.050289724379496,1.2959,13.1349,0.0792,1.9868,5.68,4.3958,8.8617,73.936,15.89,0.7,6.8929,0.2745,55.5708,3.9235,0.9468,0.2692,0.0595,26.4387,4.98,0.0877,2.0902,0.0382,1.8844,15.4662,529.5955,2.1619,8.0099,0.1878,2.6198,0.0563,1.5125,8.6853,0.0111,2.1767,0.0162,0.0172,106.5441
-1.0,2888.9,2187.6667,1.2727,105.0156,1.604,-0.0226,0.0072,202.5631,7.8224,410.9067,0.9809,193.6603,12.6069,1.4025,-3783.0,-58.25,1.2973,2.0075,7.2797,71.5222,2.7222,0.1972,83.6367,8.8562,64.0201,66.4384,87.024,80.04,2.582,353.4573,141.2018,736.5278,0.873,135.4864,630.1455,110.2975,4.61,4.837,2853.0,0.9284,-2.2409,354.63,10.3798,118.9609,6.9811,22.2409,27.5514,708.9765,151.5609,625.1518,113.4897,0.0137,0.0727,-0.0057,-0.0073,-0.0085,0.0089,0.0535,7.6691,0.1293,0.9848,1780.3691,0.1602,9278.5898,0.152,0.014,-0.0077,0.185,0.43404598316531806,0.967,805.6654,0.9867000000000001,58.172,0.6025,0.9777,6.2405,15.77,3.135,15.8,15.71,0.9318,0.5156,3.102,-2.175,0.8318,2.2821,1001.3102,112.0,84.7,38.9,73.0999,217.756,0.1934,0.151,0.0498,0.0486,0.009,8.8463,3.63,11.423,0.0055,0.24,0.0691,754.0,757.0,0.048,0.07,0.256,4.8,0.32,0.5168,0.0563,0.5536,0.3383,1.0887,0.606,0.0742,7.06,16.01,17.223,0.353,15.46,7.95,31.454,61.259,0.0394,0.0661,0.0605,0.0769,0.0425,0.0438,0.0577,0.131,4.1524,0.0711,0.0033,212.7645,0.0457,987.0,0.0235,0.0091,0.05202656497173086,0.0139,83.3235,3.8586,0.0307,0.4472,0.0665,4.6867,30.567,27.7734,12.6495,0.063,2.5908,0.046,1.1243,0.0663,0.0206,345.3655,111.0946,849.0987,317.5094,0.0202,0.0366,0.1055,1.4515,0.0303,0.1172,0.2075,0.0212,0.0659,6.8771,0.2052,7.5182,0.0226,2.7341,4.9216,6.1606,0.0907,2.2625,3.5177,9.9826,18.3628,0.0138,0.0284,0.0266,0.0356,0.0129,0.0196,0.0316,0.0687,1.5524,0.0235,0.0013,65.1049,0.0152,349.5174,0.011949187213302296,0.0045,26.8779,1.2605,0.0118,0.1506,0.022,5.6751,1.4809,4.9134,2.9319,1.5234,3.3415,21.9571,15.1993,9.414,46.4054,2.78,0.5609,1.9037,4.9234,47.5549,0.0,3.7001,3.4869,3.5166,6.7112,40.4082,41.0704,9.7594,0.6179,0.6358,0.8647,0.1899,6.6571,6.2464,3.2098,8.5008,5.2109,2.5407,15.615,5.248,3.4008,6.0188,221.4562,4.4365,9.597,53.9776,286.8062,101.0703,0.0,584.1924,513.783,646.4986,244.7454,54.1442,1.6638,2.9387,0.3372,11.9506,28.5406,0.0,27.4779,0.0,12.649614919646996,1.4342,10.3422,0.25379999999999997,6.6331,7.1654,2.9135,11.8085,73.5,15.91,1.0,7.1614,0.3767,21.344,3.979,1.3605,0.125,0.0291,13.3019,7.78,0.3378481311764915,3.0092,0.1352392452747727,3.0532,38.05341532073962,533.9718,1.9524,5.44,0.4464,1.708,0.1329,1.0188,22.8636,0.0179,3.6037,0.0162,0.0172,106.5441
-1.0,3059.68,2227.9778,1.6656,87.22,1.4368,0.0162,-0.0064,197.6388,7.0728,404.2662,0.9773,188.8706,12.4431,1.4403,-5336.0,-1742.5,1.3052,1.978,7.2873,67.2778,2.6444,0.1981,85.9512,8.6799,64.2459,66.3052,86.3671,63.93999999999998,4.938,350.56,141.0627,734.14,1.2869,137.9736,629.5964,166.8275,4.601,4.899,2838.0,0.9314,2.2982,349.6182,10.2446,123.3609,12.6864,17.7018,22.9551,711.1849,143.9309,616.91,93.5021,-0.0171,0.0584,0.028,0.0032,0.0073,0.0049,0.0148,7.8143,0.1272,0.9673,1846.1424,0.2031,8201.9101,-0.0732,-0.0567,0.009,-0.0441,0.47316196884527684,0.9324,666.0224,0.9919,58.4667,0.5992,0.9601,6.4362,15.77,3.135,15.8,15.71,0.9318,0.5156,3.102,-2.175,0.8318,2.2821,1001.3102,125.0,172.0,150.3,26.599799999999988,829.561,0.2754,0.0601,0.055,0.0459,0.0098,8.7409,4.02,18.731,0.0086,0.24,0.1119,134.0,1551.0,0.055,0.103,0.201,1.7,0.404,0.5097,0.1758,0.4648,0.2776,0.8607,0.625,0.1336,6.78,16.06,28.378,0.258,21.91,7.51,28.817,15.445,0.0719,0.0739,0.0509,0.0908,0.0485,0.0318,0.0796,0.0661,2.0611,0.0623,0.0068,108.7806,0.0631,437.7998,0.0192,0.0115,0.05557516416955052,0.0163,46.1102,1.2945,0.0349,0.1722,0.0665,4.6867,30.8159,52.6953,51.5481,0.0967,3.6334,0.0221,1.3099,0.0632,0.0378,71.8239,156.9628,3284.8046,726.9849,0.0229,0.0489,0.0892,0.4658,0.0338,0.1427,0.1858,0.0771,0.0834,6.0821,0.1652,6.8695,0.0453,1.7292,5.2693,11.0206,0.0873,2.4837,3.0324,9.5381,5.6048,0.0171,0.0327,0.0239,0.0428,0.0148,0.0137,0.0421,0.03,0.8259,0.0196,0.0027,40.3198,0.0204,181.9655,0.012441913606270219,0.006,18.9553,0.4424,0.0104,0.0657,0.022,5.6751,1.4809,5.7561,5.6215,6.1017,1.259215111510735,22.9177,16.5374,4.1828,56.8373,4.6333,0.8812,1.9288,7.772,130.2099,89.01,4.2138,5.2073,2.7582,2.5268,41.5966,46.9434,11.6033,0.593,2.0256,0.7235,0.2686,5.4969,4.9836,2.8939,10.3849,4.914,2.5508,17.0104,6.3721,2.5184,5.6501,172.7045,4.052,12.674,16.5183,421.5464,89.7117,323.9964,0.0,434.1297,0.0,447.3773,26.3756,2.672,2.6346,0.7057,5.8923,31.0498,605.2632,55.7971,642.623,12.028124886168882,1.7493,6.9232,0.25379999999999997,2.2141,2.6753,2.9135,11.8085,83.124,16.24,1.85,7.3578,0.6598,88.8016,4.059,2.2256,0.1863,0.0458,19.2044,11.969999999999999,0.1783,4.4354,0.0652,4.6241,20.536,531.0418,2.0433,9.82,0.3602,3.5086,0.0997,1.8492,17.6298,0.0114,2.257,0.0162,0.0172,106.5441
-1.0,3009.94,2200.2,1.3171,103.8978,1.3661,0.0113,-0.0261,202.9713,11.6369,411.649,0.9806,193.1147,12.5786,1.4462,-4158.5,87.0,1.304,2.0152,7.2787,68.6111,2.8,0.2418,84.7646,8.5862,64.3404,66.2443,86.5384,80.26,2.817,350.4618,137.3782,729.0762,1.2996,141.4527,629.2927,190.3001,4.563,4.804,2853.0,0.9298,-3.1255,351.8464,10.3855,114.2527,14.3518,23.1255,30.4987,698.5775,148.8418,614.9409,95.3629,0.0081,0.0545,0.01,0.0001,-0.0588,-0.056650000000000006,-0.0054,7.436,0.1411,0.9891,1816.1426,0.2105,9217.1099,0.0494,-0.0279,-0.0041,0.0662,0.43978206628824656,0.9382,739.8394,0.9912,58.0532,0.5999,0.9812,6.2463,15.79,2.632,15.83,15.71,1.361,0.4583,3.46,-2.08,0.8405,2.4167,1007.63,83.0,138.7,133.1,67.6001,290.96,0.0897,0.0992,0.0708,0.0463,0.0067,9.1937,11.9,10.518,0.0054,0.3,0.128,2060.5,1860.0,0.107,0.091,0.138,1.3,0.651,0.791,0.0427,0.5513,0.3387,0.97,0.451,0.1266,5.15,20.07,50.239,0.58,21.9,4.93,30.404,68.392,0.0803,0.0391,0.0811,0.0994,0.0503,0.035,0.0451,0.071,4.1429,0.0511,0.0016,136.7495,0.0592,691.7002,0.017,0.0107,0.05413814957062091,0.0253,77.9717,1.6425,0.0472,0.3625,0.1041,4.0856,23.3916,48.4426,39.521,0.0341,2.4138,0.0353,3.519,0.074,0.045799999999999993,912.5788,239.7186,1264.9402,865.1902,0.0501,0.0434,0.0672,0.4485,0.0445,0.2041,0.2804,0.018,0.0738,5.4758,0.1302,8.9113,0.0409,1.5166,5.9372,17.5068,0.1595,1.4099,2.0277,9.8062,20.4586,0.0203,0.0216,0.034,0.0413,0.0142,0.0163,0.0196,0.0354,1.3187,0.0169,0.0006,43.5709,0.0183,219.4653,0.015491345134943477,0.0103,22.213,0.5411,0.0149,0.1151,0.0385,2.5955,1.3192,3.6617,4.6081,5.2721,3.0725,25.9511,6.814,7.2613,102.2608,2.5551,0.5555,2.385,9.13815,64.3982,0.0,8.2055,4.5156,1.8959,1.8947,28.5714,55.4228,18.8072,0.9332,0.4971,0.8568,0.3795,5.059,10.1908,3.9748,9.7408,3.6408,3.1893,26.3999,6.897,5.5847,11.9997,152.5941,4.3523,10.8979,71.7176,986.0322,101.6244,764.9995,0.0,59.5491,76.6681,0.0,55.7139,1.8425,2.1515,0.1641,7.5297,28.1073,611.4286,20.9709,0.0,13.406841075965954,2.6935,10.539,0.0879,2.8292,5.8041,4.3091,10.7007,72.21,18.92,0.99,7.7192,0.3624,58.8551,4.7037,1.371,0.2692,0.0595,26.4387,4.98,0.0877,2.0902,0.0382,1.8844,15.4662,528.4045,1.9943,9.01,0.2454,2.9594,0.0796,1.7051,12.3064,0.0137,2.7229,0.0162,0.0172,106.5441
-1.0,2966.24,2169.9444,1.3425,104.0144,1.3825,-0.0062,0.0106,202.2949,8.8328,404.8919,0.9791,192.6561,12.4804,1.4116,-3586.25,239.5,1.3025,1.994,7.3217,67.4667,2.7,0.2179,84.0399,8.7646,64.2307,66.2939,86.6219,80.66,3.149,364.0636,130.0891,735.2262,0.9785,142.6164,636.7691,109.8289,4.602,4.863,2879.0,0.9214,-1.1727,361.4727,10.9193,108.9164,13.3136,21.1727,26.7245,708.5017,153.0664,623.4555,119.765,0.0162,-0.0597,0.0001,0.0142,-0.0046,-0.0125,-0.0276,7.8017,0.1269,0.9638,1876.8875,0.1973,8606.1801,-0.0834,0.0372,0.0028,0.0715,0.4639,0.9563,679.365,0.9896,58.7776,0.5974,0.9684,6.3104,15.87,2.865,15.89,15.77,1.465,0.4958,3.348,-2.647,0.8037,2.3867,1009.8822,85.0,77.7,69.3,74.2,270.963,0.1812,0.1261,0.0655,0.0715,0.0113,11.2146,4.327,11.033,0.0075,0.25,0.0295,750.0,846.0,0.144,0.063,0.182,2.5,0.599,0.6944,0.26130000000000003,0.5505,0.3107,0.8701,0.634,0.1255,5.23,17.55,24.831,0.569,15.83,8.17,22.365,71.889,0.0726,0.0254,0.0355,0.0679,0.0901,0.1076,0.0917,0.1356,5.7001,0.0766,0.0122,119.1976,0.0461,2322.228871323444,0.0369,0.0151,0.0515,0.0183,214.6636,3.9184,0.034,0.3044,0.0993,3.3744,24.4653,25.7808,23.8565,0.0529,2.0055,0.0401,1.4814,0.0673,0.0104,332.5177,387.8723,201.4719,370.6737,0.0711,0.0281,0.085,0.967,0.0454,0.2184,0.2529,0.0985,0.0845,7.9436,0.2211,4.7612,0.0363,1.4634,4.8458,7.3505,0.1591,2.416,3.739,6.8712,24.1133,0.0217,0.0114,0.0146,0.0303,0.0246,0.0483,0.0471,0.0643,1.7608,0.025,0.0036,36.465,0.0125,767.29565,0.0151,0.0067,77.5997,1.146,0.0118,0.1064,0.0335,5.4061,0.9756,3.7465,2.6195,2.7283,3.4194,24.7375,13.4979,9.1211,48.9878,2.7249,0.7625,2.0031,2.0919,12.4364,353.2359,11.0557,3.1595,2.4857,3.7055,96.2963,70.2193,17.4235,0.8263,2.9167,0.8571,0.3436,6.4604,10.2545,2.5243,12.8285,3.6672,2.7561,22.6088,1.8061,5.211,6.9595,118.9007,3.1567,9.6199,60.025,447.4576,199.2157,0.0,635.6261,0.0,730.6773,491.3043,73.0621,3.7812,3.2291,1.261,6.3508,23.3703,0.0,64.8412,620.0,11.1066,1.9108,31.5977,0.1139,6.6665,4.8242,4.1586,8.9021,72.786,12.81,0.58,6.0923,0.2339,36.7241,3.2345,0.7969,0.5311,0.0968,55.6678,7.62,0.2388,3.0398,0.1004,3.0306,26.5871,531.8136,2.0854,7.01,0.3551,2.4389,0.1168,1.3181,17.0283,0.0117,2.3446,0.0196,0.0137,70.0306
-1.0,3186.16,2169.9444,1.3425,104.0144,1.4757,-0.0106,-0.0048,202.1667,8.673,403.7085,0.9716,192.52,12.5059,1.4238,-4097.75,-2885.0,1.2808,2.0012,7.3682,75.8,2.1,0.1449,84.7951,8.9818,63.9313,66.3426,86.7637,63.93999999999998,5.041,346.6545,134.1555,721.4669,1.3812,147.7455,628.5555,173.5055,4.567,4.808,2835.0,0.9317,1.2955,347.3173,10.4411,115.4509,10.2928,18.7045,21.7509,699.716,155.4945,618.2627,171.74984999999998,0.013,-0.0364,0.0235,-0.0021,-0.0143,-0.0098,-0.0282,6.9805,0.1363,0.9901,1774.3979,0.1638,8416.36,0.0464,-0.0549,0.0118,0.0376,0.43735097660203637,0.9534,763.3664,0.9888,58.7836,0.5938,0.972,6.2579,15.87,2.865,15.89,15.77,1.465,0.4958,3.348,-2.647,0.8037,2.3867,1009.8822,64.0,171.6,204.2,74.2,270.963,0.1812,0.1223,0.0536,0.031,0.0229,11.2316,7.285,10.524,0.0141,0.31,0.0326,629.0,1770.0,0.141,0.122,0.345,3.8,0.531,0.8648,0.1595,0.5322,0.3596,1.0318,0.273,0.2759,6.37,18.84,57.677,0.733,17.82,15.95,32.124,31.58,0.0686,0.0445,0.0357,0.0525,0.1015,0.0887,0.0828,0.1608,3.5145,0.0986,0.0018,117.4932,0.0225,1059.7998,0.0167,0.0104,0.058295876572455,0.0088,176.2623,4.21,0.0383,0.3061,0.0993,3.3744,18.2466,57.0812,68.2218,0.0529,2.0055,0.0431,2.1915,0.0843,0.0111,305.4029,190.2332,3709.4735,728.7254,0.0598,0.0573,0.1653,0.995,0.0397,0.182,0.314,0.0657,0.1146,5.7108,0.0829,9.119,0.0789,1.7436,5.0209,19.3398,0.2046,4.5174,5.4371,10.9951,10.0935,0.0239,0.0184,0.0149,0.0226,0.0312,0.0427,0.046,0.08248588237179322,1.2398,0.03,0.0005,34.2365,0.0064,313.6878,0.012943456573167176,0.0027,52.161,1.2665,0.012,0.1145,0.0335,5.4061,0.9756,2.9592,5.3858,8.8169,3.4194,24.7375,13.4979,8.2879,83.9963,2.6068,1.4517,2.4788,2.2869,220.9749,61.3518,11.0092,6.0962,4.6823,5.0132,42.8571,86.9632,15.5177,1.0199,1.7762,0.8325,0.3699,5.1463,12.3513,4.3733,19.9732,4.3115,2.9974,33.2422,7.8805,7.0203,17.537999999999997,173.1314,4.591,18.2364,17.7636,525.9224,478.4946,223.4043,0.0,621.366,842.7481,571.2256,50.3484,2.2896,4.0046,0.1825,6.6216,13.7606,440.2116,22.2997,623.7288,13.096478409988412,0.9201,23.0901,0.1049,7.1619,4.8921,4.1586,8.9021,74.158,14.87,1.33,6.4686,0.5228,54.1539,3.6549,1.7935,0.5311,0.0968,55.6678,11.969999999999999,0.3378481311764915,4.532500000000001,0.1352392452747727,4.638249999999999,38.05341532073962,529.9445,1.974,7.91,0.2824,2.6691,0.094,1.4926,14.3055,0.026000000000000006,5.21645,0.0228,0.0132,57.7037
-1.0,3162.14,2169.9444,1.3425,104.0144,1.4635,0.0004,0.0016,202.4,8.3196,401.1747,0.9788,192.7183,12.4804,1.4276,-2386.0,-1024.5,1.305,1.9918,7.266,73.7222,2.3111,0.1823,83.6085,9.0942,63.8835,66.3203,86.7663,79.86,3.2,363.3145,141.69,751.7864,1.2811,146.1182,651.1227,220.3788,4.603,4.832,2877.0,0.9215,-2.9727,363.0927,10.5705,118.7173,14.8391,22.9727,28.1049,723.6815,154.4736,636.2836,170.6334,0.013,-0.0206,0.0051,0.0142,-0.0032,-0.056650000000000006,-0.0163,7.9923,0.1254,0.9917,1829.8594,0.1756,8975.83,0.0285,0.0112,-0.0363,-0.0428,0.43152985041087333,0.965,769.6199,0.9893,58.4606,0.5936,0.9672,6.2999,15.87,2.865,15.89,15.77,1.465,0.4958,3.348,-2.647,0.8037,2.3867,1009.8822,106.0,142.3,195.4,74.2,270.963,0.1812,0.0715,0.0581,0.0467,0.0119,10.8861,9.402,10.419,0.0082,0.25,0.0245,558.0,2085.0,0.117,0.058,0.111,4.5,0.5,0.6419,0.1024,0.5604,0.2702,1.0777,0.636,0.2109,8.96,10.92,54.435,0.432,14.5,12.37,26.389,50.19,0.0589,0.0316,0.0601,0.095,0.0893,0.1154,0.0611,0.0697,5.0107,0.0333,0.0015,128.3752,0.0178,674.9004,0.0332,0.0161,0.05095831609046489,0.009,89.4911,4.0073,0.0348,0.3415,0.0993,3.3744,28.6507,52.2548,63.998,0.0529,2.0055,0.0207,2.6898,0.0673,0.0097,269.6892,100.334,2600.8103,921.614,0.0512,0.0242,0.0571,1.3442,0.0466,0.1525,0.2533,0.0428,0.0853,7.0117,0.1881,4.5557,0.0605,2.9635,2.9781,15.3306,0.1332,3.4584,4.421,7.4266,16.2934,0.0179,0.0151,0.0288,0.0425,0.0261,0.0552,0.025,0.0345,1.6147,0.0117,0.0005,36.9286,0.0066,190.1623,0.010136807966076893,0.0029,25.3149,1.2563,0.0106,0.1336,0.0335,5.4061,0.9756,4.8332,4.5001,8.6211,3.4194,24.7375,13.4979,4.8855,113.0098,2.5971,0.8352,2.0031,1.7141,234.2414,203.5139,8.9655,2.912,1.5277,6.104,69.2308,92.6874,14.7488,0.7677,1.1264,0.8772,0.1642,5.3535,8.5257,2.2364,16.4587,6.132,1.6771,24.7006,1.7728,4.0868,4.2791,97.7151,3.6465,22.3416,29.4139,454.3877,618.59025,0.0,628.044,0.0,97.76,428.2642,62.6944,3.7715,1.4057,0.1551,7.0156,10.1097,353.3608,44.3077,0.0,11.145832309575908,0.9288,11.628,0.104,6.8547,5.4204,4.1586,8.9021,74.116,14.59,0.28,6.4088,0.1292,56.7675,3.5779,0.3778,0.5311,0.0968,55.6678,4.98,0.0877,2.0902,0.0382,1.8844,15.4662,529.5182,2.113,10.65,0.3068,3.6722,0.0921,2.0113,14.5194,0.0082,1.6366,0.0186,0.0146,78.0627
-1.0,3018.33,2169.9444,1.3425,104.0144,1.4587,-0.0028,0.0044,200.8326,9.7447,434.2063,0.9785,191.1672,12.4804,1.3986,-3821.25,106.75,1.2702,1.993,7.162,73.0556,2.1778,0.182,83.6085,9.0942,63.8835,66.3203,86.7663,79.86,3.2,347.0727,127.0382,712.2782,1.4226,149.0209,623.1318,167.7405,4.567,4.808,2835.0,0.9317,4.3955,345.0209,10.6295,111.4336,14.8582,17.271,19.6185,692.6596,151.8191,608.2736,105.2472,-0.0072,-0.0285,-0.013,0.0164,-0.001,-0.0565,-0.0238,7.9709,0.1254,0.9895,1793.0786,0.173,8904.1101,-0.047,-0.0502,0.0187,0.0822,0.43222020843792563,0.9653,760.5515,0.9897,58.9442,0.5964,0.9734,6.2346,15.87,2.865,15.89,15.77,1.465,0.4958,3.348,-2.647,0.8037,2.3867,1009.8822,112.0,154.2,91.7,74.2,270.963,0.1812,0.0846,0.0537,0.0326,0.0116,12.0729,13.415,26.932000000000002,0.0076,0.25,0.1042,408.0,552.0,0.131,0.061,0.193,4.8,0.395,0.6419,0.1024,0.5604,0.2702,1.0777,0.445,0.2287,7.98,20.17,105.085,0.825,21.85,3.02,34.664,20.632,0.0832,0.0309,0.0707,0.0861,0.1003,0.0532,0.0292,0.16615,3.6315,0.0333,0.0019,133.5254,0.0298,618.7002,0.0361,0.0142,0.05097080404312121,0.0064,70.9722,2.5001,0.0371,0.3125,0.0993,3.3744,29.2272,48.7713,34.2422,0.0529,2.0055,0.0276,3.5955,0.0673,0.0343,177.7196,72.1405,580.9391,254.0595,0.0536,0.0275,0.0878,1.6719,0.0424,0.129,0.2533,0.0428,0.0853,6.2214,0.1266,9.0051,0.0756,2.3699,6.0216,27.8712,0.2207,0.986,6.1343,11.4253,6.9696,0.0222,0.0141,0.0307,0.0358,0.027,0.0277,0.0135,0.08248588237179322,1.5009,0.0117,0.0008,40.3454,0.0101,246.4917,0.011987008666282169,0.0022,26.0999,0.866,0.0123,0.1233,0.0335,5.4061,0.9756,5.0527,5.1088,3.7604,3.4194,24.7375,13.4979,5.7997,137.6642,6.508749999999999,0.7779,2.0031,7.4526,33.3399,517.096,10.3129,3.0607,2.6948,6.5703,73.4694,78.022,11.8142,0.7677,1.1264,0.8772,0.1642,5.3735,15.1372,4.2687,16.0731,5.355,3.2369,62.6474,7.8805,7.7614,17.537999999999997,147.057,5.0045,19.5636,19.6034,0.0,359.3023,663.5838,611.8185,0.0,51.7272,774.3966,45.5591,3.7715,1.4057,0.1939,7.4467,17.2206,528.3721,29.4288,459.2593,12.065423019385676,0.6623,9.3317,0.0999,4.2415,5.013,4.1586,8.9021,73.022,23.61,0.85,10.541,0.4026,73.5443,5.8251,1.164,0.5311,0.0968,55.6678,4.98,0.0877,2.0902,0.0382,1.8844,15.4662,529.9445,1.974,7.91,0.2824,2.6691,0.094,1.4926,14.3055,0.0162,3.2578,0.0186,0.0146,78.0627
-1.0,3104.27,2169.9444,1.3425,104.0144,1.4007,-0.0133,0.0028,202.4159,9.4515,402.7524,0.9794,192.7411,12.4804,1.4024,-3616.25,-823.0,1.2802,1.995,7.2255,68.6778,2.9222,0.2196,84.0399,8.7646,64.2307,66.2939,86.6219,80.66,3.149,362.1918,143.2664,752.7554,1.2581,145.3636,650.8218,220.6075,4.603,4.832,2877.0,0.9215,-3.4964,362.87,10.489,119.77,13.8109,23.4964,28.3815,724.3738,154.3709,637.0109,171.5405,0.0059,-0.0324,0.0014,0.0054,-0.0085,-0.0179,-0.016,7.5161,0.1287,0.9887,1807.9927,0.1995,9278.0601,0.0842,0.0493,-0.0464,0.039,0.4677,0.9261,687.6091,0.9894,58.5661,0.5934,0.9652,6.378,15.87,2.865,15.89,15.77,1.465,0.4958,3.348,-2.647,0.8037,2.3867,1009.8822,111.0,94.3,64.0,74.2,270.963,0.1812,0.054,0.0802,0.0371,0.012,11.3346,5.705,8.301,0.0078,0.25,0.0344,707.0,2295.0,0.143,0.026,0.18,2.1,0.606,0.6944,0.26130000000000003,0.5505,0.3107,0.8701,0.637,0.2039,6.73,16.01,56.419,0.454,15.41,11.77,26.951,37.302,0.0587,0.0402,0.0398,0.0705,0.0883,0.0614,0.1003,0.0836,2.84,0.0689,0.0066,207.126,0.024,1077.9004,0.0356,0.0197,0.0353,0.0466,122.9738,4.3297,0.0372,0.2646,0.0993,3.3744,28.6428,27.9106,25.4879,0.0529,2.0055,0.019,1.5819,0.0673,0.0118,325.9213,178.9029,244.4945,1028.3018,0.0655,0.0144,0.0783,0.7067,0.037,0.1777,0.2529,0.0985,0.0845,7.0989,0.2057,4.9978,0.0574,2.2748,4.1001,16.8448,0.1421,3.1656,4.4138,7.6327,10.3797,0.0173,0.0166,0.0169,0.0289,0.0243,0.0342,0.0499,0.0406,1.0266,0.0224,0.0019,63.3906,0.0081,349.7484,0.0113,0.0147,35.3722,1.3384,0.0133,0.0966,0.0335,5.4061,0.9756,5.0179,3.0378,2.6137,3.4194,24.7375,13.4979,3.8552,60.3605,2.0611,0.7954,2.0031,2.4515,14.7114,278.8578,11.1697,1.3033,2.4912,3.0578,34.2205,57.3887,17.2589,0.8263,2.9167,0.8571,0.3436,6.0962,8.3202,2.5496,16.2103,4.6298,2.46,25.5744,1.7728,4.3283,4.6756,111.5787,3.7206,16.7703,21.7453,989.6733,546.9388,0.0,0.0,726.6272,561.9048,523.3177,37.7853,2.9521,2.8972,0.669,11.4561,12.0217,0.0,51.1577,679.2453,7.5566,5.0299,17.8843,0.0647,7.3928,4.1492,4.1586,8.9021,73.166,10.94,0.89,4.9974,0.35,59.7738,2.7176,1.2164,0.5311,0.0968,55.6678,6.46,0.1648,2.4155,0.0752,2.5761,17.4748,529.5182,2.113,10.65,0.3068,3.6722,0.0921,2.0113,14.5194,0.0125,2.5183,0.0186,0.0146,78.0627
-1.0,3062.78,2266.8333,1.6558,94.8489,1.3909,0.0053,-0.0055,198.875,10.3935,406.3365,0.9762,189.021,12.4431,1.3987,-3534.5,-5859.3333,1.3262,1.983,7.2983,71.9333,1.8222,0.1276,84.415,8.8597,63.8463,66.2249,86.8544,78.79,3.156,350.5955,136.1982,728.2548,1.3159,138.7073,625.5009,177.2269,4.601,4.899,2838.0,0.9314,-3.2155,351.4991,10.5153,112.9827,15.6754,23.2155,30.7746,697.4802,145.3436,609.8255,101.8277,-0.0178,-0.0471,0.0041,-0.0207,-0.0398,-0.0142,0.0238,6.7571,0.1242,0.9884,1714.9861,0.2139,8343.7599,-0.077,-0.0698,0.0458,-0.036,0.45474199495868817,0.9445,686.1198,0.9919,57.4271,0.5917,0.963,6.3845,15.81,3.474,15.85,15.7,1.191,0.543,3.321,-2.9329,0.809,2.3884,1008.8589,87.0,126.7,80.3,53.3,301.7601,0.7444,0.1421,0.0371,0.0557,0.012,5.123,8.413,11.15,0.0091,0.24,0.0311,827.0,3079.0,0.159,0.078,0.316,2.5,0.396,0.7542,0.1079,0.67,0.3772,1.0942,0.211,0.1237,6.23,16.73,52.046,0.273,13.55,4.74,23.634,82.422,0.0546,0.048,0.0293,0.0501,0.0452,0.0546,0.0989,0.0195,4.1889,0.0374,0.0009,86.8029,0.0434,508.1997,0.0095,0.0176,0.06471571419879635,0.0141,50.6906,2.9122,0.0241,0.1905,0.0966,4.4488,26.3811,37.0083,27.9723,0.263,1.4193,0.0489,2.7203,0.0632,0.0128,367.2969,239.5343,924.8425,1550.2388,0.0662,0.0397,0.138,0.8382,0.0304,0.1343,0.3286,0.0442,0.0898,4.9774,0.0708,7.0162,0.0416,1.8855,5.6631,14.8304,0.0861,1.4559,1.5787,7.6752,25.64,0.0132,0.0225,0.0125,0.0233,0.0138,0.0254,0.0505,0.0092,1.4271,0.012,0.0003,28.4266,0.0138,150.9144,0.013949910453649269,0.0042,14.9895,0.8028,0.0086,0.0627,0.0309,4.7702,1.4763,3.8969,4.1368,3.2232,2.3513,14.7908,44.953,10.2167,80.9452,2.744,0.9351,1.9288,2.22,56.1324,52.5486,11.9887,3.9334,4.3298,3.4754,82.3171,75.2613,11.437,0.8934,1.2182,1.0494,0.2465,4.5922,5.1616,3.0117,9.4024,4.4915,2.6747,29.3669,6.3721,2.5962,8.2225,86.4409,3.3885,16.5919,80.9426,306.5263,114.6269,0.0,218.7538,137.2722,697.7072,82.1053,61.9932,1.6102,1.5832,0.093,5.0614,20.31,0.0,20.7885,469.3333,13.777100833596121,1.498,7.388,0.0578,5.0711,2.9835,4.0443,11.1426,74.28,14.0,0.68,6.4158,0.327,46.5838,3.5508,0.9155,0.2986,0.0532,30.1541,4.52,0.143,1.8172,0.0528,1.7099,18.9397,530.2227,1.9126,9.39,0.2702,3.4055,0.0839,1.771,14.1291,0.0111,2.2065,0.0179,0.0079,44.1194
-1.0,3070.78,2222.0111,0.7647,105.2711,1.4145,0.0204,-0.0057,198.4,7.3985,406.2388,0.9796,188.7342,12.2981,1.4229,-4411.75,-993.75,1.334,2.0005,7.3442,66.8222,2.5444,0.2173,84.4061,8.6772,64.2376,66.2913,86.259,79.86,2.936,348.95,133.6473,719.1543,1.3217,144.34,626.9373,178.3971,4.554,4.799,2845.0,0.932,2.0282,346.1473,10.3764,115.6755,11.39,17.9718,24.3232,694.8311,153.7245,615.5473,80.6816,0.0022,-0.027,0.0847,-0.0049,-0.0245,-0.0205,0.013,7.718,0.1356,0.9904,1803.6992,0.2036,8278.95,0.1019,0.149,0.1055,0.24300000000000002,0.4672319498522415,0.9553,724.4118,0.9906,59.7214,0.5943,0.9632,6.3659,15.83,2.765,15.86,15.73,1.319,0.4591,3.233,-2.505,0.7932,2.4196,1008.7122,167.0,173.7,112.5,73.0,340.6819,0.0778,0.1391,0.0464,0.0447,0.0055,7.455,5.609,12.075,0.0056,0.8700000000000001,0.0293,723.0,1478.0,0.12,0.088,0.24,2.3,0.468,0.7637,0.1244,0.6178,0.3916,0.8015,0.606,0.1498,9.54,10.07,67.694,0.256,16.02,4.58,29.375,70.921,0.0971,0.0175,0.0373,0.017,0.0694,0.0242,0.0625,0.0437,4.0291,0.0284,0.0007,111.1445,0.0329,1237.5,0.0355,0.0269,0.0564834280058919,0.0233,133.0937,1.5633,0.0278,0.5059,0.1064,3.6151,33.2776,60.7044,38.6767,0.0261,1.8265,0.0513,1.6599,0.2202,0.0116,347.8729,562.8794,2440.1018,617.7742,0.0561,0.0371,0.112,0.7513,0.0585,0.1398,0.2849,0.0543,0.078,5.6077,0.1924,8.7808,0.0474,2.9506,3.1543,19.5721,0.0736,1.5305,2.1299,9.0703,24.3292,0.0244,0.0077,0.0158,0.0085,0.0167,0.0106,0.0337,0.0208,1.4339,0.0117,0.0003,33.9439,0.01,374.4468,0.016243014606767654,0.0082,43.0091,0.543,0.0101,0.1784,0.0379,4.8813,1.2858,7.5328,5.6565,4.3393,3.2853,27.7091,10.1774,9.834,75.8122,2.9724,0.5726,6.94175,2.0571,115.8497,148.7296,8.9955,4.3989,3.2679,3.442,55.0218,84.6626,13.8212,0.9048,1.4339,0.9617,0.3771,4.9635,4.3248,4.5889,11.3356,6.6094,1.6062,37.9457,4.801,2.4672,5.1783,140.6493,4.2276,17.9024,87.9023,0.0,62.333,20.0649,0.0,98.7755,305.2503,336.1538,52.2045,0.8852,1.1726,0.0731,6.162,16.1457,409.5147,31.1688,43.4968,12.741307198547942,2.4418,18.3727,0.0572,2.6177,7.9474,4.3958,8.8617,73.444,13.55,0.94,5.6795,0.377,77.0801,3.3588,1.2799,0.5038,0.1171,50.4835,10.29,0.1653,3.7008,0.0826,4.0396,28.4407,529.8718,1.9408,6.33,0.357,2.1429,0.1083,1.1946,18.3953,0.0124,2.4402,0.0179,0.0079,44.1194
-1.0,3072.44,2179.1111,0.8117,103.5033,1.3837,0.0024,-0.0026,197.8791,6.9263,428.9845,0.9768,188.5562,12.6122,1.4093,-3342.75,-982.25,1.2508,1.9995,7.2118,67.7778,2.4333,0.2107,85.7712,8.7383,64.2652,66.2908,86.3854,63.93999999999998,4.597,352.0145,137.4273,730.1384,1.3071,136.57,626.0118,171.1834,4.601,4.899,2838.0,0.9314,-3.6155,350.7891,10.5448,113.8118,18.8973,23.6155,28.9358,701.2026,142.5136,607.1145,95.8989,-0.0171,-0.0189,0.0848,-0.0094,-0.0043,0.0022,0.022,7.2909,0.1272,0.9688,1814.3941,0.2006,8807.06,-0.0346,-0.149,0.0475,0.0705,0.4583,0.9594,723.5782,0.9884,58.5777,0.5947,0.9635,6.4032,15.85,3.517,15.86,15.69,1.617,0.6282,3.474,-2.317,0.825,2.4172,1007.6922,120.0,164.6,125.9,63.5,372.808,0.0936,0.1123,0.0717,0.0598,0.0087,6.1675,9.823,14.87,0.0064,0.22,0.0426,267.0,3142.0,0.1,0.096,0.112,3.6,0.613,0.8737,0.0805,0.3926,0.1578,0.8262,0.357,0.0991,6.05,16.45,37.463,0.337,18.05,5.67,24.804,19.219,0.0464,0.0348,0.0584,0.0101,0.0595,0.1143,0.15199999999999997,0.0816,6.7189,0.0642,0.0041,121.5801,0.023,611.7002,0.0137,0.0118,0.0,0.0196,62.3814,1.3123,0.0363,0.2527,0.1061,2.6568,33.1438,50.3985,45.243,0.0323,1.8941,0.0439,3.6719,0.0618,0.0161,123.4841,126.6133,417.6852,1290.0714,0.0444,0.0462,0.0513,1.2458,0.025,0.1785,0.315,0.0349,0.0755,5.7218,0.1366,6.9674,0.0309,1.9492,5.0775,11.8943,0.0998,2.0891,2.1813,8.4804,6.386,0.0135,0.0167,0.0294,0.0047,0.0174,0.0547,0.0789,0.034,1.9321,0.0221,0.0014,41.3996,0.0093,158.1451,0.0,0.0061,17.6891,0.4625,0.013,0.0882,0.0354,4.5748,0.8158,5.2593,5.3573,5.1219,2.914,28.5496,11.5332,8.1159,141.8223,3.4663,0.6556,1.7443,3.0227,27.3428,319.8778,7.9952,4.8012,1.553,5.3115,36.9863,40.3481,17.9801,1.0186,0.9215,0.6109,0.4098,6.1532,5.3847,3.0711,7.5795,4.43,2.6277,21.8847,6.3721,3.1959,7.4421,95.5165,3.5373,11.4136,20.0409,271.1468,0.0,11.9069,632.9787,0.0,0.0,370.9091,92.1548,2.672,2.7685,0.4213,6.7009,11.4713,0.0,63.3557,183.5294,0.0,2.0413,8.6212,0.1269,2.2402,3.9464,4.3905,7.097,72.558,17.15,1.2,8.4696,0.474,58.5725,4.2664,1.6538,0.6543,0.1406,64.0311,4.98,0.0877,2.0902,0.0382,1.8844,15.4662,529.6464,2.032,5.81,0.3435,2.0923,0.0925,1.097,16.9045,0.0147,2.9247,0.0179,0.0079,44.1194
-1.0,3160.54,2233.6334,1.212,99.0133,1.4381,0.0082,-0.0058,201.0743,6.5274,402.4356,0.9712,191.5557,12.5167,1.4056,-4207.0,7084.9583,1.3317,1.967,7.3083,75.0,1.6667,0.1217,85.04,8.8097,64.1009,66.5094,86.7776,80.46,2.71,346.1082,139.4309,728.7247,0.9823,139.8236,625.3627,105.3161,4.556,4.847,2841.0,0.9316,-4.1018,350.1173,10.5331,115.3291,10.9936,24.1018,28.8654,699.8594,148.9227,614.3691,109.3307,0.0028,0.0141,0.0124,-0.0173,-0.0009,-0.0098,-0.0107,6.9761,0.1347,0.9932,1754.1807,0.1625,9258.9501,0.0011,-0.0651,0.0443,-0.0097,0.4443744080855121,0.9503,792.8111,0.9912,57.5332,0.5899,0.9806,6.2146,15.83,2.765,15.86,15.73,1.319,0.4591,3.233,-2.505,0.7932,2.4196,1008.7122,64.0,148.0,183.5,70.3,503.8319,0.4391,0.1539,0.0675,0.0619,0.015,3.6847,4.27,12.018,0.0126,0.4,0.0469,432.0,8739.0,0.1,0.072,0.123,3.5,0.286,0.7769,0.1312,0.6313,0.3188,1.0223,0.343,0.1232,5.87,18.3,22.405,0.207,20.43,5.5,27.423,78.612,0.0845,0.1003,0.0771,0.0608,0.0479,0.0359,0.0961,0.0394,4.9902,0.0878,0.0006,115.5798,0.0278,1500.7002,0.0138,0.0167,0.032851151860720906,0.0299,145.798,1.5565,0.0278,0.2473,0.1064,3.6151,18.2466,50.6712,60.9668,0.1369,1.653,0.0478,1.2875,0.1166,0.017,202.7862,309.1903,872.6105,6179.4062,0.047,0.0309,0.0581,1.0464,0.0379,0.0982,0.399,0.0526,0.1199,5.7514,0.0993,7.7026,0.033,2.0647,5.7588,8.0854,0.0635,1.7051,2.0872,9.2934,28.3665,0.0211,0.0412,0.0353,0.0269,0.0154,0.0158,0.0434,0.0182,1.7296,0.029,0.0002,35.4543,0.0094,493.2647,0.0086310664637959,0.0111,47.4341,0.5108,0.0104,0.0857,0.0379,4.8813,1.2858,2.9592,4.6827,7.9615,3.1473,25.6795,36.2312,10.7013,65.4169,2.9863,1.2955,3.1957,3.3367,38.1982,79.5793,7.5089,3.6604,1.683,4.6667,90.0,110.9589,8.398,0.9136,1.4895,0.9849,0.1991,4.9262,4.5614,3.3497,12.5462,4.1982,2.9263,21.2741,5.3999,1.9652,7.0494,185.8355,3.9184,19.0517,71.9029,0.0,182.6958,491.3131,276.7786,0.0,978.117,366.5116,71.5339,2.3758,3.6323,0.0622,6.5888,17.1058,0.0,53.12,457.1429,7.583745902264173,3.146,18.39,0.0693,2.7053,3.9793,4.3958,8.8617,74.492,14.11,1.84,6.1261,0.7446,61.986,3.4707,2.4701,0.1378,0.0355,13.9153,4.98,0.0877,2.0902,0.0382,1.8844,15.4662,531.4591,1.9611,9.66,0.2474,3.2073,0.0799,1.8176,12.6151,0.0142,2.8606,0.0179,0.0079,44.1194
-1.0,2880.58,2256.6,1.1384,85.4278,1.6114,0.0474,0.0043,198.1248,9.2825,405.6397,0.9804,188.3233,12.5833,1.4284,-4106.25,-4246.0,1.3093,2.001,7.2975,72.7778,2.2667,0.1762,84.7951,8.9818,63.9313,66.3426,86.7637,63.93999999999998,5.041,350.5209,138.9891,729.2318,0.9034,135.6318,625.1418,108.4864,4.556,4.847,2841.0,0.9316,0.1982,348.8482,10.4094,119.1873,10.5463,19.8018,23.4628,705.769,146.56,614.5955,109.208,0.0217,-0.0002,0.0701,-0.0291,-0.0034,-0.0183,0.0587,7.3389,0.1351,0.9851,1648.0234999999998,0.1688,8857.2,0.0296,-0.0009,0.0013,0.1255,0.4601256581915877,0.9182,738.7342,0.9916,58.7877,0.5798,0.9634,6.3497,15.87,2.865,15.89,15.77,1.465,0.4958,3.348,-2.647,0.8037,2.3867,1009.8822,100.0,197.5,173.1,55.5999,146.7649,0.1755,0.1187,0.0355,0.0286,0.0074,10.0422,6.654,10.176,0.0061,0.27,0.0289,1156.0,5623.0,0.165,0.109,0.1,2.9,0.483,0.8648,0.1595,0.5322,0.3596,1.0318,0.658,0.0694,5.57,17.9,20.392,0.165,16.83,8.25,30.016,26.906,0.0924,0.0464,0.0715,0.0245,0.0725,0.0883,0.1135,0.1012,4.2844,0.1109,0.0048,141.7782,0.0249,1812.6001,0.0199,0.0097,0.06349369801187654,0.0505,187.1217,1.1967,0.0434,0.2782,0.0993,3.3744,27.0458,57.5693,55.0499,0.0586,1.5501,0.0367,2.0121,0.0558,0.0111,514.5555,206.0362,940.3221,2871.6286,0.0694,0.0465,0.0572,0.8408,0.0439,0.1611,0.314,0.0657,0.1146,6.3682,0.1837,6.352,0.02,1.4887,5.3574,6.4427,0.0525,2.907,3.6979,9.4756,7.4601,0.0223,0.0207,0.0321,0.0108,0.0176,0.049,0.0548,0.0431,1.2868,0.035,0.0014,45.0049,0.0078,566.4219,0.012130021844753886,0.0168,60.7663,0.4312,0.0175,0.0933,0.0335,5.4061,0.9756,4.5476,6.8563,6.9525,2.4639,6.2044,15.418,7.3663,71.6829,2.5086,0.6244,2.1457,2.0212,49.242,132.4305,12.6026,5.4473,1.3703,3.9847,83.8235,70.9332,13.722,1.0199,1.7762,0.8325,0.3699,6.7956,5.281,2.8142,7.6816,4.1067,2.8633,18.7968,5.3999,1.5851,7.2491,159.5815,4.2529,12.0719,24.6374,425.6838,115.3511,34.9501,248.9805,0.0,619.3724,172.2553,58.3792,2.516,4.5051,0.4883,8.6762,14.7709,725.2336,33.6207,0.0,14.096429250132974,5.4951,25.33,0.2008,2.0357,4.3813,4.1586,8.9021,72.814,18.94,1.32,8.2412,0.5179,55.232,4.6501,1.8128,0.3941,0.0871,39.4243,4.98,0.0877,2.0902,0.0382,1.8844,15.4662,531.0364,2.1244,8.97,0.3116,3.3351,0.0868,1.6892,14.6674,0.0117,2.3282,0.0398,0.0202,50.7949
-1.0,3099.37,2178.5889,0.8614,103.7022,1.5323,0.0171,0.0081,198.3297,10.0246,403.5821,0.9815,188.5228,12.58,1.3837,-4457.0,-599.75,1.2483,2.0012,7.3057,73.8333,2.1556,0.1441,85.2917,8.9132,63.7658,66.2465,86.81,80.33,2.544,350.0955,138.1855,729.9374,1.3222,137.9891,626.27,166.7749,4.601,4.899,2838.0,0.9314,-5.9682,351.4336,10.6029,112.2173,16.9018,25.9682,33.0295,696.9079,145.7173,609.3682,127.3529,0.0012,0.0575,0.0456,-0.0239,0.0064,0.0006,0.0542,6.9952,0.1373,0.9858,1719.8538,0.1924,9178.3199,-0.1433,-0.0019,0.0683,-0.0142,0.4643,0.929,784.9896,0.991,57.9343,0.5915,0.9664,6.3443,15.85,3.293,15.81,15.76,1.683,0.5699,3.244,-1.797,0.8224,2.3914,1011.8856,107.0,121.6,129.0,74.9001,494.806,0.0936,0.0682,0.0593,0.0301,0.0063,10.0527,4.378,8.168,0.0056,0.19,0.0753,582.0,2857.0,0.129,0.124,0.26,3.2,0.613,0.5595,0.1067,0.3707,0.3052,1.0444,0.617,0.1475,3.57,22.74,35.977,0.302,14.79,8.19,23.621,84.52,0.0737,0.0519,0.0502,0.0572,0.0538,0.0923,0.0723,0.1058,3.6188,0.0711,0.0041,150.4263,0.1254,924.8994,0.0115,0.0136,0.0146,0.0215,76.9763,1.8899,0.0355,0.2175,0.0981,4.6307,29.4853,40.1911,44.6292,0.0277,1.9994,0.0225,1.2626,0.0544,0.0318,240.7784,156.1866,1626.1441,1273.4241,0.062,0.0526,0.1063,1.0452,0.0323,0.2224,0.2292,0.0476,0.0536,5.4541,0.1588,8.622,0.0465,1.2824,6.5006,10.8476,0.0835,2.2678,3.4882,8.0216,32.0003,0.0193,0.0231,0.0236,0.025,0.0154,0.0443,0.0367,0.0444,1.1428,0.0242,0.0013,49.3534,0.0374,306.1669,0.0048,0.0079,27.8574,0.6628,0.0121,0.0715,0.0332,7.1851,1.4445,4.8705,3.9234,5.2647,3.438,43.5816,10.8702,4.4507,43.6724,2.0239,0.5747,1.5103,5.4435,78.057,476.3652,10.3345,6.1961,3.5588,4.3341,27.8351,68.697,17.7185,0.656,1.1973,0.5813,0.2404,4.833,3.4664,4.2741,11.1593,2.5872,3.631,21.5722,6.3721,2.8483,8.3142,87.5053,3.3894,10.9153,66.3668,0.0,0.0,125.5763,225.3993,0.0,0.0,195.293,51.7329,1.0921,2.9674,0.4162,8.7465,63.31987047269746,0.0,21.4286,0.0,3.1512,2.3094,9.806,0.1142,3.2621,3.428,4.1008,11.7663,73.672,17.77,1.2,8.3511,0.4527,65.9583,4.3692,1.6288,0.3941,0.0871,39.4243,7.14,0.1242,2.7164,0.0537,2.7998,19.7327,531.4591,1.9611,9.66,0.2474,3.2073,0.0799,1.8176,12.6151,0.0148,2.946,0.0398,0.0202,50.7949
-1.0,2998.44,2249.2556,2.1216,95.7967,1.3096,0.0185,-0.0057,198.3801,8.1319,396.8664,0.978,188.7863,12.4473,1.4089,-6375.125,-615.0,1.2625,2.0315,7.2097,70.8222,2.5444,0.1938,85.3871,8.942,63.8194,66.2825,86.8846,79.9,3.233,347.8045,142.0264,733.779,0.929,137.5455,627.3764,118.2415,4.606,4.878,2835.0,0.9322,-1.4409,351.9473,10.2851,120.5855,6.8242,21.4409,26.4617,707.3173,150.3227,622.8555,113.4044,-0.0105,-0.0207,0.011,-0.0037,-0.0168,-0.0377,0.024,6.2514,0.1336,0.963,1733.9749,0.1938,9296.56,0.0162,0.0158,-0.0094,-0.0983,0.4653,0.937,735.8206,0.9916,58.0496,0.6,0.9647,6.2342,15.77,3.135,15.8,15.71,0.9318,0.5156,3.102,-2.175,0.8318,2.2821,1001.3102,92.0,249.5,238.4,52.5,173.814,0.5508,0.1249,0.0537,0.0359,0.013,7.6162,5.002,10.491,0.009,0.35,0.0359,1303.0,2239.0,0.178,0.174,0.08,4.2,0.19,0.7807,0.0722,0.6149,0.3441,0.9537,0.503,0.0499,5.77,16.46,12.186,0.365,9.72,8.5,34.066,47.142,0.0682,0.0246,0.041,0.0611,0.0617,0.0264,0.0862,0.0538,3.7179,0.0315,0.0095,152.0242,0.0371,987.0,0.015,0.0194,0.0518,0.0317,90.9464,1.6169,0.0308,0.2374,0.0665,4.6867,26.6999,82.8795,79.0995,0.1642,1.7129,0.0372,1.6544,0.093,0.0138,606.3263,327.4533,5823.189049999999,1004.4703,0.0846,0.0752,0.0372,1.4839,0.0816,0.0758,0.3207,0.0277,0.1129,5.2888,0.14,7.7874,0.0187,1.8025,5.4998,4.1115,0.1136,2.3961,3.2026,10.5382,15.8794,0.016,0.0102,0.017,0.0289,0.0186,0.0113,0.0471,0.0254,1.4309,0.0117,0.0028,46.5247,0.0109,305.0377,0.019,0.0124,27.7534,0.599,0.0104,0.0824,0.022,5.6751,1.4809,4.1456,8.321,9.4997,2.3341,8.4169,25.9611,9.5373,61.5108,2.6435,0.9152,2.8118,2.5488,183.236,364.065,14.099,8.5651,1.1096,5.9303,58.952,114.5642,5.7027,0.9143,0.8079,0.9635,0.3085,4.8562,4.2879,3.4373,5.37,4.195,2.6236,10.306,9.842500000000001,3.5488,8.7573,142.4348,4.8162,9.4229,41.5698,649.9107,65.3386,555.4545,0.0,157.377,228.3444,224.1667,59.4722,3.2196,1.2844,0.9854,8.7674,19.1413,0.0,44.3051,0.0,11.1269,3.3788,12.3599,0.0778,2.7854,3.8085,2.9135,11.8085,73.5,15.91,1.0,7.1614,0.3767,21.344,3.979,1.3605,0.1415,0.034,14.3464,11.969999999999999,0.2685,4.532500000000001,0.118,4.638249999999999,28.2257,530.9364,1.9355,12.1,0.4185,4.3422,0.1227,2.279,21.6219,0.0096,1.9262,0.0557,0.028,35.1003
-1.0,3065.12,2249.2556,2.1216,95.7967,1.3728,0.0151,-0.0123,198.4715,6.9447,405.6245,0.9735,188.7971,12.602,1.4175,-3668.5,-1455.0,1.269,1.9912,7.1863,71.9667,2.0556,0.1808,84.525,8.7932,63.7758,66.2803,86.7223,79.27,3.05,351.9527,140.4882,735.8554,1.2817,142.4218,634.8627,231.1524,4.592,4.871,2852.0,0.9301,-2.6709,352.3409,10.4233,117.8173,13.3497,22.6709,30.2504,705.605,152.6691,622.8273,113.9576,0.0043,-0.0053,0.0057,-0.0119,-0.0149,-0.0336,0.0004,7.0669,0.1291,0.9895,1815.5561,0.2068,8928.7299,0.0077,-0.026,-0.0029,0.0193,0.4596,0.9275,658.7869,0.9912,57.8959,0.6078,0.9805,6.2684,15.77,3.135,15.8,15.71,0.9318,0.5156,3.102,-2.175,0.8318,2.2821,1001.3102,129.0,73.0,89.0,52.5,173.814,0.5508,0.1177,0.0432,0.0666,0.0115,7.5959,5.027,13.162,0.0108,0.31,0.0413,841.0,2067.0,0.13,0.106,0.208,4.6,0.502,0.8986,0.1371,0.6637,0.3487,0.9576,0.472,0.1914,6.39,22.07,50.435,0.576,15.65,5.83,34.892,61.079,0.0715,0.0383,0.1034,0.0626,0.0472,0.0611,0.0491,0.0546,3.826,0.0746,0.0019,123.6598,0.0312,1243.6006,0.0111,0.0112,0.0247,0.0458,143.807,1.6602,0.036,0.5855,0.0665,4.6867,30.8561,22.7306,30.4491,0.1642,1.7129,0.0409,1.8519,0.0852,0.0177,356.1342,246.2641,457.3004,970.7993,0.0599,0.0472,0.0955,1.5468,0.0436,0.1609,0.3432,0.0548,0.1307,5.6144,0.1381,9.4376,0.0562,1.8858,6.5428,15.9781,0.1654,1.7251,2.2921,10.843,18.9468,0.0171,0.0198,0.0424,0.0261,0.0129,0.0288,0.0213,0.0279,1.5364,0.0226,0.0007,39.6639,0.0104,396.7625,0.0076,0.0132,40.7828,0.6045,0.0116,0.1951,0.022,5.6751,1.4809,6.0282,2.3816,3.3875,2.3341,8.4169,25.9611,8.5737,72.3859,3.2449,1.1093,2.4599,2.9158,28.1859,142.0619,10.2443,5.3233,2.8944,6.3918,53.5135,69.1457,15.3402,1.0631,1.5597,1.0407,0.2923,4.9609,8.3423,4.1196,14.9345,4.4867,3.4763,21.8189,6.475,5.5261,9.362,117.231,4.945,9.2992,53.598,0.0,89.9589,0.0,396.4304,410.0671,146.131,0.0,54.1406,2.9437,3.1485,0.1926,6.8111,15.0837,713.9442,45.3258,0.0,5.3643,4.9368,21.8291,0.0736,2.8676,9.3399,2.9135,11.8085,82.912,16.65,1.38,8.1658,0.5651,14.4929,4.1664,1.6644,0.1415,0.034,14.3464,10.5,0.2452,3.9896,0.0992,3.8831,38.05341532073962,533.9936,2.2318,8.27,0.3001,2.7629,0.0861,1.5487,13.4487,0.0115,2.2656,0.0557,0.028,35.1003
-1.0,3088.41,2249.2556,2.1216,95.7967,1.4021,-0.0085,-0.0078,200.9995,6.0915,398.0673,0.9799,191.3297,12.5743,1.4258,-1363.875,2867.0,1.3143,1.974,7.3253,69.7889,1.0444,0.0728,84.1896,8.8519,64.6928,66.1883,86.9473,77.44,3.182,351.3536,136.2036,728.8463,1.3065,141.9782,629.5355,217.792,4.595,4.848,2844.0,0.9316,0.0327,351.1336,10.4965,116.2364,11.9219,19.9673,27.0626,701.7836,150.2436,617.6136,123.9422,0.0056,-0.0042,0.0302,-0.0089,-0.045,-0.0057,0.0131,8.0468,0.1322,0.9872,1804.6017,0.1862,8265.0699,-0.0411,-0.014,0.0283,-0.031,0.456,0.9652,673.8012,0.991,58.2501,0.6063,0.9806,6.2962,15.83,2.765,15.86,15.73,1.319,0.4591,3.233,-2.505,0.7932,2.4196,1008.7122,85.0,134.4,80.3,52.5,173.814,0.5508,0.0608,0.0374,0.0516,0.0059,3.6206,3.679,17.281,0.0053,0.2,0.0652,1083.0,1008.0,0.159,0.084,0.22,3.6,0.319,0.5832,0.1511,0.5019,0.2235,0.6193,0.32,0.1588,5.52,19.02,53.437,0.481,20.08,11.64,27.433,53.789,0.0506,0.0371,0.067,0.0633,0.0434,0.0286,0.0653,0.0731,3.0451,0.0347,0.0125,113.5847,0.0603,1193.6006,0.0104,0.0114,0.0159,0.0125,103.7729,2.2358,0.0228,0.3366,0.1064,3.6151,20.1801,48.6691,22.5159,0.1642,1.7129,0.0227,0.987,0.055,0.0242,444.8633,423.1921,1828.8095,460.1942,0.0751,0.0373,0.0956,1.2713,0.06,0.1169,0.223,0.0652,0.0508,5.3256,0.1088,9.0597,0.0503,1.6231,5.845,17.9087,0.1367,2.9873,2.7623,9.1932,14.9108,0.0141,0.0198,0.0299,0.0294,0.0126,0.0135,0.031,0.0376,1.1675,0.0116,0.0038,35.1698,0.0169,406.0449,0.0046,0.0044,35.258,0.6541,0.0085,0.111,0.0379,4.8813,1.2858,3.9304,4.3518,3.2861,2.3341,8.4169,25.9611,4.3364,60.3961,4.3412,0.5398,1.5905,4.5708,298.58439999999996,35.1587,12.0982,4.2553,3.0033,5.1584,127.49480000000001,159.51774999999998,9.036,0.6927,1.7066,0.7758,0.6795,4.7474,9.919,4.114,12.1532,3.8879,3.0213,24.5358,7.1071,4.5825,17.537999999999997,168.43,3.909,19.377,43.3985,903.5714,66.3685,209.7763,490.0494,63.5556,0.0,559.0822,37.8418,2.7988,1.4115,1.2663,6.2942,32.3687,0.0,32.2981,0.0,3.4785,1.2929,15.4011,0.0576,3.8383,5.3465,4.3958,8.8617,77.358,15.0,0.75,6.5312,0.3014,57.4037,3.746,0.9695,0.4825,0.0746,48.4814,11.969999999999999,0.3099,4.532500000000001,0.1229,4.638249999999999,38.05341532073962,529.8718,1.9408,6.33,0.357,2.1429,0.1083,1.1946,18.3953,0.026000000000000006,5.21645,0.0182,0.02,110.4384
-1.0,3018.57,2137.6111,0.9199,105.1889,1.3384,0.0336,-0.0136,198.5894,10.8725,422.343,0.9715,188.9082,12.5273,1.3993,-4000.0,136.0,1.2917,2.0113,7.2793,68.8444,2.3333,0.18,85.0041,8.6472,64.0865,66.3097,86.5763,80.95,2.359,347.69,145.7373,738.6534,1.2501,137.8364,631.2636,205.1016,4.58,4.827,2826.0,0.9327,1.7018,349.9027,10.0746,127.4391,11.4046,18.2982,24.6278,714.0256,144.0691,621.4109,88.8537,0.0129,0.0016,0.0211,-0.0001,-0.0097,-0.0197,0.105,7.4016,0.1279,0.9904,1841.7575,0.1566,8526.09,0.1392,0.0046,0.0306,0.24300000000000002,0.4588,0.9505,626.8957,0.9913,58.4162,0.602,0.976,6.0424,15.68,4.445,15.71,15.6,1.083,0.6738,2.894,-2.458,0.7644,2.3138,992.7452,108.0,109.5,62.7,44.3,375.053,0.1046,0.1087,0.0548,0.0507,0.0133,6.6239,7.374,6.523,0.0116,0.18,0.0636,651.0,536.0,0.108,0.201,0.153,2.0,0.628,0.647,0.1272,0.5597,0.3606,0.6954,0.485,0.1559,9.04,21.98,84.488,0.427,18.79,17.83,35.247,87.69,0.071,0.0476,0.0539,0.0289,0.0931,0.0862,0.0867,0.0269,3.9959,0.0305,0.0007,41.2655,0.0376,1175.3008,0.0369,0.0184,0.0233,0.0165,125.9619,3.9928,0.0203,0.2598,0.1073,7.1978,31.4071,39.2551,21.6975,0.036,3.2694,0.0427,2.3946,0.0483,0.0222,274.2145,100.085,5823.189049999999,220.1908,0.0505,0.0837,0.0713,0.5388,0.0575,0.1792,0.2597,0.0528,0.1275,5.3665,0.1474,9.4714,0.0473,2.7053,6.779,23.5442,0.1298,4.6296,4.3874,11.3323,22.5622,0.0211,0.0226,0.0224,0.0124,0.0268,0.0459,0.0454,0.011,1.312,0.0111,0.0002,15.1868,0.0107,364.1665,0.0071,0.0057,38.6821,1.1711,0.0059,0.0818,0.0358,5.2961,2.3114,4.9219,3.6275,2.508,2.0724,39.4555,11.3758,8.1218,67.8228,1.5445,1.1976,1.4369,4.5443,298.58439999999996,394.1176,8.3608,9.9938,2.1019,2.9051,38.5714,112.7778,18.405,0.7611,1.471,0.8734,0.2933,5.0735,9.3113,4.1879,12.4703,6.5585,3.4819,41.1932,6.9953,4.2384,17.537999999999997,164.7581,4.9364,15.9027,98.6903,549.5888,224.2638,137.1293,0.0,888.6598,440.1015,25.619,53.9863,1.4855,1.2571,0.0721,2.2406,23.9868,900.3058,82.2346,0.0,5.079,1.7408,20.093,0.1864,6.835,4.3,4.6381,18.4824,75.086,15.06,1.93,7.2233,0.7734,35.2851,3.7255,2.5704,0.1228,0.0296,13.2956,6.24,0.1116,2.6403,0.0419,2.3405,10.331,524.4955,1.3721000000000003,11.12,0.1474,4.055,0.0527,2.1201,13.5037,0.0105,2.1094,0.0368,0.0177,48.2132
-1.0,3034.01,2256.6,1.1384,85.4278,1.4004,0.0228,0.0141,202.7332,5.4285,409.0234,0.9729,193.1436,12.602,1.4095,-3770.0,-4092.75,1.2865,2.0245,7.2735,73.5778,1.6444,0.1224,85.3687,9.97415,63.7914,66.4257,86.8485,80.27,3.244,353.8864,139.1536,734.8409,0.885,135.4918,628.5318,104.9742,4.61,4.837,2853.0,0.9284,-3.3455,356.2418,10.5396,115.8082,8.4778,23.3455,27.9956,706.8454,148.9155,620.9655,109.5398,0.0092,0.0571,0.0636,-0.0187,-0.0255,0.0123,0.0472,7.6439,0.1396,0.9696,1789.1758,0.1744,9034.9702,0.1093,0.014,-0.0084,0.0371,0.45537049636885063,0.9523,771.3692,0.9913,57.7125,0.6074,0.977,6.2584,15.73,2.941,15.75,15.69,0.9649,0.5033,3.154,-2.9329,0.8238,2.2563,998.2901,70.0,218.5,176.3,55.5999,146.7649,0.1755,0.1091,0.0718,0.10045,0.0202,8.8492,6.435,11.921,0.0126,0.31,0.0405,856.0,9583.0,0.078,0.077,0.158,4.3,0.371,0.7025,0.058,0.6831,0.2769,1.0002,0.659,0.0671,7.07,17.95,26.293,0.297,15.36,12.08,34.533,76.187,0.0679,0.1011,0.043,0.0853,0.0681,0.0429,0.0725,0.0889,3.4036,0.0511,0.0045,160.0939,0.0218,768.0,0.0153,0.0275,0.05289659918112585,0.0274,80.8334,2.2263,0.0379,0.4898,0.0621,1.7353,20.8005,74.1463,52.8383,0.0586,1.5501,0.0371,2.1444,0.0852,0.0165,349.786,227.902,655.9487,4431.5707,0.0338,0.0355,0.0664,1.2194,0.0567,0.1087,0.2942,0.0234,0.1159,7.0125,0.1763,7.2861,0.0194,1.883,5.1031,8.1336,0.0818,3.6124,4.8267,11.1938,22.261,0.0205,0.044,0.0208,0.0369,0.0197,0.0202,0.0412,0.0471,1.2365,0.0176,0.0013,49.7521,0.006,244.4918,0.013650389774237529,0.0077,26.7071,0.6278,0.0124,0.1677,0.0214,5.3629,0.5492,3.1417,7.2017,6.925,2.4639,6.2044,15.418,7.7908,118.54,2.9145,1.2987,2.4599,2.8762,40.9549,234.1457,6.063,3.8034,2.1723,5.8442,109.4595,120.0544,10.9461,0.8229,0.4281,1.0708,0.1137,6.9853,6.2233,3.2346,7.5799,5.218,2.8559,25.0471,5.248,2.8179,7.8751,181.179,4.8855,7.848,69.5519,741.0641,236.9069,134.1722,363.2,168.0705,587.0445,188.4473,44.527,1.5044,2.1401,0.4615,8.9479,12.5095,284.6054,64.5503,0.0,12.324694261766203,2.8733,10.4792,0.0258,3.8576,7.827,2.7503,4.1294,73.712,19.84,1.1,8.4951,0.4408,53.2404,4.8534,1.4923,0.125,0.0291,13.3019,4.98,0.0877,2.0902,0.0382,1.8844,15.4662,524.2318,2.0104,15.390000000000002,0.6164999999999999,5.3345,0.18730000000000002,2.8874999999999993,28.50255,0.0133,2.6398,0.026,0.0149,57.1964
-1.0,2991.47,2276.4556,1.2317,93.6778,1.3917,-0.0103,-0.0018,198.9452,7.6839,402.3456,0.9812,189.0072,12.5951,1.4108,-4969.75,205.0,1.2843,2.0128,7.2818,67.5111,2.7111,0.2146,84.8185,8.9979,64.3519,66.2937,86.4854,78.42,3.08,349.6618,137.4473,730.4399,1.3897,140.7482,627.8573,189.394,4.596,4.86,2837.0,0.9331,-2.4373,350.4591,10.479,115.01,14.4055,22.4373,30.59,699.8499,147.9827,613.4518,117.0695,-0.0056,0.0641,0.0207,-0.0128,-0.0302,0.0009,-0.0052,7.9165,0.1338,0.9891,1663.2079,0.1684,8735.92,-0.0852,-0.0112,0.0594,0.0867,0.45378455170052345,0.9418,678.0742,0.9906,59.7241,0.5941,0.9702,6.2582,15.86,2.819,15.89,15.78,1.087,0.4681,3.314,-2.6,0.7696,2.416,1006.6856,115.0,231.3,206.5,54.8999,340.7711,0.4235,0.1018,0.0529,0.0525,0.0068,5.1574,6.037,12.116,0.0053,0.33,0.0282,1079.0,914.0,0.201,0.129,0.282,3.0,0.664,0.6156,0.0732,0.493,0.359,1.1082,0.286,0.088,5.67,19.78,50.602,0.22,24.27,12.48,36.82,69.46,0.0569,0.0543,0.0329,0.0598,0.0583,0.055,0.0535,0.1145,2.5976,0.0656,0.0015,123.8765,0.0226,1290.7002,0.0164,0.0135,0.05507762337763447,0.0325,107.4209,1.5443,0.0343,0.2087,0.1123,6.8518,28.7259,77.2785,71.4337,0.1197,1.8239,0.031,1.6311,0.0632,0.0117,448.3934,141.7051,1793.7886,427.7203,0.0888,0.0589,0.13,0.9584,0.0421,0.1835,0.2479,0.029,0.0962,5.3753,0.0857,7.5718,0.0257,1.8173,6.066,13.2876,0.0772,3.5615,4.4496,11.2393,25.0788,0.0154,0.023,0.0146,0.0307,0.0167,0.0248,0.024,0.0568,0.7686,0.0196,0.0004,39.5232,0.0087,435.26,0.011299645676727935,0.0118,32.2952,0.52,0.0104,0.0672,0.0366,3.8415,2.0664,5.1691,7.732,8.2825,2.4116,15.8606,34.3856,7.3148,78.5668,3.0113,0.5378,2.6201,1.9967,79.2998,445.8537,15.6512,6.4091,3.8727,4.4437,73.7705,50.3366,19.3843,0.7258,0.8131,0.7661,0.3814,5.4338,4.7946,3.1747,6.3345,4.0285,3.1504,26.7178,5.4373,2.0994,8.3471,168.4775,5.2611,8.7727,59.3323,0.0,73.5523,288.1928,455.6913,181.9686,0.0,0.0,32.813,2.8527,2.6684,0.1561,7.448,13.4446,0.0,30.205,0.0,12.11485320701105,3.4526,15.8421,0.0637,2.5857,3.3341,4.6502,18.4824,72.664,16.32,0.82,6.9339,0.3466,53.7817,4.0715,1.1285,0.2986,0.0532,30.1541,8.6,0.2314,3.4796,0.0934,3.3914,38.05341532073962,531.0418,2.0433,9.82,0.3602,3.5086,0.0997,1.8492,17.6298,0.0147,2.9386,0.026,0.0149,57.1964
-1.0,3052.93,2260.7333,1.2109,91.3367,1.3782,0.0118,0.0067,198.4487,9.0965,410.4054,0.9782,188.6918,12.58,1.4266,-4080.25,123.75,1.269,1.9867,7.324,67.9444,2.6111,0.2001,83.9324,8.598,64.3833,66.2019,86.3084,78.86,2.997,350.4909,140.8964,733.1998,1.313,137.1136,628.5009,195.4714,4.601,4.865,2840.0,0.9315,-6.0455,350.1627,10.4929,114.8509,18.1764,26.0455,33.9495,699.2503,145.3109,610.3245,101.719,-0.0063,-0.0242,0.0352,-0.0143,-0.0101,-0.0204,0.0174,7.7405,0.1355,0.9865,1874.6711,0.2036,10084.500049999999,0.0637,0.0437,-0.0538,-0.0236,0.4513298402155761,0.9399,889.5813,0.9892,58.9899,0.5898,0.9799,6.3412,15.85,3.293,15.81,15.76,1.683,0.5699,3.244,-1.797,0.8224,2.3914,1011.8856,118.0,101.9,104.3,58.5,857.5341,0.2844,0.1058,0.0484,0.0443,0.0086,8.6548,4.823,10.703,0.0062,0.19,0.0655,438.0,780.0,0.1,0.114,0.175,2.4,0.447,0.5171,0.0465,0.5225,0.2808,0.8699,0.423,0.0781,6.32,16.73,27.577,0.275,17.88,4.49,24.73,45.599,0.074,0.0461,0.0304,0.0538,0.0448,0.0773,0.1055,0.0572,2.6492,0.071,0.0047,174.3834,0.0392,458.0,0.014,0.0186,0.05667748284787438,0.0051,49.4404,3.798,0.0334,0.2889,0.0981,4.6307,26.898,34.7919,29.2219,0.0906,2.0506,0.039,1.7464,0.0544,0.0244,207.5982,130.3061,738.0995,343.4156,0.0438,0.0494,0.0816,0.7618,0.0404,0.1542,0.1953,0.0192,0.1025,5.7628,0.1443,6.9006,0.0266,2.2998,6.1838,7.4414,0.083,1.4354,2.4506,8.5226,18.5164,0.0167,0.0217,0.0138,0.0245,0.0137,0.0441,0.0521,0.0285,0.8124,0.0255,0.0016,53.8067,0.0133,164.9756,0.01254319675038935,0.0021,17.3251,1.0832,0.0122,0.0913,0.0332,7.1851,1.4445,5.4637,3.3378,4.0686,2.5877,43.5344,23.4878,7.6765,53.0207,2.6079,0.6368,1.5103,4.5887,38.8947,630.303,7.8802,5.738,2.3894,3.5323,30.6383,62.965,13.1445,0.6161,0.5409,0.8115,0.4191,5.6806,6.1109,2.9954,5.9516,4.6093,2.6619,14.108,5.2799,2.6208,6.5389,98.3694,3.5366,10.294,44.8284,0.0,618.59025,153.0583,313.2867,761.5764,517.7914,328.7356,34.2256,0.9593,2.9835,0.479,9.3021,19.2543,472.381,30.1733,510.6383,12.214775051006194,0.5472,5.4345,0.1776,6.4384,4.5566,4.1008,11.7663,73.572,15.33,0.44,6.4613,0.1867,85.2469,3.784,0.5981,0.6543,0.1406,64.0311,4.98,0.0877,2.0902,0.0382,1.8844,15.4662,530.2409,1.9614,11.54,0.2936,3.8239,0.084,2.1764,14.9692,0.0119,2.3647,0.0557,0.0315,49.9274
-1.0,2885.8,2231.9555,1.2758,96.8789,1.4912,0.0001,-0.0062,202.5901,6.6693,396.0766,0.9795,193.022,12.5861,1.4131,-3656.0,-253.0,1.247,1.9657,7.154,68.5667,2.6,0.2037,83.9324,8.598,64.3833,66.2019,86.3084,78.86,2.997,350.7555,138.4455,730.552,1.3105,139.3664,628.5673,192.4245,4.563,4.804,2853.0,0.9298,-3.2255,351.1464,10.3486,115.22,19.5273,23.2255,33.9867,696.5653,142.6736,609.04,171.74984999999998,-0.0225,-0.028,0.006,-0.0125,-0.0461,-0.0094,0.0206,7.8096,0.1355,0.9666,1830.0338,0.2117,9355.1799,0.0183,-0.0009,0.0393,0.1762,0.45743084552414226,0.9497,769.5023,0.9911,58.143,0.6077,0.98,6.2413,15.83,2.765,15.86,15.73,1.319,0.4591,3.233,-2.505,0.7932,2.4196,1008.7122,118.0,96.2,76.9,58.2,333.4561,0.6427,0.0659,0.0856,0.0428,0.0102,8.6579,3.206,16.008,0.0061,0.2,0.0313,321.0,286.0,0.128,0.193,0.255,3.0,0.555,0.5171,0.0465,0.5225,0.2808,0.8699,0.34,0.1796,4.37,21.56,48.881,1.163,21.01,9.15,37.324,67.323,0.0783,0.0807,0.0406,0.0749,0.0963,0.0698,0.0759,0.108,3.4902,0.0659,0.013699999999999999,147.9838,0.078,861.4004,0.0279,0.0109,0.05680667403192158,0.0092,93.804,2.0877,0.0294,0.3658,0.1064,3.6151,26.898,32.8252,25.0454,0.189,1.6708,0.0227,1.1971,0.0578,0.0109,154.6113,233.5223,426.2402,119.5296,0.0549,0.0889,0.1118,1.0488,0.0397,0.1532,0.1953,0.0192,0.1025,5.9209,0.1092,8.8584,0.054,1.3814,6.3844,15.6383,0.3216,2.9865,3.9234,11.6696,21.0243,0.0183,0.035,0.0169,0.0348,0.0233,0.0312,0.0394,0.0511,1.1962,0.0203,0.0046,45.1809,0.0234,290.2744,0.012365923443569784,0.0036,32.6058,0.6218,0.0092,0.1135,0.0379,4.8813,1.2858,5.4637,3.3336,2.9497,2.6076,17.1615,50.3778,4.4191,48.0712,4.0416,0.6248,1.5891,2.2165,24.3162,113.0435,10.2646,9.8181,3.5644,4.3753,53.8462,57.4468,16.1473,0.6161,0.5409,0.8115,0.4191,5.0776,9.9823,4.0122,13.7077,3.1356,3.43,25.4027,6.897,11.2382,10.8748,107.593,5.3583,31.6868,29.6038,348.484,182.0643,0.0,769.2461,151.4921,809.6,524.9089,44.6916,0.9593,2.7011,1.3944999999999999,8.0864,36.8475,876.3819,50.9417,0.0,12.721993190704376,0.9685,12.1902,0.0577,3.5907,5.8604,4.3958,8.8617,74.504,13.91,1.02,6.5399,0.3654,59.8406,3.4233,1.3691,0.5038,0.1171,50.4835,7.31,0.1756,3.4145,0.0694,2.859,32.9311,528.4045,1.9943,9.01,0.2454,2.9594,0.0796,1.7051,12.3064,0.0131,2.6379,0.0557,0.0198,23.8407
-1.0,3151.8,2244.9778,1.9074,87.2789,1.45,0.0063,0.0099,202.718,4.1002,402.359,0.977,193.2425,12.6106,1.423,-3368.5,-5128.0,1.2588,1.9705,7.2415,71.9444,1.8667,0.1548,83.1829,8.9857,64.1327,66.3551,86.7646,78.95,3.282,363.7864,144.7136,755.5709,0.9142,137.4673,645.9673,132.3231,4.601,4.871,2884.0,0.9174,-9.1,365.5364,10.692,115.6136,15.85,29.1,36.7408,718.8301,148.9673,630.1173,113.5793,-0.0144,-0.0349,0.0632,-0.0017,0.015,-0.0163,0.0435,7.7119,0.1287,0.9905,1781.3233,0.1924,8661.9699,0.0176,0.0009,-0.059,0.0415,0.4615,0.9638,739.4027,0.9883,58.7354,0.5894,0.9659,6.2312,15.84,3.467,15.88,15.75,1.111,0.5657,3.357,-2.553,0.8014,2.4241,1016.53,131.0,172.1,260.5,55.5,265.99,0.4926,0.0512,0.0582,0.0547,0.0088,10.3296,5.082,13.037,0.0075,0.22,0.0667,518.0,10207.0,0.086,0.086,0.198,4.0,0.27,0.8955,0.1297,0.6706,0.347,1.1329,0.782,0.1269,6.41,17.24,48.025,0.471,16.01,7.41,22.989,76.051,0.0691,0.0342,0.0286,0.0798,0.0777,0.1369,0.0918,0.0704,2.0091,0.0467,0.0007,82.2528,0.0093,581.1992,0.016,0.0138,0.0136,0.0122,51.8211,1.3937,0.0266,0.2145,0.1004,2.2685,34.0973,54.9114,81.7282,0.1663,1.0322,0.0188,1.8571,0.0589,0.0236,227.1672,342.3978,245.3467,4755.3547,0.0452,0.0403,0.0963,1.4638,0.0478,0.1043,0.3434,0.0533,0.1229,7.9693,0.2508,5.9955,0.038,1.5246,5.3118,12.7607,0.1568,2.2004,2.8478,6.8031,24.5402,0.0176,0.015,0.0131,0.038,0.0206,0.0619,0.0486,0.0339,0.7773,0.0152,0.0003,25.572,0.0028,193.3022,0.0043,0.0036,15.4884,0.5187,0.0076,0.0721,0.0368,4.5354,0.9327,5.938,5.4604,10.132,2.4722,12.0442,25.826,3.5311,123.9457,3.2401,0.7686,1.7446,4.6909,17.4855,199.0445,6.8322,4.3644,2.7342,5.5598,101.7857,101.4358,7.8332,1.0765,1.4431,1.0456,0.213,6.0173,8.0089,3.0725,13.8753,4.6629,2.6689,36.2937,2.1627,4.4052,5.4492,101.0093,3.1981,8.9384,66.9585,480.9047,116.7235,126.3158,0.0,912.6667,564.0553,161.8391,26.0524,2.9521,1.9225,0.0686,4.6175,4.8135,0.0,66.2857,0.0,2.9501,1.2689,7.0085,0.1376,2.3728,3.4425,4.1427,5.8424,73.746,14.7,1.52,6.9796,0.7082,25.9511,3.6647,2.0611,0.3941,0.0871,39.4243,7.81,0.1918,3.225,0.0724,3.1343,21.6076,531.4591,1.9611,9.66,0.2474,3.2073,0.0799,1.8176,12.6151,0.0109,2.1525,0.0557,0.0198,23.8407
-1.0,3010.83,2158.7,1.3177,106.3611,1.3273,-0.019,0.0009,198.1665,6.6169,402.6731,0.9777,188.4352,12.6122,1.4151,-4154.0,-2700.0,1.2705,1.9855,7.3163,73.5778,2.1778,0.1723,84.2981,8.3159,64.5884,66.0015,86.834,82.21,2.806,363.6555,134.7573,741.2117,1.3238,141.6973,640.11,185.6969,4.561,4.782,2893.0,0.92,2.2727,361.1682,10.629,117.03,16.6255,17.7273,23.4616,717.7501,145.2864,623.4845,102.629,-0.0101,0.0404,0.0729,0.0007,0.0,-0.0492,-0.0221,7.8289,0.1411,0.986,1809.8301,0.1943,9019.9101,-0.078,-0.0344,0.0546,-0.0073,0.4642,0.9465,701.7528,0.9893,58.4311,0.594,0.9653,6.2818,15.75,2.901,15.79,15.73,0.8893,0.489,3.142,-2.6,0.8525,2.2458,1000.3791,173.0,50.7,88.5,71.7,381.5441,0.1423,0.0766,0.0598,0.0584,0.0093,9.7041,5.118,11.329,0.007,0.22,0.0326,621.0,3322.0,0.158,0.103,0.041,1.5,0.979,0.6238,0.0976,0.5395,0.2403,0.7106,0.734,0.2055,6.5,17.43,67.247,0.5,20.26,10.61,25.854,18.143,0.0891,0.0365,0.061,0.0271,0.0406,0.1083,0.0359,0.0753,3.6749,0.0679,0.0024,138.887,0.0485,910.5,0.0174,0.0113,0.03,0.0184,93.1665,4.0329,0.0381,0.2292,0.0706,1.7791,33.2417,20.4464,25.5171,0.0393,2.0276,0.0264,1.5939,0.0618,0.0109,280.5762,85.2188,1318.0114,1693.5804,0.0718,0.0428,0.0188,0.4631,0.0579,0.2609,0.2499,0.0461,0.114,7.9929,0.2569,4.9483,0.0548,1.8555,4.8745,22.4899,0.1768,2.9367,3.9748,7.4872,5.6621,0.0203,0.0153,0.0273,0.0128,0.0118,0.054,0.0164,0.0327,1.1765,0.0223,0.0008,43.5471,0.0158,329.8625,0.0084,0.0063,31.2845,1.3402,0.0118,0.0742,0.0251,7.7094,0.6076,8.0402,1.6839,3.5382,3.3214,42.254,10.7997,5.7712,77.3473,2.8135,0.7117,1.7443,2.3031,75.6139,123.037,12.436,5.1876,0.5604,2.0387,73.4694,113.1528,29.4102,0.74,1.1743,0.8353,0.3148,6.6876,9.1201,2.5792,15.5213,4.5872,2.723,36.2133,3.515,4.7041,5.3063,121.8615,3.6021,13.9677,17.6782,886.0162,64.3172,37.187,0.0,0.0,72.8934,341.1099,46.9399,1.8425,2.849,0.2442,7.674,24.9345,927.1795,31.3498,778.3784,6.4633,1.9451,13.2763,0.0732,6.9021,3.6487,3.1427,4.4811,73.254,14.53,1.33,6.7381,0.5058,27.0176,3.6251,1.8156,0.6543,0.1406,64.0311,6.15,0.2744,2.5202,0.1196,2.4877,29.9905,530.3745,2.1745,7.93,0.1387,2.8103,0.0459,1.4952,6.3789,0.0221,4.4373,0.0557,0.0198,23.8407
-1.0,3135.88,2227.9778,1.6656,87.22,1.3849,-0.006,-0.0005,193.7415,7.2702,423.2069,0.9759,184.1532,12.5259,1.39,-5091.0,4488.25,1.3015,1.9907,7.3487,76.7556,1.5,0.0992,84.9121,8.1166,64.5548,66.2506,87.1953,63.93999999999998,4.397,361.7345,136.0527,739.6294,0.9769,137.5236,635.3109,124.3871,4.55,4.753,2886.0,0.9213,-0.9536,361.9791,10.6403,115.0991,11.4919,20.9536,25.7832,713.8462,148.4173,625.4955,97.3717,-0.0188,-0.0175,0.0692,-0.0079,-0.0109,-0.0124,0.0587,7.02,0.1287,0.9871,1727.0711,0.1968,9770.2801,0.0535,0.0474,-0.0182,-0.0379,0.4456826492667654,0.9323,853.8541,0.9909,58.8971,0.586,0.963,6.3272,15.81,3.474,15.85,15.7,1.191,0.543,3.321,-2.9329,0.809,2.3884,1008.8589,131.0,171.9,174.3,26.599799999999988,829.561,0.2754,0.0802,0.0604,0.0415,0.0159,10.9064,9.989,11.768,0.0097,0.15,0.048,640.0,10627.0,0.05,0.145,0.138,2.7,0.493,0.6833,0.1459,0.6015,0.257,0.6839,0.909,0.1378,9.89,15.4,19.414,1.216,16.12,11.18,26.139,71.828,0.0788,0.0757,0.0366,0.0172,0.0578,0.0303,0.1148,0.0753,3.4228,0.0895,0.0019,221.0082,0.0334,604.9004,0.011,0.0152,0.04714756782332866,0.011,40.8176,4.2399,0.0611,0.2588,0.0966,4.4488,34.0973,54.5376,60.4065,0.0967,3.6334,0.0267,3.4358,0.0532,0.0171,286.0862,157.0531,2366.0441,4860.3595,0.0262,0.0753,0.0657,0.9449,0.0376,0.1556,0.2561,0.0623,0.0741,8.9384,0.3158,5.6247,0.0362,3.4788,3.9391,5.1958,0.3431,3.2319,4.998,7.7205,22.213,0.0166,0.0325,0.0172,0.008,0.0149,0.0124,0.0565,0.0341,1.2703,0.0292,0.0007,68.7031,0.0114,214.7968,0.008005366895464057,0.004,14.3541,1.2049,0.0183,0.0863,0.0309,4.7702,1.4763,5.938,5.4817,6.7591,1.259215111510735,22.9177,16.5374,5.7909,137.3968,2.7807,0.9922,1.1975,3.4539,103.3196,236.7738,3.8417,7.2837,1.8779,3.5177,66.6667,118.925,14.4603,0.8047,1.7974,0.9318,0.2072,7.03,9.3861,3.0169,14.1028,7.1915,2.424,15.6077,3.2997,11.4283,3.7185,140.2728,3.6617,10.1631,73.7668,419.0096,138.3912,24.8645,735.1351,277.9817,922.0884,128.334,48.7578,2.9521,3.7849,0.1922,12.7967,16.9561,752.4752,37.4269,564.7059,8.41376966597839,1.178,4.7804,0.0642,7.1989,4.0899,4.0443,11.1426,73.546,14.78,1.27,6.5662,0.6015,27.938,3.6835,1.7268,0.1863,0.0458,19.2044,6.31,0.1214,2.8118,0.0584,2.3597,13.5218,531.4591,1.9611,9.66,0.2474,3.2073,0.0799,1.8176,12.6151,0.0081,1.6201,0.0257,0.0388,156.4628
-1.0,2916.93,2231.9555,1.2758,96.8789,1.5826,-0.0089,0.0035,197.8428,7.818,403.8421,0.9747,188.1174,12.5412,1.4035,-4294.5,-73.25,1.2923,2.0065,7.1902,71.4667,2.4444,0.2067,83.6367,8.8562,64.0201,66.4384,87.024,80.04,2.582,352.2718,134.7264,726.5862,1.3417,141.5436,628.5418,216.0417,4.593,4.873,2845.0,0.9317,-2.5027,351.7473,10.4504,112.2236,15.0182,22.5027,29.7881,696.7981,149.5527,613.5236,97.4859,0.0057,0.0746,-0.0143,-0.0359,-0.0376,0.0083,0.11345000000000001,7.8119,0.1307,0.9851,1776.613,0.1901,9743.71,0.1258,0.0409,0.0342,0.1298,0.4644,0.9219,846.0455,0.991,57.9909,0.5958,0.9814,6.2308,15.86,2.819,15.89,15.78,1.087,0.4681,3.314,-2.6,0.7696,2.416,1006.6856,120.0,98.0,73.7,58.2,333.4561,0.6427,0.1133,0.0508,0.0803,0.0104,8.5109,3.302,12.473,0.0094,0.31,0.0753,422.0,1177.0,0.058,0.055,0.142,4.5,0.356,0.5168,0.0563,0.5536,0.3383,1.0887,0.518,0.1322,8.13,18.7,59.488,1.312,20.04,7.79,29.854,52.642,0.0997,0.0515,0.0532,0.0295,0.0744,0.0477,0.0579,0.0147,2.9959,0.0711,0.0102,93.1808,0.0202,933.7002,0.024,0.03420000000000001,0.0269,0.0247,89.2225,3.1979,0.0373,0.2887,0.1123,6.8518,28.1868,31.1097,21.8619,0.189,1.6708,0.0388,1.0838,0.0731,0.0236,199.4016,77.3606,435.93,534.5829,0.0273,0.0237,0.0674,1.4405,0.0297,0.1461,0.2075,0.0212,0.0659,6.6904,0.1818,9.2305,0.038,2.3299,6.012,15.9275,0.3552,2.2882,2.3051,9.779,20.3424,0.028,0.0215,0.023,0.0134,0.0212,0.0212,0.0318,0.006,1.0531,0.0235,0.0035,32.3445,0.0075,282.7358,0.0075,0.0067,27.228,0.9583,0.0139,0.0927,0.0366,3.8415,2.0664,5.5031,3.3597,3.0398,2.6076,17.1615,50.3778,7.1593,42.2359,3.0886,0.968,2.4718,5.366,21.9583,0.0,4.4883,2.7411,1.9749,6.2966,49.0909,33.871,10.958,0.6179,0.6358,0.8647,0.1899,6.4666,10.7106,4.1436,9.8561,5.7438,2.9751,27.5354,6.3731,12.5546,17.537999999999997,133.4385,4.2845,24.1566,53.9996,0.0,226.3736,206.2937,207.4229,126.8617,695.4955,11.6968,38.3508,1.5318,2.9387,1.0371,5.2449,10.6076,366.3799,30.3935,509.0909,5.7857,2.6743,10.5458,0.1101,5.5145,4.6338,4.6502,18.4824,73.044,16.04,1.26,7.3625,0.5153,47.9404,3.9263,1.725,0.4717,0.0868,47.2914,4.98,0.0877,2.0902,0.0382,1.8844,15.4662,530.3836,1.8367,10.34,0.4816,3.582,0.1511,1.9495,26.2227,0.0105,2.0911,0.0257,0.0388,156.4628
-1.0,2910.99,2186.9,1.3493,104.3367,1.3954,0.0246,-0.0117,198.0133,6.0105,428.4587,0.9754,188.9133,12.5141,1.4107,-2643.25,-3301.25,1.2618,1.9912,7.2782,72.3556,2.2222,0.2036,83.1829,8.9857,64.1327,66.3551,86.7646,78.95,3.282,367.03,143.9355,756.1224,0.9114,136.5318,647.4973,128.0641,4.601,4.871,2884.0,0.9174,-3.8791,366.4218,10.4896,120.0564,10.7323,23.8791,27.5177,728.6046,151.3591,637.8373,159.7806,0.0044,0.0617,0.0091,0.0078,-0.0229,0.0167,0.0031,7.8894,0.1206,0.965,1827.0966,0.155,8906.86,-0.1136,-0.0186,0.1078,-0.0346,0.4413920855789104,0.9434,772.8083,0.9913,58.4837,0.5921,0.9651,6.2135,15.84,3.467,15.88,15.75,1.111,0.5657,3.357,-2.553,0.8014,2.4241,1016.53,141.0,134.1,187.2,64.2,278.113,0.2729,0.0779,0.0703,0.10045,0.013,8.6289,10.622,11.401,0.0094,0.19,0.056,1292.0,5018.0,0.166,0.083,0.124,4.7,0.368,0.8955,0.1297,0.6706,0.347,1.1329,0.794,0.1643,8.09,17.01,14.491,0.687,13.99,10.06,27.272,68.727,0.0697,0.0573,0.0554,0.06,0.109,0.0864,0.0793,0.0684,3.7389,0.0287,0.0108,202.6879,0.0265,1321.8999,0.0178,0.0235,0.0587544832039415,0.0181,177.8297,2.2944,0.0291,0.2004,0.1004,2.2685,34.5777,48.0732,55.0909,0.1016,1.5312,0.027,3.1514,0.06,0.0198,562.6019,201.0887,2967.48,2163.7981,0.0717,0.0342,0.0595,1.5946,0.0658,0.1315,0.3434,0.0533,0.1229,8.4224,0.3041,6.0087,0.0413,2.7457,4.6424,4.774,0.1949,2.9123,3.7487,7.8621,23.8642,0.0206,0.0297,0.0239,0.0286,0.0295,0.0415,0.0394,0.0338,1.3519,0.0107,0.0041,61.574,0.0078,348.3122,0.01302004110665242,0.0057,47.7431,0.646,0.0094,0.0636,0.0368,4.5354,0.9327,6.4011,4.6067,7.3893,2.9357,29.6992,20.2273,5.5826,164.29784999999998,2.6609,0.9656,1.5183,3.9668,238.4564,152.003,13.1563,4.1682,1.7037,6.4957,94.5,92.3581,11.4996,1.0765,1.4431,1.0456,0.213,6.2093,7.4825,2.9979,18.0327,5.9254,2.627,11.3154,2.1627,6.5493,5.2559,130.3544,3.743,10.6702,43.0133,0.0,382.6377,662.9834,0.0,377.2926,474.1405,0.0,47.3919,2.3215,1.1825,1.1155,11.0934,17.0969,615.3846,41.3793,0.0,12.733287006392564,1.9186,23.0108,0.0309,3.9232,3.2252,4.1427,5.8424,73.984,25.505000000000003,1.54,11.2805,0.6401,57.0024,6.362449999999999,2.0815,0.1275,0.0318,13.1291,6.16,0.0305,2.5023,0.0123,2.2543,5.2517,530.2409,1.9614,11.54,0.2936,3.8239,0.084,2.1764,14.9692,0.014,2.807,0.0169,0.0236,139.6209
-1.0,3182.35,2187.7888,0.7945,101.9267,1.4629,-0.0164,-0.0114,202.3344,4.3504,404.9535,0.9795,192.83,12.5651,1.4189,-1363.875,3376.6667,1.2463,1.9965,7.24,71.5222,2.0111,0.1518,84.6998,9.4336,64.1172,66.3004,87.4694,63.93999999999998,5.041,350.5673,141.6536,735.7165,1.3672,142.9118,635.1327,198.198,4.596,4.86,2837.0,0.9331,-6.6409,350.4418,10.5028,115.0127,17.2818,26.6409,33.5324,702.1842,152.3964,617.8509,107.8039,0.0051,-0.0257,-0.002,-0.0246,-0.0369,-0.0236,0.0018,7.1116,0.1346,0.9885,1843.5268,0.1888,9424.03,0.03,-0.0195,0.0112,-0.0223,0.4519992435263641,0.9464,816.9353,0.9907,59.2674,0.5989,0.981,6.3323,15.81,3.474,15.85,15.7,1.191,0.543,3.321,-2.9329,0.809,2.3884,1008.8589,96.0,88.4,150.8,62.3,586.7789,0.0621,0.1469,0.067,0.0278,0.0084,8.7953,7.114,15.273,0.0066,0.18,0.0468,741.0,15083.0,0.226,0.21200000000000002,0.22,4.0,0.591,0.9845,0.1381,0.6945,0.3139,1.0658,0.576,0.1026,5.98,13.74,64.103,0.272,15.82,4.63,24.625,11.083,0.0684,0.0521,0.0496,0.0874,0.0553,0.0494,0.0963,0.1018,4.5367,0.0701,0.0018,151.2354,0.0218,756.2002,0.0194,0.0102,0.03387684146396963,0.0225,72.5164,2.0084,0.0278,0.5173,0.0966,4.4488,26.9444,34.2316,54.6733,0.0192,2.9871,0.0452,2.6719,0.0543,0.0162,328.9978,309.3535,5823.189049999999,8318.5565,0.0945,0.09505000000000002,0.0966,1.4298,0.0592,0.1826,0.3862,0.0545,0.0497,5.959,0.1438,7.9296,0.0315,2.0907,4.3687,19.1513,0.0837,1.5187,1.9441,7.9002,4.2848,0.0186,0.0264,0.0221,0.0376,0.0123,0.0234,0.0462,0.05,1.6078,0.0232,0.0006,47.0755,0.0069,276.3004,0.00860012924236572,0.0089,26.0536,0.6426,0.0118,0.1727,0.0309,4.7702,1.4763,4.4371,2.7778,5.9832,2.8476,43.4542,7.8172,10.0416,163.5266,3.7715,0.6766,1.4325,3.2984,0.0,446.6831,18.1344,10.417850000000001,3.0387,5.5927,59.6685,102.123,17.969,1.1623,1.4639,1.0832,0.1828,4.7837,5.3511,3.5344,7.5033,4.1844,2.1633,32.3429,5.4373,2.5898,9.0164,91.5414,3.5069,11.0447,10.2807,0.0,91.9682,0.0,224.4546,134.057,408.0508,0.0,63.7927,1.337,2.8968,0.1787,8.2036,11.5542,0.0,22.4168,0.0,7.268438045243799,2.3808,8.8766,0.0488,3.3888,8.169,4.0443,11.1426,74.972,12.14,0.72,5.5393,0.2926,93.4678,2.9754,0.9604,0.1275,0.0318,13.1291,4.98,0.0877,2.0902,0.0382,1.8844,15.4662,528.7673,1.9809,6.95,0.2234,2.229,0.0615,1.3144,11.28,0.0173,3.4462,0.0169,0.0236,139.6209
-1.0,3046.14,2231.9555,1.2758,96.8789,1.4511,-0.0017,0.003,202.8572,6.5991,398.5866,0.9753,192.9693,12.5861,1.3972,-4707.25,-523.75,1.2675,1.9965,7.1858,72.1222,2.7333,0.2186,85.2836,8.8331,64.3688,66.0106,87.0785,75.34,3.396,354.17,143.2973,738.7522,0.8525,131.7045,629.1718,110.4732,4.61,4.837,2853.0,0.9284,-5.6945,355.0918,10.4716,117.6027,11.3988,25.6945,30.9967,707.7555,146.5136,619.2082,101.7657,-0.0383,-0.0436,0.0229,-0.0197,-0.0276,-0.01,0.0059,7.3996,0.1242,0.9662,1876.3532,0.2029,8365.1,0.0429,0.0102,-0.0063,0.0911,0.4575699949530806,0.9398,706.5466,0.9912,57.909,0.6011,0.9612,6.3677,15.74,2.788,15.79,15.69,0.9649,0.4466,3.114,-1.939,0.8568,2.292,996.0538,87.0,163.9,75.5,58.2,333.4561,0.6427,0.0999,0.0318,0.0584,0.012,11.0128,2.459,19.764,0.008,0.2,0.0178,859.0,1724.0,0.066,0.039,0.248,2.8,0.3,0.7982,0.26130000000000003,0.6623,0.3935,0.8184,0.629,0.0601,6.93,17.19,27.92,0.32,21.43,12.25,35.86,48.191,0.069,0.0674,0.0491,0.0661,0.0338,0.0683,0.15199999999999997,0.0495,4.507,0.071,0.0087,90.6793,0.0457,1241.8003,0.0121,0.0135,0.04433864381608632,0.0223,112.1035,2.6444,0.0341,0.2765,0.0692,3.3014,26.3811,56.2249,29.25,0.189,1.6708,0.033,0.7977,0.0578,0.0063,363.4642,63.8664,1486.7729,743.717,0.0275,0.0174,0.1067,0.8197,0.0405,0.0999,0.3019,0.0985,0.1418,5.1178,0.1993,7.7507,0.0186,2.1193,5.5512,9.2263,0.1104,3.6057,4.2071,11.3965,14.6937,0.0179,0.0288,0.0237,0.032,0.0122,0.0299,0.0742,0.026,1.7361,0.0255,0.0027,29.774,0.0164,415.0055,0.013535807632559337,0.0079,38.9099,0.7282,0.0114,0.0819,0.022,7.6188,0.8782,3.8969,5.3806,3.0498,2.6076,17.1615,50.3778,6.8845,37.2627,4.9585,0.8175,1.5891,1.2754,67.6403,329.1647,5.2071,1.9534,3.4513,3.8823,54.878,53.9908,8.8898,0.9359,2.9167,1.0289,0.2679,4.3962,4.9059,3.2934,7.0484,5.2618,2.7322,25.2731,5.248,3.0559,9.0134,188.0023,5.0667,7.5386,47.3548,180.3332,110.9465,288.9617,171.9008,247.2398,0.0,838.9831,60.9083,1.6102,2.9835,0.8995,4.8327,22.5242,0.0,23.8683,0.0,12.271487960087661,2.3753,15.8664,0.0538,4.5664,4.3418,3.0185,9.0633,73.5,15.91,1.0,7.1614,0.3767,21.344,3.979,1.3605,0.5038,0.1171,50.4835,4.98,0.0877,2.0902,0.0382,1.8844,15.4662,524.2318,2.0104,15.390000000000002,0.6164999999999999,5.3345,0.18730000000000002,2.8874999999999993,28.50255,0.0132,2.657,0.0154,0.0123,79.9402
-1.0,2983.56,2206.1444,2.0607,95.9511,1.4808,-0.006,-0.0033,201.4764,7.1726,412.7593,0.9741,191.8878,12.5484,1.4259,-4208.0,1228.25,1.0082,1.8742,5.1715,64.9778,2.9444,0.1949,86.6785,9.0121,64.0904,66.94045000000003,86.6797,79.05,3.395,358.3982,125.6118,722.6729,1.4118,141.7527,625.7627,210.4763,4.571,4.831,2871.0,0.9255,1.5927,356.0991,10.7404,107.2045,17.5891,18.4073,25.6928,696.9801,144.87,608.1736,95.7117,0.0195,-0.0076,0.0106,0.0035,-0.0552,-0.0079,-0.0158,7.5711,0.1335,0.9905,1856.592,0.201,8658.22,0.0851,-0.0419,-0.0999,0.062,0.4458276878349098,0.9343,765.4487,0.9909,58.6217,0.5961,0.9641,6.1649,15.83,2.765,15.86,15.73,1.319,0.4591,3.233,-2.505,0.7932,2.4196,1008.7122,140.0,202.4,186.5,51.3,231.8831,0.4256,0.0855,0.0385,0.0437,0.0109,3.6241,2.972,14.348,0.0093,0.24,0.041,314.0,316.0,0.065,0.047,0.193,2.4,0.099,0.7555,0.1141,0.6073,0.3622,0.6522,0.281,0.0859,3.48,19.48,61.903,0.39,18.84,4.95,27.133,58.881,0.16345,0.0463,0.03,0.0579,0.0582,0.0251,0.0903,0.0341,2.4721,0.0781,0.001,102.2937,0.0226,168.7998,0.0135,0.0258,0.0451769508421106,0.0069,22.2269,3.1153,0.0241,0.2932,0.1064,3.6151,36.7818,60.1057,54.6549,0.1449,1.5889,0.028,1.0911,0.0599,0.0133,129.9949,93.6033,1044.8668,148.3563,0.0302,0.0197,0.0839,0.8511,0.0379,0.0327,0.2843,0.0449,0.1165,6.1268,0.1156,7.8875,0.025,1.229,6.0687,18.2234,0.1039,1.5143,2.2017,9.2171,20.3402,0.045450000000000004,0.02,0.0136,0.0248,0.0155,0.0106,0.0504,0.0174,0.737,0.0255,0.0004,40.4612,0.0081,60.9882,0.011998574694196882,0.0025,8.6896,0.9391,0.0095,0.1096,0.0379,4.8813,1.2858,6.4646,6.7838,7.1848,2.3253,12.354,20.6523,5.7741,41.4352,3.4761,0.9524,1.9126,2.8753,60.5038,25.7277,6.4468,2.5077,3.732,3.6936,40.7547,55.9293,2.1158,0.8716,1.2662,0.9476,0.1852,6.0017,5.3339,3.3145,6.0855,2.455,3.113,29.4109,6.0558,3.6312,5.3543,107.1119,3.8929,11.865,61.5191,0.0,86.7447,543.662,0.0,45.471,0.0,216.5079,32.652,1.6479,3.2047,0.104,5.5098,11.2409,0.0,95.3413,675.5556,10.885151708942084,0.7341,2.9038,0.0666,5.3142,4.7553,4.3958,8.8617,79.68,13.02,1.82,5.3499,0.7408,38.4881,3.2369,2.2841,0.2111,0.0478,21.9576,3.88,0.1234,1.4565,0.0508,1.4975,20.1411,532.5954,2.1606,10.59,0.3212,3.4596,0.0944,1.9884,14.8682,0.016,3.1863,0.0154,0.0123,79.9402
-1.0,3052.22,2219.7667,1.3381,98.89,1.3088,0.0105,-0.0059,197.3422,10.9365,412.3116,0.9814,187.7844,12.5786,1.4128,-1739.5,-112.75,1.3117,1.9992,7.2533,69.5111,2.5444,0.1923,84.7646,8.5862,64.3404,66.2443,86.5384,80.26,2.817,350.4709,137.2627,728.9452,1.2932,140.5118,628.2455,183.563,4.563,4.804,2853.0,0.9298,-2.5345,350.4509,10.4944,114.7282,13.4082,22.5345,29.8877,699.0575,149.6582,614.8373,94.3542,0.0069,0.07,0.0165,-0.0203,-0.0127,0.0072,-0.0092,7.4147,0.1336,0.9679,1888.9048,0.2242,8884.0,0.0314,-0.0195,-0.0147,0.0027,0.4593524325305204,0.9707,705.8567,0.991,58.3434,0.6069,0.9793,6.1913,15.79,2.632,15.83,15.71,1.361,0.4583,3.46,-2.08,0.8405,2.4167,1007.63,118.0,187.4,227.3,58.0999,582.4641,0.2867,0.109,0.0559,0.0503,0.0047,7.668,14.607,8.97,0.0053,0.3,0.0467,912.0,923.0,0.135,0.107,0.051,1.4,0.26,0.791,0.0427,0.5513,0.3387,0.97,0.465,0.2031,3.98,21.03,44.467,0.609,21.53,9.25,29.221,44.243,0.0636,0.0646,0.0732,0.0552,0.0424,0.1078,0.0889,0.0542,3.9331,0.0966,0.0063,129.2991,0.1097,703.0996,0.0134,0.014,0.061430022765768505,0.0086,104.6851,0.8792,0.0318,0.3546,0.1041,4.0856,31.1522,72.2112,74.7861,0.0926,2.4714,0.0442,4.0886,0.074,0.019,436.6066,236.1031,3464.4929,380.4325,0.0571,0.0448,0.0236,0.4859,0.0433,0.089,0.2804,0.018,0.0738,5.0342,0.1314,9.0279,0.0501,1.3541,6.4817,16.1528,0.173,2.5893,2.7407,9.6919,15.9899,0.0163,0.0298,0.0312,0.0292,0.0117,0.0446,0.0448,0.025,1.1801,0.0314,0.0019,37.5648,0.0374,195.8222,0.013383791244847667,0.0025,26.5481,0.3535,0.0102,0.1094,0.0385,2.5955,1.3192,5.1584,6.1398,9.1048,2.6174,27.9162,21.4288,8.3285,133.5625,2.1755,0.5368,2.385,3.3055,298.58439999999996,818.6253,10.2916,5.352,0.7031,2.0141,58.952,62.3917,7.6933,0.9332,0.4971,0.8568,0.3795,4.2571,10.8624,4.0006,15.7079,2.8325,3.3474,24.2244,6.897,5.8031,17.537999999999997,160.573,4.1801,20.2001,46.8903,927.6208,145.3318,333.5347,208.8027,847.1513,0.0,587.5339,53.0453,1.7961,4.1444,0.6527,6.8452,48.9511,373.9566,47.7495,0.0,11.908069071560659,0.889,14.8309,0.0852,1.507,5.7272,4.3091,10.7007,73.5,15.91,1.0,7.1614,0.3767,21.344,3.979,1.3605,0.419,0.1063,39.9476,10.19,0.0669,4.3426,0.0277,4.0457,11.7021,531.4064,2.0135,9.96,0.3006,3.5767,0.1047,1.8743,14.9298,0.0118,2.3625,0.0154,0.0123,79.9402
-1.0,3059.62,2266.8333,1.6558,94.8489,1.4303,0.0048,-0.004,200.8165,8.0925,401.6148,0.9699,191.6096,12.5167,1.4277,-3662.0,-2776.0,1.2965,2.0157,7.373,68.2,1.9667,0.179,85.9512,8.6799,64.2459,66.3052,86.3671,63.93999999999998,4.938,348.7755,134.1409,723.4435,0.9844,138.6482,621.5645,102.4157,4.556,4.847,2841.0,0.9316,-0.5955,351.5227,10.3992,113.5455,8.4834,20.5955,24.8245,698.6191,150.3464,615.4145,98.9831,0.0177,-0.0238,0.0353,-0.0117,-0.0448,-0.0161,0.003,7.8634,0.1355,0.9898,1728.7168,0.2026,8605.6,0.0128,-0.1004,0.0581,-0.005,0.45820767310987476,0.9542,714.4913,0.9913,57.3529,0.6094,0.9636,6.303,15.71,2.964,15.71,15.68,0.9413,0.5104,3.158,-2.458,0.8036,2.2954,991.3567,153.0,163.2,122.8,53.3,301.7601,0.7444,0.1159,0.0595,0.0627,0.0142,3.571,5.692,26.932000000000002,0.0126,0.4,0.0188,412.0,583.0,0.086,0.026,0.075,1.4,0.417,0.5097,0.1758,0.4648,0.2776,0.8607,0.152,0.0934,5.4,14.24,20.79,0.168,15.07,7.7,28.487,73.739,0.0575,0.066,0.0323,0.0585,0.0523,0.0471,0.0931,0.0514,2.7579,0.0914,0.0018,64.1803,0.0362,594.2002,0.0164,0.0129,0.06939886870470419,0.026,74.2322,1.6622,0.0327,0.2422,0.0686,3.7145,36.1261,62.1292,37.7142,0.263,1.4193,0.0393,1.6454,0.1166,0.0056,173.8294,91.3724,1260.9827,301.5178,0.0402,0.0114,0.0352,0.4387,0.0462,0.1396,0.1858,0.0771,0.0834,4.8271,0.0484,6.7734,0.0264,1.8735,5.0527,6.9063,0.0484,2.2387,3.3766,9.2361,21.4053,0.0137,0.0271,0.016,0.0265,0.0148,0.0225,0.0453,0.0239,0.8445,0.0275,0.0005,18.2449,0.0103,157.2453,0.009898246515128668,0.0078,19.7544,0.5478,0.0095,0.0985,0.0252,6.714,1.3169,6.8953,5.334,5.1678,2.3513,14.7908,44.953,8.1031,70.3371,6.508749999999999,1.3016,3.1957,1.3147,78.8094,21.0014,6.6332,1.2898,1.0172,2.0528,71.1864,79.3296,12.117,0.593,2.0256,0.7235,0.2686,4.318,6.2099,3.0387,9.4843,3.8947,2.291,20.2996,5.3999,1.6155,5.1345,177.6412,4.0776,13.2567,74.4966,325.0883,191.7211,165.8398,447.7261,105.1926,579.1602,0.0,35.0719,1.4755,3.83,0.1792,3.7126,17.8877,0.0,37.0766,288.8889,12.812742509424078,2.729,10.3895,0.0524,2.8982,3.8423,2.9906,9.2743,74.212,20.12,1.6,9.5392,0.5744,51.6765,5.1219,2.156,0.1378,0.0355,13.9153,4.98,0.0877,2.0902,0.0382,1.8844,15.4662,530.2409,1.9614,11.54,0.2936,3.8239,0.084,2.1764,14.9692,0.0105,2.0848,0.0154,0.0123,79.9402
-1.0,3002.82,2269.2556,1.1215,91.64,1.4048,0.0266,0.0006,202.9385,5.2735,406.0695,0.9791,192.8024,12.5833,1.3985,-3634.5,2425.3333,1.3105,2.0077,7.3228,72.4889,1.8333,0.1534,85.04,8.8097,64.1009,66.5094,86.7776,80.46,2.71,365.4155,138.6236,747.8874,0.9585,138.9555,642.9945,121.2957,4.591,4.855,2881.0,0.9192,-4.7818,364.7909,10.7426,113.8418,17.3681,24.7818,29.9163,717.9711,146.9936,625.6264,110.3075,0.0277,-0.0059,0.066,-0.0166,-0.0141,-0.0144,0.0657,7.7077,0.1318,0.9661,1818.7974,0.1616,10084.500049999999,-0.037,-0.027,0.0278,-0.0004,0.4617,0.9433,889.5813,0.9893,59.4528,0.5906,0.9796,6.4625,15.85,3.517,15.86,15.69,1.617,0.6282,3.474,-2.317,0.825,2.4172,1007.6922,144.0,55.4,67.9,62.2,689.1609,0.2192,0.1197,0.0464,0.052,0.0102,9.0777,6.715,13.326,0.0067,0.27,0.0563,151.0,8401.0,0.134,0.07,0.09,4.5,0.502,0.7769,0.1312,0.6313,0.3188,1.0223,0.773,0.138,10.95,12.52,30.223,0.484,15.67,4.42,20.745,12.332,0.0859,0.0454,0.0861,0.0683,0.0684,0.0794,0.0536,0.1389,1.967,0.0748,0.0082,156.765,0.0664,1059.0,0.0105,0.0159,0.0267,0.0082,115.0192,3.546,0.0291,0.3928,0.1061,2.6568,36.6213,19.3191,23.7162,0.0832,2.0791,0.0373,2.0061,0.0558,0.0236,66.8256,168.6653,737.3658,4434.5803,0.0611,0.0321,0.0417,1.2771,0.0586,0.1714,0.399,0.0526,0.1199,8.694,0.3007,5.2279,0.0411,3.0756,4.4711,7.37,0.1412,1.4276,1.8761,5.7661,3.9231,0.0225,0.0222,0.038,0.0282,0.017,0.0421,0.0254,0.0568,0.7362,0.0242,0.0023,51.6988,0.0229,358.5953,0.0065,0.0024,39.3012,1.0656,0.0103,0.1221,0.0354,4.5748,0.8158,6.5916,1.8449,2.7709,2.741,34.059,19.5433,8.5209,127.3337,3.2817,0.6878,2.1457,4.0286,44.7379,346.3854,10.2251,3.4865,1.229,6.2078,109.0909,111.441,15.0977,0.9136,1.4895,0.9849,0.1991,6.6007,9.7242,2.7231,14.3976,7.8802,1.9471,24.9168,2.1339,4.5054,8.5294,90.2226,2.8894,14.9184,11.1797,310.5287,410.8597,103.4065,411.7381,562.1239,372.8696,211.4155,25.5203,2.96,3.2407,0.8465,8.6192,41.0536,0.0,44.0529,0.0,5.7892,0.8709,12.8746,0.0938,5.9644,6.0789,4.3905,7.097,81.702,11.58,1.61,5.0163,0.6806,74.2797,2.8687,1.9706,0.6543,0.1406,64.0311,4.98,0.0877,2.0902,0.0382,1.8844,15.4662,531.4591,1.9611,9.66,0.2474,3.2073,0.0799,1.8176,12.6151,0.0153,3.0847,0.0088,0.0179,202.5901
-1.0,3038.68,2182.6222,0.8975,104.6689,1.4782,0.0069,0.0024,198.7175,6.1422,401.8107,0.9706,188.8967,12.4845,1.3983,-1943.5,-1545.75,1.3087,2.0157,7.3803,77.0889,2.0778,0.1716,85.4772,8.324,64.4464,66.0411,86.8486,81.77,2.94,346.1364,131.3191,716.9913,1.3754,147.0736,624.5291,152.8469,4.567,4.808,2835.0,0.9317,1.63,362.3791,10.7785,112.9491,1.6591,18.37,9.941949999999995,714.258,150.36,625.6882,102.9529,0.0405,-0.0367,0.0015,0.0081,-0.0187,-0.0237,0.014,8.5477,0.1369,0.9871,1835.0062,0.2003,9673.7,0.0426,0.0316,-0.0362,0.0434,0.4217006157501573,0.9341,854.6818,0.99,57.9062,0.5926,0.9711,6.263,15.87,3.247,15.9,15.83,1.352,0.5304,3.283,-2.458,0.8454,2.4201,1012.3378,159.0,162.5,123.7,48.3999,681.577,0.3895,0.0896,0.0811,0.0532,0.0196,9.1907,2.424,7.985,0.0139,0.44,0.0319,1018.0,3486.0,0.236,0.081,0.237,3.0,0.621,0.6709,0.0483,0.6247,0.3688,0.6958,0.256,0.2452,6.12,15.28,93.089,0.36,3.56,12.64,17.968,18.371,0.1095,0.0473,0.0379,0.0509,0.1171,0.0251,0.1073,0.0765,3.1877,0.0718,0.0026,100.2379,0.0502,866.9004,0.0158,0.0088,0.0,0.0153,83.7654,3.1957,0.0506,0.2869,0.1053,5.7346,33.5895,51.4289,45.6009,0.1138,1.7544,0.029,0.8637,0.1405,0.0116,446.8612,195.8256,4188.135,1645.9181,0.1065,0.0422,0.1022,0.9892,0.0259,0.2084,0.2598,0.0199,0.086,5.3254,0.0824,9.219,0.067,2.0426,4.5049,30.4509,0.1104,3.5027,3.8032,5.3267,6.4239,0.0274,0.0236,0.0163,0.0222,0.0324,0.0119,0.054,0.0416,1.1104,0.0252,0.0008,35.724,0.0148,243.1767,0.0,0.0047,26.8593,0.8986,0.0198,0.0985,0.0362,7.2636,1.7811,7.2585,5.3477,4.9242,2.2175,56.3515,43.3956,6.0614,39.4648,1.9873,1.4331,3.5244,2.2834,298.58439999999996,225.5216,18.0325,4.0184,3.2113,3.8916,48.1283,39.6373,18.8952,0.7849,0.5806,0.9693,0.2112,5.0558,14.5295,4.3387,17.8271,4.1612,2.4466,60.9034,7.8805,3.34,8.1187,214.5721,2.5156,9.5239,17.8441,270.0786,61.6487,0.0,0.0,134.2246,452.2655,548.3871,37.2933,1.3876,3.0238,0.2592,5.4625,25.0412,0.0,27.2228,0.0,0.0,1.6409,9.8008,0.087,5.5187,4.5808,4.3515,14.549,71.858,18.08,1.14,8.5917,0.4604,41.5969,4.4534,1.5865,0.3189,0.07,33.0128,4.98,0.0877,2.0902,0.0382,1.8844,15.4662,529.9445,1.974,7.91,0.2824,2.6691,0.094,1.4926,14.3055,0.0153,3.0606,0.0192,0.0388,255.5817
-1.0,2935.99,2276.4556,1.2317,93.6778,1.404,-0.0025,-0.0007,200.8189,6.5924,421.6425,0.9736,191.1098,12.5167,1.4037,-3983.25,-377.25,1.2825,1.9522,7.1942,67.0889,2.7222,0.2127,85.7712,8.7383,64.2652,66.2908,86.3854,63.93999999999998,4.597,351.7209,142.92,736.3059,1.295,135.5118,630.1527,191.2152,4.601,4.865,2840.0,0.9315,-0.4109,348.9391,10.2918,122.5091,14.3082,20.4109,26.3835,709.9225,144.3964,615.8445,87.7784,-0.0101,-0.0398,0.007,-0.0098,-0.0106,-0.0227,-0.0225,7.6564,0.1349,0.9905,1797.1417,0.2136,9443.2799,0.0242,-0.0512,0.0527,0.0796,0.4682145807821081,0.9521,823.095,0.9894,57.6074,0.6028,0.9805,6.3591,15.73,2.941,15.75,15.69,0.9649,0.5033,3.154,-2.9329,0.8238,2.2563,998.2901,117.0,163.8,130.0,54.8999,340.7711,0.4235,0.1468,0.0704,0.037,0.0176,8.8558,8.697,15.555,0.0123,0.4,0.0578,396.0,2489.0,0.177,0.061,0.04,1.9,0.516,0.8737,0.0805,0.3926,0.1578,0.8262,0.529,0.0619,8.98,15.18,47.988,0.273,23.98,6.97,29.123,18.631,0.1333,0.10470000000000002,0.0367,0.0864,0.0573,0.0754,0.0715,0.0837,3.2811,0.0748,0.0008,81.5529,0.0754,652.2002,0.0119,0.0117,0.05329333027261768,0.0166,72.6336,7.013000000000001,0.0113,0.2608,0.0621,1.7353,30.7069,49.7911,42.0593,0.1197,1.8239,0.0512,2.3922,0.1166,0.0215,177.5866,99.4899,1069.0018,1062.8579,0.0725,0.0264,0.0172,0.6489,0.0525,0.1559,0.315,0.0349,0.0755,6.8109,0.1873,7.5748,0.0177,3.0475,5.0026,13.2696,0.0808,2.0503,2.8272,9.3902,5.2604,0.0393,0.0455,0.0181,0.0406,0.0161,0.0324,0.037,0.0346,1.0477,0.0235,0.0003,24.268,0.0233,210.8884,0.008238283130728961,0.005,21.1766,2.1109999999999998,0.0042,0.0869,0.0214,5.3629,0.5492,5.2144,5.579,5.0435,2.4116,15.8606,34.3856,10.4561,131.9254,3.6891,1.2587,3.1957,4.1191,61.4825,659.7747,13.8012,3.1246,0.556,2.8321,44.0816,64.8903,14.9715,1.0186,0.9215,0.6109,0.4098,6.0417,4.3871,3.2856,4.7808,6.6267,2.4089,25.0963,5.2799,2.6526,5.6975,167.597,4.1023,11.2648,21.225,0.0,133.1718,0.0,585.8147,713.0024,314.6315,372.8285,42.8549,1.4829,3.0417,0.0768,4.5379,35.3133,0.0,44.2831,640.0,11.827597074684874,1.7456,8.8244,0.25379999999999997,11.90745,4.1009,2.7503,4.1294,72.114,14.67,0.91,6.0359,0.3717,46.1777,3.6252,1.2619,0.2986,0.0532,30.1541,7.78,0.2589,3.2936,0.0938,2.828,38.05341532073962,529.02,1.9969,9.82,0.3666,2.9343,0.1011,1.8563,18.3584,0.0188,3.7816,0.0247,0.0087,35.3988
-1.0,3030.88,2211.4334,1.1351,86.7956,1.4233,-0.0049,0.0021,200.7919,4.7196,379.7876000000001,0.9753,196.3223,12.5488,1.4345,-3883.0,1609.6667,1.2992,1.987,7.3115,71.6,0.9666999999999999,0.1102,87.1083,8.7779,64.4107,66.3369,86.797,77.83,3.396,352.4991,143.0427,738.7985,1.2842,139.5273,635.0691,217.3887,4.59,4.83,2855.0,0.9314,-2.9573,352.1355,10.3367,120.0855,14.87,22.9573,30.1688,708.6296,147.9782,620.1991,155.0317,-0.0116,-0.0348,0.0613,-0.0036,-0.0367,-0.0214,0.0236,7.0652,0.127,0.9882,1838.8758,0.2003,8871.3899,-0.0379,-0.0205,0.0035,0.0882,0.4540106186444537,0.9413,784.527,0.9867000000000001,58.1559,0.5992,0.9579,6.3494,15.67,3.454,15.67,15.57,0.9649,0.5349,2.967,-2.08,0.7859,2.3075,989.8022,113.0,75.5,165.8,41.2,320.788,0.3033,0.1339,0.0442,0.0389,0.0133,7.9709,3.61,10.428,0.0121,0.21,0.0939,302.0,15082.0,0.156,0.117,0.037,5.4,0.482,0.4059,0.1865,0.5538,0.1701,0.6053,0.8,0.1359,6.35,18.8,75.544,0.746,21.09,4.66,33.731,149.577,0.0746,0.0537,0.0263,0.0256,0.0525,0.099,0.1153,0.0436,3.846,0.0943,0.0015,144.6616,0.0634,827.0,0.017,0.0211,0.031733492072185954,0.0255,88.6069,3.9578,0.0263,0.3077,0.1013,4.7212,29.0785,23.4982,50.647,0.0916,1.3485,0.0566,1.1225,0.0523,0.0335,129.4176,562.8794,742.2152,8599.4442,0.0713,0.0538,0.0197,1.7003,0.0855,0.1639,0.1495,0.0738,0.0543,5.7176,0.1922,9.8162,0.0477,1.8646,5.9596,21.9183,0.1954,1.4808,2.0864,10.83,48.2774,0.0206,0.024,0.0125,0.0114,0.0139,0.051,0.0551,0.0207,1.267,0.0305,0.0005,45.7862,0.0175,291.4269,0.013471329792683867,0.0097,28.1477,1.2493,0.0086,0.0997,0.0344,8.6549,1.5421,5.1738,2.491,6.9129,1.863,15.0535,26.7162,9.4077,76.4889,3.1273,1.2404,1.6735,6.5438,42.3899,878.8110999999999,12.0069,5.8883,0.5061,7.862050000000002,0.0,159.51774999999998,13.6098,0.466,2.1246,0.8598,0.6795,5.3447,8.3052,4.2284,10.5799,4.5511,2.9603,34.7506,6.4177,7.217,11.3419,141.8291,4.76,16.1073,96.4815,640.6871,618.59025,41.7448,0.0,269.3878,540.0468,184.7458,54.4356,1.4957,3.9904,0.1474,7.8669,31.6538,213.8062,26.3104,0.0,9.810219657915152,2.7068,11.2943,0.25379999999999997,6.8055,4.8467,4.3917,12.1701,72.672,19.17,1.09,8.4914,0.3982,45.838,4.7986,1.4999,0.4087,0.0973,41.1198,9.09,0.1315,3.8572,0.0524,3.4686,21.0798,523.3110000000001,2.2656,15.390000000000002,0.6164999999999999,5.3345,0.18730000000000002,2.8874999999999993,28.50255,0.0134,2.6898,0.0247,0.0087,35.3988
-1.0,3033.32,2221.9778,1.2596,86.17,1.4078,0.0052,0.0004,203.7685,5.4211,418.3875,0.9706,193.6943,12.5169,1.401,-3610.75,-1492.25,1.2865,2.0202,7.2875,75.9556,1.6667,0.1332,84.7951,8.9818,63.9313,66.3426,86.7637,63.93999999999998,5.041,348.11,137.8782,727.0233,0.9548,135.9164,621.9045,112.4264,4.607,4.833,2838.0,0.9334,-0.2136,349.1136,10.4488,117.6645,9.5081,20.2136,23.3595,703.6637,145.6182,612.3964,97.5195,-0.0003,0.0083,0.0277,0.0077,-0.0227,-0.0136,-0.0608,7.0563,0.1413,0.9854,1649.1486,0.1698,9404.0599,-0.23135,-0.1051,-0.0566,-0.24175000000000002,0.47448001405287055,0.9283,790.996,0.9887,58.7171,0.5944,0.9605,6.3057,15.73,3.865,15.79,15.71,0.8798,0.7124,3.7820000000000005,-2.08,0.7651,2.2749,1007.2276,78.0,264.0,244.9,53.1001,653.718,0.2818,0.0782,0.072,0.0432,0.0247,11.0385,5.084,14.23,0.0152,0.18,0.032,1076.0,11335.0,0.126,0.139,0.333,2.6,0.518,0.8648,0.1595,0.5322,0.3596,1.0318,0.59,0.0814,5.17,18.84,12.478,0.319,12.98,5.22,26.749,14.505,0.0821,0.0789,0.0667,0.1052,0.1009,0.0546,0.1193,0.16615,4.347,0.1109,0.0029,135.6848,0.0323,2176.4004,0.0369,0.0189,0.04058729089790075,0.0326,199.3289,1.5899,0.0293,0.2187,0.0894,2.6161,22.7622,84.7497,86.1416,0.1006,1.9026,0.0269,1.6881,0.0514,0.011,480.6201,98.5,2539.71,5059.7821,0.0611,0.0616,0.1469,0.8308,0.028,0.1649,0.314,0.0657,0.1146,5.7408,0.1621,7.1971,0.0276,1.4225,5.6635,3.2598,0.078,1.6324,2.4157,8.7541,4.7699,0.0194,0.0379,0.0294,0.0474,0.0286,0.0232,0.0554,0.08248588237179322,1.3767,0.035,0.0011,49.0717,0.01,679.0259,0.013554333024902655,0.0105,68.0663,0.5647,0.0088,0.0698,0.0317,5.8442,0.8984,3.5955,8.7033,9.5582,2.3898,26.8519,22.3721,5.5548,93.7819,3.4011,1.5674,1.4381,2.2861,168.5245,759.5912,9.794,6.8803,4.5695,3.4231,84.0,64.5538,14.9466,1.0199,1.7762,0.8325,0.3699,6.2279,6.0851,3.2901,8.5246,3.8038,3.0294,11.0988,5.539,3.053,5.8046,136.5147,3.8014,6.7354,14.8739,0.0,112.3132,380.4702,0.0,241.0596,877.2059,553.2265,61.6047,3.1047,4.5051,0.2908,8.2276,18.9914,0.0,118.77044999999998,339.823,11.482179823274922,3.5066,25.1997,0.138,2.7077,3.4689,3.9301,7.1092,74.42,18.46,0.61,7.7515,0.2591,136.2403,4.5359,0.8197,0.5311,0.0968,55.6678,11.969999999999999,0.2197,4.532500000000001,0.087,4.638249999999999,33.5037,532.0064,1.9363,10.89,0.1874,3.9403,0.0554,2.047,9.6762,0.0148,2.9515,0.0472,0.0327,69.2994
-1.0,3180.23,2147.1111,1.355,103.2778,1.3813,0.0137,-0.0096,202.8322,8.7742,400.2952,0.9772,193.3683,12.5786,1.4273,-4222.25,-4012.75,1.2873,2.0105,7.3295,73.6222,1.9111,0.163,84.7951,8.9818,63.9313,66.3426,86.7637,63.93999999999998,5.041,350.2973,139.6773,731.535,0.9148,133.9191,623.8936,125.0642,4.606,4.878,2835.0,0.9322,-1.6045,353.5909,10.2105,118.0727,6.0447,21.6045,26.7568,704.7782,148.5355,620.1991,87.4039,-0.0313,-0.0358,0.0006,-0.0076,-0.0265,-0.0159,0.018,7.921,0.1185,0.9911,1871.6307,0.165,9029.8199,0.0775,0.0456,-0.0364,0.0437,0.43367018307605854,0.9476,776.1977,0.991,58.433,0.5983,0.9638,6.2448,15.81,3.474,15.85,15.7,1.191,0.543,3.321,-2.9329,0.809,2.3884,1008.8589,104.0,163.0,122.6,57.4001,423.297,0.0846,0.1232,0.0404,0.0833,0.0095,8.606,9.852,11.796,0.0073,0.3,0.032,890.0,7984.0,0.124,0.084,0.074,3.5,0.734,0.8648,0.1595,0.5322,0.3596,1.0318,0.358,0.0853,7.5,21.49,20.588,0.39,14.38,10.31,36.485,88.004,0.0714,0.0594,0.0327,0.0695,0.0586,0.0256,0.1006,0.0397,3.8704,0.0903,0.0009,105.9183,0.0233,665.2002,0.0106,0.0138,0.05618561347990389,0.0227,65.9438,1.8022,0.0211,0.2626,0.0966,4.4488,26.5691,52.852,43.828,0.0226,2.1625,0.0429,2.9042,0.074,0.0121,394.3366,149.0266,1202.103,3802.3696,0.0529,0.04,0.0322,1.0557,0.0362,0.2341,0.314,0.0657,0.1146,5.6734,0.1139,7.5809,0.023,2.2844,6.3136,6.5358,0.1199,2.9733,4.2464,10.8832,25.1535,0.0155,0.0259,0.0142,0.0311,0.0163,0.0117,0.0499,0.0173,1.1237,0.0285,0.0003,32.4352,0.0079,217.8685,0.013639699712435477,0.007,21.9476,0.597,0.0075,0.0842,0.0309,4.7702,1.4763,4.8396,5.1254,4.8705,2.6734,39.1262,6.2417,8.9189,112.284,2.9468,0.7438,2.385,2.2455,63.0943,198.9658,9.6329,4.1781,1.0096,4.754,68.0233,74.8466,22.5184,1.0199,1.7762,0.8325,0.3699,5.1899,5.3266,3.3498,9.3212,5.6004,3.4445,16.4619,9.842500000000001,3.8196,7.2582,237.8939,5.1768,19.0501,100.6866,228.115,125.3826,0.0,771.6872,96.6038,632.7044,220.8623,48.8631,1.1818,3.7465,0.0935,5.6591,14.1039,0.0,35.604,0.0,12.347388123738448,2.4008,8.4958,0.0597,3.0842,4.2056,4.0443,11.1426,73.5,15.91,1.0,7.1614,0.3767,21.344,3.979,1.3605,0.2692,0.0595,26.4387,10.9,0.1667,4.2359,0.069,4.2797,29.946,531.4064,2.0135,9.96,0.3006,3.5767,0.1047,1.8743,14.9298,0.012,2.4101,0.0277,0.0047,16.9283
-1.0,3038.74,2222.0111,0.7647,105.2711,1.4796,0.0004,-0.0042,200.2911,8.3052,421.3147,0.9795,190.6137,12.5661,1.3969,-4287.75,-364.75,1.3133,1.9783,7.2435,69.3778,2.5222,0.2013,85.7712,8.7383,64.2652,66.2908,86.3854,63.93999999999998,4.597,350.2982,138.3745,729.5138,0.8442,140.57,629.2427,130.8304,4.588,4.841,2846.0,0.9314,-0.0236,353.7991,10.2716,118.3509,8.5647,20.0236,23.7345,705.7793,149.8045,621.9545,114.3425,0.0106,-0.0221,0.035,-0.0268,-0.0373,-0.0237,0.0095,7.2445,0.1313,0.9872,1814.5477,0.2026,8647.2301,0.0091,0.0,-0.0217,0.0434,0.4662412667396534,0.9571,745.2844,0.9909,58.1441,0.5983,0.9651,6.3065,15.83,2.765,15.86,15.73,1.319,0.4591,3.233,-2.505,0.7932,2.4196,1008.7122,99.0,180.4,170.8,73.0,340.6819,0.0778,0.0837,0.064,0.0541,0.0059,3.6631,4.884,13.816,0.0052,0.21,0.0675,816.0,1054.0,0.161,0.093,0.121,2.6,0.543,0.8737,0.0805,0.3926,0.1578,0.8262,0.443,0.0891,8.64,19.2,58.993,0.338,12.89,12.76,29.024,59.669,0.0749,0.0814,0.0639,0.0292,0.0815,0.0328,0.0796,0.0818,3.7534,0.0344,0.0016,100.6228,0.0293,1186.1006,0.0143,0.0147,0.05330292203025028,0.0247,112.3887,4.203,0.0427,0.2682,0.1064,3.6151,28.9688,60.3025,59.2809,0.0261,1.8265,0.0314,1.5972,0.0558,0.0259,366.9142,223.4681,1375.7232,436.0423,0.068,0.0435,0.0564,0.7032,0.0455,0.1595,0.315,0.0349,0.0755,6.1394,0.1287,7.0085,0.0277,2.4652,5.8418,18.8412,0.0969,3.7136,3.1978,9.1685,17.8086,0.0191,0.0349,0.0262,0.0131,0.0205,0.0153,0.0389,0.0389,1.4335,0.0112,0.0006,36.2189,0.0098,432.9467,0.011387264017092304,0.0081,42.8148,1.1814,0.0134,0.0862,0.0379,4.8813,1.2858,4.4417,5.9367,7.0206,3.2853,27.7091,10.1774,5.6568,58.8067,3.2793,0.5356,1.6712,4.8337,66.1186,288.965,12.2597,4.7011,1.6705,3.7476,47.5771,85.9272,15.3902,1.0186,0.9215,0.6109,0.4098,6.0377,10.5005,3.1847,10.56,6.1464,3.0513,45.0912,5.4552,3.2906,6.261,150.5016,4.1123,10.3096,52.1845,706.6038,119.2674,83.4882,304.4595,87.8768,336.5751,863.3245,51.8099,3.0457,1.4158,0.1661,5.5453,14.4857,0.0,27.1055,0.0,12.615972765976373,2.5762,15.08,0.0737,7.2286,4.2526,4.3958,8.8617,77.44,18.63,1.36,7.2265,0.5313,110.9685,4.5667,1.7562,0.1042,0.0297,10.8507,7.07,0.1244,2.8343,0.0494,2.774,21.7318,528.4045,1.9943,9.01,0.2454,2.9594,0.0796,1.7051,12.3064,0.0138,2.7407,0.0258,0.0117,45.3908
-1.0,3230.2,2276.4556,1.2317,93.6778,1.5456,-0.0285,-0.0166,202.7556,8.7356,406.7891,0.9724,193.3299,12.4951,1.3933,-3953.0,-525.5,1.3048,1.9783,7.1725,73.9667,2.0778,0.1652,85.2753,8.9154,63.6973,66.3741,86.8694,68.14953122918735,3.4314846550015474,351.1264,136.3745,726.4969,0.9044,134.82,622.3209,113.7755,4.556,4.847,2841.0,0.9316,-0.0882,350.3954,10.4605,116.2864,7.9142,20.0882,21.5248,704.9721,149.86,616.5418,171.74984999999998,-0.004,-0.044,-0.0007,-0.0262,-0.0236,-0.0185,0.0187,7.5579,0.136,0.992,1772.0181,0.1689,9076.1601,0.0515,0.0502,-0.0325,-0.1233,0.43883688736898685,0.9506,776.564,0.9911,58.316,0.6036,0.9623,6.2978,15.73,2.941,15.75,15.69,0.9649,0.5033,3.154,-2.9329,0.8238,2.2563,998.2901,106.0,281.9,110.2,54.8999,340.7711,0.4235,0.1328,0.0634,0.0453,0.0181,8.9128,5.158,16.643,0.0141,0.52,0.0371,786.0,2273.0,0.129,0.095,0.213,3.3,0.504,0.9144,0.0606,0.613,0.4035,1.0357,0.482,0.0901,7.93,18.01,17.987,0.191,13.41,8.27,31.305,61.195,0.0559,0.0447,0.0417,0.0588,0.0537,0.0344,0.0887,0.0603,5.6735,0.0341,0.0008,171.1862,0.0287,1006.5996,0.0252,0.0183,0.043343924713494825,0.0143,130.7615,1.7628,0.0471,0.2358,0.0621,1.7353,28.8477,80.6488,38.7588,0.1197,1.8239,0.0421,1.6424,0.125,0.0123,351.9577,71.7774,3213.4492,935.3746,0.0633,0.0437,0.1019,0.9695,0.0758,0.1803,0.3272,0.0227,0.1144,5.3034,0.1809,7.0624,0.0243,2.5503,5.6489,5.691,0.0681,2.6232,3.5309,9.9426,19.9009,0.0135,0.0186,0.0194,0.0244,0.015,0.0147,0.0458,0.0272,1.9432,0.01,0.0003,52.3736,0.0084,257.6776,0.012107919241184279,0.0041,33.7577,0.5474,0.0154,0.0728,0.0214,5.3629,0.5492,4.7179,8.727,4.4505,2.4116,15.8606,34.3856,8.5919,59.0455,4.0913,1.4493,4.1616,2.6641,198.5328,432.5404,9.887,4.8022,2.9697,4.4615,115.508,141.6274,15.2933,1.0723,0.6796,0.9624,0.288,5.1719,5.4849,3.1948,9.9577,5.8819,2.894,15.8092,5.3999,1.8259,6.57,169.4414,4.4406,10.6972,26.6617,0.0,42.673,0.0,205.3047,145.9173,480.7588,321.6,75.0663,2.2243,1.459,0.0769,9.6605,16.9938,0.0,18.6047,622.2222,11.953155813360855,1.5078,16.8385,0.0472,3.0229,3.7434,2.7503,4.1294,74.978,19.17,0.93,8.3763,0.3779,75.5895,4.6595,1.2404,0.1275,0.0318,13.1291,11.969999999999999,0.1557,4.532500000000001,0.0611,4.638249999999999,24.6444,531.4591,1.9611,9.66,0.2474,3.2073,0.0799,1.8176,12.6151,0.0142,2.8289,0.0258,0.0117,45.3908
-1.0,3041.09,2193.3555,1.2169,104.4778,1.4854,0.0173,-0.0095,197.9173,6.3978,403.1928,0.9756,188.2824,12.4912,1.4067,-3780.5,-1148.0,1.2968,1.9895,7.2603,72.9556,2.2556,0.1763,85.3871,8.942,63.8194,66.2825,86.8846,79.9,3.233,351.15,139.5136,731.4645,0.8726,134.8318,625.4955,93.3683,4.588,4.841,2846.0,0.9314,-0.5973,352.6627,10.2646,118.9164,5.3865,20.5973,26.2811,705.1834,149.6327,621.2118,121.8973,0.0161,-0.0071,0.0034,-0.0183,-0.033,-0.0112,0.0392,7.8138,0.1401,0.9906,1769.0741,0.2115,9155.5301,-0.0037,0.0093,0.038,0.0526,0.4661,0.9416,788.4365,0.9911,57.958,0.599,0.98,6.2414,15.71,2.964,15.71,15.68,0.9413,0.5104,3.158,-2.458,0.8036,2.2954,991.3567,145.0,226.0,159.4,63.7998,324.638,0.1674,0.0796,0.11930000000000002,0.0999,0.0152,7.6202,4.674,16.268,0.0098,0.31,0.0317,1101.0,1778.0,0.034,0.031,0.207,3.6,0.688,0.7807,0.0722,0.6149,0.3441,0.9537,0.426,0.059,4.47,17.74,18.404,0.512,13.47,4.06,27.851,85.663,0.0911,0.0958,0.0297,0.0431,0.0513,0.0342,0.0871,0.0602,4.1507,0.0648,0.0009,100.8361,0.0915,771.7998,0.019,0.0227,0.0156,0.032,91.4167,1.6517,0.0129,0.3773,0.0686,3.7145,37.2613,74.3374,51.0698,0.0491,2.2873,0.0268,1.3993,0.0913,0.0128,486.1107,202.159,566.723,783.8108,0.0158,0.0142,0.1105,1.1652,0.0441,0.2193,0.3207,0.0277,0.1129,5.9205,0.1224,7.8655,0.0176,1.5431,5.5777,5.6997,0.1446,1.2607,1.9724,9.353,24.3333,0.0279,0.0396,0.0133,0.0184,0.0148,0.0158,0.0478,0.0315,1.3592,0.0179,0.0003,33.5305,0.0272,264.7373,0.0048,0.0109,28.9659,0.5548,0.0047,0.1173,0.0252,6.714,1.3169,6.3887,7.4315,6.0599,2.9088,29.8452,13.7591,5.359,73.0561,4.0348,1.0062,2.4817,2.2556,35.4715,154.878,2.6219,1.5582,2.8511,4.9345,84.2365,57.845,20.4356,0.9143,0.8079,0.9635,0.3085,5.2314,5.4403,3.5281,6.7571,3.3152,2.8362,19.7112,5.4552,4.988,6.9124,250.0699,3.9495,14.9983,70.2747,567.3803,183.0865,0.0,279.564,103.5579,775.9465,153.5714,53.1205,2.2996,2.634,0.0898,5.6999,43.269,901.2407,25.2492,0.0,3.3442,3.3949,11.5947,0.0983,2.8498,6.0452,2.9906,9.2743,80.804,15.57,1.78,6.4609,0.7614,136.0409,3.843,2.2029,0.1339,0.0362,13.6884,8.25,0.1935,2.9834,0.074,3.0575,30.6491,531.4064,2.0135,9.96,0.3006,3.5767,0.1047,1.8743,14.9298,0.0129,2.5666,0.0258,0.0117,45.3908
-1.0,3078.17,2260.7333,1.2109,91.3367,1.4022,0.0209,-0.0027,199.3171,12.6143,422.5564,0.981,189.6108,12.6037,1.4289,-2298.75,7084.9583,1.2822,1.974,7.4023,67.6889,1.4778,0.1384,86.9432,8.8105,64.0283,66.362,86.7128,80.84,3.59,363.5973,132.5409,730.5044,0.4967,136.6218,632.76,192.8608,4.582,4.832,2885.0,0.9224,-0.4682,361.1545,10.6624,112.0727,10.6973,20.4682,20.2022,710.3022,148.8355,622.0627,110.7649,0.0048,0.0528,0.0073,-0.0192,-0.012,0.017100000000000004,-0.0024,7.2592,0.1284,0.9891,1784.8978,0.1711,8856.4601,0.23,0.1479,-0.0587,-0.0282,0.42808911331321575,0.9476,620.2269,0.9892,59.7098,0.5968,0.9642,6.3166,15.87,2.865,15.89,15.77,1.465,0.4958,3.348,-2.647,0.8037,2.3867,1009.8822,119.0,166.3,121.4,58.5,857.5341,0.2844,0.1276,0.0617,0.0443,0.0068,7.5728,9.883,7.284,0.0053,0.39,0.025,610.0,0.0,0.157,0.125,0.204,2.2,0.767,0.4188,0.0759,0.606,0.3265,0.6916,1.022,0.1307,7.91,14.91,62.0,0.408,18.89,11.7,23.931,46.782,0.0554,0.0364,0.0208,0.049,0.0418,0.0919,0.0669,0.1556,2.7337,0.0977,0.0023,143.9138,0.0628,763.8994,0.023,0.0153,0.03920156271291883,0.0255,177.4775,2.6558,0.0226,0.2274,0.0993,3.3744,29.5241,56.0496,40.483,0.0906,2.0506,0.0391,2.7817,0.0827,0.0091,311.1435,322.4975,3108.5066,0.0,0.0726,0.0562,0.086,0.7097,0.0337,0.2116,0.1784,0.0292,0.103,7.5621,0.4041,4.5987,0.032,2.4779,4.7351,17.8907,0.1168,3.3036,4.2198,6.4095,13.091,0.0184,0.0153,0.0106,0.0252,0.0136,0.0455,0.0345,0.079,1.0805,0.0307,0.0007,43.0546,0.0188,212.1988,0.00859725475581633,0.0071,51.914,0.9262,0.0078,0.0682,0.0335,5.4061,0.9756,5.47,5.4026,4.9545,2.5877,43.5344,23.4878,9.1,78.3478,1.7238,0.5358,3.0943,1.7475,275.7151,0.0,12.2441,6.3323,2.7559,3.2502,87.9699,78.0096,21.7808,0.4817,0.8612,0.9465,0.3005,6.2047,11.7247,2.4309,25.522399999999998,5.7897,2.3563,32.1475,2.3165,3.8265,4.5685,176.5868,3.3691,13.9603,42.2354,0.0,618.59025,671.2329,217.6375,765.8333,251.7404,0.0,37.6589,2.4924,4.1387,0.2307,8.0629,36.7029,434.0426,36.6667,301.8868,6.260062619855081,2.6961,28.6149,0.1288,4.4479,3.6004,4.1586,8.9021,71.922,14.98,0.91,6.1597,0.3404,37.3691,3.7397,1.2653,0.6543,0.1406,64.0311,6.27,0.2017,2.5142,0.076,2.4983,22.2291,532.6327,2.1085,7.77,0.2588,2.7003,0.0793,1.4588,12.2751,0.0152,3.026,0.0272,0.0171,62.7655
-1.0,2995.26,2185.1,0.7821,105.8489,1.3608,0.025,-0.006,203.5678,7.7283,408.1332,0.9649,194.0093,12.4124,1.4077,-3807.5,7084.9583,1.2773,1.956,7.1082,71.4444,2.0,0.1539,84.361,8.8624,64.6702,66.2314,86.3364,81.74,2.673,351.0955,139.8818,733.1244,1.3311,141.1236,632.1009,186.0478,4.598,4.844,2847.0,0.9315,-4.7991,353.6618,10.2845,115.0827,15.3345,24.7991,31.3398,701.7846,148.0218,616.7664,107.1128,-0.0237,-0.0195,0.0091,0.0028,-0.0131,-0.0145,0.0269,8.0019,0.1355,0.9669,1858.9263,0.1941,10084.500049999999,0.0232,-0.0056,-0.0176,-0.0522,0.429509869117082,0.9352,860.8583,0.9915,58.5552,0.6203,0.9618,6.3683,15.74,2.788,15.79,15.69,0.9649,0.4466,3.114,-1.939,0.8568,2.292,996.0538,105.0,135.0,69.4,72.8,349.8301,0.0878,0.0861,0.0665,0.0818,0.0208,8.7587,5.836,14.226,0.0183,0.42,0.0361,253.0,2360.0,0.113,0.156,0.29,2.8,0.181,0.6458,0.1516,0.631,0.3272,0.8332,0.461,0.184,4.79,22.86,64.165,1.376,26.8,7.23,36.373,75.722,0.0523,0.0488,0.0338,0.0658,0.0522,0.0226,0.0834,0.1154,2.7196,0.0495,0.0086,134.8207,0.047,975.4004,0.0129,0.0119,0.028104613138086293,0.0231,92.4185,0.7673,0.0612,0.2583,0.0692,3.3014,29.2712,45.423,19.4667,0.0304,2.0229,0.0266,1.8667,0.1198,0.0144,107.1152,175.7562,4199.1088,1668.772,0.0493,0.0705,0.1274,0.8308,0.0442,0.0551,0.2424,0.062,0.1197,5.1986,0.1441,9.4862,0.0509,1.6022,6.6336,20.544,0.3928,2.5514,2.9148,11.3772,22.7168,0.0132,0.0259,0.0153,0.0293,0.0168,0.0103,0.0463,0.0523,0.8741,0.0159,0.0031,43.1675,0.0134,287.9735,0.010647087475728274,0.0071,27.0016,0.3345,0.0196,0.0882,0.022,7.6188,0.8782,4.8256,4.5071,2.8359,3.3317,29.127,11.2302,6.3269,75.5149,3.4856,1.8915,3.3837,2.5616,270.0197,27.2109,8.8471,7.9755,4.0798,3.9191,75.0,83.8267,5.5108,0.7655,1.711,0.9757,0.2198,4.916,9.3508,4.2187,13.8218,3.3942,3.6165,34.4884,6.241,13.3793,13.7119,174.769,5.1829,23.8481,70.6937,220.4426,60.3027,721.0959,0.0,172.1905,577.1626,428.598,33.987,1.4755,2.054,0.8859,7.2526,24.2208,0.0,38.7097,0.0,8.372755722069336,2.4713,10.7356,0.1339,1.3104,4.0561,3.0185,9.0633,73.176,12.21,1.05,6.1421,0.375,46.7562,3.0526,1.4349,0.1863,0.0458,19.2044,4.98,0.0877,2.0902,0.0382,1.8844,15.4662,529.5955,2.1619,8.0099,0.1878,2.6198,0.0563,1.5125,8.6853,0.0132,2.6094,0.0272,0.0171,62.7655
-1.0,2939.59,2165.0333,1.3455,102.1067,1.4693,0.0022,0.0047,198.1433,11.0486,422.7605,0.974,188.3563,12.4992,1.4051,-3649.25,-478.75,1.2877,2.0085,7.3705,76.9,1.8556,0.1312,84.3569,8.322,64.5182,66.0788,86.7285,82.3,3.178,349.0136,134.0927,723.5688,1.3551,145.5727,628.6791,207.9565,4.593,4.868,2834.0,0.9312,-0.0073,348.9964,10.4353,114.0855,16.6436,20.0073,28.8578,694.711,148.9536,612.0355,131.5233,0.0001,-0.0193,0.0038,0.0112,-0.0261,-0.0101,0.0242,7.9548,0.1424,0.9844,1826.547,0.165,9268.6599,0.0343,0.0763,0.0191,0.049,0.44977348593833544,0.945,804.7232,0.9914,58.2925,0.6087,0.9691,6.337,15.87,3.247,15.9,15.83,1.352,0.5304,3.283,-2.458,0.8454,2.4201,1012.3378,58.0,106.7,90.4,46.3,180.339,0.1012,0.1257,0.0562,0.0348,0.019,10.5976,8.159,10.784,0.0118,0.3,0.0314,723.0,1560.0,0.277,0.047,0.14,2.6,0.689,0.6332,0.1293,0.5371,0.2589,0.6776,0.238,0.1344,14.625,30.01,28.237,1.478,21.66,18.43,31.656,105.839,0.067,0.0663,0.0492,0.0439,0.1033,0.0496,0.1148,0.0521,3.4474,0.0442,0.0033,83.5648,0.0276,2322.228871323444,0.011,0.02,0.057143936577107646,0.0338,184.0549,3.785,0.0536,0.261,0.1053,5.7346,15.5471,28.474,23.7436,0.0349,2.4991,0.0417,2.9197,0.0922,0.0106,300.4623,310.2949,1403.1256,792.8494,0.1222,0.021,0.0649,0.9247,0.047,0.2167,0.2545,0.0523,0.1076,5.3762,0.0791,9.6147,0.0482,4.57715,8.1694,8.9487,0.3957,5.248349999999999,6.425799999999999,10.5725,40.7804,0.0208,0.0286,0.0203,0.0195,0.031,0.0234,0.057,0.025,1.4034,0.0143,0.0011,27.9057,0.0087,767.29565,0.011345227812108394,0.0135,67.0478,1.0818,0.0183,0.095,0.0362,7.2636,1.7811,2.7481,3.6298,3.521,2.1385,19.458,7.5214,8.555,73.8462,2.5509,1.2126,2.4002,2.2333,82.1539,325.8486,22.054,2.3401,1.8995,3.381,75.4491,102.8789,20.3987,0.7506,1.5532,0.8325,0.1009,4.3408,9.8738,4.4413,9.9154,10.6208,4.7735,13.5783,6.9002,14.1635,17.537999999999997,130.1397,4.5567,28.5188,80.4717,0.0,100.8749,0.0,921.807,190.2205,0.0,215.5119,43.3367,1.2643,1.8607,0.3357,4.575,16.749,234.2606,51.9016,536.5854,13.4757372337778,3.5792,22.8718,0.0741,6.4931,4.1188,4.3515,14.549,74.506,14.92,1.54,7.4078,0.6459,86.4927,3.6585,2.0669,0.1228,0.0296,13.2956,4.98,0.0877,2.0902,0.0382,1.8844,15.4662,530.7036,2.1207,8.4,0.1986,2.8909,0.0572,1.5828,9.363,0.0146,2.9061,0.0272,0.0171,62.7655
-1.0,2938.9,2221.9778,1.2596,86.17,1.4658,-0.0167,-0.001,202.6036,6.8017,418.5736,0.9728,192.5254,12.5129,1.4071,-3567.0,596.0,1.3268,2.03,7.3665,67.5667,2.3222,0.1876,86.9432,8.8105,64.0283,66.362,86.7128,80.84,3.59,353.4027,136.6745,733.4095,1.3425,143.3264,633.4036,192.1862,4.508,4.774,2876.0,0.9206,-2.5436,353.5655,10.483,114.1309,14.15,22.5436,29.6277,703.7817,151.5573,619.2536,115.0054,-0.0109,-0.0146,0.0109,0.0093,-0.0238,-0.0258,0.0055,7.6982,0.1356,0.9875,1859.0118,0.2058,8621.44,0.0307,0.026,-0.0253,-0.0572,0.4648,0.9507,750.503,0.9893,59.0946,0.5986,0.9795,6.5084,15.73,3.865,15.79,15.71,0.8798,0.7124,3.7820000000000005,-2.08,0.7651,2.2749,1007.2276,79.0,123.2,56.6,53.1001,653.718,0.2818,0.1168,0.0578,0.0303,0.0204,11.7422,4.985,18.52,0.013,0.4,0.0271,882.0,17347.0,0.152,0.145,0.067,1.7,0.454,0.4188,0.0759,0.606,0.3265,0.6916,0.235,0.1422,3.99,21.64,57.131,0.317,25.0,8.1,35.432,76.204,0.0752,0.0903,0.0364,0.0812,0.091,0.0336,0.0864,0.1323,4.2062,0.0646,0.0008,132.4305,0.0409,1315.0,0.0148,0.0136,0.0302,0.0114,126.14,3.951,0.0371,0.2826,0.0894,2.6161,23.3265,39.9652,23.9543,0.1006,1.9026,0.0353,1.6658,0.1185,0.0091,379.3102,67.582,4769.9063,8994.62525,0.0635,0.0616,0.0339,0.6384,0.0461,0.1417,0.1784,0.0292,0.103,4.7538,0.0879,9.1135,0.0406,1.1448,6.5912,17.3678,0.0839,2.271,2.9009,10.8737,26.3783,0.0192,0.0426,0.0168,0.0375,0.0255,0.0157,0.0445,0.073,1.7111,0.0205,0.0003,47.1185,0.0121,414.6496,0.0069,0.0041,40.5789,1.191,0.0115,0.08,0.0317,5.8442,0.8984,3.7287,4.192,2.235,2.3898,26.8519,22.3721,7.9683,73.2902,4.4245,1.3408,3.1967,1.926,287.9731,0.0,11.4566,7.1429,0.9095,2.516,81.8182,78.3768,13.026,0.4817,0.8612,0.9465,0.3005,4.3293,6.7313,3.9318,10.5919,2.7839,3.4165,29.7269,5.2896,3.0239,8.6655,176.6788,5.0345,20.7149,66.2613,687.1502,135.0785,744.9541,977.1812,141.1765,334.8837,0.0,54.6383,0.8852,2.7017,0.0811,7.1237,19.8961,0.0,45.8015,685.7143,6.4961,1.1974,16.8074,0.1088,6.6859,4.3428,3.9301,7.1092,73.254,14.53,1.33,6.7381,0.5058,27.0176,3.6251,1.8156,0.5311,0.0968,55.6678,5.45,0.1636,2.2146,0.0643,2.0345,19.0576,531.0009,1.8299,13.28,0.2909,4.4922,0.0821,2.5009,15.8974,0.0131,2.6327,0.0256,0.0098,38.1727
-1.0,3217.96,2137.6111,0.9199,105.1889,1.5947,-0.0112,0.0025,195.5517,4.6575,400.0605,0.9783,186.0253,12.5027,1.3916,-4611.5,-2275.25,1.3302,1.966,7.4295,69.8556,2.5667,0.1797,85.0041,8.6472,64.0865,66.3097,86.5763,80.95,2.359,345.8318,132.3609,718.404,1.4045,147.6136,625.8064,198.9876,4.544,4.777,2837.0,0.9324,3.9982,346.1273,10.3953,116.3591,14.8564,16.0018,24.7718,693.6322,148.4636,610.95,150.1315,0.0225,-0.0307,0.0085,0.0007,-0.0181,-0.0086,-0.0142,7.543,0.1338,0.9609,1715.5264,0.1907,9053.79,0.0116,-0.0056,0.0022,-0.0131,0.4596,0.9275,728.136,0.9912,59.131,0.5938,0.9799,6.2186,15.87,3.247,15.9,15.83,1.352,0.5304,3.283,-2.458,0.8454,2.4201,1012.3378,179.0,201.2,171.3,44.3,375.053,0.1046,0.1529,0.0576,0.038,0.0065,10.059,4.024,14.82,0.0062,0.17,0.128,508.0,6826.0,0.2,0.038,0.352,1.6,0.357,0.647,0.1272,0.5597,0.3606,0.6954,0.226,0.2749,8.94,15.71,53.514,1.346,23.05,13.97,29.176,81.331,0.0748,0.0368,0.0385,0.0384,0.0897,0.047,0.0829,0.079,3.7365,0.0526,0.0073,106.1852,0.0319,1637.5,0.0101,0.0134,0.0216,0.0407,146.5444,2.5473,0.0222,0.3369,0.1053,5.7346,31.4457,65.7906,61.0599,0.036,3.2694,0.0612,1.2324,0.0423,0.0326,248.0349,220.1401,1012.974,3106.9902,0.0897,0.0166,0.1489,0.5126,0.0335,0.117,0.2597,0.0528,0.1275,5.5137,0.0694,8.786,0.0727,2.6095,4.5263,19.8521,0.368,3.7639,4.2575,10.1107,28.8835,0.0218,0.0187,0.0181,0.021,0.0267,0.0219,0.0418,0.0383,1.3073,0.0163,0.0025,34.8173,0.0103,488.4713,0.0056,0.0138,44.1989,0.8827,0.0067,0.1097,0.0362,7.2636,1.7811,8.1288,6.2524,6.8911,2.0724,39.4555,11.3758,9.5878,86.3974,3.7044,0.6388,1.3597,9.13815,49.2464,300.011,15.0348,1.9329,4.7379,2.2904,46.7532,60.1113,10.2318,0.7611,1.471,0.8734,0.2933,5.014,13.5161,4.2643,19.5748,6.0563,2.5104,26.8931,6.6541,12.9482,17.537999999999997,155.1519,4.2063,33.364,54.1732,332.3521,64.5897,450.4399,0.0,259.3103,961.1594,557.3192,49.5355,2.8527,2.1663,0.7633,6.1897,16.7062,687.1795,59.0799,0.0,4.6936,4.3867,20.126,0.1529,4.3078,5.4179,4.3515,14.549,73.916,14.2,0.79,6.712,0.3202,74.8492,3.5394,1.0688,0.1228,0.0296,13.2956,4.98,0.0877,2.0902,0.0382,1.8844,15.4662,529.9445,1.974,7.91,0.2824,2.6691,0.094,1.4926,14.3055,0.014,2.8096,0.0256,0.0098,38.1727
-1.0,3056.65,2266.8333,1.6558,94.8489,1.4669,-0.008,-0.0173,198.5285,10.1394,419.8811,0.9777,188.6587,12.4059,1.4062,-1363.875,107.25,1.2928,2.005,7.3185,67.0556,2.9667,0.2561,83.6681,8.8546,64.5531,66.2479,86.4099,80.2,2.541,349.7436,139.7473,731.1269,0.9326,134.3391,623.83,122.8282,4.606,4.878,2835.0,0.9322,-0.5745,351.2536,10.4164,119.1727,8.2156,20.5745,25.6486,705.4783,147.6145,618.0409,103.8472,0.0423,-0.0227,0.0074,-0.0418,-0.011,-0.0047,0.0071,8.321,0.1334,0.9654,1818.6417,0.1657,8932.56,-0.0297,-0.0632,0.0563,0.0521,0.4597517334816671,0.9503,767.6011,0.9908,58.1659,0.5927,0.9631,6.2863,15.85,3.293,15.81,15.76,1.683,0.5699,3.244,-1.797,0.8224,2.3914,1011.8856,153.0,185.8,116.3,53.3,301.7601,0.7444,0.0675,0.0739,0.0463,0.011,8.8424,3.218,5.218,0.0099,0.18,0.0731,799.0,984.0,0.127,0.105,0.189,2.8,0.7,0.6139,0.1212,0.6329,0.3926,0.9048,0.316,0.0453,5.87,19.81,23.506,0.255,16.01,7.39,32.379,76.282,0.16345,0.0418,0.0777,0.1112,0.16685000000000003,0.0505,0.1073,0.0677,3.1681,0.0871,0.0075,138.6145,0.0511,1200.8008,0.0115,0.0124,0.04902127899356673,0.0191,119.3918,3.7937,0.0241,0.2731,0.0981,4.6307,36.1261,59.2106,37.3773,0.263,1.4193,0.0243,0.9471,0.0497,0.0309,352.8177,114.7766,5823.189049999999,420.155,0.064,0.0439,0.0823,0.9593,0.0588,0.2226,0.2229,0.0471,0.1229,5.6927,0.0944,7.2,0.0145,1.6964,6.017,8.2404,0.0689,2.4444,3.2475,10.136,23.0635,0.045450000000000004,0.0171,0.0326,0.0528,0.0485,0.0268,0.0532,0.0315,1.1682,0.0282,0.0024,48.7782,0.0159,362.2225,0.009146401521009043,0.0056,35.4121,1.1242,0.0082,0.0971,0.0332,7.1851,1.4445,6.8953,6.0786,4.7915,2.3513,14.7908,44.953,4.6016,31.7377,1.2427,1.0118,1.4509,5.1954,0.0,878.8110999999999,9.824,5.2369,2.5825,4.1756,16.8539,64.8156,21.1147,0.7337,1.3683,0.9804,0.4267,5.2124,3.8498,3.1011,4.856,4.3695,3.1755,19.1373,9.842500000000001,2.4481,7.015,194.8741,4.5896,14.4161,73.456,689.8671,0.0,0.0,988.834,460.1367,0.0,890.8199000000001,38.0732,1.3491,3.628,0.7788,7.6219,30.846,701.0601,45.3998,588.2353,11.101447607770044,2.0148,15.5539,0.1122,6.5221,4.3447,4.1008,11.7663,74.516,19.2,1.18,9.1765,0.5633,29.0433,4.7495,1.5836,0.1378,0.0355,13.9153,7.89,0.076,3.1313,0.0345,2.8422,13.1976,530.2418,2.4302,9.71,0.1992,3.2316,0.0629,1.8312,8.1974,0.0184,3.6591,0.0189,0.006,31.6209
-1.0,3013.15,2222.0111,0.7647,105.2711,1.4048,0.0018,0.0049,199.9659,7.2109,406.6947,0.975,190.0173,12.4002,1.4075,-3280.5,-6128.0,1.3075,2.0065,7.313,71.1889,1.9778,0.1292,84.415,8.8597,63.8463,66.2249,86.8544,78.79,3.156,349.5818,144.3618,737.1542,0.958,134.0418,627.9855,111.1656,4.582,4.84,2842.0,0.9331,-9.4318,352.8573,10.4425,114.93,11.6495,29.4318,35.4979,701.6563,149.8182,617.6055,109.5566,0.0031,-0.008,0.021,-0.0261,-0.0015,-0.0213,0.0582,6.9077,0.1351,0.9903,1842.4897,0.199,8682.03,0.1093,-0.0028,-0.0545,0.0749,0.44676523936598245,0.9682,751.5009,0.9907,59.0584,0.5975,0.9618,6.3243,15.77,3.135,15.8,15.71,0.9318,0.5156,3.102,-2.175,0.8318,2.2821,1001.3102,111.0,100.8,105.3,73.0,340.6819,0.0778,0.112,0.0572,0.0729,0.0119,3.6407,3.055,11.089,0.0094,0.21,0.0291,565.0,8785.0,0.256,0.176,0.118,3.8,0.802,0.7542,0.1079,0.67,0.3772,1.0942,0.609,0.0701,4.76,19.89,19.701,0.558,13.09,4.41,23.235,66.941,0.0691,0.0978,0.0937,0.0377,0.053,0.0814,0.0822,0.1032,3.9792,0.0708,0.001,107.6299,0.0429,945.0005,0.0176,0.0123,0.054295224563729816,0.02,114.4282,0.807,0.0403,0.2477,0.0665,4.6867,28.9935,32.8861,34.4907,0.0261,1.8265,0.0402,1.0076,0.0558,0.0101,242.4313,188.4259,554.8847,4506.8809,0.1118,0.0748,0.0523,1.2374,0.0316,0.2409,0.3286,0.0442,0.0898,6.5487,0.1941,7.7487,0.0224,1.4687,5.8995,6.3417,0.1595,1.4685,1.6171,8.1183,22.95,0.0156,0.0408,0.0392,0.0157,0.0155,0.0368,0.0416,0.0428,1.4568,0.0227,0.0003,33.5648,0.0141,279.7573,0.012994256866255206,0.0075,30.5334,0.3072,0.0119,0.0821,0.022,5.6751,1.4809,5.0317,3.3453,4.0919,3.2853,27.7091,10.1774,7.9724,42.3664,2.7266,0.9687,1.6935,2.069,38.4697,143.3584,19.5793,8.7715,1.6136,5.3379,60.6742,71.1952,23.8754,0.8934,1.2182,1.0494,0.2465,6.7624,4.2809,3.369,7.3209,3.5511,3.1673,17.7222,5.4304,5.3436,6.343,112.3654,3.3114,8.341,61.1017,0.0,139.7642,179.5238,202.8708,0.0,385.4631,177.2435,57.6051,3.2579,3.1139,0.0974,5.8415,21.5572,998.9848,37.149,0.0,13.065277451804892,2.0657,15.2266,0.0319,1.3664,3.9169,2.9135,11.8085,73.5,15.91,1.0,7.1614,0.3767,21.344,3.979,1.3605,0.4895,0.0745,49.5678,11.969999999999999,0.3196,4.532500000000001,0.1288,4.638249999999999,38.05341532073962,528.7673,1.9809,6.95,0.2234,2.229,0.0615,1.3144,11.28,0.0108,2.1571,0.0167,0.0182,108.9031
-1.0,3074.58,2221.9778,1.2596,86.17,1.5927,-0.0227,0.0059,201.9498,4.4954,408.2083,0.9781,191.7823,12.5949,1.4288,-3806.75,-2052.25,1.2755,1.9952,7.2843,67.4778,2.4111,0.1974,86.4883,8.6544,65.0056,66.2357,86.33,80.67,2.584,367.1118,132.9127,742.2424,1.4004,141.1018,641.1264,208.8523,4.595,4.812,2889.0,0.9179,1.47,364.1118,10.7118,114.3827,18.4328,18.53,24.4,717.8424,144.1991,622.6936,109.3927,-0.0098,-0.0411,0.0946,0.0028,-0.0115,-0.0191,0.019,6.9363,0.1369,0.9626,1850.5029,0.1977,9678.25,0.0102,-0.0549,-0.0152,-0.0014,0.4586,0.9388,814.2143,0.989,58.816,0.6061,0.9654,6.2627,15.73,3.865,15.79,15.71,0.8798,0.7124,3.7820000000000005,-2.08,0.7651,2.2749,1007.2276,69.0,202.9,126.0,53.1001,653.718,0.2818,0.0915,0.0869,0.0354,0.0113,11.4117,7.281,14.466,0.0077,0.21,0.0435,771.0,17243.0,0.151,0.117,0.279,2.4,0.525,0.5744,0.2043,0.3145,0.2238,0.8116,0.568,0.235,5.37,13.27,36.95,0.582,18.71,7.42,20.66,16.81,0.0601,0.0811,0.0467,0.0315,0.0911,0.0344,0.1016,0.0608,5.2959,0.0776,0.0113,203.4651,0.0302,2223.7998,0.0111,0.0114,0.0138,0.0174,214.776,4.1798,0.0294,0.2432,0.0894,2.6161,19.0274,68.9951,39.9452,0.1006,1.9026,0.0358,2.0102,0.0505,0.0166,349.3523,291.08,344.8269,7301.1087,0.0622,0.0486,0.1191,0.8258,0.0391,0.1765,0.2051,0.084,0.0646,5.8236,0.1713,4.8457,0.0697,1.5655,3.8112,12.1324,0.1632,2.3088,3.2618,6.5311,5.1064,0.0168,0.0362,0.0219,0.0135,0.0252,0.0154,0.0543,0.0252,2.0049,0.026,0.0046,61.0567,0.0096,615.121,0.0038,0.0069,62.6772,1.2726,0.009,0.0719,0.0317,5.8442,0.8984,3.178,6.5993,5.1383,2.3898,26.8519,22.3721,5.7448,161.9669,3.5438,0.7867,1.6673,3.0472,21.8822,840.1998,11.8385,5.8639,3.8302,3.5567,33.1797,53.686,15.0138,0.6641,2.3603,0.4338000000000002,0.3039,4.8813,9.9765,2.4946,16.7774,3.8058,2.0698,17.6919,1.9247,5.4332,6.7668,101.504,2.8781,12.6101,15.3667,614.0485,115.8571,33.3069,0.0,298.4816,532.6343,320.8443,76.3508,1.3876,3.2573,1.176,10.9951,15.2654,0.0,33.3333,352.5424,3.0089,1.8481,26.3783,0.1616,7.1065,3.8831,3.9301,7.1092,73.342,15.9,1.04,7.3638,0.3909,28.7954,3.9193,1.418,0.6543,0.1406,64.0311,4.98,0.0877,2.0902,0.0382,1.8844,15.4662,529.6464,2.032,5.81,0.3435,2.0923,0.0925,1.097,16.9045,0.01,2.0065,0.0392,0.0076,19.5115
-1.0,2895.09,2260.7333,1.2109,91.3367,1.4135,0.0283,-0.0065,199.8666,7.8413,422.5815,0.9769,190.3803,12.6106,1.4336,-3926.75,-4170.5,1.339,1.985,7.2555,74.5333,2.0,0.1589,84.7951,8.9818,63.9313,66.3426,86.7637,63.93999999999998,5.041,350.6409,136.1191,727.5687,1.3597,140.5391,627.2991,191.7084,4.607,4.833,2838.0,0.9334,3.1645,348.6218,10.4385,119.2836,13.0918,16.8355,21.4005,706.1682,146.3018,614.2073,110.3982,-0.0026,0.0494,0.0724,-0.0156,-0.0086,-0.0021,0.0232,8.1964,0.1174,0.9879,1814.6855,0.1682,9015.71,0.0576,-0.0298,-0.0503,0.1064,0.45826194835243617,0.9571,774.4136,0.9894,58.771,0.6007,0.9784,6.2582,15.75,2.901,15.79,15.73,0.8893,0.489,3.142,-2.6,0.8525,2.2458,1000.3791,110.0,204.4,189.9,58.5,857.5341,0.2844,0.0763,0.0541,0.0502,0.0081,7.3062,10.259,16.681,0.0064,0.22,0.0765,1034.0,10684.0,0.163,0.134,0.146,2.7,0.585,0.8648,0.1595,0.5322,0.3596,1.0318,0.5,0.1188,6.79,19.14,52.2,0.191,24.76,13.5,37.7,21.845,0.0646,0.0401,0.0223,0.0081,0.0467,0.0945,0.1094,0.0847,2.8463,0.0878,0.0013,94.9952,0.0203,1591.5996,0.0173,0.0112,0.05901389664392043,0.0271,137.9267,3.766,0.0343,0.3791,0.0706,1.7791,29.0,67.5712,56.4588,0.0906,2.0506,0.0262,3.5744,0.0589,0.025,468.5968,174.4362,1879.3476,4891.1974,0.0695,0.0566,0.0614,0.9179,0.0475,0.2085,0.314,0.0657,0.1146,5.504,0.156,7.1959,0.0385,2.2299,6.2035,18.6348,0.0568,4.1574,5.5478,11.7317,6.5997,0.0142,0.0194,0.0094,0.0038,0.0146,0.0478,0.0503,0.0363,0.9021,0.0287,0.0004,35.3916,0.0084,545.8885,0.013063846042593991,0.0095,46.4885,1.2079,0.0109,0.1151,0.0251,7.7094,0.6076,5.0245,7.0602,7.4384,2.5877,43.5344,23.4878,5.398,130.8334,3.9474,0.6503,1.7446,5.3371,97.3324,256.1803,12.1733,6.7506,2.0123,3.6225,100.0,91.2587,17.7261,1.0199,1.7762,0.8325,0.3699,4.7713,5.4511,3.1872,8.735,4.8314,3.0512,27.2289,5.539,1.8298,9.0289,189.1257,5.3387,15.7489,19.7875,0.0,0.0,11.184,299.7192,0.0,0.0,365.0862,34.7258,1.2778,3.5762,0.1344,5.2348,12.0606,0.0,53.3333,900.0,12.395762576037715,2.8344,17.8105,0.0794,6.4079,6.0581,3.1427,4.4811,72.062,16.3,1.05,7.8759,0.437,108.199,3.9965,1.4571,0.6543,0.1406,64.0311,7.64,0.12,3.0568,0.0536,3.0872,15.0164,531.0364,2.1244,8.97,0.3116,3.3351,0.0868,1.6892,14.6674,0.0187,3.7428,0.0392,0.0076,19.5115
-1.0,2939.8,2231.6111,1.2969,93.7522,1.4259,0.0085,-0.0228,202.624,15.2879,414.1751,0.9826,193.793,12.56,1.409,-3360.75,-1332.0,1.2608,1.9845,7.16,72.0222,2.2111,0.1822,85.3871,8.942,63.8194,66.2825,86.8846,79.9,3.233,351.6782,135.7882,727.5105,1.3214,140.0973,627.5636,191.061,4.563,4.804,2853.0,0.9298,-0.8173,351.61,10.3074,114.9709,13.8996,20.8173,28.0999,699.4105,148.5173,615.0982,86.3405,0.0019,0.0021,0.0097,-0.0161,-0.0473,-0.0253,0.0433,8.0259,0.1346,0.9859,1810.4307,0.1739,9253.6399,0.0816,0.0009,-0.004,-0.0127,0.4452115962647235,0.9426,783.6506,0.9911,58.5303,0.5922,0.9803,6.2621,15.85,3.517,15.86,15.69,1.617,0.6282,3.474,-2.317,0.825,2.4172,1007.6922,139.0,84.5,82.0,52.7,563.299,0.3411,0.0581,0.0446,0.0355,0.006,9.4392,12.344,13.252,0.0056,0.2,0.0534,786.0,1844.0,0.092,0.049,0.133,4.3,0.141,0.7807,0.0722,0.6149,0.3441,0.9537,0.393,0.132,3.14,18.86,59.266,1.088,16.34,5.89,34.634,59.067,0.0876,0.0491,0.0293,0.0636,0.0486,0.0751,0.1136,0.0596,2.3811,0.0311,0.0023,170.7007,0.0672,235.3994,0.0179,0.0105,0.05338643022584055,0.0065,21.0107,1.1849,0.0236,0.2906,0.1061,2.6568,32.9216,29.7311,27.4498,0.1034,2.304,0.0192,3.8173,0.0547,0.021,338.2232,35.0844,810.9987,787.1395,0.0431,0.0233,0.0681,1.3899,0.0333,0.0575,0.3207,0.0277,0.1129,5.7259,0.1259,8.9755,0.0427,1.0058,5.96,15.9968,0.3026,2.1134,2.8268,10.7778,16.8318,0.0204,0.0207,0.0144,0.0286,0.0134,0.039,0.0573,0.0318,0.9047,0.011,0.0008,50.7042,0.0212,66.0494,0.014632541573542553,0.0022,6.3101,0.3783,0.0085,0.0895,0.0354,4.5748,0.8158,6.2232,2.8743,3.1466,2.3615,28.0822,26.3059,4.0745,80.7436,3.1996,0.5651,1.5924,3.7921,55.5828,138.4384,7.2972,2.4691,1.8575,5.9704,40.7035,55.9756,4.2157,0.9143,0.8079,0.9635,0.3085,5.0017,9.8536,4.0841,9.9913,2.2413,3.0053,31.0194,6.897,10.5556,10.8549,117.5572,4.9519,15.1993,68.4117,0.0,436.4444,652.3077,302.8037,158.9418,449.456,137.4856,29.6679,4.7556,1.2755,0.2335,9.4287,38.6233,861.5385,50.7937,0.0,11.94320428221704,0.6856,2.6811,0.0787,2.0244,4.6401,4.3905,7.097,80.996,10.79,1.1,4.3326,0.4235,94.2258,2.6889,1.3581,0.3472,0.0623,35.9702,5.26,0.3003,2.69,0.1165,2.0636,38.05341532073962,528.4045,1.9943,9.01,0.2454,2.9594,0.0796,1.7051,12.3064,0.0138,2.7728,0.0392,0.0076,19.5115
-1.0,3052.44,2231.6111,1.2969,93.7522,1.42,0.007,-0.0077,201.8779,12.1624,418.9535,0.9797,192.0286,12.5376,1.4157,-4606.25,-1307.5,1.3217,2.0,7.364,74.4444,2.5222,0.1919,83.5589,8.8889,63.9957,65.9099,86.9977,80.31,3.395,356.91,125.7845,722.0392,1.3752,142.8736,625.5682,224.8123,4.603,4.804,2867.0,0.9298,4.1655,355.0736,10.5823,109.95,13.4282,15.8345,23.4218,698.6174,148.4527,613.4764,120.8145,0.0082,-0.0325,0.0449,-0.0027,-0.031,-0.0118,-0.014,7.1183,0.1291,0.9854,1776.0103,0.2072,8471.92,0.071,0.0344,-0.0626,-0.0309,0.43496430915656825,0.9487,734.5639,0.9911,57.7359,0.5964,0.9595,6.3499,15.81,3.474,15.85,15.7,1.191,0.543,3.321,-2.9329,0.809,2.3884,1008.8589,90.0,206.9,191.4,52.7,563.299,0.3411,0.1641,0.0565,0.0437,0.0062,9.4496,11.898,5.334,0.0055,0.22,0.0791,767.0,3299.0,0.079,0.043,0.183,5.4,0.449,0.8755,0.0653,0.5027,0.3783,0.9337,0.296,0.1463,4.06,18.12,57.444,0.484,25.82,7.79,40.919,57.598,0.0842,0.04,0.0261,0.0523,0.0854,0.0249,0.1017,0.0196,2.9966,0.0311,0.0015,127.9607,0.0523,1451.7002,0.0202,0.013,0.054617973550203286,0.0135,148.8198,2.8794,0.0363,0.2342,0.0966,4.4488,27.114,72.7342,60.7548,0.1034,2.304,0.0492,3.7194,0.0581,0.0271,339.3391,393.7735,2177.4244,1413.6252,0.0336,0.0199,0.0842,1.7003,0.0457,0.1635,0.314,0.0295,0.1384,5.7059,0.0774,8.3591,0.0414,1.0498,5.7112,16.3295,0.133,2.2044,4.4795,11.5917,20.0522,0.0229,0.019,0.0124,0.0249,0.0257,0.0114,0.0552,0.0099,0.9613,0.011,0.0005,44.6211,0.0175,451.9796,0.01465287610891192,0.0049,44.9224,0.7753,0.0114,0.0688,0.0309,4.7702,1.4763,4.0938,6.7782,7.2812,2.3615,28.0822,26.3059,11.556,97.8264,1.2732,0.5602,1.7547,5.5866,98.2361,252.3136,5.9769,2.15,2.4851,7.5224,59.4714,82.3393,13.3081,1.0478,0.7349,0.7855,0.0399,5.1021,3.824,3.7225,10.6387,2.8417,2.8966,25.552,6.3156,4.5737,6.8304,192.2819,5.8571,10.7718,47.6748,0.0,235.2941,116.4162,0.0,80.2579,861.8644,140.0,42.0975,2.2471,1.2755,0.1479,7.205,25.2369,0.0,39.96,0.0,12.562376486206022,1.425,20.2596,0.0552,4.9871,3.6882,4.0443,11.1426,73.77215070135753,16.91109851012146,1.1679478747009302,7.634586782851577,0.5019942367727939,58.65696687170992,4.200897436518804,1.5832133939986976,0.3472,0.0623,35.9702,4.98,0.0877,2.0902,0.0382,1.8844,15.4662,530.5682,2.1417,10.87,0.4214,3.7567,0.1085,2.0487,19.6759,0.0109,2.1786,0.0205,0.0172,83.5851
-1.0,2972.0,2200.9671283308053,2.5534,104.41299656284026,1.5319,0.0184,0.0038,198.152,7.5099,407.5016,0.978,188.4378,12.5688,1.4075,-4616.0,1167.75,0.969,1.897,5.0485,69.3667,2.7667,0.1904,84.2942,8.7199,63.8867,65.9445,86.7612,76.97,3.102,351.9391,151.33,752.2425,1.2488,144.4036,647.6727,227.9877,4.586,4.844,2864.0,0.9267,-4.15,354.8136,10.1005,127.18,17.5363,24.15,32.3553,719.8873,148.1427,630.1364,126.2762,0.0049,0.0096,-0.0169,-0.0116,-0.0134,-0.0216,-0.0039,7.2741,0.1249,0.9896,1873.5524,0.1635,9067.3299,0.0,0.0,0.0,0.0,0.45286837202753216,0.9591,791.3496,0.9907,59.6345,0.5922,0.9628,6.5507,15.86,2.819,15.89,15.78,1.087,0.4681,3.314,-2.6,0.7696,2.416,1006.6856,80.0,116.5,129.9,57.91321489604202,436.49223660408256,1.0612,0.1399,0.0721,0.0497,0.0087,7.6131,4.017,12.977,0.0072,0.26,0.0314,295.0,231.0,0.117,0.065,0.19,2.8,0.115,0.6019,0.1365,0.6086,0.2314,0.6482,0.468,0.1569,4.73,18.05,60.579,0.298,18.26,5.09,32.893,68.971,0.0691,0.0873,0.0252,0.0502,0.0971,0.0643,0.0793,0.0387,3.569,0.0519,0.0017,123.4945,0.0425,949.1006,0.0153,0.0143,0.05604538464062625,0.0111,98.259,4.2327,0.0355,0.5198,0.1123,6.8518,22.3738,45.056,46.8938,0.36060000000000003,2.208121871204808,0.0429,1.6128,0.0652,0.0134,133.898,272.6492,2569.6019,105.1867,0.0499,0.0292,0.0851,0.8944,0.0272,0.0321,0.2161,0.058,0.0543,2.822799999999998,0.158,10.9883,0.0402,1.7681,5.3369,19.2199,0.0967,1.4847,1.3923,10.588,23.8415,0.0188,0.0367,0.0117,0.0214,0.0251,0.0274,0.0423,0.0167,1.3152,0.017,0.0005,35.5065,0.0117,262.6288,0.012300440793360312,0.0036,27.2816,1.2402,0.0106,0.1757,0.0366,3.8415,2.0664,3.6223,3.9199,5.0836,2.6323396911888506,34.422908006486665,23.571081420022512,9.1322,53.4893,3.1845,0.738,2.0686,2.2338,128.1412,19.7816,12.0743,3.4265,3.7635,4.0365,28.9157,42.007,2.4924,0.714,1.566,0.9526,0.6795,2.6709,8.4715,4.7414,12.5606,3.2755,2.7869,26.5712,5.5179,2.9503,7.7607,104.1267,4.5692,8.9383,54.6192,0.0,99.8285,297.0414,835.7181,480.7477,367.1296,0.0,49.0647,1.9209,2.1109,0.1696,6.5915,26.0156,994.7826,51.6129,984.6154,11.481382938504927,1.1589,12.4166,0.0933,7.0977,7.9348,4.6502,18.4824,75.234,13.52,0.61,6.1436,0.2639,64.5701,3.3699,0.8108,0.5123,0.0909,52.1953,7.95,0.1981,3.7598,0.0869,3.0251,26.4169,530.7318,2.2877,9.63,0.3719,3.3778,0.1154,1.8145,16.2562,0.0225,4.4505,0.0205,0.0172,83.5851
-1.0,2952.57,2243.8556,2.1422,89.4944,1.4411,0.0002,-0.0038,202.6802,10.4021,410.6244,0.9669,193.0806,12.4002,1.4235,-3020.75,-7175.24995,1.3077,2.0335,7.3208,72.1889,2.3778,0.1902,86.7559,8.7597,64.1627,65.9682,87.0029,76.87,2.987,351.1291,129.95,719.2849,0.9312,139.2727,620.3518,100.4111,4.609,4.839,2842.0,0.9337,3.2173,351.1018,10.3895,113.1673,6.8718,16.7827,22.0794,697.2055,151.8673,616.1364,120.1056,-0.0092,-0.0258,0.0083,-0.0051,-0.0099,-0.0089,0.0086,7.6422,0.1276,0.9669,1753.205,0.1859,9084.5901,-0.1746,-0.0084,0.062,0.057,0.4484779499835154,0.9374,675.5797,0.991,59.0186,0.6019,0.9802,6.2866,15.74,2.788,15.79,15.69,0.9649,0.4466,3.114,-1.939,0.8568,2.292,996.0538,142.0,61.9,50.8,60.8999,181.5471,0.4832,0.1344,0.0689,0.0442,0.0239,8.819,13.715,4.802,0.0162,0.21,0.0605,591.0,13748.0,0.081,0.08,0.121,3.6,1.0,0.7512,0.26130000000000003,0.7077,0.2918,0.7607,0.31,0.0882,6.39,19.61,35.315,1.422,14.52,10.36,30.188,88.45,0.0579,0.0572,0.063,0.0728,0.0479,0.0652,0.109,0.053,3.1096,0.0743,0.0054,119.6819,0.1175,652.9004,0.0207,0.0166,0.042730305201671814,0.0316,83.0319,1.4849,0.0549,0.4632,0.0692,3.3014,36.5376,23.6721,17.3367,0.1708,1.9891,0.0515,3.8963,0.0558,0.02,266.4324,178.0344,2749.914,7642.7182,0.0344,0.0332,0.0534,1.3679,0.055,0.3069,0.3146,0.0985,0.0844,5.2804,0.0963,8.5846,0.0249,1.856,6.0487,9.6151,0.3814,2.726,3.194,9.7568,24.9449,0.0192,0.0263,0.0291,0.0366,0.0127,0.0289,0.059,0.0303,1.027,0.0231,0.0015,35.4452,0.0367,229.3483,0.013314565227149897,0.0106,27.1015,0.5186,0.0151,0.1381,0.022,7.6188,0.8782,6.521,2.0965,1.9901,2.7141,8.2182,22.5556,9.3259,131.8485,1.1694,1.6752,1.6935,4.2487,200.2483,170.8604,6.1938,3.9341,1.6528,4.9869,92.5234,83.0607,29.3715,0.8659,2.9167,1.103,0.4044,4.944,11.5429,4.0129,9.4717,4.5881,3.1611,35.1704,6.2148,13.687,17.537999999999997,211.2983,4.3299,26.6909,73.6435,627.2173,85.6929,764.9995,936.9193,660.2532,0.0,616.2791,40.6902,2.1165,3.169,0.5578,6.8265,63.1928,124.8707,44.3149,0.0,12.313412498303185,3.376,12.2905,0.0992,2.516,7.3676,3.0185,9.0633,73.5,15.91,1.0,7.1614,0.3767,21.344,3.979,1.3605,0.4895,0.0745,49.5678,11.72,0.2434,4.3398,0.1044,4.2601,38.05341532073962,526.7564,2.209,7.77,0.221,2.7729,0.0689,1.4751,10.0064,0.0256,5.0837,0.0289,0.0096,33.3147
-1.0,3031.01,2168.7,0.8484,108.0122,1.4309,0.0088,-0.0239,203.1959,10.2495,409.8055,0.9753,193.1871,12.5951,1.4153,-3562.25,-635.5,1.2728,2.0097,7.369,67.3,2.8778,0.2196,84.8185,8.9979,64.3519,66.2937,86.4854,78.42,3.08,366.1173,131.6909,740.2322,1.3852,143.0691,640.8773,186.9979,4.547,4.786,2898.0,0.9148,-2.9355,362.7045,11.0049,108.7555,22.2982,22.9355,31.52,708.7122,147.1191,618.5791,112.4963,-0.0107,0.0135,-0.0694,-0.0051,-0.0248,-0.02,-0.10405,7.8643,0.129,0.9635,1746.304,0.2038,9122.6801,0.0069,-0.0102,-0.0038,-0.0222,0.4698,0.9545,784.5881,0.9888,58.8815,0.5897,0.9715,6.3293,15.89,2.948,15.88,15.78,1.026,0.5064,3.359,-2.789,0.8336,2.3797,1009.8944,95.0,140.5,124.4,56.5,438.284,0.108,0.1075,0.0497,0.0416,0.0097,4.943,9.401,9.974,0.0065,0.33,0.0586,707.0,3805.0,0.083,0.077,0.129,2.0,0.269,0.6156,0.0732,0.493,0.359,1.1082,0.771,0.235,5.47,19.38,60.39,0.58,13.2,3.67,17.666,61.679,0.1185,0.0424,0.092,0.14704999999999996,0.1199,0.0641,0.0637,0.16615,2.7678,0.0618,0.0087,162.1766,0.0459,1686.5996,0.0114,0.0149,0.0203,0.0229,136.1707,3.2511,0.0327,0.2657,0.0909,5.7761,27.9053,54.2935,45.1472,0.0379,3.2327,0.04,2.7447,0.0632,0.0254,316.5402,121.8168,619.3902,1834.2861,0.034,0.0368,0.055,0.6764,0.0393,0.0997,0.2479,0.029,0.0962,7.4353,0.2496,5.0934,0.0621,1.7483,5.1195,18.6876,0.1636,1.2231,1.9345,5.0914,18.5504,0.03,0.02,0.0442,0.06770000000000001,0.0302,0.0341,0.0301,0.08248588237179322,0.9928,0.0179,0.0026,49.0939,0.0142,511.3091,0.0053,0.008,41.957,0.9871,0.0112,0.087,0.0289,5.2393,1.6966,4.3183,4.6354,5.117,2.6052,48.9383,12.7335,7.5128,91.7211,2.4338,0.6646,2.6201,4.1412,36.6622,598.7411,6.5213,3.8313,1.7506,2.9718,41.6988,51.0121,7.6556,0.7258,0.8131,0.7661,0.3814,6.853,10.0083,2.5989,16.9621,3.8233,3.024,32.2945,2.427,5.2704,9.4984,59.1975,2.4927,7.9356,54.8276,0.0,0.0,471.5623,0.0,258.7286,318.5,465.9533,35.194,4.186,2.5155,0.9049,9.2869,22.5389,0.0,38.6473,0.0,4.3147,2.3982,17.3557,0.1627,5.5214,4.1985,3.8207,14.1912,73.5,15.91,1.0,7.1614,0.3767,21.344,3.979,1.3605,0.3885,0.062,40.1918,6.59,0.1377,2.4921,0.0536,2.6073,23.2906,528.7673,1.9809,6.95,0.2234,2.229,0.0615,1.3144,11.28,0.0094,1.8738,0.0289,0.0096,33.3147
-1.0,3037.2,2178.5889,0.8614,103.7022,1.4224,-0.0042,-0.0021,203.2144,4.4707,409.7776,0.9677,193.7649,12.498,1.4064,-6375.125,-2910.5,1.3125,1.9865,7.269,67.2222,2.5222,0.1938,84.5951,8.58,64.4791,66.2596,86.4157,79.04,3.071,365.9164,133.2127,741.6329,1.3708,141.3527,640.4818,185.1516,4.547,4.786,2898.0,0.9148,-4.4927,363.4691,10.902,108.72,20.2418,24.4927,33.272,708.3609,148.0509,620.24,118.3989,-0.0101,0.0042,-0.0029,-0.03,-0.0258,-0.016,0.02,7.1125,0.1334,0.9833,1778.9854,0.1905,9044.85,0.0077,-0.0093,0.0377,0.0719,0.4582,0.9273,732.8971,0.9924,59.0025,0.5878,0.9694,6.4072,15.84,3.467,15.88,15.75,1.111,0.5657,3.357,-2.553,0.8014,2.4241,1016.53,153.0,172.3,92.2,74.9001,494.806,0.0936,0.0938,0.052,0.0586,0.018,10.3652,5.129,8.378,0.0155,0.29,0.0445,258.0,3167.0,0.137,0.105,0.326,2.1,0.569,0.5786,0.1744,0.4197,0.389,0.7959,0.849,0.2293,5.54,16.77,40.938,0.564,13.95,6.76,20.789,49.429,0.054,0.0381,0.0515,0.0602,0.0785,0.0903,0.0862,0.0524,4.4341,0.0931,0.0096,153.5713,0.0384,686.7998,0.0185,0.0117,0.0162,0.0486,142.8162,1.1758,0.0465,0.2875,0.1004,2.2685,36.1261,59.5913,27.8686,0.0277,1.9994,0.0294,1.8669,0.08,0.0159,110.0863,78.7591,5823.189049999999,2239.4072,0.0573,0.0475,0.1485,0.7661,0.0261,0.1795,0.225,0.0705,0.1465,7.3851,0.2149,5.4373,0.0651,1.5312,4.8876,11.9138,0.1618,1.7921,2.5095,5.9141,16.8192,0.0141,0.018,0.0233,0.0292,0.0196,0.0474,0.0445,0.0251,1.5387,0.03,0.003,56.4421,0.0125,258.1305,0.005,0.0146,46.5528,0.462,0.0159,0.1015,0.0368,4.5354,0.9327,6.8953,5.673,3.754,3.438,43.5816,10.8702,6.5947,114.7241,2.0445,1.5991,2.3204,3.1642,171.9915,108.8129,10.4381,5.2857,4.4848,3.124,47.5771,38.7041,16.8222,0.684,2.0327,0.6509,0.3927,6.5479,9.1883,2.7925,16.7296,3.9193,2.6183,22.1105,2.427,5.1734,6.135,68.9169,2.9348,10.033,41.7479,534.6535,426.8908,0.0,261.7757,349.6612,537.9095,262.0,62.3423,1.3491,3.9187,0.9754,8.6325,20.1627,0.0,34.0852,0.0,3.5462,5.2412,19.4865,0.0675,1.9929,4.4871,4.1427,5.8424,74.06,18.1,0.82,8.2385,0.3824,50.646,4.6109,1.1072,0.3941,0.0871,39.4243,4.98,0.0877,2.0902,0.0382,1.8844,15.4662,528.7673,1.9809,6.95,0.2234,2.229,0.0615,1.3144,11.28,0.0098,1.955,0.0289,0.0096,33.3147
-1.0,3063.69,2244.5,1.2287,90.0089,1.3789,0.0343,-0.0019,196.1369,5.7425,420.9445,0.9794,186.3975,12.4716,1.4046,-2117.25,7084.9583,1.2937,2.0143,7.3555,68.1333,1.8111,0.1486,86.15,8.8424,64.326,66.1354,86.8271,63.93999999999998,1.1460000000000004,345.2382,133.8964,719.6447,0.9963,141.2827,620.4173,112.917,4.584,4.849,2833.0,0.9307,-0.2627,347.2891,10.5364,113.6336,10.1343,20.2627,24.7094,694.9354,151.0164,611.9391,99.0183,0.0203,0.046,-0.0103,-0.0218,-0.0386,0.0039,0.0052,7.4735,0.1211,0.9704,1783.0385,0.2319,8775.8001,-0.0074,-0.0093,0.0092,-0.0504,0.4650140316904794,0.9492,750.1885,0.9896,58.4618,0.5958,0.9545,6.6311,15.87,3.247,15.9,15.83,1.352,0.5304,3.283,-2.458,0.8454,2.4201,1012.3378,99.0,137.5,110.8,87.1003,1015.8822,0.5548,0.1053,0.0602,0.0389,0.0086,13.019,3.832,11.841,0.0062,0.23,0.0476,316.0,8471.0,0.099,0.101,0.133,3.4,0.56,0.4552,0.1556,0.6339,0.2941,0.6295,0.303,0.1544,11.37,24.91,28.576,0.555,17.86,6.88,35.874,87.429,0.0594,0.0593,0.12045,0.0671,0.1227,0.0399,0.1207,0.0578,4.9886,0.0642,0.0025,75.7468,0.1254,995.5,0.0152,0.0115,0.04065989894076877,0.0133,111.3574,4.0244,0.0495,0.2083,0.1053,5.7346,28.9688,41.3354,36.7859,0.1516,3.4895,0.0401,1.1864,0.0662,0.0165,132.5167,102.0698,2074.0864,4232.4003,0.0417,0.0507,0.0601,1.0712,0.0637,0.1737,0.1681,0.0626,0.0586,5.2551,0.0983,9.4953,0.0462,3.3396,7.2182,9.9027,0.1536,2.0936,2.5063,11.1554,29.7134,0.0162,0.0274,0.055099999999999996,0.0287,0.0297,0.0188,0.0547,0.0303,1.4276,0.023,0.0008,21.9017,0.0374,362.5361,0.0061112145962840215,0.0042,39.7898,1.199,0.0169,0.078,0.0362,7.2636,1.7811,4.4417,4.4881,4.6512,3.8984,76.927,45.1548,7.6366,66.73,2.813,0.6321,1.8442,3.3867,212.1148,99.3607,7.6522,5.0143,1.8082,4.9902,55.2147,118.4742,15.8585,0.5284,1.7597,0.9854,0.6795,4.8257,13.1594,4.4723,15.4949,8.0477,4.015,25.3071,6.6722,5.2675,17.537999999999997,176.2328,5.1622,19.1159,88.2958,293.3333,154.7293,648.3092,562.5215,103.2342,0.0,0.0,66.7504,2.8899,2.622,0.2554,4.2482,63.31987047269746,0.0,39.0033,0.0,6.825711806241544,1.3988,14.8439,0.0706,6.8839,3.1116,4.3515,14.549,77.018,16.52,0.88,7.991,0.3872,71.4481,4.0641,1.1426,0.1042,0.0297,10.8507,7.55,0.2416,2.85,0.106,2.9342,38.05341532073962,530.3364,2.027,9.92,0.2944,3.4462,0.1001,1.8705,14.5257,0.012,2.3893,0.0275,0.0108,39.1032
-1.0,2996.48,2158.7,1.3177,106.3611,1.3395,-0.0261,-0.004,203.8155,6.4094,425.836,0.9728,193.8372,12.5167,1.4077,-3501.0,4930.0,1.2925,2.0035,7.2583,72.4333,1.9,0.1323,83.1829,8.9857,64.1327,66.3551,86.7646,78.95,3.282,350.5045,140.4173,732.1106,0.9173,134.08,625.0018,121.5969,4.606,4.878,2835.0,0.9322,-4.8382,352.3454,10.3761,115.5791,9.1158,24.8382,30.1944,701.9163,149.11,617.0345,107.728,0.0204,-0.0638,0.0071,-0.0044,-0.0255,-0.0009,0.0077,7.6078,0.1346,0.9643,1882.9529,0.198,8600.73,0.0074,-0.0605,-0.0139,-0.1476,0.4672,0.9493,743.232,0.9896,58.4147,0.6049,0.9604,6.2817,15.73,3.865,15.79,15.71,0.8798,0.7124,3.7820000000000005,-2.08,0.7651,2.2749,1007.2276,101.0,207.2,207.1,71.7,381.5441,0.1423,0.1091,0.0708,0.0438,0.0218,10.9638,6.321,11.072,0.0139,0.4,0.0901,692.0,16666.0,0.188,0.03,0.137,5.1,0.424,0.8955,0.1297,0.6706,0.347,1.1329,0.416,0.0666,5.39,16.1,18.352,0.298,17.97,7.93,32.677,123.774,0.0541,0.0498,0.0432,0.0797,0.0257,0.0232,0.1106,0.045,4.3614,0.0729,0.0131,211.9355,0.0874,1558.1001,0.0194,0.0174,0.0326,0.0195,164.3854,4.0631,0.015,0.2717,0.0894,2.6161,27.3998,67.6904,66.1755,0.0393,2.0276,0.0348,1.6371,0.1166,0.0289,319.582,135.7854,670.3318,8994.62525,0.0785,0.0147,0.0571,1.7003,0.0363,0.1233,0.3434,0.0533,0.1229,5.7305,0.1324,7.8588,0.0183,1.6893,5.37,5.9757,0.0879,2.4524,3.0802,10.1794,34.054,0.016,0.0248,0.0179,0.0336,0.0082,0.0112,0.0585,0.0233,1.3291,0.0234,0.0042,62.5957,0.0262,486.1332,0.0088,0.0066,50.3794,1.3208,0.0051,0.083,0.0317,5.8442,0.8984,4.633,6.9148,8.2987,3.3214,42.254,10.7997,8.1448,98.6213,2.6001,1.4256,3.1957,6.4042,41.2168,338.0527,14.5455,1.4974,1.8875,7.041,84.2105,77.8338,12.2922,1.0765,1.4431,1.0456,0.213,5.5263,5.0635,3.3069,7.2586,4.02,2.576,15.0925,9.842500000000001,2.872,6.3074,197.1299,4.6554,11.8952,114.8949,264.9526,60.0362,0.0,581.6124,90.8023,0.0,584.4156,57.3281,1.337,3.0215,1.3566,11.2555,44.1438,0.0,26.1937,676.9231,6.9769,2.0561,22.1176,0.0746,6.9556,4.3245,3.9301,7.1092,72.474,18.57,0.73,8.9601,0.2643,62.1382,4.5638,1.0073,0.6543,0.1406,64.0311,11.969999999999999,0.1663,4.532500000000001,0.0659,4.638249999999999,28.1991,531.4173,2.1444,6.72,0.2056,1.9092,0.0638,1.2645,9.5881,0.018,3.5839,0.0275,0.0108,39.1032
-1.0,2983.51,2244.5,1.2287,90.0089,1.3737,-0.022,0.0163,195.6769,8.3368,416.9612,0.9691,185.7499,12.5224,1.4101,-2560.5,2351.75,1.294,1.993,7.4047,66.7889,2.3444,0.1953,86.9779,8.8356,63.9719,66.3989,86.3856,63.93999999999998,5.041,360.3291,133.6891,734.051,1.3471,138.6655,632.6836,199.1076,4.625,4.877,2860.0,0.9243,-1.02,359.2155,10.536,112.6691,11.7263,21.02,24.7298,709.3212,149.0727,620.9573,171.74984999999998,0.0377,-0.0166,0.0156,-0.0273,0.0051,-0.0305,0.0083,7.438,0.1326,0.97,1758.5897,0.1939,8729.2299,0.0076,-0.0781,0.0164,-0.0677,0.47421335935328657,0.9488,736.0438,0.9893,58.7518,0.6039,0.9711,6.2015,15.68,4.445,15.71,15.6,1.083,0.6738,2.894,-2.458,0.7644,2.3138,992.7452,59.0,144.0,168.9,87.1003,1015.8822,0.5548,0.1501,0.0772,0.10045,0.0198,12.7899,2.745,14.53,0.0144,0.32,0.0718,1341.0,17919.5,0.15,0.022,0.147,1.5,0.536,0.4518,0.2188,0.8643,0.4071,0.7421,0.486,0.07,6.75,22.91,53.191,0.294,20.61,4.27,32.574,43.649,0.0783,0.0438,0.0277,0.0428,0.1213,0.0776,0.0845,0.0565,4.509,0.0334,0.0045,133.7212,0.0349,715.3008,0.016,0.0123,0.02518864253519676,0.0226,73.8534,3.751,0.0457,0.2687,0.1073,7.1978,18.5956,50.6498,59.1328,0.1516,3.4895,0.0447,0.8687,0.0902,0.0198,556.0746,322.9276,2827.9418,8994.62525,0.063,0.0104,0.0635,0.5302,0.0356,0.1522,0.1777,0.085,0.0615,6.0894,0.156,9.8429,0.0215,1.7682,7.1836,17.6139,0.0756,1.329,1.7782,10.1718,12.5914,0.0193,0.0193,0.012,0.0183,0.0341,0.0395,0.0466,0.0306,1.726,0.0134,0.0016,37.89,0.01,266.033,0.007324162940046765,0.0066,24.5558,1.1144,0.0155,0.0931,0.0358,5.2961,2.3114,2.8142,4.8265,6.695,3.8984,76.927,45.1548,10.9265,32.9262,3.4847,1.4905,2.5554,5.0954,249.834,0.0,11.592,1.1039,1.9852,2.2459,46.9194,57.3379,16.2523,0.5194,2.4766,1.3511,0.2199,4.3738,6.8517,4.4258,5.1947,4.8678,3.6211,26.7147,5.9518,2.7904,8.0767,175.7583,4.5923,8.1331,21.8709,207.8991,67.4105,275.2412,443.5101,0.0,277.2765,678.6787,60.622,2.7149,1.3927,0.4681,7.6039,17.9927,886.4865,64.7727,400.0,5.815931773823253,2.3792,10.0338,0.1557,6.3845,4.3331,4.6381,18.4824,76.064,21.21,1.65,10.0912,0.6849,77.6428,5.3126,2.1692,0.2293,0.0465,23.5359,4.98,0.0877,2.0902,0.0382,1.8844,15.4662,530.7036,2.1207,8.4,0.1986,2.8909,0.0572,1.5828,9.363,0.0178,3.5568,0.0275,0.0108,39.1032
-1.0,3232.6099999999997,2165.0333,1.3455,102.1067,1.4205,0.0001,0.0063,198.9121,5.476,407.6407,0.9788,189.0586,12.6122,1.4376,-4035.25,-1337.0,1.308,1.984,7.2877,76.8778,2.0,0.1539,85.038,8.2776,64.3027,65.8701,86.8475,82.25,3.023,351.3355,136.3627,727.6936,1.3734,139.3055,627.0036,200.0515,4.607,4.833,2838.0,0.9334,-0.5045,350.7818,10.4771,115.8582,12.3754,20.5045,27.6111,700.0825,147.9882,614.6282,136.2101,-0.0026,0.0048,0.0873,0.0107,-0.0115,-0.022,0.0387,7.4611,0.1351,0.9915,1780.8664,0.1711,8905.99,-0.025,-0.1488,-0.0003,-0.0343,0.4355159227843257,0.9589,772.4921,0.9914,58.3899,0.5805,0.9794,6.1651,15.89,2.948,15.88,15.78,1.026,0.5064,3.359,-2.789,0.8336,2.3797,1009.8944,91.0,186.4,97.7,46.3,180.339,0.1012,0.2111,0.0624,0.0314,0.0086,11.0412,6.673,8.937,0.0065,0.22,0.0215,527.0,0.0,0.132,0.074,0.065,2.6,0.714,0.5831,0.0865,0.7575,0.3783,0.7197,0.514,0.0835,3.08,16.42,52.569,0.188,24.56,13.42,36.797,120.259,0.0917,0.0423,0.0655,0.0271,0.1078,0.0985,0.1117,0.0573,2.571,0.1109,0.0014,147.1406,0.0508,957.3994,0.0087,0.0139,0.058087617004633274,0.0168,107.9166,3.7339,0.06409999999999999,0.3513,0.0909,5.7761,24.4712,53.079,33.5355,0.0349,2.4991,0.08085,2.0466,0.0618,0.0069,219.9642,171.7214,1130.6507,0.0,0.0662,0.0369,0.0308,0.7446,0.0597,0.2479,0.2333,0.0377,0.1075,5.337,0.1859,7.0615,0.0328,1.2257,5.0909,15.2028,0.0537,4.009,5.2,11.1881,37.8656,0.0242,0.0196,0.0275,0.012,0.0313,0.0496,0.0491,0.0262,0.893,0.035,0.0004,47.5703,0.0149,275.3786,0.013557387607669068,0.005,31.2882,1.0858,0.0204,0.1105,0.0289,5.2393,1.6966,4.0239,5.7662,3.8891,2.1385,19.458,7.5214,14.8606,121.859,2.1924,0.6592,1.7443,1.4983,62.1523,0.0,10.0917,3.7298,0.8919,3.382,65.0,105.2708,20.6531,0.6857,1.0449,1.178,0.3149,4.833,6.248,3.2035,6.0809,2.211,2.6188,26.2777,5.539,1.7944,9.1836,198.4577,5.2561,9.9187,88.2893,0.0,618.59025,31.0335,0.0,854.6638,507.151,148.062,34.4589,2.516,4.5051,0.1454,8.2623,29.7235,0.0,28.0702,195.0,12.967817054118544,1.7546,13.9699,0.0686,6.3947,5.6985,3.8207,14.1912,72.738,22.38,0.69,9.8106,0.2959,94.0647,5.5131,0.9486,0.1228,0.0296,13.2956,4.98,0.0877,2.0902,0.0382,1.8844,15.4662,529.6464,2.032,5.81,0.3435,2.0923,0.0925,1.097,16.9045,0.0107,2.1447,0.0275,0.0108,39.1032
-1.0,3054.52,2165.0333,1.3455,102.1067,1.5263,-0.0028,-0.0001,198.7685,12.3463,424.278,0.9812,188.7675,12.6122,1.3886,-3468.5,7084.9583,1.3113,2.025,7.4195,69.8,2.3,0.1682,84.4668,8.8909,64.1879,66.3049,86.5543,80.01,2.677,361.6655,135.22,740.6781,1.3546,142.3227,639.2082,244.1175,4.582,4.832,2885.0,0.9224,-0.1545,360.6736,10.6066,115.0655,16.9064,20.1545,26.8979,713.7802,146.5627,622.3018,99.0229,0.0004,-0.0401,0.0813,0.0108,-0.029,-0.0088,0.0226,8.2316,0.1383,0.9626,1831.9633,0.1998,8997.84,-0.0435,-0.014,0.0061,0.1089,0.4568,0.9504,787.916,0.9915,58.7766,0.5995,0.982,6.2007,15.82,2.923,15.84,15.73,1.295,0.5104,3.338,0.0473,0.8343,2.4151,1007.144,69.0,153.0,127.0,46.3,180.339,0.1012,0.23175000000000004,0.0622,0.0408,0.0087,10.7341,11.079,7.669,0.0059,0.22,0.0325,818.0,9542.0,0.084,0.182,0.178,2.1,0.651,0.5756,0.1314,0.5726,0.1827,0.7894,0.567,0.2326,6.99,13.23,69.46,0.585,17.52,7.23,22.08,13.024,0.083,0.0595,0.0373,0.0292,0.1142,0.0396,0.1167,0.049,3.9374,0.0651,0.0117,110.4708,0.0245,1517.0,0.0187,0.0117,0.0219,0.0303,126.5813,3.6973,0.0527,0.228,0.0934,3.2496,19.0274,51.5858,38.324,0.0349,2.4991,0.0789,3.4492,0.0618,0.0108,337.2698,169.1082,2276.9016,5307.355,0.0393,0.0933,0.079,0.8292,0.059,0.2123,0.2256,0.0488,0.0725,6.9441,0.1616,4.7959,0.0587,2.0114,3.8595,24.5678,0.183,2.0863,2.8247,6.3151,4.4267,0.0241,0.0263,0.0179,0.0127,0.0282,0.0188,0.0571,0.0212,1.2868,0.0234,0.0039,34.2418,0.0088,508.5281,0.0059,0.0104,45.1862,1.0877,0.0173,0.0754,0.032,6.8693,1.079,3.178,5.009,5.082,2.1385,19.458,7.5214,16.1177,89.7356,1.8075,0.5996,1.7443,2.3376,160.3575,91.8678,6.4061,8.9877,2.3991,3.0086,60.8696,112.9458,18.3622,0.6815,1.4779,0.8921,0.271,5.7235,8.5121,2.4525,17.1692,4.9114,2.0697,28.4535,2.3165,5.5154,4.7191,103.6295,3.0934,7.7641,13.1525,0.0,88.8723,35.9053,0.0,136.7876,0.0,216.5746,47.8326,2.314,2.6155,1.2118,6.0302,12.2636,858.7156,21.3577,0.0,4.7976,3.1855,16.0653,0.046,6.2904,3.6768,3.8656,8.0788,73.56,17.02,1.54,7.7014,0.5953,55.0105,4.179,2.0935,0.1228,0.0296,13.2956,8.8,0.1204,3.2609,0.0501,3.5171,15.1246,532.0064,1.9363,10.89,0.1874,3.9403,0.0554,2.047,9.6762,0.0116,2.293,0.0275,0.0108,39.1032
-1.0,3035.18,2185.1,0.7821,105.8489,1.4102,0.0215,-0.0056,197.0596,10.3451,426.2516,0.9822,187.8524,12.5949,1.4126,-3929.3333,-4467.6667,1.3522,2.0213,7.3197,74.1889,1.6889,0.1282,84.0363,8.0787,64.6246,66.0133,87.1927,80.44,2.841,366.2945,133.3855,741.2968,0.9928,139.5745,639.2545,116.0236,4.604,4.862,2873.0,0.9213,-1.6864,363.9764,10.8472,111.6991,11.54,21.6864,24.3925,716.9043,152.0391,627.7145,171.74984999999998,-0.021,0.08445,0.0372,0.0104,-0.0194,0.0054,-0.10405,7.5255,0.1305,0.9869,1761.789,0.1527,9005.5601,0.0585,0.0028,0.17079999999999998,0.1856,0.441435186787143,0.9457,768.7742,0.9907,58.3385,0.6062,0.9616,6.4155,15.73,2.941,15.75,15.69,0.9649,0.5033,3.154,-2.9329,0.8238,2.2563,998.2901,77.0,188.8,161.2,72.8,349.8301,0.0878,0.0626,0.0523,0.0905,0.0072,8.5596,9.792,18.03,0.0049,0.21,0.0801,353.0,5976.0,0.135,0.181,0.125,2.5,0.37,0.5583,0.1241,0.7029,0.2973,0.7683,0.695,0.177,6.05,15.28,26.056,0.406,12.18,4.2,19.481,41.787,0.1096,0.0541,0.1169,0.0584,0.0693,0.0601,0.0733,0.16615,4.815,0.0817,0.0013,243.4284,0.0298,1166.1006,0.0369,0.0262,0.05399317421367217,0.0296,104.6471,1.6756,0.0356,0.3638,0.0621,1.7353,21.9679,70.8155,57.977,0.0304,2.0229,0.0203,2.962,0.0505,0.0295,160.742,178.6568,1435.5408,2990.3661,0.0651,0.0759,0.0578,0.7253,0.0456,0.1382,0.2299,0.0467,0.1163,7.6239,0.2111,4.8603,0.0436,1.9652,4.1358,8.5489,0.1371,1.3247,1.9079,5.7142,14.4928,0.027,0.0243,0.0516,0.0249,0.0202,0.0262,0.0316,0.08248588237179322,1.9177,0.0261,0.0004,74.1737,0.0099,360.2778,0.011851889640843457,0.0081,33.3518,0.5547,0.0118,0.1124,0.0214,5.3629,0.5492,3.4398,6.2204,6.6117,3.3317,29.127,11.2302,4.439,94.6536,4.2299,0.5016,1.6673,5.6726,72.3278,133.7611,9.9834,8.9549,1.7077,3.3698,53.2895,119.3241,11.3714,0.6644,1.5365,1.0877,0.2935,6.5739,9.9936,2.4461,17.8322,4.3346,2.3903,22.4575,1.8819,3.7429,10.1881,105.5464,2.7174,15.2453,23.4651,522.5268,239.6456,157.0948,663.5548,309.7938,0.0,246.1069,63.9826,2.0684,3.4566,0.135,13.108349999999998,19.5469,250.7177,23.569,0.0,12.779012615153372,3.1287,13.6122,0.0499,2.8723,5.6711,2.7503,4.1294,74.678,15.81,0.59,8.1514,0.2383,60.2185,3.932,0.7901,0.1863,0.0458,19.2044,6.29,0.2867,2.8118,0.1104,2.5009,38.05341532073962,531.7491,1.9611,7.87,0.211,2.9252,0.0664,1.48,10.7575,0.0157,3.1341,0.0275,0.0108,39.1032
-1.0,3111.43,2260.7333,1.2109,91.3367,1.4144,0.0033,-0.0035,197.2581,7.374,409.1487,0.9799,187.7087,12.5949,1.3864,-5422.75,-1794.0,1.2818,1.9492,7.1775,72.2667,2.3778,0.1866,85.3871,8.942,63.8194,66.2825,86.8846,79.9,3.233,352.0127,137.37,729.3941,1.3187,136.0827,625.4655,191.6181,4.601,4.865,2840.0,0.9315,1.6336,350.2345,10.3616,119.0036,12.7646,18.3664,23.0665,706.3276,143.4627,612.7009,113.2341,-0.023,0.0606,0.0865,-0.0156,-0.0007,0.0027,0.0229,8.9904,0.1273,0.9877,1686.7116,0.1646,9254.5498,0.009691593418538674,-0.004019776713916401,-0.019190835474226106,0.00753973508980027,0.45688368444504057,0.9504,789.0842,0.9902,59.0554,0.5983,0.9813,6.3098,15.82,3.129,15.79,15.77,1.361,0.491,3.205,-2.647,0.8414,2.394,1005.1546,86.0,232.7,204.6,58.5,857.5341,0.2844,0.0822,0.0638,0.0446,0.0074,9.8125,9.122,17.246,0.0065,0.21,0.039,631.0,5647.0,0.056,0.107,0.339,4.3,0.235,0.7807,0.0722,0.6149,0.3441,0.9537,0.397,0.0936,7.59,14.68,37.171,0.247,19.79,5.11,27.641,22.871,0.0707,0.0773,0.0514,0.021,0.0421,0.021,0.0656,0.0449,2.2534,0.0557,0.0054,172.1753,0.0515,1120.0,0.019748070816288207,0.015431322174979148,0.053248937329187174,0.0144,105.0339,2.5755,0.0438,0.34,0.0883,3.5913,25.3301,73.7997,65.1047,0.0906,2.0506,0.0235,2.8521,0.0505,0.0137,278.215,124.5482,4245.4823,2557.4966,0.0251,0.048,0.1473,1.4379,0.0524,0.0802,0.3207,0.0277,0.1129,4.987,0.1443,7.3365,0.0247,2.3879,4.9437,10.5697,0.0668,1.3822,2.2466,8.8747,6.5148,0.0171,0.0348,0.0233,0.0101,0.0124,0.0092,0.0319,0.0223,0.8009,0.0181,0.0016,50.6582,0.0195,298.8759,0.011321706895230989,0.0041,28.0441,0.7469,0.0149,0.1072,0.0326,5.8508,1.2499,3.8767,7.4789,8.091,2.5877,43.5344,23.4878,5.8119,123.7049,4.2151,0.661,1.6673,2.8109,162.7956,314.7715,4.369,5.4893,4.7231,5.9502,84.1121,97.5581,7.2285,0.9143,0.8079,0.9635,0.3085,4.7612,4.1348,3.134,7.1004,5.5775,2.3471,19.3985,5.2799,2.3838,6.067,155.0381,3.9133,7.463,20.198,307.4749,86.7078,24.2704,269.8718,0.0,0.0,195.6427,25.0648,1.6491,2.3416,0.5464,10.2077,31.2562,241.5417544139255,52.93452167081968,284.47445159373115,11.327808883024872,1.5117,13.3109,0.1144,4.3612,5.3885,3.6878,9.0785,78.648,17.96,0.72,8.4419,0.2995,56.0766,4.4152,0.9155,0.6543,0.1406,64.0311,5.91,0.1769,2.3651,0.0724,2.1317,32.7952,530.2409,1.9614,11.54,0.2936,3.8239,0.084,2.1764,14.9692,0.0136,2.7184,0.0354,0.0181,51.0695
-1.0,3005.05,2168.7,0.8484,108.0122,1.5366,0.0176,-0.0073,203.2557,9.3399,403.723,0.9676,193.3372,12.4845,1.4137,-2660.6667,6024.5,1.348,2.0257,7.4407,70.1333,2.2333,0.1703,86.5682,9.3868,64.4245,65.971,87.4684,80.46,3.354,345.7055,133.8736,719.7108,0.9766,137.6873,617.2664,118.8533,4.575,4.812,2829.0,0.9329,-1.4973,348.0673,10.44,112.3764,8.4831,21.4973,23.5232,696.1876,150.6918,611.1355,171.74984999999998,-0.0086,-0.0094,0.0009,0.0115,-0.0125,-0.0203,0.0095,7.4499,0.132,0.9846,1822.5526,0.1696,8716.6,0.0515,0.0037,0.0214,0.007,0.4643,0.9473,761.5831,0.9894,58.5025,0.5992,0.9657,6.165,15.82,3.129,15.79,15.77,1.361,0.491,3.205,-2.647,0.8414,2.394,1005.1546,93.0,94.3,94.0,56.5,438.284,0.108,0.2085,0.0699,0.0493,0.0179,5.0765,7.87,9.384,0.0132,0.44,0.0559,462.0,2477.0,0.23,0.107,0.112,2.3,0.526,0.7097,0.0417,0.5549,0.3663,0.7793,0.354,0.1601,12.95,20.02,32.688,0.63,12.15,5.26,37.148,52.372,0.1102,0.0464,0.0323,0.0715,0.1084,0.0434,0.08,0.0637,2.9369,0.0792,0.0053,104.1697,0.0568,1083.5,0.0124,0.0099,0.0496,0.014,123.1926,3.0166,0.0209,0.2614,0.0883,3.5913,27.7138,36.4297,27.1064,0.0379,3.2327,0.068,2.2182,0.1405,0.0213,227.61,342.7024,1776.4865,1751.5035,0.0948,0.0444,0.0508,0.8529,0.0701,0.2018,0.284,0.0183,0.1219,6.2342,0.1103,9.6841,0.0435,3.5685,6.917,10.3035,0.1807,1.6349,2.384,10.6321,15.6712,0.0291,0.024,0.0142,0.0363,0.0307,0.0203,0.0454,0.0348,1.0404,0.0268,0.0018,36.4311,0.0171,364.701,0.0135,0.0047,42.0365,0.8757,0.0074,0.0952,0.0326,5.8508,1.2499,4.2142,3.1381,3.7446,2.6052,48.9383,12.7335,13.5691,84.2621,2.3244,1.3634,3.5244,3.9577,126.8855,41.1154,17.0623,5.282,1.5052,3.2795,85.0746,145.5969,15.7104,0.8198,0.4446,0.8613,0.5342,5.7679,13.5053,4.7384,16.3929,9.4054,3.2433,27.5028,6.6347,6.0345,16.9253,143.2267,5.3359,20.0615,29.0089,0.0,60.3577,0.0,944.6623,345.8167,393.6039,668.7664,39.4215,3.0295,3.3954,0.5381,5.7156,33.4699,983.8509,41.1429,0.0,10.6923,1.4729,16.1759,0.088,5.1563,4.2404,3.6878,9.0785,77.624,8.82,0.96,3.9793,0.368,64.1071,2.1752,1.2367,0.1228,0.0296,13.2956,8.93,0.1653,3.1845,0.0695,3.3056,22.517,529.9445,1.974,7.91,0.2824,2.6691,0.094,1.4926,14.3055,0.0133,2.6718,0.0354,0.0181,51.0695
-1.0,3171.54,2168.7,0.8484,108.0122,1.3981,-0.0351,-0.0096,203.9833,7.2911,419.3995,0.9548,194.5565,12.499,1.4402,-3885.5,-235.25,1.2995,1.9797,7.273,75.8667,1.9778,0.1427,84.3569,8.322,64.5182,66.0788,86.7285,82.3,3.178,348.4909,131.7664,721.3004,1.3747,147.9545,628.2118,207.4551,4.593,4.868,2834.0,0.9312,4.0809,348.4282,10.4983,115.8473,13.4254,15.9191,19.9076,701.3928,150.5109,614.7864,106.1224,-0.0364,-0.0326,0.0127,-0.0197,-0.0072,-0.0162,0.0156,7.7537,0.1402,0.9875,1757.4284,0.1775,8373.9599,0.0571,-0.0558,-0.0028,0.058,0.4347051008543019,0.9521,712.0192,0.9891,58.8463,0.5928,0.9701,6.2812,15.79,2.962,15.79,15.73,1.418,0.4645,3.204,-1.986,0.8529,2.4079,1003.8907,92.0,102.4,142.7,56.5,438.284,0.108,0.09,0.06,0.0413,0.0326,4.7623,5.583,18.191,0.0214,0.34,0.0375,998.0,1982.0,0.083,0.091,0.087,2.6,0.413,0.6332,0.1293,0.5371,0.2589,0.6776,0.28,0.1501,7.64,21.1,62.453,0.45,21.33,18.43,31.222,29.704,0.0783,0.0588,0.0342,0.0354,0.0876,0.0641,0.0758,0.0884,6.0961,0.0303,0.0023,82.614,0.081,1188.6001,0.0141,0.0155,0.050300661210024966,0.0273,122.4052,4.0698,0.039,0.2211,0.0923,3.6143,24.8926,38.6309,47.7378,0.0379,3.2327,0.0274,1.8997,0.0993,0.0128,425.531,206.664,1585.1117,887.2765,0.0387,0.0432,0.0404,0.8093,0.0189,0.1608,0.2545,0.0523,0.1076,6.0733,0.0922,8.9913,0.0498,1.8805,6.1305,19.8157,0.1315,5.248349999999999,6.2076,11.224,8.3462,0.0208,0.0264,0.0143,0.0169,0.0276,0.0358,0.0403,0.0438,1.9537,0.0108,0.0007,23.795,0.0241,342.0941,0.01350116812177033,0.0086,37.0969,1.1606,0.0117,0.0831,0.0304,4.9215,1.185,4.0067,3.2287,5.8583,2.6052,48.9383,12.7335,6.4372,76.5729,4.3374,2.2414,2.7202,2.6052,99.318,842.508,6.3871,4.5965,1.1962,3.4271,60.6742,40.6542,11.9169,0.7506,1.5532,0.8325,0.1009,5.7763,13.0306,4.1926,10.9156,5.1637,3.3587,30.1043,6.9002,4.2864,17.537999999999997,158.8777,4.4514,19.8195,27.9903,214.8148,195.3488,278.1925,445.3765,890.2778,467.9012,566.6667,78.6222,1.7827,1.2861,0.229,4.7008,45.6481,729.4118,31.7181,360.0,12.048223543787001,2.871,17.1913,0.0934,6.9159,3.52,3.8326,9.0807,73.254,14.53,1.33,6.7381,0.5058,27.0176,3.6251,1.8156,0.1348,0.0358,13.7863,4.98,0.0877,2.0902,0.0382,1.8844,15.4662,530.3364,2.027,9.92,0.2944,3.4462,0.1001,1.8705,14.5257,0.0091,1.8104,0.0354,0.0181,51.0695
-1.0,2990.36,2209.9555,2.1685,85.7689,1.4377,-0.0125,-0.0199,203.5814,8.5868,406.2107,0.9653,193.5931,12.499,1.4409,-3028.5,-5150.5,1.2853,1.9845,7.1285,69.1556,2.5333,0.193,86.1541,8.9036,64.0553,66.3221,86.4182,81.44,3.069,364.4873,135.0127,741.4034,0.9356,137.6482,637.1482,109.3595,4.61,4.849,2875.0,0.9224,2.8464,364.3018,10.5541,117.8591,7.9772,17.1536,23.024,718.3794,147.8364,629.9973,93.6518,-0.0242,0.0617,0.0053,-0.0069,-0.042,0.0108,0.0278,7.5748,0.1351,0.9864,1797.81,0.1625,9304.01,0.0278,0.0223,0.0328,0.1909,0.4329937870836956,0.9477,791.8654,0.9891,58.9075,0.6023,0.9799,6.1992,15.82,3.129,15.79,15.77,1.361,0.491,3.205,-2.647,0.8414,2.394,1005.1546,116.0,71.1,84.7,51.3,299.6309,0.6169,0.0526,0.0903,0.0443,0.0209,5.019,5.308,5.621,0.015,0.34,0.0307,709.0,11332.0,0.084,0.117,0.203,2.5,0.55,0.6969,0.1102,0.5171,0.273,0.7748,0.837,0.1345,8.87,13.05,15.187,0.428,9.6,10.93,23.419,70.494,0.1045,0.097,0.0323,0.0478,0.0756,0.0898,0.0888,0.0784,2.1727,0.0878,0.0023,96.7629,0.0226,1182.7998,0.0214,0.0231,0.03524180573780289,0.0315,117.9908,4.2774,0.0414,0.3374,0.0883,3.5913,28.4598,19.3271,25.8442,0.2094,1.81,0.0186,1.9444,0.0993,0.014,310.1283,149.2344,5823.189049999999,5339.5293,0.0359,0.0547,0.0928,0.9315,0.0479,0.1549,0.2493,0.0447,0.0885,9.080550000000002,0.3144,4.7112,0.0444,3.0932,3.5722,5.0784,0.1346,3.4577,4.0965,6.6877,24.1549,0.0303,0.0397,0.0149,0.0257,0.023,0.0385,0.0465,0.0357,0.8185,0.0287,0.0007,30.1005,0.0066,379.5785,0.010129884919265513,0.0097,35.4625,1.2116,0.0144,0.1082,0.0326,5.8508,1.2499,5.2454,2.3776,3.3044,2.3213,12.8864,28.4484,3.6587,61.8157,1.3838,1.5548,2.7202,2.1307,298.58439999999996,220.0175,6.5357,5.8957,2.8477,3.615,59.2105,77.7202,16.753,0.8089,1.2376,0.8073,0.1431,7.062,10.8582,2.5171,14.3775,6.444,2.0482,13.8872,1.9488,4.0553,4.726,120.3431,3.26,22.2208,75.2724,430.9278,110.3841,764.9995,0.0,213.8095,820.3233,282.0144,28.6839,2.516,3.5762,0.2365,5.3823,13.8819,260.0985,55.6818,833.3333,10.130992105972934,3.3208,14.9004,0.1433,7.2612,5.443,3.6878,9.0785,72.302,15.79,1.67,7.0519,0.6902,28.9219,3.8949,2.3098,0.1228,0.0296,13.2956,4.98,0.0877,2.0902,0.0382,1.8844,15.4662,530.3364,2.027,9.92,0.2944,3.4462,0.1001,1.8705,14.5257,0.0148,2.9582,0.0354,0.0181,51.0695
-1.0,3023.37,2179.1111,0.8117,103.5033,1.4868,0.0005,0.0038,197.5623,10.5868,419.4208,0.9783,188.0934,12.5651,1.3908,-5040.75,-265.5,1.316,1.9952,7.2278,67.8222,2.9,0.2059,84.7907,8.9191,64.4096,66.3044,86.3671,79.82,2.955,367.5591,130.4027,739.9435,1.4293,142.7645,640.7264,198.0633,4.595,4.812,2889.0,0.9179,3.6536,366.2618,10.5905,114.0564,17.1628,16.3464,24.5324,715.4112,143.2455,623.5636,117.6485,-0.0086,-0.0553,0.0073,-0.016,-0.006,-0.0101,-0.0213,7.5957,0.1242,0.9923,1793.9917,0.2126,8546.12,0.1025,0.026,0.0047,-0.0238,0.4641,0.9489,729.0667,0.9893,58.9169,0.5949,0.9657,6.2488,15.87,2.865,15.89,15.77,1.465,0.4958,3.348,-2.647,0.8037,2.3867,1009.8822,87.0,115.5,58.6,63.5,372.808,0.0936,0.0919,0.049,0.0382,0.0073,6.1893,7.574,7.942,0.0046,0.18,0.0506,527.0,2444.0,0.115,0.084,0.262,3.7,0.545,0.7512,0.1471,0.5818,0.3179,0.9534,0.826,0.1851,5.02,18.34,57.131,0.658,17.44,6.55,23.312,80.201,0.0998,0.0444,0.0406,0.0226,0.0929,0.1527,0.1005,0.16615,3.6502,0.0374,0.0011,65.668,0.0718,1090.3994,0.0225,0.0226,0.0302,0.0342,110.876,1.6181,0.0415,0.1659,0.0993,3.3744,26.3811,37.0108,19.3682,0.0323,1.8941,0.029,3.0353,0.0543,0.0188,241.4903,182.8706,1656.7,1175.0828,0.0573,0.0398,0.11,1.0604,0.0569,0.1696,0.2677,0.0564,0.0738,7.7119,0.2628,4.9378,0.0499,1.2864,5.2886,15.6415,0.2182,1.9649,2.9499,6.9058,22.4163,0.0299,0.0222,0.0189,0.0111,0.0229,0.0668,0.0517,0.08248588237179322,1.4027,0.012,0.0003,16.8243,0.021,410.3124,0.009,0.015,46.3246,0.4918,0.0122,0.0527,0.0335,5.4061,0.9756,3.8969,3.8202,2.2763,2.914,28.5496,11.5332,6.1809,71.5418,1.8936,0.4747,1.4325,3.6381,69.6127,878.8110999999999,8.7386,4.21,3.6249,5.4554,44.8276,95.197,16.0656,0.8859,1.649,0.9033,0.3075,6.8696,10.0611,2.5626,12.9538,3.5163,2.8624,28.8448,1.9247,6.2131,6.5582,101.6153,3.2585,10.9102,68.17,0.0,242.623,309.589,581.079,0.0,997.5186,834.3126,48.0569,1.6102,1.5832,0.1086,3.6604,33.7939,818.0995,36.8664,1000.0,6.5001,3.6057,15.2079,0.1631,2.7465,2.655,4.1586,8.9021,74.286,13.82,0.7,6.4975,0.2677,47.3789,3.5009,0.9423,0.6543,0.1406,64.0311,8.89,0.2085,3.3982,0.0831,3.4927,34.9771,531.0418,2.0433,9.82,0.3602,3.5086,0.0997,1.8492,17.6298,0.0146,2.899,0.0354,0.0181,51.0695
-1.0,3232.6099999999997,2175.1222,1.2964,105.9689,1.44,0.0108,0.0029,205.856,11.0311,417.7755,0.9783,195.4498,12.4804,1.4373,-6375.125,-931.3333,1.3165,2.0002,7.2818,71.5,2.3,0.1698,86.899,9.3181,64.1792,65.8829,87.4062,78.7,2.932,365.5291,131.9036,740.4667,1.3547,143.1909,640.6236,206.4754,4.587,4.822,2881.0,0.9226,-1.4355,363.1909,10.8245,110.4682,18.8672,21.4355,29.2212,711.2455,148.0973,621.7564,114.3271,-0.0015,-0.0552,-0.0002,-0.0304,-0.0093,-0.0104,-0.0023,7.8441,0.1424,0.988,1821.331,0.1966,8934.2302,0.0134,0.0046,-0.0001,-0.1008,0.4217006157501573,0.9489,779.6213,0.9893,57.818,0.5947,0.9662,6.3769,15.82,2.923,15.84,15.73,1.295,0.5104,3.338,0.0473,0.8343,2.4151,1007.144,94.0,128.3,196.2,45.8999,457.5159,0.1061,0.1148,0.0567,0.0403,0.0095,5.0221,3.091,6.378,0.0067,0.25,0.0432,213.0,17919.5,0.006,0.141,0.297,2.9,0.391,0.5745,0.1364,0.6106,0.3029,0.6595,0.539,0.246,2.84,14.43,50.679,0.591,15.07,6.72,16.059,38.027,0.0751,0.045,0.0301,0.0448,0.0574,0.0577,0.0917,0.1458,4.0039,0.0372,0.002,154.7939,0.1254,2283.7002,0.0135,0.0108,0.0,0.0142,222.4624,4.2645,0.0366,0.2346,0.0934,3.2496,24.9295,44.8455,56.8315,0.0355,1.6286,0.0455,1.0334,0.0673,0.0144,92.7613,24.5289,5484.9845,8994.62525,0.0026,0.0589,0.1398,0.8216,0.0625,0.1299,0.2319,0.0558,0.109,7.3664,0.1778,4.1547,0.0641,0.8384,4.2986,15.6141,0.1609,2.0161,3.0434,5.1637,11.5997,0.0201,0.024,0.0132,0.025,0.0139,0.0255,0.0463,0.0781,1.4935,0.0117,0.0005,47.9904,0.0374,675.1088,0.0,0.0052,67.9634,1.2933,0.0111,0.0642,0.032,6.8693,1.079,4.2548,3.9425,8.1827,2.1102,45.5465,8.1812,7.9722,28.0208,1.5267,0.6849,2.0031,3.0049,123.1468,0.0,0.4558,7.0491,4.0787,4.0559,100.0,112.5,11.1782,0.6611,1.4633,0.9514,0.2182,5.8819,10.2954,2.1056,18.1623,1.9834,2.2525,24.5448,1.7635,5.4599,7.3596,79.8739,2.2579,12.6428,33.2616,0.0,52.189,0.0,188.8158,620.4301,879.6163,0.0,51.043,1.2643,1.5603,0.2055,8.4989,63.31987047269746,0.0,25.9542,0.0,0.0,1.4912,28.5347,0.125,7.3757,3.6796,3.8656,8.0788,72.246,18.33,0.96,7.8192,0.4218,55.787,4.4989,1.3288,0.1653,0.0407,17.2047,4.98,0.0877,2.0902,0.0382,1.8844,15.4662,531.8136,2.0854,7.01,0.3551,2.4389,0.1168,1.3181,17.0283,0.015,3.0023,0.0354,0.0181,51.0695
-1.0,3026.07,2170.7444,1.3753,104.2989,1.5905,-0.0142,-0.01,205.0802,14.3905,419.9709,0.9708,194.6546,12.5008,1.4044,-3989.25,6590.25,1.3008,1.9915,7.3697,67.3778,2.0889,0.17,85.9512,8.6799,64.2459,66.3052,86.3671,63.93999999999998,4.938,349.3745,138.7818,730.3033,0.928,134.0636,622.22,119.3484,4.606,4.878,2835.0,0.9322,-0.7155,352.35,10.3622,118.0664,7.7333,20.7155,25.1172,705.1861,146.4736,616.89,112.0181,-0.0117,-0.0073,0.0065,-0.042,-0.0479,-0.0229,0.028,6.5289,0.1211,0.9837,1802.2125,0.1709,9105.8999,-0.0262,-0.0298,-0.0137,-0.0109,0.4568,0.9409,765.8084,0.9891,59.0096,0.5985,0.9609,6.2762,15.82,2.923,15.84,15.73,1.295,0.5104,3.338,0.0473,0.8343,2.4151,1007.144,200.0,233.5,143.5,46.0999,237.8619,0.1238,0.23175000000000004,0.11930000000000002,0.0429,0.0209,8.0856,15.53,5.034,0.0133,0.21,0.0695,280.0,17919.5,0.108,0.028,0.189,2.7,0.592,0.5097,0.1758,0.4648,0.2776,0.8607,0.295,0.045,5.05,20.16,12.519,0.295,14.09,8.52,33.69,80.755,0.0927,0.0443,0.0262,0.0523,0.0576,0.16729999999999995,0.1061,0.0675,4.3905,0.0354,0.0022,99.8567,0.0402,972.7002,0.0166,0.0145,0.0289,0.0296,102.1064,2.9017,0.0238,0.2232,0.0934,3.2496,43.4094,72.4006,41.4406,0.0448,2.329,0.08085,4.96435,0.0588,0.0242,123.9634,165.1754,846.7103,7778.5912,0.0465,0.0137,0.0865,0.7759,0.0319,0.1927,0.1858,0.0771,0.0834,5.9531,0.0831,7.4118,0.0147,1.6903,6.6129,3.488,0.0946,2.642,3.581,10.3052,25.5274,0.0245,0.0212,0.012,0.0255,0.0157,0.0887,0.0525,0.0331,1.5598,0.0129,0.0007,31.4156,0.0115,283.4678,0.0076,0.0087,29.8665,0.9934,0.0081,0.0799,0.032,6.8693,1.079,9.053150000000002,7.7163,5.8575,2.1237,21.0856,9.0017,16.014,107.9188,1.1987,1.3654,1.6799,4.9467,48.3299,288.7599,8.3029,1.406,2.5645,4.0073,52.6596,56.4706,17.0731,0.593,2.0256,0.7235,0.2686,5.6072,5.3249,3.1866,4.853,3.7669,3.24,10.4895,9.842500000000001,2.8469,7.3433,182.1982,4.7775,14.635,72.091,794.4296,87.636,764.9995,137.0613,643.8413,462.8135,241.2869,67.2463,2.6422,1.4465,0.2242,5.5408,23.503,0.0,34.7032,850.0,6.3209,3.1408,13.3332,0.1198,4.9173,3.5559,3.8656,8.0788,79.522,21.47,1.29,10.0385,0.5392,27.2966,5.2725,1.6222,0.1898,0.0391,19.874,10.34,0.1345,3.7042,0.0571,3.8854,14.7546,532.6327,2.1085,7.77,0.2588,2.7003,0.0793,1.4588,12.2751,0.0111,2.2144,0.0354,0.0181,51.0695
-1.0,2932.1,2228.9445,1.2895,100.6867,1.3561,0.0014,-0.0073,199.9792,11.7502,419.8425,0.9626,189.9259,12.4727,1.3977,-2654.75,2877.5,1.2745,2.0265,7.2927,75.6556,1.9667,0.152,85.5246,8.2832,64.482,66.0304,87.3204,63.93999999999998,4.515,347.6245,140.2764,730.3407,0.9557,138.8645,626.7655,116.3638,4.607,4.833,2838.0,0.9334,0.3209,349.9173,10.3437,120.5973,8.0241,19.6791,20.8865,709.4542,152.2127,622.7273,171.74984999999998,-0.0111,0.0264,0.0894,0.022,0.0045,-0.0238,0.0643,7.3388,0.135,0.9805,1860.7262,0.2251,9054.88,0.0774,-0.0009,-0.0219,0.004,0.4574722039327621,0.9553,608.6508,0.9894,58.3648,0.5916,0.9765,6.5339,15.89,2.948,15.88,15.78,1.026,0.5064,3.359,-2.789,0.8336,2.3797,1009.8944,98.0,120.5,145.4,61.1001,1015.8822,0.3707,0.0755,0.0838,0.0381,0.0244,6.7457,13.348,10.574,0.0198,0.37,0.0519,284.0,17919.5,0.146,0.144,0.333,2.7,0.399,0.6555,0.1063,0.426,0.158,0.7429,0.544,0.0985,5.98,14.5,11.013,0.246,12.04,6.66,30.024,56.499,0.0893,0.0553,0.0327,0.0385,0.1391,0.0606,0.0675,0.053,5.521,0.0636,0.0069,99.9438,0.1254,621.1992,0.0098,0.0076,0.040815277478430834,0.0111,58.4838,1.8129,0.0168,0.422,0.0909,5.7761,28.7275,46.9663,52.6117,0.1073,2.8962,0.0245,3.6012,0.1091,0.0179,122.1676,142.8787,1529.4305,8712.128,0.0658,0.0594,0.1539,0.9671,0.0489,0.1478,0.2855,0.0488,0.072,4.6893,0.1398,7.6328,0.0278,2.0584,4.6014,3.2904,0.0695,1.9052,2.5905,9.5848,16.3003,0.0271,0.0243,0.0136,0.0161,0.0397,0.0302,0.0381,0.0246,1.8224,0.0193,0.0024,32.8281,0.0374,189.5159,0.008178258282216796,0.0044,22.2042,0.6174,0.0054,0.1306,0.0289,5.2393,1.6966,4.4811,4.1097,6.1475,2.7412,77.0342,28.7493,5.5676,113.5982,2.5186,2.0529,2.9665,3.7125,122.9494,635.8645,11.4555,7.1058,4.5662,3.5688,50.8475,83.5526,12.0128,0.7664,1.2833,0.6606,0.2379,4.4444,4.7549,3.3627,10.31,4.3064,2.3135,9.4643,5.539,2.3782,5.9952,150.0484,4.232,4.9777,30.6059,804.0518,116.6667,43.0528,631.9137,0.0,283.9117,82.3941,75.2308,3.4803,2.6935,0.7044,5.3712,63.31987047269746,565.5814,58.2716,0.0,7.118681559710321,1.1653,9.6798,0.1413,3.1061,6.4592,3.8207,14.1912,75.862,15.43,1.74,7.0141,0.6458,40.1093,3.8823,2.2936,0.6367,0.1257,65.1247,11.969999999999999,0.1258,4.2559,0.0514,4.4091,22.0105,531.7491,1.9611,7.87,0.211,2.9252,0.0664,1.48,10.7575,0.0137,2.7308,0.0354,0.0181,51.0695
-1.0,3035.89,2243.8556,2.1422,89.4944,1.4033,0.0232,-0.0035,193.9097,7.1146,430.2423,0.9793,184.5526,12.58,1.3953,-4439.5,-1792.5,1.2965,2.001,7.268,68.0444,2.5111,0.1983,86.4883,8.6544,65.0056,66.2357,86.33,80.67,2.584,352.5582,138.0909,731.1208,0.8997,134.16,624.8091,105.3656,4.596,4.874,2846.0,0.931,-4.4109,353.3173,10.6435,113.68,9.4055,24.4109,29.809,701.3118,148.4064,615.4036,98.5135,-0.0248,-0.0102,0.0623,-0.009,-0.0107,-0.0272,0.041,7.8257,0.1307,0.9868,1823.4487,0.1998,8628.6799,-0.028,-0.0335,0.0371,0.0629,0.4653377939114619,0.9353,730.2174,0.9907,59.4322,0.5849,0.9626,6.3649,15.84,3.467,15.88,15.75,1.111,0.5657,3.357,-2.553,0.8014,2.4241,1016.53,128.0,182.6,154.0,60.8999,181.5471,0.4832,0.1201,0.0475,0.0526,0.008,10.0867,11.025,10.697,0.006,0.19,0.0625,626.0,3495.0,0.213,0.153,0.107,2.3,0.442,0.5744,0.2043,0.3145,0.2238,0.8116,0.595,0.1032,3.69,16.77,34.412,0.235,17.35,8.15,28.884,79.306,0.0785,0.0604,0.036,0.076,0.0503,0.0809,0.0682,0.1054,2.2705,0.0301,0.0014,78.3778,0.0401,651.0996,0.0123,0.0172,0.060203508161499025,0.0276,89.1974,2.3847,0.0348,0.2835,0.1004,2.2685,34.4524,60.1817,52.5811,0.1708,1.9891,0.0382,4.1292,0.0544,0.0252,267.6769,251.0861,1293.2013,1541.9763,0.1043,0.0642,0.0457,0.8187,0.0201,0.1435,0.2051,0.084,0.0646,6.3011,0.1619,6.7671,0.0283,1.1763,5.1813,10.2697,0.0636,2.4854,3.233,9.0173,24.563,0.0199,0.0253,0.0153,0.034,0.0139,0.0389,0.0355,0.046,0.7583,0.0111,0.0004,26.4673,0.0136,229.5962,0.01144087858426523,0.0103,27.0529,0.8773,0.0109,0.085,0.0368,4.5354,0.9327,5.8803,6.0147,6.383,2.7141,8.2182,22.5556,8.5586,154.9622,2.4863,0.6131,1.5103,4.4815,67.7329,194.9791,16.4288,7.6462,1.4722,3.3801,31.8584,36.8067,12.9885,0.6641,2.3603,0.4338000000000002,0.3039,6.1295,5.9309,2.9883,11.4729,2.7504,2.684,32.6596,5.984,2.2079,5.0668,184.4672,4.1186,19.5896,80.5026,315.9748,363.3083,122.0393,556.955,756.0748,251.1971,257.23,29.0135,2.6012,1.2453,0.139,4.2983,20.0645,0.0,34.6535,733.3333,12.133502149999456,2.9517,12.2152,0.0853,4.0126,4.4535,4.1427,5.8424,73.5,15.91,1.0,7.1614,0.3767,21.344,3.979,1.3605,0.1863,0.0458,19.2044,4.98,0.0877,2.0902,0.0382,1.8844,15.4662,530.1782,1.9155,10.78,0.2805,3.4542,0.0941,2.0333,14.6455,0.0111,2.2281,0.0354,0.0181,51.0695
-1.0,3098.02,2244.5,1.2287,90.0089,1.3625,-0.0015,0.0163,196.9877,4.2312,396.6128,0.973,187.0746,12.498,1.4173,-3297.25,-1384.3333,1.2873,1.9843,7.12,72.8778,2.2444,0.1888,83.6085,9.0942,63.8835,66.3203,86.7663,79.86,3.2,351.2109,139.5055,732.5259,1.341,138.3,629.0164,196.9505,4.596,4.86,2837.0,0.9331,-5.7473,351.6664,10.5681,113.7582,16.4128,25.7473,34.1825,698.3434,147.1791,612.6036,104.7147,0.0,0.0425,0.0141,0.0063,0.0057,-0.056650000000000006,0.0214,6.0117,0.1411,0.9882,1838.8758,0.1924,9134.2399,-0.0235,-0.0995,-0.0388,-0.1028,0.4609711405802931,0.9615,730.94,0.9867000000000001,57.324,0.5985,0.9678,6.3315,15.89,2.948,15.88,15.78,1.026,0.5064,3.359,-2.789,0.8336,2.3797,1009.8944,119.0,171.3,128.6,87.1003,1015.8822,0.5548,0.1378,0.0783,0.0452,0.016,10.3148,4.142,15.589,0.0116,0.29,0.028,710.0,4159.0,0.094,0.072,0.18,4.9,0.552,0.6419,0.1024,0.5604,0.2702,1.0777,0.533,0.086,7.78,16.14,66.617,0.179,14.66,5.76,23.471,61.177,0.0941,0.0403,0.0604,0.0743,0.1041,0.0958,0.0327,0.0678,6.8374,0.0288,0.0015,144.6616,0.033,826.0996,0.0227,0.0147,0.053806223626494676,0.0244,128.9067,5.3973,0.0377,0.2386,0.0909,5.7761,29.5241,58.3939,38.693,0.1516,3.4895,0.0523,1.3519,0.08,0.0098,336.123,246.7203,638.3366,2094.6456,0.0437,0.034,0.0804,1.3498,0.0437,0.1616,0.2533,0.0428,0.0853,5.9758,0.1567,7.2989,0.0268,2.1346,5.2341,21.7564,0.052,1.4373,1.5965,7.4106,19.7679,0.0242,0.0174,0.028,0.0324,0.0295,0.0452,0.015,0.0367,1.9936,0.0116,0.0005,45.7862,0.0116,278.1191,0.012816073411453978,0.0072,36.4749,1.4845,0.0119,0.0832,0.0289,5.2393,1.6966,5.47,5.5293,5.355,3.8984,76.927,45.1548,10.1139,97.8923,3.9305,1.1885,2.3204,1.9734,42.8842,300.4334,7.3024,3.6286,2.5281,6.7236,40.099,63.5668,16.3939,0.7677,1.1264,0.8772,0.1642,5.0995,6.3868,3.2303,6.4142,5.6255,2.5659,33.8242,5.4373,1.6938,4.1667,89.3206,3.361,12.2164,58.4225,0.0,618.59025,526.9504,0.0,0.0,57.3181,316.0839,107.56075,1.8425,1.2143,0.1474,7.8669,17.154,0.0,90.8475,194.3925,11.722690511338332,2.534,17.6357,0.2082,9.4155,3.7685,3.8207,14.1912,73.5,15.91,1.0,7.1614,0.3767,21.344,3.979,1.3605,0.2293,0.0465,23.5359,4.98,0.0877,2.0902,0.0382,1.8844,15.4662,528.7673,1.9809,6.95,0.2234,2.229,0.0615,1.3144,11.28,0.0131,2.6195,0.0119,0.0089,74.372
-1.0,2982.89,2182.0222,1.3267,103.1978,1.5535,-0.0061,-0.0117,198.5135,8.9453,404.9665,0.9748,188.823,12.5167,1.4118,-3749.25,-67.5,1.288,2.0027,7.3025,67.9,2.6333,0.209,83.6681,8.8546,64.5531,66.2479,86.4099,80.2,2.541,367.2636,135.8509,746.777,1.3361,141.3964,644.5109,188.8318,4.602,4.838,2881.0,0.9178,-0.0945,365.5164,10.6015,115.7564,14.35,20.0945,27.6705,719.1065,148.8882,630.1609,124.6842,-0.0119,-0.0242,0.0125,-0.0079,-0.0606,-0.0034,-0.0141,8.5157,0.1389,0.987,1759.2487,0.2118,8549.4899,-0.0371,-0.0846,0.0371,-0.1246,0.46545362417974045,0.9497,742.6392,0.9904,59.4125,0.5968,0.9678,6.2463,15.71,2.964,15.71,15.68,0.9413,0.5104,3.158,-2.458,0.8036,2.2954,991.3567,131.0,147.9,151.9,67.5,254.41,0.1557,0.125,0.0251,0.0505,0.0133,5.6416,10.596,6.942,0.01,0.4,0.0568,1130.0,488.0,0.088,0.047,0.134,2.0,0.404,0.6139,0.1212,0.6329,0.3926,0.9048,0.627,0.2326,6.42,15.42,48.979,0.646,18.64,9.51,24.158,50.44,0.0683,0.0629,0.0363,0.0484,0.0662,0.0519,0.1121,0.1318,1.8545,0.0594,0.0011,243.4284,0.1114,1161.5005,0.0206,0.0097,0.04299565659579643,0.0384,119.5759,1.3596,0.0197,0.2188,0.0686,3.7145,30.9327,52.2122,50.5097,0.0581,1.8507,0.0427,3.0621,0.1166,0.0182,465.3818,113.3931,253.0999,221.8731,0.0361,0.0214,0.0581,0.7517,0.0457,0.1307,0.2229,0.0471,0.1229,6.8762,0.178,5.2957,0.0685,2.0439,4.2466,13.7168,0.1581,2.7652,3.5611,6.9809,18.7512,0.0179,0.0274,0.0154,0.0201,0.0206,0.0234,0.0576,0.0703,0.6183,0.0195,0.0004,76.5225,0.0339,412.7465,0.013474498071030608,0.0148,39.105,0.5224,0.0061,0.0664,0.0252,6.714,1.3169,6.0436,4.9583,5.9362,3.0935,27.0826,11.7355,8.0465,118.4536,1.7142,1.0303,3.1957,4.0203,15.5231,722.963,6.8323,2.3468,1.835,2.9455,37.9747,69.378,12.1776,0.7337,1.3683,0.9804,0.4267,6.1237,9.827,2.846,17.4125,4.5404,2.3925,25.9379,1.8832,6.0935,4.6045,129.8956,3.3594,10.342,40.4542,572.4463,169.3136,386.4271,836.6509,85.573,0.0,890.8199000000001,21.7773,2.5809,2.4407,0.1118,13.108349999999998,52.5845,335.2052,24.5315,254.9451,13.151041132443615,4.0412,16.1015,0.0507,2.2885,3.5036,2.9906,9.2743,73.386,14.51,0.4,6.5046,0.1699,46.2714,3.6207,0.5451,0.2986,0.0532,30.1541,11.61,0.2374,4.532500000000001,0.1128,4.2231,35.5538,530.2409,1.9614,11.54,0.2936,3.8239,0.084,2.1764,14.9692,0.0146,2.9049,0.005,0.0367,255.5817
-1.0,3094.57,2188.5111,0.8673,105.8678,1.408,-0.0138,0.0043,196.2825,9.9332,410.655,0.9809,186.2314,12.6122,1.4149,-3509.25,-3158.3333,1.279,1.989,7.374,67.9444,2.5111,0.2023,84.4668,8.8909,64.1879,66.3049,86.5543,80.01,2.677,361.9982,131.6236,736.4526,1.4219,143.0518,636.6736,247.6528,4.582,4.832,2885.0,0.9224,2.0909,360.1182,10.7111,113.7145,15.3981,17.9091,24.4144,712.0383,147.4427,621.2755,102.1648,-0.0323,-0.0376,0.0824,-0.0194,0.0085,-0.026,0.038,7.5064,0.1369,0.9875,1807.6307,0.2037,8919.5601,-0.0463,-0.0158,-0.0233,0.1016,0.4688,0.9484,776.7527,0.9891,58.0284,0.5757999999999998,0.9805,6.2817,15.79,2.962,15.79,15.73,1.418,0.4645,3.204,-1.986,0.8529,2.4079,1003.8907,73.0,201.7,199.9,49.2,441.274,0.1061,0.1006,0.0894,0.0371,0.0077,12.0651,7.091,4.944,0.0062,0.22,0.0334,440.0,5943.0,0.221,0.043,0.307,1.9,0.417,0.5756,0.1314,0.5726,0.1827,0.7894,0.653,0.1478,6.33,15.29,53.879,0.501,19.86,8.77,25.049,25.993,0.0861,0.0502,0.0267,0.0187,0.0465,0.071,0.0884,0.0562,5.0733,0.0723,0.0007,79.4594,0.0348,1196.7998,0.0233,0.0118,0.0186,0.0189,125.9092,3.891,0.0436,0.225,0.0923,3.6143,20.4571,64.3324,73.2643,0.044,2.5459,0.0363,2.4874,0.0618,0.0121,202.8224,210.417,278.1395,3070.343,0.1013,0.0185,0.1325,0.6106,0.0458,0.1457,0.2256,0.0488,0.0725,7.487,0.1998,5.0138,0.0448,1.7151,4.3991,17.5829,0.1769,2.6951,3.7297,7.0929,8.1012,0.0243,0.021,0.0126,0.0092,0.0151,0.0386,0.0472,0.0243,1.6682,0.0239,0.0002,21.3409,0.0135,383.9822,0.0053,0.0059,41.101,1.1975,0.0152,0.0731,0.0304,4.9215,1.185,3.3673,6.5179,8.0194,2.2481,46.9329,12.2383,7.1451,71.387,1.2039,0.6283,1.7443,2.3591,17.2402,188.1689,17.2791,2.1619,4.1633,2.7964,63.7168,60.2965,12.0204,0.6815,1.4779,0.8921,0.271,6.7238,8.8358,2.5708,10.3945,4.425,2.4015,21.7559,2.3165,4.6774,4.696,128.9767,3.5179,9.3829,25.4422,266.9767,296.1652,22.6804,239.2283,835.2941,340.3272,147.8947,67.5867,1.3876,3.0272,0.0685,4.3958,17.059,545.6647,19.5976,0.0,3.9654,1.9901,16.2097,0.101,6.7054,3.5821,3.8326,9.0807,73.56,13.55,1.13,6.1516,0.4872,54.3938,3.3244,1.5362,0.3262,0.0623,33.6789,4.98,0.0877,2.0902,0.0382,1.8844,15.4662,532.0064,1.9363,10.89,0.1874,3.9403,0.0554,2.047,9.6762,0.0133,2.6442,0.005,0.0367,255.5817
-1.0,3023.95,2175.1222,1.2964,105.9689,1.5892,-0.0212,0.0061,198.4532,10.6475,419.4934,0.9794,188.429,12.4804,1.3971,-2766.0,9.0,1.312,2.004,7.4097,67.6333,2.7778,0.2214,85.9801,8.662,63.8972,66.1995,86.2277,81.32,2.743,363.6955,132.6618,739.8668,1.3332,142.9518,639.3091,216.9142,4.587,4.822,2881.0,0.9226,-0.1464,362.7909,10.7305,112.5155,14.0018,20.1464,24.8064,715.0605,150.0009,625.3073,171.74984999999998,-0.032,-0.0376,-0.0032,-0.0246,0.0081,-0.0212,-0.013,7.6377,0.1323266290134906,0.987,1759.2487,0.203,9500.26,0.0191,-0.0502,0.0195,-0.0765,0.466,0.9496,808.0084,0.9888,58.0375,0.5978,0.9661,6.276,15.76,3.008,15.76,15.7,0.8325,0.5231,3.166,-2.033,0.8121,2.2726,996.6092,87.0,184.3,112.2,45.8999,457.5159,0.1061,0.23175000000000004,0.093,0.0298,0.0055,9.716,4.352,12.859,0.006,0.25,0.0528,1605.0,1143.0,0.068,0.102,0.059,2.0,0.415,0.5679,0.1548,0.6572,0.4004,0.6665,0.603,0.1805,4.07,17.75,52.864,0.386,15.39,8.45,21.2661,32.83,0.0838,0.0502,0.0271,0.0411,0.0487,0.0633,0.0963,0.1387,4.2137,0.0374,0.0011,243.4284,0.0681,686.5,0.0139,0.0101,0.016,0.0262,80.4318,3.8293,0.0241,0.2808,0.0923,7.1978,26.3811,56.5464,33.4576,0.0355,1.6286,0.0703,1.4639,0.0673,0.019,681.9025,160.7337,1975.1683,545.9139,0.0328,0.0459,0.0277,0.7263,0.0344,0.1392,0.2052,0.0586,0.0769,6.7264,0.1565,4.5351,0.0592,1.4561,4.5567,14.2769,0.1089,2.4704,3.3577,6.4325,12.7866,0.023,0.0224,0.0122,0.0202,0.0143,0.0354,0.0474,0.074,1.345,0.012,0.0004,76.5225,0.0181,230.043,0.0059,0.0091,27.9437,1.1872,0.0079,0.0958,0.0325,9.3057,2.2605,3.8969,6.0947,4.5571,2.1102,45.5465,8.1812,15.675,40.8733,3.0654,0.6138,2.0031,3.7756,159.5445,0.0,5.1829,5.0898,0.7962,2.9571,36.0,44.2549,11.975,0.6605,1.787,1.0285,0.184,5.7136,9.9275,2.3219,13.5381,2.8471,2.7764,24.3709,1.7635,3.5972,5.6881,109.9141,2.974,10.6418,17.3832,261.875,164.0523,0.0,197.9172,781.4815,454.2453,0.0,55.1699,2.5312869146639203,1.5832,0.1118,13.108349999999998,33.5506,755.1402,30.4118,518.5185,3.4358,2.7609,9.9543,0.1282,6.598,4.4744,4.0605,18.4824,74.772,14.55,0.55,6.3071,0.2293,46.2249,3.6909,0.7356,0.1653,0.0407,17.2047,5.07,0.1297,1.8478,0.0529,2.0135,15.8794,529.9445,1.974,7.91,0.2824,2.6691,0.094,1.4926,14.3055,0.0169,3.3638,0.0123,0.0281,227.6623
-1.0,3065.48,2175.1222,1.2964,105.9689,1.511,0.0011,-0.0016,204.6752,12.6469,424.8744,0.9709,194.5331,12.5222,1.3899,-3833.75,-481.0,1.3435,2.0038,7.4322,76.0222,1.8667,0.1507,85.038,8.2776,64.3027,65.8701,86.8475,82.25,3.023,349.1064,129.4427,718.3346,1.3858,147.8409,626.39,194.4171,4.593,4.868,2834.0,0.9312,1.1473,348.85,10.5665,110.59,17.0836,18.8527,27.8836,690.451,149.8664,609.3064,131.8607,-0.023,-0.0061,0.0067,-0.0141,-0.0193,-0.0263,0.0147,7.3487,0.1346,0.9894,1747.056,0.1901,9467.7102,0.0298,0.0493,-0.0308,0.0561,0.4337127498597956,0.931,744.6107,0.9893,58.3195,0.5894,0.9722,6.2425,15.82,3.129,15.79,15.77,1.361,0.491,3.205,-2.647,0.8414,2.394,1005.1546,106.0,82.1,73.1,45.8999,457.5159,0.1061,0.1972,0.0584,0.0433,0.0172,4.6909,7.52,8.953,0.0122,0.32,0.0732,1489.0,17919.5,0.162,0.078,0.245,2.1,0.561,0.5831,0.0865,0.7575,0.3783,0.7197,0.323,0.1612,4.07,20.93,69.624,1.519,27.68,10.2,32.691,114.689,0.0699,0.0512,0.0636,0.0677,0.0829,0.0524,0.064,0.089,3.8158,0.0788,0.0015,152.764,0.0398,1304.0996,0.0141,0.0141,0.03418465611907012,0.0333,126.9514,3.8239,0.0481,0.1779,0.0883,3.5913,27.6241,32.1516,26.3664,0.0355,1.6286,0.0609,1.9543,0.0758,0.0266,657.4836,158.3232,366.55,8505.3217,0.0693,0.0323,0.1093,0.7742,0.0521,0.1788,0.2333,0.0377,0.1075,5.2282,0.086,8.9626,0.0602,1.3706,5.9271,19.2721,0.4313,2.443,2.7763,9.715,35.139,0.0191,0.0226,0.0298,0.028,0.0213,0.0232,0.0327,0.0448,1.2968,0.0252,0.0005,49.1891,0.0153,392.2724,0.010676493287422598,0.0127,38.0362,1.1357,0.0142,0.0646,0.0326,5.8508,1.2499,4.8106,2.6782,2.8784,2.1102,45.5465,8.1812,13.0511,59.4612,2.1072,1.2611,2.5555,5.2673,22.8236,0.0,12.0581,3.8927,3.2964,2.7624,117.8571,112.8319,17.1881,0.6857,1.0449,1.178,0.3149,4.7378,12.2525,4.1914,11.6353,2.753,3.3414,35.8117,6.9002,14.3757,17.537999999999997,162.0263,4.7347,30.4341,86.9774,303.8305,58.4809,0.0,586.9027,270.801,243.346,603.3898,51.9245,1.337,3.3055,0.1551,8.7441,20.9218,0.0,15.2493,664.1509,9.218314244328907,3.5727,17.0494,0.1208,6.5568,2.8505,3.6878,9.0785,72.994,16.21,0.8,7.3981,0.3355,19.7547,3.9832,1.096,0.2706,0.0609,28.4998,11.969999999999999,0.2535,4.532500000000001,0.1028,4.5331,30.7342,530.7036,2.1207,8.4,0.1986,2.8909,0.0572,1.5828,9.363,0.0095,1.8942,0.0269,0.0207,77.2047
-1.0,3020.29,2241.1778,1.3349,98.59,1.3435,0.0071,-0.0019,197.4736,6.7308,413.6212,0.9703,187.3806,12.4845,1.4082,-3754.25,-5804.0,1.277,2.0078,7.2655,71.1778,2.6,0.1884,86.899,9.3181,64.1792,65.8829,87.4062,78.7,2.932,365.3155,131.2973,738.6768,1.3993,141.39,638.0027,213.0025,4.622,4.867,2874.0,0.9222,-1.9382,363.4973,10.7637,109.3591,23.6318,21.9382,32.4807,706.1961,141.5145,614.3709,126.2593,0.0052,-0.0251,0.0216,-0.0063,-0.0151,-0.0289,-0.0092,8.3599,0.1291,0.964,1789.0366,0.2023,8625.5299,0.0085,-0.0177,0.0309,0.0828,0.4591,0.9374,714.6665,0.9896,58.3899,0.5951,0.9649,6.1937,15.73,3.179,15.73,15.66,0.9176,0.5413,3.163,-2.694,0.8376,2.2671,998.2796,82.0,138.7,122.2,62.0,1015.8822,0.4448,0.1158,0.0607,0.0363,0.014,9.8558,8.3,16.299,0.0125,0.44,0.0478,674.0,5983.0,0.077,0.045,0.225,3.6,0.522,0.5745,0.1364,0.6106,0.3029,0.6595,0.568,0.2167,2.04,15.91,67.454,0.988,18.78,9.44,19.883,109.89,0.0877,0.0553,0.025,0.1113,0.133,0.0485,0.0896,0.04,2.4513,0.0274,0.0067,113.6156,0.0294,1430.1001,0.0134,0.018,0.0185,0.0283,129.9647,3.7843,0.0197,0.3198,0.0922,3.7737,24.5398,41.0375,43.1764,0.1449,3.7721,0.0362,2.1878,0.1405,0.0155,290.6195,69.9262,711.6012,3118.949,0.0349,0.0218,0.1019,1.1256,0.0484,0.1751,0.2319,0.0558,0.109,7.5017,0.1847,4.4424,0.0561,0.6802,4.7476,23.3475,0.2761,2.7159,3.2361,5.8878,36.9585,0.0252,0.0276,0.0106,0.0507,0.0355,0.0241,0.0481,0.0212,0.7848,0.0095,0.0019,39.0125,0.0098,400.3628,0.006,0.01,37.882,1.0667,0.0065,0.1036,0.0321,4.4847,1.1413,3.8361,4.5923,4.9835,2.7664,77.0342,33.3179,8.6194,123.3134,3.9406,1.2878,3.5244,3.3937,44.5628,103.0841,6.0298,2.2413,3.0968,5.0578,65.3846,85.967,15.011,0.6611,1.4633,0.9514,0.2182,6.1153,11.0056,2.2961,15.4828,1.4428,2.4937,31.6682,1.8561,9.179,5.9163,79.4692,2.8155,12.3517,87.0352,0.0,179.1093,515.8749,0.0,322.2591,310.303,433.6043,29.3221,2.2471,1.1253,0.6945,6.3507,14.5368,653.0612,37.0291,0.0,4.0263,3.0206,18.1854,0.073,6.4811,5.163,4.0666,9.3047,77.144,12.35,0.36,5.2617,0.1638,26.7179,3.0778,0.4667,0.1348,0.0358,13.7863,4.98,0.0877,2.0902,0.0382,1.8844,15.4662,529.5182,2.113,10.65,0.3068,3.6722,0.0921,2.0113,14.5194,0.0153,3.0506,0.0269,0.0207,77.2047
-1.0,3010.75,2175.1222,1.2964,105.9689,1.4053,-0.0151,0.001,196.0012,12.2128,409.837,0.9796,186.034,12.5145,1.4046,-3526.0,368.25,1.321,1.9705,7.308,68.3778,1.2778,0.1193,84.1896,8.8519,64.6928,66.1883,86.9473,77.44,3.182,376.4691,124.5636,751.7559,1.5111,150.3018,651.3345,204.0692,4.658,4.867,2872.0,0.9157,3.5436,373.8127,11.0597,108.1073,19.2872,16.4564,22.3195,729.4365,150.1273,632.0473,96.6675,-0.0456,0.0004,0.0093,-0.0175,-0.0025,-0.0273,-0.0094,7.9046,0.1284,0.9905,1808.2136,0.2081,8512.3,0.0433,0.0372,-0.0681,-0.0468,0.4217006157501573,0.9456,722.1561,0.9895,57.8907,0.602,0.9807,6.2816,15.76,3.008,15.76,15.7,0.8325,0.5231,3.166,-2.033,0.8121,2.2726,996.6092,84.0,81.7,37.1,45.8999,457.5159,0.1061,0.0931,0.0668,0.0489,0.0067,12.4635,14.1,10.894,0.0061,0.2,0.0506,1026.0,766.0,0.25,0.185,0.216,2.8,0.417,0.5832,0.1511,0.5019,0.2235,0.6193,0.485,0.2226,7.82,12.17,73.715,0.469,14.85,9.75,17.921,94.845,0.0835,0.0468,0.0256,0.0679,0.0636,0.096,0.0907,0.1162,3.3644,0.0699,0.0007,87.0583,0.1254,750.2998,0.0127,0.0149,0.0,0.0188,71.4575,3.7001,0.0267,0.3777,0.0923,7.1978,24.466,30.2932,10.6329,0.0355,1.6286,0.0391,4.0158,0.0487,0.017,441.3958,54.027,331.6394,356.6103,0.1084,0.0787,0.1056,0.8772,0.0343,0.1274,0.223,0.0652,0.0508,6.6434,0.1504,4.9575,0.0748,2.3643,3.3666,19.8769,0.1308,3.2909,3.353,5.7444,26.3196,0.0199,0.0253,0.0119,0.0348,0.0168,0.0504,0.0474,0.063,1.0743,0.0207,0.0002,29.6985,0.0367,271.1353,0.0,0.0075,24.9434,1.0798,0.0099,0.1153,0.0325,9.3057,2.2605,3.8155,2.7136,1.4703,2.1102,45.5465,8.1812,6.625,115.4525,2.6581,0.6244,1.5981,3.6032,22.3199,208.0109,18.9251,9.3885,2.9557,4.0949,54.7826,92.1788,11.5848,0.6927,1.7066,0.7758,0.6795,6.0005,9.0797,2.3526,14.7327,5.2029,1.8685,36.1226,3.4505,4.2406,12.7651,76.9941,2.4568,28.6062,98.1146,182.9385,162.5,732.0755,364.209,0.0,331.6271,0.0,42.5626,2.4152,2.839,0.0681,4.8146,60.5327,0.0,43.9407,600.0,0.0,1.9927,9.895,0.1064,6.3916,6.0121,4.0605,18.4824,80.628,19.33,1.76,9.1659,0.739,10.5416,4.7621,2.1829,0.3124,0.0547,32.4821,6.31,0.1593,2.309,0.0611,2.54,17.7649,529.2673,2.0421,8.94,0.3628,3.1572,0.1215,1.6891,17.7634,0.0135,2.7189,0.0269,0.0207,77.2047
-1.0,3070.94,2170.7444,1.3753,104.2989,1.4812,-0.0155,-0.0058,204.457,6.9208,412.633,0.965,195.4362,12.5224,1.4078,-3653.75,-2870.0,1.2985,1.9803,7.2577,72.1222,2.4556,0.1753,84.415,8.8597,63.8463,66.2249,86.8544,78.79,3.156,361.1227,132.4264,737.115,1.4185,143.13,636.6791,246.7995,4.582,4.832,2885.0,0.9224,0.2073,360.2845,10.7968,112.6336,18.1973,19.7927,27.4975,709.6175,145.5636,618.4818,120.485,-0.0026,0.0045,0.0104,-0.0374,-0.0043,-0.0163,0.0293,8.0875,0.1364,0.9891,1816.1426,0.1924,9505.1001,0.0571,0.0809,-0.0205,0.0423,0.4217006157501573,0.9355,690.4916,0.9896,58.0362,0.5974,0.9641,6.303,15.73,3.179,15.73,15.66,0.9176,0.5413,3.163,-2.694,0.8376,2.2671,998.2796,112.0,190.6,229.0,46.0999,237.8619,0.1238,0.0453,0.0647,0.0354,0.0235,4.9623,5.724,17.611,0.015,0.32,0.0261,699.0,4240.0,0.21,0.164,0.216,3.7,0.414,0.7542,0.1079,0.67,0.3772,1.0942,0.68,0.2049,5.14,16.08,37.627,0.501,18.48,10.34,24.883,96.897,0.0891,0.0292,0.0151,0.0576,0.0558,0.0681,0.0992,0.061,3.9544,0.1196,0.0016,136.7495,0.0443,443.0996,0.0122,0.0155,0.0,0.0156,61.0256,4.5104,0.0501,0.2376,0.0922,3.7737,30.9697,59.9784,66.5474,0.0448,2.329,0.0205,2.1123,0.0902,0.01,287.9379,191.1568,539.7489,1780.5933,0.0915,0.0791,0.0882,1.2794,0.0177,0.1421,0.3286,0.0442,0.0898,6.8876,0.1852,4.5948,0.0611,1.3281,4.4139,12.7594,0.1492,2.7744,3.7926,7.1142,32.9456,0.0224,0.0136,0.0067,0.0285,0.016,0.0314,0.0513,0.0338,1.422,0.0354,0.0006,43.5709,0.014,166.8916,0.0,0.0044,20.3329,1.2157,0.0179,0.0768,0.0321,4.4847,1.1413,5.1519,6.2066,9.1511,2.1237,21.0856,9.0017,3.0584,82.707,4.268,1.5519,2.5554,1.8539,32.4872,147.7352,16.1725,8.2818,2.9761,5.1302,36.6516,30.2281,12.0754,0.8934,1.2182,1.0494,0.2465,6.3663,9.0767,2.4304,14.4435,3.5911,2.5256,15.246,2.3165,4.6403,4.5368,101.5537,3.5065,9.0618,80.4225,0.0,179.1411,556.5217,149.1729,0.0,608.589,208.3689,48.8944,1.9065,5.0386,0.1641,7.5297,23.0014,0.0,26.9171,285.0575,0.0,1.6695,8.838,0.1605,7.7716,3.7704,4.0666,9.3047,73.254,14.53,1.33,6.7381,0.5058,27.0176,3.6251,1.8156,0.3345,0.0621,33.9139,6.85,0.1989,2.5976,0.0805,2.4977,32.1006,531.0009,1.8299,13.28,0.2909,4.4922,0.0821,2.5009,15.8974,0.0122,2.4332,0.023,0.0181,78.8778
-1.0,3003.05,2228.9445,1.2895,100.6867,1.476,-0.0175,-0.0084,202.7198,13.4644,414.4917,0.9794,193.1959,12.5651,1.4236,-6169.5,-2140.0,1.264,2.0063,7.3007,73.0667,1.9222,0.1517,85.5246,8.2832,64.482,66.0304,87.3204,63.93999999999998,4.515,348.8827,135.9373,725.2438,0.9898,137.4518,622.2718,103.7086,4.556,4.847,2841.0,0.9316,-0.1191,350.1155,10.4969,115.8182,10.0348,20.1191,24.5276,700.7162,147.5873,613.5209,94.5045,0.0074,0.0312,0.0258,0.0177,-0.026,-0.0215,0.0037,8.1197,0.1405,0.9896,1767.1812,0.1977,8673.0301,0.0275,-0.0846,0.0035,0.0151,0.4612951593795571,0.9367,677.5044,0.9891,58.4408,0.5963,0.9626,6.3306,15.82,2.923,15.84,15.73,1.295,0.5104,3.338,0.0473,0.8343,2.4151,1007.144,135.0,56.8,73.4,61.1001,1015.8822,0.3707,0.1549,0.0524,0.0334,0.0067,4.7926,8.738,5.987,0.0055,0.18,0.1092,297.0,4026.0,0.136,0.125,0.137,2.4,0.432,0.6555,0.1063,0.426,0.158,0.7429,0.394,0.0718,5.49,15.4,22.003,0.241,16.37,6.02,30.088,51.046,0.0599,0.0716,0.0461,0.0377,0.1129,0.0356,0.0769,0.0615,3.19,0.0765,0.0014,75.1858,0.0347,1863.2002,0.0174,0.0225,0.06346935809211618,0.0284,166.6271,3.9602,0.0175,0.2633,0.0934,3.2496,26.1835,20.5817,23.3196,0.1073,2.8962,0.0509,2.7392,0.0543,0.0406,133.3679,185.322,4889.4233,1696.2411,0.0601,0.0539,0.0565,0.7194,0.0506,0.1329,0.2855,0.0488,0.072,4.969,0.1176,6.8867,0.024,1.8122,4.9758,6.5637,0.0695,1.879,3.276,9.7278,16.9014,0.0158,0.0324,0.022,0.0194,0.0349,0.0174,0.0413,0.0286,1.1239,0.0248,0.0004,23.5164,0.0122,552.8961,0.01030779558230908,0.0107,48.9699,1.2343,0.0061,0.0945,0.032,6.8693,1.079,6.0356,1.8914,2.9255,2.7412,77.0342,28.7493,10.4944,64.8972,1.4444,0.5596,1.4325,7.6736,161.0341,188.1308,10.7595,6.2305,1.8765,3.2847,46.8208,103.5165,12.861,0.7664,1.2833,0.6606,0.2379,4.9816,4.4212,3.0129,7.2504,3.9941,2.4748,21.2162,5.3999,2.2959,6.0958,163.1326,4.2939,15.2043,54.0144,813.5823,61.0401,145.9826,636.7289,136.7915,357.6744,0.0,39.2871,3.261,3.2411,0.1368,4.2546,17.5492,0.0,40.6647,448.3516,12.316209025238788,3.0317,24.5943,0.25379999999999997,6.7764,4.1591,3.8656,8.0788,74.208,23.2,0.88,10.9059,0.3694,65.3484,5.896,1.1859,0.1228,0.0296,13.2956,7.61,0.3378481311764915,2.8071,0.1352392452747727,2.9945,38.05341532073962,529.5182,2.077,8.99,0.2985,3.2531,0.0824,1.6978,14.3705,0.0115,2.3031,0.0126,0.0115,91.6729
-1.0,2829.84,2168.7,0.8484,108.0122,1.3548,-0.0061,0.0015,199.0364,10.5715,420.5614,0.9729,188.9997,12.5341,1.3905,-3498.75,2013.75,1.2695,1.9912,7.1945,69.2111,2.2444,0.193,84.4668,8.8909,64.1879,66.3049,86.5543,80.01,2.677,349.8991,136.2982,727.8015,1.3389,146.0227,632.22,194.2674,4.593,4.868,2834.0,0.9312,-1.8827,349.4373,10.4941,114.4155,16.0227,21.8827,29.0043,698.7973,152.3445,616.1973,99.152,-0.0371,-0.0165,0.0131,0.0039,-0.0052,-0.0166,0.022,7.8145,0.136,0.9666,1830.0338,0.204,9046.93,0.0444,-0.0372,0.0254,0.1408,0.4653,0.9618,711.9064,0.9889,58.2697,0.6022,0.9705,6.3502,15.76,3.008,15.76,15.7,0.8325,0.5231,3.166,-2.033,0.8121,2.2726,996.6092,118.0,94.5,77.4,56.5,438.284,0.108,0.0776,0.0566,0.0442,0.0124,9.7928,6.37,6.399,0.0111,0.58,0.0321,411.0,14914.0,0.126,0.118,0.35,3.0,0.46,0.5756,0.1314,0.5726,0.1827,0.7894,0.171,0.2378,4.61,20.66,79.323,0.758,25.69,12.21,31.527,80.959,0.0894,0.0565,0.0378,0.0589,0.1115,0.0868,0.1027,0.0663,2.5792,0.0744,0.013699999999999999,147.9838,0.0232,691.2998,0.0204,0.016,0.0186,0.0226,67.3508,4.2325,0.0534,0.3073,0.0923,7.1978,26.898,31.2993,24.1327,0.0379,3.2327,0.0259,2.0589,0.1068,0.0105,184.5217,163.9601,118.8315,7113.3321,0.0515,0.0539,0.1561,1.0374,0.0534,0.148,0.2256,0.0488,0.0725,6.0932,0.0595,8.9314,0.059,1.6318,6.2423,20.985,0.2102,3.5317,3.731,10.645,32.373,0.03,0.0288,0.0168,0.0257,0.0301,0.0402,0.0527,0.0346,1.0285,0.0229,0.0046,45.1809,0.0087,222.729,0.0054,0.0102,22.0713,1.2936,0.0186,0.1,0.0325,9.3057,2.2605,5.4637,3.3394,2.9819,2.6052,48.9383,12.7335,5.7279,60.2561,1.5215,1.1457,4.6274,2.3071,7.8599,740.6083,9.9252,5.9259,4.8648,4.3346,66.8317,86.0104,13.3402,0.6815,1.4779,0.8921,0.271,5.5473,11.4822,4.2093,17.7605,3.157,3.2678,40.8319,6.9002,7.2231,17.537999999999997,160.3348,4.5116,21.3658,81.6514,241.011,253.6476,449.6183,0.0,0.0,618.6747,301.0216,33.0046,1.3973,3.0392,1.3944999999999999,8.0864,11.3712,775.7576,27.758,960.0,4.0038,2.346,9.4606,0.1834,7.2636,4.8393,4.0605,18.4824,73.254,14.53,1.33,6.7381,0.5058,27.0176,3.6251,1.8156,0.272,0.0595,27.5529,8.32,0.1803,3.3151,0.0763,3.0819,20.7069,530.3364,2.027,9.92,0.2944,3.4462,0.1001,1.8705,14.5257,0.0139,2.7619,0.0557,0.0233,22.6231
-1.0,3169.93,2183.0556,0.9762,102.9956,1.4476,0.0023,0.0014,198.7189,7.0178,406.2931,0.9772,188.7929,12.4716,1.4258,-3838.75,-606.25,1.28,1.989,7.2662,67.9667,2.5556,0.2047,85.9501,9.7137,64.3577,66.3288,86.9537,81.46,2.585,347.9245,132.7418,720.3135,1.3257,140.9973,621.6636,204.7792,4.575,4.812,2829.0,0.9329,3.3882,347.4709,10.42,116.13,12.1663,16.6118,20.636,699.6775,145.8964,609.4973,112.6227,0.037,-0.0294,0.0122,-0.0039,-0.0242,-0.0049,0.0365,7.5515,0.1318,0.9857,1863.5193,0.1679,9451.1699,0.0146,-0.0251,-0.0035,-0.0527,0.4653,0.9628,831.3916,0.9892,58.9962,0.5896,0.9665,6.2531,15.89,2.948,15.88,15.78,1.026,0.5064,3.359,-2.789,0.8336,2.3797,1009.8944,133.0,134.0,135.6,50.8,795.524,0.4025,0.0629,0.0598,0.045,0.0093,10.5981,4.551,18.833,0.0073,0.23,0.0174,1061.0,1467.0,0.094,0.081,0.13,2.8,0.656,0.3415,0.146,0.5738,0.3016,0.8439,0.23,0.1881,4.58,22.87,59.53,0.546,21.03,8.33,34.452,30.122,0.0809,0.0424,0.0216,0.061,0.1056,0.0786,0.1118,0.1153,3.2186,0.0622,0.0034,100.627,0.0431,1848.5996,0.0194,0.0163,0.0265,0.0164,167.5557,4.3199,0.028,0.2941,0.0909,5.7761,27.6167,53.4875,52.7795,0.1248,3.361,0.0233,1.3929,0.0662,0.0069,445.1326,140.3294,1000.2631,621.3123,0.0418,0.034,0.0533,1.0149,0.0305,0.1989,0.1408,0.0562,0.0657,6.1193,0.08,8.8833,0.0522,1.6908,6.7358,18.8044,0.1568,2.5058,3.0755,10.5824,10.467,0.022,0.019,0.0094,0.0286,0.0268,0.0421,0.0574,0.0475,1.1203,0.0203,0.0009,34.8115,0.0144,508.9334,0.009,0.0047,46.214,1.2551,0.0083,0.1004,0.0289,5.2393,1.6966,6.1413,4.2272,5.1793,2.327,63.2819,41.2286,4.3451,64.8492,4.6353,0.7519,1.8442,1.2231,56.8154,241.9794,7.3437,4.0724,1.7891,4.1197,66.5217,40.5537,19.4832,0.3973,1.503,0.8916,0.299,5.4696,12.0685,4.324,14.1852,3.2483,3.6788,29.0703,6.6347,5.2399,17.537999999999997,172.8541,4.924,20.784,26.7459,218.3904,400.9456,498.9775,0.0,324.7934,0.0,316.1069,42.6213,2.9981,2.5803,0.3426,5.3998,25.6569,0.0,54.9865,0.0,5.6947,1.6985,20.1536,0.1247,7.3224,4.7037,3.8207,14.1912,73.194,14.74,1.34,6.516,0.4767,46.0318,3.6021,1.8307,0.1228,0.0296,13.2956,4.98,0.0877,2.0902,0.0382,1.8844,15.4662,529.9445,1.974,7.91,0.2824,2.6691,0.094,1.4926,14.3055,0.0192,3.8256,0.0557,0.0233,22.6231
-1.0,3044.34,2241.1778,1.3349,98.59,1.4306,-0.0163,-0.0253,205.0361,10.9725,422.389,0.9728,195.5239,12.6122,1.4196,-4889.5,-78.75,1.3313,2.008,7.4043,74.8556,2.0667,0.146,84.6471,8.135,64.4892,66.0557,87.2014,82.22,2.987,366.1291,135.7655,744.2685,0.9955,139.1209,641.0155,119.5617,4.604,4.862,2873.0,0.9213,4.5382,364.3691,10.5354,120.3036,6.6955,15.4618,17.2615,727.007,151.4582,636.1309,171.74984999999998,-0.022,-0.0404,0.0723,-0.014,-0.0107,-0.0147,-0.0362,7.5791,0.1287,0.9892,1830.5375,0.1761,8135.64,-0.0469,-0.0167,0.0408,-0.0632,0.462,0.9444,706.8492,0.99,58.2355,0.6087,0.96,6.4505,15.73,3.179,15.73,15.66,0.9176,0.5413,3.163,-2.694,0.8376,2.2671,998.2796,133.0,126.1,173.4,62.0,1015.8822,0.4448,0.0628,0.0629,0.0454,0.0083,4.5929,4.824,9.774,0.0072,0.22,0.0342,325.0,619.0,0.191,0.069,0.11,2.5,0.355,0.8032,0.0376,0.6157,0.2813,0.7923,0.753,0.1314,6.84,15.0,28.337,0.541,9.78,6.0,23.874,32.957,0.0557,0.0556,0.0397,0.047,0.0783,0.0852,0.0842,0.0619,4.2964,0.0895,0.0015,134.9332,0.0577,837.2998,0.0155,0.0103,0.0235,0.0213,95.923,2.1799,0.0323,0.2868,0.0922,3.7737,34.4981,44.9257,62.2463,0.1449,3.7721,0.024,1.8807,0.0618,0.0102,146.0853,308.8997,1085.3047,326.6082,0.0866,0.0291,0.0518,0.7683,0.0385,0.1236,0.3283,0.0167,0.0766,7.8772,0.2536,5.1724,0.0386,1.8822,4.4911,8.026,0.1643,2.2174,2.6877,7.1286,11.1424,0.016,0.0249,0.0182,0.0217,0.0219,0.0448,0.044,0.0279,1.4906,0.0292,0.0006,48.469,0.0188,270.4108,0.0065,0.0083,29.3621,0.6876,0.0103,0.0937,0.0321,4.4847,1.1413,5.951,4.1421,6.7055,2.7664,77.0342,33.3179,4.3898,43.9643,2.314,0.7407,1.7443,2.4098,44.2172,786.0317,14.3474,3.4363,1.4856,3.3398,43.5484,90.411,10.1907,0.9489,0.4621,0.9547,0.2383,6.1672,8.139,2.5218,13.198,4.9166,2.34,23.7007,1.8819,5.1351,5.5111,146.0684,3.2839,15.9059,18.5083,253.3978,70.6032,65.0069,558.0401,798.1265,570.8475,171.231,56.6872,2.9521,3.7849,0.1547,7.3712,32.7865,0.0,20.4255,0.0,5.0862,2.2588,13.5705,0.1326,3.7432,4.4462,4.0666,9.3047,73.992,15.56,1.49,6.6737,0.6882,10.9442,3.8533,2.0137,0.1348,0.0358,13.7863,4.98,0.0877,2.0902,0.0382,1.8844,15.4662,529.6464,2.032,5.81,0.3435,2.0923,0.0925,1.097,16.9045,0.0116,2.2813,0.0557,0.0233,22.6231
-1.0,3025.07,2182.6222,0.8975,104.6689,1.3644,0.0237,-0.0174,200.5842,9.8505,403.1653,0.9758,190.7994,12.5051,1.3945,-4116.75,-336.0,1.2477,1.9623,7.2342,75.2,2.4778,0.1776,85.2826,8.1161,64.5502,66.1149,87.1218,81.74,2.736,364.7354,136.2882,743.9085,0.9758,138.4427,639.4664,117.3753,4.591,4.855,2881.0,0.9192,0.4982,365.2018,10.6408,116.7864,11.8434,19.5018,23.6096,720.2989,147.0991,629.0873,97.6708,0.0269,0.0148,0.0645,-0.0278,-0.0349,-0.0201,0.0603,7.5693,0.1211,0.9664,1822.185,0.1962,8832.7099,-0.0402,-0.067,0.0004,-0.0353,0.4557,0.9528,749.1737,0.9907,59.5956,0.5983,0.9598,6.4884,15.66,3.501,15.69,15.62,1.054,0.5271,3.037,-1.655,0.812,2.3283,992.0427,116.0,104.4,44.3,48.3999,681.577,0.3895,0.0743,0.0785,0.0509,0.0128,4.7797,7.85,8.119,0.0099,0.2,0.0435,956.0,1448.0,0.142,0.141,0.036,2.3,0.593,0.733,0.076,0.7155,0.3428,0.8208,0.832,0.1462,7.99,17.32,21.584,0.972,16.78,14.08,30.443,87.387,0.0688,0.0447,0.12045,0.0817,0.104,0.0685,0.0353,0.16615,4.2626,0.0642,0.0074,163.161,0.0258,720.0,0.0167,0.0086,0.0228,0.0215,90.5502,3.0102,0.0265,0.2192,0.1162,4.2551,31.1255,37.9335,16.8697,0.1138,1.7544,0.0213,2.2324,0.0585,0.0155,432.5483,150.9092,1726.7218,616.4825,0.0632,0.0667,0.0173,0.8471,0.0414,0.1651,0.2805,0.0344,0.1015,8.3294,0.2719,5.5233,0.042,2.679,4.4891,6.8768,0.3005,3.9639,5.4789,8.847,27.5543,0.018,0.0184,0.055099999999999996,0.037,0.0267,0.0293,0.0166,0.08248588237179322,1.5583,0.023,0.0027,50.5511,0.0072,211.652,0.0064,0.0063,27.6468,1.099,0.0102,0.0765,0.0383,6.7695,1.43,5.2312,3.4512,1.8521,2.2175,56.3515,43.3956,5.4456,79.6918,2.0138,1.0146,1.5993,3.1223,85.723,430.9524,11.3805,7.1856,0.4976,3.0585,48.4305,82.2278,17.2495,0.8595,0.9364,1.1084,0.1877,6.9996,10.3751,2.827,14.9778,5.7713,2.7085,18.3889,2.1339,9.1346,6.696,141.6823,4.2264,26.6334,89.4709,256.2384,187.618,126.6176,373.6807,196.1346,175.1861,324.1808,56.3141,2.8899,2.622,0.7704,8.9541,13.1606,529.2308,78.5597,433.3333,4.9964,2.2611,12.0867,0.0403,5.051,3.3777,4.9902,11.1381,75.838,14.41,1.09,6.8218,0.4811,27.4036,3.5215,1.4373,0.357,0.0894,36.1994,9.29,0.102,3.4362,0.0451,3.5198,11.8801,531.0364,2.1244,8.97,0.3116,3.3351,0.0868,1.6892,14.6674,0.0107,2.111,0.0557,0.0233,22.6231
-1.0,3195.57,2215.0222,1.2557,96.79,1.5459,-0.0368,-0.0002,204.8871,6.2737,401.9403,0.9791,194.7429,12.5004,1.4305,-2974.25,6874.3333,1.3487,1.9825,7.4343,66.2111,2.1333,0.1801,86.9432,8.8105,64.0283,66.362,86.7128,80.84,3.59,347.2864,132.2891,718.2289,1.3567,139.3991,618.9745,172.9569,4.575,4.812,2829.0,0.9329,4.0736,346.9982,10.3939,116.3627,8.7378,15.9264,17.8882,700.3407,149.4191,612.78,169.3572,0.01,-0.0119,0.0248,-0.0276,-0.0156,-0.0164,0.0244,6.9153,0.1354,0.9914,1828.707,0.1702,8521.0102,0.0059,-0.0167,-0.0477,0.0429,0.4219222838327241,0.9501,723.8926,0.9889,59.4174,0.6006,0.969,6.1283,15.67,3.118,15.66,15.58,0.8798,0.5138,3.093,0.0,0.8068,2.3193,991.1096,103.0,166.9,118.5,72.0999,958.76,0.2896,0.1163,0.11930000000000002,0.0537,0.0093,4.8338,4.012,15.098,0.006,0.25,0.128,672.0,3076.0,0.134,0.099,0.26,1.9,0.546,0.4188,0.0759,0.606,0.3265,0.6916,0.559,0.2232,8.01,22.18,102.365,0.728,13.58,17.19,32.324,44.34,0.1016,0.0358,0.0465,0.0338,0.1149,0.1186,0.0954,0.0484,4.2626,0.0494,0.0009,154.3472,0.0461,1276.8994,0.0179,0.0126,0.04176835352039415,0.0136,121.4938,3.0546,0.019,0.306,0.119,5.1911,26.0095,61.6322,39.5644,0.0844,3.0942,0.0408,1.4773,0.0679,0.0446,326.8602,326.0955,2143.1515,1554.5627,0.0559,0.0418,0.1193,0.6864,0.0436,0.1884,0.1784,0.0292,0.103,5.7489,0.168,9.016,0.074,2.2826,6.2935,36.8306,0.2024,4.4284,5.198,11.3892,14.6706,0.0237,0.015,0.0208,0.0172,0.0271,0.0566,0.0508,0.0244,1.479,0.0153,0.0003,46.5067,0.0141,375.1276,0.008847010683421551,0.0042,34.3534,1.0999,0.0068,0.1072,0.0388,8.1842,1.4635,4.7464,5.2229,4.8084,3.255,61.8977,23.0652,7.5232,63.9492,3.7563,0.608,1.9999,9.13815,135.261,44.7462,9.9351,4.9937,3.4973,2.8696,42.1875,71.0672,16.5533,0.4817,0.8612,0.9465,0.3005,5.9202,14.8463,4.3534,16.4546,5.7461,3.5833,59.1853,6.6347,7.0041,17.537999999999997,155.4158,4.6155,23.7689,26.1814,0.0,77.0307,136.4738,415.8335,760.2564,581.7073,198.09,61.6398,2.7317,2.0378,0.0913,8.4402,27.1072,0.0,33.7812,0.0,8.557774116795759,1.4273,16.7834,0.2219,5.141,4.9936,5.1328,12.5942,73.96,17.62,1.06,8.321,0.4026,51.9743,4.3161,1.4332,0.615,0.1413,58.2876,5.07,0.1982,1.8732,0.0812,2.0289,21.5891,524.4955,1.3721000000000003,11.12,0.1474,4.055,0.0527,2.1201,13.5037,0.0084,1.6604,0.0557,0.0233,22.6231
-1.0,2939.73,2175.2556,1.2833,100.6222,1.5106,-0.0165,0.0063,204.6436,10.559,419.3467,0.9793,194.9523,12.5004,1.3947,-4057.0,-2318.5,1.275,1.9918,7.2382,73.9222,2.0556,0.1626,85.3687,9.97415,63.7914,66.4257,86.8485,80.27,3.244,372.9655,136.7955,761.219,1.4583,148.7691,658.53,196.7983,4.628,4.914,2886.0,0.9109,1.4427,370.6309,10.8036,118.2382,16.2027,18.5573,25.1718,736.0472,153.4582,642.3273,102.3147,-0.0007,0.0542,0.0011,0.0075,-0.0056,0.0071,0.0256,7.8194,0.1373,0.989,1801.391,0.1717,9083.2699,0.0603,-0.0065,-0.0348,0.033,0.4217006157501573,0.9594,777.1398,0.9895,57.7954,0.5975,0.9623,6.3507,15.66,2.843,15.67,15.52,1.012,0.5096,3.241,-2.222,0.81,2.3234,1004.8823,98.0,115.0,146.0,46.8999,423.1381,0.1202,0.0551,0.0562,0.0429,0.0081,5.0147,6.249,6.869,0.0058,0.25,0.0334,771.0,2607.0,0.074,0.053,0.212,2.5,0.422,0.7025,0.058,0.6831,0.2769,1.0002,1.122,0.2259,9.5,19.95,46.626,0.46,11.36,6.72,19.351,74.11,0.0713,0.0493,0.0493,0.0497,0.1033,0.0764,0.0863,0.0369,2.3302,0.0711,0.002,77.0847,0.0398,1316.4004,0.0135,0.0151,0.0,0.0227,143.2997,3.6553,0.0387,0.2183,0.1192,1.5336,27.923,35.7149,49.6677,0.0437,1.9095,0.0206,2.3533,0.0679,0.0146,325.0523,139.3246,999.3361,1843.4274,0.0372,0.0253,0.0875,1.0952,0.03,0.162,0.2942,0.0234,0.1159,9.080550000000002,0.3284,5.6892,0.0682,2.5507,5.9564,15.5937,0.1314,2.0544,2.7105,5.8033,26.0215,0.022,0.0223,0.0242,0.0234,0.0306,0.0409,0.0432,0.0175,0.7842,0.0242,0.0008,26.3244,0.0113,369.5923,0.0,0.0065,40.1214,1.0925,0.0128,0.0737,0.0387,6.0533,0.5443,4.5065,3.9119,5.7328,2.1561,41.3962,9.3675,3.6477,59.1817,1.638,0.5904,1.9999,2.3927,55.09,112.4434,5.8039,2.661,2.9289,3.3819,48.6486,54.1353,12.62,0.8229,0.4281,1.0708,0.1137,7.7487,7.3175,2.8986,15.4882,6.3857,3.0295,23.6923,2.0184,4.2578,7.5864,70.1118,2.629,19.008,72.4334,0.0,217.9006,0.0,0.0,0.0,0.0,143.8596,29.8007,1.0921,2.9674,0.2004,4.2792,23.1914,0.0,28.3784,0.0,0.0,2.371,18.4394,0.0885,6.3246,3.4382,5.1312,3.7543,74.998,15.37,1.15,6.4446,0.508,69.3483,3.7551,1.5334,0.5255,0.1144,57.7987,4.98,0.0877,2.0902,0.0382,1.8844,15.4662,524.4955,1.3721000000000003,11.12,0.1474,4.055,0.0527,2.1201,13.5037,0.0159,3.1571,0.0289,0.0032,10.9425
-1.0,3097.21,2213.3444,2.1197,96.1589,1.5289,-0.0273,-0.0003,204.6137,6.6969,423.6067,0.9769,194.7225,12.5145,1.4017,-5026.75,2017.75,1.3455,1.9865,7.2532,70.5444,2.5333,0.1876,83.9887,8.6968,64.296,66.2815,86.4285,81.92,2.537,353.8527,143.9218,745.0662,1.3284,141.8291,639.6036,225.0924,4.607,4.846,2851.0,0.9256,1.0,354.4536,10.2108,124.9218,13.9936,19.0,27.9356,717.1306,146.2345,625.61,171.74984999999998,0.0152,-0.0203,0.0106,-0.001,-0.0187,-0.0057,0.0046,7.0206,0.1282,0.9878,1790.1244,0.1961,8553.2899,0.0481,-0.0437,-0.1259,-0.0717,0.4593,0.9513,737.6103,0.989,59.4441,0.6026,0.9743,6.2051,15.66,2.843,15.67,15.52,1.012,0.5096,3.241,-2.222,0.81,2.3234,1004.8823,95.0,185.5,116.6,46.2,485.467,0.3343,0.151,0.054,0.061,0.009,4.9863,5.097,14.69,0.0066,0.2,0.0634,388.0,16921.0,0.164,0.15,0.059,3.3,0.507,0.5703,0.1315,0.648,0.2873,0.6557,0.295,0.1146,6.36,16.79,38.911,0.272,18.9,9.44,28.919,70.56,0.0803,0.0625,0.0233,0.0643,0.0981,0.0728,0.1157,0.132,3.3177,0.052,0.0014,93.9755,0.0272,739.7002,0.0138,0.0263,0.0165,0.0103,65.1399,2.9432,0.0235,0.2082,0.1192,1.5336,26.6945,61.9863,35.6391,0.1142,1.5045,0.0469,1.3169,0.0487,0.0231,176.7673,197.4916,1355.8066,7316.639,0.0689,0.0655,0.0265,1.037,0.0612,0.1525,0.2109,0.0478,0.1243,5.043,0.101,6.9271,0.0384,2.0178,5.5409,13.5971,0.0749,2.8161,2.9334,9.3687,24.3797,0.0225,0.0274,0.0109,0.0305,0.0293,0.0354,0.0568,0.0684,1.2508,0.0171,0.0004,35.1768,0.0098,223.2975,0.0047,0.0029,20.4391,0.9801,0.0109,0.0788,0.0387,6.0533,0.5443,4.3483,5.9893,4.8213,2.0873,28.043,15.7725,9.8765,76.1097,3.4678,0.6709,1.5981,4.5251,61.4313,838.6074,12.1888,7.551,0.8134,4.6779,55.2632,96.5047,14.5083,0.679,1.5116,1.0078,0.3511,4.5217,6.4896,2.9369,8.628,4.4843,2.6251,17.2867,5.3886,2.6638,6.468,135.0619,4.0326,8.2991,39.0751,527.8554,215.8895,609.4787,0.0,389.3048,0.0,0.0,47.2561,2.7301,2.1517,0.1454,5.2497,13.8727,0.0,31.0345,578.7234,3.5969,1.0808,8.8312,0.1969,4.9511,3.3557,5.1312,3.7543,72.832,19.44,1.0,8.0988,0.4041,64.1799,4.7964,1.373,0.4089,0.1206,37.6004,4.98,0.0877,2.0902,0.0382,1.8844,15.4662,528.0491,2.1169,8.99,0.2247,3.1945,0.0784,1.7025,10.6124,0.011,2.2079,0.0289,0.0032,10.9425
-1.0,2960.58,2175.2556,1.2833,100.6222,1.5712,-0.0119,0.006,204.9414,11.8815,420.0767,0.9718,195.3061,12.4845,1.3986,-3643.0,-759.5,1.2973,1.9938,7.3108,69.0111,2.4333,0.1794,85.9801,8.662,63.8972,66.1995,86.2277,81.32,2.743,364.0682,132.0873,738.8755,1.36,143.2009,639.3564,206.3949,4.587,4.822,2881.0,0.9226,-0.95,362.4018,10.7609,111.1373,21.2546,20.95,31.2129,707.6626,144.5627,618.1018,163.9008,-0.0206,-0.0287,0.0129,0.0072,0.0069,-0.0197,-0.0142,7.9319,0.1356,0.9881,1874.9192,0.2029,9273.63,0.1401,0.014,0.0406,0.059,0.4217006157501573,0.9111999999999999,735.7491,0.9893,58.395,0.6002,0.9636,6.3012,15.66,2.843,15.67,15.52,1.012,0.5096,3.241,-2.222,0.81,2.3234,1004.8823,99.0,191.0,106.1,46.8999,423.1381,0.1202,0.23175000000000004,0.0558,0.0433,0.0171,4.769,10.494,7.493,0.0119,0.44,0.0639,323.0,2103.0,0.127,0.049,0.228,2.2,0.669,0.5679,0.1548,0.6572,0.4004,0.6665,0.715,0.2391,7.22,17.9,40.97,0.571,15.65,9.55,22.186,74.442,0.1228,0.0378,0.0424,0.1143,0.1107,0.0478,0.0954,0.1409,5.2521,0.0284,0.013699999999999999,146.0502,0.0478,1702.4004,0.0369,0.022,0.120188138292432,0.052199999999999996,145.4592,2.7451,0.0239,0.2792,0.1192,1.5336,26.7157,57.7661,46.1081,0.0437,1.9095,0.08085,2.9901,0.1405,0.0253,132.7589,179.6837,814.5543,905.3289,0.0554,0.0217,0.1056,0.7441,0.0408,0.2015,0.2052,0.0586,0.0769,7.8025,0.2216,4.4721,0.0634,2.2235,5.4391,15.0983,0.1566,2.6885,3.0934,6.2408,25.0597,0.0281,0.0162,0.0194,0.0495,0.0312,0.0254,0.0444,0.076,1.6794,0.0117,0.0046,49.523,0.0137,532.91,0.02801905827358544,0.018000000000000002,54.3004,0.9059,0.0084,0.101,0.0387,6.0533,0.5443,4.5434,6.4514,4.3247,2.1561,41.3962,9.3675,16.1177,88.3218,1.7837,1.2288,3.5244,4.5667,47.3236,276.8927,9.7899,2.4577,3.1187,3.1879,36.9863,78.5759,19.638,0.6605,1.787,1.0285,0.184,6.9795,10.0085,2.303,17.5826,5.0419,2.7997,19.8503,1.7635,5.3062,6.5505,73.6312,3.1351,12.8303,45.4189,594.7691,0.0,764.9995,0.0,695.2727,483.6502,890.8199000000001,66.215,0.8852,1.1726,1.3944999999999999,7.7897,23.5566,0.0,40.118,0.0,26.600115265074077,5.5677,19.7702,0.1264,4.7009,4.4315,5.1312,3.7543,75.314,11.21,2.14,5.3902,0.8394,77.7596,2.7734,2.8414,0.6593,0.1427,62.8115,6.33,0.1449,2.5997,0.0585,2.3177,22.9262,531.8136,2.0854,7.01,0.3551,2.4389,0.1168,1.3181,17.0283,0.0151,3.0185,0.019,0.015,78.6525
-1.0,2923.36,2186.9,1.3493,104.3367,1.4055,0.0244,-0.0074,198.9324,9.9463,422.6789,0.9741,189.8179,12.4431,1.4136,-4054.0,7084.9583,1.2928,1.9823,7.2765,75.0444,1.3667,0.1109,83.1829,8.9857,64.1327,66.3551,86.7646,78.95,3.282,350.3091,139.5509,731.5149,0.9195,134.1,623.96,119.1813,4.606,4.878,2835.0,0.9322,-2.2364,352.4555,10.3142,117.3145,7.456,22.2364,27.4813,704.0336,148.21,617.98,103.9545,0.0002,0.0043,0.0078,0.0024,-0.0164,-0.0303,-0.015,7.5845,0.1295,0.9879,1814.6855,0.1629,8707.2501,0.1065,0.014,-0.0328,0.0055,0.4547928604310474,0.9567,730.5298,0.9908,58.9216,0.603,0.9638,6.235,15.71,2.964,15.71,15.68,0.9413,0.5104,3.158,-2.458,0.8036,2.2954,991.3567,77.0,177.8,125.2,64.2,278.113,0.2729,0.1653,0.07,0.0367,0.0098,8.464,7.349,14.429,0.0096,0.24,0.0499,612.0,17919.5,0.101,0.082,0.383,5.4,0.865,0.8955,0.1297,0.6706,0.347,1.1329,0.353,0.0811,5.29,15.15,27.655,0.296,19.18,9.82,36.407,83.871,0.083,0.0529,0.0677,0.0406,0.0915,0.0255,0.0464,0.0622,4.4823,0.067,0.0013,94.9952,0.0261,1213.7998,0.0148,0.0132,0.01645161055963537,0.0244,110.1275,3.8547,0.0506,0.3125,0.0686,3.7145,21.9679,64.6294,46.242,0.1016,1.5312,0.0489,2.4968,0.0632,0.0175,278.6719,125.7193,816.4794,8964.7674,0.0426,0.0378,0.168,1.7003,0.0424,0.2761,0.3434,0.0533,0.1229,5.8985,0.1187,7.9138,0.0223,1.6665,5.0784,7.837,0.0877,2.8064,3.7791,10.8545,21.9508,0.0218,0.0227,0.0314,0.019,0.0267,0.0104,0.0232,0.0328,1.6203,0.0215,0.0004,35.3916,0.0083,355.2897,0.008834708484597782,0.0079,32.5252,1.1586,0.0148,0.1104,0.0252,6.714,1.3169,3.4398,6.082,5.001,2.9357,29.6992,20.2273,11.7611,73.887,3.4137,0.9833,1.9288,3.5265,47.9526,263.6485,7.8128,4.1367,5.2635,7.4622,117.0732,127.1543,25.7211,1.0765,1.4431,1.0456,0.213,5.4038,4.7438,3.4375,8.8235,3.9448,2.428,23.2042,9.842500000000001,2.8698,8.311,257.2425,5.1712,12.3108,80.6805,0.0,113.8246,518.8498,0.0,155.0152,153.2618,415.3589,59.0986,2.2392,2.7692,0.1344,5.2348,16.0337,679.0997,34.0587,0.0,5.379334341954155,2.555,15.075,0.1468,6.5421,5.0119,2.9906,9.2743,74.6,15.15,1.39,6.9623,0.6675,62.8875,3.7582,1.8633,0.1275,0.0318,13.1291,5.72,0.2115,2.408,0.0814,2.1782,24.4304,532.3273,2.3967,10.57,0.1933,3.6139,0.0699,1.9856,8.0633,0.0145,2.8863,0.019,0.015,78.6525
-1.0,2953.29,2215.0222,1.2557,96.79,1.4382,-0.0182,0.0032,203.5287,10.4523,424.2428,0.9795,193.8201,12.4804,1.4121,-6275.75,-305.0,1.3173,1.9805,7.3403,68.0111,2.5556,0.1969,85.9801,8.662,63.8972,66.1995,86.2277,81.32,2.743,364.6764,132.3609,740.7155,1.3317,144.1855,641.2227,219.181,4.587,4.822,2881.0,0.9226,1.2236,363.3909,10.6946,113.5845,18.1982,18.7764,24.9946,715.7208,146.0491,623.0245,103.9439,0.0115,-0.0569,-0.0159,-0.0094,-0.0122,-0.0323,-0.0129,7.3723,0.1299,0.9871,1767.1722,0.2124,8878.4,0.0191,0.0298,-0.0064,0.0538,0.4382539224002431,0.9608,737.8545,0.9897,58.0411,0.6002,0.9608,6.4091,15.66,2.843,15.67,15.52,1.012,0.5096,3.241,-2.222,0.81,2.3234,1004.8823,115.0,176.6,237.7,72.0999,958.76,0.2896,0.1214,0.066,0.0494,0.0081,4.8298,9.807,4.673,0.0058,0.25,0.0715,852.0,1603.0,0.143,0.151,0.103,2.7,0.648,0.5679,0.1548,0.6572,0.4004,0.6665,0.772,0.1549,8.31,16.19,46.415,0.482,18.22,8.7,20.341,16.516,0.0859,0.0266,0.0306,0.0585,0.1145,0.0783,0.1326,0.1359,4.46,0.0821,0.0021,108.8723,0.1113,216.6992,0.015,0.0137,0.0526944691587066,0.0053,33.3128,3.2037,0.0418,0.2232,0.1192,1.5336,28.7259,65.9428,71.8423,0.0844,3.0942,0.0394,3.1572,0.0673,0.0243,390.7412,167.5281,4988.7325,672.9393,0.0649,0.065,0.057,0.9075,0.0393,0.1987,0.2052,0.0586,0.0769,7.2114,0.2148,4.8771,0.0464,2.1632,4.3576,14.7494,0.1503,2.708,3.0012,6.3111,4.2064,0.0208,0.0121,0.0136,0.0269,0.0313,0.0396,0.0603,0.0664,1.4682,0.028,0.0007,33.3972,0.0374,82.9669,0.013175238033706554,0.0016,11.9278,0.9019,0.013,0.0732,0.0387,6.0533,0.5443,5.1691,5.9798,9.522,3.255,61.8977,23.0652,8.441,93.8265,1.1015,0.5932,2.0031,5.0605,173.4773,525.5738,10.8559,7.6243,1.4032,3.9699,50.8696,62.4718,18.4738,0.6605,1.787,1.0285,0.184,6.5483,10.7509,2.5789,11.6305,5.7634,2.5249,21.1766,1.7635,4.5069,6.8935,100.1202,2.842,11.5908,15.8893,744.1256,94.7462,368.5039,0.0,641.8033,411.1628,0.0,60.4959,2.0009,3.4556,0.2097,6.1608,52.4019,0.0,30.2881,950.0,11.11121285139781,0.5563,4.5148,0.0852,5.5198,3.4832,5.1312,3.7543,72.592,15.2,0.94,7.1392,0.3506,43.1672,3.7922,1.2949,0.615,0.1413,58.2876,4.98,0.0877,2.0902,0.0382,1.8844,15.4662,529.9445,1.974,7.91,0.2824,2.6691,0.094,1.4926,14.3055,0.0171,3.4484,0.019,0.015,78.6525
-1.0,3093.46,2221.3667,1.2667,88.6578,1.3537,0.0134,-0.0039,199.2506,5.5837,406.0665,0.9719,189.779,12.5273,1.3993,-3612.25,-56.25,1.317,2.0107,7.3055,68.1778,2.7222,0.2074,86.901,8.7782,63.9707,66.3797,86.4258,81.4,3.146,363.9473,131.4145,738.2547,1.4237,149.3791,644.7409,199.511,4.622,4.867,2874.0,0.9222,1.3555,363.1564,10.7678,112.77,14.0645,18.6445,22.23,716.0247,154.75,630.6764,171.74984999999998,-0.0219,-0.0321,0.088,-0.0244,-0.0032,-0.0225,-0.0125,8.6158,0.1299,0.9871,1727.0711,0.2001,9472.4,0.0206,-0.0521,0.0511,0.0442,0.468,0.9311,815.7955,0.989,59.2416,0.6058,0.969,6.3189,15.72,3.283,15.69,15.64,1.021,0.52,2.996,-2.128,0.7931,2.2892,993.4794,91.0,231.5,221.2,53.3999,751.0549,0.3503,0.1119,0.061,0.047,0.0125,7.0737,5.304,9.868,0.0111,0.18,0.0466,969.0,1065.0,0.101,0.083,0.232,2.0,0.552,0.6474,0.1384,0.8315,0.3616,0.6842,0.79,0.174,7.91,15.13,73.305,0.285,11.29,4.27,18.887,56.664,0.0944,0.0572,0.0292,0.059,0.0665,0.0657,0.08,0.0833,3.0386,0.0379,0.0019,221.0082,0.0313,1222.2002,0.0164,0.0143,0.021,0.0192,153.0092,3.1156,0.0418,0.3732,0.0962,3.8692,24.2243,76.36,71.8835,0.1009,2.9142,0.0401,1.8014,0.0483,0.0151,407.509,106.9279,610.7899,513.9879,0.0444,0.0365,0.1063,0.6457,0.0423,0.2194,0.251,0.0579,0.0849,7.8701,0.2349,4.6238,0.0483,2.3829,4.0522,21.1957,0.0867,1.4899,1.9836,5.481,17.6093,0.0209,0.0241,0.0135,0.0247,0.0159,0.0341,0.0415,0.0423,1.0758,0.0119,0.0007,68.7031,0.0118,382.0802,0.0059,0.0067,48.6708,1.0318,0.0136,0.1287,0.0336,5.654,1.0598,4.1226,7.4835,8.9223,2.4039,30.1544,27.6524,8.2663,94.9903,2.4301,1.1377,1.4369,3.3295,38.1203,0.0,7.6689,4.1278,3.1757,2.9335,36.7347,68.4521,16.6393,0.745,1.577,1.2998,0.3439,6.729,9.4282,2.3906,12.2245,5.2952,2.3467,36.7423,1.8561,2.6468,8.0252,80.2729,2.6378,14.7923,31.588,430.5587,120.9302,67.0836,272.9605,0.0,355.5556,665.0699,35.2678,2.3869,1.5744,0.1922,12.7967,15.6605,0.0,20.4651,400.0,4.4904,2.0622,18.7558,0.1239,5.2591,5.9064,4.2042,9.8339,73.254,14.53,1.33,6.7381,0.5058,27.0176,3.6251,1.8156,0.3345,0.0621,33.9139,4.98,0.0877,2.0902,0.0382,1.8844,15.4662,529.9445,1.974,7.91,0.2824,2.6691,0.094,1.4926,14.3055,0.0148,2.9659,0.019,0.015,78.6525
-1.0,2997.33,2221.5667,1.917,100.7456,1.3929,-0.0004,0.0059,205.7972,12.0703,420.798,0.9639,196.3002,12.5118,1.3971,-3834.0,-1746.0,1.2788,1.9652,7.2012,74.4444,2.1,0.1571,86.8634,8.4537,64.0411,65.9611,86.8072,80.43,3.358,365.1764,134.6636,743.2596,1.3573,142.3727,642.2127,201.1475,4.568,4.828,2892.0,0.9197,0.59,362.6355,10.6988,115.2536,18.0991,19.41,25.6798,717.5798,146.2245,624.1136,107.6231,-0.0232,-0.012,-0.0027,-0.0241,0.0014,-0.0227,0.0116,7.8353,0.1447,0.9928,1889.2168,0.1974,9118.24,-0.0157,0.0372,-0.0086,-0.0402,0.4573,0.9632,756.5663,0.9898,58.111,0.611,0.9811,6.1855,15.76,3.008,15.76,15.7,0.8325,0.5231,3.166,-2.033,0.8121,2.2726,996.6092,120.0,152.5,122.1,50.9001,469.389,0.2901,0.1229,0.0538,0.0323,0.0165,4.8076,15.015,14.182,0.0144,0.33,0.0467,390.0,2602.0,0.074,0.049,0.197,3.1,1.143,0.7979,0.0949,0.6651,0.365,0.8318,0.625,0.1864,5.57,17.07,84.278,0.491,18.6,10.0,20.374,14.161,0.0907,0.0433,0.0315,0.0326,0.0483,0.0629,0.082,0.088,4.2151,0.0312,0.0009,111.2086,0.03,695.0996,0.0131,0.0137,0.0178,0.0109,68.548,3.9209,0.0319,0.2758,0.0923,7.1978,30.5982,51.9184,47.8798,0.0823,1.4115,0.0433,4.3142,0.1001,0.0175,175.0912,200.5947,393.9704,1098.4774,0.033,0.022,0.0854,0.811,0.0512,0.3337,0.2987,0.0435,0.1208,7.8792,0.2208,4.95,0.0581,1.6186,4.9454,24.1722,0.1319,2.9139,3.4181,6.2084,4.6833,0.0232,0.0202,0.0144,0.0157,0.0143,0.0341,0.0462,0.0426,1.6076,0.0119,0.0003,33.0407,0.0107,224.841,0.0056,0.0034,21.9523,1.1178,0.0101,0.0863,0.0325,9.3057,2.2605,5.5371,5.0879,4.9381,2.2912,29.4593,15.1326,8.8232,124.3965,3.3703,1.4986,2.6375,3.3405,22.3526,149.0263,5.7869,2.4933,2.7356,4.1642,61.9048,104.3847,33.058,0.9186,1.1231,1.0386,0.3336,6.2709,10.5374,2.4723,13.7351,3.9123,2.658,41.8986,2.1632,4.5893,6.8805,102.7677,2.8393,11.5745,13.158,391.159,81.2764,0.0,200.4669,0.0,362.0309,760.2592,53.7968,2.4873,1.2738,0.095,5.8865,15.2029,0.0,23.3236,0.0,3.8922,1.1351,9.0604,0.0991,6.7472,4.4587,4.0605,18.4824,80.316,12.25,1.5,5.5644,0.6299,85.8017,3.0604,1.8676,0.7903,0.1655,77.3544,5.36,0.2039,2.3183,0.0785,2.0083,20.5703,529.9445,1.974,7.91,0.2824,2.6691,0.094,1.4926,14.3055,0.0113,2.2602,0.019,0.015,78.6525
-1.0,3093.16,2260.2222,1.21,97.1467,1.4146,-0.026,-0.0004,200.4882,9.9116,416.1479,0.9729,191.1706,12.5008,1.4005,-1951.6667,3758.25,1.3365,1.9775,7.2823,74.9,1.9444,0.1706,84.0363,8.0787,64.6246,66.0133,87.1927,80.44,2.841,346.5,129.5836,708.8437,0.9542,137.4491,613.5327,90.1462,4.545,4.78,2839.0,0.9341,4.5355,343.4591,10.4294,114.1191,8.3718,15.4645,18.6383,690.2055,147.5827,605.1609,102.4852,0.0084,-0.0353,0.0631,-0.0373,-0.0048,-0.006,0.053,7.9327,0.1299,0.9828,1815.8916,0.1975,8978.15,-0.0525,-0.0716,0.0092,-0.0597,0.46031482494381315,0.9466,767.7793,0.9893,58.9506,0.5971,0.9799,6.26,15.84,3.22,15.81,15.71,1.305,0.5538,3.236,-2.742,0.828,2.3932,1008.6144,72.0,95.4,108.4,49.2,602.6749,0.2704,0.1201,0.0552,0.0402,0.015,4.3284,5.896,9.194,0.0094,0.21,0.0773,607.0,17919.5,0.063,0.108,0.109,3.1,0.577,0.5583,0.1241,0.7029,0.2973,0.7683,0.856,0.0753,9.12,16.23,12.518,0.215,13.83,5.79,27.981,10.943,0.0617,0.059,0.0432,0.0202,0.0907,0.0523,0.0835,0.0697,5.1984,0.0821,0.0126,181.6266,0.0299,766.5996,0.0129,0.0166,0.035290113111746846,0.0127,62.3958,3.8031,0.0358,0.4231,0.1048,3.3484,21.1802,30.4198,30.6475,0.0898,2.8863,0.0371,1.7844,0.0588,0.0253,276.0755,56.0506,1428.4766,8767.8137,0.0296,0.0464,0.0496,0.9513,0.0721,0.1835,0.2299,0.0467,0.1163,7.6471,0.3028,6.72,0.0231,2.5527,5.8042,4.5784,0.0645,1.7581,2.5113,8.5298,3.8144,0.0145,0.0261,0.0193,0.0094,0.0228,0.0277,0.0443,0.0337,1.7563,0.028,0.0046,56.0973,0.0103,247.064,0.008135832783821293,0.004,20.0454,1.1269,0.0109,0.1342,0.0349,5.5142,1.0655,3.312,3.0842,4.1187,2.1768,37.6146,22.346,8.49,59.4856,2.2093,0.9655,1.6799,5.5203,145.2092,496.082,4.7138,5.4614,1.4968,4.1389,123.4286,127.8176,17.459,0.6644,1.5365,1.0877,0.2935,6.2771,6.0656,3.1763,7.8917,6.6352,2.6453,13.8863,4.3868,2.0615,4.618,165.1979,4.054,10.0651,10.6776,731.8013,139.5624,31.9873,243.1635,0.0,0.0,131.5094,65.5312,2.0009,3.4556,1.2805,10.0021,15.1267,119.4245,70.8333,477.9221,6.848872617896872,1.3411,8.1268,0.0991,6.4513,6.7586,4.3776,8.8345,74.38,13.92,0.71,6.2043,0.3333,17.3266,3.4776,0.9546,0.6543,0.1406,64.0311,4.98,0.0877,2.0902,0.0382,1.8844,15.4662,531.3036,1.925,9.45,0.2011,3.3535,0.0619,1.7786,10.4446,0.0113,2.2646,0.0233,0.0138,59.1201
-1.0,2958.48,2188.5111,0.8673,105.8678,1.4925,0.0474,-0.002,199.0733,7.2375,401.3337,0.979,189.5082,12.5996,1.4209,-3319.0,267.75,1.3177,2.0155,7.235,73.1556,2.1778,0.1843,86.4585,8.8355,63.9952,66.0979,86.9761,76.44,2.899,352.2527,137.5627,728.9179,0.9048,133.9955,623.8109,108.0528,4.592,4.893,2837.0,0.9289,-2.3364,350.7855,10.4896,115.2264,13.7979,22.3364,25.7524,703.1656,145.4182,611.43,109.6268,-0.0362,0.0351,0.0728,-0.0218,0.0022,-0.056650000000000006,-0.0214,6.8551,0.1284,0.9891,1812.2497,0.2078,8849.4401,0.0258,0.0167,-0.0686,-0.0346,0.4626,0.9602,720.44,0.9892,58.8595,0.6056,0.981,6.3227,15.73,3.179,15.73,15.66,0.9176,0.5413,3.163,-2.694,0.8376,2.2671,998.2796,132.0,151.1,175.1,49.2,441.274,0.1061,0.23175000000000004,0.072,0.0315,0.0068,6.9512,4.268,13.891,0.0058,0.8700000000000001,0.0537,911.0,16224.0,0.087,0.142,0.337,1.9,0.819,0.741,0.26130000000000003,0.7484,0.459,0.7297,0.628,0.1843,8.4,19.2,57.22,0.661,15.61,8.56,34.207,30.137,0.1082,0.0348,0.0989,0.0423,0.0672,0.0802,0.0369,0.0501,3.3605,0.0511,0.0014,128.1179,0.1254,1160.2002,0.0151,0.0119,0.0209,0.0275,140.9564,1.7109,0.031,0.2602,0.0922,3.7737,30.3144,52.4906,56.2551,0.044,2.5459,0.08085,1.2432,0.2202,0.0178,377.0344,121.5768,1687.9988,6640.9263,0.0418,0.0647,0.1434,0.6483,0.0774,0.2161,0.2729,0.0985,0.1214,6.5217,0.2408,9.2135,0.0496,2.8349,6.1134,15.9081,0.1841,2.1915,2.4394,10.3928,8.4924,0.0284,0.0162,0.042,0.0182,0.0173,0.04,0.0155,0.0259,1.1422,0.0169,0.0005,43.3283,0.0374,336.952,0.0058,0.0087,42.8197,0.5204,0.0097,0.086,0.0321,4.4847,1.1413,6.0509,5.1074,6.7046,2.2481,46.9329,12.2383,16.1177,58.9703,3.4612,0.5952,6.94175,3.7786,119.8554,0.0,6.6022,7.0454,4.6579,2.5972,105.6122,108.4991,24.9475,0.8571,2.9167,1.1695,0.3155,5.5046,10.7078,4.4655,20.3734,6.2689,3.0779,52.9556,6.5921,6.3015,17.537999999999997,113.1332,4.8647,17.8424,27.4905,298.7403,257.7778,58.0844,308.6994,0.0,51.6264,234.386,49.0225,2.4924,2.1515,0.1416,7.0696,63.31987047269746,0.0,41.6961,977.7778,4.5251,2.8635,19.5653,0.1078,2.9067,4.116,4.0666,9.3047,73.254,14.53,1.33,6.7381,0.5058,27.0176,3.6251,1.8156,0.4089,0.1206,37.6004,8.87,0.2265,4.0304,0.1036,3.5443,26.182,531.52,1.917,9.75,0.2634,3.4417,0.0794,1.8344,13.7383,0.0106,2.1312,0.0233,0.0138,59.1201
-1.0,3232.6099999999997,2226.5444,1.9946,98.5244,1.4634,-0.0005,-0.0077,202.5858,5.5547,420.3678,0.9658,192.6324,12.4357,1.4271,-4179.75,-5777.6667,1.2773,2.0122,7.325,67.1222,2.5,0.2001,85.5439,8.6556,64.2946,66.3872,86.3125,81.73,2.54,367.86,149.3436,764.9716,1.2067,138.49,655.6936,165.5196,4.614,4.868,2879.0,0.9207,-10.4455,367.4982,10.5455,118.8982,22.38,30.4455,40.4031,724.5685,146.9173,633.3136,119.0227,-0.009,-0.0249,0.0124,-0.037,-0.0011,-0.009,0.0049,7.8039,0.13,0.987,1813.5467,0.1786,9146.7901,-0.0114,-0.066,0.0054,0.0077,0.4598,0.9604,783.3325,0.9914,59.4186,0.6071,0.9769,6.2683,15.53,2.893,15.58,15.43,0.9507,0.4746,3.127,-1.088,0.8201,2.3479,988.5307,68.0,147.2,172.5,54.2998,380.286,0.4489,0.1377,0.0712,0.0356,0.0184,4.453,5.101,11.393,0.0139,0.24,0.0839,536.0,6729.0,0.073,0.156,0.09,1.9,0.787,0.5272,0.1304,0.6457,0.2537,0.7604,0.531,0.2348,6.76,12.33,53.312,0.39,14.45,9.49,25.012,59.529,0.0674,0.0423,0.0318,0.0385,0.052,0.0755,0.0964,0.0519,3.9067,0.0494,0.0022,116.5071,0.0362,743.1992,0.0147,0.0121,0.014,0.0085,60.3252,2.8811,0.0293,0.4398,0.1257,4.6742,18.3418,49.18,52.4314,0.1747,2.0463,0.0571,1.7984,0.0762,0.0342,237.5514,152.7853,590.4035,3500.1663,0.0341,0.0736,0.0395,0.5094,0.0305,0.2541,0.2052,0.0549,0.0814,6.4408,0.2055,4.7965,0.0613,2.1934,3.6234,18.5437,0.1346,3.165,4.3219,7.6171,21.1653,0.0187,0.022,0.014,0.0189,0.0136,0.0399,0.0503,0.0295,1.103,0.0153,0.0007,37.4426,0.0119,227.3027,0.0044,0.0032,19.6696,1.0196,0.0089,0.1375,0.0438,5.6456,1.5904,3.0541,4.4614,6.926,2.4387,29.2737,22.5049,9.4096,91.8317,2.7102,1.4428,1.9299,5.8806,31.844,116.4657,5.7154,7.7525,1.2287,2.8307,64.0,52.4708,22.6352,0.6163,1.507,1.0043,0.2445,4.8741,7.1982,2.3188,19.458,4.8812,1.8805,32.2089,2.2697,3.6983,4.8529,64.5666,3.452,16.586,50.0148,745.7815,124.0469,309.2369,140.5643,0.0,0.0,0.0,50.0615,2.5389,2.0378,0.2239,6.4243,20.2815,0.0,36.2225,383.0986,3.0524,0.8811,7.7011,0.0918,4.8488,7.0169,5.3518,11.3652,73.254,14.53,1.33,6.7381,0.5058,27.0176,3.6251,1.8156,0.4425,0.1485,39.8457,4.98,0.0877,2.0902,0.0382,1.8844,15.4662,528.5973,2.22,6.24,0.2848,2.1791,0.0859,1.1805,12.8307,0.0083,1.6453,0.0233,0.0138,59.1201
-1.0,3049.97,2263.3222,2.3986,85.1778,1.3792,0.0054,0.0039,202.9645,11.3561,423.8658,0.9699,193.3254,12.5484,1.4095,-3261.0,2399.0,1.271,1.986,7.2035,75.5556,2.0889,0.157,84.3084,8.3591,64.5242,65.973,86.9351,79.94,3.054,355.5364,129.3791,724.6802,1.1722,139.0445,623.96,53.2993,4.59,4.868,2858.0,0.9256,0.4782,355.9273,10.6233,109.8573,14.22,19.5218,25.2876,699.3925,145.7764,611.5609,95.8865,-0.0147,-0.0286,-0.0224,0.0064,-0.0097,-0.0118,-0.0005,8.2625,0.1364,0.9685,1784.7446,0.2005,8507.8401,-0.0531,-0.0056,0.0555,0.1026,0.4662,0.942,725.7763,0.9912,57.2318,0.5945,0.9812,6.0685,15.66,2.843,15.67,15.52,1.012,0.5096,3.241,-2.222,0.81,2.3234,1004.8823,137.0,138.2,78.7,64.7,1015.8822,0.1736,0.1437,0.055,0.0469,0.0167,4.3297,6.636,8.06,0.0119,0.24,0.0394,1069.0,17919.5,0.177,0.105,0.258,2.7,0.29,0.486,0.1807,0.6304,0.2914,0.7801,0.814,0.1666,11.01,27.35,14.155,0.361,22.84,7.35,36.512,55.463,0.16345,0.0512,0.0386,0.0578,0.0854,0.07,0.0903,0.0596,1.8106,0.0633,0.0048,119.6738,0.0695,1742.5005,0.0151,0.0105,0.0169,0.019,184.7155,3.5518,0.0422,0.2083,0.1192,1.5336,34.3887,48.9508,30.031,0.0566,3.6068,0.0513,2.2675,0.0599,0.0138,459.5309,330.6704,427.9533,8994.62525,0.0803,0.047,0.1176,0.8988,0.0394,0.0938,0.1894,0.0664,0.1114,5.6335,0.2632,8.2663,0.0529,3.3021,7.7584,4.2725,0.0877,2.1828,3.0438,10.9424,15.7943,0.0437,0.0235,0.0159,0.0286,0.0243,0.0381,0.05,0.025,0.6256,0.022,0.002,48.3335,0.0179,547.6484,0.0055,0.0062,55.5033,1.1313,0.0156,0.0772,0.0387,6.0533,0.5443,6.2717,4.5312,3.2239,2.8586,77.0342,7.2372,10.419,58.4356,1.9015,1.2277,1.9126,2.7982,27.5989,0.0,13.926,5.287,3.5816,3.5735,62.234,78.3439,8.5119,0.5765,2.1618,0.977,0.2154,5.33,2.8753,3.698,14.2151,7.9183,4.3833,26.5576,5.9199,3.3982,7.2549,160.6188,5.2205,14.3597,57.8424,0.0,347.708,258.0357,0.0,725.3886,768.5106,0.0,21.913,2.9326,2.7336,0.4964,6.7054,34.6801,815.534,45.6641,0.0,3.6155,2.0142,25.4507,0.0664,6.2059,3.4318,5.1312,3.7543,81.556,14.05,1.27,5.4972,0.5334,27.1624,3.502,1.5572,0.2247,0.0534,21.8828,4.98,0.0877,2.0902,0.0382,1.8844,15.4662,531.8455,2.2544,8.64,0.2994,3.0979,0.0888,1.6245,13.283,0.0159,3.1456,0.0262,0.0104,39.5528
-1.0,2935.84,2241.1778,1.3349,98.59,1.3406,0.0006,-0.0039,198.9162,8.5275,417.3765,0.9723,189.5509,12.5273,1.4257,-3405.3333,-777.3333,1.2732,2.0088,7.3327,72.6111,2.2778,0.1639,86.7559,8.7597,64.1627,65.9682,87.0029,76.87,2.987,348.5927,133.2827,722.4428,1.0015,141.2955,623.1709,104.7105,4.584,4.837,2835.0,0.9289,1.4055,349.6145,10.5113,114.6882,13.2709,18.5945,21.2995,701.1433,146.9045,611.2073,107.3523,-0.0264,0.0547,0.0238,-0.0198,0.0039,-0.0002,-0.0212,7.2923,0.1328,0.9887,1885.6297,0.2059,8448.1001,0.0062,-0.1032,0.011,-0.0267,0.46,0.9419,709.1812,0.9897,58.1892,0.6003,0.9659,6.4031,15.73,3.179,15.73,15.66,0.9176,0.5413,3.163,-2.694,0.8376,2.2671,998.2796,117.0,143.9,94.7,62.0,1015.8822,0.4448,0.1168,0.0602,0.0458,0.0132,6.7633,10.988,26.932000000000002,0.0114,0.18,0.0796,171.0,8492.0,0.171,0.111,0.196,2.9,0.413,0.7512,0.26130000000000003,0.7077,0.2918,0.7607,0.359,0.1395,10.25,22.08,21.647,0.82,16.71,18.43,33.895,27.106,0.0712,0.0407,0.0556,0.0563,0.0515,0.0778,0.062,0.0928,1.5325,0.0495,0.0018,85.1989,0.0358,771.7002,0.0099,0.013,0.0161,0.0198,64.3804,3.0684,0.0425,0.2043,0.0922,3.7737,30.8666,48.9624,29.0356,0.1449,3.7721,0.0454,2.6676,0.0483,0.0253,84.1467,183.6128,404.259,4697.6203,0.0778,0.0498,0.0886,1.0517,0.0367,0.1308,0.3146,0.0985,0.0844,5.6146,0.0979,9.2345,0.0406,2.9487,6.8941,6.4774,0.2234,5.1166,5.6512,11.4988,8.8363,0.0168,0.0198,0.0258,0.0257,0.0141,0.0413,0.031,0.0456,0.6066,0.0169,0.0006,31.4802,0.0096,216.6538,0.0045,0.0063,18.3871,0.8793,0.0159,0.0656,0.0321,4.4847,1.1413,5.2073,4.9015,3.7149,2.7664,77.0342,33.3179,8.7126,128.853,6.508749999999999,1.1757,1.4369,5.5868,21.437,0.0,13.4302,5.5258,2.6729,3.9939,39.5122,71.3898,11.9284,0.8659,2.9167,1.103,0.4044,5.7144,15.5159,4.4275,13.9307,7.2543,3.5432,20.6732,6.6453,7.8012,17.537999999999997,125.9147,4.8343,22.0969,25.2496,269.8247,60.0074,236.8034,259.4458,0.0,0.0,437.7358,21.016,3.1634,2.0288,0.185,4.5183,17.4065,971.9626,41.5902,345.9459,3.5072,2.0975,9.0781,0.0824,5.2731,3.1906,4.0666,9.3047,72.706,16.75,0.98,8.0212,0.3987,48.7438,4.2459,1.3479,0.1348,0.0358,13.7863,6.3,0.1171,2.3498,0.0442,2.3513,12.3505,529.9445,1.974,7.91,0.2824,2.6691,0.094,1.4926,14.3055,0.0088,1.7641,0.0262,0.0104,39.5528
-1.0,3045.88,2243.8556,2.1422,89.4944,1.3928,0.0361,-0.0141,202.7513,9.6825,399.313,0.9709,193.1559,12.4059,1.3995,-3307.75,-7175.24995,1.2828,2.034,7.3718,71.0667,1.8556,0.1692,85.3182,8.5298,64.3121,65.9458,86.976,63.93999999999998,5.041,350.2427,134.2445,725.4618,1.3547,142.4618,626.9491,181.3745,4.563,4.804,2853.0,0.9298,-7.0082,349.6645,10.6852,107.2364,17.2482,27.0082,34.3077,691.1541,152.8,609.7009,108.3631,0.0149,-0.0134,-0.0146,-0.0071,-0.0377,-0.0158,0.0403,7.2961,0.1334,0.964,1860.1034,0.2134,8954.61,-0.038,-0.0846,-0.1001,-0.0259,0.45622153807225563,0.9477,781.8226,0.9867000000000001,58.7103,0.604,0.9813,6.2761,15.74,2.788,15.79,15.69,0.9649,0.4466,3.114,-1.939,0.8568,2.292,996.0538,99.0,185.7,166.0,60.8999,181.5471,0.4832,0.1181,0.0537,0.0849,0.0207,8.8262,15.486,8.37,0.013,0.18,0.0715,423.0,4059.0,0.096,0.116,0.185,2.6,0.523,0.7914,0.1162,0.7661,0.4146,0.8763,0.225,0.1616,6.18,17.21,59.313,0.911,17.02,13.91,26.679,67.506,0.1083,0.0647,0.0677,0.069,0.1045,0.0284,0.1447,0.1403,3.5119,0.0642,0.0109,91.7208,0.0951,822.5,0.0205,0.0251,0.06318270282358202,0.0281,86.7574,2.4687,0.0293,0.3582,0.0692,3.3014,28.9641,65.1755,62.5595,0.1708,1.9891,0.0433,4.3824,0.0497,0.0278,176.3047,134.4851,232.0163,2870.1464,0.0412,0.0549,0.0809,0.8307,0.0496,0.1538,0.3154,0.0435,0.041,5.93,0.0711,8.9046,0.044,1.7162,5.6568,18.5814,0.2469,3.8035,3.9987,9.1802,18.3168,0.0296,0.0289,0.0303,0.0287,0.0296,0.013,0.0718,0.0653,1.1482,0.023,0.0041,32.1777,0.0279,267.3516,0.015440625476432764,0.0082,29.1744,0.7433,0.0099,0.1144,0.022,7.6188,0.8782,4.4167,6.0968,6.375,2.7141,8.2182,22.5556,8.4794,159.9388,2.0961,1.3425,1.4509,5.1102,16.2951,43.9833,7.4839,5.703,2.5096,3.6585,86.2275,75.0492,14.9947,0.9276,1.3621,1.1912,0.3877,5.619,11.2556,4.0744,11.9271,4.338,2.745,32.7019,6.897,8.5258,17.537999999999997,98.677,3.8601,19.138,62.2961,726.2364,145.1486,472.6027,0.0,75.2816,917.2742,348.5714,48.1334,1.6486,2.622,1.1329,4.931,44.5475,0.0,48.1416,290.1099,15.556422852010197,2.9635,11.0968,0.25379999999999997,4.2048,5.708,3.0185,9.0633,77.402,17.34,0.67,8.2276,0.2951,121.0493,4.2529,0.8656,0.1474,0.0399,15.3056,4.98,0.0877,2.0902,0.0382,1.8844,15.4662,532.0109,2.0679,11.35,0.3364,4.0075,0.1166,2.1334,16.2693,0.0093,1.8544,0.0262,0.0104,39.5528
-1.0,3216.05,2228.9445,1.2895,100.6867,1.3791,-0.0304,-0.0077,203.4136,5.5609,400.6931,0.9748,192.874,12.5108,1.4237,-3239.75,3322.6667,1.2973,1.992,7.4335,68.0889,2.3667,0.176,86.15,8.8424,64.326,66.1354,86.8271,63.93999999999998,1.1460000000000004,346.5118,128.4945,713.1339,1.0227,143.6718,618.6782,114.7939,4.584,4.849,2833.0,0.9307,6.3491,348.1,10.4763,114.8436,7.0232,13.6509,16.3432,696.7907,152.3164,615.26,106.1443,-0.0104,-0.0112,-0.006,-0.0017,0.0055,-0.0112,0.0183,7.2973,0.1289,0.9846,1822.5526,0.1755,9087.98,-0.0544,-0.0363,0.1329,0.005,0.4394797473815235,0.9474,800.3725,0.9894,59.0142,0.5983,0.9791,6.2054,15.92,3.102,15.94,15.81,1.201,0.4984,3.216,0.0473,0.8285,2.4237,1011.3133,111.0,127.3,172.4,61.1001,1015.8822,0.3707,0.1283,0.0777,0.0521,0.0179,4.9698,5.14,16.219,0.0112,0.37,0.0668,812.0,11870.0,0.122,0.151,0.136,3.1,0.561,0.4552,0.1556,0.6339,0.2941,0.6295,0.313,0.1281,9.59,19.72,22.792,0.857,11.21,10.24,31.678,81.256,0.0743,0.0578,0.0437,0.0467,0.1018,0.0613,0.1116,0.0442,5.4797,0.0311,0.0053,104.1697,0.0518,927.2998,0.0369,0.03420000000000001,0.042668786424586824,0.0183,103.1514,4.1853,0.0584,0.3504,0.0737,3.7116,30.1488,44.686,50.9792,0.1073,2.8962,0.0382,1.4523,0.1102,0.0233,390.1516,194.1655,721.0143,6128.3141,0.0527,0.0633,0.0611,1.0505,0.0219,0.2172,0.1681,0.0626,0.0586,5.7386,0.097,8.8726,0.0378,2.8447,5.7618,8.49,0.2377,2.69,3.2621,10.3201,21.9441,0.0206,0.0241,0.0187,0.0229,0.0298,0.0317,0.0603,0.0189,1.5977,0.011,0.0018,36.4311,0.0169,315.3605,0.011691795136524318,0.0063,34.6388,1.2088,0.0186,0.1126,0.0264,3.6812,1.3378,5.0545,3.9583,7.6352,2.7412,77.0342,28.7493,9.3032,92.4309,4.0477,1.1453,2.9574,4.689,49.7878,357.2432,9.4045,7.5803,1.8296,4.5529,50.7042,40.9091,16.2066,0.5284,1.7597,0.9854,0.6795,5.1196,14.7788,4.3658,12.5249,6.6749,3.1874,19.8547,6.6722,8.1804,17.537999999999997,159.6137,4.5463,26.0094,76.5524,716.1446,89.9961,764.9995,0.0,0.0,994.2094,241.5301,75.0931,2.0946,1.2755,0.5381,5.7156,29.5236,0.0,48.8095,779.4872,9.431941908959299,1.9319,12.8879,0.1541,7.092,5.6473,3.042,9.762,73.254,14.53,1.33,6.7381,0.5058,27.0176,3.6251,1.8156,0.2293,0.0465,23.5359,11.969999999999999,0.2774,4.532500000000001,0.116,4.5275,38.05341532073962,531.52,1.917,9.75,0.2634,3.4417,0.0794,1.8344,13.7383,0.0102,2.0463,0.0262,0.0104,39.5528
-1.0,3105.06,2241.1778,1.3349,98.59,1.5016,-0.0011,-0.0014,199.2147,6.3515,401.1697,0.9749,189.4922,12.5341,1.4297,-3897.0,-919.25,1.2853,2.0212,7.3243,71.4111,2.2333,0.1864,86.3898,8.5735,64.0188,65.9602,87.1288,80.69,2.295,346.4564,134.6518,721.1653,0.9797,139.5209,620.6291,112.5242,4.584,4.849,2833.0,0.9307,6.2755,347.6991,10.3418,120.9273,6.3147,13.7245,17.8138,703.3515,148.34,616.9664,108.7324,0.0035,0.0688,0.0077,-0.0235,-0.0084,0.0032,0.0039,6.8944,0.1307,0.9868,1811.3774,0.1675,8625.8699,0.0488,0.0177,0.0215,0.0836,0.4627,0.9485,751.2165,0.9898,58.5518,0.6116,0.9587,6.4713,15.76,3.008,15.76,15.7,0.8325,0.5231,3.166,-2.033,0.8121,2.2726,996.6092,120.0,168.7,140.4,62.0,1015.8822,0.4448,0.2092,0.0448,0.0336,0.0158,7.0235,4.093,16.501,0.0121,0.58,0.0456,137.0,1853.0,0.111,0.109,0.24,2.6,0.53,0.784,0.0961,0.4997,0.2978,0.8545,0.708,0.133,10.87,23.68,13.374,0.571,14.24,15.31,35.067,51.792,0.0714,0.0514,0.0349,0.0576,0.1038,0.0639,0.0698,0.0736,4.5553,0.0574,0.0017,156.2982,0.0341,1040.9004,0.016,0.0134,0.0211,0.0131,82.9884,3.4074,0.0311,0.29,0.0923,7.1978,28.1868,57.1683,45.4354,0.1449,3.7721,0.0647,1.3986,0.1068,0.0123,61.8028,217.9702,1041.3555,842.6017,0.0508,0.0506,0.1177,0.8023,0.0404,0.1765,0.2994,0.0434,0.1099,5.0043,0.1869,9.8493,0.0408,3.3269,7.2732,4.1402,0.1542,3.962,4.1122,11.3707,15.6345,0.0208,0.0257,0.016,0.0246,0.0298,0.0349,0.0334,0.0366,1.4814,0.0182,0.0005,50.3549,0.0114,373.6095,0.0067,0.0049,30.2535,1.0415,0.01,0.0901,0.0325,9.3057,2.2605,5.5031,5.4331,6.1959,2.7664,77.0342,33.3179,13.9318,64.4419,4.1132,1.2409,4.6274,3.1901,55.9405,201.5774,8.6365,5.3927,3.2768,3.6409,40.2985,68.6532,15.316,0.9075,1.1212,0.7806,0.2883,5.3369,13.2044,4.8208,13.5801,7.791,3.8155,11.8854,6.6722,5.5213,17.537999999999997,225.5066,4.9857,19.3873,47.6325,0.0,112.843,748.0519,441.7021,760.7143,0.0,0.0,66.0722,1.5318,2.3558,0.1685,8.6287,20.3343,641.9162,37.0299,0.0,4.5615,1.376,11.0472,0.0915,5.8195,4.4817,4.0605,18.4824,73.254,14.53,1.33,6.7381,0.5058,27.0176,3.6251,1.8156,0.272,0.0595,27.5529,4.98,0.0877,2.0902,0.0382,1.8844,15.4662,530.3364,2.027,9.92,0.2944,3.4462,0.1001,1.8705,14.5257,0.0106,2.1084,0.0262,0.0104,39.5528
-1.0,2890.83,2172.1111,1.2689,103.3633,1.3253,-0.0167,-0.0085,204.4453,6.7656,416.4221,0.9781,194.2914,12.4992,1.4286,-3845.5,-288.25,1.302,2.0085,7.3417,72.7222,2.6778,0.2068,85.188,8.9562,63.901,66.2283,86.8401,78.17,2.774,354.9345,127.96,721.6025,1.1726,141.8627,624.7573,52.986,4.576,4.857,2872.0,0.927,5.6364,355.8127,10.4843,113.5964,7.2835,14.3636,18.0983,703.5042,151.4773,620.8864,112.6459,-0.0154,0.0533,0.0039,-0.0328,0.0076,0.0152,0.0154,8.0241,0.1307,0.9868,1907.9462,0.2023,9305.4001,-0.0567,-0.0223,0.0158,0.0576,0.4543,0.9501,799.2143,0.9867000000000001,55.696299999999994,0.5999,0.9804,6.3436,15.67,3.118,15.66,15.58,0.8798,0.5138,3.093,0.0,0.8068,2.3193,991.1096,120.0,82.7,51.8,43.4001,270.64,0.0997,0.076,0.1094,0.0294,0.0105,4.8814,6.475,7.827,0.0064,0.19,0.1183,1034.0,1410.0,0.143,0.115,0.152,4.6,0.455,0.8045,0.1741,0.4744,0.3415,0.9507,0.222,0.2079,5.47,17.26,24.001,0.237,13.52,6.92,36.297,93.213,0.104,0.0563,0.1121,0.0666,0.0527,0.0813,0.0688,0.062,2.7979,0.0656,0.0067,144.9377,0.024,1067.1006,0.0126,0.0159,0.0391,0.028,92.4678,4.3715,0.0465,0.388,0.119,5.1911,28.1868,26.4658,17.1237,0.0372,1.9903,0.0273,1.821,0.054,0.0322,439.5369,163.9776,516.913,620.3361,0.0608,0.0495,0.0755,1.4729,0.0455,0.1596,0.3372,0.0629,0.0992,6.0739,0.0727,7.6403,0.0583,1.5977,5.6802,7.7329,0.0739,2.4228,3.7776,11.0698,23.7275,0.0304,0.0244,0.0475,0.0315,0.0147,0.0356,0.0337,0.0262,1.0617,0.0196,0.0021,51.5643,0.0077,279.9253,0.0123,0.0082,25.2874,1.2959,0.0172,0.1316,0.0388,8.1842,1.4635,5.5031,2.8608,2.093,1.9981,27.0756,7.8546,5.7345,95.7042,1.8796,0.6537,1.5201,8.2842,28.9689,489.1587,10.9831,5.7257,2.0704,6.3254,67.2199,79.3122,13.3475,0.9444,1.9441,0.7424,0.15,5.6123,4.689,3.3791,17.7323,3.8558,2.7627,45.2969,5.9879,2.2605,7.2097,185.6239,5.1595,16.4663,82.7487,676.1479,146.5192,0.0,160.4567,0.0,451.1475,402.5974,34.8685,1.5318,2.6684,0.6774,7.5965,11.8425,0.0,35.1145,0.0,8.5961,2.9465,11.5698,0.25379999999999997,8.1528,6.1161,5.1328,12.5942,71.968,15.83,0.86,7.525,0.343,44.7661,3.886,1.195,0.4089,0.1206,37.6004,4.98,0.0877,2.0902,0.0382,1.8844,15.4662,532.1636,1.7199,8.98,0.1556,2.8688,0.0502,1.6874,9.0462,0.0137,2.7053,0.0262,0.0104,39.5528
-1.0,2973.08,2222.0111,0.7647,105.2711,1.4462,-0.0354,-0.0029,201.0412,8.695,407.4585,0.9779,191.0579,12.5967,1.4082,-4424.5,-827.6667,1.2815,1.9648,7.288,72.2889,2.2333,0.1751,84.5333,8.8078,63.94,66.396,86.9208,71.03639897013304,3.176341197425381,352.0664,141.9136,735.7539,1.3154,139.04,633.02,174.3195,4.578,4.829,2849.0,0.9325,-3.7791,352.8682,10.3122,118.1345,15.569,23.7791,31.1057,704.6482,148.0145,619.0173,121.9525,0.0105,-0.0348,0.0974,-0.0129,-0.0186,-0.0222,0.0258,5.913,0.1438,0.9897,1707.1903,0.1989,9116.06,0.0809,0.0121,0.0648,0.0905,0.4217006157501573,0.9243,746.7053,0.9908,58.4771,0.6055,0.9812,6.2923,15.86,2.819,15.89,15.78,1.087,0.4681,3.314,-2.6,0.7696,2.416,1006.6856,111.0,94.1,81.6,73.0,340.6819,0.0778,0.0903,0.0686,0.0531,0.0135,3.7022,6.648,6.769,0.0059,0.27,0.0398,303.0,1723.0,0.121,0.095,0.172,3.8,0.335,0.8574,0.0671,0.7442,0.3598,0.9458,0.536,0.1914,7.76,18.09,70.359,0.404,19.83,7.45,35.167,62.087,0.0665,0.038,0.0503,0.1243,0.1061,0.0452,0.0994,0.0666,6.0708,0.0633,0.0022,114.1104,0.0393,708.5996,0.0198,0.0194,0.0,0.0138,61.8574,4.0092,0.0275,0.3742,0.1123,6.8518,29.5672,31.5971,27.0687,0.0261,1.8265,0.0298,1.8059,0.0615,0.0144,140.1404,69.3446,1356.4585,863.0483,0.0526,0.0412,0.0844,1.2888,0.0455,0.1164,0.3123,0.0246,0.1433,6.0095,0.1612,9.6687,0.0561,2.0607,6.0681,24.2992,0.1181,2.7775,3.6742,11.668,19.0737,0.0176,0.0169,0.0234,0.0594,0.0286,0.0192,0.054,0.0273,1.8472,0.022,0.0007,34.3695,0.0117,230.1032,0.0,0.004,18.9566,1.3675,0.009,0.1143,0.0366,3.8415,2.0664,5.0598,3.1651,3.2452,3.2853,27.7091,10.1774,6.2442,76.4577,1.6613,0.6075,2.1434,2.8256,66.8098,208.1756,9.4421,4.8352,2.36,5.2567,62.6866,77.0939,10.2792,1.0143,0.7614,1.1639,0.1257,5.6041,8.026,4.3645,14.5522,5.5811,2.8577,40.3621,6.7031,3.9177,11.8001,127.3686,4.9907,15.0448,50.9108,634.4663,43.7284,127.6508,822.8793,243.0108,447.7477,258.1395,102.6676,2.5728,2.7336,0.2236,6.6841,19.7411,250.3226,62.6444,0.0,0.0,1.4929,8.284,0.1554,6.856,5.9471,4.6502,18.4824,72.322,17.69,0.5,8.5106,0.1816,29.5145,4.3999,0.6914,0.1378,0.0355,13.9153,7.51,0.281,3.3517,0.1114,2.954,38.05341532073962,533.9718,1.9524,5.44,0.4464,1.708,0.1329,1.0188,22.8636,0.0076,1.5315,0.0262,0.0104,39.5528
-1.0,2952.23,2260.2222,1.21,97.1467,1.4359,-0.0068,0.0058,199.8185,8.349,419.0886,0.9747,190.3186,12.5008,1.4291,-2808.25,-993.0,1.295,1.9925,7.295,75.8889,1.7778,0.1382,84.2981,8.3159,64.5884,66.0015,86.834,82.21,2.806,359.3127,140.2373,742.4785,0.9599,137.1736,636.7236,127.8195,4.55,4.753,2886.0,0.9213,-1.9482,359.2691,10.5916,118.2891,11.0216,21.9482,28.4165,714.0621,149.2982,626.8564,133.1755,0.0267,0.0464,0.0632,-0.0303,0.0012,0.0135,0.0676,8.022,0.1263,0.9851,1776.613,0.2032,10084.500049999999,0.0019,-0.0428,0.0159,0.0032,0.4217006157501573,0.9209,866.802,0.989,59.4762,0.5942,0.9618,6.5708,15.84,3.22,15.81,15.71,1.305,0.5538,3.236,-2.742,0.828,2.3932,1008.6144,110.0,139.6,82.2,49.2,602.6749,0.2704,0.0951,0.0576,0.071,0.0186,4.3578,2.947,18.935,0.0116,0.21,0.0342,1006.0,0.0,0.136,0.109,0.214,1.9,0.687,0.6238,0.0976,0.5395,0.2403,0.7106,0.929,0.173,11.76,14.36,19.394,0.768,17.6,14.37,33.131,62.039,0.0658,0.0494,0.1068,0.0168,0.057,0.0496,0.0757,0.087,2.1975,0.0656,0.0102,93.1808,0.043,939.5996,0.0092,0.0118,0.05361809162953385,0.021,70.2883,3.9339,0.0458,0.2405,0.1048,3.3484,28.9693,42.2682,26.5776,0.0898,2.8863,0.0362,0.9008,0.0588,0.0099,415.5266,265.8477,701.1797,0.0,0.0568,0.056,0.0928,0.7737,0.0384,0.2139,0.2499,0.0461,0.114,7.2899,0.2948,5.8588,0.0513,3.5446,3.8621,6.6702,0.2324,4.1353,5.5468,9.3085,17.7834,0.0165,0.0217,0.0465,0.0088,0.0123,0.0262,0.036,0.0406,0.7706,0.0196,0.0035,32.3445,0.0141,296.2443,0.013234225082485498,0.006,21.9141,1.1457,0.0135,0.0849,0.0349,5.5142,1.0655,4.93,4.7286,3.3069,2.1768,37.6146,22.346,6.6232,35.2976,4.5181,1.1899,1.6799,2.3939,52.2745,0.0,10.5019,5.4705,2.9335,2.5037,67.5,84.6463,20.9331,0.74,1.1743,0.8353,0.3148,6.223,8.3073,2.9054,18.0186,8.5731,2.2553,15.173,3.2997,7.251,6.3996,159.6865,4.6398,10.9765,46.5844,246.269,142.8778,26.5718,188.313,0.0,561.7811,128.6031,27.3937,1.6633,2.6684,1.0371,5.2449,21.1866,100.586,62.4434,608.6957,12.908013079700535,2.2767,8.1089,0.1768,6.6143,3.6604,4.3776,8.8345,72.626,16.27,0.83,6.8823,0.3346,54.7798,3.9733,1.1428,0.6543,0.1406,64.0311,4.98,0.0877,2.0902,0.0382,1.8844,15.4662,531.0364,2.1244,8.97,0.3116,3.3351,0.0868,1.6892,14.6674,0.0239,4.811,0.0262,0.0104,39.5528
-1.0,3036.32,2232.0778,2.1498,98.0044,1.5517,-0.023,-0.0026,202.2985,7.0566,424.4824,0.9766,193.0337,12.6106,1.3956,-3389.0,-6784.6667,1.2845,1.9825,7.2745,75.6556,1.7889,0.1383,84.0363,8.0787,64.6246,66.0133,87.1927,80.44,2.841,366.4836,138.4382,749.2476,1.308,139.0482,643.97,231.8,4.651,4.908,2811.0,0.9228,1.3282,364.8273,10.4751,119.7664,12.7173,18.6718,22.9188,726.3288,146.6591,631.2527,171.74984999999998,-0.0112,-0.0379,0.0695,-0.0294,0.0145,-0.0112,0.053,8.1188,0.1315144692832207,0.9906,1751.8659,0.2338,8542.7199,0.2228,0.149,-0.0119,0.0979,0.4685,0.9583,742.3655,0.9867000000000001,55.696299999999994,0.6069,0.9811,5.9926,15.53,2.893,15.58,15.43,0.9507,0.4746,3.127,-1.088,0.8201,2.3479,988.5307,104.0,75.4,75.9,54.5999,460.611,0.3415,0.1729,0.0608,0.0444,0.0086,4.63,7.122,11.883,0.006,0.22,0.0531,366.0,13913.0,0.147,0.156,0.293,2.2,0.377,0.5583,0.1241,0.7029,0.2973,0.7683,0.773,0.1789,7.08,11.56,65.509,0.419,15.09,6.61,21.247,29.257,0.0974,0.0547,0.0301,0.0217,0.0444,0.0943,0.0997,0.0705,2.7411,0.0744,0.0014,127.7683,0.1254,1065.1001,0.0271,0.0194,0.0691,0.0204,115.18,4.1523,0.0349,0.2729,0.1257,4.6742,28.2267,27.6838,23.8912,0.111,1.4985,0.07,2.0001,0.0589,0.017,166.3317,275.8037,2383.3636,7038.8545,0.0694,0.0727,0.1256,0.7601,0.0461,0.1316,0.2299,0.0467,0.1163,7.782,0.2498,5.4519,0.0481,2.0045,4.0889,21.1769,0.1215,2.0849,2.8193,6.4156,9.8197,0.0277,0.0237,0.0142,0.0102,0.0148,0.049,0.0499,0.0296,0.9592,0.0229,0.0005,53.2874,0.0374,363.5935,0.0194,0.0064,38.2082,1.2831,0.0118,0.0874,0.0438,5.6456,1.5904,4.7042,2.4833,3.0985,2.4461,28.6743,15.8835,11.1424,100.9263,2.7994,0.6153,1.7446,3.8026,170.4042,205.0653,11.4441,7.8689,4.0278,2.9079,78.2609,77.3494,11.4404,0.6644,1.5365,1.0877,0.2935,6.3468,8.9282,2.8259,13.6788,5.0918,1.7951,28.261,1.8493,4.0,5.995,118.6577,2.9253,10.8256,16.7989,872.0761,83.5433,31.223,151.2133,649.2255,886.2222,133.0189,33.7627,2.367654387889635,3.0392,0.1378,7.2933,62.2564,641.3223,70.4663,107.6923,14.7595,2.1262,15.5153,0.25379999999999997,7.6621,4.5823,5.3518,11.3652,75.114,12.17,1.6,6.1667,0.6175,55.7911,3.002,2.1301,0.4089,0.1206,37.6004,4.98,0.0877,2.0902,0.0382,1.8844,15.4662,529.6464,2.032,5.81,0.3435,2.0923,0.0925,1.097,16.9045,0.0136,2.7054,0.0223,0.0105,47.069
-1.0,2942.64,2231.9555,1.2758,96.8789,1.5755,-0.0072,0.0087,202.7579,9.0718,405.2983,0.9803,193.0731,12.5661,1.3851,-3395.75,-882.25,1.241,1.9728,7.21,72.7778,1.9889,0.1272,84.6998,9.4336,64.1172,66.3004,87.4694,63.93999999999998,5.041,351.9318,133.2855,725.9957,1.3641,146.1955,631.4127,216.4332,4.593,4.873,2845.0,0.9317,0.1536,351.4509,10.4768,113.4391,13.1809,19.8464,26.26,699.7357,153.3418,618.2318,81.9007,-0.0367,0.004,-0.0075,-0.0093,-0.0092,-0.0311,0.0205,8.1191,0.1386,0.9889,1822.8584,0.1911,8848.93,0.0069,-0.0391,-0.0341,0.0028,0.46456955195411265,0.9574,752.4586,0.9907,58.2652,0.6053,0.9689,6.271,15.86,2.819,15.89,15.78,1.087,0.4681,3.314,-2.6,0.7696,2.416,1006.6856,64.0,187.9,136.0,58.2,333.4561,0.6427,0.1004,0.0611,0.0522,0.0092,8.6987,7.166,7.18,0.0057,0.21,0.0896,443.0,10698.0,0.131,0.041,0.127,3.2,0.366,0.9845,0.1381,0.6945,0.3139,1.0658,0.367,0.1597,8.12,15.65,53.944,0.804,15.74,9.03,28.866,99.186,0.087,0.0323,0.0628,0.0382,0.0499,0.0218,0.0596,0.135,2.5835,0.0729,0.0007,139.8635,0.0306,806.9004,0.0116,0.0125,0.044252390212650566,0.0115,76.8476,3.7187,0.0499,0.5427,0.1123,6.8518,18.6469,56.921,51.9555,0.189,1.6708,0.0408,2.0541,0.0558,0.0286,191.0855,219.342,452.6208,4572.3002,0.0558,0.0173,0.0615,1.1267,0.0486,0.126,0.3862,0.0545,0.0497,5.8572,0.1223,9.2369,0.0439,2.6007,4.9308,17.8723,0.2087,2.4964,2.4861,9.358,30.2199,0.0259,0.0157,0.0273,0.0172,0.0164,0.0104,0.0277,0.075,0.8652,0.0234,0.0002,44.956,0.0095,315.7813,0.00919707952405175,0.0031,27.7638,1.0794,0.013,0.1823,0.0366,3.8415,2.0664,2.9399,6.3854,5.2973,2.6076,17.1615,50.3778,6.3724,78.9919,1.7715,0.5796,1.6712,6.4694,32.5407,0.0,10.556,2.0783,1.7614,4.3969,75.419,98.2533,10.5597,1.1623,1.4639,1.0832,0.1828,5.3533,10.2862,4.1984,11.7055,5.5542,2.4786,24.9241,6.3731,7.6741,17.537999999999997,119.4152,4.1253,38.3939,121.1051,237.3402,82.5032,507.6412,536.5591,237.6022,191.9485,659.3407,31.8204,1.5148,3.0215,0.0731,7.6728,16.0293,0.0,32.1285,819.0476,10.625149292148395,1.2002,10.2129,0.075,6.3824,8.6539,4.6502,18.4824,74.364,18.61,1.17,7.4347,0.4571,65.0979,4.5595,1.5733,0.5038,0.1171,50.4835,9.54,0.1877,3.655,0.0871,3.7582,31.4739,531.0182,1.861,9.21,0.4061,3.1321,0.1319,1.7344,21.8236,0.0158,3.1173,0.0223,0.0105,47.069
-1.0,3050.71,2170.7444,1.3753,104.2989,1.5323,0.0133,0.0066,199.6143,7.4262,413.3553,0.9772,190.1818,12.4804,1.4106,-6375.125,1035.75,1.282,2.0032,7.3217,68.3556,2.4778,0.1771,84.3947,8.897,64.5666,66.2412,87.0027,70.09941679194353,2.7023930694466776,365.7218,135.8855,745.3835,1.365,142.3845,643.9918,202.1009,4.568,4.828,2892.0,0.9197,-1.3127,364.5345,10.7219,114.5727,19.2809,21.3127,29.3734,716.0102,145.6036,624.7109,99.5155,-0.0257,0.0596,0.0112,-0.0236,0.0007,0.0084,0.0258,6.7608,0.1403,0.9855,1789.8011,0.2061,8488.9701,0.0075,0.0009,0.0303,-0.087,0.4593,0.9565,732.7431,0.9899,58.7308,0.6044,0.9814,6.2451,15.72,3.283,15.69,15.64,1.021,0.52,2.996,-2.128,0.7931,2.2892,993.4794,132.0,152.0,127.1,46.0999,237.8619,0.1238,0.23175000000000004,0.0476,0.0724,0.0079,6.9151,4.04,9.49,0.0072,0.25,0.0448,648.0,7641.0,0.116,0.072,0.067,4.0,0.237,0.3954,0.0786,0.7288,0.328,0.7456,0.832,0.1755,5.17,17.51,40.864,0.604,16.33,10.11,21.991,56.774,0.0943,0.0531,0.0644,0.0333,0.0537,0.0787,0.0741,0.1378,4.3481,0.0977,0.0033,174.4916,0.0422,818.9004,0.0369,0.0196,0.019,0.0249,81.3901,1.8048,0.0522,0.2227,0.0962,3.8692,30.3144,52.1078,43.0969,0.0448,2.329,0.08085,1.4497,0.0673,0.0155,280.0702,74.6927,5823.189049999999,3754.4759,0.0502,0.0311,0.0307,1.3685,0.0258,0.0905,0.1542,0.0341,0.057,7.6472,0.2872,5.1798,0.0519,1.6952,4.8139,12.2778,0.172,2.7777,3.5491,6.5048,19.3392,0.0273,0.0238,0.0298,0.0136,0.016,0.0433,0.0399,0.0739,1.3109,0.0307,0.0008,52.8127,0.012,282.3001,0.0045,0.0074,27.5529,0.5406,0.0181,0.0725,0.0336,5.654,1.0598,6.0509,4.9824,5.0588,2.1237,21.0856,9.0017,16.1177,54.4021,2.2958,0.738,2.0031,3.1754,198.4274,737.7263,9.0484,3.5942,0.9151,5.8518,48.4305,44.0402,6.7603,0.4685,0.8831,1.1288,0.6795,6.6499,10.3543,2.7253,12.8587,3.631,2.719,20.2196,2.1632,5.6333,4.5211,84.6953,3.0713,15.5846,57.0504,366.8369,186.3158,296.6592,227.1213,0.0,879.5252,535.1456,64.313,2.2099,4.1387,0.3321,9.7492,20.47,0.0,30.3233,0.0,4.1469,2.5986,11.1076,0.0834,3.073,3.5656,4.2042,9.8339,73.254,14.53,1.33,6.7381,0.5058,27.0176,3.6251,1.8156,0.3345,0.0621,33.9139,4.45,0.2478,1.7285,0.098,1.78,27.7152,530.5109,1.9739,12.07,0.3171,4.2427,0.1089,2.2752,16.0625,0.0105,2.111,0.0223,0.0105,47.069
-1.0,3075.32,2185.1,0.7821,105.8489,1.4002,-0.0151,-0.0006,202.9734,3.0143,399.1464,0.9824,192.7104,12.5949,1.4024,-5768.5,-100.5,1.27,2.0172,7.359,77.3444,2.2111,0.1616,84.3569,8.322,64.5182,66.0788,86.7285,82.3,3.178,361.5191,135.77,740.7825,1.2946,143.3245,640.6136,189.1997,4.561,4.782,2893.0,0.92,-1.86,361.3182,10.665,113.91,17.9545,21.86,27.0072,713.7754,147.4309,622.6591,96.6585,-0.0065,-0.0354,0.0658,-0.021,-0.0276,-0.0105,0.053,7.7211,0.1339,0.9885,1776.8803,0.1722,8505.1801,-0.056,0.0539,0.0077,-0.0082,0.434134544385405,0.9295,716.6127,0.9908,58.5841,0.584,0.9632,6.3107,15.79,2.632,15.83,15.71,1.361,0.4583,3.46,-2.08,0.8405,2.4167,1007.63,150.0,247.5,227.6,72.8,349.8301,0.0878,0.0891,0.051,0.0401,0.0104,9.0209,1.609,5.282,0.0057,0.21,0.0462,956.0,1171.0,0.203,0.101,0.103,2.3,0.563,0.6332,0.1293,0.5371,0.2589,0.6776,0.771,0.3019,6.0,15.16,58.399,0.427,16.45,4.99,21.446,19.328,0.0609,0.1037,0.0332,0.0191,0.0654,0.0318,0.1104,0.0561,3.1101,0.0701,0.004,96.2516,0.0288,815.2002,0.0175,0.0118,0.05676355947338296,0.0243,73.6795,1.0128,0.0442,0.2333,0.1041,4.0856,28.4649,80.2622,62.1263,0.0304,2.0229,0.0372,0.5916,0.0505,0.0176,435.0666,182.4911,2790.1715,516.6059,0.0879,0.0528,0.0438,0.811,0.0452,0.1908,0.2545,0.0523,0.1076,8.0229,0.2347,5.0018,0.0744,2.0388,4.6643,17.8934,0.1338,1.4934,2.216,5.9942,6.2597,0.0179,0.0445,0.015,0.0092,0.0187,0.0167,0.0578,0.0276,1.1116,0.0232,0.0012,34.6383,0.0095,281.6738,0.012185477441192475,0.0085,26.232,0.3639,0.0149,0.0697,0.0385,2.5955,1.3192,6.7478,8.0479,9.1366,3.3317,29.127,11.2302,6.3635,53.3794,1.3233,0.5851,1.6673,3.2944,97.183,0.0,15.9843,5.0068,1.3996,2.9737,99.4975,86.6575,16.2717,0.7506,1.5532,0.8325,0.1009,6.7825,8.2124,2.5453,23.3215,4.1863,2.3665,30.8663,3.515,4.0038,7.5323,91.6203,3.0046,12.8508,19.9962,936.0231,171.1927,29.0053,311.8927,115.3218,0.0,105.8491,40.28,2.2408,2.8968,0.4057,5.4169,16.7375,0.0,52.7919,620.6897,12.176737385306755,2.613,10.2816,0.0315,1.7287,3.6974,4.3091,10.7007,73.434,19.32,1.69,7.9063,0.6527,63.5388,4.7587,2.3014,0.1863,0.0458,19.2044,4.98,0.0877,2.0902,0.0382,1.8844,15.4662,529.6464,2.032,5.81,0.3435,2.0923,0.0925,1.097,16.9045,0.0128,2.5767,0.0223,0.0105,47.069
-1.0,3030.56,2183.0556,0.9762,102.9956,1.3892,0.0023,0.0042,196.9884,11.7415,412.1309,0.9724,186.2151,12.5224,1.3807,-6375.125,4223.0,1.2935,2.0103,7.3565,75.2556,1.4667,0.1056,84.0363,8.0787,64.6246,66.0133,87.1927,80.44,2.841,361.7136,134.2027,737.5374,0.9926,139.2018,635.1182,128.8025,4.55,4.753,2886.0,0.9213,3.4318,361.19,10.6115,117.6345,7.1972,16.5682,21.7987,715.7387,150.4727,629.2973,117.2143,0.0402,-0.0465,0.0799,-0.0139,0.0003,-0.0203,0.0605,7.616,0.1356,0.9645,1889.0359,0.2127,8563.3399,0.0384,0.0363,-0.0348,0.0236,0.4574,0.9516,756.963,0.9889,59.1994,0.5906,0.9653,6.5631,15.89,2.948,15.88,15.78,1.026,0.5064,3.359,-2.789,0.8336,2.3797,1009.8944,134.0,95.0,75.1,50.8,795.524,0.4025,0.1415,0.0453,0.0458,0.0087,9.6917,10.048,19.302,0.012,0.32,0.0598,1105.0,8170.0,0.208,0.104,0.097,2.8,0.506,0.5583,0.1241,0.7029,0.2973,0.7683,0.725,0.1514,7.92,10.71,21.16,0.745,15.92,14.31,31.363,72.128,0.0681,0.0582,0.0445,0.0167,0.0993,0.0852,0.0789,0.0795,3.4778,0.0744,0.0066,82.0007,0.0649,990.6997,0.0122,0.0109,0.0311,0.0118,114.2175,2.9586,0.0487,0.2585,0.0909,5.7761,33.8694,30.0139,26.4594,0.1248,3.361,0.0482,2.8898,0.0902,0.0195,471.1737,213.311,5823.189049999999,5777.0624,0.0889,0.0458,0.0398,0.8633,0.0452,0.1796,0.2299,0.0467,0.1163,6.3314,0.2265,5.2272,0.0434,2.6353,3.0466,6.3391,0.2273,3.8682,5.5101,9.025,21.5723,0.0162,0.0259,0.0206,0.0073,0.0278,0.0412,0.0423,0.0379,1.0945,0.0229,0.0021,26.37,0.02,290.7433,0.008,0.0034,32.4096,1.0301,0.0165,0.0798,0.0289,5.2393,1.6966,6.1646,3.1347,2.9672,2.327,63.2819,41.2286,10.186,85.5771,4.6835,1.2295,2.5554,4.3313,149.5639,193.4644,16.0804,5.1735,1.3186,3.7207,75.0,117.4737,15.3639,0.6644,1.5365,1.0877,0.2935,5.8085,9.2323,2.7523,15.2495,5.6896,1.6863,16.4282,3.2997,7.0207,6.2057,221.1974,4.3819,10.1575,61.5352,169.4293,219.6226,20.8946,715.3534,0.0,388.1919,131.3507,45.665,1.2533,3.0392,0.6875,4.3409,30.4909,634.1818,47.0588,717.9487,6.7908,1.2359,15.0889,0.118,4.9977,3.9379,3.8207,14.1912,73.396,16.84,0.92,7.3241,0.4378,29.1552,4.1918,1.2535,0.1228,0.0296,13.2956,11.969999999999999,0.3378481311764915,4.532500000000001,0.1352392452747727,4.476,38.05341532073962,531.4591,1.9611,9.66,0.2474,3.2073,0.0799,1.8176,12.6151,0.0134,2.6983,0.0076,0.0099,130.0095
-1.0,2972.06,2218.7778,2.1254,91.0211,1.3979,-0.0118,-0.0013,198.6026,7.3282,409.9346,0.9775,188.8192,12.6037,1.413,-2912.5,-2560.25,1.263,2.004,7.2852,75.3667,2.0778,0.1566,84.9121,8.1166,64.5548,66.2506,87.1953,63.93999999999998,4.397,362.2718,132.7209,737.8975,1.4128,144.3118,639.3045,248.3634,4.582,4.832,2885.0,0.9224,3.1764,359.5055,10.6985,115.8973,14.5645,16.8236,22.8619,715.0356,149.3373,624.74,101.2157,-0.0008,0.0626,0.0078,-0.0406,-0.0323,0.017100000000000004,0.0384,7.7087,0.1438,0.9638,1853.9711,0.1633,8267.14,-0.0343,-0.0279,0.0364,0.0221,0.4624,0.9352,689.1425,0.9897,58.25,0.6022,0.9589,6.5286,15.82,2.923,15.84,15.73,1.295,0.5104,3.338,0.0473,0.8343,2.4151,1007.144,125.0,85.8,105.4,56.5,330.2089,0.6116,0.0997,0.0584,0.0583,0.0067,6.4235,5.268,22.99,0.0062,0.39,0.0464,586.0,3473.0,0.093,0.202,0.264,1.5,0.633,0.6833,0.1459,0.6015,0.257,0.6839,0.618,0.2762,5.42,17.31,57.94,0.59,17.56,8.79,23.614,17.28,0.0606,0.0942,0.036,0.0343,0.0488,0.024,0.0775,0.1364,3.5672,0.0623,0.0133,83.4703,0.0166,1133.4004,0.0122,0.0087,0.0179,0.029,136.9183,4.0823,0.0484,0.2357,0.0934,3.2496,31.0685,31.3249,42.6469,0.1822,2.1664,0.0306,1.5339,0.0827,0.0143,241.6159,45.218,1012.3288,1476.6384,0.0389,0.0874,0.1152,0.4848,0.041,0.1749,0.2561,0.0623,0.0741,7.3032,0.1553,4.9505,0.0789,1.6141,4.5401,18.4532,0.1568,2.7685,3.6984,6.8384,6.3842,0.0183,0.0414,0.0158,0.0188,0.014,0.0111,0.0403,0.0738,1.1257,0.0196,0.0046,30.2643,0.0062,324.0008,0.0043,0.0108,37.5345,1.3021,0.0134,0.0682,0.032,6.8693,1.079,5.625,2.8869,4.2312,2.5464,15.8708,28.7771,7.1321,71.8869,5.6082,0.6347,3.0943,3.2832,80.7897,135.6508,7.3634,10.0798,3.6238,1.9903,52.9412,75.3726,18.7636,0.8047,1.7974,0.9318,0.2072,6.255,9.6142,2.6471,19.5498,3.7558,2.7076,23.3287,2.3165,5.5148,4.504,120.567,3.3025,9.078,17.0724,0.0,125.8517,439.7436,120.2526,74.2459,407.8947,355.4397,46.2747,2.5728,2.6346,1.3781,4.5022,10.1458,0.0,43.9169,0.0,3.8743,3.1028,19.8679,0.0762,7.0082,3.6108,3.8656,8.0788,80.372,20.64,1.83,10.2186,0.7693,73.9549,5.1546,2.2769,0.3847,0.0833,41.9387,4.28,0.1558,1.5232,0.0619,1.7391,17.4256,531.0009,1.8299,13.28,0.2909,4.4922,0.0821,2.5009,15.8974,0.0178,3.5423,0.0076,0.0099,130.0095
-1.0,3095.02,2188.5111,0.8673,105.8678,1.5299,-0.01,-0.0007,198.9937,10.4395,408.4718,0.9694,189.6348,12.5118,1.4191,-4279.5,7084.9583,1.2843,1.9808,7.3567,68.2,2.3,0.1908,86.15,8.8424,64.326,66.1354,86.8271,63.93999999999998,1.1460000000000004,363.9009,134.0555,742.2385,1.3893,148.78,646.7364,205.3883,4.622,4.867,2874.0,0.9222,-2.3591,363.0245,10.8255,111.6964,21.1146,22.3591,30.6953,711.5433,150.9009,625.6218,96.608,-0.0137,0.0,-0.0119,-0.0184,0.0047,-0.0302,0.0404,7.7623,0.1415,0.9649,1827.0203,0.205,8603.92,-0.0204,0.0372,0.0365,0.0624,0.4591,0.9573,721.9353,0.9894,57.9785,0.5923,0.971,6.2693,15.73,3.179,15.73,15.66,0.9176,0.5413,3.163,-2.694,0.8376,2.2671,998.2796,77.0,165.8,135.1,49.2,441.274,0.1061,0.1841,0.065,0.0299,0.0155,6.5497,7.496,10.284,0.0131,0.33,0.1183,632.0,2289.0,0.206,0.139,0.238,3.2,0.438,0.4552,0.1556,0.6339,0.2941,0.6295,0.296,0.1727,6.99,10.76,45.782,0.55,14.7,9.48,21.549,84.098,0.0685,0.0352,0.1085,0.0543,0.0504,0.0698,0.0832,0.1525,2.9999,0.0305,0.013699999999999999,129.9065,0.0492,1132.7002,0.0167,0.0127,0.0173,0.0261,112.0532,3.8061,0.0278,0.3418,0.0922,3.7737,21.7578,56.2497,46.9302,0.044,2.5459,0.0609,2.6654,0.1001,0.0341,263.9432,81.3854,1288.0659,1147.29,0.086,0.0626,0.1089,1.0548,0.026,0.163,0.1681,0.0626,0.0586,6.1464,0.0881,4.6444,0.047,2.1162,3.0487,13.8225,0.1529,2.6805,3.5291,6.4909,26.5022,0.0191,0.0159,0.0457,0.0251,0.0158,0.0334,0.0394,0.08248588237179322,1.2105,0.0111,0.0046,49.2057,0.0159,339.6376,0.0053,0.0088,33.8305,1.1055,0.0095,0.128,0.0321,4.4847,1.1413,3.4617,5.357,5.4013,2.2481,46.9329,12.2383,12.0332,71.8045,2.5177,1.3522,2.6375,8.3358,63.2083,24.0863,16.0405,7.0175,3.2351,4.6921,47.8261,47.6995,12.5605,0.5284,1.7597,0.9854,0.6795,5.2075,9.6975,2.3816,12.4335,4.6982,1.6637,22.2905,1.8561,5.0806,4.8793,69.6202,3.0285,17.2907,87.0508,501.1431,74.0273,455.3459,273.4486,0.0,275.7249,377.709,38.6475,2.5444,1.2571,1.3944999999999999,7.1103,24.0021,675.0831,33.2657,780.0,3.768,2.73,15.5212,0.0852,6.5647,5.4525,4.0666,9.3047,75.946,8.76,1.71,3.591300000000003,0.6669,59.7877,2.1987,2.2516,0.2706,0.0609,28.4998,4.98,0.0877,2.0902,0.0382,1.8844,15.4662,530.5109,1.9739,12.07,0.3171,4.2427,0.1089,2.2752,16.0625,0.0103,2.0489,0.0343,0.014,40.6502
-1.0,2943.49,2260.2222,1.21,97.1467,1.5022,-0.0034,0.0118,200.263,10.6023,422.2917,0.9727,190.9522,12.5008,1.405,-3935.75,-7093.3333,1.2882,2.0213,7.3545,76.3222,1.6333,0.1311,84.9121,8.1166,64.5548,66.2506,87.1953,63.93999999999998,4.397,362.7455,134.7664,739.7004,1.3165,141.5191,639.0309,199.8941,4.561,4.782,2893.0,0.92,2.3418,359.3991,10.6755,117.1082,15.4609,17.6582,23.6518,716.0485,147.0627,623.57,98.3385,0.0077,-0.0003,0.0926,-0.0385,-0.0008,-0.0265,0.07,7.8692,0.1299,0.9644,1821.9407,0.2018,9131.2701,-0.0012,-0.0121,-0.0221,-0.0758,0.44747128646300716,0.9548,786.99,0.9893,58.8653,0.5966,0.9785,6.3224,15.84,3.22,15.81,15.71,1.305,0.5538,3.236,-2.742,0.828,2.3932,1008.6144,91.0,94.9,33.5,49.2,602.6749,0.2704,0.1272,0.0756,0.0885,0.0157,4.3553,4.575,13.792,0.0098,0.21,0.1034,489.0,10522.0,0.25,0.088,0.259,1.9,0.425,0.6833,0.1459,0.6015,0.257,0.6839,0.907,0.2151,8.45,12.93,85.606,0.552,15.76,9.95,25.415,17.115,0.093,0.0633,0.0843,0.0283,0.081,0.0456,0.0682,0.0703,4.4007,0.0584,0.0119,209.4847,0.0898,1215.0,0.0212,0.0174,0.051892902755198034,0.0288,117.9458,3.7948,0.0336,0.4351,0.1048,3.3484,24.2243,33.2149,10.4577,0.0898,2.8863,0.0482,1.4962,0.0588,0.0294,206.2917,237.5968,982.2143,5443.8128,0.1027,0.0394,0.109,0.6534,0.0226,0.1531,0.2561,0.0623,0.0741,6.91,0.2398,4.6803,0.0658,2.163,3.787,28.2588,0.1573,2.8444,3.6422,7.272,4.9799,0.0201,0.0279,0.0385,0.0131,0.0238,0.0221,0.0352,0.0316,1.904,0.0171,0.0046,64.2818,0.0277,450.4656,0.013359556734890882,0.0112,43.2431,1.1214,0.0119,0.1383,0.0349,5.5142,1.0655,4.1226,3.2241,1.3602,2.1768,37.6146,22.346,8.4674,43.1511,3.266,1.0049,1.6799,7.3589,50.8162,148.3365,19.4062,4.3537,3.5217,2.4894,61.2245,63.3051,13.0439,0.8047,1.7974,0.9318,0.2072,6.732,8.9562,2.4087,16.3381,5.9709,2.0234,42.8257,3.515,5.1707,5.7212,101.9345,3.5493,11.0477,17.4042,0.0,347.8022,30.5616,210.1849,0.0,257.1159,100.3927,55.923,2.3869,2.41,1.2317,11.4979,44.473,265.3956,40.0,0.0,12.824381343277912,3.0143,14.987,0.1037,6.4466,6.882,4.3776,8.8345,73.254,14.53,1.33,6.7381,0.5058,27.0176,3.6251,1.8156,0.6543,0.1406,64.0311,6.1,0.1357,2.4234,0.0536,2.2919,15.8396,531.3036,1.925,9.45,0.2011,3.3535,0.0619,1.7786,10.4446,0.0173,3.4741,0.0194,0.0211,108.5721
-1.0,3002.15,2218.7778,2.1254,91.0211,1.4093,-0.001,-0.0045,202.8415,6.8826,402.6675,0.9748,193.1728,12.58,1.4188,-3724.75,122.0,1.311,1.9605,7.2518,74.0111,2.3444,0.1814,83.1829,8.9857,64.1327,66.3551,86.7646,78.95,3.282,349.3527,138.3473,730.1568,1.3514,140.1109,627.8109,197.3298,4.607,4.833,2838.0,0.9334,-6.0255,350.7564,10.5799,112.3218,16.3836,26.0255,34.1662,695.9906,148.3491,611.4273,116.3636,-0.0284,-0.0399,0.0457,-0.0369,-0.0253,-0.0083,0.0441,7.308,0.1346,0.9654,1837.7052,0.1683,8597.8801,0.0171,0.026,0.0465,0.1484,0.4624,0.9536,740.4989,0.9867000000000001,61.44380000000001,0.6032,0.9657,6.2906,15.82,2.923,15.84,15.73,1.295,0.5104,3.338,0.0473,0.8343,2.4151,1007.144,125.0,123.0,66.2,56.5,330.2089,0.6116,0.0521,0.0583,0.0375,0.008,4.7552,4.519,11.434,0.0068,0.19,0.0971,452.0,13006.0,0.095,0.067,0.144,5.4,0.555,0.8955,0.1297,0.6706,0.347,1.1329,0.307,0.109,6.11,19.96,27.541,0.246,13.66,3.31,23.912,49.184,0.0915,0.0945,0.0257,0.0991,0.0482,0.0286,0.077,0.073,3.5438,0.0701,0.0111,117.1183,0.0309,1442.7002,0.0195,0.0213,0.0219,0.0243,155.9512,7.013000000000001,0.036,0.2347,0.0934,3.2496,29.4663,42.2791,20.592,0.1822,2.1664,0.0202,1.4858,0.0544,0.0304,251.8948,139.0276,570.6869,6730.1569,0.0402,0.0299,0.0595,1.5917,0.069,0.1752,0.3434,0.0533,0.1229,5.4995,0.0973,7.393,0.0335,1.7514,6.0402,9.5098,0.0793,1.1018,1.8068,8.2076,14.7403,0.0225,0.0397,0.0107,0.0446,0.0134,0.0128,0.0389,0.0308,1.3927,0.0232,0.0038,36.0649,0.0094,526.5964,0.0061,0.0085,54.7425,2.1109999999999998,0.0103,0.079,0.032,6.8693,1.079,5.7651,4.0971,2.6619,2.5464,15.8708,28.7771,3.6968,65.658,2.8396,0.6934,1.5103,6.8468,34.1231,0.0,7.2464,3.4175,1.9857,7.5664,72.5118,107.4709,16.5458,1.0765,1.4431,1.0456,0.213,5.5875,5.9054,3.4636,8.068,4.3608,3.1793,13.9568,5.539,2.3252,7.8346,83.376,3.4357,13.0203,42.2675,322.3959,138.3095,216.612,130.6233,112.9319,927.7108,165.5329,48.4924,1.337,2.8968,1.1521,6.3731,18.362,0.0,63.1579,0.0,4.7303,2.5477,21.0603,0.25379999999999997,11.90745,3.7305,3.8656,8.0788,75.318,16.81,0.81,7.4919,0.3556,29.3262,4.1061,1.0754,0.7903,0.1655,77.3544,4.98,0.0877,2.0902,0.0382,1.8844,15.4662,531.4591,1.9611,9.66,0.2474,3.2073,0.0799,1.8176,12.6151,0.0112,2.2391,0.0193,0.0091,47.0754
-1.0,3051.88,2239.7222,1.1871,96.91,1.3993,0.0018,-0.0116,199.0194,6.5293,423.0604,0.9773,188.9658,12.5108,1.3992,-4439.5,-4771.5,1.361,2.003,7.3525,68.7667,2.0667,0.1739,86.9779,8.8356,63.9719,66.3989,86.3856,63.93999999999998,5.041,345.2209,132.6273,718.9306,0.9962,143.9864,621.8345,113.2035,4.584,4.849,2833.0,0.9307,0.1973,348.53,10.4914,112.8245,10.2612,19.8027,24.0019,694.9286,152.7555,614.11,108.9845,-0.0084,-0.0492,0.0134,-0.0044,-0.0159,-0.0103,0.0098,7.2301,0.1453,0.9886,1866.3519,0.1743,8550.8,0.0129,-0.0205,0.0015,-0.056,0.45563542317925165,0.9511,722.4494,0.9893,58.8522,0.5811,0.9784,6.2483,15.89,2.948,15.88,15.78,1.026,0.5064,3.359,-2.789,0.8336,2.3797,1009.8944,177.0,101.1,195.3,58.1001,1015.8822,0.2476,0.0931,0.067,0.0447,0.0133,6.6991,7.619,11.017,0.0103,0.37,0.0952,543.0,4687.0,0.08,0.074,0.291,1.7,0.572,0.4518,0.2188,0.8643,0.4071,0.7421,0.295,0.1546,6.72,19.43,26.723,1.093,16.54,9.48,32.368,69.442,0.0638,0.0496,0.0304,0.0561,0.09,0.0667,0.0912,0.0408,5.0551,0.0346,0.0025,118.4443,0.032,1162.1997,0.014,0.0127,0.06690075782829194,0.0144,119.873,1.7199,0.0303,0.2827,0.0909,5.7761,33.812,37.7595,70.356,0.0792,2.5893,0.0352,2.4338,0.1102,0.0332,287.4652,17.224,1215.9302,3314.2095,0.0364,0.0308,0.1191,0.5408,0.0595,0.185,0.1777,0.085,0.0615,5.336,0.0858,9.4152,0.055,2.0427,5.9064,8.7547,0.295,2.625,2.668,10.1321,21.4719,0.0177,0.0237,0.0139,0.0258,0.0275,0.0336,0.0473,0.0188,1.5462,0.0116,0.0009,45.3368,0.0095,354.4145,0.015382108965417134,0.006,36.0998,0.5462,0.0091,0.0934,0.0289,5.2393,1.6966,8.0215,3.3127,7.806,2.5941,71.6324,20.854,6.6531,116.6899,2.6041,1.0579,2.9574,6.8038,61.133,98.2291,5.878,3.6945,3.9578,2.4721,77.4194,90.2875,16.8638,0.5194,2.4766,1.3511,0.2199,4.6231,11.1289,4.3925,15.518,4.6671,3.1246,23.6062,6.6722,10.4181,17.537999999999997,161.1904,4.6577,31.0183,63.7173,756.7087,105.5319,418.6567,0.0,420.1575,887.5912,417.3913,69.9173,1.1008,1.4427,0.2504,6.3463,18.3589,755.3903,68.3473,0.0,13.605204237027642,1.5131,16.5926,0.1431,2.9224,4.5238,3.8207,14.1912,72.39,20.4,0.83,9.3422,0.3232,43.4652,5.0112,1.1466,0.6367,0.1257,65.1247,4.98,0.0877,2.0902,0.0382,1.8844,15.4662,531.8827,1.9109,6.9,0.262,2.3906,0.1027,1.2973,13.7109,0.0149,2.9647,0.0193,0.0091,47.0754
-1.0,2979.97,2227.9778,1.6656,87.22,1.3523,-0.0015,-0.0012,193.7791,8.5395,419.2773,0.9803,183.9469,12.5743,1.4143,-4591.25,2122.5,1.2817,1.9715,7.2182,73.5,2.1222,0.1739,83.9932,9.0639,63.9159,66.2631,86.95,77.68,3.087,351.9482,125.9909,716.2079,1.3531,144.5282,622.4673,209.4715,4.609,4.839,2842.0,0.9337,2.0673,351.8918,10.6408,108.0582,12.2964,17.9327,24.3585,691.8494,150.2209,610.1709,110.1033,-0.0137,0.0542,-0.0165,0.0179,-0.0244,-0.0438,0.1096,8.4515,0.1299,0.9676,1831.338,0.2037,9318.65,0.1278,0.0102,-0.116,-0.0191,0.4631709468819588,0.9535,805.1151,0.9915,58.6014,0.6083,0.967,6.2804,15.73,2.941,15.75,15.69,0.9649,0.5033,3.154,-2.9329,0.8238,2.2563,998.2901,108.0,124.2,63.7,26.599799999999988,829.561,0.2754,0.0641,0.0543,0.047,0.0081,9.1046,8.534,17.767,0.0053,0.2,0.0305,214.0,10139.0,0.029,0.116,0.171,3.9,0.487,0.7636,0.239,0.6506,0.3962,1.0212,0.421,0.1605,6.03,15.61,76.718,1.29,19.65,8.86,33.458,55.274,0.0706,0.0407,0.1101,0.0124,0.0446,0.0291,0.15199999999999997,0.0367,2.5713,0.0735,0.0089,156.0862,0.0488,1086.4004,0.0136,0.0284,0.04293301954673312,0.023,95.612,2.6487,0.03,0.3631,0.0621,1.7353,28.7203,40.1733,26.1246,0.0967,3.6334,0.0231,2.2777,0.055,0.0114,92.6715,84.1204,3842.7696,4614.0778,0.0128,0.0496,0.0785,1.4908,0.0313,0.1433,0.3084,0.0984,0.106,5.3866,0.1272,8.3795,0.0463,1.8342,4.6971,23.3082,0.3588,2.3367,2.7817,10.1187,16.4385,0.0156,0.019,0.0509,0.0063,0.014,0.0127,0.0739,0.0151,0.9903,0.0213,0.0032,47.3188,0.018,334.0911,0.010824172280392948,0.0086,32.932,0.6932,0.0112,0.125,0.0214,5.3629,0.5492,4.8921,4.1678,2.5954,1.259215111510735,22.9177,16.5374,4.7399,99.9361,4.2375,0.5434,1.5905,2.1558,180.9529,477.6914,2.2625,5.8838,2.369,5.3061,70.6806,62.1086,15.0764,0.9091,2.6368,1.0179,0.2071,4.8075,11.5326,3.8704,11.8602,4.1722,2.5078,36.6246,6.2148,12.1231,14.9179,159.8031,4.836,16.1593,50.202,516.0347,98.1906,75.1515,249.162,119.5072,352.5114,33.5007,30.4237,2.3869,3.0446,0.9209,8.5231,23.9775,0.0,32.0,0.0,8.480987411264177,2.4148,11.8756,0.1354,4.5198,5.7823,2.7503,4.1294,72.634,23.13,0.94,10.1842,0.3815,18.1874,5.8484,1.2942,0.1863,0.0458,19.2044,4.98,0.0877,2.0902,0.0382,1.8844,15.4662,528.4045,1.9943,9.01,0.2454,2.9594,0.0796,1.7051,12.3064,0.0108,2.1531,0.0106,0.0178,166.8498
-1.0,3024.75,2269.2556,1.1215,91.64,1.4088,0.0235,0.012,198.6749,7.6627,402.9473,0.9754,188.915,12.499,1.413,-3719.75,-5097.0,1.2512,1.9998,7.2948,72.6,1.6889,0.1267,84.0363,8.0787,64.6246,66.0133,87.1927,80.44,2.841,366.0864,136.7591,746.2285,1.3332,138.5855,641.4309,217.9386,4.651,4.908,2811.0,0.9228,-0.0912033410438422,355.1591615344293,10.779976125925117,116.5023052838589,25.362879412313355,20.98495058210374,30.055210836265267,719.2279929394541,147.437581516294,619.1016866340452,113.56250789969475,-0.0074,0.0168,-0.0096,-0.0104,-0.0072,-0.0202,0.0081,8.3708,0.1305,0.9696,1764.4354,0.1578,9054.8499,0.0682,0.0344,-0.0635,-0.057,0.45847235026020383,0.9522,779.3227,0.9888,59.0441,0.5959,0.9803,5.9926,15.84,3.467,15.88,15.75,1.111,0.5657,3.357,-2.553,0.8014,2.4241,1016.53,134.0,105.6,81.3,62.2,689.1609,0.2192,0.1859,0.0524,0.0286,0.0157,6.4071,8.04,8.694,0.0101,0.37,0.0538,739.0,13130.0,0.141,0.15,0.146,2.1,0.656,0.5583,0.1241,0.7029,0.2973,0.7683,0.697,0.2711,5.84,15.32,66.34,0.560043231611353,24.95503820675776,7.159621501475183,31.514020206090173,59.25455873239207,0.0817,0.0485,0.073,0.068,0.0382,0.0787,0.034,0.0755,1.3441,0.067,0.0049,108.1309,0.0277,1237.1006,0.0193,0.0207,0.05065130932169165,0.0111,104.7558,3.8966,0.0322,0.3119,0.1004,2.2685,33.8694,34.9784,24.5739,0.0832,2.0791,0.0564,2.4381,0.1138,0.0171,373.1848,192.3235,540.8927,6799.0108,0.0614,0.0715,0.0754,0.7533,0.0384,0.1808,0.2299,0.0467,0.1163,8.1861,0.2794,4.9843,0.0764,1.8582,4.4977,22.707,0.16832714786481903,1.4460548669621272,4.876534746503127,9.890744893692437,18.737254966200027,0.0213,0.0211,0.0315,0.0316,0.0133,0.0438,0.0153,0.0356,0.5476,0.0215,0.0017,34.5364,0.0099,395.7067,0.01168412285601847,0.0036,34.6577,1.125,0.0126,0.0972,0.0368,4.5354,0.9327,6.1646,3.4912,3.1422,2.741,34.059,19.5433,13.1959,104.9235,2.1576,1.0355,2.9602,3.809,33.3625,257.6025,11.2687,7.5009,2.0014,2.8926,65.1316,87.6316,18.9291,0.6644,1.5365,1.0877,0.2935,6.5121,10.2662,2.575,20.3348,4.214,2.3884,30.4398,1.8493,5.318499488678695,10.571308305163939,76.32521098992565,4.278258628313343,10.734708694427436,56.48057029028904,0.0,167.0973,708.3333,368.6369,0.0,168.7345,890.8199000000001,16.0575,2.0684,2.7692,0.5049,6.1284,17.5802,244.6086,104.8544,756.7568,12.169940409551007,1.1685,13.4419,0.2205,6.5995,5.2977,4.1427,5.8424,74.016,15.99,1.43,7.4381,0.6247,31.5437,3.9935,1.932,0.6543,0.1406,64.0311,4.98,0.0877,2.0902,0.0382,1.8844,15.4662,531.5418,2.232,7.57,0.2211,2.5744,0.0737,1.4242,9.9068,0.0167,3.3566,0.0106,0.0178,166.8498
-1.0,3025.09,2209.9555,2.1685,85.7689,1.4573,0.0294,-0.0042,198.898,10.1078,405.9062,0.972,188.9396,12.4992,1.3964,-3561.75,187.75,1.2965,1.996,7.3588,66.2111,2.6333,0.2068,86.901,8.7782,63.9707,66.3797,86.4258,81.4,3.146,366.7545,143.8264,757.5851,1.2696,142.2418,652.8227,212.6346,4.609,4.866,2867.0,0.9213,0.2355,368.8591,10.0622,124.0618,18.7318,19.7645,30.6311,726.954,141.17,634.0909,102.966,-0.0061,-0.0462,0.0078,0.003,0.014,-0.0187,0.0093,7.5788,0.1318,0.9916,1779.7088,0.1696,8700.5099,-0.0908,0.0921,0.051,-0.0077,0.4418749286456797,0.9541,735.4231,0.9901,58.8242,0.5847,0.9807,6.2477,15.89,2.948,15.88,15.78,1.026,0.5064,3.359,-2.789,0.8336,2.3797,1009.8944,102.0,237.6,200.5,51.3,299.6309,0.6169,0.1143,0.0456,0.0343,0.0178,9.0349,8.107,8.053,0.0121,0.3,0.058,339.0,403.0,0.173,0.127,0.297,1.9,0.482,0.6474,0.1384,0.8315,0.3616,0.6842,0.8,0.1651,8.3,14.32,63.781,1.322,29.15,14.02,30.609,140.901,0.0604,0.0709,0.0557,0.0605,0.1036,0.0988,0.1108,0.0866,2.8754,0.0307,0.0012,114.1498,0.032,450.5,0.0105,0.0139,0.046601811738605586,0.0067,43.0559,2.5225,0.0375,0.2888,0.0909,5.7761,28.4997,76.6441,63.3958,0.2094,1.81,0.0438,2.5265,0.0922,0.019,158.1463,82.3934,695.6447,195.8254,0.0725,0.0538,0.1272,0.6294,0.0351,0.1362,0.251,0.0579,0.0849,6.932,0.213,5.5875,0.0428,2.632,4.2889,22.7392,0.45265,3.9101,4.9074,8.8054,45.8297,0.0157,0.0305,0.0231,0.0262,0.0298,0.047,0.0561,0.0399,1.2228,0.011,0.0004,41.616,0.0094,141.0143,0.012626324033822854,0.0018,15.6229,0.7276,0.0102,0.0899,0.0289,5.2393,1.6966,4.6191,7.8543,7.8666,2.3213,12.8864,28.4484,7.843,80.2052,1.984,1.2487,2.4002,4.1508,45.9044,214.6471,13.3436,6.3627,4.036,2.8696,34.1772,48.3611,13.5677,0.745,1.577,1.2998,0.3439,6.0395,8.1209,2.7004,13.0047,5.8351,2.1936,29.9956,5.5575,13.1383,6.3678,155.6178,4.2106,36.0526,136.8423,998.3471,284.1683,764.9995,0.0,706.9767,593.3066,890.8199000000001,37.9407,2.9981,1.2997,0.1215,6.414,18.8502,510.0917,65.733,258.5859,12.240294198313062,0.7034,5.8546,0.078,4.2882,4.6218,3.8207,14.1912,73.938,17.67,1.42,7.8438,0.6114,83.5515,4.3236,1.9205,0.2293,0.0465,23.5359,4.98,0.0877,2.0902,0.0382,1.8844,15.4662,530.7036,2.1207,8.4,0.1986,2.8909,0.0572,1.5828,9.363,0.018,3.5654,0.0379,0.0155,40.8765
-1.0,3217.18,2178.5889,0.8614,103.7022,1.3846,0.0078,0.0097,202.363,6.1632,401.6595,0.9767,192.8413,12.5949,1.422,-2125.75,-2553.75,1.3202,1.9773,7.1457,75.2667,2.0889,0.1566,83.9932,9.0639,63.9159,66.2631,86.95,77.68,3.087,349.5846,137.05,728.4728,1.372,139.5609,626.1955,206.5341,4.607,4.833,2838.0,0.9334,-3.01,350.6491,10.4788,114.04,11.6391,23.01,27.0311,701.4417,149.8673,614.5564,171.74984999999998,-0.0024,0.0464,-0.0022,-0.0166,-0.0086,0.017100000000000004,0.0061,7.7688,0.1263,0.9848,1780.3691,0.1541,9226.7602,-0.0456,-0.0186,0.0522,0.0836,0.42519288904335784,0.9663,765.7652,0.9907,57.825,0.5957,0.9657,6.3199,15.85,3.517,15.86,15.69,1.617,0.6282,3.474,-2.317,0.825,2.4172,1007.6922,71.0,181.3,207.3,74.9001,494.806,0.0936,0.1034,0.06,0.057,0.0058,10.3935,9.368,8.356,0.008,0.21,0.0823,1488.0,4860.0,0.137,0.043,0.183,4.2,0.334,0.7636,0.239,0.6506,0.3962,1.0212,0.407,0.0539,6.73,18.24,42.679,0.221,17.98,4.03,26.378,38.832,0.0915,0.0421,0.1005,0.0889,0.0535,0.0589,0.0774,0.063,4.1242,0.0656,0.0033,212.7645,0.0348,1019.5996,0.0263,0.0156,0.04497153046216523,0.0058,97.1403,3.1113,0.0322,0.2637,0.1061,2.6568,20.1882,51.9302,70.7394,0.0277,1.9994,0.0343,3.1949,0.0505,0.0239,653.9083,325.1701,3392.4207,2143.8807,0.0612,0.02,0.0748,1.5108,0.0527,0.1133,0.3084,0.0984,0.106,5.1052,0.1172,7.2298,0.018,2.0528,5.4728,13.6883,0.0644,1.3598,2.657,8.711,14.0267,0.0243,0.0177,0.0444,0.0388,0.0172,0.0308,0.0393,0.0326,1.2349,0.0196,0.0013,65.1049,0.0095,279.6771,0.01585728993834989,0.002,25.9114,0.9905,0.0094,0.0942,0.0354,4.5748,0.8158,3.1987,5.6354,8.0572,3.438,43.5816,10.8702,7.4678,151.9994,2.0804,0.8222,1.6673,5.7871,298.58439999999996,190.3084,10.3768,2.1747,2.561,5.5802,119.6809,109.2264,9.6297,0.9091,2.6368,1.0179,0.2071,5.1604,5.903,3.304,3.9315,4.8223,2.9128,20.6644,5.539,2.109,6.2083,154.4789,3.7605,11.5072,20.4254,0.0,245.8394,0.0,323.2628,686.8805,344.7661,0.0,53.0868,1.6633,2.6684,0.3372,11.9506,22.5625,0.0,47.2441,0.0,12.638699743787145,0.5976,12.6854,0.0442,5.3806,4.1727,4.3905,7.097,73.286,12.6,1.36,6.066,0.6001,34.5405,3.0842,1.8557,0.3941,0.0871,39.4243,4.98,0.0877,2.0902,0.0382,1.8844,15.4662,531.7491,1.9611,7.87,0.211,2.9252,0.0664,1.48,10.7575,0.0105,2.0955,0.0264,0.0128,48.4774
-1.0,3093.05,2170.7444,1.3753,104.2989,1.3694,-0.0054,-0.0074,197.8374,6.3935,404.8168,0.9777,188.4835,12.6339,1.409,-5701.75,-1542.5,1.3018,2.0042,7.3565,68.0667,2.3667,0.1786,86.901,8.7782,63.9707,66.3797,86.4258,81.4,3.146,364.5091,142.9273,752.6818,1.3098,141.51,648.9464,183.4331,4.609,4.866,2867.0,0.9213,1.28,362.1445,10.3682,124.2073,16.23,18.72,24.0616,728.6203,146.3645,632.7164,122.1436,-0.0342,0.0259,0.0146,-0.0129,-0.0004,-0.0157,0.0964,8.946,0.1335,0.9872,1804.6017,0.1836,8924.7099,0.0989,0.0093,-0.0421,-0.0455,0.4663,0.9445,772.3924,0.989,58.6944,0.6113,0.981,6.2778,15.73,3.179,15.73,15.66,0.9176,0.5413,3.163,-2.694,0.8376,2.2671,998.2796,90.0,107.3,75.5,46.0999,237.8619,0.1238,0.1109,0.055,0.048,0.0058,6.8156,3.151,15.476,0.0049,0.54,0.128,361.0,3725.0,0.102,0.042,0.162,2.9,0.523,0.6474,0.1384,0.8315,0.3616,0.6842,0.886,0.2338,8.23,14.75,68.513,0.76,18.99,11.55,26.757,17.627,0.0744,0.0456,0.0534,0.0476,0.0489,0.1153,0.1098,0.0381,2.6191,0.0428,0.0125,113.5847,0.0733,696.7002,0.026,0.03420000000000001,0.0306,0.014,54.3284,3.8639,0.0331,0.2606,0.0922,3.7737,25.7213,34.698,26.47,0.0448,2.329,0.0362,0.8598,0.08,0.045799999999999993,162.9734,95.7183,3672.4562,1759.894,0.0425,0.0185,0.0752,0.9785,0.0188,0.199,0.251,0.0579,0.0849,7.9906,0.2799,5.0527,0.066,2.5565,4.5656,19.8778,0.2305,3.4239,4.2794,7.9982,5.6731,0.0188,0.0224,0.0259,0.0213,0.014,0.0565,0.0569,0.0162,0.8555,0.0138,0.0038,35.1698,0.0184,191.6137,0.0087,0.0037,16.3928,1.2857,0.0099,0.0858,0.0321,4.4847,1.1413,4.0364,3.4691,2.9936,2.1237,21.0856,9.0017,8.0983,49.2848,3.823,0.5019,4.2742,9.13815,139.1152,241.4911,7.8356,2.0955,2.2021,4.2605,29.5775,33.0429,15.2207,0.745,1.577,1.2998,0.3439,6.3537,9.1795,2.4612,17.853,5.8159,2.2729,37.3504,5.5575,7.3301,5.7565,117.0054,3.6723,11.8799,14.4314,217.7428,85.8353,327.1478,377.971,0.0,698.2512,39.5126,29.277,1.6479,1.7456,1.2663,6.2942,39.9562,0.0,39.1505,0.0,6.5641,1.4788,7.0338,0.0787,6.583,4.1508,4.0666,9.3047,73.254,14.53,1.33,6.7381,0.5058,27.0176,3.6251,1.8156,0.3345,0.0621,33.9139,6.88,0.1196,3.2688,0.0432,2.7391,21.0369,530.7036,2.1207,8.4,0.1986,2.8909,0.0572,1.5828,9.363,0.0158,3.1737,0.0264,0.0128,48.4774
-1.0,3021.25,2221.3667,1.2667,88.6578,1.3728,0.0162,0.0033,199.6103,6.9207,418.259,0.9723,190.0892,12.5596,1.4102,-4124.75,-472.0,1.2948,1.9712,7.2577,69.1556,1.6444,0.1126,86.9779,8.8356,63.9719,66.3989,86.3856,63.93999999999998,5.041,345.9345,133.6591,720.4581,1.3937,148.0673,627.6609,187.2065,4.544,4.777,2837.0,0.9324,2.2009,345.6491,10.4649,115.86,13.5236,17.7991,22.4948,697.9633,152.6282,614.1373,104.8535,-0.0101,0.0619,0.0172,-0.0275,0.0116,-0.0378,-0.0145,7.8115,0.1423,0.9895,1843.4458,0.1719,8478.5301,0.1175,0.067,-0.0586,-0.0655,0.4649662136250915,0.9399,717.6064,0.9891,58.101,0.6075,0.979,6.2015,15.72,3.283,15.69,15.64,1.021,0.52,2.996,-2.128,0.7931,2.2892,993.4794,98.0,136.7,130.3,53.3999,751.0549,0.3503,0.1146,0.0572,0.0381,0.0133,7.001,6.67,8.964,0.0115,0.22,0.0433,212.0,730.0,0.173,0.08,0.068,0.8,0.694,0.4518,0.2188,0.8643,0.4071,0.7421,0.299,0.2128,6.57,16.78,48.277,0.744,19.74,6.36,33.88,33.552,0.0786,0.0494,0.052,0.0585,0.0456,0.0836,0.1456,0.0987,3.6914,0.0383,0.0016,107.1604,0.0344,1257.7002,0.0156,0.0133,0.05286735249688676,0.0248,131.0334,3.7626,0.0365,0.3361,0.0962,3.8692,26.9966,47.2762,45.1631,0.1009,2.9142,0.0365,1.861,0.0559,0.0128,108.917,233.54,1313.9585,371.1981,0.0853,0.0375,0.0322,0.3245,0.0329,0.207,0.1777,0.085,0.0615,5.8383,0.1079,9.4934,0.0564,2.0697,4.9409,18.6419,0.2056,2.0723,2.5494,10.7177,9.9374,0.0191,0.0214,0.0248,0.0252,0.0132,0.0418,0.0687,0.0441,1.3557,0.0115,0.0005,34.046,0.0097,417.3651,0.012091340776387167,0.009,41.0024,1.1624,0.0097,0.1114,0.0336,5.654,1.0598,4.6221,4.5246,5.2675,2.4039,30.1544,27.6524,8.3481,96.3772,2.1432,1.1846,1.7516,3.0677,64.8767,154.661,13.3617,4.0583,0.9369,1.1568,79.0541,80.849,19.9387,0.5194,2.4766,1.3511,0.2199,5.5531,14.2302,4.5942,15.2671,4.4372,2.6734,25.7881,6.6541,7.1095,17.537999999999997,145.9668,4.8541,23.5551,31.9989,778.6997,140.5405,340.6114,165.7805,720.6897,385.4401,681.8653,47.2565,0.7731,1.6194,0.1595,5.813,20.0022,0.0,31.8804,711.1111,12.194124833650989,2.6342,18.2598,0.1183,6.4759,5.419,4.2042,9.8339,74.76,17.17,0.66,7.9793,0.2613,45.4822,4.1865,0.8828,0.3345,0.0621,33.9139,7.83,0.1234,2.7981,0.0464,2.8681,21.0188,529.9445,1.974,7.91,0.2824,2.6691,0.094,1.4926,14.3055,0.0135,2.6974,0.0264,0.0128,48.4774
-1.0,3070.43,2255.5222,1.2226,101.5878,1.6122,-0.0171,0.0078,202.8264,9.7019,410.8906,0.9658,192.9616,12.3535,1.4108,-2556.25,-567.75,1.3055,1.9912,7.3588,73.2,1.5667,0.1376,83.4425,8.2914,64.6693,66.2522,86.5211,80.39,2.834,355.0464,142.56,740.3622,0.8973,133.8473,631.4536,120.2956,4.612,4.863,2852.0,0.9278,-1.0982,356.9282,10.3685,121.4618,10.2756,21.0982,26.3762,713.986,143.9355,622.3254,91.8831,-0.0152,-0.0341,0.0121,-0.0229,0.0399,-0.0326,-0.005,8.3547,0.1453,0.9892,1840.1264,0.1737,8598.67,-0.0163,0.0233,-0.0359,-0.0687,0.45534978405770365,0.9554,741.1727,0.989,58.6343,0.6067,0.9649,6.4978,15.94,4.232,15.96,15.96,1.087,0.6598,2.91,-0.2365,0.733,2.2247,1006.7274,98.0,141.0,149.6,70.7,365.772,0.1916,0.1568,0.0776,0.0298,0.0227,5.3544,7.438,6.228,0.0155,0.36,0.0325,1239.0,11005.0,0.214,0.115,0.248,2.4,0.372,0.5328,0.0827,0.6302,0.256,0.634,0.513,0.0567,6.77,15.25,19.981,0.208,14.89,7.27,29.067,71.741,0.1005,0.0946,0.0258,0.0678,0.1179,0.073,0.0917,0.086,1.989,0.0342,0.0018,126.1304,0.0242,1217.1997,0.0209,0.0144,0.04403732950523706,0.0239,128.0696,1.1107,0.0432,0.3255,0.0273,3.4142,26.9966,55.1727,52.8048,0.0627,1.8929,0.0604,2.4565,0.1084,0.0094,514.6782,288.3343,2853.8665,4724.7416,0.0929,0.047,0.1106,0.7583,0.0447,0.1175,0.2087,0.0377,0.101,5.1073,0.179,7.2651,0.0188,2.1408,4.6783,6.7406,0.0693,2.1018,2.953,9.7273,21.6015,0.0249,0.041,0.0123,0.0289,0.0292,0.0321,0.0476,0.0475,0.6867,0.0113,0.0005,38.7373,0.0094,462.248,0.013714966100210196,0.0077,48.6977,0.4584,0.0146,0.0997,0.0099,12.591,1.0309,4.6221,4.5922,6.1152,3.1345,20.7463,15.6713,9.7258,76.6653,1.5157,1.6092,2.9142,2.3058,258.8949,0.0,16.3922,5.7753,3.3701,3.2787,108.5106,110.5008,11.0342,0.6385,0.9975,0.9745,0.2246,3.9882,5.5696,3.1567,6.3194,5.058,2.4151,16.6099,5.3497,2.0061,6.6852,144.9061,4.0711,8.8042,78.0786,661.1842,618.59025,561.4907,514.8472,182.9574,280.8576,0.0,23.8072,1.1008,1.4354,0.1855,6.8544,13.948,665.896,44.4444,0.0,10.192926044325716,2.4997,17.2793,0.145,1.8942,5.0093,1.2265,8.8316,74.638,19.65,0.47,8.5335,0.1875,65.3276,4.8002,0.6297,0.2962,0.052,29.1808,4.98,0.0877,2.0902,0.0382,1.8844,15.4662,531.5636,2.0805,9.03,0.2467,3.1801,0.084,1.6988,11.8556,0.0113,2.2765,0.0212,0.0087,41.0611
-1.0,3201.05,2172.8111,1.2736,102.7367,1.4741,-0.0142,-0.006,199.5697,11.3688,416.3351,0.9788,189.4997,12.5276,1.4014,-6375.125,-415.5,1.2755,1.9745,7.277,75.3222,2.0889,0.168,84.3569,8.322,64.5182,66.0788,86.7285,82.3,3.178,356.2945,140.9627,739.6681,1.2592,135.2936,632.5509,160.7933,4.657,4.917,2815.0,0.9281,-2.0309,355.7664,10.3937,118.9318,15.7082,22.0309,29.4042,710.2639,142.1445,616.8427,111.2758,-0.0264,-0.024,0.0935,-0.0307,-0.014,-0.0129,0.0246,7.8182,0.1413,0.9895,1843.4458,0.2115,8877.1101,-0.006,-0.0158,-0.0685,-0.0467,0.4437186642939641,0.9473,758.0699,0.9917,57.963,0.594,0.9636,6.3581,15.94,4.232,15.96,15.96,1.087,0.6598,2.91,-0.2365,0.733,2.2247,1006.7274,103.0,156.3,126.1,51.7998,139.929,0.0929,0.0923,0.0427,0.0457,0.0098,7.4816,4.994,6.012,0.0064,0.24,0.1014,1027.0,1826.0,0.115,0.091,0.454,2.1,0.503,0.6332,0.1293,0.5371,0.2589,0.6776,0.541,0.1086,5.4,16.46,44.643,0.386,19.0,3.66,25.302,95.953,0.0638,0.0442,0.0274,0.0227,0.0509,0.0835,0.1143,0.0683,2.5867,0.0422,0.0016,107.1604,0.1254,766.5,0.0142,0.0163,0.05289165797220513,0.0077,83.1962,2.6845,0.02,0.3654,0.0273,3.4142,24.9823,45.7137,41.8804,0.0274,1.8536,0.0307,1.8411,0.0608,0.0396,535.4767,131.5,5823.189049999999,831.5165,0.0589,0.0426,0.1858,0.7629,0.0643,0.1651,0.2545,0.0523,0.1076,5.8705,0.1619,7.606,0.0299,1.6512,5.6061,15.1195,0.1335,1.3325,1.196,8.2304,28.4431,0.0149,0.0199,0.0115,0.0098,0.015,0.0424,0.0557,0.0311,0.9789,0.0163,0.0005,34.046,0.0374,264.7447,0.013568793423854385,0.0026,30.2898,0.8687,0.0061,0.1243,0.0099,12.591,1.0309,4.7256,4.8828,5.6464,2.384,14.4354,7.2979,6.2616,43.9272,1.444,0.6509,1.9158,7.2321,189.6469,439.4705,9.0161,4.6088,6.2388,2.788,76.5957,129.1667,14.9199,0.7506,1.5532,0.8325,0.1009,5.0267,4.6253,3.0596,8.6227,3.9913,2.6022,27.7642,8.4022,3.7138,7.9037,120.9561,3.5623,11.2528,86.2299,241.6095,358.6207,24.2911,166.0008,594.306,887.767,277.0791,33.0857,2.1231,1.7462,0.1595,5.813,63.31987047269746,0.0,77.4704,0.0,12.069965714972907,0.8106,10.9747,0.0451,4.6314,5.7468,1.2265,8.8316,71.632,17.75,1.18,9.0178,0.4412,85.6081,4.3505,1.6473,0.2962,0.052,29.1808,7.8,0.2141,3.2169,0.1022,3.0368,35.6045,531.81,1.9298,7.99,0.2378,2.6686,0.0751,1.5024,12.3221,0.0097,1.9148,0.0195,0.0117,59.8462
-1.0,2924.32,2172.8111,1.2736,102.7367,1.4989,-0.0041,0.0021,200.2784,10.9096,418.6225,0.9727,190.748,12.3841,1.389,-3854.0,-146.75,1.3072,1.9712,7.293,70.9778,2.6,0.2216,85.9331,8.8215,64.054,66.3826,86.4386,81.31,3.136,346.9336,146.7491,739.9475,1.2981,143.2573,636.94,223.4025,4.592,4.84,2828.0,0.9316,-6.6464,350.4773,10.2392,120.1027,15.2391,26.6464,34.2167,705.7308,151.1209,621.7009,116.3737,-0.0254,-0.0076,0.0217,-0.0237,0.0,-0.0098,0.001,7.9248,0.1318,0.9859,1768.839,0.1946,8706.1498,-0.0143,0.0316,-0.0094,-0.0693,0.4614096241914699,0.9534,758.4556,0.9889,58.4327,0.6023,0.9709,6.2928,15.94,4.232,15.96,15.96,1.087,0.6598,2.91,-0.2365,0.733,2.2247,1006.7274,139.0,94.6,107.9,51.7998,139.929,0.0929,0.1313,0.0651,0.0363,0.0168,6.827,8.192,24.05,0.0114,0.35,0.0556,305.0,1000.0,0.104,0.141,0.12,2.2,0.781,0.4924,0.1267,0.597,0.3767,0.7452,0.574,0.1602,6.24,20.67,61.098,1.159,21.88,15.73,31.716,115.376,0.068,0.0462,0.0343,0.0716,0.0847,0.1005,0.0953,0.057,3.6661,0.0244,0.0029,57.7128,0.0409,1259.6006,0.0128,0.0143,0.060261512243063475,0.0178,121.0583,3.5845,0.048,0.291,0.0273,3.4142,32.9216,29.3098,30.6565,0.0274,1.8536,0.0457,3.0045,0.0902,0.0213,149.5958,120.9035,313.5421,461.323,0.0448,0.064,0.0633,0.7362,0.0232,0.2272,0.1881,0.0479,0.1161,6.035,0.1457,9.6792,0.0516,1.6443,6.3311,17.9252,0.318,4.4625,4.7527,10.4357,31.4976,0.0168,0.0205,0.0142,0.035,0.0231,0.0497,0.0501,0.0247,1.2265,0.0102,0.0009,18.5861,0.0112,485.1754,0.015206481392527473,0.0063,48.7895,0.9991,0.0166,0.1141,0.0099,12.591,1.0309,6.2232,3.2349,4.1027,2.384,14.4354,7.2979,8.7599,75.0896,5.745,1.1707,2.8262,4.0037,17.151,681.431,7.9556,7.1528,1.6454,3.0996,26.9231,28.4353,23.5469,0.573,1.4361,0.932,0.1611,5.6322,8.15,4.3755,12.3369,4.3558,3.2452,27.3488,6.9001,11.3193,17.537999999999997,143.5783,4.4941,38.2922,99.1427,267.9803,262.8734,330.3345,357.9503,0.0,972.449,0.0,46.2613,2.96,0.9992,0.2978,3.2627,21.0059,869.962,42.2222,941.1765,12.596786785246294,1.8717,15.9612,0.0865,6.1344,4.6243,1.2265,8.8316,80.68,10.5,1.25,4.3433,0.5503,44.5598,2.6097,1.5493,0.2198,0.0385,21.8162,11.969999999999999,0.2966,4.532500000000001,0.1352392452747727,4.6207,36.5449,528.5973,2.22,6.24,0.2848,2.1791,0.0859,1.1805,12.8307,0.0088,1.7277,0.0085,0.0064,74.6027
-1.0,3051.02,2165.5333,0.7992,102.9378,1.5391,0.009,-0.0074,202.983,9.3998,409.8249,0.9691,193.1105,12.4124,1.4115,-5817.75,-301.0,1.331,2.0228,7.3872,69.7778,2.6111,0.2043,84.052,8.8581,64.6559,66.1061,86.9034,63.93999999999998,5.041,351.5464,128.4445,719.0714,1.3838,141.7991,621.79,213.8687,4.602,4.836,2837.0,0.9356,-0.5455,349.2018,10.6783,107.8991,20.41,20.5455,31.2819,687.7895,144.2791,601.38,88.4418,-0.0203,0.0496,0.0304,-0.016,-0.0006,0.017100000000000004,0.0156,8.1355,0.1291,0.9657,1728.6171,0.1624,8487.45,0.1725,-0.1125,-0.0425,0.0733,0.45910598450305806,0.9457,718.2589,0.9903,59.5656,0.5842,0.9663,6.2417,15.94,4.232,15.96,15.96,1.087,0.6598,2.91,-0.2365,0.733,2.2247,1006.7274,168.0,90.0,94.5,48.8,505.082,0.1317,0.1756,0.0745,0.0293,0.0188,5.3802,8.03,14.872,0.0136,0.42,0.0568,1113.0,1821.0,0.142,0.036,0.118,2.8,0.476,0.5357,0.1389,0.4529,0.206,0.7208,0.455,0.1244,3.58,15.38,57.69,0.259,18.39,7.0,32.073,122.275,0.0798,0.0455,0.0549,0.0587,0.1023,0.065,0.0713,0.0792,3.0486,0.0354,0.0083,177.6931,0.0284,852.4995,0.0224,0.03420000000000001,0.045487869347887844,0.0331,86.1232,4.4908,0.0233,0.2123,0.0273,3.4142,37.5288,29.0696,26.9704,0.0364,2.8614,0.0563,2.2169,0.1198,0.0206,505.8876,37.1528,5823.189049999999,805.5619,0.066,0.0161,0.0524,0.9589,0.0573,0.1909,0.212,0.0519,0.0425,5.3896,0.1156,7.9394,0.0343,1.2784,5.3929,20.7925,0.0799,2.1277,2.6704,10.1881,41.9497,0.0248,0.0211,0.023,0.026,0.0308,0.0283,0.0373,0.0401,0.8978,0.0139,0.0023,53.6952,0.0099,299.5534,0.010835745678250618,0.0129,28.2743,1.3745,0.0084,0.0649,0.0099,12.591,1.0309,7.5662,2.9498,3.6832,2.2535,50.794,16.4838,11.4095,85.4272,3.6289,1.4069,3.3837,4.0254,250.8186,604.9834,10.6687,1.7798,1.5973,4.0127,34.4681,94.9429,14.0916,0.6373,1.5685,0.7005,0.6795,5.0292,2.7872,3.4291,8.9888,2.5247,2.4735,26.9745,5.6546,2.4255,5.9129,90.1028,4.6632,43.2857,138.2547,392.9825,246.6125,193.0921,639.6249,0.0,391.2209,508.5072,37.4727,2.9437,1.4688,0.855,10.2795,17.4684,0.0,50.2857,376.8595,11.955076218547246,3.4959,11.9905,0.1137,7.5393,3.4016,1.2265,8.8316,73.546,16.23,0.87,7.0941,0.3417,15.604,4.0671,1.1829,0.3884,0.0703,40.721,5.09,0.1032,2.0665,0.0401,1.865,12.957,531.1982,2.2418,10.63,0.2428,3.6826,0.0616,2.0011,10.8309,0.0102,2.0255,0.0085,0.0064,74.6027
-1.0,3031.85,2172.8111,1.2736,102.7367,1.4711,0.0033,-0.002,199.7102,9.6727,408.8252,0.9703,189.6667,12.4694,1.4201,-4680.75,269.0,1.3043,2.022,7.3525,67.1667,3.0333,0.227,85.549,8.7556,64.0533,66.2801,86.5808,63.93999999999998,4.194,356.8664,144.3209,747.5057,1.3124,139.3018,640.4891,199.2338,4.62,4.865,2854.0,0.9291,-7.1518,357.9782,10.4468,117.1691,14.98,27.1518,32.1743,715.3315,150.3618,625.5091,171.74984999999998,-0.0269,0.0595,0.1209,-0.0347,-0.0063,0.0141,0.0246,7.5145,0.1291,0.9881,1865.6196,0.1581,8631.2901,-0.0283,0.0167,-0.0071,-0.1126,0.4541963666704767,0.9461,659.1062,0.9889,58.4912,0.5966,0.9651,6.3381,15.94,4.232,15.96,15.96,1.087,0.6598,2.91,-0.2365,0.733,2.2247,1006.7274,121.0,129.0,88.6,51.7998,139.929,0.0929,0.0565,0.069,0.0573,0.0194,7.4774,4.865,4.894,0.013,0.66,0.0517,755.0,1306.0,0.141,0.124,0.292,2.2,0.666,0.7299,0.0798,0.4009,0.1522,0.735,0.429,0.0808,6.54,21.04,46.612,0.25,22.75,3.95,32.071,42.319,0.0671,0.0249,0.0661,0.0462,0.0593,0.0768,0.0832,0.0725,3.202,0.0354,0.0015,124.9868,0.0365,1486.8999,0.0189,0.0125,0.05514813453438949,0.029,205.1887,3.5911,0.0523,0.3352,0.0273,3.4142,32.358,44.4443,30.3891,0.0274,1.8536,0.0201,1.5161,0.116,0.0196,326.9387,97.7561,1693.2632,569.7649,0.0608,0.0559,0.1309,0.6928,0.0529,0.2241,0.2898,0.0306,0.1331,5.3458,0.1499,9.6752,0.0214,1.9653,6.1378,15.5746,0.0832,1.3512,2.2799,10.1419,13.2018,0.0168,0.0123,0.0271,0.0201,0.0154,0.04,0.0431,0.0298,1.0991,0.0139,0.0004,40.9785,0.0125,409.7476,0.012658042523038485,0.0086,58.6881,1.0087,0.0177,0.1191,0.0099,12.591,1.0309,5.4215,4.2548,3.632,2.384,14.4354,7.2979,3.8408,50.2961,1.1971,1.3407,5.293,3.6391,80.9486,485.5019,10.8108,6.1325,3.9714,3.2754,42.8571,66.0793,19.657,0.8532,0.9111,0.6259,0.2728,4.9598,6.0352,4.3122,6.1552,4.6948,3.285,23.3956,5.6337,2.3931,9.0638,151.8691,4.4834,4.0633,23.2401,249.4424,254.7315,38.2134,170.8934,0.0,591.119,295.3157,42.6112,2.9437,1.4688,0.1497,6.6995,23.0727,0.0,52.7859,0.0,12.364458531536124,3.0647,31.1314,0.1018,6.1395,5.2891,1.2265,8.8316,73.444,18.8,1.05,9.2395,0.4536,84.4497,4.6059,1.4297,0.186,0.0455,18.5899,4.98,0.0877,2.0902,0.0382,1.8844,15.4662,530.7091,1.8681,5.64,0.1785,1.8358,0.0554,1.0627,9.5553,0.0167,3.3339,0.0293,0.0045,15.3444
-1.0,3001.83,2246.0666,1.8881,103.61,1.4031,-0.005,-0.0012,202.4487,10.8924,407.3328,0.9826,192.2872,12.5294,1.393,-3687.5,81.5,1.2748,1.9758,7.2928,69.6333,2.7111,0.2348,85.9801,8.662,63.8972,66.1995,86.2277,81.32,2.743,346.58,150.5445,745.5926,1.2648,143.2827,640.4073,225.7444,4.592,4.84,2828.0,0.9316,-6.3845,351.0836,10.224,124.16,17.8509,26.3845,35.0053,710.5874,147.3127,622.5564,109.1907,-0.0125,0.0022,0.0057,-0.0091,0.0011,-0.0129,-0.0154,6.131,0.1282,0.9564,1835.2556,0.1982,9066.5899,0.0057,-0.0791,-0.0052,0.043,0.4683,0.9339,638.6009,0.9906,59.0025,0.5915,0.9708,6.2708,15.99,4.005,16.08,16.02,1.031,0.6272,2.914,0.0,0.7672,2.2053,1011.4203,200.0,87.3,79.9,57.0999,392.351,0.7957,0.1295,0.0706,0.0352,0.0082,5.4155,5.31,8.136,0.0055,0.22,0.0287,411.0,2367.0,0.101,0.057,0.258,1.7,0.642,0.5679,0.1548,0.6572,0.4004,0.6665,0.432,0.1616,3.99,18.83,57.27,0.532,18.97,11.95,33.118,68.02,0.113,0.0457,0.0335,0.0864,0.127,0.0919,0.0845,0.1472,6.7914,0.052,0.013699999999999999,164.5994,0.0308,1033.4004,0.0243,0.0128,0.0407,0.0402,89.6388,1.4532,0.0263,0.2434,0.0347,4.6303,45.32809999999999,27.1378,23.5434,0.2341,1.6013,0.0397,1.3461,0.0596,0.0097,212.7367,175.2142,731.4937,1057.4947,0.0414,0.025,0.1076,0.5635,0.0488,0.2578,0.2052,0.0586,0.0769,4.6711,0.1127,9.6761,0.0539,1.3514,6.0257,16.9929,0.1442,3.2183,3.5656,10.4922,19.1923,0.027,0.0214,0.0153,0.0392,0.0357,0.0471,0.0415,0.0766,2.4507,0.0171,0.0046,52.7249,0.011,273.4668,0.0095,0.0122,25.1639,0.5511,0.0086,0.0812,0.0122,10.8468,1.4555,9.053150000000002,2.9082,3.1385,2.5422,26.5634,42.1436,9.2297,48.7498,1.9974,0.5621,1.7559,2.0582,47.9186,0.0,7.9231,2.885,3.5378,2.4414,51.6393,73.2608,18.9885,0.6605,1.787,1.0285,0.184,4.4146,9.7645,4.2618,12.7792,2.7847,2.9403,25.3694,6.9001,5.2034,17.537999999999997,106.269,4.6606,17.0886,62.2947,901.7456,320.7018,0.0,0.0,0.0,656.3107,890.8199000000001,107.56075,2.7301,2.1517,1.3944999999999999,8.9687,15.5468,0.0,66.6667,310.5882,8.6862,4.3069,14.0367,0.0584,2.463,3.8816,1.5727,11.967,75.49,11.25,1.36,5.1333,0.5975,13.5331,2.7861,1.8016,0.6421,0.139,55.8949,4.98,0.0877,2.0902,0.0382,1.8844,15.4662,528.5973,2.22,6.24,0.2848,2.1791,0.0859,1.1805,12.8307,0.026000000000000006,5.21645,0.0293,0.0045,15.3444
-1.0,3000.22,2172.8111,1.2736,102.7367,1.467,-0.0134,-0.0103,199.7966,9.6812,407.7116,0.9781,189.7635,12.5294,1.4118,-3966.5,179.0,1.3045,1.9962,7.3675,74.0667,2.5222,0.1791,86.4072,9.4749,64.2671,65.8154,87.4597,79.79,2.705,346.3264,149.1727,739.4269,0.9338,132.3573,627.8564,118.1889,4.582,4.849,2831.0,0.9318,-0.1545,346.7445,10.1817,129.0182,7.5108,20.1545,26.2155,713.2115,146.85,622.6127,103.826,-0.0291,-0.0226,-0.0045,-0.049,-0.0168,-0.0182,-0.0244,6.8962,0.1308,0.9874,1811.078,0.201,9191.3301,-0.0633,-0.0363,0.0114,-0.0449,0.4726,0.9415,684.6016,0.9886,59.3833,0.6053,0.9629,6.4699,15.94,4.232,15.96,15.96,1.087,0.6598,2.91,-0.2365,0.733,2.2247,1006.7274,150.0,98.6,119.75000468381094,51.7998,139.929,0.0929,0.0921,0.0661,0.0629,0.0101,7.4004,5.675,10.804,0.0066,0.22,0.0401,896.0,413.0,0.182,0.137,0.237,2.8,0.439,0.823,0.0977,0.5296,0.3123,0.7828,0.641,0.0819,7.91,21.94,28.447,0.59,15.49,10.21,35.708,54.55,0.0695,0.0346,0.035,0.0428,0.055,0.0716,0.112,0.1639,6.7191,0.0425,0.0015,138.7828,0.0337,603.7998,0.0164,0.0139,0.0184,0.0104,53.4243,1.5599,0.0349,0.3422,0.0273,3.4142,33.7743,35.2069,40.54051526342446,0.0274,1.8536,0.0323,1.7549,0.0596,0.0138,426.9445,299.4066,1008.6402,225.6347,0.0822,0.0597,0.1023,0.9447,0.0406,0.1754,0.3088,0.0361,0.0678,6.3852,0.1913,9.3937,0.027,2.5703,6.79,7.4376,0.1532,2.8429,2.6239,10.8381,16.3615,0.0183,0.0162,0.0157,0.0194,0.017,0.0381,0.0561,0.08248588237179322,2.4841,0.0153,0.0004,51.4161,0.0116,182.0642,0.0049,0.0032,15.4248,0.569,0.0118,0.1134,0.0099,12.591,1.0309,6.6442,3.2864,4.815905218349534,2.384,14.4354,7.2979,6.2779,58.6189,2.6499,0.672,1.7559,2.8438,56.6494,230.7263,13.9517,6.8629,3.2168,3.7804,55.5066,79.2804,12.7152,0.9525,1.0316,0.8241,0.1196,6.4217,7.1595,4.2147,8.7723,5.9762,3.4944,24.0691,6.8574,5.7947,14.2693,206.2353,5.0067,20.2433,52.5398,238.5242,111.703,764.9995,112.2879,426.8256,616.2311,673.1006,97.4315,2.2167,1.7473,0.1497,7.663,16.7832,0.0,62.5,800.0,3.9018,1.0995,7.8037,0.1514,2.6269,5.2887,1.2265,8.8316,82.248,15.65,1.92,7.2468,0.7507,59.2292,3.891,2.3344,0.2198,0.0385,21.8162,4.98,0.0877,2.0902,0.0382,1.8844,15.4662,531.3445,2.0359,5.71,0.2796,1.565,0.0936,1.0746,13.7332,0.022,4.3323,0.0293,0.0045,15.3444
-1.0,2952.88,2243.8556,2.1422,89.4944,1.3896,0.0021,-0.0012,193.7496,6.1446,412.4672,0.982,184.2979,12.58,1.4092,-2530.5,321.5,1.309,1.9857,7.178,67.2667,2.7222,0.2234,86.2967,8.7646,64.2989,66.4179,86.3742,79.61,3.124,348.8855,138.51,730.0831,1.3396,139.94,627.3355,210.8489,4.607,4.833,2838.0,0.9334,-1.4327,349.58,10.4306,117.0773,11.3285,21.4327,29.6922,700.3909,150.5173,617.1745,117.8538,-0.0184,0.0604,0.0728,-0.0222,-0.0227,-0.0496,0.0599,6.5021,0.1289,0.9891,1816.1426,0.199,9098.07,-0.0836,0.0605,0.0642,-0.1091,0.4691,0.9464,797.0945,0.9908,58.6608,0.6122,0.9604,6.3169,15.73,2.941,15.75,15.69,0.9649,0.5033,3.154,-2.9329,0.8238,2.2563,998.2901,119.0,85.3,54.0,60.8999,181.5471,0.4832,0.1069,0.0516,0.052,0.0073,12.511,5.619,16.751,0.0048,0.19,0.0724,958.0,818.0,0.049,0.094,0.222,2.5,0.749,0.5911,0.1332,0.5365,0.3081,0.9312,0.366,0.1142,4.53,18.47,48.821,0.272,18.35,9.13,31.649,55.817,0.0474,0.0486,0.0416,0.058,0.0484,0.062,0.0435,0.0943,5.3611,0.0348,0.0016,136.7495,0.0568,591.2002,0.018,0.0183,0.0658,0.0098,50.7242,3.9151,0.0359,0.2449,0.0621,1.7353,29.5241,31.1541,15.233,0.1708,1.9891,0.0358,2.1892,0.0544,0.0267,397.7448,75.1282,1998.7464,389.7089,0.0219,0.0392,0.1045,0.7906,0.0545,0.2261,0.2305,0.0555,0.0968,5.7741,0.1012,7.4184,0.0352,1.6724,5.7904,13.8297,0.0744,2.6142,3.6556,10.0893,18.7564,0.0125,0.0222,0.0188,0.0239,0.0152,0.03,0.0197,0.0434,1.7472,0.0128,0.0006,43.5709,0.0152,182.7632,0.0161,0.0031,16.9772,1.1855,0.01,0.088,0.0214,5.3629,0.5492,5.47,2.8887,2.1412,2.7141,8.2182,22.5556,7.6927,91.4456,4.0612,0.4922,1.5103,5.1391,168.03,254.4323,3.7433,4.7337,3.0928,3.7166,33.0612,69.3685,22.7345,0.685,1.5201,0.8344,0.4231,5.8988,4.9527,3.1735,8.5283,3.2371,2.9442,23.1545,5.539,2.6077,6.0473,161.9812,4.5188,9.9816,47.3612,256.9976,108.3612,79.643,218.018,273.1278,87.7016,157.429,82.4517,2.4828,1.4536,0.1641,7.5297,28.5305,0.0,41.3519,836.9231,14.0359,1.035,6.3636,0.1757,6.6741,3.8771,2.7503,4.1294,73.254,14.53,1.33,6.7381,0.5058,27.0176,3.6251,1.8156,0.1863,0.0458,19.2044,5.45,0.2786,2.4881,0.1155,2.153,38.05341532073962,531.4591,1.9611,9.66,0.2474,3.2073,0.0799,1.8176,12.6151,0.0129,2.5899,0.0109,0.0061,56.1631
-1.0,2973.99,2226.4667,2.1717,90.3111,1.4844,-0.0288,-0.0029,199.0663,8.9973,409.9231,0.9829,188.4839,12.6082,1.3814,-3664.0,-2563.0,1.331,1.9768,7.262,73.0556,1.6667,0.1252,85.04,8.8097,64.1009,66.5094,86.7776,80.46,2.71,350.2573,136.57,728.0349,0.9939,135.7618,622.5891,108.2404,4.582,4.84,2842.0,0.9331,-5.65,351.53,10.5866,110.92,12.3746,25.65,31.1416,696.8933,147.7645,610.2145,107.9828,-0.0187,-0.0017,0.0112,-0.0437,0.0135,-0.0242,0.0328,7.7587,0.1374,0.9658,1774.8359,0.1977,9019.6201,-0.0044,-0.0019,-0.1359,-0.0418,0.4657,0.9359,677.3436,0.9867000000000001,55.9052,0.5948,0.9636,6.2392,15.99,4.005,16.08,16.02,1.031,0.6272,2.914,0.0,0.7672,2.2053,1011.4203,111.0,93.3,99.3,51.0999,792.778,0.4061,0.1374,0.0733,0.0368,0.0088,11.767,4.937,6.118,0.0052,0.53,0.0235,334.0,3584.0,0.184,0.086,0.137,3.9,0.449,0.7769,0.1312,0.6313,0.3188,1.0223,0.455,0.051,6.5,16.03,14.029,0.552,16.0,3.86,23.3589,90.575,0.1154,0.1025,0.0967,0.0388,0.0873,0.1566,0.0767,0.0752,3.2255,0.0282,0.0036,84.3087,0.0267,406.4004,0.016,0.0224,0.0202,0.0233,64.6542,2.0603,0.0387,0.2869,0.0347,4.6303,28.9935,32.0208,26.3546,0.1508,2.4603,0.041,1.56,0.0939,0.0083,148.4408,65.1588,792.9203,1811.9986,0.0786,0.0388,0.0588,1.0899,0.0372,0.1417,0.399,0.0526,0.1199,4.8158,0.1217,6.7496,0.0139,1.9051,4.9784,3.9723,0.1543,1.1647,1.0173,7.1301,29.1902,0.0283,0.0425,0.0445,0.0202,0.0267,0.0747,0.0377,0.0433,1.4019,0.0094,0.0011,26.1395,0.0098,126.9434,0.0053,0.0067,20.3729,0.6324,0.0122,0.0863,0.0122,10.8468,1.4555,5.0317,3.1372,3.8573,2.2951,49.8219,18.6989,9.2564,54.8722,1.4925,0.5319,4.2036,1.704,52.4563,139.8361,13.8242,4.3506,1.8865,5.3384,60.0,94.2325,12.9126,0.9136,1.4895,0.9849,0.1991,4.5566,5.7114,3.072,5.1342,4.7878,2.5747,12.961,5.4304,5.2141,8.8622,129.2976,3.3519,10.6173,83.8791,616.7001,125.9601,346.4286,199.7997,0.0,317.2699,229.5015,41.5731,2.2558,1.169,0.3746,4.7502,13.492,0.0,58.8957,0.0,4.3313,2.4907,9.5453,0.25379999999999997,3.6854,4.5982,1.5727,11.967,74.078,19.06,0.8,8.7853,0.3256,146.2962,4.6916,1.0799,0.1282,0.0293,13.3303,10.56,0.1613,4.012,0.0585,4.1911,23.4613,528.7673,1.9809,6.95,0.2234,2.229,0.0615,1.3144,11.28,0.0113,2.2398,0.0207,0.0112,54.1279
-1.0,2965.67,2172.8111,1.2736,102.7367,1.4708,-0.0085,-0.001,199.0087,9.4033,415.8924,0.974,188.8088,12.4694,1.4071,-3872.0,-7175.24995,1.292,2.0092,7.3083,73.8111,2.1556,0.1531,85.3182,8.5298,64.3121,65.9458,86.976,63.93999999999998,5.041,365.3336,130.5564,737.2976,1.4171,148.1773,644.0673,193.021,4.628,4.874,2875.0,0.9224,0.6573,363.1964,10.7701,111.2136,18.92,19.3427,26.5918,710.7058,150.7373,625.1473,111.1576,-0.044,-0.0126,0.12925,-0.0271,0.0188,-0.0251,0.0286,7.7501,0.1336,0.9917,1795.2321,0.2044,8660.7402,-0.0439,0.014,-0.0232,-0.0212,0.4642,0.9537,718.7274,0.9908,56.5661,0.6011,0.9713,6.3216,16.03,4.137,16.09,16.07,1.286,0.6539,2.92,0.2838,0.7772,2.1996,1012.9091,125.0,76.2,61.7,51.7998,139.929,0.0929,0.0665,0.0705,0.10045,0.0208,10.5959,7.564,7.75,0.0119,0.66,0.0525,729.0,17160.0,0.134,0.078,0.198,3.1,0.475,0.7914,0.1162,0.7661,0.4146,0.8763,0.769,0.1809,4.59,16.96,79.521,0.638,13.1,8.06,19.674,92.537,0.0886,0.0411,0.0278,0.0686,0.0723,0.0906,0.0845,0.0673,2.9358,0.0774,0.0005,72.824,0.0351,688.5,0.0129,0.0132,0.0212,0.0267,66.4029,3.9072,0.0282,0.2868,0.031,4.3562,31.0114,22.6737,18.6704,0.0274,1.8536,0.0207,2.0656,0.116,0.0156,312.8976,139.3111,925.9248,8994.62525,0.0564,0.034,0.1005,0.902,0.0362,0.1501,0.3154,0.0435,0.041,7.7816,0.2227,4.6299,0.0573,1.6837,4.3965,25.3793,0.1779,2.0054,2.5526,5.8856,24.8207,0.0242,0.0176,0.0128,0.0293,0.0169,0.0502,0.0411,0.0332,1.0781,0.0238,0.0002,21.3552,0.0122,220.7119,0.0057,0.0106,24.5137,1.0653,0.0084,0.1044,0.0102,14.1621,1.357,5.6381,2.5694,2.4162,2.384,14.4354,7.2979,4.5213,80.4401,1.8635,1.2209,5.293,3.7339,53.6157,209.1578,10.3715,3.882,2.7093,4.1999,69.5876,62.6996,13.4811,0.9276,1.3621,1.1912,0.3877,6.9854,10.9684,2.461,12.7669,3.0976,2.6333,41.1981,2.2507,5.9238,7.562,69.2388,2.7682,18.6238,83.2484,201.3636,128.6385,51.4339,266.9128,481.2749,336.989,235.1092,37.8811,1.7961,3.2277,0.049,4.0565,17.1524,0.0,42.9161,0.0,4.5618,2.8001,9.239,0.176,6.9073,4.5367,1.4074,12.0932,80.938,17.07,1.76,7.9958,0.6823,26.1194,4.3231,2.1745,0.2198,0.0385,21.8162,11.8,0.1975,4.532500000000001,0.0788,4.2252,27.707,527.6991,2.0119,8.46,0.3885,2.7216,0.1164,1.6032,19.3112,0.014,2.8106,0.0207,0.0112,54.1279
-1.0,2947.5,2173.4889,0.9402,104.0556,1.4192,0.0119,0.0016,201.5355,9.689,410.8281,0.9729,191.9263,12.4018,1.4021,-3081.0,7084.9583,1.3228,1.9697,7.3277,74.0667,2.0111,0.1559,83.7266,8.3808,64.7177,66.4761,86.625,79.55,2.809,347.2209,147.6345,739.3696,1.2289,138.1618,633.0173,184.0561,4.605,4.913,2822.0,0.9325,-1.9727,349.7955,10.0174,125.6618,12.0643,21.9727,29.0827,710.2869,146.7809,622.2382,107.2607,-0.0358,-0.0348,0.0165,-0.0397,0.0249,-0.056650000000000006,-0.0123,7.7681,0.1315,0.9853,1790.2497,0.1708,8533.8,-0.0252,0.014,-0.0578,-0.2017,0.4590165076325732,0.9505,745.9897,0.9867000000000001,56.4178,0.5881,0.9688,6.2201,16.03,4.137,16.09,16.07,1.286,0.6539,2.92,0.2838,0.7772,2.1996,1012.9091,87.0,114.2,121.79210958734916,54.7,486.5,0.1361,0.1051,0.0644,0.0416,0.0213,6.5582,11.211,6.822,0.0134,0.27,0.0841,608.0,6023.0,0.147,0.04,0.396,2.6,0.533,0.6762,0.1058,0.5286,0.1557,0.6222,0.54,0.1693,7.53,20.01,49.823,0.499,20.05,10.35,32.062,80.095,0.0586,0.0838,0.0482,0.0758,0.0676,0.0944,0.0327,0.0741,3.9274,0.0395,0.0018,137.8972,0.0207,1561.9004,0.0339,0.0258,0.024441054840040777,0.0157,155.7868,3.1231,0.0324,0.3732,0.031,4.3562,22.4404,37.0861,39.23942777820779,0.0536,3.6996,0.0398,2.9452,0.0797,0.0272,248.8981,53.612,1469.9884,3146.0424,0.0628,0.0164,0.1813,0.7969,0.0584,0.1851,0.2631,0.0456,0.0887,5.9509,0.1619,9.6298,0.0516,2.3308,6.109,15.3219,0.1369,2.7874,2.9111,10.0483,27.3569,0.0175,0.0391,0.0246,0.0341,0.0184,0.0514,0.0147,0.0356,1.3367,0.0117,0.0006,42.3363,0.0063,514.0954,0.009149338892174484,0.0051,51.4392,1.0396,0.0098,0.124,0.0102,14.1621,1.357,4.0089,3.8745,4.91042898860558,2.5167,42.4595,14.4775,7.4058,115.7085,1.6606,1.3807,2.1771,5.9981,102.7913,43.3934,11.1132,2.0307,5.4041,3.5104,79.558,89.8076,15.8558,0.8076,1.2629,0.8168,0.2418,5.9127,8.3923,4.311,13.776,5.4501,3.161,27.0695,7.1004,4.9813,16.9503,166.1929,4.5139,25.4275,74.6732,163.5444,347.7178,458.6989,170.2771,379.8793,46.6476,600.0,50.5581,3.1184,1.6444,0.184,7.7027,12.106,0.0,53.3333,0.0,5.556275201489815,1.6512,20.8832,0.25379999999999997,5.5357,6.0005,1.4074,12.0932,73.254,14.53,1.33,6.7381,0.5058,27.0176,3.6251,1.8156,0.3064,0.0642,31.7663,4.98,0.0877,2.0902,0.0382,1.8844,15.4662,528.5973,2.22,6.24,0.2848,2.1791,0.0859,1.1805,12.8307,0.0133,2.6661,0.0207,0.0112,54.1279
-1.0,3075.05,2173.4889,0.9402,104.0556,1.538,-0.0097,0.0012,199.3306,10.8455,422.0696,0.9723,189.36,12.4018,1.4034,-3424.25,-27.75,1.309,1.9995,7.2848,67.4444,2.4778,0.1831,86.901,8.7782,63.9707,66.3797,86.4258,81.4,3.146,345.6691,134.0709,720.2887,0.9971,141.5373,621.2773,116.0649,4.584,4.849,2833.0,0.9307,5.0691,347.4864,10.4266,119.14,6.5395,14.9309,18.6295,701.6592,150.9927,617.6191,104.387,-0.0124,-0.052,0.0049,-0.0311,0.0225,-0.0249,0.0132,8.2066,0.1287,0.9892,1830.5375,0.2023,8905.4999,-0.0118,0.0,-0.0297,0.0695,0.4367534739856771,0.9618,766.8431,0.9867000000000001,55.696299999999994,0.5782,0.9815,6.2971,16.03,4.137,16.09,16.07,1.286,0.6539,2.92,0.2838,0.7772,2.1996,1012.9091,133.0,157.8,172.9,54.7,486.5,0.1361,0.23175000000000004,0.077,0.0701,0.0214,11.8297,8.995,6.901,0.0137,0.27,0.0311,1524.0,1095.0,0.165,0.091,0.115,2.2,0.302,0.6474,0.1384,0.8315,0.3616,0.6842,0.333,0.1271,6.16,23.61,32.789,0.498,14.72,10.56,34.21,82.859,0.0688,0.0632,0.0409,0.0639,0.0618,0.0996,0.0734,0.0667,3.2041,0.0765,0.0015,134.9332,0.0437,754.6992,0.0173,0.0136,0.04415186665462631,0.0074,72.5069,3.1122,0.0344,0.2564,0.031,4.3562,34.4981,47.4908,59.9414,0.0536,3.6996,0.08085,2.3521,0.0797,0.0103,624.302,105.4277,803.843,468.9352,0.0697,0.0415,0.0504,0.671,0.0419,0.1066,0.251,0.0579,0.0849,6.2114,0.1114,9.3547,0.0364,1.994,7.2996,9.9393,0.1441,2.6396,3.0931,10.9752,31.2074,0.0193,0.0278,0.017,0.0275,0.016,0.0531,0.0401,0.0288,1.1446,0.025,0.0006,48.469,0.0127,243.2046,0.011827013069498665,0.0023,22.4214,1.1235,0.0109,0.0801,0.0102,14.1621,1.357,5.951,5.1316,6.7211,2.5167,42.4595,14.4775,16.1177,82.938,1.635,1.4069,2.1771,2.2124,56.3919,0.0,12.605,4.5511,1.5786,3.2619,44.3946,75.9102,8.9638,0.745,1.577,1.2998,0.3439,5.7309,13.2393,4.4882,12.7431,4.3522,3.8002,28.2506,6.6722,4.7762,17.537999999999997,225.0927,4.8756,32.9271,79.3767,556.2405,262.513,0.0,198.5144,443.1591,294.4835,503.3962,39.0426,2.9521,3.1656,0.1547,7.3712,21.5901,0.0,43.9462,0.0,12.690073298740963,0.768,9.4552,0.25379999999999997,5.6108,4.0715,1.4074,12.0932,73.254,14.53,1.33,6.7381,0.5058,27.0176,3.6251,1.8156,0.3064,0.0642,31.7663,8.64,0.2068,3.331,0.0804,3.1728,21.0873,530.3364,2.027,9.92,0.2944,3.4462,0.1001,1.8705,14.5257,0.0107,2.1693,0.0207,0.0112,54.1279
-1.0,2975.8,2191.8445,0.8725,101.4244,1.41,0.0274,-0.004,201.6803,9.9009,401.2163,0.974,191.8284,12.5718,1.4077,-4225.0,-99.0,1.2857,1.9828,7.3545,67.7889,2.2111,0.1773,85.4344,8.7037,64.0021,66.2435,86.4476,63.93999999999998,4.393,355.4645,140.9364,741.2151,1.3278,142.3827,638.7836,167.179,4.619,4.87,2856.0,0.9258,-0.5127,356.2645,10.3831,120.4236,13.4172,20.5127,27.8596,713.3555,148.6782,625.3664,101.1468,-0.0003,-0.0408,-0.009,-0.0185,-0.0272,-0.0218,0.0348,7.1998,0.1339,0.9638,1717.7731,0.1692,8683.9599,-0.0495,0.0242,-0.031,-0.0231,0.45378281816716926,0.9386,724.4829,0.9901,58.2594,0.61,0.9786,6.2107,15.78,2.803,15.85,15.77,0.7474,0.5029,3.396,0.9934,0.8435,2.2717,1001.4982,101.0,199.6,134.2,52.8,659.718,0.124,0.1017,0.0477,0.0528,0.0097,6.496,9.289,5.308,0.0076,0.3,0.0538,925.0,13051.0,0.167,0.055,0.353,1.9,0.786,0.5333,0.0836,0.7028,0.2797,0.6875,0.307,0.1221,2.58,15.37,37.26,0.286,18.92,10.2,31.356,70.931,0.0641,0.0683,0.0326,0.0507,0.0734,0.0427,0.116,0.16615,4.9513,0.0701,0.0058,172.4338,0.0225,965.0,0.0183,0.0144,0.03714555080989912,0.0449,90.1678,1.6521,0.0294,0.2745,0.1195,2.9565,27.3998,71.0857,51.7998,0.0441,3.127,0.0402,2.84,0.0742,0.0159,445.3905,303.8589,759.5284,6614.5409,0.0806,0.0242,0.1446,0.6698,0.0486,0.2541,0.2079,0.0328,0.1317,5.049,0.0768,7.175,0.0349,0.8882,4.8707,11.8792,0.0953,2.9398,3.7324,10.1294,22.5595,0.0179,0.0302,0.0145,0.0219,0.0205,0.0196,0.0555,0.08248588237179322,1.6008,0.0232,0.0016,56.5936,0.0079,328.4132,0.009860852811894298,0.0162,31.4861,0.5445,0.0094,0.0949,0.0414,7.2893,1.1293,4.633,6.7074,5.5286,2.4089,60.3539,14.2066,7.2126,93.8197,1.323,0.7818,2.3863,3.8247,40.4024,0.0,12.9885,2.7739,4.7998,2.8028,36.1809,76.6917,22.7379,0.6242,0.9602,1.0981,0.2363,4.5152,5.1867,3.0003,9.1933,1.812,2.4061,22.2875,5.2448,2.7545,6.1367,141.0125,4.3956,16.2164,70.1268,0.0,131.283,564.9025,397.5626,156.6972,531.5006,595.8303,68.7698,2.2408,2.8968,0.5976,10.0382,13.3089,0.0,35.7424,892.3077,10.339022348427555,4.7797,12.4458,0.144,2.8358,4.42,5.2608,7.198,72.814,23.43,0.79,10.4666,0.2953,45.9116,5.7247,1.085,0.1415,0.0319,14.5355,4.98,0.0877,2.0902,0.0382,1.8844,15.4662,528.5973,2.22,6.24,0.2848,2.1791,0.0859,1.1805,12.8307,0.0136,2.7249,0.0207,0.0112,54.1279
-1.0,3071.13,2199.6556,1.3369,103.0967,1.4419,0.0029,-0.0062,203.2594,12.7077,422.84,0.9778,193.4406,12.5808,1.4025,-3926.5,-1603.6667,1.306,1.9923,7.4105,67.3889,2.5444,0.2182,85.7546,8.7402,64.4204,66.346,86.3766,78.93,3.074,348.3964,127.16,714.227,1.4073,148.4,623.9564,215.4166,4.575,4.812,2829.0,0.9329,4.1591,346.4482,10.6207,111.3191,14.1155,15.8409,20.1913,694.0357,152.0736,609.8409,102.9992,0.0005,-0.0515,-0.0116,-0.0248,-0.0267,-0.0228,0.0136,7.7917,0.1236,0.9644,1873.4018,0.1937,8842.4501,-0.0377,0.0353,-0.0126,-0.0102,0.4578,0.9536,758.7825,0.9893,58.3864,0.5966,0.9708,6.3448,15.78,2.803,15.85,15.77,0.7474,0.5029,3.396,0.9934,0.8435,2.2717,1001.4982,131.0,101.0,85.8,46.5,324.855,0.0938,0.1184,0.072,0.0455,0.0083,6.1925,5.937,6.196,0.0065,0.24,0.0585,215.0,2055.0,0.177,0.057,0.198,2.3,0.361,0.6624,0.108,0.6219,0.2857,0.8904,0.296,0.1964,6.17,17.81,80.418,0.838,23.46,18.43,32.884,14.91,0.0636,0.0514,0.0338,0.0879,0.0398,0.0497,0.0864,0.0681,3.5181,0.0765,0.0118,143.1565,0.0273,782.7002,0.0123,0.0084,0.0261,0.0083,80.3109,3.8642,0.0455,0.2628,0.1195,2.9565,33.6285,33.7305,25.6291,0.0275,1.8392,0.0352,1.7264,0.0618,0.0191,99.4698,368.386,785.3345,1028.6575,0.0739,0.0242,0.0946,0.7753,0.058,0.1141,0.2585,0.044,0.1161,6.1122,0.0931,8.6052,0.0629,1.7477,5.2682,27.8116,0.2325,5.248349999999999,5.8697,11.4055,4.4349,0.017,0.021,0.0149,0.0366,0.0099,0.0236,0.0451,0.036,1.4383,0.025,0.004,48.893,0.0085,290.4643,0.0073,0.0023,29.5171,1.1473,0.0169,0.0979,0.0414,7.2893,1.1293,5.8865,3.2887,3.4498,2.114,28.4861,7.0193,8.2112,46.7196,1.4653,0.6628,1.9077,4.171,44.8236,128.1438,13.5528,2.8611,2.6719,3.413,90.393,76.9857,10.5869,0.7724,1.2357,0.9654,0.3081,5.732,13.5105,4.0801,13.955,4.1577,2.8544,37.3314,6.6347,7.8902,17.537999999999997,166.2006,4.7381,17.7859,14.4758,0.0,68.6248,759.3952,160.4839,186.1423,378.9474,500.7353,45.1523,4.6133,3.1656,1.2193,7.6415,14.0713,0.0,55.0,947.3684,5.7045,0.8741,10.5842,0.0983,6.6183,4.1417,5.2608,7.198,73.228,14.95,0.82,6.7247,0.3373,41.7096,3.723,1.1198,0.0821,0.0202,8.57,4.98,0.0877,2.0902,0.0382,1.8844,15.4662,529.9445,1.974,7.91,0.2824,2.6691,0.094,1.4926,14.3055,0.01,1.9973,0.0207,0.0112,54.1279
-1.0,2957.77,2199.6556,1.3369,103.0967,1.4052,0.0079,-0.0173,201.3864,11.0475,415.223,0.9674,191.5963,12.6278,1.4247,-3676.75,2074.0,1.3043,1.9567,7.3117,73.5222,2.2,0.1689,83.7266,8.3808,64.7177,66.4761,86.625,79.55,2.809,352.9218,132.2127,726.4209,1.402,143.7164,628.8509,191.1785,4.551,4.772,2870.0,0.9273,3.1373,352.8045,10.531,115.35,12.9164,16.8627,23.4301,702.9908,147.78,615.9345,109.3012,0.0022,-0.0228,0.0134,-0.0342,-0.0338,-0.056650000000000006,0.0354,7.686,0.1306,0.9905,1860.5654,0.1728,9173.2201,-0.0626,0.0167,-0.0499,-0.0562,0.43314151534884204,0.9475,806.3579,0.9867000000000001,56.302,0.5964,0.9787,6.1854,15.78,2.803,15.85,15.77,0.7474,0.5029,3.396,0.9934,0.8435,2.2717,1001.4982,108.0,176.8,206.6,46.5,324.855,0.0938,0.0389,0.0706,0.10045,0.0183,6.4357,6.45,7.474,0.0139,0.32,0.03,773.0,17919.5,0.24,0.123,0.313,3.4,0.92,0.6762,0.1058,0.5286,0.1557,0.6222,0.35,0.0943,4.51,19.73,55.174,0.236,20.34,6.42,30.986,76.339,0.1098,0.0628,0.0778,0.0395,0.0355,0.0365,0.0284,0.0901,3.3345,0.0321,0.0014,135.0977,0.1077,1195.7002,0.0245,0.0137,0.04815242292498326,0.0113,134.2386,1.9898,0.06409999999999999,0.3441,0.1195,2.9565,29.124,70.0258,69.1707,0.0275,1.8392,0.0146,1.6714,0.0858,0.0095,341.8991,310.2155,834.7185,8994.62525,0.0996,0.0552,0.1281,1.0378,0.0239,0.3135,0.2631,0.0456,0.0887,4.8794,0.1134,8.6013,0.0341,1.2941,5.7835,14.7735,0.0725,1.7764,2.6722,10.0509,24.1154,0.0266,0.0289,0.0353,0.0188,0.0123,0.0156,0.0132,0.043,1.089,0.0094,0.0004,47.4556,0.0318,356.3627,0.013537105035858733,0.0035,41.5452,0.7671,0.0204,0.1161,0.0414,7.2893,1.1293,4.755,5.9775,8.0848,2.114,28.4861,7.0193,2.7683,58.3845,1.8,1.4327,2.5341,2.1043,47.8412,878.8110999999999,18.4014,6.2859,4.2808,4.6245,77.2727,45.0,26.0607,0.8076,1.2629,0.8168,0.2418,4.5931,7.1778,3.8216,6.7254,3.1381,3.1375,28.8599,5.2944,2.241,7.707,157.4747,4.4077,13.2423,69.8428,0.0,136.596,294.7761,103.7362,108.1481,50.1324,254.1608,43.3839,2.2977,1.3485,0.1427,7.2611,62.3205,0.0,43.6578,0.0,10.009008270275633,1.1973,16.6475,0.25379999999999997,3.5341,5.5623,5.2608,7.198,73.254,14.53,1.33,6.7381,0.5058,27.0176,3.6251,1.8156,0.2467,0.0464,24.7249,4.98,0.0877,2.0902,0.0382,1.8844,15.4662,531.3445,2.0359,5.71,0.2796,1.565,0.0936,1.0746,13.7332,0.0166,3.3327,0.0102,0.0133,130.0641
-1.0,2908.28,2198.8556,1.3204,102.7622,1.5361,0.006,-0.0001,199.0472,4.4051,411.0769,0.968,190.0018,12.5847,1.4263,-4056.75,-546.5,1.3342,1.9868,7.2503,70.0444,2.6111,0.1904,85.9331,8.8215,64.054,66.3826,86.4386,81.31,3.136,363.99,147.3064,758.7243,1.2211,139.0109,650.3073,195.1045,4.622,4.887,2874.0,0.9211,-5.4145,369.0945,10.0467,121.8918,14.8328,25.4145,33.6765,725.0478,144.4882,635.4745,94.0909,-0.0306,-0.044,0.0093,-0.0076,-0.0029,-0.056650000000000006,0.0004,8.3004,0.1337,0.9721,1893.7174,0.1737,9801.6499,0.0434,0.0,-0.0555,-0.057,0.42207528871053857,0.937,884.575,0.9886,58.3526,0.5914,0.968,6.4197,15.93,4.333,16.0,15.98,1.135,0.6894,3.014,-0.1419,0.7284,2.2216,1007.066,112.0,84.1,62.3,46.3999,380.274,0.1087,0.092,0.0561,0.029,0.0218,8.786,5.474,15.37,0.0143,0.35,0.0183,406.0,1924.0,0.185,0.165,0.169,2.1,0.509,0.4924,0.1267,0.597,0.3767,0.7452,0.661,0.2323,9.42,10.41,38.996,1.222,24.21,12.9,29.278,107.971,0.0852,0.0409,0.0454,0.0403,0.1014,0.0688,0.0522,0.0863,1.7025,0.033,0.0028,105.4143,0.0594,881.2998,0.0199,0.0124,0.051189597559967576,0.011,74.6105,3.5044,0.0229,0.3129,0.0322,2.4707,30.5469,28.7065,23.3881,0.0458,2.2984,0.0279,1.6386,0.089,0.0063,186.4287,123.4001,1285.0609,880.0824,0.0764,0.0708,0.072,0.5961,0.0555,0.1692,0.1881,0.0479,0.1161,6.715,0.2327,4.8652,0.0587,3.2759,2.6721,11.9145,0.3801,4.0793,5.5426,8.5173,30.4477,0.0242,0.0188,0.0217,0.0209,0.0273,0.0393,0.023,0.0433,0.5359,0.0116,0.001,37.8153,0.0174,291.4107,0.014742165587625408,0.0032,26.9139,0.9998,0.008,0.1059,0.0105,13.4098,0.9075,4.988,2.8917,2.4899,2.1102,36.8771,8.2349,5.9891,124.2653,3.739,1.4739,2.7812,1.2851,71.2886,352.0586,13.8655,8.305,2.331,2.9981,49.7872,96.6161,15.2904,0.573,1.4361,0.932,0.1611,5.36,8.5468,2.4831,19.0221,6.7764,1.6008,19.9872,2.0034,12.1632,5.5295,163.2198,4.0381,23.2115,114.7518,278.83,142.2609,434.5013,0.0,0.0,80.3386,0.0,20.5104,2.2444,1.3708,0.2883,5.5665,34.1786,0.0,72.3099,0.0,12.402074314069813,1.1767,8.4346,0.1186,6.0055,4.8737,1.4514,5.992,77.056,20.9,0.55,9.0505,0.2485,54.5626,5.2032,0.7138,0.3315,0.0562,34.1255,4.98,0.0877,2.0902,0.0382,1.8844,15.4662,529.8991,2.0142,7.56,0.2492,2.5286,0.0912,1.4267,12.3718,0.0148,2.9604,0.0102,0.0133,130.0641
-1.0,2979.32,2226.4667,2.1717,90.3111,1.3401,0.0182,-0.0085,198.8296,6.4183,415.9092,0.9786,188.8219,12.6149,1.3999,-3617.0,-1166.5,1.302,1.9882,7.3305,68.0778,2.5444,0.2076,84.0399,8.7646,64.2307,66.2939,86.6219,80.66,3.149,366.63,144.0855,754.2035,0.9334,132.2555,642.9709,62.7164,4.643,4.902,2874.0,0.9215,-0.6818,364.9782,10.3522,123.4036,9.6229,20.6818,27.4383,726.7653,146.2373,634.6191,104.807,-0.043,0.0357,0.0112,-0.0297,0.0065,-0.056,0.0088,7.3825,0.1363,0.9671,1806.5493,0.1648,8462.8999,0.0357,0.0084,-0.0655,0.0183,0.44046919179216704,0.9552,711.5682,0.9891,59.368,0.5921,0.9804,6.1978,15.93,4.333,16.0,15.98,1.135,0.6894,3.014,-0.1419,0.7284,2.2216,1007.066,169.0,75.3,103.4,51.0999,792.778,0.4061,0.0698,0.073,0.068,0.0098,11.5013,6.188,14.838,0.0068,0.34,0.0424,748.0,4573.0,0.122,0.114,0.104,2.8,0.52,0.6944,0.26130000000000003,0.5505,0.3107,0.8701,0.661,0.1622,8.67,11.93,23.199,0.711,14.36,11.94,22.942,74.553,0.0626,0.0425,0.12045,0.0581,0.0588,0.1406,0.1248,0.0927,5.0772,0.0878,0.007,161.5891,0.0242,908.1997,0.0079,0.013,0.057081430338821126,0.0253,76.5689,2.48,0.0212,0.3858,0.0322,2.4707,32.0919,25.6405,32.4312,0.1508,2.4603,0.0228,2.0478,0.0679,0.0141,321.6473,169.8615,398.1323,2173.1689,0.0574,0.0468,0.0496,0.9985,0.0648,0.1931,0.2529,0.0985,0.0845,6.2991,0.2257,4.3463,0.0443,2.8465,3.7546,7.9792,0.2149,3.4125,4.6352,7.4012,21.2901,0.0154,0.0196,0.055099999999999996,0.0267,0.0169,0.069,0.0544,0.0457,1.7319,0.029,0.0021,47.567,0.0087,325.963,0.012548339359532429,0.0097,25.5977,0.9647,0.007,0.1194,0.0105,13.4098,0.9075,7.6607,2.5274,4.147,2.2951,49.8219,18.6989,5.2084,96.4122,3.5676,0.6944,2.6952,3.0259,24.0531,392.0274,9.3702,5.7337,1.4187,4.1129,78.6026,94.4325,14.8087,0.8263,2.9167,0.8571,0.3436,5.0896,10.7714,2.1806,17.3818,6.5555,1.8554,36.9903,2.117,6.8681,3.7276,149.2273,3.1567,14.2555,71.1336,145.4123,201.1834,518.75,198.2719,0.0,222.7577,0.0,68.7731,2.2896,3.6323,0.7242,8.9446,14.7011,0.0,47.3755,0.0,12.44600599719451,2.6457,10.7606,0.1326,4.1773,6.225,1.4514,5.992,72.886,15.94,1.44,7.6275,0.5984,34.7024,4.0046,1.9757,0.3064,0.0642,31.7663,4.67,0.1596,1.8251,0.0748,1.8242,24.7177,531.1754,2.0396,8.09,0.2678,2.645,0.0775,1.523,13.1304,0.0181,3.6539,0.0291,0.0102,35.0279
-1.0,3045.98,2253.3444,1.1691,94.9722,1.4752,0.0084,0.0009,199.1514,7.9279,417.7075,0.9716,189.9033,12.5847,1.4018,-4828.0,-37.0,1.319,2.0115,7.2645,72.4667,2.4,0.1907,86.4585,8.8355,63.9952,66.0979,86.9761,76.44,2.899,347.4518,130.7336,714.9704,0.8527,144.0,622.1855,120.3413,4.575,4.812,2829.0,0.9329,4.6891,347.8455,10.4367,115.4227,5.5133,15.3109,14.606,700.3644,155.6755,618.9436,171.74984999999998,-0.0229,-0.0118,0.018,-0.0392,0.0098,-0.0156,-0.007,6.659,0.1398,0.9858,1755.7161,0.2456,8921.1,-0.0293,-0.0437,0.0315,0.0097,0.4217006157501573,0.97,687.3668,0.9917,58.9761,0.5866,0.9744,6.2374,15.93,4.333,16.0,15.98,1.135,0.6894,3.014,-0.1419,0.7284,2.2216,1007.066,97.0,195.5,179.7,84.0999,826.4921,0.4595,0.2141,0.0546,0.0292,0.0168,8.8394,7.733,15.83,0.0119,0.35,0.0698,727.0,451.0,0.096,0.121,0.226,3.1,0.583,0.741,0.26130000000000003,0.7484,0.459,0.7297,0.431,0.2101,10.28,31.34,64.973,0.826,10.82,18.43,30.832,40.866,0.0701,0.0684,0.04,0.0709,0.0393,0.0709,0.0811,0.073,4.1192,0.038,0.0045,126.5963,0.1254,656.4004,0.0125,0.0141,0.05447170130520762,0.0092,90.5715,1.3919,0.0356,0.2677,0.0322,2.4707,28.9648,71.651,66.1312,0.1425,2.4468,0.08085,2.7043,0.089,0.0261,334.0922,153.2971,1238.1462,231.2163,0.0395,0.0515,0.0971,0.9987,0.0385,0.2347,0.2729,0.0985,0.1214,8.0684,0.1214,15.947600000000001,0.0524,2.629,9.4557,20.2025,0.2268,5.248349999999999,6.425799999999999,11.0062,12.6735,0.0179,0.0336,0.0176,0.0312,0.0114,0.0385,0.0449,0.0399,1.27,0.0121,0.0015,41.7239,0.0374,198.3857,0.014331381184202085,0.003,25.7668,0.5123,0.0113,0.09,0.0105,13.4098,0.9075,4.3572,6.4183,7.0613,3.7322,44.1062,39.2998,14.5129,97.5415,3.7897,1.2249,2.7812,4.9816,60.8326,0.0,7.2782,6.0154,3.111,4.2778,50.0,66.0839,17.8585,0.8571,2.9167,1.1695,0.3155,7.9867,17.3119,7.224600000000001,24.6408,7.1389,5.0371,53.9906,6.6347,7.9144,17.537999999999997,196.2536,4.4023,22.2906,22.054,305.5298,302.99,393.3426,100.1912,719.797,518.2109,0.0,61.8589,2.0749,1.5753,0.4596,7.2105,63.31987047269746,0.0,52.4964,697.8723,12.100629386991855,0.9494,13.1766,0.0462,2.3601,4.2919,1.4514,5.992,78.164,19.08,1.02,7.6298,0.4867,78.2751,4.6539,1.305,0.6253,0.1157,66.8955,5.82,0.1399,2.4181,0.0658,2.1896,19.2404,524.4955,1.3721000000000003,11.12,0.1474,4.055,0.0527,2.1201,13.5037,0.0123,2.4804,0.0291,0.0102,35.0279
-1.0,3151.98,2175.2556,1.2833,100.6222,1.4536,-0.011,-0.0035,196.3828,6.1055,418.3141,0.9665,186.5214,12.499,1.4146,-1363.875,-1365.0,1.3138,1.993,7.326,75.9667,2.1222,0.1683,84.3569,8.322,64.5182,66.0788,86.7285,82.3,3.178,365.1773,133.8455,740.6671,0.9135,138.05,637.0727,113.9235,4.61,4.849,2875.0,0.9224,0.7736,362.9091,10.7315,114.6191,12.3363,19.2264,23.1861,717.481,147.2082,624.7364,99.5089,0.0134,-0.0171,0.0027,-0.0028,0.0027,-0.0165,0.0442,7.8894,0.1291,0.9844,1826.547,0.1661,9001.93,0.0297,-0.013,-0.0629,0.0109,0.42411412158118056,0.9481,793.5493,0.9891,57.9745,0.5987,0.9802,6.2195,15.78,2.803,15.85,15.77,0.7474,0.5029,3.396,0.9934,0.8435,2.2717,1001.4982,133.0,132.6,126.7,46.8999,423.1381,0.1202,0.23175000000000004,0.0617,0.0354,0.0243,3.9565,5.735,13.308,0.0152,0.34,0.0697,499.0,3803.0,0.105,0.064,0.35,3.4,0.533,0.6332,0.1293,0.5371,0.2589,0.6776,0.719,0.1352,6.06,15.26,21.395,0.547,16.87,13.02,27.084,22.583,0.0744,0.0534,0.0319,0.0502,0.1258,0.0306,0.1055,0.0804,2.0832,0.0902,0.0033,83.5648,0.0218,1183.1006,0.0107,0.0146,0.03228719620877829,0.0362,125.0436,3.7271,0.0625,0.2627,0.1195,2.9565,27.6167,50.5866,46.9492,0.0437,1.9095,0.08085,1.7496,0.0993,0.0289,231.23,162.4336,4896.4093,1943.6637,0.05,0.0273,0.1558,1.0173,0.0463,0.157,0.2545,0.0523,0.1076,8.6759,0.2346,4.7206,0.0391,1.8312,4.2587,7.0625,0.1653,3.645,4.8852,7.5135,7.6145,0.0213,0.0237,0.0139,0.0237,0.0382,0.0134,0.0501,0.0401,0.6815,0.0287,0.0011,27.9057,0.0062,463.447,0.01352059571107638,0.0147,48.6876,1.0595,0.0204,0.0861,0.0414,7.2893,1.1293,6.1413,4.2069,4.942,2.1561,41.3962,9.3675,16.1177,93.931,3.1813,1.5723,2.7202,4.9249,298.58439999999996,278.6081,7.9924,3.2112,4.7775,4.4756,98.9529,81.9802,15.5449,0.7506,1.5532,0.8325,0.1009,6.9501,10.5719,2.4082,14.7946,4.3897,2.3953,18.7802,1.9488,5.0971,4.3797,136.7505,3.7749,12.5692,22.6945,556.2617,62.6026,0.0,0.0,0.0,639.3939,181.6949,26.4051,3.0913,3.7141,0.3357,4.575,13.1176,0.0,23.8914,0.0,11.30037699346528,3.8193,15.7575,0.1304,6.4289,4.2242,5.2608,7.198,73.254,14.53,1.33,6.7381,0.5058,27.0176,3.6251,1.8156,0.1348,0.0358,13.7863,7.86,0.1731,3.3284,0.0625,2.8801,25.4839,530.7036,2.1207,8.4,0.1986,2.8909,0.0572,1.5828,9.363,0.0113,2.2284,0.0291,0.0102,35.0279
-1.0,3071.18,2195.3,0.922,103.5467,1.4826,0.0136,0.0009,198.6133,9.4857,420.5403,0.9813,188.3894,12.5218,1.4079,-3546.5,-3403.0,1.3213,1.9987,7.4103,67.1667,2.4667,0.2222,85.4344,8.7037,64.0021,66.2435,86.4476,63.93999999999998,4.393,364.3991,132.7718,740.0337,1.3455,142.3491,639.52,208.1455,4.587,4.822,2881.0,0.9226,-0.7109,363.3236,10.8079,112.0609,18.4018,20.7109,28.6167,711.417,145.7336,621.1182,106.1428,-0.0576,-0.0187,0.003,-0.0398,0.0154,-0.029,0.0784,7.0914,0.13,0.9908,1778.4092,0.2142,8915.4501,0.0256,-0.0288,-0.0181,-0.0171,0.4557,0.9712,668.5228,0.9915,59.4177,0.5934,0.962,6.3624,16.03,4.137,16.09,16.07,1.286,0.6539,2.92,0.2838,0.7772,2.1996,1012.9091,138.0,82.6,86.4,48.3999,759.225,0.2475,0.0867,0.051,0.0357,0.0089,10.5745,5.366,5.113,0.0053,0.25,0.0853,1116.0,4685.0,0.163,0.132,0.252,2.1,0.602,0.5333,0.0836,0.7028,0.2797,0.6875,0.873,0.1815,5.16,17.95,34.754,0.402,19.83,11.68,24.575,55.987,0.0958,0.0476,0.0374,0.0504,0.1219,0.0904,0.1163,0.0216,4.7691,0.0649,0.0009,120.541,0.1254,790.7998,0.0153,0.0129,0.015,0.0071,93.0029,2.7078,0.0357,0.2206,0.031,4.3562,33.5026,26.3647,28.9042,0.0824,2.6372,0.0274,1.5973,0.0695,0.0282,515.7579,211.7378,838.285,2325.6215,0.0685,0.0582,0.1138,0.6837,0.0471,0.197,0.2079,0.0328,0.1317,7.3623,0.2247,4.6105,0.0523,1.5111,5.1837,12.3645,0.1354,3.5733,4.6955,7.53,19.799,0.0267,0.0208,0.0162,0.0237,0.035,0.048,0.0621,0.0101,1.7017,0.0209,0.0003,41.7005,0.0374,266.932,0.0043,0.0023,30.3703,0.9036,0.0099,0.0693,0.0102,14.1621,1.357,6.252,2.6895,3.4701,2.2047,65.9151,26.8396,5.8477,56.5692,1.2158,0.5396,1.9965,6.0573,54.3353,137.6726,12.3368,6.6041,3.4007,3.1266,36.4865,56.25,17.8241,0.6242,0.9602,1.0981,0.2363,6.5478,10.0021,2.3989,13.4903,3.6249,2.8068,16.697,1.7635,3.7195,4.5868,107.761,3.4544,13.0636,52.7468,166.3194,275.942,0.0,306.5221,588.9251,400.3442,27.5686,67.2526,2.3152,2.6295,0.0872,6.778,63.31987047269746,596.5318,44.0036,0.0,3.2855,0.7304,13.9117,0.0523,4.5572,3.467,1.4074,12.0932,80.168,13.71,1.32,5.3855,0.5332,72.6663,3.4006,1.6465,0.6421,0.139,55.8949,11.969999999999999,0.1707,4.532500000000001,0.0756,4.638249999999999,20.8099,524.4955,1.3721000000000003,11.12,0.1474,4.055,0.0527,2.1201,13.5037,0.0112,2.232,0.0291,0.0102,35.0279
-1.0,2958.46,2171.8556,1.4025,100.1367,1.4645,0.0001,0.0067,203.1676,5.9659,423.0524,0.9669,193.8922,12.6278,1.4297,-2705.0,-2528.25,1.2803,2.0037,7.3667,68.4556,2.5444,0.2101,84.3947,8.897,64.5666,66.2412,87.0027,70.01118712568504,3.200799107031403,364.1927,134.4645,742.3253,1.3659,143.0073,641.6645,194.1585,4.568,4.828,2892.0,0.9197,3.1527,364.4009,10.5231,117.6173,14.9095,16.8473,22.7886,719.5366,146.2609,628.2791,104.1525,-0.0064,0.0318,-0.0157,-0.0211,0.0292,-0.056650000000000006,-0.0115,7.127,0.1275,0.9855,1789.8011,0.2051,8721.5101,0.0349,-0.0167,-0.0447,-0.1444,0.42980269610739863,0.9458,734.2425,0.9894,58.0975,0.5927,0.9816,6.2411,15.93,4.333,16.0,15.98,1.135,0.6894,3.014,-0.1419,0.7284,2.2216,1007.066,125.0,171.3,182.7,49.5999,319.6329,0.1176,0.1745,0.0871,0.0374,0.0209,5.4321,6.288,11.29,0.0132,0.32,0.08,262.0,1459.0,0.08,0.132,0.092,2.9,0.546,0.3954,0.0786,0.7288,0.328,0.7456,0.482,0.1626,7.2,11.61,60.633,1.175,19.35,11.26,24.505,73.353,0.0639,0.0483,0.12045,0.0785,0.0504,0.0838,0.0784,0.0697,2.2958,0.0679,0.0033,174.4916,0.0336,690.3008,0.0205,0.0144,0.04568892283120729,0.0231,88.5897,3.5518,0.0364,0.2384,0.0322,2.4707,31.0685,52.5095,57.4935,0.0408,1.8299,0.0626,1.8137,0.0858,0.023,127.6506,211.0324,1393.6107,663.8074,0.0363,0.0633,0.041,0.9658,0.0498,0.1869,0.1542,0.0341,0.057,6.9611,0.1581,4.6935,0.0485,2.39,3.5477,19.3015,0.3234,3.3981,4.4054,7.2161,26.6934,0.0139,0.0243,0.0529,0.0332,0.0158,0.046,0.0326,0.0394,0.9043,0.0223,0.0008,52.8127,0.0104,199.7607,0.01345516443698798,0.0069,22.7218,1.0115,0.0132,0.0791,0.0105,13.4098,0.9075,5.625,5.7902,7.2391,2.2838,27.6355,8.3819,11.9152,105.3989,2.6687,1.3679,2.5341,5.599,117.0425,57.7079,6.2488,6.5876,1.2489,4.2363,55.0218,75.1983,16.72,0.4685,0.8831,1.1288,0.6795,5.8595,9.5341,2.3782,11.9028,5.0347,1.8094,31.2286,2.1632,11.1659,3.7154,129.7831,3.4057,21.4709,70.4284,999.4135,78.187,499.2051,239.0041,287.2322,110.3448,607.4074,32.2134,3.3725,2.849,0.3321,9.7492,16.3594,837.8182,59.5041,0.0,12.89267028917105,2.4463,12.0655,0.1302,6.1135,3.82,1.4514,5.992,73.254,14.53,1.33,6.7381,0.5058,27.0176,3.6251,1.8156,0.3064,0.0642,31.7663,4.98,0.0877,2.0902,0.0382,1.8844,15.4662,524.4955,1.3721000000000003,11.12,0.1474,4.055,0.0527,2.1201,13.5037,0.0136,2.7511,0.0291,0.0102,35.0279
-1.0,3196.21,2255.5222,1.2226,101.5878,1.4845,-0.0037,0.0049,199.1038,8.4018,409.0294,0.9735,189.5541,12.6278,1.424,-3282.0,-895.25,1.287,2.013,7.279,69.5333,2.5222,0.1889,85.9801,8.662,63.8972,66.1995,86.2277,81.32,2.743,345.8964,145.9845,734.9701,1.2536,136.6873,628.5682,169.4735,4.572,4.807,2828.0,0.9325,-5.075348963428553,355.1590535281293,10.090544434779755,116.5023504685753,-1.4715500000000024,22.92076005950391,26.722707527595674,705.554562269166,147.4375770091134,619.1016863824049,111.39269416794717,0.0289,-0.0325,-0.0044,-0.0135,-0.0051,-0.0192,0.045,7.379,0.1464,0.9859,1860.9427,0.1969,8813.73,-0.0799,0.0028,-0.0227,-0.0582,0.4446183186815863,0.952,776.7957,0.9897,58.3356,0.6037,0.9687,6.317,16.03,4.137,16.09,16.07,1.286,0.6539,2.92,0.2838,0.7772,2.1996,1012.9091,92.0,127.7,161.6,70.7,365.772,0.1916,0.1757,0.0614,0.0432,0.0181,8.7682,3.198,8.902,0.011,0.32,0.0367,770.0,1409.0,0.105,0.095,0.097,2.7,0.732,0.5679,0.1548,0.6572,0.4004,0.6665,0.638,0.1741,6.46,21.54,41.997,0.5587940780779752,20.11587822840541,9.693263734287605,29.36497777875116,78.58357816582357,0.0948,0.0406,0.0458,0.0546,0.0992,0.1018,0.1049,0.0924,6.622,0.0902,0.0021,153.3604,0.1254,1286.3999,0.0221,0.0216,0.05578406106019601,0.0111,110.3502,2.1627,0.0198,0.3004,0.031,4.3562,24.8926,47.1889,58.2947,0.0627,1.8929,0.0613,0.96,0.0858,0.013,369.6818,126.0595,464.1961,652.2139,0.0452,0.042,0.0435,0.745,0.026,0.2385,0.2052,0.0586,0.0769,6.0254,0.2031,9.3798,0.0514,2.2667,6.5219,15.5248,0.14058249707281426,3.883978099436566,1.9619731546768953,8.207903864844509,24.42102594862898,0.0227,0.0195,0.0207,0.0242,0.028,0.0547,0.0527,0.0491,2.2139,0.0287,0.0007,49.1822,0.0374,402.2083,0.015763487559516755,0.0035,34.85,0.6381,0.0061,0.1001,0.0102,14.1621,1.357,4.0067,3.9954,6.696,3.1345,20.7463,15.6713,11.8355,38.0632,2.1764,1.1275,2.5341,2.5752,33.7294,157.3862,8.1585,4.7193,1.3326,3.883,47.5771,42.8824,21.8167,0.6605,1.787,1.0285,0.184,5.0911,7.535,4.2935,13.8862,4.7261,3.4268,24.7809,9.2841,5.14083913228607,8.775816185282068,212.14967468345148,4.3327058312331586,20.7973178669663,73.82766908708443,328.2406,168.815,0.0,737.2039,0.0,545.6437,205.3333,89.7406,2.3911,3.7141,0.2165,8.241,63.31987047269746,0.0,68.5714,0.0,12.958221321472921,1.165,14.2058,0.0887,3.7073,4.7558,1.4074,12.0932,74.95,17.16,1.16,7.0851,0.4971,81.649,4.217,1.5477,0.2962,0.052,29.1808,10.92,0.2352,4.532500000000001,0.1206,4.033,35.5626,523.3110000000001,1.7909,15.390000000000002,0.6164999999999999,5.3345,0.18730000000000002,2.8874999999999993,28.50255,0.0094,1.8673,0.0053,0.0188,255.5817
-1.0,3005.64,2173.4889,0.9402,104.0556,1.4441,-0.0021,0.0095,203.4856,5.0482,398.1175,0.9701,193.4214,12.6198,1.4071,-4704.3333,2597.0,1.2672,1.9995,7.385,74.5444,1.8444,0.1366,85.038,8.2776,64.3027,65.8701,86.8475,82.25,3.023,346.6109,146.5209,735.8958,1.218,135.6364,628.7682,183.467,4.568,4.823,2830.0,0.9323,-3.8864,347.1227,10.2264,122.6345,13.7718,23.8864,30.9873,704.9085,145.2391,614.9964,111.193,-0.0118,-0.0152,0.001,-0.0218,0.021,-0.0192,0.0068,7.2869,0.1438,0.9664,1649.7873,0.1978,9134.2199,-0.0549,-0.0009,0.0083,-0.0185,0.4534,0.9332,687.4372,0.9867000000000001,56.406,0.601,0.9815,5.9926,15.71,3.929,15.74,15.69,0.7379,0.7758,3.686,1.513,0.7304,2.3106,999.6703,125.0,98.7,121.5,54.7,486.5,0.1361,0.1187,0.0854,0.0566,0.0153,5.1456,4.832,15.776,0.0125,0.29,0.0375,752.0,6814.0,0.193,0.182,0.112,2.8,0.703,0.5831,0.0865,0.7575,0.3783,0.7197,0.477,0.1514,6.16,19.4,41.124,0.517,20.74,9.14,32.128,74.442,0.0806,0.0432,0.028,0.0515,0.055,0.1023,0.0726,0.0674,3.4499,0.0522,0.0103,195.9493,0.042,864.7002,0.0098,0.0081,0.0246,0.0369,113.9412,3.43,0.0393,0.2338,0.1275,3.5224,31.0685,35.2079,46.7724,0.0536,3.6996,0.0351,1.65,0.0773,0.0127,361.1134,208.3929,1047.9109,4818.2256,0.0796,0.0771,0.0496,0.8847,0.0482,0.2535,0.2333,0.0377,0.1075,5.3752,0.1662,9.2424,0.0455,1.7763,6.2474,11.3126,0.1638,2.5607,2.9142,9.6108,21.357,0.0179,0.019,0.013,0.0235,0.0153,0.0541,0.0407,0.0369,1.1583,0.0179,0.0031,59.6077,0.0119,245.5546,0.0072,0.0129,32.0776,0.9653,0.0133,0.0787,0.0433,5.5781,1.0767,5.625,3.2838,4.8168,2.5167,42.4595,14.4775,8.2199,95.7176,3.9626,1.2897,2.298,2.6657,40.1332,262.3797,15.2298,9.1023,1.5166,3.7561,92.1687,92.2701,20.5482,0.6857,1.0449,1.178,0.3149,4.4892,8.4084,4.2018,12.4318,4.5415,3.0854,22.4149,6.5175,5.0556,15.8846,150.5974,4.5578,13.7209,66.9485,685.5928,120.4181,0.0,252.4383,485.9857,378.125,890.8199000000001,47.3436,2.5728,2.191,1.0634,11.8772,21.2401,0.0,28.614,0.0,5.4307,3.953,16.5748,0.25379999999999997,6.0809,3.9534,5.5198,7.8454,81.428,10.9,2.17,4.7824,0.88615,65.4656,2.7282,2.8614,0.0821,0.0202,8.57,4.98,0.0877,2.0902,0.0382,1.8844,15.4662,532.0973,2.085,7.74,0.3561,2.7235,0.1336,1.4546,17.0809,0.0133,2.6562,0.043,0.0283,65.7689
-1.0,3016.93,2173.4889,0.9402,104.0556,1.4827,-0.0238,0.0059,197.6899,4.9494,401.8828,0.9718,187.7138,12.4614,1.4221,-4169.25,-1603.0,1.31,1.9923,7.3645,70.9556,2.1333,0.1741,85.5439,8.6556,64.2946,66.3872,86.3125,81.73,2.54,364.0336,149.5255,762.6607,1.2305,144.4164,657.9755,195.3529,4.645,4.916,2845.0,0.9091,-6.8764,363.98,10.4756,122.6491,17.4437,26.8764,36.283,726.3777,153.9027,640.5318,106.7987,-0.0059,-0.041,-0.0083,-0.0365,0.0058,-0.0212,-0.0151,6.9835,0.1453,0.968,1781.1794,0.1782,9082.6601,-0.0128,0.0307,-0.0376,-0.067,0.4298005222456922,0.9459,788.4272,0.9894,59.3749,0.5854,0.9588,6.6311,15.93,4.333,16.0,15.98,1.135,0.6894,3.014,-0.1419,0.7284,2.2216,1007.066,108.0,97.4,137.0,54.7,486.5,0.1361,0.0705,0.0665,0.0493,0.0172,10.6389,6.657,12.007,0.0136,0.4,0.0292,1193.0,2314.0,0.07,0.024,0.237,2.1,0.468,0.5272,0.1304,0.6457,0.2537,0.7604,0.64,0.148,5.24,18.05,47.767,0.631,21.77,10.37,27.062,102.372,0.0668,0.0605,0.0374,0.0706,0.0645,0.1104,0.0947,0.16615,4.6146,0.0341,0.0026,58.3971,0.1076,1112.0996,0.02,0.0206,0.05187279158374819,0.0196,119.7747,1.6341,0.031,0.3547,0.0322,2.4707,29.2189,39.1647,47.6084,0.0536,3.6996,0.0203,2.5206,0.121,0.0102,490.0928,203.3765,1050.0077,1174.0204,0.0295,0.0112,0.1189,0.654,0.0533,0.1526,0.2052,0.0549,0.0814,6.6633,0.2011,5.2964,0.0528,1.7481,4.8071,14.901,0.2104,3.3157,4.5312,8.3374,27.6229,0.0195,0.027,0.0172,0.0291,0.0152,0.0549,0.0465,0.08248588237179322,1.4533,0.0126,0.0008,18.2245,0.0324,382.6556,0.01610446557808605,0.0068,41.3954,0.5406,0.0093,0.1176,0.0105,13.4098,0.9075,4.8526,3.2284,5.3785,2.5167,42.4595,14.4775,4.7549,134.5021,2.9877,1.4018,3.2099,2.0561,50.7765,144.3543,5.3435,1.2047,3.2181,2.9596,79.6875,91.321,13.8221,0.6163,1.507,1.0043,0.2445,5.5489,7.7913,2.6613,12.0292,3.6284,2.7433,24.4516,4.3619,6.0235,5.9112,124.8017,3.7256,13.4375,95.8551,0.0,214.539,764.9995,176.6821,0.0,446.172,0.0,66.0784,1.1008,1.4172,0.271,3.2786,60.3758,0.0,76.1221,0.0,13.377747573228797,2.0674,15.1916,0.0707,2.7522,5.2306,1.4514,5.992,72.73,13.93,0.68,6.0637,0.2509,54.6499,3.5189,0.935,0.1415,0.0319,14.5355,10.77,0.2834,4.532500000000001,0.1288,3.8592,35.5192,532.2427,1.9313,8.17,0.3876,2.7254,0.1319,1.535,20.0671,0.0176,3.5222,0.0144,0.008,55.8468
-1.0,3013.73,2172.8111,1.2736,102.7367,1.4889,-0.0076,-0.0017,201.0024,6.5794,407.0762,0.9671,191.9988,12.4694,1.3599999999999999,-3812.75,-1693.5,1.3175,1.99,7.3558,67.0222,1.9778,0.177,85.4593,8.7326,63.9602,66.2215,86.441,78.98,3.128,359.61,131.9909,734.8356,1.4197,142.6273,634.2282,195.353,4.62,4.865,2854.0,0.9291,-0.3955,358.9845,10.6189,111.5955,15.5427,20.3955,27.2417,707.5939,148.1055,618.6855,98.0701,-0.0149,-0.045,0.103,-0.0414,-0.0117,-0.0199,0.0648,7.5467,0.1447,0.9881,1869.1547,0.2006,8748.95,-0.0449,-0.04,0.0412,-0.0355,0.46087680411913445,0.9492,750.9852,0.9918,58.1747,0.5896,0.9796,6.1793,15.93,4.333,16.0,15.98,1.135,0.6894,3.014,-0.1419,0.7284,2.2216,1007.066,122.0,114.5,29.9,51.7998,139.929,0.0929,0.1858,0.0652,0.0515,0.0215,5.9675,5.598,20.83,0.014,0.66,0.0591,657.0,17263.0,0.168,0.1,0.334,2.5,0.425,0.5349,0.1591,0.5057,0.3306,0.6916,1.026,0.1857,10.75,22.99,96.484,0.298,19.84,4.03,30.321,59.497,0.0757,0.0492,0.0324,0.027,0.0511,0.0717,0.0961,0.1033,4.1107,0.0274,0.0029,146.1074,0.0276,1015.4995,0.0134,0.0117,0.03979298051385172,0.0127,123.653,2.5397,0.0202,0.3446,0.0322,2.4707,31.4205,39.9892,11.2894,0.0274,1.8536,0.0638,1.6932,0.116,0.0219,313.6435,163.9296,574.4872,7722.8195,0.0705,0.045,0.1365,0.9162,0.0462,0.1376,0.2192,0.0647,0.1356,5.1124,0.2951,9.0666,0.0508,2.9989,6.9026,25.6717,0.0782,1.2302,1.2211,9.4701,20.7982,0.0196,0.0238,0.0142,0.0124,0.018,0.0374,0.0532,0.0439,1.2509,0.0095,0.0012,59.0579,0.0095,374.5253,0.014913651453566365,0.0042,43.4259,0.8314,0.0078,0.1159,0.0105,13.4098,0.9075,5.6605,3.7993,1.1644,2.384,14.4354,7.2979,12.4793,85.0842,5.117,1.4523,5.293,4.3824,36.9025,0.0,12.7514,5.0251,4.5407,3.7301,35.3933,75.1412,12.7483,0.6259,1.8213,0.7906,0.3498,4.135,5.6595,4.1196,13.0786,7.5371,3.6249,49.3896,5.6337,2.8063,7.115,127.6479,4.2851,14.3683,60.6678,507.6278,251.0204,26.2072,123.5605,612.8205,483.522,159.4136,54.4698,2.4873,1.1253,0.2965,7.8168,13.7471,0.0,50.9735,0.0,9.612277612495745,1.3346,16.4654,0.0381,4.3657,5.5767,1.4514,5.992,81.296,13.64,1.17,5.9904,0.5395,56.2406,3.5141,1.4392,0.2198,0.0385,21.8162,10.68,0.0639,4.1123,0.0283,3.8424,8.3588,534.3145,1.3721000000000003,15.390000000000002,0.6164999999999999,5.3345,0.1804,2.8874999999999993,28.50255,0.0229,4.5318,0.0144,0.008,55.8468
-1.0,2937.77,2198.8556,1.3204,102.7622,1.4294,0.0138,0.0052,198.813,7.6207,414.7289,0.9694,188.7576,12.5847,1.4127,-3779.0,-2224.0,1.3095,1.9725,7.2437,76.3333,1.9556,0.1417,84.7662,9.1141,64.8052,66.2459,87.2937,81.56,2.694,344.41,147.6627,736.2923,1.0544,137.2318,629.3046,74.3926,4.574,4.844,2827.0,0.9316,0.5536,348.0964,10.0338,128.2164,10.3957,19.4464,24.5095,711.7827,145.4782,621.7909,96.492,-0.0132,0.0532,0.0036,-0.0107,0.0037,0.017100000000000004,0.0307,7.8032,0.1448,0.9891,1842.3669,0.1719,9322.9499,-0.0411,0.0009,0.0095,0.0456,0.4607,0.9471,765.0424,0.9887,58.9198,0.583,0.9615,6.4512,15.93,4.333,16.0,15.98,1.135,0.6894,3.014,-0.1419,0.7284,2.2216,1007.066,119.0,73.5,40.8,46.3999,380.274,0.1087,0.1079,0.0571,0.0379,0.0211,10.7596,7.768,17.211,0.0147,0.35,0.0189,883.0,2699.0,0.102,0.026,0.203,2.5,0.396,0.6097,0.146,0.5246,0.2712,0.7379,0.783,0.1374,14.47,19.0,19.673,1.142,19.32,8.27,35.8311,50.565,0.0767,0.0465,0.0554,0.0643,0.0795,0.1196,0.0658,0.091,4.2846,0.14894999999999997,0.0013,158.1512,0.031,644.9004,0.0119,0.0091,0.0206,0.0063,48.0298,3.655,0.0335,0.2685,0.0322,2.4707,29.5241,25.1563,12.2399,0.0458,2.2984,0.0388,2.2142,0.089,0.0072,425.5714,377.4152,1890.8592,1399.2487,0.0459,0.0108,0.095,0.8352,0.0432,0.124,0.244,0.0572,0.0898,7.0671,0.2228,8.9536,0.0401,3.8774,5.4871,4.8149,0.3612,2.3832,2.8062,11.0205,16.8106,0.0223,0.0218,0.024,0.0309,0.0231,0.0608,0.0336,0.0441,1.6068,0.04725,0.0005,49.3689,0.0105,171.6433,0.0051,0.002,14.9773,1.0685,0.0098,0.0917,0.0105,13.4098,0.9075,5.47,2.5019,1.6112,2.1102,36.8771,8.2349,7.5484,101.9325,4.1499,1.5174,2.7812,1.3365,122.0693,121.3579,7.7892,1.3181,2.8024,3.2751,61.3636,103.7647,11.1693,0.7193,1.6021,0.8095,0.3792,6.4545,9.0206,3.9799,13.0324,10.5442,3.0192,26.4448,6.7224,11.3815,13.212,185.846,5.034,15.2651,52.4033,580.2364,302.439,0.0,744.7307,0.0,351.8717,296.1758,54.9074,1.0362,6.2731,0.1331,8.5841,18.0302,664.8402,29.4551,0.0,4.4754,0.6605,6.2781,0.1215,6.2034,4.1619,1.4514,5.992,73.254,14.53,1.33,6.7381,0.5058,27.0176,3.6251,1.8156,0.3315,0.0562,34.1255,7.35,0.0289,2.7995,0.0131,2.7505,4.1191,529.8991,2.0142,7.56,0.2492,2.5286,0.0912,1.4267,12.3718,0.0146,2.8997,0.0193,0.0072,37.6251
-1.0,2976.56,2255.5222,1.2226,101.5878,1.4956,-0.006,0.0038,203.3227,6.0322,419.1147,0.9781,193.3148,12.5276,1.4339,-4180.0,-17.5,1.2572,1.9935,7.2992,68.2,2.6444,0.2068,84.8185,8.9979,64.3519,66.2937,86.4854,78.42,3.08,368.7791,131.1791,742.2381,1.435,142.6827,642.6409,185.3665,4.595,4.812,2889.0,0.9179,3.2573,367.6309,10.5761,114.4364,15.8055,16.7427,23.7121,718.526,144.7682,626.8354,102.3661,0.0028,-0.0033,0.0024,-0.0156,-0.0029,-0.0221,0.0162,7.2515,0.1453,0.9909,1828.6054,0.1726,8328.27,-0.0754,-0.026,0.0144,-0.0543,0.4663,0.9355,715.7632,0.9906,58.6949,0.5931,0.9659,6.2856,15.93,4.333,16.0,15.98,1.135,0.6894,3.014,-0.1419,0.7284,2.2216,1007.066,78.0,149.6,184.7,70.7,365.772,0.1916,0.1475,0.0709,0.0362,0.0083,5.4735,6.984,9.643,0.0061,0.24,0.027,672.0,643.0,0.1,0.178,0.271,3.0,0.788,0.6156,0.0732,0.493,0.359,1.1082,0.845,0.1498,6.11,16.59,76.638,0.985,24.62,7.82,22.555,63.749,0.1234,0.0597,0.0354,0.0974,0.0937,0.0892,0.0985,0.0602,3.3013,0.0728,0.0037,137.6248,0.0559,505.0,0.018,0.016,0.0251,0.052199999999999996,61.7682,1.3138,0.0128,0.2263,0.0322,2.4707,23.1547,50.0911,60.0281,0.0627,1.8929,0.0516,1.9635,0.0608,0.0101,283.2449,162.0275,2974.0526,299.4846,0.0433,0.0745,0.1279,1.077,0.0451,0.2504,0.2479,0.029,0.0962,7.8759,0.2968,5.1799,0.0398,1.7657,4.901,20.4028,0.2644,2.18,2.9746,6.8091,20.7244,0.0275,0.0259,0.0158,0.0425,0.0278,0.0452,0.0528,0.03,1.1074,0.0229,0.0014,39.6419,0.0173,168.6102,0.0068,0.0165,19.7714,0.5424,0.0054,0.0804,0.0105,13.4098,0.9075,3.6192,5.0259,7.3697,3.1345,20.7463,15.6713,9.8623,115.779,2.3008,0.6229,1.9158,1.8808,164.8565,0.0,7.9539,8.929,3.7127,4.3988,41.5966,62.8694,22.9507,0.7258,0.8131,0.7661,0.3814,6.5351,9.2926,2.7007,10.4371,4.2822,2.5815,41.344,1.9247,9.3135,5.881,155.7691,3.1391,13.8161,62.2755,0.0,555.3488,0.0,601.3638,0.0,445.1977,371.6049,45.5257,2.8211,3.0038,0.3736,7.5262,32.3902,0.0,68.0089,914.2857,5.3928,5.5677,8.6297,0.0567,2.2383,3.5997,1.4514,5.992,77.306,13.65,1.05,6.6747,0.4318,49.5697,3.3578,1.3582,0.2962,0.052,29.1808,8.98,0.142,3.6863,0.0502,3.5297,20.6014,531.0418,2.0433,9.82,0.3602,3.5086,0.0997,1.8492,17.6298,0.0108,2.1381,0.0134,0.0104,77.5636
-1.0,3028.5,2236.1111,2.03,90.4233,1.4051,-0.0204,0.0007,198.1554,8.9074,401.3528,0.9712,188.2516,12.6278,1.4104,-3864.25,-5646.6667,1.2702,1.9748,7.3085,73.6667,1.9111,0.153,83.4425,8.2914,64.6693,66.2522,86.5211,80.39,2.834,354.5364,134.4773,730.7856,1.3896,143.3191,632.3327,187.2175,4.551,4.772,2870.0,0.9273,3.0718,353.8736,10.4942,117.5491,14.9345,16.9282,24.0276,706.758,145.9755,617.3982,103.6556,0.0129,0.0609,-0.0103,0.001,0.0053,-0.0299,0.0151,8.1902,0.1453,0.9872,1863.4326,0.1685,8078.2,-0.0142,-0.0158,-0.0927,-0.0259,0.4509604356862389,0.9494,686.4623,0.9914,58.6525,0.5834,0.9793,6.1865,15.78,3.029,15.79,15.75,0.7048,0.5426,3.475,1.419,0.821,2.2826,999.5619,98.0,112.1,119.7,57.3,832.506,0.4172,0.0871,0.0692,0.0445,0.0188,11.3443,3.879,9.203,0.0126,0.32,0.0406,884.0,12436.0,0.235,0.142,0.163,1.2,0.454,0.5328,0.0827,0.6302,0.256,0.634,0.306,0.124,6.15,17.0,21.609,0.244,20.09,4.18,31.556,70.895,0.0609,0.0547,0.0375,0.0595,0.0855,0.0947,0.1222,0.0725,2.2085,0.0383,0.0018,94.0377,0.0276,1579.5005,0.0157,0.0156,0.04976361924943168,0.0213,158.6112,4.2868,0.0389,0.3587,0.12,3.6912,26.9966,43.8345,43.2377,0.1614,2.0354,0.0251,1.3341,0.0858,0.0145,396.4379,219.3192,1084.1,7168.4088,0.0989,0.0603,0.0731,0.477,0.0516,0.1393,0.2087,0.0377,0.101,4.7517,0.1006,8.4214,0.04,1.7702,4.824,7.9791,0.0813,1.1401,2.2934,9.7716,23.9632,0.0207,0.0259,0.0196,0.0249,0.022,0.0523,0.0634,0.0333,0.7388,0.0115,0.0006,35.4246,0.0106,591.0397,0.01394457211488459,0.007,58.3572,1.2649,0.013,0.1057,0.0424,7.2796,1.3081,4.6221,3.7015,4.8139,2.5625,53.8284,20.5506,6.199,43.5482,2.293,1.2937,2.5341,2.8786,68.1374,220.2361,18.5003,7.1908,2.2303,1.629,52.3256,86.9281,13.2878,0.6385,0.9975,0.9745,0.2246,4.527,6.6405,3.7227,8.9233,4.2911,2.6885,11.5422,5.2944,2.3251,7.2736,134.5204,4.4649,8.2885,68.3947,472.5509,116.569,577.6699,0.0,0.0,409.0377,481.7276,26.9657,1.1008,1.6194,0.179,5.0465,16.3715,0.0,34.6667,0.0,12.395053655528312,2.2433,23.1056,0.1906,7.3088,5.7979,5.2592,9.662,74.67,18.78,1.05,8.9096,0.4544,46.5271,4.5675,1.4062,0.165,0.0493,16.0891,3.18,0.2722,1.3865,0.0973,1.1771,38.05341532073962,531.3445,2.0359,5.71,0.2796,1.565,0.0936,1.0746,13.7332,0.0149,2.9659,0.0283,0.0112,39.4516
-1.0,3011.82,2164.3666,1.3409,104.1344,1.4018,-0.0187,0.0009,199.5437,12.4204,412.72,0.9685,189.5922,12.4018,1.4043,-3742.0,-1532.5,1.3333,2.01,7.3483,69.0667,2.2111,0.1958,85.4344,8.7037,64.0021,66.2435,86.4476,63.93999999999998,4.393,352.8909,130.6091,725.8276,1.4159,145.3782,628.8782,194.5869,4.551,4.772,2870.0,0.9273,4.9382,352.79,10.5235,115.5473,12.0709,15.0618,18.8532,706.9745,148.47,616.8073,65.6315,0.0082,0.0529,-0.0246,-0.0064,-0.0001,-0.0123,0.0034,7.0358,0.1299,0.9676,1831.338,0.1547,8865.8501,0.0015,-0.014,-0.0271,-0.0592,0.4391345975031875,0.9459,712.9921,0.9914,59.0907,0.5817,0.9797,6.2501,15.78,3.029,15.79,15.75,0.7048,0.5426,3.475,1.419,0.821,2.2826,999.5619,108.0,140.3,81.4,46.3999,113.0649,0.1304,0.0839,0.0942,0.0544,0.0223,12.2826,14.325,9.84,0.0159,0.27,0.0356,1031.0,3407.0,0.171,0.089,0.17,1.5,0.518,0.5333,0.0836,0.7028,0.2797,0.6875,0.323,0.0889,4.25,18.57,79.792,0.249,20.86,7.48,33.416,23.967,0.0605,0.0517,0.0309,0.1302,0.0872,0.0819,0.0991,0.1047,5.6648,0.0584,0.0089,156.0862,0.044,998.5,0.0134,0.0101,0.05375479918549958,0.0199,102.0679,3.695,0.0315,0.2782,0.12,3.6912,28.7203,46.3825,31.1446,0.0468,1.8178,0.0313,3.882,0.0797,0.0134,499.6015,97.2021,258.6439,1578.3959,0.07,0.0377,0.0794,0.469,0.0489,0.165,0.2079,0.0328,0.1317,5.1804,0.116,8.6447,0.0257,1.3975,6.07,21.5915,0.0813,2.2459,3.0833,10.6717,9.3756,0.0216,0.0233,0.015,0.0577,0.0211,0.0417,0.0493,0.0498,1.944,0.0171,0.0032,47.3188,0.0142,362.332,0.014808362419486347,0.0069,41.7137,1.1374,0.012,0.0928,0.0424,7.2796,1.3081,4.8921,4.6583,3.3272,2.1438,11.7932,9.728,5.9852,115.3348,2.3842,1.6463,2.1771,2.5344,15.954,222.3165,12.8258,4.4279,2.3135,2.1718,76.8844,67.9342,14.7261,0.6242,0.9602,1.0981,0.2363,4.3526,6.2783,3.7961,6.2761,2.9234,2.9529,41.0058,5.2944,2.3661,8.0833,172.8119,4.7266,7.6392,36.5176,739.4958,70.1255,528.1947,0.0,0.0,808.9796,0.0,80.5142,2.3869,2.41,0.9209,8.5231,28.4311,758.6854,39.7094,0.0,13.162577381872065,2.1065,14.3154,0.113,6.253,4.4517,5.2592,9.662,73.168,19.14,1.68,8.2261,0.6867,61.4408,4.6017,2.2961,0.165,0.0493,16.0891,9.14,0.2026,4.4336,0.0797,3.3375,21.3623,523.3110000000001,1.3721000000000003,15.390000000000002,0.6164999999999999,5.3345,0.177,2.8874999999999993,28.50255,0.0128,2.551,0.0071,0.017,239.9809
-1.0,3022.33,2221.3667,1.2667,88.6578,1.3439,0.0055,0.0,198.8501,5.8585,400.4448,0.9814,189.1268,12.5027,1.3756,-3899.75,-2785.0,1.3387,2.0205,7.4327,69.9333,2.7,0.2079,86.4585,8.8355,63.9952,66.0979,86.9761,76.44,2.899,350.8382,142.2018,735.288,0.8852,135.9391,628.9791,109.9947,4.592,4.893,2837.0,0.9289,2.8727,349.8073,10.2606,125.0745,10.3651,17.1273,20.3804,714.9076,145.3182,620.2,102.2096,-0.001,-0.0344,0.0016,-0.0408,-0.0018,-0.0097,-0.0067,7.8092,0.1339,0.9638,1717.7731,0.1992,8768.3301,0.0501,-0.0019,0.0021,0.0673,0.463,0.9236,737.1553,0.9902,58.704,0.606,0.9796,6.2427,15.76,3.008,15.76,15.7,0.8325,0.5231,3.166,-2.033,0.8121,2.2726,996.6092,150.0,223.5,252.9,53.3999,751.0549,0.3503,0.1025,0.0514,0.0727,0.0066,7.0223,5.214,21.458,0.0055,0.17,0.1226,256.0,5974.0,0.136,0.075,0.279,2.9,0.539,0.741,0.26130000000000003,0.7484,0.459,0.7297,0.851,0.1407,7.46,22.29,17.131,0.512,19.09,16.09,37.644,33.816,0.0631,0.0373,0.0282,0.0516,0.0549,0.0838,0.0862,0.0968,3.4844,0.0701,0.0058,172.4338,0.0419,2121.8999,0.0158,0.0077,0.0183,0.0442,210.4752,3.3966,0.0372,0.2633,0.0923,7.1978,28.4649,76.6172,78.8126,0.1009,2.9142,0.0402,1.4143,0.0423,0.0419,121.4166,169.7901,383.8215,2729.5986,0.0647,0.0336,0.1163,0.9849,0.0444,0.1656,0.2729,0.0985,0.1214,7.259,0.2695,9.6453,0.04,2.4299,6.8992,5.0517,0.1511,4.0043,4.1003,12.0549,9.7924,0.0209,0.0158,0.012,0.025,0.0123,0.0453,0.0444,0.0479,1.099,0.0232,0.0016,56.5936,0.0136,694.5231,0.0055,0.0153,65.9521,0.8972,0.0114,0.0888,0.0325,9.3057,2.2605,6.7478,7.395,10.7293,2.4039,30.1544,27.6524,7.6271,88.9982,5.3585,0.5617,1.3597,8.9117,21.745,214.5063,10.1587,3.712,3.7537,4.1468,59.2593,65.4196,15.5292,0.8571,2.9167,1.1695,0.3155,6.5757,12.2572,4.6171,15.8963,5.4878,3.5438,15.5744,6.5921,4.9899,17.537999999999997,184.1757,5.2656,24.6592,33.0849,0.0,72.9228,0.0,134.4147,0.0,890.9561,0.0,44.6186,2.2408,2.8968,0.5976,10.0382,21.0152,456.2963,27.1311,0.0,3.9422,4.7827,28.5523,0.1238,5.7861,4.217,4.0605,18.4824,73.254,14.53,1.33,6.7381,0.5058,27.0176,3.6251,1.8156,0.3345,0.0621,33.9139,5.13,0.1216,1.881,0.05,1.9869,20.1824,531.52,1.917,9.75,0.2634,3.4417,0.0794,1.8344,13.7383,0.0143,2.8694,0.0352,0.0251,71.1973
-1.0,2929.54,2173.2778,0.8525,103.82,1.4115,-0.0318,0.0,201.0047,4.7431,396.5091,0.9713,190.9546,12.3535,1.4226,-5637.0,-1962.25,1.2823,1.9765,7.3933,71.8333,1.9778,0.1581,86.4585,8.8355,63.9952,66.0979,86.9761,76.44,2.899,351.8091,141.5764,734.2907,0.8803,133.5773,626.9627,107.4259,4.592,4.893,2837.0,0.9289,-0.63,350.7445,10.3057,120.9464,11.7427,20.63,24.6661,709.6246,144.9664,616.6573,113.8624,-0.0109,-0.0117,0.005,0.0005,0.0081,-0.0321,0.0188,7.663,0.1206,0.966,1802.7413,0.2027,9050.7801,-0.0966,-0.0046,0.0058,-0.0253,0.4533,0.9543,766.8935,0.9887,59.5847,0.5912,0.9807,6.3078,15.95,4.269,15.98,16.01,1.144,0.6757,2.937,0.5204,0.6778,2.212,1009.9953,77.0,157.1,171.8,46.0999,657.769,0.0674,0.1191,0.087,0.0653,0.0157,6.8555,5.601,14.051,0.0128,0.36,0.0414,669.0,2567.0,0.04,0.051,0.063,2.3,0.616,0.741,0.26130000000000003,0.7484,0.459,0.7297,0.584,0.1147,6.14,22.11,42.453,0.66,18.0,11.87,33.621,19.789,0.0943,0.0702,0.0418,0.0993,0.0658,0.1134,0.0875,0.1404,3.9007,0.0344,0.0034,74.3232,0.0257,1179.7998,0.0184,0.0169,0.0317,0.0195,122.5601,2.6192,0.0259,0.2874,0.0349,3.9099,22.6404,57.0173,56.7098,0.0241,3.9649,0.0473,2.1215,0.1084,0.0111,346.7112,166.824,2863.4028,1122.206,0.0186,0.0244,0.0335,0.6964,0.0507,0.181,0.2729,0.0985,0.1214,7.4976,0.198,9.3943,0.0422,2.0982,6.7133,11.7303,0.1878,3.0353,3.133,10.8649,5.9293,0.0265,0.0364,0.0212,0.0464,0.021,0.0558,0.0422,0.0646,1.3912,0.0128,0.001,22.1582,0.0079,400.9681,0.0074,0.0069,42.8892,0.9883,0.0078,0.0879,0.0114,9.5119,1.3271,3.4123,5.3626,6.8678,2.1212,58.9243,7.9081,8.4378,118.0876,3.5437,1.3132,2.9142,2.9131,121.4121,130.8192,3.1195,2.5803,0.8521,3.2019,45.5056,97.3999,17.9895,0.8571,2.9167,1.1695,0.3155,7.3193,12.2902,4.3671,13.0281,4.5966,3.5265,39.5184,6.5921,6.4042,17.537999999999997,153.2867,4.7379,11.7412,17.3798,862.1714,104.0385,0.0,0.0,0.0,272.7981,746.8085,50.9026,2.3215,1.4291,0.3518,4.1228,12.6895,0.0,24.5077,0.0,6.9836,2.0387,15.9814,0.1568,4.3958,4.5562,1.5766,9.3536,73.296,17.94,1.29,7.9146,0.4657,41.934,4.5827,1.76,0.165,0.0493,16.0891,4.98,0.0877,2.0902,0.0382,1.8844,15.4662,529.9445,1.974,7.91,0.2824,2.6691,0.094,1.4926,14.3055,0.016,3.2138,0.0112,0.0121,107.7999
-1.0,3118.54,2201.6333,2.1917,97.3978,1.5492,0.0102,-0.0056,197.5059,6.4474,400.173,0.9795,187.0321,12.4933,1.3954,-3436.25,-279.25,1.3385,1.9733,7.2808,68.4333,2.8778,0.2222,85.9501,9.7137,64.3577,66.3288,86.9537,81.46,2.585,351.8,142.2673,734.4828,0.9481,134.1691,628.2364,76.9011,4.567,4.797,2860.0,0.9319,-1.4355,352.4155,10.3549,120.8318,10.4004,21.4355,26.1117,708.3711,145.7855,619.0327,96.2193,-0.0022,0.0553,0.0184,0.0008,0.0176,0.0031,-0.0034,7.1659,0.1373,0.9922,1763.5877,0.1721,9028.0601,0.0783,0.0186,-0.0537,0.018,0.4607,0.9595,694.1305,0.9897,58.421,0.5951,0.9796,6.2153,15.7,2.626,15.73,15.69,0.8089,0.4628,3.413,1.419,0.8557,2.2732,995.0191,80.0,103.9,135.2,60.5,558.754,0.7515,0.1795,0.0528,0.0301,0.0105,11.5104,3.662,23.094,0.0067,0.6,0.0606,289.0,965.0,0.082,0.113,0.262,2.6,0.683,0.3415,0.146,0.5738,0.3016,0.8439,0.803,0.0736,14.625,18.76,31.75,0.316,14.62,5.54,29.188,55.439,0.0787,0.0244,0.0386,0.0828,0.0639,0.1443,0.0709,0.0577,3.2537,0.0711,0.0008,154.8123,0.0272,643.0996,0.0165,0.0124,0.0139,0.0233,73.4709,2.1877,0.0403,0.407,0.118,3.5594,21.225,40.364,34.6928,0.2524,1.1389,0.0721,1.1071,0.109,0.0237,126.524,126.2814,421.4739,397.4547,0.0348,0.0499,0.1247,0.8201,0.0318,0.2375,0.1408,0.0562,0.0657,8.2179,0.296,8.3779,0.0254,4.5058,5.7551,9.1611,0.0999,1.9713,1.8262,9.1046,19.8045,0.0202,0.011,0.0186,0.037,0.0175,0.0686,0.0393,0.0294,1.0393,0.0242,0.0002,50.5582,0.0084,174.3687,0.0039,0.009,19.9235,0.6354,0.0137,0.1295,0.0417,6.5818,1.1881,3.6366,3.3317,5.3652,2.748,35.9481,34.2865,11.5866,56.7984,5.771,0.6803,4.8026,4.3449,24.1251,345.5685,6.1263,5.7266,3.5985,3.7993,31.2741,43.2,19.7704,0.3973,1.503,0.8916,0.299,7.5071,6.7408,3.6712,7.7654,10.6208,2.9861,41.2868,8.904,3.0517,8.127,140.5714,4.1204,9.4632,57.6174,0.0,0.0,450.6122,0.0,821.0526,0.0,0.0,45.4053,1.0921,2.9674,0.0811,8.7783,15.805,504.8346,26.0504,0.0,3.027,2.4335,10.5846,0.0611,3.7447,6.549,5.1925,8.9223,74.642,16.12,1.42,7.7498,0.5206,33.4385,3.9264,1.9024,0.3709,0.0841,37.6775,2.59,0.2196,1.0998,0.0866,1.0268,23.1718,523.3110000000001,1.3721000000000003,15.390000000000002,0.6164999999999999,5.3345,0.18730000000000002,2.8874999999999993,28.50255,0.0124,2.4877,0.0305,0.0092,30.3421
-1.0,2916.18,2167.0889,1.3679,101.6667,1.463,-0.0293,-0.0005,201.9162,6.5963,403.0856,0.9779,192.0019,12.5808,1.4003,-3302.0,-2384.5,1.2973,1.958,7.2163,73.6889,2.0222,0.1576,85.3996,8.2345,64.3522,66.2545,86.6958,79.7,2.272,346.1282,147.1345,738.0605,1.2556,137.6864,630.9491,188.7585,4.605,4.913,2822.0,0.9325,3.7136,347.4482,9.9946,130.8482,9.1571,16.2864,22.1972,715.8634,144.7064,623.0027,97.5865,-0.0205,-0.0345,0.0092,-0.0332,0.0074,-0.056650000000000006,-0.002,7.1692,0.1292,0.9812,1867.8825,0.1779,8432.97,-0.0206,-0.0577,-0.0397,-0.0555,0.45293967117170064,0.9629,735.2596,0.9896,58.2561,0.5923,0.9702,6.2444,15.78,3.029,15.79,15.75,0.7048,0.5426,3.475,1.419,0.821,2.2826,999.5619,87.0,75.7,113.2,47.1001,359.777,0.1334,0.1187,0.0731,0.0285,0.0087,6.1114,4.914,17.511,0.0073,0.24,0.0556,1200.0,17689.0,0.191,0.175,0.247,3.3,0.775,0.6177,0.1267,0.6515,0.3698,0.5388,0.519,0.0826,7.04,20.46,32.385,0.481,13.16,10.41,33.195,63.322,0.0841,0.0481,0.0463,0.0537,0.0475,0.0958,0.0418,0.0796,5.6181,0.0349,0.004,140.5735,0.0345,687.3003,0.0114,0.01,0.04633584383303857,0.0132,63.058,1.6086,0.0304,0.2774,0.12,3.6912,22.4404,25.5158,37.8778,0.0471,2.6186,0.0401,1.5526,0.0618,0.0191,514.3399,292.3058,545.1147,8994.62525,0.0859,0.0793,0.1067,1.0228,0.0469,0.2581,0.2497,0.0503,0.1016,5.6708,0.1315,9.5726,0.0263,2.0403,5.9288,10.6265,0.1373,3.0373,3.172,10.2432,20.686,0.0189,0.0232,0.0212,0.0248,0.013,0.0491,0.0178,0.0388,1.8497,0.0118,0.0012,57.9374,0.0105,240.556,0.01610855839751041,0.004,19.5487,0.5071,0.01,0.0924,0.0424,7.2796,1.3081,4.0089,2.5959,4.5021,2.1734,28.7083,9.7555,8.1136,74.4966,4.3442,0.7506,1.9077,3.9685,35.7056,741.8327,14.7235,8.9377,3.4228,4.4783,74.1758,85.0494,23.4029,0.7233,1.5391,1.0124,0.236,5.1426,8.5432,4.4904,6.5806,5.1131,3.2427,17.1568,7.1004,4.8126,16.6911,143.7136,4.6371,22.2099,64.8881,410.2439,64.7811,582.1138,142.884,0.0,68.6653,0.0,78.3636,2.1676,1.4637,0.4123,7.5258,19.3736,669.4561,44.9649,606.4516,11.41815276227626,1.3727,8.5763,0.0929,2.7612,4.4431,5.2592,9.662,73.316,18.71,1.87,8.9193,0.7119,138.8383,4.6455,2.5506,0.2467,0.0464,24.7249,4.98,0.0877,2.0902,0.0382,1.8844,15.4662,528.5973,2.22,6.24,0.2848,2.1791,0.0859,1.1805,12.8307,0.0183,3.6629,0.0305,0.0092,30.3421
-1.0,2995.33,2199.6556,1.3369,103.0967,1.3823,0.0079,0.0102,198.9791,5.7562,408.9995,0.9819,189.313,12.6149,1.4109,-3020.3333,-2552.5,1.2597,1.963,7.18,72.3778,2.4778,0.1946,86.4585,8.8355,63.9952,66.0979,86.9761,76.44,2.899,364.7727,136.2009,744.8439,1.3543,142.3536,643.3273,198.584,4.568,4.828,2892.0,0.9197,1.04,364.2818,10.6138,117.2409,18.1582,18.96,26.2629,718.581,143.6464,625.1691,102.9646,-0.0006,-0.0157,-0.0009,-0.0156,0.02,-0.0075,0.0025,7.4503,0.1375,0.9869,1854.4864,0.1741,8840.6101,0.0291,-0.0279,-0.0417,0.0253,0.4593,0.9524,741.7242,0.9897,58.8229,0.5857,0.981,6.2674,15.78,3.029,15.79,15.75,0.7048,0.5426,3.475,1.419,0.821,2.2826,999.5619,105.0,47.8,61.7,46.5,324.855,0.0938,0.106,0.066,0.0439,0.0059,10.9468,5.636,19.832,0.005,0.34,0.0652,801.0,6279.0,0.117,0.022,0.212,2.3,0.626,0.741,0.26130000000000003,0.7484,0.459,0.7297,0.69,0.2203,3.41,16.1,48.836,0.708,27.66,18.43,33.169,73.313,0.064,0.0327,0.0367,0.0688,0.0623,0.1138,0.09,0.0698,3.8771,0.0584,0.0023,127.6967,0.0337,1031.1006,0.0206,0.0172,0.017,0.0141,121.5287,2.2982,0.0259,0.3168,0.12,3.6912,27.816,20.3362,17.413,0.0275,1.8392,0.0371,1.7256,0.0679,0.0195,346.7324,169.4206,456.4037,2609.8879,0.0511,0.0091,0.097,0.6667,0.04,0.2126,0.2729,0.0985,0.1214,7.7467,0.2254,4.9037,0.0617,1.306,4.745,13.7769,0.1933,4.7458,6.3557,8.3926,23.1281,0.0179,0.0144,0.0166,0.0294,0.0196,0.0569,0.0505,0.0361,1.374,0.0186,0.0008,43.2497,0.013,304.4981,0.0053,0.0048,35.5248,0.657,0.0091,0.1039,0.0424,7.2796,1.3081,4.8121,1.5958,2.5653,2.114,28.4861,7.0193,7.6682,97.9121,4.8489,0.5072,2.6952,4.6196,28.8379,245.9941,9.2876,1.1207,2.9526,3.1778,40.3587,73.5009,18.8978,0.8571,2.9167,1.1695,0.3155,6.6589,10.1908,2.4845,16.2684,2.3954,2.5026,24.5921,2.1632,6.6705,6.218,152.3279,4.6159,12.6082,71.2021,0.0,102.1875,0.0,398.8796,568.2896,0.0,0.0,52.0396,2.2544,2.3847,0.2331,6.8858,19.3242,0.0,36.8126,933.3333,3.7019,1.4851,16.3846,0.1363,3.9069,5.0551,5.2592,9.662,72.578,18.63,0.71,9.1514,0.2896,11.7213,4.5909,0.9783,0.0821,0.0202,8.57,4.98,0.0877,2.0902,0.0382,1.8844,15.4662,532.6327,2.1085,7.77,0.2588,2.7003,0.0793,1.4588,12.2751,0.0133,2.6516,0.023,0.0095,41.2178
-1.0,3185.69,2173.2778,0.8525,103.82,1.4653,-0.0204,0.0038,202.6309,5.5141,409.5385,0.9791,192.6935,12.5276,1.3985,-3549.5,-1087.75,1.2735,2.003,7.4372,68.7222,2.5778,0.1917,85.549,8.7556,64.0533,66.2801,86.5808,63.93999999999998,4.194,353.7491,145.5582,745.2585,1.2735,137.0573,636.3645,151.6885,4.657,4.917,2815.0,0.9281,-3.0909,358.6591,10.1061,122.4673,13.4927,23.0909,30.5174,714.7412,141.7455,622.8718,106.9955,0.0045,0.0157,0.12,0.0028,0.0405,-0.0074,0.0817,7.5625,0.1351,0.9929,1850.4375,0.1626,9015.3201,0.0056,-0.0688,-0.0361,-0.095,0.4452692314551766,0.9449,780.4698,0.9916,59.1113,0.58,0.9689,6.3803,15.71,3.929,15.74,15.69,0.7379,0.7758,3.686,1.513,0.7304,2.3106,999.6703,91.0,160.2,114.1,46.0999,657.769,0.0674,0.0722,0.0714,0.0626,0.008,7.4017,5.197,10.683,0.0064,0.24,0.0746,652.0,4287.0,0.053,0.053,0.197,2.1,0.638,0.7299,0.0798,0.4009,0.1522,0.735,0.404,0.2024,5.02,18.6,75.086,0.688,20.46,9.83,31.426,49.058,0.0689,0.0309,0.0676,0.0294,0.0807,0.1184,0.1238,0.1263,2.534,0.0351,0.0011,100.3682,0.0344,1522.8003,0.0133,0.0109,0.05320030486066457,0.0162,138.0733,1.5785,0.0278,0.2069,0.1275,3.5224,24.4712,48.6922,37.2361,0.0241,3.9649,0.0237,1.977,0.0608,0.0254,273.078,110.2705,818.7806,1876.2861,0.0219,0.0229,0.089,0.6261,0.0397,0.1909,0.2898,0.0306,0.1331,5.5404,0.1331,7.6805,0.0597,1.6223,5.9664,20.9494,0.2148,2.6981,3.2013,9.9275,14.7336,0.021,0.0142,0.0318,0.0136,0.0216,0.0573,0.058,0.0548,0.8767,0.0133,0.0004,38.6088,0.0114,433.8932,0.013300281781821424,0.0066,39.7994,0.5801,0.0082,0.0697,0.0433,5.5781,1.0767,4.0239,5.0287,4.4962,2.1212,58.9243,7.9081,4.9274,94.2494,2.6085,0.6513,1.9158,5.3305,48.6266,394.1163,4.1618,2.646,2.6488,3.0558,27.1552,73.0435,18.9705,0.8532,0.9111,0.6259,0.2728,4.9781,5.7503,3.0094,15.8933,3.6627,2.9229,49.5001,8.4022,6.8078,6.418,151.6379,4.3968,7.1967,45.8505,0.0,251.2195,24.5051,0.0,291.9852,0.0,154.6846,33.5074,2.516,1.4825,0.1073,5.424,21.178,0.0,81.3239,356.7568,12.125964010482585,1.7101,17.691,0.0548,2.6704,3.2421,5.5198,7.8454,72.104,20.32,0.78,8.7814,0.3553,39.8151,5.0229,1.0818,0.6216,0.1348,67.0767,4.98,0.0877,2.0902,0.0382,1.8844,15.4662,533.1809,1.3721000000000003,5.65,0.1416,1.8871,0.0396,1.0597,13.1807,0.0104,2.0588,0.023,0.0095,41.2178
-1.0,2971.64,2236.1111,2.03,90.4233,1.3453,-0.0072,-0.0082,198.3725,10.9736,400.222,0.977,188.4299,12.6149,1.378,-3590.25,258.75,1.3033,2.0025,7.3232,70.1667,2.5,0.17,84.7391,9.534,64.0518,66.2731,86.2809,77.34,2.305,365.7627,135.9727,745.5531,1.0736,138.2809,640.0164,66.5295,4.619,4.872,2875.0,0.9225,-1.41,366.9191,10.6948,114.5627,13.91,21.41,27.4041,718.149,144.6245,626.1064,91.0776,0.015,-0.0305,0.0108,-0.0006,0.0025,-0.044,0.0375,7.5888,0.1309,0.9845,1818.9141,0.1825,8831.8802,-0.0559,-0.0065,-0.0295,0.0516,0.4217006157501573,0.9624,754.2729,0.9915,58.8841,0.5971,0.9792,6.2189,15.78,3.029,15.79,15.75,0.7048,0.5426,3.475,1.419,0.821,2.2826,999.5619,104.0,202.1,213.4,57.3,832.506,0.4172,0.0938,0.0627,0.0439,0.0101,11.8262,8.478,26.932000000000002,0.0082,0.34,0.0681,1179.0,580.0,0.156,0.163,0.498,2.4,0.574,0.4788,0.26130000000000003,0.7058,0.3168,0.7019,0.663,0.1973,6.16,18.72,33.558,0.419,15.01,12.23,21.431,88.165,0.0708,0.0467,0.0733,0.0547,0.0948,0.0801,0.114,0.1029,4.1307,0.0807,0.0037,110.3033,0.0801,749.4004,0.0214,0.0126,0.056954686590934694,0.0114,83.7001,3.5491,0.0317,0.4182,0.12,3.6912,25.7124,65.6864,66.6481,0.1614,2.0354,0.0344,2.6499,0.0679,0.0244,500.1766,131.4214,716.919,243.8338,0.0837,0.068,0.2273,0.7382,0.0502,0.2101,0.1827,0.0985,0.0825,7.9791,0.2157,4.5987,0.0501,2.0663,5.1971,9.5527,0.1383,3.3372,4.0041,6.7461,26.6389,0.0204,0.0212,0.0375,0.0279,0.0253,0.0441,0.0483,0.056,1.2225,0.0264,0.0012,38.7641,0.0229,210.2138,0.013889504811194317,0.0032,24.9037,1.1108,0.0101,0.134,0.0424,7.2796,1.3081,4.7198,6.801,8.4487,2.5625,53.8284,20.5506,6.9727,77.2579,6.508749999999999,0.8411,2.6952,4.9419,48.0468,224.1546,11.9701,8.1398,7.544649999999999,3.4204,32.0,90.0,16.3042,0.565,2.9167,1.1019,0.2328,6.8186,11.3037,2.5055,18.3755,4.4547,2.9249,50.4408,2.0299,3.9178,4.6088,107.9076,2.9842,14.0054,96.802,471.607,83.6543,504.9231,0.0,0.0,258.9438,274.4,54.4316,2.9784,3.3974,0.3751,6.0642,43.8916,836.5145,45.5598,0.0,12.591345424302014,1.1892,11.0968,0.1385,6.0272,6.7249,5.2592,9.662,73.254,14.53,1.33,6.7381,0.5058,27.0176,3.6251,1.8156,0.165,0.0493,16.0891,7.51,0.1995,2.9269,0.075,2.9439,30.0075,532.0973,2.085,7.74,0.3561,2.7235,0.1336,1.4546,17.0809,0.02,4.0407,0.0243,0.01,41.0782
-1.0,2958.99,2191.8445,0.8725,101.4244,1.4346,0.0062,-0.0107,202.1511,9.0629,396.9192,0.9698,192.4888,12.6278,1.4467,-3209.0,-3104.3333,1.294,1.9973,7.3607,73.2778,1.9556,0.1511,88.2693,9.97415,65.0056,66.94045000000003,86.9799,81.76,3.466,348.5818,138.4336,728.5804,0.9428,137.3927,624.4082,93.0821,4.584,4.837,2835.0,0.9289,-0.0182,350.3309,10.3899,118.4155,9.1362,20.0182,23.1901,705.3903,148.0009,616.7473,105.1821,-0.0078,-0.0511,0.001,-0.0236,0.0021,-0.005,0.0148,7.6605,0.1236,0.9892,1830.5375,0.1731,7762.22,-0.0303,-0.0046,-0.0508,-0.0733,0.4612,0.9492,661.1146,0.9891,59.0095,0.5997,0.9642,6.401,15.71,3.929,15.74,15.69,0.7379,0.7758,3.686,1.513,0.7304,2.3106,999.6703,116.0,176.8,90.7,52.8,659.718,0.124,0.1027,0.0877,0.0345,0.0145,6.4396,6.527,10.405,0.0123,0.32,0.0654,1054.0,6806.0,0.053,0.14,0.297,3.3,0.44,0.412,0.26130000000000003,0.3964,0.171,0.8117,0.458,0.1544,9.87,20.29,17.31,0.728,18.05,9.29,31.043,45.942,0.0662,0.0454,0.0274,0.0639,0.0511,0.1036,0.0919,0.0819,3.4531,0.0441,0.0015,134.9332,0.0743,1415.2998,0.0182,0.0143,0.0141,0.0227,133.4066,3.4298,0.0283,0.2568,0.1275,3.5224,29.7543,49.4709,36.7801,0.0441,3.127,0.0374,1.9604,0.0858,0.0212,495.5115,183.7487,1554.6828,3814.2489,0.0216,0.0595,0.1226,1.0497,0.0351,0.1674,0.1693,0.0985,0.0752,5.4564,0.1177,9.0129,0.0505,2.8095,6.154,5.9152,0.1994,2.4316,2.9079,10.0637,12.9835,0.0153,0.0213,0.0129,0.0286,0.0145,0.0514,0.0461,0.0379,1.1809,0.0147,0.0006,48.469,0.0212,447.0164,0.0038,0.0073,41.9277,1.0583,0.0087,0.0825,0.0433,5.5781,1.0767,5.1974,5.975,3.6877,2.4089,60.3539,14.2066,7.1587,72.0188,2.6214,1.272,2.5341,4.5172,111.9352,219.2419,4.0958,7.0096,4.0349,4.5034,51.1364,68.8235,12.8006,0.4129,2.2876,0.5183,0.4135,4.831,11.659,4.222,16.3756,7.1838,3.2495,18.5965,6.6453,7.0068,17.537999999999997,197.5656,4.4008,18.4928,43.6785,848.7179,76.8515,0.0,216.6976,0.0,0.0,552.4452,45.0763,4.6133,1.8169,0.1547,7.3712,42.9207,0.0,49.9257,0.0,3.0637,2.3912,20.179,0.1238,5.8122,4.0123,5.5198,7.8454,73.254,14.53,1.33,6.7381,0.5058,27.0176,3.6251,1.8156,0.1415,0.0319,14.5355,4.98,0.0877,2.0902,0.0382,1.8844,15.4662,524.4955,1.3721000000000003,11.12,0.1474,4.055,0.0527,2.1201,13.5037,0.0146,2.9144,0.0243,0.01,41.0782
-1.0,3028.08,2173.2778,0.8525,103.82,1.3697,-0.0085,-0.0114,198.7938,11.7457,410.9405,0.971,189.336,12.5967,1.3759,-4039.25,226.75,1.323,2.0075,7.2805,68.4333,2.8222,0.2173,84.7391,9.534,64.0518,66.2731,86.2809,77.34,2.305,351.5945,139.2336,733.293,1.3105,139.5673,630.3955,182.5683,4.621,4.886,2835.0,0.9327,2.9282,352.1582,10.2965,122.1618,9.5985,17.0718,23.905,709.388,147.6136,621.9336,106.374,-0.0177,-0.0252,0.0274,-0.005,0.0153,-0.056650000000000006,0.0031,7.902,0.132,0.9885,1882.5638,0.1889,8078.23,0.0193,-0.0177,-0.0374,0.0621,0.44092604676313707,0.936,681.0371,0.9867000000000001,55.9011,0.5944,0.9619,6.4221,15.95,4.269,15.98,16.01,1.144,0.6757,2.937,0.5204,0.6778,2.212,1009.9953,118.0,153.0,102.9,46.0999,657.769,0.0674,0.043,0.0762,0.0484,0.0144,10.9,4.545,8.809,0.013,0.25,0.043,2060.5,1584.0,0.251,0.104,0.175,2.8,0.553,0.4788,0.26130000000000003,0.7058,0.3168,0.7019,0.378,0.1443,6.85,17.8,23.769,0.268,17.01,6.86,31.123,58.918,0.1124,0.0653,0.0521,0.0602,0.0789,0.0996,0.0331,0.1002,2.666,0.0408,0.0041,130.1704,0.0724,1009.5005,0.0131,0.0134,0.05156306592515214,0.0335,113.1714,1.9166,0.0266,0.3965,0.0349,3.9099,29.6763,58.9632,31.9347,0.0241,3.9649,0.0156,1.4729,0.0671,0.0152,912.5788,164.9909,928.8744,723.8068,0.1099,0.0428,0.0865,1.0416,0.0656,0.1985,0.1827,0.0985,0.0825,5.4921,0.1243,7.2602,0.0357,1.9766,5.97,7.8316,0.0978,2.1247,2.7804,9.4158,20.7614,0.0339,0.0308,0.0238,0.0296,0.0226,0.0519,0.0147,0.0516,0.8826,0.0156,0.0013,44.1809,0.0209,308.5773,0.01718985371871502,0.0105,33.2926,0.7367,0.0092,0.1321,0.0114,9.5119,1.3271,5.3434,5.0527,4.0743,2.1212,58.9243,7.9081,3.1393,38.6949,2.1436,1.3358,1.9846,3.1268,55.4063,698.5667,18.972,5.1806,2.4037,4.0916,56.6929,80.5215,16.7266,0.565,2.9167,1.1019,0.2328,5.1679,3.7491,3.0707,11.0078,4.908,2.8236,13.0192,5.4018,2.6028,5.1407,177.2151,4.3873,7.0416,55.3876,636.1514,100.5389,219.5077,0.0,649.9184,39.4165,0.0,33.7381,3.03,1.6869,0.4113,6.9145,38.355,0.0,52.0231,0.0,13.20106276614738,3.5769,16.6175,0.25379999999999997,3.4285,6.1739,1.5766,9.3536,72.764,16.83,0.55,6.9639,0.2335,70.5521,4.17,0.7559,0.6445,0.1412,66.6983,5.23,0.2455,2.4272,0.0948,1.9172,38.0449,532.0973,2.085,7.74,0.3561,2.7235,0.1336,1.4546,17.0809,0.0154,3.0775,0.0243,0.01,41.0782
-1.0,2970.86,2236.1111,2.03,90.4233,1.3582,-0.0364,0.0032,199.4587,9.8188,404.3574,0.9701,189.5231,12.5967,1.3922,-4476.25,-2650.75,1.3105,2.0223,7.563,70.8444,2.4333,0.1863,84.6724,9.0447,64.0033,66.2788,86.2033,82.4,2.69,364.4391,145.9745,756.3401,1.052,133.9664,644.38,61.1889,4.619,4.872,2875.0,0.9225,-3.5727,366.5927,10.3797,122.4018,10.8718,23.5727,30.7204,725.6197,144.5136,633.5082,91.6907,0.0189,-0.0348,0.0153,-0.0028,0.0154,-0.056650000000000006,0.0195,7.4232,0.1306,0.9809,1879.3953,0.1744,8621.7699,-0.0071,0.0828,-0.0058,-0.0502,0.4414928265773457,0.9582,775.5908,0.9913,58.9241,0.5948,0.9804,6.2669,15.95,4.269,15.98,16.01,1.144,0.6757,2.937,0.5204,0.6778,2.212,1009.9953,100.0,175.6,146.6,57.3,832.506,0.4172,0.085,0.0768,0.0461,0.0182,12.1056,5.457,6.347,0.0131,0.25,0.0407,1123.0,2014.0,0.254,0.105,0.433,1.9,1.042,0.6379,0.1897,0.5617,0.3331,0.7248,0.941,0.2589,7.06,13.77,29.286,0.804,19.22,12.77,27.86,42.26,0.064,0.0464,0.0589,0.0614,0.0816,0.1001,0.015000000000000013,0.0878,2.5047,0.0311,0.0024,103.2386,0.0214,1194.9004,0.0135,0.014,0.061822920489176425,0.0185,147.3468,4.0375,0.0334,0.4564,0.0349,3.9099,26.332,66.4725,50.3926,0.1614,2.0354,0.0315,1.9716,0.0671,0.0119,534.5294,470.9907,767.6029,950.5305,0.1096,0.0503,0.1929,0.693,0.0607,0.3108,0.227,0.0675,0.0956,8.666,0.3356,4.8358,0.0731,1.9841,4.2274,9.675,0.2308,4.1844,5.5902,8.6412,14.0595,0.0206,0.0194,0.0277,0.03,0.0232,0.0491,0.006400000000000003,0.0454,0.8146,0.0098,0.0007,36.8184,0.0072,355.5355,0.013922720438507208,0.0067,47.0032,1.2072,0.0102,0.1438,0.0114,9.5119,1.3271,4.5384,5.9107,5.8402,2.5625,53.8284,20.5506,6.2583,55.577,1.5696,1.3541,1.9846,2.9249,39.2069,75.9785,19.3819,5.1922,5.7252,2.6819,61.6438,113.7746,30.4204,0.7534,2.097,0.8776,0.1469,6.4784,9.0016,2.2946,24.6075,5.27,2.1369,47.8616,2.0299,7.7459,5.5636,176.7872,3.8395,12.6118,46.0897,337.9538,71.4946,402.623,0.0,650.0,16.4756,449.1049,33.7416,2.2977,1.3059,0.2413,5.4932,12.2625,0.0,62.0061,467.4157,13.15471881441087,1.929,18.998,0.1623,6.852,7.2823,1.5766,9.3536,72.742,19.31,0.96,8.9973,0.4318,68.3958,4.8235,1.3197,0.165,0.0493,16.0891,5.87,0.299,2.6382,0.1086,2.1615,38.05341532073962,532.0973,2.085,7.74,0.3561,2.7235,0.1336,1.4546,17.0809,0.0117,2.3479,0.0243,0.01,41.0782
-1.0,2914.04,2238.1444,1.0062,91.0489,1.4778,0.0095,0.0016,201.5556,5.9385,399.996,0.9693,191.6192,12.4647,1.4061,-3128.25,48.0,1.2882,1.9988,7.2105,68.2444,2.8667,0.2444,85.0041,8.6472,64.0865,66.3097,86.5763,80.95,2.359,366.3527,131.12,740.2896,1.3795,142.9627,640.4355,187.5749,4.622,4.867,2874.0,0.9222,0.1627,364.8173,10.7442,111.2827,14.6191,19.8373,23.4468,716.8428,149.7164,625.8164,171.74984999999998,0.0077,-0.0379,0.0086,0.0021,0.0118,-0.0135,0.0146,7.9365,0.1282,0.9703,1791.1398,0.2011,8646.3799,0.0881,0.0205,-0.0437,0.0238,0.4576,0.9499,673.5806,0.9891,59.2585,0.5888,0.9813,6.1289,15.78,3.029,15.79,15.75,0.7048,0.5426,3.475,1.419,0.821,2.2826,999.5619,77.0,152.4,176.4,51.0999,1015.8822,0.309,0.1147,0.0654,0.0463,0.0195,7.2381,5.15,13.279,0.0148,0.34,0.047,1116.0,2245.0,0.029,0.16,0.168,1.8,0.473,0.647,0.1272,0.5597,0.3606,0.6954,0.71,0.1606,4.92,17.46,41.683,0.476,19.9,7.73,24.621,46.752,0.0648,0.0547,0.0458,0.0493,0.0764,0.0882,0.0803,0.0989,1.9036,0.0957,0.0042,149.3088,0.056,846.6001,0.0138,0.0318,0.0233,0.0243,137.2324,3.3528,0.0355,0.3454,0.12,3.6912,22.6404,54.3372,54.4898,0.098,4.0681,0.0377,1.3409,0.0863,0.0159,507.3753,185.9256,76.1112,1027.5352,0.0119,0.0678,0.0722,0.671,0.0544,0.1578,0.2597,0.0528,0.1275,7.4082,0.1988,4.467,0.0483,1.2736,5.1709,15.3512,0.1293,2.7424,3.4289,6.9658,17.596,0.0215,0.0246,0.0202,0.0206,0.0242,0.0451,0.0437,0.048,0.7905,0.0315,0.0012,52.9336,0.0163,286.0652,0.0069,0.0089,40.4758,1.0838,0.0122,0.1071,0.0424,7.2796,1.3081,3.4123,5.2299,7.0926,2.2831,77.0342,30.7103,7.7613,86.7216,3.3198,1.5257,2.7277,3.3447,5.8179,0.0,2.2511,8.005,2.3299,2.6376,24.4186,72.4091,14.0097,0.7611,1.471,0.8734,0.2933,6.4664,10.9442,2.3545,11.6406,3.4415,2.7263,22.2221,1.8561,4.4303,7.3686,136.1229,3.4346,10.8691,25.5183,842.2421,108.4242,571.5942,0.0,749.0446,597.026,676.2393,23.9852,2.9631,4.0233,0.4316,8.336,27.8334,651.4725,35.2941,0.0,5.0895,2.5602,20.3736,0.1531,5.6579,5.636,5.2592,9.662,73.254,14.58,0.86,6.8729,0.3555,49.8749,3.7225,1.174,0.165,0.0493,16.0891,4.98,0.0877,2.0902,0.0382,1.8844,15.4662,527.2555,1.3721000000000003,7.49,0.0956,2.3908,0.0318,1.4206,9.7546,0.0141,2.8615,0.0223,0.0152,68.2176
-1.0,2889.78,2211.4,1.3004,97.47,1.4596,-0.0016,0.0284,198.087,6.8766,412.5097,0.973,188.2354,12.3535,1.4007,-2884.25,-13.0,1.2425,1.999,7.3415,70.0222,2.2111,0.1631,84.7391,9.534,64.0518,66.2731,86.2809,77.34,2.305,365.8718,143.87,755.7905,1.2828,140.6445,650.3864,212.2654,4.619,4.872,2875.0,0.9225,1.7909,364.3927,10.3031,125.6609,10.2437,18.2091,21.7279,734.0626,150.0891,640.1427,171.74984999999998,0.0295,0.0053,-0.0157,-0.0043,0.0552,-0.0243,0.0136,8.9808,0.13,0.9916,1749.6527,0.1813,8527.2,-0.1859,-0.0986,0.0439,-0.0471,0.4217006157501573,0.9479,735.4393,0.9893,59.4253,0.5984,0.9793,6.2446,15.95,4.269,15.98,16.01,1.144,0.6757,2.937,0.5204,0.6778,2.212,1009.9953,200.0,58.7,50.3,73.2,1015.8822,0.6226,0.0812,0.0605,0.0406,0.0164,10.0167,3.869,15.999,0.0128,0.36,0.0641,599.0,784.0,0.201,0.154,0.328,4.2,0.715,0.4788,0.26130000000000003,0.7058,0.3168,0.7019,0.686,0.1342,8.06,13.16,33.958,0.59,22.61,17.08,31.459,46.024,0.0709,0.0345,0.0541,0.0608,0.0802,0.0848,0.0816,0.0748,1.2324,0.0902,0.0025,228.7017,0.0471,764.8003,0.018,0.0177,0.04036024508018013,0.0211,68.2197,1.6157,0.0256,0.338,0.0349,3.9099,45.32809999999999,21.4745,15.8153,0.2089,2.2676,0.0261,1.2528,0.1084,0.0235,275.1016,408.4981,1063.1382,336.5789,0.1018,0.0644,0.1371,1.4746,0.0447,0.2124,0.1827,0.0985,0.0825,7.3295,0.2475,5.4073,0.0411,2.269,3.9409,11.1544,0.1754,4.9049,6.3908,9.1761,15.8284,0.0226,0.0154,0.0223,0.025,0.021,0.0382,0.0418,0.0409,0.3796,0.0283,0.0008,69.5019,0.0144,267.122,0.013311364465388043,0.0063,24.2605,0.5061,0.0083,0.1092,0.0114,9.5119,1.3271,9.053150000000002,2.0313,2.0662,3.3101,77.0342,47.8766,5.5632,56.263,3.8785,1.3136,2.9142,4.5791,88.3072,0.0,16.1771,7.7039,4.4678,5.9981,76.8844,77.861,20.3678,0.565,2.9167,1.1019,0.2328,5.6632,8.9803,2.7608,10.4581,5.7308,2.0234,15.9979,2.0299,5.7264,6.9473,220.7217,4.2856,15.75,20.9072,240.0339,54.0752,386.6455,0.0,153.4842,336.1483,547.9853,13.7225,1.8466,3.5396,0.2559,13.0713,25.9827,0.0,34.0645,218.8679,10.996172105752304,2.2255,9.276,0.0847,2.7189,5.4125,1.5766,9.3536,73.674,19.92,0.77,9.5134,0.2953,44.9333,4.9401,1.0452,0.2547,0.0608,23.81,11.969999999999999,0.2387,4.532500000000001,0.1108,4.638249999999999,34.5507,532.0945,2.0071,5.86,0.2919,1.9029,0.0868,1.1013,14.5448,0.0145,2.8832,0.0223,0.0152,68.2176
-1.0,3133.75,2173.2778,0.8525,103.82,1.3956,-0.0075,0.0079,202.5238,5.7745,410.7145,0.9699,192.4377,12.4455,1.4202,-6375.125,4557.6667,1.2783,1.9865,7.4072,72.0111,2.3111,0.1878,83.4425,8.2914,64.6693,66.2522,86.5211,80.39,2.834,352.4345,141.1745,735.5159,1.2808,135.8545,629.4636,182.1479,4.621,4.886,2835.0,0.9327,-2.4818,352.5073,10.3718,118.6927,11.2827,22.4818,30.222,705.2939,146.9809,618.1809,109.7815,0.0078,-0.0274,-0.0026,-0.0046,0.008,-0.056650000000000006,0.0032,7.6854,0.1263,0.9906,1785.7155,0.1937,8797.9399,-0.1212,-0.0009,0.0028,-0.0192,0.43828300569436274,0.954,746.2941,0.9895,58.8897,0.5898,0.9627,6.3921,15.95,4.269,15.98,16.01,1.144,0.6757,2.937,0.5204,0.6778,2.212,1009.9953,109.0,163.3,200.0,46.0999,657.769,0.0674,0.1199,0.0588,0.0496,0.0176,6.5751,6.778,10.095,0.0138,0.35,0.0295,248.0,17919.5,0.111,0.125,0.364,3.1,0.599,0.5328,0.0827,0.6302,0.256,0.634,0.512,0.1314,5.39,15.04,57.696,0.239,17.57,7.53,29.185,58.458,0.0615,0.0448,0.0512,0.0603,0.0791,0.0735,0.0338,0.0681,3.4915,0.0431,0.0012,130.0428,0.1254,1376.0996,0.0177,0.0172,0.03481507508277121,0.0055,163.7336,4.2818,0.0412,0.2442,0.0349,3.9099,27.7411,51.4367,59.7716,0.0241,3.9649,0.0385,2.3411,0.0856,0.0087,112.5877,207.9663,5823.189049999999,8994.62525,0.0456,0.0519,0.1517,1.0216,0.0329,0.1834,0.2087,0.0377,0.101,5.1999,0.1566,7.0336,0.0399,1.4992,4.4185,14.0575,0.0792,2.2158,2.7836,9.3051,16.985,0.0202,0.0194,0.0225,0.0273,0.0206,0.0403,0.016,0.0325,1.3304,0.0158,0.0004,43.745,0.0364,365.1615,0.011576197191136044,0.0021,44.5399,1.1886,0.0147,0.0839,0.0114,9.5119,1.3271,4.8904,5.211,7.4812,2.1212,58.9243,7.9081,8.5913,117.3791,2.4579,1.42,2.8123,2.0793,186.2553,521.473,8.6837,6.2925,4.9141,4.3049,56.25,47.929,17.8032,0.6385,0.9975,0.9745,0.2246,5.0733,4.0021,3.0561,10.2613,3.9675,2.3893,31.6754,5.4018,2.3043,5.628,155.7254,4.138,8.205,53.2494,789.0938,79.257,0.0,0.0,915.8879,46.5084,0.0,45.4305,2.3747,1.7597,0.1209,7.2824,63.31987047269746,0.0,49.2476,0.0,6.187290062869581,0.5749,21.9396,0.0937,7.271,3.8198,1.5766,9.3536,71.724,13.24,1.25,5.6606,0.4689,33.9696,3.2978,1.7428,0.6445,0.1412,66.6983,6.49,0.0534,2.9317,0.0208,2.4136,6.8594,532.0973,2.085,7.74,0.3561,2.7235,0.1336,1.4546,17.0809,0.0104,2.0812,0.0223,0.0152,68.2176
-1.0,3190.78,2191.2111,2.2073,97.6444,1.3873,-0.0135,-0.0086,199.4115,6.7134,418.758,0.9769,189.3459,12.4933,1.3895,-4483.5,-1487.0,1.298,1.9895,7.2195,70.2556,2.2556,0.178,84.7632,9.0402,63.9938,66.339,85.9998,63.93999999999998,4.31,348.8436,142.48,734.8748,0.9759,138.9136,630.2373,76.0543,4.584,4.79,2855.0,0.9323,0.67,351.1109,10.3573,123.15,7.4813,19.33,23.9156,710.9593,149.37,623.6309,124.6452,-0.0078,-0.0056,0.0015,-0.0039,-0.0015,-0.0194,0.0197,6.9215,0.1281,0.9847,1745.2288,0.1795,9291.4401,0.0596,0.0725,-0.0115,0.064,0.45794281253712277,0.9618,813.2519,0.9888,59.1841,0.5869,0.9657,6.3592,16.02,4.253,16.07,16.08,1.154,0.6841,2.993,-0.5204,0.7492,2.1919,1015.5678,109.0,201.6,322.99999999999994,55.9001,425.889,0.423,0.1315,0.0848,0.0382,0.0087,10.6311,8.982,19.816,0.008,0.6,0.0694,1713.0,4837.0,0.114,0.172,0.204,3.1,0.677,0.5484,0.1324,0.543,0.3245,0.6941,0.506,0.1134,7.07,18.06,24.457,0.203,13.72,3.59,28.5681,96.887,0.073,0.0429,0.0314,0.0503,0.091,0.0979,0.0804,0.0471,4.3294,0.0316,0.0036,206.9414,0.0498,1597.5005,0.0156,0.0151,0.06348154229536795,0.0277,177.3962,2.8739,0.0355,0.3964,0.0321,7.1978,27.6382,59.9831,108.1849,0.1392,2.0908,0.0455,2.94,0.109,0.0209,738.2886,146.0168,1526.5575,2248.9626,0.0522,0.0731,0.091,1.0737,0.0557,0.2249,0.2186,0.0522,0.1543,5.31,0.1597,8.4123,0.0351,2.6893,5.332,7.8156,0.0649,1.0657,1.5888,9.0435,33.7282,0.0188,0.021,0.0141,0.0221,0.0307,0.0476,0.0395,0.0223,1.2188,0.0116,0.0012,63.4177,0.014,468.4676,0.015044534437936963,0.0076,54.1109,0.9869,0.0114,0.1376,0.0088,9.7599,2.3114,4.891,6.3182,12.8651,2.5511,29.6271,19.1644,9.4786,133.7928,4.7321,0.8154,4.8026,4.9953,81.3204,325.2858,8.7827,8.6454,2.8257,4.4125,75.3695,94.382,20.4642,0.647,1.4647,0.8485,0.1387,4.2369,6.5413,3.8089,11.6193,5.0895,2.8656,32.1573,5.7625,1.96,7.3406,183.3906,4.0182,10.5911,77.7302,935.8974,66.0762,0.0,0.0,0.0,414.433,239.6947,62.5503,2.42,1.3242,0.3669,11.8576,27.7375,0.0,60.5042,400.0,13.326325907739689,2.8813,21.8132,0.1196,4.8558,6.2337,1.4657,18.4824,73.254,14.53,1.33,6.7381,0.5058,27.0176,3.6251,1.8156,0.3709,0.0841,37.6775,5.85,0.2589,2.4456,0.0924,2.3067,31.6788,539.0691,1.3721000000000003,15.390000000000002,0.6164999999999999,5.3345,0.18730000000000002,2.8874999999999993,28.50255,0.0118,2.3664,0.0137,0.0326,237.4625
-1.0,2953.63,2191.2111,2.2073,97.6444,1.3584,-0.0024,-0.0048,199.4944,6.7114,419.9051,0.9767,189.4517,12.4933,1.3998,-4770.5,-1233.5,1.3105,2.01,7.3385,67.4222,2.5889,0.2138,84.7632,9.0402,63.9938,66.339,85.9998,63.93999999999998,4.31,349.6618,140.7673,733.13,0.9855,139.4264,629.8555,76.1443,4.584,4.79,2855.0,0.9323,1.7273,352.6545,10.3356,122.4945,6.9615,18.2727,22.174,710.956,148.9009,624.05,116.6005,-0.0174,-0.0411,0.0097,-0.0102,-0.0005,-0.019,0.0023,7.7423,0.1288,0.9898,1799.5364,0.2181,8237.8599,-0.23135,0.0428,0.0682,-0.103,0.4638034633704524,0.9579,716.2675,0.9887,59.4499,0.5925,0.9647,6.3662,16.02,4.253,16.07,16.08,1.154,0.6841,2.993,-0.5204,0.7492,2.1919,1015.5678,200.0,186.5,91.8,55.9001,425.889,0.423,0.1469,0.0766,0.0425,0.0094,10.5341,7.294,26.046,0.0082,0.6,0.0412,216.0,3080.0,0.171,0.082,0.121,3.2,0.665,0.5484,0.1324,0.543,0.3245,0.6941,0.871,0.1081,8.99,22.73,24.89,0.46,15.52,5.61,30.426,54.734,0.0663,0.0395,0.0458,0.0436,0.0528,0.0778,0.0906,0.0714,3.7453,0.073,0.0025,87.9587,0.1254,1246.6997,0.0255,0.0177,0.0569400561519503,0.024,131.4264,2.4754,0.053,0.4394,0.0321,7.1978,45.32809999999999,55.8015,33.2225,0.1392,2.0908,0.0492,2.1989,0.109,0.0133,90.5626,100.6525,2583.1096,1616.9167,0.073,0.0378,0.0522,1.141,0.0562,0.2094,0.2186,0.0522,0.1543,5.821,0.2293,8.7378,0.0367,2.7741,6.115,9.9077,0.1342,1.7789,1.9111,9.5353,17.1392,0.0176,0.0164,0.0202,0.0202,0.019,0.0423,0.0456,0.0341,1.2835,0.0247,0.0008,36.9457,0.0374,381.596,0.015565413261487714,0.0089,46.3759,0.9074,0.0177,0.1411,0.0088,9.7599,2.3114,9.053150000000002,6.3143,3.8506,2.5511,29.6271,19.1644,10.8144,108.6813,6.2028,0.8395,4.8026,2.9462,113.7617,249.696,13.0485,4.0796,1.6488,4.7462,54.0773,83.7318,20.458,0.647,1.4647,0.8485,0.1387,6.2975,8.1766,4.015,10.9678,6.4479,3.6088,32.6879,5.7625,4.4506,7.6575,222.9405,4.2796,7.9223,46.9415,381.3084,96.1656,448.329,519.2379,0.0,477.4704,0.0,48.3747,4.4743,3.0851,0.2556,4.8879,63.31987047269746,910.6109,21.8402,556.5217,12.496581637849372,2.5012,18.3488,0.1174,4.1638,6.902,1.4657,18.4824,72.346,7.754999999999999,1.12,3.591300000000003,0.4481,38.7611,1.8687000000000005,1.5481,0.3709,0.0841,37.6775,8.55,0.0743,3.105,0.0296,3.3294,8.7297,523.3110000000001,1.3721000000000003,15.390000000000002,0.6164999999999999,5.3345,0.18730000000000002,2.8874999999999993,28.50255,0.0188,3.7853,0.0137,0.0326,237.4625
-1.0,3182.87,2162.1333,0.8826,104.9722,1.4248,0.0101,-0.0009,201.8366,12.3771,412.0583,0.9777,192.4215,12.6122,1.4082,-2220.5,-798.3333,1.2785,1.9958,7.3575,74.6556,2.1444,0.1494,85.04,8.8097,64.1009,66.5094,86.7776,80.46,2.71,348.4291,138.2709,729.5885,0.9966,137.9227,624.6227,105.381,4.582,4.84,2842.0,0.9331,1.8609,351.4773,10.3644,120.1318,7.1114,18.1391,22.7275,706.861,149.1073,620.7164,118.152,0.0327,0.0103,0.0917,-0.0034,-0.0145,-0.0068,0.0452,7.9823,0.1174,0.9917,1812.2034,0.1754,8901.3802,0.1162,0.0195,0.0144,0.031,0.4622,0.9545,759.6441,0.99,59.305,0.5982,0.9638,6.2388,15.78,3.029,15.79,15.75,0.7048,0.5426,3.475,1.419,0.821,2.2826,999.5619,104.0,155.7,145.3,53.2,584.3929,0.1655,0.0946,0.0633,0.0347,0.0068,5.5908,8.176,13.32,0.0058,0.22,0.0489,870.0,17457.0,0.258,0.108,0.308,4.3,0.956,0.7769,0.1312,0.6313,0.3188,1.0223,0.505,0.114,9.23,18.94,15.275,0.238,17.3,15.04,35.166,86.052,0.0639,0.0472,0.0736,0.0386,0.0829,0.1193,0.1035,0.0984,3.1819,0.1109,0.0008,71.1438,0.1254,840.7998,0.0254,0.0127,0.0219,0.0127,76.7939,1.6563,0.0438,0.2757,0.12,3.6912,26.5691,47.0759,49.2127,0.0551,3.5752,0.0283,3.1073,0.0618,0.02,411.3922,319.7461,2921.9348,8735.6605,0.1198,0.0456,0.1364,1.4371,0.0198,0.2687,0.399,0.0526,0.1199,4.9588,0.1494,9.7272,0.0316,2.7093,6.0,4.6984,0.0727,4.4678,5.7464,11.2456,26.6898,0.0197,0.0213,0.0313,0.0159,0.022,0.0568,0.048,0.0457,0.9764,0.035,0.0002,22.7794,0.0374,296.4978,0.0075,0.0043,26.0936,0.5244,0.0154,0.0987,0.0424,7.2796,1.3081,4.8396,4.8918,5.8887,2.4605,58.5031,18.7508,6.6394,66.0575,3.2325,0.5892,1.7443,3.4718,283.5848,0.0,20.1799,5.4115,4.1862,5.7598,51.2953,38.1413,28.6475,0.9136,1.4895,0.9849,0.1991,5.1632,13.8496,4.0384,11.4353,6.6922,3.0322,14.495,5.4304,2.2963,7.4918,243.2696,4.975,11.284,72.8316,195.6372,103.2823,42.0708,0.0,822.7586,0.0,217.8196,39.8616,1.2778,4.5051,0.0842,3.9258,63.31987047269746,0.0,61.8725,0.0,4.7375,1.3291,10.1092,0.134,2.7929,4.4193,5.2592,9.662,74.172,20.48,0.69,8.9765,0.2574,72.2377,5.0224,0.9303,0.5362,0.1182,57.0677,4.98,0.0877,2.0902,0.0382,1.8844,15.4662,532.6345,2.0657,10.16,0.4359,3.3109,0.1592,1.9075,21.0996,0.026000000000000006,5.21645,0.0137,0.0326,237.4625
-1.0,2982.67,2173.4889,0.9402,104.0556,1.3762,-0.0206,-0.0104,197.9422,9.0685,397.0925,0.9787,188.4241,12.5718,1.4124,-5356.75,-6954.75,1.3228,2.001,7.421,73.9,2.1556,0.1502,85.3182,8.5298,64.3121,65.9458,86.976,63.93999999999998,5.041,364.5245,130.8427,738.2862,1.4298,149.1964,644.5636,186.1321,4.622,4.867,2874.0,0.9222,2.5055,362.5527,10.7566,113.3482,17.6454,17.4945,24.0673,714.2189,151.0173,626.9182,102.5629,-0.0134,0.0737,0.0268,-0.0276,-0.0021,0.0166,0.0125,6.6461,0.133,0.9687,1771.2594,0.1743,8612.48,-0.0705,-0.0735,-0.0088,-0.0929,0.42331557396490793,0.9622,713.1851,0.9916,59.2558,0.5929,0.9712,6.2464,15.95,4.269,15.98,16.01,1.144,0.6757,2.937,0.5204,0.6778,2.212,1009.9953,114.0,144.2,112.7,54.7,486.5,0.1361,0.1372,0.0866,0.0489,0.0062,10.413,3.811,9.88,0.0067,0.3,0.0761,666.0,12376.0,0.1,0.08,0.095,2.0,0.479,0.7914,0.1162,0.7661,0.4146,0.8763,0.835,0.22,6.55,17.07,54.603,0.488,15.59,11.78,24.405,66.772,0.068,0.0677,0.0585,0.0453,0.0281,0.0787,0.0825,0.1419,4.3027,0.0495,0.0062,134.0313,0.0535,458.2998,0.0154,0.015,0.04731403797852085,0.0202,39.21,1.4759,0.0331,0.3529,0.0349,3.9099,29.9733,47.9794,41.8372,0.0536,3.6996,0.0505,1.2387,0.0742,0.0251,306.0441,193.9046,3784.9203,5683.397,0.0469,0.0353,0.0412,0.6964,0.0399,0.1647,0.3154,0.0435,0.041,8.2205,0.243,4.7116,0.057,2.1375,4.623,17.8469,0.1487,3.4251,4.4732,6.8505,21.8505,0.0157,0.0281,0.024,0.0198,0.0064,0.0352,0.0413,0.065,1.38,0.0169,0.0019,41.0121,0.0177,138.9388,0.012823839062843397,0.0074,13.1035,0.5487,0.0093,0.1205,0.0114,9.5119,1.3271,5.1493,4.8346,4.4343,2.5167,42.4595,14.4775,9.9695,42.0244,2.4881,0.687,2.3863,5.3846,146.7868,177.9503,7.56,3.998,1.2802,2.7064,55.6701,88.5355,13.5205,0.9276,1.3621,1.1912,0.3877,7.0805,10.6999,2.5812,15.3873,4.3902,2.6483,29.3356,1.8561,4.5367,3.7936,88.3515,3.417,15.1304,65.1035,508.4112,165.0213,168.7151,101.9732,0.0,497.7376,0.0,64.7406,1.2786,2.0288,0.6428,7.567,30.6801,0.0,29.6774,567.0886,12.081565237242344,2.1025,5.4979,0.0565,2.4908,5.6499,1.5766,9.3536,73.254,14.53,1.33,6.7381,0.5058,27.0176,3.6251,1.8156,0.3064,0.0642,31.7663,4.98,0.0877,2.0902,0.0382,1.8844,15.4662,524.4955,1.3721000000000003,11.12,0.1474,4.055,0.0527,2.1201,13.5037,0.0146,2.9448,0.0137,0.0326,237.4625
-1.0,2983.73,2162.1333,0.8826,104.9722,1.3897,-0.0091,-0.0024,202.3476,5.7019,420.2199,0.97,192.3685,12.498,1.382,-4586.5,-2634.0,1.302,2.003,7.2595,71.6,1.9,0.1437,85.3687,9.97415,63.7914,66.4257,86.8485,80.27,3.244,368.1345,128.7209,738.9932,1.4442,142.4964,639.3518,201.6134,4.595,4.812,2889.0,0.9179,1.9764,365.4827,10.8522,110.6973,18.3982,18.0236,25.3216,713.6715,144.7736,620.9536,96.3215,0.0145,0.06,0.0108,-0.0022,0.0055,0.0045,0.0251,7.952,0.1378,0.9887,1833.0663,0.1774,8543.79,0.1024,0.0493,-0.1106,0.0336,0.4304386078340805,0.9522,740.7427,0.9891,58.9062,0.5918,0.9666,6.2651,15.78,3.029,15.79,15.75,0.7048,0.5426,3.475,1.419,0.821,2.2826,999.5619,112.0,243.6,174.6,53.2,584.3929,0.1655,0.101,0.0769,0.0563,0.0174,5.6887,7.0,7.106,0.0126,0.29,0.0305,603.0,2276.0,0.083,0.055,0.165,4.3,0.441,0.7025,0.058,0.6831,0.2769,1.0002,0.531,0.2019,3.86,17.34,33.073,0.675,18.49,10.9,24.273,42.425,0.0581,0.0583,0.0559,0.0888,0.0645,0.0986,0.0827,0.0918,2.6209,0.0511,0.0011,123.2194,0.0295,1548.7002,0.0123,0.0199,0.04213468269701953,0.0262,151.9507,4.1868,0.0439,0.2593,0.12,3.6912,29.2272,77.4893,56.5189,0.0551,3.5752,0.038,2.1891,0.08,0.0112,278.0587,192.688,906.3894,1294.3153,0.0357,0.0242,0.0684,1.4874,0.0326,0.1434,0.2942,0.0234,0.1159,6.9554,0.1719,4.9589,0.0563,1.3224,4.6483,11.2679,0.1849,3.073,4.2654,7.3844,13.7825,0.0201,0.0274,0.0243,0.0377,0.0217,0.0505,0.0425,0.0469,0.8179,0.0176,0.0004,39.2258,0.0102,526.9199,0.01468399298254031,0.0096,55.939,1.2392,0.0176,0.0882,0.0424,7.2796,1.3081,5.0527,8.1643,7.0979,2.4605,58.5031,18.7508,7.268,122.7659,1.691,1.2952,2.3204,2.204,36.8037,86.4085,6.3748,2.7459,2.2729,6.0056,52.6316,82.1346,13.219,0.8229,0.4281,1.0708,0.1137,5.8267,9.6566,2.6138,13.978,2.7088,2.7121,16.4042,1.9247,6.2199,4.0832,100.4992,3.4011,16.7202,44.0452,399.6561,97.8598,764.9995,0.0,0.0,0.0,365.0099,32.9582,3.8064,2.1401,0.115,6.722,16.6227,0.0,40.0,392.4528,13.311720700251383,2.75,20.5133,0.1533,7.1075,4.1388,5.2592,9.662,73.576,18.91,0.69,8.5266,0.2888,77.0549,4.6645,0.9378,0.165,0.0493,16.0891,7.92,0.1025,3.0699,0.0376,2.9141,19.096,531.4591,1.9611,9.66,0.2474,3.2073,0.0799,1.8176,12.6151,0.024,4.7785,0.0152,0.0077,50.5947
-1.0,3110.08,2208.9778,2.421,97.84,1.3857,-0.0088,-0.0032,198.9654,5.8801,411.6597,0.9732,188.6574,12.5204,1.426,-3818.0,-676.25,1.2853,1.9865,7.3248,68.0,2.4444,0.2113,84.4782,9.2064,64.0409,66.2931,86.233,79.12,3.084,350.0282,142.4191,734.8131,1.3265,141.29,633.7373,227.9861,4.604,4.84,2836.0,0.9325,3.3064,349.27,10.3575,125.7255,10.4755,16.6936,23.6178,711.1953,148.2664,623.2618,95.2699,0.0056,-0.0246,0.012,0.0128,-0.0034,-0.024,0.11345000000000001,7.9125,0.13,0.9586,1741.9735,0.1173,9365.12,-0.0711,0.0381,0.0823,0.0193,0.4681703706030639,0.9296,847.2295,0.9918,58.9476,0.5881,0.9795,6.3529,15.7,2.626,15.73,15.69,0.8089,0.4628,3.413,1.419,0.8557,2.2732,995.0191,106.0,177.3,216.9,54.9001,568.2379,0.6965,0.0924,0.074,0.0431,0.0196,10.6767,6.823,21.451,0.0115,0.81,0.0339,125.0,17919.5,0.123,0.111,0.269,2.7,0.387,0.428,0.136,0.7628,0.3033,0.6776,0.568,0.0925,7.76,18.89,51.613,0.205,18.51,4.12,28.502,68.713,0.0833,0.0173,0.0287,0.0128,0.0736,0.1029,0.0834,0.0383,3.226,0.0684,0.013699999999999999,220.2716,0.0768,1107.5996,0.0103,0.0156,0.033590474697833994,0.0249,93.3183,2.4794,0.0304,0.3937,0.118,3.5594,30.1272,63.0522,79.6744,0.2168,1.1925,0.0283,2.0644,0.1284,0.0103,53.3979,214.4176,798.643,8994.62525,0.0574,0.046,0.1277,0.8471,0.0387,0.1347,0.1657,0.0566,0.0765,5.3497,0.1839,8.0542,0.028,2.2097,5.1812,16.6362,0.065,1.4644,2.1083,9.6427,22.2983,0.0217,0.008,0.0122,0.0055,0.0202,0.0516,0.0429,0.0178,1.0512,0.0254,0.0046,68.1241,0.0216,312.882,0.009420314493033731,0.007,27.8133,0.6624,0.0109,0.1293,0.0417,6.5818,1.1881,4.8067,5.7008,8.6498,2.4853,44.2135,28.7688,6.6682,116.0356,5.2109,1.1828,6.4694,2.3801,43.0592,0.0,9.5701,5.5877,3.6725,3.9706,45.0,48.265,12.1182,0.5066,1.4774,1.1911,0.1854,5.691,3.7565,3.5225,6.9721,5.4922,2.9807,22.6387,9.842500000000001,1.9793,7.0312,176.6981,4.0076,11.6004,72.1246,0.0,72.0083,106.8894,574.1589,0.0,347.5,33.3116,40.7709,1.8466,2.8746,1.3944999999999999,12.6449,63.31987047269746,843.2432,34.4725,897.561,7.656519195680121,2.6794,11.0145,0.041,4.2062,6.1969,5.1925,8.9223,73.774,19.36,0.64,8.6308,0.2601,71.2784,4.7521,0.8675,0.3709,0.0841,37.6775,4.98,0.0877,2.0902,0.0382,1.8844,15.4662,530.9445,1.9567,8.08,0.3375,2.9648,0.1018,1.5218,17.2472,0.0118,2.3534,-0.0047,0.0134,255.5817
-1.0,3028.4,2173.4889,0.9402,104.0556,1.3089,0.0016,-0.0123,197.7262,9.9245,403.3962,0.9794,187.787,12.5276,1.4157,-3701.25,-35.25,1.2897,1.972,7.2198,67.9222,2.8556,0.2352,85.549,8.7556,64.0533,66.2801,86.5808,63.93999999999998,4.194,347.7955,144.2945,736.416,1.071,134.3291,626.4191,60.4981,4.619,4.856,2835.0,0.9323,-2.1009,351.1936,10.3261,122.1936,8.2235,22.1009,26.8251,709.5909,147.1909,620.5782,101.1742,0.0019,-0.0317,0.1061,-0.0208,-0.0091,-0.0223,0.0548,8.0927,0.1423,0.9878,1795.9323,0.1938,8718.7999,-0.0531,-0.0428,0.0254,0.0011,0.4652893262140205,0.9523,751.6147,0.9897,58.1609,0.5857,0.9794,6.1815,15.7,2.626,15.73,15.69,0.8089,0.4628,3.413,1.419,0.8557,2.2732,995.0191,133.0,58.9,104.3,54.7,486.5,0.1361,0.0981,0.0729,0.0735,0.0081,11.6813,9.216,8.62,0.0073,0.24,0.0719,763.0,1270.0,0.093,0.111,0.261,1.8,0.522,0.7299,0.0798,0.4009,0.1522,0.735,0.552,0.2098,10.98,21.55,29.961,0.163,15.21,10.1,35.152,74.808,0.0827,0.0199,0.0345,0.0262,0.0724,0.1037,0.0646,0.0972,3.16,0.0364,0.0011,161.2598,0.1254,644.2002,0.0118,0.0086,0.06480705491203759,0.0074,72.2278,1.7432,0.0293,0.4349,0.118,3.5594,27.0108,21.4744,33.8293,0.0536,3.6996,0.0395,2.7959,0.0608,0.0256,329.76,228.4243,642.679,580.8605,0.0412,0.0464,0.1207,0.5696,0.0574,0.1743,0.2898,0.0306,0.1331,5.5107,0.1753,7.9155,0.0562,3.4753,7.1329,7.4795,0.0615,2.9512,3.7752,11.1563,20.4973,0.0274,0.0084,0.0155,0.0114,0.0199,0.056,0.0343,0.0462,1.2092,0.012,0.0003,48.7259,0.0374,223.3727,0.013190073982965693,0.0024,27.7581,0.5476,0.0097,0.1389,0.0417,6.5818,1.1881,6.0537,1.9449,4.1958,2.5167,42.4595,14.4775,7.4948,92.8607,2.1369,0.7423,1.9158,5.0786,36.1499,0.0,7.2107,5.6288,3.6151,2.6501,38.5214,73.1223,15.7964,0.8532,0.9111,0.6259,0.2728,5.7419,4.1582,3.5155,19.5868,8.174,3.4402,49.5239,6.3324,1.5785,7.9628,184.9568,4.9538,11.2207,73.9398,0.0,267.1141,24.7053,348.0769,0.0,290.0112,177.3723,39.0471,0.7731,1.5163,0.1158,8.9792,63.31987047269746,0.0,77.0138,556.5217,12.061488244481465,0.7793,9.6097,0.1433,2.9972,7.0348,5.1925,8.9223,73.254,14.53,1.33,6.7381,0.5058,27.0176,3.6251,1.8156,0.3064,0.0642,31.7663,11.72,0.0615,4.334,0.0244,4.5697,10.1182,531.2836,1.8915,7.62,0.3249,2.579,0.1108,1.4343,17.1775,0.0166,3.2817,-0.0047,0.0134,255.5817
-1.0,2987.39,2173.2778,0.8525,103.82,1.4352,-0.0113,-0.0282,203.0811,4.9651,398.8057,0.9701,193.0844,12.3535,1.4159,-4919.5,-5696.6667,1.319,1.971,7.3817,70.1778,2.1111,0.1723,84.6927,8.8973,64.1619,66.3435,86.4023,80.92,3.093,367.7782,141.5473,752.8329,1.2603,141.1391,650.4645,173.6658,4.619,4.877,2878.0,0.9201,0.7864,364.4182,10.4627,122.3336,12.6175,19.2136,23.1222,729.7107,152.5382,639.29,171.74984999999998,0.0067,-0.0318,0.0199,-0.0143,-0.0016,-0.0154,0.03,8.0749,0.1354,0.9881,1745.1442,0.1771,8890.0601,-0.0762,0.0093,0.013,-0.0551,0.4217006157501573,0.9394,753.9951,0.9893,59.3716,0.5919,0.9777,6.56,15.7,2.626,15.73,15.69,0.8089,0.4628,3.413,1.419,0.8557,2.2732,995.0191,133.0,82.5,91.9,46.0999,657.769,0.0674,0.1192,0.0959,0.0424,0.0192,9.4768,3.674,15.474,0.0146,0.36,0.0388,571.0,9482.0,0.091,0.091,0.296,2.0,0.724,0.5756,0.0521,0.6154,0.368,0.8014,0.548,0.1955,7.11,10.94,34.951,0.963,15.33,13.64,28.407,44.235,0.0692,0.025,0.0308,0.0794,0.0599,0.1001,0.0888,0.0755,2.7253,0.0422,0.0027,150.5732,0.1061,1880.2002,0.0205,0.0156,0.044924700223516634,0.0122,187.2734,1.569,0.0247,0.3797,0.118,3.5594,27.0108,27.1706,35.2632,0.0241,3.9649,0.0399,1.1907,0.1084,0.0128,293.8314,292.6401,2343.4882,4741.9454,0.0425,0.0425,0.1266,0.7172,0.0307,0.2479,0.2162,0.0253,0.055,5.4234,0.2175,5.2081,0.0518,2.0863,3.3855,11.4252,0.2681,4.181,5.462,8.5671,14.4075,0.0217,0.0104,0.0139,0.036,0.0185,0.05,0.0477,0.0339,0.871,0.0163,0.0008,53.1581,0.0307,494.5663,0.013910072125936236,0.0037,51.6928,0.4924,0.0085,0.1185,0.0417,6.5818,1.1881,6.0537,2.7616,3.6056,2.1212,58.9243,7.9081,8.3055,73.9966,3.8801,1.5101,2.9142,2.7438,100.9452,166.4482,6.8992,4.6169,4.0099,2.8499,47.3684,47.0019,21.5405,0.6796,0.5859,0.9591,0.3639,4.0051,8.5978,2.6691,15.5147,5.0376,1.6819,20.1254,2.066,9.2041,5.5422,121.498,3.8929,16.6294,20.8699,0.0,183.4862,398.4944,419.4311,0.0,574.7573,252.0868,33.7499,2.7317,1.7462,0.2696,8.6281,59.9256,0.0,64.3815,0.0,13.256918486815634,1.296,24.8375,0.11,2.6426,5.7878,5.1925,8.9223,72.85,17.59,0.92,8.6565,0.4113,62.3718,4.322,1.2629,0.6445,0.1412,66.6983,9.41,0.0903,3.5719,0.0346,3.3851,13.9989,531.1754,2.0396,8.09,0.2678,2.645,0.0775,1.523,13.1304,0.0138,2.7539,-0.0047,0.0134,255.5817
-1.0,3225.54,2211.4,1.3004,97.47,1.3671,-0.0197,0.0056,197.6525,11.9039,404.9175,0.9707,187.7049,12.4018,1.3599999999999999,-5367.5,-7175.24995,1.2492,1.9698,7.283,68.5889,1.7444,0.1408,86.9779,8.8356,63.9719,66.3989,86.3856,63.93999999999998,5.041,346.4936,129.4327,715.0334,1.4432,149.1209,625.0473,190.0059,4.544,4.777,2837.0,0.9324,0.9573,345.1773,10.6292,110.39,18.3273,19.0427,28.1684,686.865,151.1527,606.72,135.0126,0.0131,0.0715,0.006,-0.0053,0.0137,0.017100000000000004,-0.0067,7.9317,0.1278,0.9868,1811.3774,0.1669,8548.33,0.0077,-0.0056,-0.0331,0.0178,0.45796029690601703,0.9481,695.007,0.9914,58.4191,0.596,0.975,6.1189,15.95,4.269,15.98,16.01,1.144,0.6757,2.937,0.5204,0.6778,2.212,1009.9953,71.0,176.7,149.6,73.2,1015.8822,0.6226,0.0789,0.0814,0.0812,0.0176,11.5952,12.873,9.16,0.0135,0.27,0.128,448.0,3988.0,0.149,0.192,0.404,1.8,0.463,0.4518,0.2188,0.8643,0.4071,0.7421,0.246,0.2469,9.12,17.18,64.149,0.941,23.44,8.91,34.067,117.266,0.0677,0.0404,0.0174,0.0619,0.103,0.0632,0.0721,0.0513,3.9724,0.0574,0.0017,156.2982,0.0418,1466.2998,0.0095,0.0097,0.07385909307453128,0.0182,119.3787,4.8582,0.0494,0.3762,0.0349,3.9099,20.1882,61.0019,58.3481,0.2089,2.2676,0.0274,4.3327,0.0797,0.045799999999999993,214.6152,102.2204,1949.9136,2819.9418,0.0627,0.0807,0.2041,0.5372,0.0561,0.1341,0.1777,0.085,0.0615,5.8239,0.0758,9.3746,0.0741,2.2681,4.9407,19.8878,0.2473,2.19,2.7635,10.7998,36.5845,0.0219,0.0184,0.0086,0.0339,0.0251,0.0308,0.0356,0.0274,1.2221,0.0182,0.0005,50.3549,0.0131,556.8805,0.01665288110453594,0.0058,50.2617,1.3881,0.0174,0.1273,0.0114,9.5119,1.3271,3.1987,5.4782,5.9831,3.3101,77.0342,47.8766,5.7715,108.1409,2.2622,1.39,2.1771,9.13815,78.6027,39.2172,11.9272,9.7474,5.5472,2.6243,91.7197,137.8058,13.1576,0.5194,2.4766,1.3511,0.2199,5.2642,14.6485,4.4841,17.1055,6.1158,2.7486,33.7616,6.6541,8.853,17.537999999999997,127.8967,4.9598,16.6631,86.8556,515.3187,62.1778,0.0,0.0,463.0037,313.4783,761.8812,50.0831,1.4871,2.3558,0.1685,8.6287,25.0248,657.6271,63.4409,0.0,14.979851169900963,1.9204,17.1766,0.189,8.3161,6.148,1.5766,9.3536,73.59,17.52,1.02,7.688,0.3803,67.5067,4.5636,1.3861,0.5028,0.1051,53.0018,4.98,0.0877,2.0902,0.0382,1.8844,15.4662,529.5182,2.113,10.65,0.3068,3.6722,0.0921,2.0113,14.5194,0.026000000000000006,5.21645,-0.0047,0.0134,255.5817
-1.0,3033.78,2226.4667,2.1717,90.3111,1.5132,-0.0217,0.008,197.4805,9.4057,401.848,0.9768,187.9686,12.5718,1.4205,-2083.25,3893.75,1.2797,1.9585,7.2875,72.9667,1.9222,0.1324,83.7266,8.3808,64.7177,66.4761,86.625,79.55,2.809,347.5618,144.0964,734.056,1.2611,137.6555,629.3136,190.2266,4.605,4.913,2822.0,0.9325,0.2236,349.17,10.093,124.32,11.3066,19.7764,25.9046,708.1514,145.8136,619.3036,101.7309,-0.0165,-0.04,0.0113,-0.0357,0.0203,-0.053,0.0249,7.5438,0.1303,0.9911,1812.8228,0.1637,9005.66,-0.0571,0.0195,-0.0303,-0.0377,0.45659790506898124,0.9483,777.6624,0.9891,58.2492,0.587,0.9668,6.2729,15.95,4.269,15.98,16.01,1.144,0.6757,2.937,0.5204,0.6778,2.212,1009.9953,94.0,151.2,94.3,51.0999,792.778,0.4061,0.23175000000000004,0.074,0.0663,0.0083,11.5928,2.897,10.527,0.0082,0.3,0.049,870.0,16595.0,0.159,0.096,0.382,2.6,0.713,0.6762,0.1058,0.5286,0.1557,0.6222,0.679,0.1112,5.95,20.03,50.353,0.342,13.18,10.86,33.291,87.211,0.0735,0.0436,0.0513,0.0405,0.0402,0.1127,0.0273,0.0818,2.9533,0.0321,0.0012,156.0674,0.0624,1605.9004,0.0171,0.0149,0.026809521375090184,0.0098,189.3428,3.6105,0.0395,0.3058,0.0349,3.9099,25.2282,56.8791,37.9666,0.1508,2.4603,0.08085,1.119,0.0742,0.0166,372.0989,62.002,4298.4804,8181.7142,0.069,0.0405,0.1684,0.9179,0.0486,0.2194,0.2631,0.0456,0.0887,6.8055,0.2181,8.3559,0.0358,2.0166,6.6449,13.4275,0.0868,3.0312,3.2814,10.3492,30.6445,0.019,0.0193,0.0242,0.0191,0.0125,0.0581,0.0124,0.0411,1.1147,0.0094,0.0003,47.4801,0.0248,449.0775,0.009450899379395061,0.0035,54.4279,1.0032,0.0144,0.094,0.0114,9.5119,1.3271,4.2717,4.9839,3.9081,2.2951,49.8219,18.6989,16.1177,30.8004,2.6196,0.8379,2.3863,3.4523,298.58439999999996,426.1958,12.4243,4.9017,5.2419,3.5633,57.2254,121.5604,20.6321,0.8076,1.2629,0.8168,0.2418,6.0565,9.0426,3.7293,8.8215,4.3224,3.1828,26.47,7.1004,3.3885,17.463,116.5689,4.7011,27.4017,85.7271,446.1305,65.5639,358.4071,112.4476,555.857,51.5337,329.1751,39.1481,2.9921,1.3485,0.1242,8.6091,38.1416,0.0,73.5202,0.0,7.302321198793276,1.0352,24.3477,0.1724,6.1983,4.8752,1.5766,9.3536,72.79,18.86,0.54,8.769,0.2098,26.157,4.7102,0.7419,0.3064,0.0642,31.7663,10.37,0.2071,3.8591,0.0841,4.0528,30.7449,528.5973,2.22,6.24,0.2848,2.1791,0.0859,1.1805,12.8307,0.015,2.9947,0.0184,0.0148,80.1759
-1.0,3036.15,2208.9778,2.421,97.84,1.4953,-0.027,0.0033,195.9529,10.3421,411.839,0.9752,186.4184,12.4276,1.3793,-1715.0,-372.0,1.2775,2.0047,7.1858,68.7111,2.8778,0.2173,84.7632,9.0402,63.9938,66.339,85.9998,63.93999999999998,4.31,349.8555,139.4536,731.7016,0.9751,134.8345,624.1436,67.8447,4.569,4.8,2858.0,0.9325,3.4845,351.3536,10.2864,122.9382,5.8936,16.5155,21.0446,710.657,146.8055,621.0973,97.166,-0.0156,-0.0391,0.0285,-0.0294,0.0083,-0.024,-0.0242,7.296,0.1339,0.9925,1792.188,0.1987,8409.58,-0.066,-0.1256,0.0422,-0.1172,0.4768544568317784,0.9409,738.597,0.9904,58.5242,0.6019,0.9791,6.1678,15.64,2.992,15.7,15.62,0.8514,0.5715,3.431,0.9461,0.7573,2.2949,994.3752,200.0,59.9,86.9,54.9001,568.2379,0.6965,0.23175000000000004,0.0753,0.0453,0.0184,10.0221,9.434,11.619,0.0088,0.5,0.059,1100.0,2453.0,0.146,0.036,0.167,3.4,0.59,0.5484,0.1324,0.543,0.3245,0.6941,0.741,0.1419,13.61,21.84,24.2,0.276,9.01,6.14,30.852,49.934,0.0948,0.0422,0.0478,0.0135,0.0466,0.0898,0.0823,0.0741,3.2142,0.1113,0.0012,113.0447,0.1082,1417.6001,0.0186,0.0175,0.049491288476909034,0.0238,154.7665,2.2206,0.0331,0.3654,0.1205,3.6655,45.32809999999999,19.1423,31.635,0.2168,1.1925,0.08085,2.5667,0.0947,0.0194,459.3331,132.0641,1208.8692,1157.4043,0.0642,0.0157,0.0775,1.1196,0.0333,0.1837,0.2186,0.0522,0.1543,6.6303,0.2085,8.6545,0.0478,3.6038,6.6092,6.9898,0.0859,1.7876,2.1816,9.9406,15.4505,0.0286,0.0193,0.0197,0.0061,0.0136,0.0492,0.039,0.034,1.0928,0.036,0.0004,40.3668,0.0295,524.7689,0.012595115072570924,0.0081,61.6732,0.6075,0.0096,0.1123,0.042,6.9553,1.287,9.053150000000002,1.9729,3.5079,2.4853,44.2135,28.7688,16.1177,91.2195,2.8212,0.9001,4.0233,4.2739,156.6764,659.4086,11.4286,1.7957,2.324,4.9483,45.1737,41.411,17.1917,0.647,1.4647,0.8485,0.1387,7.6717,7.7087,3.7994,14.5542,10.0939,3.4992,35.6697,8.1274,2.6832,8.7768,152.8778,4.3413,11.2345,51.3904,607.4489,70.5981,47.3269,158.6721,0.0,343.2742,305.8824,44.055,3.1367,4.5066,0.1161,6.3076,54.4349,0.0,49.1835,284.4444,11.946650540464992,2.5338,20.9541,0.1211,3.7944,5.9236,5.249,9.3956,72.408,11.72,1.3,4.9812,0.4656,31.8871,2.8628,1.7954,0.3709,0.0841,37.6775,4.98,0.0877,2.0902,0.0382,1.8844,15.4662,530.0846,1.9812,9.01,0.2753,2.596,0.0898,1.6997,13.8979,0.0218,4.4085,0.0184,0.0148,80.1759
-1.0,3062.36,2173.2778,0.8525,103.82,1.4028,-0.0108,-0.0033,199.123,5.4697,402.7866,0.9695,188.9865,12.4647,1.399,-1438.0,-7175.24995,1.3247,1.9625,7.3258,72.7556,2.2111,0.1926,83.4425,8.2914,64.6693,66.2522,86.5211,80.39,2.834,356.8591,141.5918,738.5616,0.8943,131.65,630.1009,117.7545,4.612,4.863,2852.0,0.9278,-0.1891,356.3645,10.3348,121.4027,7.9109,20.1891,25.4798,713.0818,146.24,624.0073,103.8524,0.0065,-0.0433,0.0046,0.0011,0.0103,-0.056650000000000006,0.0143,7.4202,0.13,0.9853,1790.2497,0.1776,8695.92,0.069,0.0158,0.001,0.0231,0.4314680497086245,0.9513,756.4002,0.9915,58.6896,0.5914,0.964,6.5394,16.02,4.25,16.1,16.07,1.281,0.6914,3.014,-0.7569,0.7403,2.1911,1013.4306,71.0,187.4,137.4,46.0999,657.769,0.0674,0.1064,0.0717,0.041,0.0164,10.9639,3.866,18.891,0.0149,0.34,0.0194,894.0,17919.5,0.25,0.068,0.137,3.8,0.394,0.5328,0.0827,0.6302,0.256,0.634,0.724,0.0805,6.38,15.34,20.467,0.239,13.8,8.24,27.999,77.027,0.0698,0.0262,0.0711,0.0404,0.0578,0.1002,0.0332,0.127,5.4508,0.0431,0.0018,137.8972,0.0403,1511.1001,0.0165,0.0125,0.03315158287992376,0.0142,157.2832,4.1651,0.0299,0.2802,0.0345,5.0084,19.8379,61.8335,43.6971,0.0241,3.9649,0.0393,1.1572,0.0863,0.0071,369.5983,226.3322,4060.1033,8994.62525,0.1074,0.0278,0.0733,1.0933,0.052,0.1238,0.2087,0.0377,0.101,7.1829,0.2356,6.2604,0.0226,2.0657,4.9243,5.9166,0.0839,2.3351,3.3225,9.1731,22.8553,0.0229,0.0122,0.0329,0.0169,0.0192,0.047,0.0149,0.0613,1.7136,0.0158,0.0006,42.3363,0.0136,459.959,0.016500882257847356,0.0047,50.0531,1.2401,0.01,0.0902,0.0104,9.2412,1.4174,3.1924,6.1195,5.733,2.1212,58.9243,7.9081,7.5847,70.6799,4.6901,1.5394,2.7277,1.3902,298.58439999999996,188.3011,18.8715,3.465,1.8701,5.223,67.8392,67.513,11.9822,0.6385,0.9975,0.9745,0.2246,6.106,6.208,2.5887,8.9974,4.8462,2.4345,17.3811,5.3497,2.3126,5.4282,174.4429,3.9265,13.465,74.1697,0.0,66.8367,764.9995,0.0,977.561,43.3987,890.8199000000001,73.4594,3.5388,1.7597,0.184,7.7027,22.7097,819.6721,46.3636,0.0,11.968813454474367,1.4882,20.7936,0.1768,7.0968,4.2846,1.5747,12.4529,73.254,14.53,1.33,6.7381,0.5058,27.0176,3.6251,1.8156,0.6445,0.1412,66.6983,3.4,0.1453,1.2583,0.0578,1.2447,15.544,528.5973,2.22,6.24,0.2848,2.1791,0.0859,1.1805,12.8307,0.0161,3.1974,0.0184,0.0148,80.1759
-1.0,3024.55,2255.5222,1.2226,101.5878,1.5666,-0.0115,0.0084,202.5108,4.7099,389.4671,0.9676,192.7716,12.4694,1.3986,-4115.5,745.5,1.321,1.9777,7.3872,70.5333,2.4444,0.2014,85.9331,8.8215,64.054,66.3826,86.4386,81.31,3.136,353.4345,142.9155,737.7141,1.315,135.5236,631.8736,195.646,4.619,4.884,2835.0,0.9323,-5.55,353.1118,10.4437,117.3655,18.3263,25.55,33.3616,704.3525,143.07,613.5473,124.5128,0.0118,-0.0175,0.1245,-0.0127,-0.0099,-0.056650000000000006,0.0452,7.3402,0.1315,0.9743,1798.5367,0.1701,9578.7899,0.0254,0.0251,-0.0135,0.0482,0.444368342621263,0.9159,837.4215,0.989,58.0735,0.6074,0.98,6.1554,16.02,4.25,16.1,16.07,1.281,0.6914,3.014,-0.7569,0.7403,2.1911,1013.4306,103.0,86.7,120.4,70.7,365.772,0.1916,0.1938,0.0568,0.0406,0.0216,5.3624,3.902,26.932000000000002,0.015,0.66,0.0235,343.0,14984.0,0.229,0.092,0.254,2.5,0.78,0.4924,0.1267,0.597,0.3767,0.7452,0.355,0.1005,4.76,18.38,59.049,0.406,20.5,5.8,24.878,68.465,0.09,0.0539,0.0445,0.0253,0.0919,0.0798,0.0333,0.097,5.8968,0.0349,0.013699999999999999,103.5005,0.0268,755.2002,0.0103,0.01,0.03082639595132608,0.0473,66.3146,3.5343,0.0454,0.4199,0.0345,5.0084,28.0503,34.3213,36.9916,0.0627,1.8929,0.0559,1.2729,0.116,0.0088,161.6684,174.0967,794.7316,6921.4199,0.0943,0.04,0.1162,0.8456,0.0567,0.239,0.1881,0.0479,0.1161,5.9541,0.1306,7.8855,0.038,1.787,5.9817,18.4486,0.1112,1.7549,1.7515,8.3242,21.2043,0.0226,0.0225,0.0208,0.0121,0.0261,0.0383,0.0156,0.0414,1.8324,0.0118,0.0046,38.4756,0.0079,261.3437,0.011993936640256456,0.0166,23.7291,1.0078,0.0168,0.1354,0.0104,9.2412,1.4174,4.7036,2.8665,4.967,3.1345,20.7463,15.6713,12.371,82.8466,6.508749999999999,1.5465,5.293,1.6803,43.3483,0.0,17.3354,4.6518,3.4384,3.5444,53.1818,88.8582,22.6182,0.573,1.4361,0.932,0.1611,5.257,4.4992,3.4057,7.6426,3.5123,2.9088,30.1816,6.1954,3.8875,7.4468,111.861,3.532,19.1496,54.9863,763.5207,161.2565,20.3294,723.622,808.1013,57.4881,214.7205,80.3355,3.1184,1.4637,1.3944999999999999,5.7547,15.7862,0.0,39.6166,0.0,9.313921836061997,5.1673,7.9189,0.0992,6.0859,6.8224,1.5747,12.4529,74.994,15.79,0.65,6.9931,0.2622,77.5687,3.8591,0.8667,0.2962,0.052,29.1808,4.98,0.0877,2.0902,0.0382,1.8844,15.4662,529.2564,1.8034,14.12,0.228,4.5485,0.0681,2.6679,12.6429,0.0202,4.0313,0.0184,0.0148,80.1759
-1.0,2831.18,2200.1222,2.2079,97.7778,1.503,-0.0061,0.0009,197.8782,4.7662,409.3016,0.9799,187.8124,12.5294,1.4179,-4106.75,-4432.25,1.3413,1.9947,7.3018,67.6889,2.2889,0.1763,84.4668,8.8909,64.1879,66.3049,86.5543,80.01,2.677,344.7818,152.1409,743.3654,0.9205,133.9282,630.8509,117.7415,4.582,4.849,2831.0,0.9318,0.7955,347.5227,10.0503,132.9364,8.2729,19.2045,25.1914,718.174,143.2836,623.7427,101.9635,0.0046,-0.0489,-0.0033,-0.012,-0.0093,-0.0103,-0.0284,7.1689,0.1318,0.9678,1789.5431,0.1632,8818.1301,0.0172,-0.0344,-0.0666,0.0383,0.47721512975567515,0.9504,739.4969,0.9917,58.2822,0.5925,0.969,6.3071,16.07,4.684,16.09,16.09,1.757,0.7673,3.085,-1.83,0.7182,2.1995,1013.1402,102.0,88.1,69.4,57.0999,597.8049,1.0612,0.1356,0.063,0.0658,0.0077,10.3381,5.504,9.557,0.0057,0.22,0.0341,697.0,8224.0,0.174,0.059,0.145,2.4,0.585,0.5756,0.1314,0.5726,0.1827,0.7894,0.67,0.1128,7.08,23.6,21.071,0.569,14.4,9.95,36.777,61.459,0.0796,0.0631,0.0402,0.0489,0.0729,0.0923,0.0963,0.16615,2.7092,0.0372,0.0041,148.5677,0.0431,917.4004,0.0157,0.0236,0.0606999821348414,0.0153,86.4518,2.3607,0.0266,0.3725,0.0206,3.4019,28.4997,25.6975,25.5425,0.36060000000000003,1.1948,0.0444,1.683,0.0596,0.0112,335.2377,241.6044,977.4922,4361.0255,0.0757,0.0258,0.0781,0.7801,0.0322,0.1974,0.2256,0.0488,0.0725,5.9205,0.2088,10.1326,0.0309,2.7235,7.1734,6.597,0.156,2.9553,2.65,11.3863,18.2148,0.0224,0.0295,0.0177,0.0225,0.0196,0.0465,0.0467,0.08248588237179322,0.8847,0.0117,0.0017,48.9088,0.0124,305.857,0.014348487262182765,0.006,31.3363,0.7654,0.0088,0.1195,0.0062,10.3794,1.2292,4.6191,3.1118,2.6905,2.5953,40.4406,52.2659,9.022,115.4803,2.335,0.5783,1.7559,2.4057,50.137,185.5491,12.973,2.9578,1.9858,3.5456,43.6893,51.6068,16.9358,0.6815,1.4779,0.8921,0.271,4.7479,8.3015,4.5408,12.255,5.2864,3.741,17.896,6.8574,5.6615,14.443,174.0624,5.1209,17.9753,60.2755,0.0,0.0,0.0,609.4044,995.1482,939.5122,600.7055,37.7904,2.9981,1.5603,0.4241,8.302,26.3957,0.0,41.8605,886.4865,12.685695573730115,1.6095,11.6906,0.0559,4.0505,5.9063,0.9362,7.5579,72.03,19.78,0.91,8.4411,0.4078,100.3892,5.0193,1.2634,0.1189,0.0351,12.4257,4.98,0.0877,2.0902,0.0382,1.8844,15.4662,531.3445,2.0359,5.71,0.2796,1.565,0.0936,1.0746,13.7332,0.0138,2.7335,0.0184,0.0148,80.1759
-1.0,3043.08,2209.8,1.1464,112.1367,1.4639,-0.0123,-0.0173,202.3047,7.9638,403.9927,0.9676,192.4913,12.5004,1.3844,-4196.75,-194.0,1.3143,1.9872,7.2847,69.4222,2.8444,0.2291,86.1383,8.3383,64.2525,65.965,86.9421,78.38,3.409,348.5173,142.4118,733.3824,1.2674,139.2991,630.2282,211.671,4.604,4.855,2828.0,0.9347,1.5036,350.9709,10.0745,123.9155,8.7662,18.4964,25.3099,708.0724,147.7473,622.6336,99.3058,-0.0129,-0.0433,0.0132,-0.0336,0.0048,-0.0255,0.0188,6.7122,0.1344,0.9925,1792.188,0.1811,8493.8199,-0.1509,-0.0279,0.0693,0.0361,0.4645179612665218,0.9412,741.9427,0.9896,58.282,0.5873,0.9627,6.4109,15.65,3.217,15.69,15.61,1.097,0.565,3.326,2.0341,0.8346,2.3081,992.8867,88.0,190.2,116.1,50.5999,485.115,0.1587,0.0945,0.0911,0.0681,0.0189,6.7027,4.008,12.251,0.0137,0.46,0.1096,774.0,1601.0,0.193,0.02,0.239,2.2,0.791,0.8028,0.1398,0.6022,0.414,0.796,0.51,0.0508,7.37,17.83,49.88,0.413,12.15,4.11,29.646,86.298,0.072,0.0629,0.0336,0.0419,0.0408,0.0677,0.079,0.0449,5.8556,0.0779,0.0012,113.0447,0.0651,1545.8994,0.0173,0.0111,0.04931454393851176,0.0245,156.0183,4.5255,0.0435,0.4348,0.1244,4.1132,24.0139,60.0051,41.5073,0.0536,2.0635,0.0311,1.3592,0.0966,0.0358,320.5215,116.896,901.5791,691.8646,0.0867,0.0085,0.0996,0.6996,0.0197,0.2427,0.3191,0.0512,0.0974,5.4847,0.1415,8.1627,0.016,2.2941,5.3052,14.4933,0.1343,1.3683,1.4674,9.4596,22.6392,0.0174,0.0303,0.0146,0.0213,0.0123,0.033,0.0368,0.0244,2.2072,0.0243,0.0004,40.3668,0.0204,584.3674,0.0176645859526038,0.0092,60.2,1.3295,0.0136,0.1415,0.0441,8.6196,1.4211,4.0493,6.2502,4.6731,2.2898,41.267,13.846,6.4556,50.3276,3.0325,1.419,3.6799,7.9161,47.4415,825.2577,14.6852,1.0064,3.2808,3.169,24.6094,27.0611,22.7393,0.932,1.6771,0.9372,0.3416,5.4287,3.9252,3.4455,4.0048,5.2908,2.8291,23.5649,5.645,4.0995,7.263,138.6007,4.1869,15.602,86.9013,556.5217,153.0414,316.8242,121.4964,0.0,309.8039,238.5126,87.2387,4.941799999999999,3.3048,0.1161,6.3076,35.9225,405.4795,51.3291,746.6667,12.963309511300652,2.6059,21.0284,0.092,7.7648,6.7824,5.3891,9.4427,73.254,14.53,1.33,6.7381,0.5058,27.0176,3.6251,1.8156,0.1579,0.0416,15.7234,4.98,0.0877,2.0902,0.0382,1.8844,15.4662,532.3427,2.0841,8.18,0.2392,2.8189,0.0663,1.5366,11.4779,0.0142,2.871,0.0184,0.0148,80.1759
-1.0,3021.37,2209.1,1.3724,107.3156,1.4794,-0.0019,-0.0014,198.2084,8.5854,403.8911,0.9608,188.5417,12.4245,1.4205,-3900.75,-449.5,1.3367,1.99,7.3495,67.5556,2.5333,0.2089,85.9501,9.7137,64.3577,66.3288,86.9537,81.46,2.585,364.9209,132.2918,739.8721,1.3954,146.4055,643.6182,184.601,4.623,4.883,2877.0,0.9225,-0.3445,364.3982,10.7345,111.9473,19.4118,20.3445,28.4429,711.4292,147.8609,624.2064,100.0215,-0.0044,-0.0401,0.0048,-0.0243,-0.0181,-0.0173,0.0485,7.8851,0.1378,0.9916,1779.7088,0.1659,8790.25,0.1063,0.0549,-0.0406,-0.0458,0.44804415813605813,0.9523,756.8435,0.9896,58.8938,0.5963,0.9635,6.3439,15.65,3.217,15.69,15.61,1.097,0.565,3.326,2.0341,0.8346,2.3081,992.8867,96.0,66.8,86.2,78.5999,537.3761,0.5062,0.1358,0.0558,0.042,0.0258,11.3253,3.084,9.143,0.0222,0.37,0.0578,1221.0,425.0,0.126,0.084,0.309,2.1,0.762,0.3415,0.146,0.5738,0.3016,0.8439,0.556,0.1943,6.28,12.29,45.326,0.744,13.72,10.44,14.619,54.191,0.0572,0.0465,0.0269,0.0476,0.0653,0.0865,0.1037,0.0325,4.2237,0.0316,0.0012,114.1498,0.0248,1352.2998,0.0103,0.0159,0.05216302718130539,0.0176,139.6129,2.9254,0.0413,0.3976,0.1244,4.1132,25.2356,24.6303,29.6689,0.1667,2.8145,0.0539,0.8909,0.084,0.0193,529.4352,95.8797,487.6935,195.943,0.06,0.0393,0.1446,0.6912,0.0519,0.2099,0.1408,0.0562,0.0657,7.0692,0.1755,3.9344,0.0569,2.0923,3.1482,17.2149,0.2109,2.8037,3.1756,4.6868,19.179,0.0139,0.02,0.0123,0.02,0.019,0.0468,0.0527,0.0145,1.6075,0.0109,0.0004,41.616,0.0085,451.3093,0.014303174367465471,0.0061,45.4888,0.9902,0.0155,0.1271,0.0441,8.6196,1.4211,4.3746,2.2109,3.4153,3.558,43.164,36.8841,9.1791,35.9216,2.2637,2.3062,2.978,4.071,26.7128,94.5495,9.4258,4.2211,4.2044,3.1086,51.3158,73.2447,22.0791,0.3973,1.503,0.8916,0.299,6.0013,11.4822,2.0397,13.922,4.2895,1.9095,24.5535,2.0355,6.9309,7.173,70.6787,2.0549,8.6933,54.1793,0.0,0.0,764.9995,269.2784,479.2244,599.422,67.0103,53.565,1.8142,1.3329,0.1215,6.414,14.956,601.4184,46.493,705.0847,13.068834442373301,1.8446,18.4467,0.0939,4.9672,6.2674,5.3891,9.4427,72.746,19.56,0.23,8.387,0.1011,46.5605,4.9245,0.3162,0.1013,0.0257,10.4366,4.98,0.0877,2.0902,0.0382,1.8844,15.4662,523.3110000000001,1.866,15.390000000000002,0.6164999999999999,5.3345,0.18730000000000002,2.8874999999999993,28.50255,0.02,3.9705,0.0184,0.0148,80.1759
-1.0,3040.17,2209.8,1.1464,112.1367,1.4732,-0.0175,-0.0096,202.7681,10.333,406.8952,0.9772,192.9254,12.5592,1.4299,-4755.5,-2637.3333,1.296,1.975,7.2795,68.0,2.4556,0.2081,86.1383,8.3383,64.2525,65.965,86.9421,78.38,3.409,365.5373,147.1345,759.3262,1.2731,136.0227,648.6945,210.954,4.619,4.831,2883.0,0.9179,-7.1427,366.8382,10.3468,119.9918,15.8318,27.1427,36.0446,723.2816,146.0327,632.8627,93.6623,0.0037,-0.042,0.0051,-0.0142,0.0119,-0.013,0.0264,7.4332,0.1371,0.9904,1769.0255,0.1846,9326.99,0.0,0.0,0.0,0.0,0.42473005016227194,0.9476,813.3376,0.9895,58.5196,0.5924,0.9655,6.2374,15.65,3.217,15.69,15.61,1.097,0.565,3.326,2.0341,0.8346,2.3081,992.8867,200.0,206.1,281.2,50.5999,485.115,0.1587,0.1059,0.0739,0.0635,0.0107,8.6308,7.071,14.628,0.0073,0.22,0.0937,215.0,4847.0,0.16,0.068,0.151,2.6,0.582,0.8028,0.1398,0.6022,0.414,0.796,0.539,0.2227,5.75,12.32,52.798,0.617,20.19,12.63,22.512,55.905,0.0622,0.063,0.0383,0.0678,0.0664,0.069,0.0831,0.0704,2.763,0.0605,0.0016,84.9476,0.1172,564.8994,0.0369,0.0125,0.0603171536055917,0.0137,57.3611,4.2837,0.0314,0.2849,0.1244,4.1132,37.9731,65.23,94.311,0.0536,2.0635,0.0403,2.3155,0.0626,0.0295,93.6056,301.6459,1092.2394,2529.4154,0.0733,0.0312,0.0713,0.9233,0.0703,0.1756,0.3191,0.0512,0.0974,6.2691,0.1796,4.8843,0.0607,2.0335,3.2783,18.122,0.1941,3.1799,4.2714,6.5821,19.061,0.0183,0.0268,0.0157,0.0308,0.0172,0.0332,0.0413,0.0332,0.8627,0.0207,0.0005,30.9522,0.0349,190.9437,0.013253708904260692,0.0049,20.2018,1.2635,0.0087,0.1082,0.0441,8.6196,1.4211,9.053150000000002,6.7792,10.8903,2.2898,41.267,13.846,7.1884,68.4312,3.595,0.7506,1.7517,6.5542,56.0824,183.7841,12.3457,3.443,2.0743,3.8235,109.9548,90.8169,16.663,0.932,1.6771,0.9372,0.3416,4.9954,10.7793,2.5059,17.4949,4.2272,1.8992,25.0282,1.8691,5.9632,4.9003,127.5285,3.1125,9.6794,59.6879,0.0,118.7559,0.0,468.8438,581.0526,639.2308,266.9194,37.1704,4.941799999999999,2.5212,0.1599,4.8019,63.31987047269746,255.7545,47.2222,447.4576,12.434092483441656,1.4501,7.0526,0.1169,7.3202,4.5672,5.3891,9.4427,73.254,14.53,1.33,6.7381,0.5058,27.0176,3.6251,1.8156,0.1579,0.0416,15.7234,5.16,0.2089,2.2809,0.0958,2.0504,24.4835,532.1382,2.0329,9.02,0.2568,3.0501,0.0828,1.6951,12.6333,0.026000000000000006,5.21645,0.0184,0.0148,80.1759
-1.0,2999.28,2209.1,1.3724,107.3156,1.4711,0.0013,-0.002,198.7356,10.7032,410.9834,0.9695,188.9975,12.5004,1.4095,-2238.5,185.5,1.3393,2.0145,7.2585,70.2333,2.6778,0.2172,86.1383,8.3383,64.2525,65.965,86.9421,78.38,3.409,364.8954,144.6182,755.825,1.3193,140.0564,649.57,211.5775,4.619,4.831,2883.0,0.9179,-4.72,365.7227,10.3544,119.8982,17.3991,24.72,34.0215,721.8035,146.55,632.1709,101.1965,0.0038,-0.0169,0.0084,-0.0098,-0.0067,-0.056650000000000006,0.0156,8.2299,0.1339,0.9889,1791.9434,0.1729,8541.4701,0.1265,0.0205,0.004,0.0997,0.43838752308308215,0.9497,634.0443,0.9894,58.734,0.5902,0.961,6.4113,15.65,3.217,15.69,15.61,1.097,0.565,3.326,2.0341,0.8346,2.3081,992.8867,104.0,66.6,65.1,78.5999,537.3761,0.5062,0.2147,0.0476,0.0619,0.015,11.176,11.387,7.745,0.0143,0.46,0.0409,1738.0,223.0,0.134,0.111,0.315,2.7,0.837,0.8028,0.1398,0.6022,0.414,0.796,0.568,0.1643,4.6,10.94,64.715,0.897,15.27,11.56,17.991,94.001,0.0668,0.055,0.0564,0.0708,0.0438,0.0912,0.0434,0.036,3.5098,0.0573,0.0014,153.7772,0.0318,836.7002,0.0172,0.01,0.049707250590718566,0.0258,91.1801,3.3195,0.0417,0.3318,0.1244,4.1132,28.3805,21.4702,19.3726,0.1667,2.8145,0.06,3.3937,0.0966,0.0131,824.7935,119.3454,1068.4383,101.753,0.0633,0.0513,0.1342,1.0677,0.0262,0.2834,0.3191,0.0512,0.0974,7.0345,0.1952,4.4568,0.0524,1.6582,3.4173,20.0505,0.2532,2.9864,3.9371,5.3601,30.6247,0.0205,0.0244,0.026,0.0314,0.0116,0.046,0.0206,0.0148,1.1587,0.0195,0.0005,46.9593,0.0106,215.1981,0.01141496516722178,0.009,32.2721,1.0538,0.0142,0.1075,0.0441,8.6196,1.4211,4.675,2.2205,2.5863,3.558,43.164,36.8841,14.5945,106.3889,1.8845,1.4726,3.6799,2.8981,67.5006,120.2156,10.0056,5.5101,4.3397,3.8443,41.0788,37.289,24.4705,0.932,1.6771,0.9372,0.3416,5.7386,10.7248,2.1591,12.4576,3.2844,1.6842,30.5869,1.8691,8.663,4.5956,87.7632,2.4925,14.356,92.8895,0.0,340.5573,764.9995,448.0818,0.0,62.4012,230.7692,42.647,1.3443,2.3579,0.1459,8.5816,18.378,0.0,21.5517,0.0,12.376768385096067,2.7148,14.3807,0.1373,5.6518,5.1752,5.3891,9.4427,73.254,14.53,1.33,6.7381,0.5058,27.0176,3.6251,1.8156,0.1579,0.0416,15.7234,7.33,0.2029,2.8696,0.0746,2.7041,32.8518,532.1382,2.0329,9.02,0.2568,3.0501,0.0828,1.6951,12.6333,0.0178,3.5846,0.0184,0.0148,80.1759
-1.0,3092.74,2209.8,1.1464,112.1367,1.4204,-0.0059,-0.0125,203.4661,8.2899,405.4749,0.9697,193.683,12.5004,1.3988,-3813.25,-11.0,1.311,1.9655,7.3365,70.4222,2.6444,0.2144,86.1383,8.3383,64.2525,65.965,86.9421,78.38,3.409,363.7473,143.0745,752.9685,1.3164,139.2164,646.0382,216.0749,4.619,4.831,2883.0,0.9179,0.9427,366.6518,10.0777,124.0173,10.9622,19.0573,27.1064,725.8622,145.6127,636.2818,96.8586,-0.009,-0.0146,0.0161,-0.0268,0.0056,-0.0205,0.0105,7.5906,0.13,0.9863,1786.388,0.1295,8386.9399,-0.1344,0.04,0.0894,0.0164,0.4299842922571113,0.9452,734.7629,0.9893,58.5876,0.5965,0.9666,6.1782,15.65,3.217,15.69,15.61,1.097,0.565,3.326,2.0341,0.8346,2.3081,992.8867,106.0,168.1,219.1,50.5999,485.115,0.1587,0.0767,0.0801,0.068,0.0177,8.3818,5.379,11.532,0.0128,0.46,0.0834,822.0,1015.0,0.039,0.112,0.266,2.6,0.397,0.8028,0.1398,0.6022,0.414,0.796,0.595,0.1925,7.07,14.91,64.699,1.037,9.99,10.3,19.366,53.377,0.0621,0.0442,0.0541,0.0308,0.0415,0.0789,0.0916,0.061,4.9511,0.0684,0.0025,72.3483,0.1254,1312.8999,0.0107,0.0163,0.04847415852828996,0.0319,128.4067,4.0516,0.0357,0.4043,0.1244,4.1132,30.1272,58.6159,68.2939,0.0536,2.0635,0.0251,1.7075,0.0966,0.0249,362.66,251.0025,758.5466,507.5894,0.0168,0.0476,0.1102,0.8814,0.0487,0.1538,0.3191,0.0512,0.0974,6.8448,0.1858,4.3686,0.0543,2.0802,4.2132,16.5614,0.333,2.8708,3.6154,5.9175,22.604,0.0177,0.0209,0.0237,0.015,0.0101,0.0409,0.0456,0.0281,1.7485,0.0254,0.0007,21.2199,0.0374,392.6448,0.015255639496304763,0.01,40.1688,1.2102,0.0094,0.1401,0.0441,8.6196,1.4211,4.8067,5.4353,8.6776,2.2898,41.267,13.846,5.3997,64.8861,2.8441,1.3244,3.6799,5.9653,44.1618,0.0,2.9748,5.6983,3.6257,3.692,52.9412,61.0881,11.7186,0.932,1.6771,0.9372,0.3416,6.1774,10.8615,2.2746,14.6197,5.0784,2.3079,29.9429,1.8691,10.29,5.475,91.1313,2.668,19.415,55.1081,687.6125,110.2244,191.0078,154.8869,0.0,447.3748,583.7321,65.2274,1.8466,2.8746,0.2519,4.05,63.31987047269746,0.0,38.6813,800.0,12.944989977889595,3.3765,17.4759,0.1316,6.9154,6.5439,5.3891,9.4427,73.254,14.53,1.33,6.7381,0.5058,27.0176,3.6251,1.8156,0.1579,0.0416,15.7234,10.82,0.1117,4.4927,0.0478,3.9978,16.9645,532.1382,2.0329,9.02,0.2568,3.0501,0.0828,1.6951,12.6333,0.0169,3.3627,0.0184,0.0148,80.1759
-1.0,3083.67,2191.8445,0.8725,101.4244,1.5456,-0.0108,0.0094,202.7898,4.4773,418.7175,0.9736,192.4716,12.499,1.4008,-3819.5,-1233.5,1.3533,1.985,7.33,74.7111,2.0889,0.1519,84.2981,8.3159,64.5884,66.0015,86.834,82.21,2.806,363.0164,134.4245,739.8943,1.3204,142.0009,639.4418,182.1156,4.561,4.782,2893.0,0.92,1.8782,359.2827,10.6626,116.3027,13.8363,18.1218,24.8006,715.0936,150.02,625.6055,93.437,-0.0166,-0.0284,-0.0021,-0.0224,0.005,-0.0118,-0.0014,7.083,0.127,0.9878,1803.366,0.1593,8362.4599,0.0273,0.0167,0.0103,0.0227,0.43702915014012866,0.9477,633.5462,0.9891,58.6,0.605,0.9611,6.2885,15.7,2.626,15.73,15.69,0.8089,0.4628,3.413,1.419,0.8557,2.2732,995.0191,59.0,186.5,171.3,52.8,659.718,0.124,0.1728,0.0824,0.0331,0.0193,5.0209,4.182,4.689,0.0126,0.37,0.0508,448.0,11165.0,0.103,0.132,0.273,3.0,0.629,0.6238,0.0976,0.5395,0.2403,0.7106,0.795,0.2539,5.05,15.25,66.571,0.569,19.05,10.15,25.993,83.842,0.0665,0.0264,0.044,0.0686,0.0484,0.1137,0.0911,0.0593,2.9625,0.0633,0.0011,109.7512,0.021,723.2002,0.0162,0.0127,0.04693545437364505,0.0162,69.2401,3.7364,0.0362,0.2144,0.118,3.5594,18.5956,62.4321,58.7713,0.0441,3.127,0.0576,1.1798,0.1138,0.017,189.4853,194.5328,666.5221,5059.8547,0.0518,0.0671,0.1135,0.9453,0.0271,0.183,0.2499,0.0461,0.114,7.4313,0.2175,4.8931,0.0718,1.7879,4.1351,24.7473,0.1518,2.803,3.976,7.3085,27.2508,0.0198,0.0108,0.0185,0.0312,0.014,0.0554,0.0483,0.0327,1.1184,0.022,0.0004,44.6802,0.0064,214.6796,0.010435098403483343,0.006,23.2588,1.0725,0.0109,0.0768,0.0417,6.5818,1.1881,2.8142,6.048,6.9484,2.4089,60.3539,14.2066,11.1799,93.4051,1.1198,1.2929,2.9602,3.6237,34.0882,878.8110999999999,7.6113,6.6499,3.7244,4.0155,67.0213,58.5955,18.3542,0.74,1.1743,0.8353,0.3148,5.6884,8.6368,2.5391,19.2322,3.5563,2.3849,36.5542,3.515,5.3364,5.0902,137.6807,3.6349,21.8831,89.7311,400.4516,89.9489,0.0,216.5548,0.0,770.4017,0.0,41.8261,1.4957,2.7336,0.1132,6.0859,13.1746,148.9736,118.77044999999998,0.0,10.520164287985725,1.7057,10.929,0.1523,6.3762,3.4091,5.1925,8.9223,73.254,14.53,1.33,6.7381,0.5058,27.0176,3.6251,1.8156,0.0821,0.0202,8.57,4.98,0.0877,2.0902,0.0382,1.8844,15.4662,531.7491,1.9611,7.87,0.211,2.9252,0.0664,1.48,10.7575,0.016,3.1564,0.0184,0.0148,80.1759
-1.0,2983.17,2208.9778,2.421,97.84,1.4617,0.0043,0.0098,198.4959,7.2314,411.5534,0.9706,188.2847,12.4455,1.4108,-5223.0,-311.0,1.3197,2.0017,7.4555,68.6111,2.3889,0.1911,85.549,8.7556,64.0533,66.2801,86.5808,63.93999999999998,4.194,343.9373,151.0173,738.585,0.812,137.3755,632.33,95.9597,4.586,4.832,2830.0,0.9322,-3.3427,346.55,10.1335,127.6745,11.1955,23.3427,27.8298,710.7552,146.91,621.1345,87.2396,-0.0051,-0.0287,0.0219,-0.0069,0.0127,-0.0061,0.0043,7.6884,0.1289,0.9877,1772.5615,0.1778,9354.7599,-0.0693,0.0112,-0.0556,-0.0709,0.4217006157501573,0.9405,818.357,0.9908,58.3727,0.6076,0.9683,6.3428,16.07,4.684,16.09,16.09,1.757,0.7673,3.085,-1.83,0.7182,2.1995,1013.1402,121.0,71.3,89.0,54.9001,568.2379,0.6965,0.1371,0.0945,0.0468,0.0182,11.474,2.459,15.384,0.0131,0.35,0.0831,523.0,10050.0,0.036,0.128,0.16,2.8,0.595,0.7299,0.0798,0.4009,0.1522,0.735,1.3129999999999997,0.1604,8.11,27.15,48.83,0.318,18.4,18.43,35.68,67.587,0.0682,0.0685,0.0265,0.0717,0.0516,0.0702,0.0861,0.079,6.821,0.0645,0.0019,165.1769,0.0267,885.3994,0.0245,0.0137,0.05417315784966731,0.0174,74.3873,2.5716,0.0486,0.2666,0.0206,3.4019,25.7191,23.8608,26.2359,0.2168,1.1925,0.052,0.815,0.0856,0.0343,237.1587,172.4865,1663.3358,4541.4949,0.0161,0.0556,0.0673,0.9062,0.0373,0.1749,0.2898,0.0306,0.1331,7.6062,0.3501,12.5514,0.0492,2.6338,8.2022,15.3203,0.0863,5.248349999999999,6.425799999999999,10.8059,20.4603,0.0196,0.0304,0.0112,0.0312,0.0155,0.0375,0.0469,0.0418,2.1457,0.0235,0.0005,49.3387,0.009,291.3776,0.009053128129648222,0.0068,25.1196,0.7205,0.0158,0.0927,0.0062,10.3794,1.2292,5.5547,2.3901,3.5758,2.4853,44.2135,28.7688,9.3793,34.0046,3.738,1.3497,2.8123,5.8916,69.1557,0.0,2.7278,6.3944,2.1461,4.081,50.2326,57.0349,18.0376,0.8532,0.9111,0.6259,0.2728,6.9489,17.3119,5.3844,19.752,5.9035,4.2936,50.8859,9.842500000000001,3.1381,13.4483,164.3526,5.02,23.0466,77.4728,0.0,0.0,327.7714,742.446,552.7559,0.0,0.0,88.7172,2.6386,2.6342,0.1951,9.3185,15.0174,0.0,50.168,0.0,10.060546053787121,1.8526,9.0898,0.0692,4.4055,4.2037,0.9362,7.5579,73.42,17.55,1.36,7.7397,0.4988,29.4663,4.272,1.8524,0.0888,0.028,9.29,4.7,0.2013,1.752,0.084,1.7351,27.0281,530.6345,1.9733,7.6,0.3159,2.6072,0.1057,1.4323,16.0105,0.0107,2.1258,0.0184,0.0148,80.1759
-1.0,3057.69,2164.2667,1.2884,118.08009999999997,1.3578,-0.0065,0.0004,197.8748,6.0626,415.4815,0.9801,187.8295,12.5276,1.4235,-3131.75,2541.5,1.3245,1.9875,7.2652,69.4111,2.3778,0.1832,85.5439,8.6556,64.2946,66.3872,86.3125,81.73,2.54,354.4836,142.4345,741.3278,1.2896,138.7555,635.6736,165.9964,4.657,4.917,2815.0,0.9281,0.6855,354.5809,10.2462,123.12,13.1336,19.3145,26.4193,714.9086,144.8391,622.54,103.1155,-0.0136,-0.0014,0.12925,-0.0064,-0.008,-0.0208,0.0285,7.8913,0.1337,0.987,1759.2487,0.2026,8963.7398,0.0408,-0.0856,-0.0125,-0.0634,0.45762295096215444,0.931,649.1532,0.9888,58.7837,0.6058,0.9651,6.297,16.07,4.684,16.09,16.09,1.757,0.7673,3.085,-1.83,0.7182,2.1995,1013.1402,87.0,86.9,91.2,55.1001,198.095,0.2424,0.0967,0.0668,0.0345,0.0099,10.7396,8.083,7.357,0.0057,0.24,0.128,1017.0,14888.0,0.152,0.156,0.25,2.4,0.645,0.5272,0.1304,0.6457,0.2537,0.7604,0.349,0.1261,7.11,14.72,67.979,0.317,21.03,9.12,29.086,87.987,0.0953,0.0416,0.0478,0.0826,0.0703,0.0737,0.0472,0.0979,2.2939,0.0647,0.0011,243.4284,0.0531,571.7002,0.0164,0.0228,0.041950363456129236,0.0408,106.0802,4.27,0.0224,0.3009,0.0206,3.4019,26.3811,28.9008,34.8571,0.0669,1.6145,0.0416,2.7449,0.0608,0.045799999999999993,463.3102,281.2289,365.323,7151.4493,0.065,0.0731,0.1025,0.7753,0.0405,0.2023,0.2052,0.0549,0.0814,4.9729,0.1131,7.0635,0.0437,2.2996,4.9851,18.3312,0.0889,2.5777,3.3535,9.6474,32.5824,0.0309,0.0181,0.0231,0.0344,0.0249,0.039,0.026,0.0443,0.9021,0.0181,0.0004,76.5225,0.0169,200.5591,0.012051206497517737,0.0146,36.138,1.2249,0.0077,0.0967,0.0062,10.3794,1.2292,3.8969,2.842,3.7,2.5459,27.8604,18.8116,7.1216,133.3248,1.7707,0.5811,1.9158,9.13815,28.5144,585.7958,11.476,7.8491,3.441,3.4577,84.1121,68.2232,19.0315,0.6163,1.507,1.0043,0.2445,4.4431,4.8233,2.9416,9.7771,5.1241,2.3157,40.9521,8.4022,3.0938,4.8327,160.1235,4.0685,9.9042,85.3286,698.1685,195.3052,60.4132,0.0,915.528,226.6507,344.1125,29.0693,0.9721,2.7594,0.1118,13.108349999999998,26.2033,0.0,108.0169,234.7826,8.921718636885648,4.3792,16.3413,0.1303,7.2639,4.7783,0.9362,7.5579,74.648,15.37,0.23,7.2503,0.1085,31.2741,3.8837,0.3081,0.1584,0.0389,16.1351,4.98,0.0877,2.0902,0.0382,1.8844,15.4662,533.1809,1.3721000000000003,5.65,0.1416,1.8871,0.0396,1.0597,13.1807,0.0132,2.6172,0.0184,0.0148,80.1759
-1.0,2961.37,2203.1667,0.9448,96.3311,1.5958,0.0112,0.0024,199.0591,3.1045,406.7501,0.9688,189.2601,12.6278,1.3771,-3544.5,-929.6667,1.2625,1.9507,7.1735,69.5222,2.0778,0.1796,84.6724,9.0447,64.0033,66.2788,86.2033,82.4,2.69,368.3082,144.2891,756.8584,1.2267,136.8209,649.4182,170.328,4.619,4.877,2878.0,0.9201,-3.6036,367.6246,10.3239,120.6855,14.47,23.6036,27.7087,729.1496,146.6382,634.9482,171.74984999999998,-0.0022,-0.0221,0.0126,-0.0047,-0.0046,-0.0263,0.0063,7.2997,0.132,0.9905,1864.2109,0.188,9342.3201,0.0552,0.0046,-0.0376,0.004,0.4307663035318159,0.9401,839.3621,0.9896,59.0703,0.5997,0.9651,6.2413,15.74,4.033,15.78,15.74,1.276,0.6695,3.041,-0.5204,0.7154,2.2434,996.3344,121.0,199.8,253.3,55.3,706.4609,0.2034,0.2,0.0417,0.0401,0.0187,7.7741,2.615,16.552,0.0139,0.32,0.128,383.0,16517.0,0.165,0.073,0.176,3.4,0.345,0.6379,0.1897,0.5617,0.3331,0.7248,0.685,0.1469,8.07,11.15,41.535,1.037,21.18,9.87,23.675,47.064,0.0972,0.0591,0.0324,0.067,0.0645,0.091,0.0828,0.0774,3.6555,0.075,0.0006,136.777,0.0491,512.4004,0.0214,0.0129,0.023673456395072096,0.0122,50.4606,1.6626,0.0497,0.3404,0.0256,1.3017,30.907,61.0432,90.3205,0.0561,4.1378,0.06,0.9184,0.0858,0.0433,168.0843,263.3266,588.8342,8599.935,0.0803,0.0334,0.0825,1.1819,0.0636,0.0904,0.227,0.0675,0.0956,6.4635,0.2315,5.1859,0.0415,2.308,3.1627,12.6894,0.3063,2.7302,3.7581,6.9676,15.4308,0.0278,0.0257,0.0146,0.0329,0.0197,0.0486,0.0404,0.0395,1.3487,0.0253,0.0002,48.3367,0.0133,195.3015,0.012348784488507404,0.0041,18.987,0.5484,0.0175,0.1064,0.0084,11.238,0.4645,5.3499,6.7469,10.1428,2.51,53.807,21.5254,12.533,84.2313,4.0693,1.4381,2.5341,9.13815,39.385,0.0,13.0693,3.7422,2.4535,4.8905,81.8182,106.9307,10.3704,0.7534,2.097,0.8776,0.1469,5.6882,8.4622,2.6076,11.9723,5.8982,1.7169,24.3853,2.066,10.0447,5.6179,146.3718,3.2469,14.394,22.1111,0.0,618.59025,529.6443,0.0,0.0,314.5299,0.0,50.0774,3.0313,3.152,0.0621,7.337,26.143,0.0,74.4186,0.0,9.048200634576345,1.2987,6.0118,0.1448,2.8147,5.4546,1.1411,3.2761,71.778,20.54,1.06,9.6027,0.3993,37.3856,5.1315,1.4768,0.1596,0.0373,17.3638,11.969999999999999,0.2426,4.532500000000001,0.1048,4.5275,33.6497,531.1754,2.0396,8.09,0.2678,2.645,0.0775,1.523,13.1304,0.0144,2.8935,0.0184,0.0148,80.1759
-1.0,2927.71,2199.6556,1.3369,103.0967,1.4052,-0.0157,-0.0095,199.6863,5.2695,414.1132,0.9798,189.759,12.5808,1.4043,-5387.5,-1712.6667,1.3173,2.0033,7.3308,74.0889,2.1333,0.1559,85.3996,8.2345,64.3522,66.2545,86.6958,79.7,2.272,355.8882,139.9836,737.3824,0.9092,134.5709,630.4427,115.7923,4.612,4.863,2852.0,0.9278,1.1991,357.6227,10.2505,121.1827,7.7727,18.8009,23.8213,713.5612,145.1218,623.9273,100.9489,-0.0122,-0.0179,-0.0007,-0.0234,0.0074,-0.0073,0.0035,7.427,0.132,0.9812,1867.8825,0.1792,8615.84,0.0454,0.0381,-0.0969,0.0356,0.4538859199883952,0.9613,759.0279,0.9867000000000001,56.8895,0.6011,0.9595,6.6045,16.07,4.684,16.09,16.09,1.757,0.7673,3.085,-1.83,0.7182,2.1995,1013.1402,87.0,76.9,82.4,46.5,324.855,0.0938,0.1482,0.0924,0.0486,0.0083,10.8477,4.859,17.502,0.0065,0.24,0.0687,811.0,17919.5,0.123,0.189,0.152,2.5,0.335,0.6177,0.1267,0.6515,0.3698,0.5388,0.47,0.0614,6.26,16.06,23.0,0.467,15.04,7.23,26.5081,83.873,0.0632,0.0261,0.0232,0.0241,0.0523,0.109,0.0778,0.1641,2.819,0.051,0.004,140.5735,0.04,1098.1997,0.017,0.0148,0.03425007851664086,0.0118,101.2826,1.9951,0.0261,0.3413,0.0206,3.4019,22.4404,26.4376,26.9185,0.0275,1.8392,0.0461,1.6664,0.0618,0.0247,374.4866,219.1261,1828.0278,8994.62525,0.0625,0.08,0.0636,0.9649,0.0252,0.1171,0.2497,0.0503,0.1016,5.2453,0.1494,6.8882,0.0193,2.0713,4.9341,7.3938,0.1463,2.0771,2.8356,8.9255,25.6027,0.0204,0.012,0.0096,0.0123,0.0122,0.0498,0.042,0.08248588237179322,0.9691,0.0158,0.0012,57.9374,0.0133,390.1379,0.01246148596974055,0.004,35.3127,0.631,0.0101,0.106,0.0062,10.3794,1.2292,4.0089,2.6266,3.2629,2.114,28.4861,7.0193,10.5467,92.2091,4.2264,0.6672,1.9077,4.8913,77.7541,0.0,9.3376,9.4347,2.0735,3.3743,51.5625,49.3942,9.6619,0.7233,1.5391,1.0124,0.236,4.8189,6.9723,2.9203,6.7576,4.6518,2.5474,19.8632,5.3497,4.5559,5.7269,193.4977,3.7149,12.4447,83.0846,516.9734,50.024,0.0,223.5043,0.0,0.0,0.0,37.9556,3.03,2.0938,0.4123,7.5258,22.2938,0.0,51.0386,643.9024,6.5936717600706505,1.2234,13.3437,0.25379999999999997,3.5069,5.1679,0.9362,7.5579,73.192,15.82,1.52,7.2296,0.5977,65.9908,3.9158,2.0767,0.0821,0.0202,8.57,8.55,0.1995,3.6591,0.0992,3.3332,27.7162,531.3445,2.0359,5.71,0.2796,1.565,0.0936,1.0746,13.7332,0.0195,3.8618,0.0184,0.0148,80.1759
-1.0,2865.0,2197.2001,2.2328,96.6233,1.3943,0.0076,0.0259,200.3689,7.3574,410.316,0.9712,190.6095,12.5967,1.4127,-3732.25,946.5,1.3287,2.0032,7.328,69.3778,2.3556,0.1906,85.5439,8.6556,64.2946,66.3872,86.3125,81.73,2.54,344.4291,147.4264,736.1251,1.0281,135.6009,627.4564,76.2327,4.586,4.809,2819.0,0.9324,1.5882,346.3173,10.1129,129.0145,6.6886,18.4118,23.3521,712.773,147.3464,622.6782,103.7975,-0.0177,-0.0154,-0.0118,-0.0075,0.013,-0.0513,-0.0525,6.5648,0.1325,0.9889,1791.9434,0.1899,8458.92,0.0684,0.149,-0.0078,-0.0053,0.47021948233888444,0.952,724.3805,0.99,58.9044,0.6022,0.9805,6.1375,15.64,2.992,15.7,15.62,0.8514,0.5715,3.431,0.9461,0.7573,2.2949,994.3752,102.0,65.4,45.5,47.2998,554.506,1.0612,0.0842,0.0525,0.0664,0.0164,7.6508,3.924,11.592,0.0117,0.25,0.0218,405.0,8951.0,0.043,0.034,0.14,1.6,0.379,0.5272,0.1304,0.6457,0.2537,0.7604,0.708,0.2079,7.61,23.33,38.698,0.611,15.75,9.25,38.252,80.94,0.0813,0.0603,0.0341,0.0643,0.0604,0.1132,0.0481,0.1506,6.7738,0.0573,0.0014,153.7772,0.0987,1001.5005,0.0165,0.0106,0.0484064693820217,0.007,149.163,1.6687,0.028,0.3785,0.1205,3.6655,24.852,19.9067,14.3624,0.36060000000000003,2.8309,0.0315,1.2769,0.0671,0.0087,211.9283,103.8926,292.1853,4167.9628,0.0207,0.0141,0.0616,0.4919,0.0443,0.1135,0.2052,0.0549,0.0814,5.7796,0.1792,9.8312,0.0697,2.514,7.1526,11.915,0.1753,3.2395,3.8048,11.9865,30.349,0.0266,0.0249,0.0168,0.0311,0.022,0.0595,0.0223,0.0798,2.5408,0.0195,0.0005,46.9593,0.0347,271.215,0.011348058669984055,0.0024,41.2602,0.4924,0.0111,0.1281,0.042,6.9553,1.287,4.7205,2.2827,1.7922,2.1527,32.422,52.1767,6.039,53.3343,2.8251,1.1999,1.9846,1.5438,18.4607,878.8110999999999,3.2361,1.6972,1.9105,2.3062,42.4528,71.3703,11.031,0.6163,1.507,1.0043,0.2445,5.1854,8.7162,4.3855,20.2255,5.6121,3.7182,50.763,9.842500000000001,6.0418,13.3473,235.475,5.3666,22.8397,77.9787,460.2972,275.9725,542.616,810.7383,869.0979,93.8079,286.5842,103.1834,4.941799999999999,2.3579,0.1459,8.5816,51.9559,697.9424,41.2371,134.9398,9.956530016771671,0.7394,20.5918,0.1123,2.8329,6.1673,5.249,9.3956,73.254,14.53,1.33,6.7381,0.5058,27.0176,3.6251,1.8156,0.1189,0.0351,12.4257,11.3,0.3378481311764915,4.1622,0.1352392452747727,4.1372,38.05341532073962,532.2427,1.9313,8.17,0.3876,2.7254,0.1319,1.535,20.0671,0.026000000000000006,5.21645,0.0184,0.0148,80.1759
-1.0,3050.96,2206.7999,0.9778,97.3911,1.4544,0.0071,0.003,200.2759,12.3758,419.3586,0.9735,190.2,12.4357,1.41,-4266.0,-2092.75,1.3215,1.991,7.3205,72.2778,2.0778,0.1672,86.1541,8.9036,64.0553,66.3221,86.4182,81.44,3.069,345.71,150.2582,740.6303,0.9109,132.2709,628.2391,118.087,4.582,4.849,2831.0,0.9318,-6.0636,347.9409,10.2609,124.1945,9.2873,26.0636,32.9674,707.6629,146.8164,618.9518,110.4187,-0.0239,-0.03,0.0132,0.0021,-0.0132,-0.0189,0.0209,7.3105,0.1453,0.9881,1745.1442,0.1672,9728.8201,0.0033,0.0,-0.0342,-0.0328,0.45245346694981126,0.9441,810.8979,0.991,58.4738,0.5919,0.9667,6.3848,15.76,4.04,15.83,15.8,1.163,0.6743,3.001,-0.5204,0.6814,2.2392,997.1394,98.0,140.0,140.0,54.5,925.897,0.2142,0.1917,0.0554,0.0483,0.0185,7.6246,8.744,7.11,0.0113,0.24,0.032,717.0,3841.0,0.123,0.081,0.352,2.6,0.835,0.6969,0.1102,0.5171,0.273,0.7748,0.754,0.0439,9.39,22.94,22.699,0.47,16.8,16.36,31.452,51.92,0.0671,0.0694,0.0529,0.0348,0.0471,0.1117,0.0902,0.0554,2.3535,0.0341,0.0027,150.5732,0.0512,1516.4004,0.0146,0.0106,0.04264947006936243,0.0379,130.8433,1.9263,0.0163,0.3029,0.0502,3.613,26.9966,53.6678,54.9371,0.0688,4.1378,0.0589,2.7038,0.0762,0.0106,330.1882,263.4407,893.176,1640.5593,0.0585,0.0368,0.1586,1.0158,0.0376,0.2708,0.2493,0.0447,0.0885,5.8805,0.1918,9.7851,0.0148,2.6635,7.2879,6.3839,0.1515,4.5904,4.3353,10.3875,18.1129,0.02,0.0356,0.0233,0.019,0.0164,0.0534,0.0466,0.0268,0.7342,0.0126,0.0008,53.1581,0.0143,462.6416,0.015634798873894074,0.0138,45.4335,0.5939,0.007,0.1025,0.0143,7.8861,1.0881,4.6221,4.5887,5.4327,2.4696,65.4234,21.903,13.1805,70.6539,1.6954,1.1593,1.9299,2.2666,44.3741,183.5384,9.3076,4.0683,4.8084,3.5972,67.3797,68.1728,25.143,0.8089,1.2376,0.8073,0.1431,5.8691,8.2525,4.1885,4.8221,7.0991,3.6515,19.2223,6.8574,4.5805,17.537999999999997,180.8924,4.4445,24.4056,47.021,280.8266,0.0,263.6364,0.0,847.8178,476.6182,264.7551,32.1928,1.1008,1.4172,0.2696,8.6281,30.6413,0.0,68.0315,0.0,12.776179301148918,4.0134,16.1356,0.0593,3.2943,4.7445,2.2423,9.4262,75.116,16.32,1.7,7.7401,0.7198,77.0326,3.9894,2.2632,0.3709,0.0841,37.6775,11.969999999999999,0.3378481311764915,4.532500000000001,0.1352392452747727,4.638249999999999,38.05341532073962,528.5973,2.22,6.24,0.2848,2.1791,0.0859,1.1805,12.8307,0.0158,3.1327,0.0184,0.0148,80.1759
-1.0,2999.19,2200.1222,2.2079,97.7778,1.4915,-0.0176,0.0054,197.7843,4.3205,404.0777,0.9704,187.7349,12.7213,1.3897,-3147.25,5858.0,1.2797,2.0225,7.3108,71.1,1.8111,0.1509,86.5682,9.3868,64.4245,65.971,87.4684,80.46,3.354,365.2782,130.0773,737.3465,1.372,143.1755,638.5309,193.3328,4.587,4.822,2881.0,0.9226,2.5855,363.1264,10.7259,112.6627,15.7709,17.4145,23.8635,713.4829,146.9709,622.76,111.4965,0.0028,-0.0283,0.0073,0.0085,-0.0141,-0.0495,-0.0228,8.2983,0.1318,0.9908,1799.0774,0.1725,8337.48,0.0336,0.0632,0.0022,0.0424,0.4452876615697383,0.9459,717.4934,0.99,58.898,0.6012,0.9608,6.3385,15.64,2.992,15.7,15.62,0.8514,0.5715,3.431,0.9461,0.7573,2.2949,994.3752,95.0,74.5,119.6,57.0999,597.8049,1.0612,0.121,0.0571,0.0575,0.0204,9.9666,5.551,10.051,0.0137,0.18,0.0334,655.0,6044.0,0.095,0.048,0.164,2.4,0.598,0.7097,0.0417,0.5549,0.3663,0.7793,0.698,0.1911,4.75,15.77,56.566,0.402,19.94,12.09,22.815,74.018,0.137,0.0633,0.0524,0.0934,0.16685000000000003,0.0973,0.0362,0.1136,4.0294,0.0349,0.0007,96.8884,0.0214,1660.0,0.015,0.0115,0.03798927356221721,0.0178,181.1413,2.1356,0.0377,0.2574,0.1205,3.6655,25.684,26.5175,47.7118,0.36060000000000003,1.1948,0.0411,1.7909,0.0548,0.0132,270.7205,119.592,1366.4441,3117.8889,0.0452,0.0206,0.0765,0.789,0.0567,0.1822,0.284,0.0183,0.1219,7.5545,0.2023,4.4251,0.0548,1.6224,4.6502,20.0589,0.131,3.3056,4.0796,6.4331,21.2334,0.0366,0.0295,0.0232,0.0393,0.0485,0.0498,0.0156,0.0602,1.6241,0.0118,0.0003,37.2626,0.007,488.8611,0.01044220146417869,0.0066,54.7528,0.6368,0.0126,0.081,0.042,6.9553,1.287,4.3356,2.484,4.9229,2.5953,40.4406,52.2659,8.1126,128.4819,2.4874,1.416,1.4091,2.4056,82.4212,103.1751,7.4233,2.3733,2.2433,3.3755,93.865,91.458,17.1025,0.8198,0.4446,0.8613,0.5342,6.4882,10.8551,2.3464,13.9275,3.3176,2.4697,29.2584,1.7635,3.7479,3.506,126.4355,3.1977,13.6865,66.3859,0.0,539.8721,0.0,0.0,692.5267,73.0575,497.1554,48.5571,2.4277,1.4637,0.0708,5.3855,12.3905,0.0,50.1458,388.2353,8.774380680879613,1.8775,25.2464,0.128,3.626,4.0606,5.249,9.3956,74.484,21.05,1.07,10.4519,0.3926,79.2477,5.2047,1.4365,0.0888,0.028,9.29,7.53,0.214,2.9087,0.0821,2.7744,25.1383,528.7618,1.9743,10.07,0.275,3.3664,0.1013,1.9045,13.9266,0.019,3.8079,0.0184,0.0148,80.1759
-1.0,3040.48,2191.6445,1.6211,96.4644,1.4133,0.0137,-0.0132,199.1695,9.3792,413.1147,0.9799,189.0293,12.5492,1.4055,-2602.0,192.75,1.2895,1.957,7.3135,68.7889,2.3444,0.1829,84.9605,9.0744,64.2376,66.2771,85.9594,80.69,2.308,350.4982,144.6291,740.3259,1.2785,140.0518,635.1791,220.0654,4.598,4.799,2854.0,0.932,-1.8809,354.4882,10.078,122.7482,12.6391,21.8809,29.6544,710.6715,145.3036,622.54,109.6638,-0.0041,-0.0295,0.0084,-0.0028,-0.0285,-0.0288,-0.0065,6.7441,0.1279,0.9896,1780.6663,0.1913,9068.7301,-0.1747,-0.0112,0.155,-0.0096,0.43792321315078264,0.9499,788.1151,0.9898,58.382,0.5993,0.9644,6.4217,15.76,4.04,15.83,15.8,1.163,0.6743,3.001,-0.5204,0.6814,2.2392,997.1394,136.0,199.4,159.0,55.0,493.557,0.2188,0.1162,0.059,0.0522,0.01,10.8928,5.226,11.033,0.0057,0.8700000000000001,0.0596,1082.0,148.0,0.082,0.063,0.223,2.1,0.448,0.4063,0.1045,0.7631,0.3678,0.8259,0.331,0.1006,8.51,20.81,85.585,0.882,17.1,3.46,31.091,79.111,0.0714,0.0604,0.0385,0.0697,0.0663,0.0862,0.0675,0.0618,3.943,0.0696,0.0024,206.0121,0.0439,762.2998,0.0093,0.0188,0.036490415245578944,0.0228,107.9431,1.6108,0.0353,0.3781,0.0502,3.613,29.2305,68.5514,55.5746,0.0677,2.8053,0.0452,1.7632,0.1753,0.0169,462.1565,231.7619,3542.8439,60.8352,0.0379,0.0261,0.0956,0.699,0.0364,0.1575,0.1513,0.0411,0.1665,3.2548,0.1016,9.3591,0.0333,2.5637,6.2491,25.4851,0.2601,1.0853,1.8421,9.6718,25.0167,0.0233,0.0278,0.0162,0.0349,0.019,0.0437,0.0327,0.0313,1.6056,0.0255,0.0007,64.3934,0.014,262.0692,0.015061469066048782,0.008,32.4994,0.4862,0.0114,0.1201,0.0143,7.8861,1.0881,6.2173,6.5582,6.3952,2.5095,40.5936,13.4945,8.222,55.7191,2.6707,0.5782,6.94175,4.2441,261.7986,76.7834,6.3591,3.2192,3.0492,3.0528,42.654,61.7861,12.7498,0.4782,1.151,1.1879,0.2185,2.9301,8.2556,4.0796,7.8657,6.0763,3.2762,38.8907,5.6815,8.7517,8.3341,135.2944,4.3749,10.1291,72.1396,0.0,205.9676,764.9995,0.0,301.9264,234.5786,890.8199000000001,58.4656,2.345,2.9447,0.2442,11.5694,22.9305,0.0,46.4122,0.0,11.95573657771234,2.4008,13.6964,0.0928,2.759,5.8871,2.2423,9.4262,73.254,14.53,1.33,6.7381,0.5058,27.0176,3.6251,1.8156,0.6598,0.1946,53.4387,6.62,0.3378481311764915,2.8333,0.1352392452747727,2.5892,38.05341532073962,531.3091,1.9363,10.85,0.2938,3.609,0.0862,2.0421,15.1731,0.0142,2.8453,0.0184,0.0148,80.1759
-1.0,3007.39,2209.8,1.1464,112.1367,1.5456,-0.0051,0.0062,202.6079,9.9345,407.3567,0.9688,192.981,12.5004,1.3937,-2998.75,-1779.3333,1.2665,2.0213,7.4047,68.8556,2.7778,0.2191,86.1383,8.3383,64.2525,65.965,86.9421,78.38,3.409,348.6736,142.6964,734.3664,1.2656,139.7909,631.1609,212.2841,4.604,4.855,2828.0,0.9347,-3.7773,351.5682,10.2078,118.9191,11.1,23.7773,31.5768,702.7895,149.5736,620.0609,96.0579,-0.0174,-0.0331,0.0253,-0.0048,0.0097,-0.027,-0.0209,8.1827,0.1344,0.9898,1794.5947,0.1923,8429.9801,-0.1929,0.0242,0.0905,-0.0033,0.4829943729751375,0.9405,727.993,0.9896,58.2992,0.6,0.9632,6.3845,15.67,3.362,15.71,15.61,0.8278,0.6257,3.341,0.1419,0.7131,2.3079,995.1202,88.0,196.0,103.2,50.5999,485.115,0.1587,0.0996,0.0561,0.0509,0.0151,6.234,6.308,9.938,0.0136,0.46,0.061,612.0,5219.0,0.07,0.055,0.289,3.2,0.579,0.8028,0.1398,0.6022,0.414,0.796,0.335,0.0812,3.71,18.77,23.895,0.562,14.3,3.45,27.914,81.833,0.0784,0.0744,0.0369,0.0658,0.0515,0.1255,0.0727,0.0485,2.3782,0.0613,0.0015,83.4757,0.0698,1239.7002,0.0171,0.016,0.05137850942508482,0.0208,136.3898,4.399,0.0414,0.35,0.1259,2.4804,24.0139,60.9007,37.5218,0.0536,2.0635,0.0359,1.9602,0.0966,0.0202,280.0952,431.6955,1069.2859,2658.7765,0.0352,0.0247,0.1235,0.958,0.0388,0.2173,0.3191,0.0512,0.0974,5.1468,0.1001,8.3146,0.0283,1.0463,5.4365,8.3168,0.1466,0.9818,1.3954,8.6257,24.4173,0.0229,0.0345,0.0165,0.0304,0.013,0.0623,0.0369,0.0231,0.827,0.0243,0.0005,26.5206,0.0196,515.351,0.015262860502010731,0.0071,55.1696,1.2926,0.0128,0.1125,0.0445,8.03,0.9557,4.0493,6.5173,4.1214,2.2898,41.267,13.846,6.4443,63.4956,2.4396,1.4053,3.6799,4.374,83.9683,293.3121,5.527,2.7211,3.9029,4.6474,50.4,56.1359,17.1969,0.932,1.6771,0.9372,0.3416,4.7896,3.8193,3.5938,6.4192,2.654,2.9739,11.2561,5.645,5.5056,4.9361,128.829,3.9719,18.7497,85.1913,450.7366,618.59025,260.0791,0.0,0.0,269.5088,232.0574,29.0637,4.941799999999999,2.5714,0.1485,4.6515,36.2927,0.0,56.25,0.0,12.177661645660633,2.2152,18.735,0.1121,7.5455,5.4819,5.4539,5.5015,73.254,14.53,1.33,6.7381,0.5058,27.0176,3.6251,1.8156,0.1579,0.0416,15.7234,4.98,0.0877,2.0902,0.0382,1.8844,15.4662,532.3427,2.0841,8.18,0.2392,2.8189,0.0663,1.5366,11.4779,0.0169,3.3924,0.0184,0.0148,80.1759
-1.0,3018.78,2202.4556,2.5534,110.9933,1.524,-0.0091,0.0064,199.6372,11.0959,422.0823,0.9742,189.4954,12.5004,1.3926,-3152.0,-498.0,1.3708,1.983,7.3027,66.2889,2.7889,0.218,86.1383,8.3383,64.2525,65.965,86.9421,78.38,3.409,349.6709,139.1882,730.5397,1.315,139.4864,628.3455,215.5637,4.604,4.855,2828.0,0.9347,-2.1464,350.7327,10.2937,117.0418,12.6991,22.1464,30.0519,700.4878,147.8718,615.6464,94.5532,-0.0309,0.0748,0.0166,-0.0142,0.0015,-0.0365,-0.0076,7.4931,0.1354,0.9899,1836.3814,0.18,8668.0198,0.0741,-0.0344,0.0063,-0.0136,0.45322221931306284,0.9471,643.6004,0.9893,58.8469,0.6009,0.961,6.4818,15.73,4.425,15.75,15.79,1.229,0.6842,3.024,-0.9934,0.6812,2.2407,1009.5881,177.0,91.2,174.0,46.7,351.941,0.4515,0.1196,0.0849,0.0839,0.0177,7.8649,5.612,6.548,0.0104,0.46,0.0644,192.0,1338.0,0.111,0.11,0.243,2.5,0.618,0.8028,0.1398,0.6022,0.414,0.796,0.614,0.1164,7.62,18.61,71.529,0.372,17.7,5.97,27.127,75.723,0.0755,0.0258,0.0358,0.0531,0.0455,0.0878,0.0901,0.0547,3.1291,0.0383,0.0021,91.675,0.0462,1107.0996,0.0121,0.0102,0.04574754759805122,0.0275,176.8666,3.2545,0.0342,0.3078,0.0264,3.7884,33.812,30.6151,62.2588,0.1616,1.4519,0.036,1.6461,0.0966,0.0272,89.1908,175.0181,927.8755,633.7465,0.0518,0.0452,0.1106,0.7976,0.0447,0.1716,0.3191,0.0512,0.0974,6.5791,0.1513,7.5577,0.0382,2.2101,5.7742,22.3212,0.1204,1.7714,1.9884,9.0749,22.4129,0.0206,0.012,0.017,0.0244,0.0147,0.0479,0.0449,0.0232,1.0416,0.0115,0.0006,28.0185,0.0142,440.3058,0.014506957701875156,0.0108,59.8517,1.0259,0.0117,0.1072,0.0084,6.6398,1.2131,8.0215,3.0211,6.9024,2.1204,29.329,17.4497,7.8478,50.5772,1.5514,1.0636,3.6799,4.6272,54.0926,268.6747,8.0978,5.5472,3.3275,3.7714,60.9562,55.5046,17.3098,0.932,1.6771,0.9372,0.3416,6.8779,5.5536,3.2926,8.8549,5.4629,2.9617,33.1823,5.645,3.6138,5.7928,139.3797,3.8726,7.3316,80.0851,244.2872,317.5385,319.8795,320.8462,0.0,247.0185,717.377,41.7602,2.7317,1.6194,0.2088,4.9922,25.6867,0.0,33.5766,0.0,12.035066754991375,2.9063,27.4808,0.1515,5.5305,4.7489,1.178,10.4867,73.016,15.9,0.79,7.5915,0.2929,109.0268,3.93,1.082,0.1497,0.0361,14.9541,4.98,0.0877,2.0902,0.0382,1.8844,15.4662,532.3427,2.0841,8.18,0.2392,2.8189,0.0663,1.5366,11.4779,0.0114,2.2984,0.0184,0.0148,80.1759
-1.0,2939.94,2203.1667,0.9448,96.3311,1.5036,0.0035,-0.0028,200.2828,12.0825,413.7381,0.9729,190.1073,12.6198,1.3818,-3335.5,-1693.25,1.2785,2.0195,7.3623,70.3889,2.9222,0.2371,86.8862,8.9541,63.9146,66.419,86.2871,81.86,2.962,368.9855,141.2864,755.404,1.2746,142.5982,652.87,171.4162,4.619,4.877,2878.0,0.9201,0.8045,366.6764,10.475,122.0909,14.642,19.1955,23.7588,731.6452,150.9482,639.7155,171.74984999999998,0.0163,-0.0378,0.0105,0.0008,-0.0292,-0.0528,-0.0013,7.8997,0.1337,0.9822,1832.8431,0.19,8306.2901,-0.0173,0.0744,0.0293,-0.0837,0.43090728354886254,0.974,714.7904,0.9894,59.0791,0.6005,0.9777,6.5756,15.76,4.04,15.83,15.8,1.163,0.6743,3.001,-0.5204,0.6814,2.2392,997.1394,114.0,115.3,104.9,55.3,706.4609,0.2034,0.1878,0.049,0.0606,0.0177,7.6594,12.57,12.088,0.0108,0.29,0.0525,2060.5,6384.0,0.199,0.131,0.146,2.0,0.765,0.4126,0.1803,0.6482,0.184,0.7215,0.523,0.2786,5.65,14.98,29.274,0.987,13.3,17.4,30.98,46.535,0.1055,0.0468,0.0694,0.0734,0.0742,0.0628,0.0222,0.0913,5.4192,0.033,0.0026,108.4229,0.1254,1056.7002,0.0147,0.0147,0.055036248464235854,0.007,101.7657,1.7184,0.0281,0.3846,0.0502,3.613,29.7789,44.7386,36.7086,0.0561,4.1378,0.0692,3.9638,0.0773,0.0178,912.5788,293.1614,1285.5923,2955.5193,0.0832,0.0618,0.0597,0.6133,0.0715,0.2369,0.166,0.0795,0.1205,6.0393,0.173,4.9727,0.0781,1.8077,3.9562,9.3015,0.27,5.1972,6.425799999999999,9.3815,13.2247,0.033,0.021,0.0341,0.0306,0.0219,0.0325,0.0101,0.0479,1.7761,0.0116,0.0007,35.182,0.0374,337.2597,0.013746555105661667,0.0022,33.3045,0.52,0.0112,0.1214,0.0143,7.8861,1.0881,5.182,3.9218,4.2205,2.51,53.807,21.5254,12.4899,104.0352,2.9217,1.1126,2.298,3.7995,85.3845,377.0264,15.5651,6.4868,1.9831,2.8414,41.0646,94.8922,22.0052,0.4749,2.0137,1.0142,0.1714,5.5287,8.5642,2.5874,21.8568,3.9622,2.2945,17.0777,2.066,9.4224,7.0849,90.8347,4.2343,16.9414,23.0064,648.2335,0.0,700.716,0.0,215.0685,42.0455,0.0,68.6006,2.2444,1.3708,0.2673,5.9156,63.31987047269746,0.0,73.6706,310.0,12.97393122036446,0.7228,14.2371,0.1669,2.9087,5.8493,2.2423,9.4262,75.474,21.3,0.31,8.6514,0.1246,62.0312,5.3478,0.4107,0.1596,0.0373,17.3638,4.19,0.1332,1.9646,0.048,1.5848,15.2072,532.0945,2.0071,5.86,0.2919,1.9029,0.0868,1.1013,14.5448,0.016,3.1779,0.0196,0.0049,25.2265
-1.0,2971.13,2202.4556,2.5534,110.9933,1.4711,-0.0133,0.0001,199.9373,9.9958,411.2799,0.9742,189.7125,12.5004,1.4063,-3652.5,-322.5,1.3247,2.0267,7.3618,70.4667,2.2889,0.1769,86.1383,8.3383,64.2525,65.965,86.9421,78.38,3.409,347.5873,144.9473,736.4611,1.2591,138.7545,631.2891,199.6962,4.604,4.855,2828.0,0.9347,-1.3618,348.4845,10.3277,123.5855,11.9664,21.3618,28.4839,707.9772,147.2527,619.3227,106.6469,-0.0159,-0.036,0.0089,-0.0006,-0.0142,-0.0098,0.0123,7.0531,0.1333,0.9858,1731.7276,0.1735,9137.4999,-0.1734,0.0046,0.0843,-0.0728,0.44042170924589374,0.9422,792.4602,0.9895,58.4774,0.6022,0.9636,6.4233,15.73,4.425,15.75,15.79,1.229,0.6842,3.024,-0.9934,0.6812,2.2407,1009.5881,111.0,169.0,164.5,46.7,351.941,0.4515,0.0863,0.0736,0.0743,0.0183,7.7192,4.823,7.586,0.0102,0.46,0.0455,831.0,2224.0,0.127,0.054,0.266,2.4,0.821,0.8028,0.1398,0.6022,0.414,0.796,0.409,0.0856,7.99,17.13,48.487,0.279,14.22,3.42,27.34,45.67,0.0392,0.032,0.0448,0.0603,0.0576,0.0656,0.0663,0.0302,3.1508,0.0977,0.0027,220.2347,0.0277,1211.4004,0.0212,0.014,0.04831047997261806,0.0286,106.0208,4.2031,0.0305,0.386,0.0264,3.7884,28.2605,50.9595,43.5154,0.1616,1.4519,0.0297,1.5046,0.0966,0.0134,384.764,209.6243,1249.4523,1046.6344,0.0588,0.0225,0.1143,0.8832,0.0434,0.3062,0.3191,0.0512,0.0974,5.3109,0.1464,8.2258,0.0234,2.6422,5.2362,13.3029,0.0886,1.1022,1.4643,8.7619,16.85,0.0131,0.0163,0.0229,0.0281,0.0223,0.0303,0.0362,0.0162,1.2275,0.0321,0.0007,65.5133,0.0085,371.2376,0.015421700310697228,0.0083,30.7007,1.2356,0.0102,0.1236,0.0084,6.6398,1.2131,4.9768,5.6881,6.597,2.1204,29.329,17.4497,5.8664,48.2502,1.8445,1.048,3.6799,3.2376,83.7782,689.6124,9.5867,2.6644,3.6133,3.4059,69.9029,85.3643,24.852,0.932,1.6771,0.9372,0.3416,4.8333,3.7531,3.5244,6.8014,5.7584,2.7135,24.2804,5.645,2.7015,5.0815,118.8331,3.8617,9.6018,42.8236,246.0573,203.4976,679.4366,0.0,462.7866,678.2609,244.5344,44.6724,2.4756,4.0024,0.2778,12.7176,15.9911,0.0,35.8068,0.0,12.550935660334142,3.0382,13.3787,0.1039,7.1876,6.0094,1.178,10.4867,73.254,14.53,1.33,6.7381,0.5058,27.0176,3.6251,1.8156,0.0699,0.0177,7.3755,4.98,0.0877,2.0902,0.0382,1.8844,15.4662,532.1382,2.0329,9.02,0.2568,3.0501,0.0828,1.6951,12.6333,0.026000000000000006,5.21645,0.0196,0.0049,25.2265
-1.0,2889.7,2202.4556,2.5534,110.9933,1.6147,-0.0057,0.0084,199.9366,8.9403,406.3012,0.9727,189.7319,12.5004,1.3772,-4770.25,1306.0,1.3315,1.972,7.377,72.5556,1.8778,0.1481,85.1404,8.627,64.0218,66.2798,86.4671,83.13,2.303,346.4273,144.1236,735.9414,1.2802,142.33,632.8809,199.7783,4.4879999999999995,4.71,2828.0,0.9091,-3.1382,348.6427,10.2781,120.9855,13.8454,23.1382,32.9711,702.9703,149.4073,619.0355,171.74984999999998,-0.0134,-0.0377,0.007,-0.0087,-0.0038,-0.039,0.0068,7.7038,0.1325,0.9872,1734.794,0.1646,8901.9701,0.0899,0.0307,-0.0028,0.0584,0.46743083572261734,0.9464,753.4261,0.9896,58.6019,0.5901,0.9648,6.3599,15.73,4.425,15.75,15.79,1.229,0.6842,3.024,-0.9934,0.6812,2.2407,1009.5881,117.0,135.7,105.9,46.7,351.941,0.4515,0.1272,0.0719,0.0829,0.0202,7.8396,3.948,5.883,0.0114,0.46,0.0488,277.0,17919.5,0.108,0.107,0.128,2.5,0.498,0.4889,0.26130000000000003,0.6162,0.3387,0.7311,0.55,0.0842,5.12,18.21,52.064,1.001,14.46,3.3,26.285,158.96999999999997,0.057,0.036,0.0591,0.0541,0.0436,0.0959,0.0448,0.0371,2.8526,0.047,0.0018,161.9377,0.0697,781.7002,0.0171,0.0099,0.014876238078305626,0.0272,126.6108,3.6903,0.0328,0.4707,0.0264,3.7884,31.0228,45.7372,41.8829,0.1616,1.4519,0.047,1.0797,0.0966,0.0169,123.2433,269.5012,1263.9091,8994.62525,0.0518,0.0468,0.0551,0.8974,0.0376,0.1735,0.1932,0.0985,0.0718,4.7086,0.152,8.1024,0.0262,1.9548,5.7025,14.5851,0.2822,1.0337,1.314,7.9806,50.93910000000001,0.0175,0.0152,0.028,0.0261,0.0123,0.0465,0.0202,0.0174,0.9592,0.0149,0.0006,48.9899,0.0222,269.1946,0.009644719070959913,0.0079,39.8113,1.1183,0.0119,0.1578,0.0084,6.6398,1.2131,5.2349,4.696,4.0998,2.1204,29.329,17.4497,7.8776,44.1597,1.4479,1.1722,3.6799,3.5413,57.6699,0.0,8.1112,5.426,1.7351,3.4456,69.2308,70.8927,14.4069,0.5742,2.9167,0.9625,0.2553,4.6994,3.8439,3.5046,6.5757,3.5973,2.8773,26.0609,4.1444,9.7392,5.7114,104.4387,3.7391,18.3804,85.1745,424.3834,293.279,764.9995,501.1494,0.0,114.7982,543.5897,37.0277,4.941799999999999,1.9352,0.1847,9.3347,42.3558,0.0,44.044,0.0,6.047002836136053,2.8759,16.8047,0.108,6.2973,7.4017,1.178,10.4867,73.252,14.55,0.84,6.2811,0.3813,49.801,3.5763,1.1467,0.0699,0.0177,7.3755,10.4,0.1677,3.769,0.0798,3.871,25.42,523.3110000000001,1.866,15.390000000000002,0.6164999999999999,5.3345,0.18730000000000002,2.8874999999999993,28.50255,0.0093,1.873,0.0196,0.0049,25.2265
-1.0,3202.9,2203.1667,0.9448,96.3311,1.5305,0.0141,0.0187,199.4729,4.227,411.7083,0.9783,189.6994,12.6149,1.4317,-4657.25,2936.6667,1.3037,2.0062,7.4707,68.1333,1.8111,0.1411,84.6927,8.8973,64.1619,66.3435,86.4023,80.92,3.093,346.4836,148.6691,738.2598,1.2224,136.4836,631.6364,152.2794,4.571,4.806,2824.0,0.9324,0.3245,346.9045,10.0149,128.9936,12.7355,19.6755,23.8674,714.3925,143.0027,618.9009,73.627,0.0227,-0.0435,0.0046,-0.056400000000000006,-0.0143,-0.0009,-0.0031,7.6611,0.1378,0.986,1808.2067,0.1762,9113.64,0.0245,0.0186,-0.0361,0.0704,0.4626999917021759,0.9491,764.4798,0.9916,58.5453,0.5972,0.9798,6.1324,15.64,2.992,15.7,15.62,0.8514,0.5715,3.431,0.9461,0.7573,2.2949,994.3752,96.0,202.0,230.0,55.3,706.4609,0.2034,0.212,0.05,0.0843,0.0082,7.6791,6.807,21.448,0.0061,0.34,0.0245,584.0,10835.0,0.071,0.163,0.177,3.3,0.654,0.5756,0.0521,0.6154,0.368,0.8014,0.736,0.1693,10.39,20.31,54.681,1.041,17.06,11.65,31.666,8.224,0.16345,0.0623,0.0273,0.0656,0.16685000000000003,0.1447,0.1024,0.0876,3.3658,0.0564,0.0023,101.4012,0.0521,1195.2002,0.0164,0.0147,0.05019878529547639,0.0145,105.3699,4.4464,0.0339,0.4136,0.1205,3.6655,25.2356,66.2648,72.4023,0.0561,4.1378,0.0683,2.2096,0.0679,0.008,266.02,327.0163,1319.9221,5642.2085,0.0341,0.0709,0.0804,1.1489,0.0558,0.2162,0.2162,0.0253,0.055,7.257,0.2497,9.0341,0.0488,3.1872,5.8002,18.6137,0.2752,3.1451,3.7615,9.8369,3.1446,0.045450000000000004,0.0266,0.0137,0.0274,0.0485,0.073,0.0483,0.0452,1.0759,0.0215,0.0006,37.8385,0.0185,371.1337,0.007860232106815187,0.0041,34.1139,1.295,0.0125,0.1264,0.042,6.9553,1.287,4.3746,6.3068,9.0159,2.51,53.807,21.5254,13.8515,161.0362,5.2095,0.6247,2.6952,1.7134,61.7747,368.9557,5.4458,8.1246,2.3692,4.8434,82.8221,111.9685,18.6042,0.6796,0.5859,0.9591,0.3639,6.5948,6.6927,4.1606,13.8484,7.6126,3.2155,35.9083,7.3415,10.3945,15.8845,133.9562,4.4326,16.9315,11.1698,0.0,396.8153,0.0,416.8097,0.0,0.0,0.0,43.934,1.8142,2.3356,0.2296,5.6078,29.5763,0.0,58.8556,0.0,9.352597830417563,1.5316,13.7832,0.1685,7.5948,6.7438,5.249,9.3956,71.484,17.9,1.15,8.1159,0.4357,49.5512,4.4218,1.6088,0.1571,0.0424,16.6043,4.98,0.0877,2.0902,0.0382,1.8844,15.4662,531.1754,2.0396,8.09,0.2678,2.645,0.0775,1.523,13.1304,0.0167,3.3669,0.0332,0.0178,53.5775
-1.0,3154.54,2203.1667,0.9448,96.3311,1.3979,0.0187,0.0196,199.9283,6.2035,411.8003,0.9788,190.1568,12.7051,1.4147,-4169.25,155.5,1.2917,2.0103,7.348,71.1,2.1778,0.1658,85.9501,9.7137,64.3577,66.3288,86.9537,81.46,2.585,365.4345,150.2018,764.3694,1.2413,139.5736,655.21,226.1757,4.638,4.897,2870.0,0.9218,-9.7682,367.3509,10.2044,120.4336,19.0536,29.7682,40.8846,723.4847,148.3718,636.1564,91.6903,0.0124,0.0129,0.0333,-0.0125,0.0069,-0.0174,-0.0453,7.2497,0.1351,0.9917,1812.2034,0.1607,8589.6199,0.1105,0.0698,-0.0002,0.1345,0.44921535131170287,0.9627,744.7794,0.9891,58.9029,0.5905,0.9783,6.3767,15.64,2.992,15.7,15.62,0.8514,0.5715,3.431,0.9461,0.7573,2.2949,994.3752,104.0,154.7,140.6,55.3,706.4609,0.2034,0.0874,0.0441,0.0746,0.0082,7.5712,6.58,14.081,0.0061,0.35,0.056,936.0,955.0,0.11,0.143,0.118,2.0,0.527,0.3415,0.146,0.5738,0.3016,0.8439,0.553,0.1897,4.56,13.36,53.133,1.143,23.62,9.36,23.924,45.829,0.0465,0.0627,0.0783,0.009,0.0455,0.1158,0.1265,0.0832,3.711,0.1109,0.0008,71.1438,0.0267,1353.7998,0.0212,0.0152,0.06786927488673145,0.0271,131.1728,4.6528,0.0272,0.4508,0.1205,3.6655,26.5691,54.7092,43.7351,0.0561,4.1378,0.0318,2.1945,0.0702,0.0218,396.2583,121.7604,926.5255,449.1076,0.0466,0.0668,0.0487,0.6837,0.0511,0.1865,0.1408,0.0562,0.0657,6.3956,0.1764,5.1243,0.0549,1.5173,3.6071,17.2202,0.3823,2.9928,3.9,7.0767,16.4703,0.0154,0.0261,0.033,0.0038,0.0129,0.063,0.0564,0.0389,1.3084,0.035,0.0002,22.7794,0.0082,428.4709,0.01217247399341282,0.0079,43.5297,1.361,0.0105,0.1436,0.042,6.9553,1.287,4.8396,4.904,5.7367,2.51,53.807,21.5254,6.2523,106.0699,3.4194,0.6209,2.7548,3.9606,52.8632,614.1479,8.5156,7.1135,1.6059,2.8129,78.0612,90.4826,15.9396,0.3973,1.503,0.8916,0.299,5.2923,8.5951,2.67,15.2841,3.2671,2.039,23.4919,1.8589,11.2011,3.9607,123.9657,3.3068,17.1215,49.9824,374.2455,432.4138,27.0068,364.3644,0.0,729.1066,183.6645,51.1888,2.516,4.5051,0.0842,3.9258,16.5832,500.4115,59.2593,458.6667,12.911117116415449,2.8109,17.6123,0.1471,7.8991,7.0702,5.249,9.3956,73.788,24.1,1.36,11.458299999999996,0.5661,48.9985,5.8719,1.8431,0.3709,0.0841,37.6775,4.63,0.1484,1.6576,0.0552,1.8597,17.1041,531.1754,2.0396,8.09,0.2678,2.645,0.0775,1.523,13.1304,0.0079,1.5838,0.0332,0.0178,53.5775
-1.0,3020.7,2164.2667,1.2884,118.08009999999997,1.3571,-0.0165,-0.0007,198.8838,7.741,423.9069,0.9821,188.7363,12.6149,1.3991,-1409.75,160.25,1.2925,1.954,7.1892,74.3111,2.3222,0.1767,83.6845,8.1409,64.6358,66.2133,86.8207,81.65,3.097,344.0655,148.1309,735.9968,1.0612,134.4827,626.6791,68.8977,4.574,4.844,2827.0,0.9316,2.6991,350.8927,9.678249999999997,130.83,7.7248,17.3009,23.6578,712.339,142.4064,624.1291,171.74984999999998,0.0133,-0.0308,0.0128,-0.0152,-0.0072,-0.0191,0.0226,6.4841,0.1282,0.9898,1728.7168,0.1999,8702.7301,-0.0344,0.0102,0.0447,0.0603,0.45650687172198046,0.9383,666.8137,0.9915,58.7298,0.586,0.9621,6.4184,16.07,4.684,16.09,16.09,1.757,0.7673,3.085,-1.83,0.7182,2.1995,1013.1402,109.0,123.0,49.8,55.1001,198.095,0.2424,0.0629,0.0807,0.0412,0.0053,12.1177,6.325,10.21,0.0046,0.34,0.0696,1034.0,1460.0,0.116,0.037,0.103,2.3,0.492,0.6413,0.1236,0.7143,0.3889,0.5802,0.439,0.1984,9.38,20.74,30.651,1.158,13.38,12.93,39.425,96.119,0.1011,0.0577,0.0382,0.0585,0.0784,0.0612,0.0681,0.1025,3.4398,0.0671,0.0018,64.1803,0.0383,435.5,0.0227,0.0108,0.04419931670862659,0.0156,43.2284,4.2149,0.04,0.2995,0.0206,3.4019,29.3059,41.1803,16.6445,0.0669,1.6145,0.0204,1.9608,0.0679,0.025,453.7256,67.8945,2617.7532,638.1945,0.0531,0.0198,0.0478,0.7474,0.0296,0.1404,0.249,0.0471,0.0497,5.9684,0.1582,9.1889,0.0648,2.8581,6.244,10.0798,0.3964,3.9134,4.0346,12.0676,31.3619,0.0285,0.0275,0.0176,0.0247,0.022,0.0335,0.0349,0.0504,1.4183,0.0212,0.0005,18.2449,0.0115,167.6529,0.014761178960742218,0.0051,14.9632,1.2494,0.0127,0.105,0.0062,10.3794,1.2292,4.9243,4.0719,1.9429,2.5459,27.8604,18.8116,4.6351,81.7078,2.4085,0.4674,2.6952,4.9747,298.58439999999996,878.8110999999999,8.9749,1.8936,1.4327,3.0951,30.1435,49.2453,14.889,0.7663,1.5185,1.1051,0.2074,5.1066,7.8782,4.2031,18.6951,6.9749,3.3095,44.4877,6.7224,12.1466,12.8334,173.208,5.5346,29.9944,55.898,758.0131,165.093,456.1404,517.0651,844.1379,357.0118,454.5455,53.0494,2.7301,2.7752,0.1792,3.7126,19.1698,0.0,47.3265,0.0,11.198354394485147,1.6612,6.4828,0.1515,7.1768,4.6659,0.9362,7.5579,72.726,15.21,0.97,6.4048,0.3771,38.9641,3.7599,1.3338,0.1571,0.0424,16.6043,4.98,0.0877,2.0902,0.0382,1.8844,15.4662,532.1455,2.0581,9.89,0.3112,3.4623,0.1108,1.8585,15.1191,0.0128,2.6032,0.0239,0.0066,27.5232
-1.0,3089.26,2209.8,1.1464,112.1367,1.3557,0.0024,-0.005,201.7637,8.2116,419.7051,0.9693,192.0383,12.5847,1.3971,-4330.5,-887.3333,1.329,1.9507,7.2183,76.2333,1.9667,0.1436,84.8754,9.1637,64.7823,66.432,87.3675,81.59,2.925,345.1355,149.5418,738.6934,1.0377,133.8145,628.4918,74.1482,4.574,4.844,2827.0,0.9316,-3.7073,350.8364,9.9142,125.8345,8.7729,23.7073,28.7252,709.9682,145.5418,622.2127,86.7113,0.0071,0.0167,0.0085,0.0015,-0.0208,-0.034,0.0064,7.4798,0.1307,0.9889,1730.7502,0.1961,8278.07,-0.0216,-0.0195,-0.0114,-0.0232,0.4603,0.9517,608.6508,0.9893,58.5713,0.587,0.9602,6.444,15.67,3.362,15.71,15.61,0.8278,0.6257,3.341,0.1419,0.7131,2.3079,995.1202,128.0,182.5,113.0,50.5999,485.115,0.1587,0.0535,0.0539,0.0477,0.0173,6.2197,3.868,13.089,0.0122,0.35,0.0261,519.0,14537.0,0.086,0.059,0.116,2.6,0.634,0.4972,0.1214,0.5675,0.2964,0.6553,0.885,0.1851,13.13,21.32,18.3,0.908,14.84,6.41,32.309,62.256,0.0921,0.0617,0.0193,0.1024,0.1204,0.0913,0.1357,0.0633,3.5133,0.0279,0.0023,140.6525,0.0454,615.5,0.0115,0.0205,0.0149,0.0218,78.7877,4.3516,0.0377,0.3333,0.1259,2.4804,34.4524,60.7841,37.1508,0.0536,2.0635,0.0204,1.2123,0.089,0.0107,233.5799,232.0336,3577.7402,7287.029,0.0398,0.0242,0.0529,0.8916,0.0237,0.2067,0.2145,0.0474,0.0844,7.8776,0.2701,9.4051,0.0506,3.8265,6.4043,5.775,0.2962,1.8521,1.775,9.7168,22.3641,0.0326,0.0282,0.0083,0.0445,0.0347,0.0486,0.0636,0.0345,1.342,0.0116,0.0007,46.6112,0.0136,200.0825,0.0039,0.0062,26.3989,1.2801,0.0135,0.1075,0.0445,8.03,0.9557,5.8803,5.9076,4.6798,2.2898,41.267,13.846,3.9464,47.1039,3.1186,1.2604,2.7812,1.8696,196.744,0.0,6.471,3.0245,1.607,3.4106,55.9322,62.6935,17.9524,0.5858,1.3249,0.876,0.2742,6.3048,9.0075,4.3739,17.841,9.8121,3.3923,24.6803,6.7224,9.1586,10.5376,169.1572,4.5508,33.9731,71.7969,0.0,474.6154,0.0,0.0,440.0,399.4113,890.8199000000001,46.9707,2.6012,1.1555,0.2277,8.1267,23.1443,0.0,25.2632,0.0,3.2285,2.2865,13.2239,0.1076,7.4295,5.1723,5.4539,5.5015,74.684,15.65,1.44,7.7869,0.6713,66.923,3.9448,1.9281,0.6598,0.1946,53.4387,2.47,0.1195,1.0409,0.0452,0.9226,21.7009,529.8991,2.0142,7.56,0.2492,2.5286,0.0912,1.4267,12.3718,0.0103,2.07,0.0308,0.0183,59.3775
-1.0,2951.06,2228.4778,1.4301,93.6222,1.3841,-0.0264,0.0064,198.8274,6.3494,415.5986,0.9735,189.0015,12.5967,1.4085,-5101.25,691.0,1.2523,2.021,7.2835,69.9556,2.3889,0.2021,84.6724,9.0447,64.0033,66.2788,86.2033,82.4,2.69,351.8082,148.5027,743.9025,1.2342,135.3845,635.6955,184.6715,4.621,4.886,2835.0,0.9327,-2.6564,351.0318,10.164,125.8464,11.2255,22.6564,30.3233,713.5793,147.5918,624.47,107.8561,-0.017,-0.0412,0.0097,-0.022,0.0159,-0.0064,0.0071,7.0886,0.131,0.9845,1818.9141,0.1758,9268.49,-0.0294,0.0344,-0.0435,0.0917,0.4424888007133815,0.9472,811.2656,0.9914,58.8339,0.5935,0.9639,6.3408,15.74,4.033,15.78,15.74,1.276,0.6695,3.041,-0.5204,0.7154,2.2434,996.3344,108.0,189.4,268.1,62.5999,1015.8822,0.5109,0.1012,0.0818,0.0482,0.0153,11.1823,7.304,8.628,0.0114,0.25,0.0843,457.0,10366.0,0.241,0.126,0.308,2.0,0.512,0.6379,0.1897,0.5617,0.3331,0.7248,0.515,0.0704,4.69,18.86,33.603,0.395,20.87,8.14,30.147,63.74,0.0925,0.0462,0.0845,0.0662,0.0814,0.1107,0.0569,0.0907,5.8058,0.0591,0.0037,110.3033,0.0231,1415.7002,0.0174,0.0216,0.04608503280278725,0.0206,142.4962,3.9329,0.0419,0.3127,0.0256,1.3017,28.5274,57.6035,97.7977,0.1672,3.3775,0.0299,2.3461,0.0671,0.026,203.274,288.6513,3331.8506,7329.8689,0.099,0.0566,0.1442,0.6146,0.0405,0.1829,0.227,0.0675,0.0956,6.3991,0.1722,7.9876,0.0175,1.2176,6.046,10.0782,0.1247,2.2353,2.7996,10.0714,20.2162,0.0256,0.02,0.0356,0.0297,0.0216,0.0559,0.027,0.0492,1.8198,0.0205,0.0012,38.7641,0.0072,437.6883,0.01597302819329052,0.007,46.8885,1.1794,0.0127,0.1074,0.0084,11.238,0.4645,4.8482,6.418,10.7104,2.8091,77.0342,35.7206,7.3117,115.0351,2.076,1.1716,1.9846,5.9873,135.9471,0.0,19.2454,6.2345,4.2287,2.859,66.9767,50.9621,16.1877,0.7534,2.097,0.8776,0.1469,5.7446,4.8215,3.5501,5.7073,3.4642,2.9668,18.1961,5.4018,3.8863,6.3093,185.9161,4.2248,9.1053,59.0973,544.7184,70.3732,678.9744,369.4752,697.3228,889.0625,0.0,81.9042,3.2053,2.4957,0.3751,6.0642,13.1469,941.6894,44.3778,0.0,10.852593179940733,2.1711,17.5647,0.1454,6.6847,4.9312,1.1411,3.2761,73.75,19.45,0.85,9.4221,0.3749,56.3068,4.842,1.1525,0.165,0.0493,16.0891,9.14,0.1573,3.8837,0.0597,3.3532,23.3744,532.0973,2.085,7.74,0.3561,2.7235,0.1336,1.4546,17.0809,0.0131,2.6132,0.0308,0.0183,59.3775
-1.0,3006.75,2206.7999,0.9778,97.3911,1.4477,0.0093,0.0079,199.0776,6.2294,408.5143,0.9726,189.3372,12.4694,1.4228,-3449.75,-885.75,1.2805,1.9855,7.327,67.9889,2.7222,0.2091,85.549,8.7556,64.0533,66.2801,86.5808,63.93999999999998,4.194,350.7118,143.1327,737.0933,1.3154,137.0173,630.8618,202.5805,4.619,4.884,2835.0,0.9323,-7.87,350.7345,10.537,115.2627,17.7954,27.87,35.7993,701.294,147.0691,613.0664,100.0697,-0.0012,-0.0226,0.1009,0.0046,-0.0073,-0.0132,0.0044,7.0703,0.1211,0.9876,1734.2991,0.1612,9330.35,-0.23135,-0.0316,0.0933,-0.24175000000000002,0.46683579942951015,0.9308,805.2759,0.9912,58.0649,0.5897,0.953,6.6311,15.64,2.992,15.7,15.62,0.8514,0.5715,3.431,0.9461,0.7573,2.2949,994.3752,109.0,255.8,216.3,54.5,925.897,0.2142,0.103,0.0381,0.0413,0.0171,7.7012,6.053,16.175,0.0121,0.66,0.0344,569.0,3578.0,0.133,0.046,0.257,1.9,0.721,0.7299,0.0798,0.4009,0.1522,0.735,0.516,0.0429,6.56,17.25,39.315,0.165,17.03,6.06,24.37,57.773,0.0649,0.0438,0.027,0.0375,0.0592,0.066,0.0818,0.0932,4.8694,0.1057,0.0025,139.4713,0.0273,898.5996,0.0369,0.0258,0.054574074495104374,0.0278,85.8024,1.631,0.0309,0.8278,0.1205,3.6655,28.3874,85.34,71.0834,0.0688,4.1378,0.0376,1.7219,0.116,0.0113,239.3998,239.3134,967.7659,1651.1266,0.0597,0.0211,0.1122,0.7305,0.0538,0.2175,0.2898,0.0306,0.1331,5.0304,0.1845,7.5972,0.0157,2.1977,5.6058,12.798,0.06,1.5755,1.6782,7.9161,17.636,0.0169,0.0201,0.0128,0.0178,0.0199,0.033,0.0447,0.0434,1.4983,0.0328,0.0009,44.9543,0.0098,306.4056,0.014090091648602261,0.009,27.1623,0.45,0.01,0.2746,0.042,6.9553,1.287,5.0551,8.5075,8.9536,2.4696,65.4234,21.903,7.115,97.1688,3.9595,1.2441,5.293,2.4157,60.903,403.9515,10.3866,2.3168,3.5076,2.7946,62.449,91.8172,21.1031,0.8532,0.9111,0.6259,0.2728,5.1438,3.4583,3.2832,3.2627,4.7877,2.7344,19.4071,6.1954,1.5659,8.5457,95.6986,3.475,20.5933,57.7327,0.0,239.3443,37.1471,0.0,910.3448,619.697,0.0,68.8704,3.7163,4.372,0.2577,8.0419,16.9117,0.0,89.7959,964.7059,12.3274363119038,2.9869,10.655,0.0522,2.809,11.1447,5.249,9.3956,73.254,14.53,1.33,6.7381,0.5058,27.0176,3.6251,1.8156,0.3709,0.0841,37.6775,4.98,0.0877,2.0902,0.0382,1.8844,15.4662,528.0127,1.3721000000000003,9.04,0.0667,2.9281,0.023,1.7121,6.0256,0.0196,3.9022,0.0305,0.0286,93.8008
-1.0,3054.01,2209.1,1.3724,107.3156,1.5418,0.002,0.002,197.9401,9.918,408.6845,0.9768,188.2548,12.5492,1.3795,-5660.25,-1312.0,1.3282,2.0097,7.3225,69.6222,2.6333,0.2049,84.7391,9.534,64.0518,66.2731,86.2809,77.34,2.305,347.4745,144.1964,733.0059,1.225,137.54,629.2109,179.6464,4.568,4.823,2830.0,0.9323,-1.99,347.5482,10.2481,122.2064,12.4518,21.99,29.5218,703.4841,147.0045,616.7591,90.5876,-0.0107,-0.0573,-0.0052,-0.008,-0.0162,-0.0091,-0.0084,7.0238,0.1273,0.9883,1838.2964,0.1809,9209.0001,0.0576,-0.04,0.0259,0.053,0.45163802299486744,0.9518,801.5683,0.989,61.0155,0.6108,0.9802,6.2575,15.67,3.362,15.71,15.61,0.8278,0.6257,3.341,0.1419,0.7131,2.3079,995.1202,107.0,176.2,202.1,78.5999,537.3761,0.5062,0.23175000000000004,0.039,0.043,0.0073,11.2281,8.987,9.991,0.0083,0.8700000000000001,0.0555,969.0,3569.0,0.158,0.112,0.148,3.7,0.675,0.4788,0.26130000000000003,0.7058,0.3168,0.7019,0.654,0.1824,6.85,22.83,42.548,0.806,20.77,14.79,31.377,87.917,0.0753,0.0491,0.0363,0.1037,0.0402,0.1008,0.0441,0.0659,5.8475,0.0703,0.0018,118.7245,0.0326,744.7998,0.0172,0.0123,0.049873293376574784,0.0176,88.5113,2.6778,0.0461,0.369,0.1259,2.4804,26.5026,62.052,70.6702,0.1667,2.8145,0.08085,2.942,0.1753,0.018,440.2579,211.4813,2550.6334,1461.0683,0.0712,0.0486,0.0643,1.3433,0.0605,0.2385,0.1827,0.0985,0.0825,5.4252,0.2161,9.323,0.0514,2.1755,6.2322,12.6261,0.2238,3.8996,4.1762,10.1027,26.0996,0.0215,0.0211,0.0176,0.0459,0.0105,0.0544,0.0192,0.0294,1.7612,0.0241,0.0006,37.4934,0.0099,252.2309,0.012763040262580527,0.0051,28.4521,0.7863,0.0158,0.1181,0.0445,8.03,0.9557,4.8375,5.7695,7.9649,3.558,43.164,36.8841,16.1177,90.613,2.4447,0.8541,6.94175,4.0224,104.483,272.0274,11.8954,5.5728,2.0212,5.3144,64.557,92.2451,20.0376,0.565,2.9167,1.1019,0.2328,5.1457,8.3775,4.3813,14.8912,4.9804,3.6284,23.6843,6.5175,7.8649,17.537999999999997,166.8032,4.4602,31.0232,97.0519,704.1496,257.405,0.0,502.1077,624.1486,485.9504,786.8657,83.2533,2.906,2.9789,0.182,6.4584,18.0116,0.0,64.1711,0.0,11.933638629685968,1.846,11.0423,0.1346,4.3887,5.8969,5.4539,5.5015,73.254,14.53,1.33,6.7381,0.5058,27.0176,3.6251,1.8156,0.0699,0.0177,7.3755,6.05,0.2174,2.5005,0.0802,2.3685,29.5971,532.2427,1.9313,8.17,0.3876,2.7254,0.1319,1.535,20.0671,0.0141,2.8402,0.0305,0.0286,93.8008
-1.0,2982.27,2164.2667,1.2884,118.08009999999997,1.3642,-0.0032,-0.0035,202.6578,5.3617,410.6106,0.9703,192.5971,12.4455,1.4018,-4060.5,212.75,1.2825,1.979,7.3153,69.2889,2.5333,0.2114,86.8862,8.9541,63.9146,66.419,86.2871,81.86,2.962,344.5109,151.3064,739.967,1.1159,134.9218,630.7391,55.735,4.574,4.844,2827.0,0.9316,-5.8855,350.5609,9.916,125.4209,11.9358,25.8855,31.3079,708.6591,145.4709,621.4527,101.2391,0.0231,-0.0263,0.0088,-0.0047,-0.0092,-0.056650000000000006,0.0208,7.6697,0.1328,0.9882,1817.2698,0.1749,8743.22,0.0664,0.0019,-0.0671,-0.0556,0.4574545228648048,0.9429,754.6609,0.9902,58.957,0.6041,0.9628,6.4178,16.02,4.25,16.1,16.07,1.281,0.6914,3.014,-0.7569,0.7403,2.1911,1013.4306,114.0,148.2,155.3,55.1001,198.095,0.2424,0.0827,0.1064,0.0608,0.0194,5.8862,5.887,12.627,0.0132,0.35,0.0311,476.0,1340.0,0.148,0.111,0.288,4.0,0.657,0.4126,0.1803,0.6482,0.184,0.7215,0.942,0.2451,11.15,23.07,30.049,0.909,17.17,7.73,35.49,82.257,0.0687,0.0897,0.0654,0.0509,0.0669,0.0604,0.1426,0.117,1.7705,0.0923,0.0021,151.3762,0.0231,1171.3994,0.0212,0.0198,0.04832778216768546,0.0125,112.4661,1.7815,0.0173,0.306,0.0345,5.0084,29.7789,47.9065,52.0552,0.0669,1.6145,0.0353,1.7992,0.0856,0.0112,229.5073,225.3802,531.0929,598.4816,0.0617,0.048,0.1274,1.3119,0.0671,0.1761,0.166,0.0795,0.1205,8.2363,0.3291,9.1257,0.0662,4.3024,6.1799,9.969,0.282,2.5084,3.2372,11.3505,24.4175,0.0225,0.037,0.0326,0.0233,0.0192,0.0307,0.0611,0.0576,0.6584,0.0301,0.0006,51.5712,0.009,456.7526,0.016251117717143635,0.0043,41.7543,0.5994,0.0071,0.1116,0.0104,9.2412,1.4174,5.182,4.9694,6.3408,2.5459,27.8604,18.8116,6.062,109.7967,3.0752,1.3588,2.8123,2.2185,31.2769,629.8472,11.54,5.6089,3.937,5.7729,67.1053,102.6274,20.4199,0.4749,2.0137,1.0142,0.1714,6.0927,7.1775,3.9968,21.9638,8.264,3.6576,53.9141,6.7224,9.167,11.9278,143.8534,5.008,27.6738,81.2502,298.0477,164.1354,576.7705,0.0,654.7425,225.7222,563.1769,23.0843,2.1839,3.8481,0.2148,8.3299,13.2294,0.0,42.1637,0.0,12.402460022892232,1.3262,14.9029,0.1122,3.0217,4.7685,1.5747,12.4529,73.254,14.53,1.33,6.7381,0.5058,27.0176,3.6251,1.8156,0.5362,0.1182,57.0677,4.98,0.0877,2.0902,0.0382,1.8844,15.4662,529.8991,2.0142,7.56,0.2492,2.5286,0.0912,1.4267,12.3718,0.0116,2.298,0.0197,0.0139,70.4993
-1.0,2851.68,2162.1333,0.8826,104.9722,1.5095,0.0097,-0.0053,199.3982,9.0636,412.9599,0.9767,189.4871,12.4992,1.3977,-3980.5,-162.25,1.3085,1.9997,7.3807,68.3667,2.3556,0.1947,84.0399,8.7646,64.2307,66.2939,86.6219,80.66,3.149,363.0636,133.4482,739.0091,0.9286,138.7482,635.26,114.2545,4.61,4.849,2875.0,0.9224,4.3618,362.2182,10.6202,117.81,9.0627,15.6382,18.5252,720.4839,146.1691,626.1973,106.816,-0.0112,-0.0279,0.0106,-0.0018,-0.0045,-0.0338,0.0152,8.3607,0.1355,0.9654,1818.6417,0.1857,9185.1199,0.0431,0.0298,-0.0228,0.0047,0.4716,0.9553,705.1153,0.9913,58.9632,0.5915,0.981,6.247,16.07,4.684,16.09,16.09,1.757,0.7673,3.085,-1.83,0.7182,2.1995,1013.1402,89.0,169.0,192.9,53.2,584.3929,0.1655,0.2214,0.0462,0.0366,0.0116,10.998,8.352,14.022,0.0096,0.3,0.0423,1078.0,967.0,0.147,0.12,0.166,2.5,0.631,0.6944,0.26130000000000003,0.5505,0.3107,0.8701,0.628,0.164,7.05,12.76,19.005,0.478,16.29,11.84,24.88,16.558,0.0918,0.0507,0.0435,0.0501,0.094,0.082,0.0704,0.0798,4.8089,0.0495,0.0075,138.6145,0.0896,668.5,0.0224,0.0261,0.0164,0.0233,77.0252,3.9776,0.0331,0.3472,0.0206,3.4019,26.3272,52.6737,67.6218,0.0551,3.5752,0.075,2.3697,0.0922,0.0136,458.9357,144.4677,382.6456,408.2551,0.0611,0.0512,0.0771,0.8124,0.0357,0.2142,0.2529,0.0985,0.0845,7.8763,0.1838,4.8457,0.0461,2.0052,3.8427,6.9766,0.1312,3.6888,4.2396,7.2919,4.8649,0.0278,0.0233,0.0204,0.0218,0.0262,0.0445,0.0319,0.0416,1.5395,0.0159,0.0024,48.7782,0.028,227.0606,0.005,0.0092,27.0226,1.1905,0.0116,0.1127,0.0062,10.3794,1.2292,4.0659,5.9263,7.7053,2.4605,58.5031,18.7508,14.6667,92.1484,3.3955,0.9865,2.4002,3.0258,19.5453,595.9938,11.2342,6.0008,2.2491,3.6568,42.4528,60.6164,18.6594,0.8263,2.9167,0.8571,0.3436,6.5746,10.6034,2.4569,17.6636,5.0811,2.0086,16.6339,1.9488,4.5009,4.7195,179.7473,3.4532,11.8424,15.5014,817.8174,209.2879,470.4225,0.0,0.0,207.9764,523.2787,57.5183,1.4755,2.054,0.7788,7.6219,48.2659,0.0,29.912,450.0,3.4707,2.4377,10.9238,0.1503,6.7459,5.5583,0.9362,7.5579,74.538,22.41,1.69,10.1506,0.7178,87.196,5.4804,2.2673,0.165,0.0493,16.0891,4.98,0.0877,2.0902,0.0382,1.8844,15.4662,530.7036,2.1207,8.4,0.1986,2.8909,0.0572,1.5828,9.363,0.0172,3.4189,0.0197,0.0139,70.4993
-1.0,2870.13,2209.1,1.3724,107.3156,1.5761,-0.0022,-0.0069,200.1536,6.9525,405.56,0.9737,190.146,12.5439,1.4088,-4031.75,-5977.0,1.3075,2.036,7.3627,68.5667,2.1889,0.1882,85.5439,8.6556,64.2946,66.3872,86.3125,81.73,2.54,346.9436,152.2009,745.5665,1.229,132.5373,631.6818,229.5282,4.603,4.841,2823.0,0.9324,-7.6655,349.8055,10.105,124.5355,13.7582,27.6655,36.222,709.3445,143.5827,617.9236,110.8814,-0.023,-0.0417,0.0248,-0.0106,-0.0106,-0.0165,-0.0374,7.9677,0.1413,0.9886,1801.5094,0.1782,9105.3698,0.0548,0.0186,-0.0181,-0.0605,0.4553712499003184,0.9517,786.2657,0.989,59.8266,0.6014,0.98,6.0732,15.73,4.425,15.75,15.79,1.229,0.6842,3.024,-0.9934,0.6812,2.2407,1009.5881,115.0,207.9,191.7,78.5999,537.3761,0.5062,0.23175000000000004,0.0408,0.0412,0.0138,7.9853,5.23,11.196,0.0105,0.35,0.0524,766.0,5588.0,0.1,0.091,0.109,2.7,0.594,0.5272,0.1304,0.6457,0.2537,0.7604,0.653,0.0818,7.18,21.21,46.179,0.995,22.13,9.25,34.973,81.146,0.0654,0.0186,0.0385,0.0157,0.0721,0.0909,0.0848,0.0403,2.5042,0.0413,0.0014,86.4336,0.0295,433.6992,0.0227,0.0185,0.060566690038214854,0.0082,53.2036,2.7553,0.0353,0.3505,0.0264,3.7884,28.2828,60.6947,56.9431,0.1667,2.8145,0.08085,1.9102,0.0901,0.0187,313.1372,112.5581,2106.7233,2525.588,0.0425,0.0403,0.0523,0.7665,0.0337,0.2223,0.2052,0.0549,0.0814,6.4221,0.2071,9.3454,0.026,1.7895,6.479,15.3318,0.2678,2.355,2.7615,10.6806,29.3158,0.0209,0.008,0.0192,0.0074,0.0193,0.0471,0.0469,0.0204,0.783,0.0119,0.0005,31.3844,0.0093,130.3554,0.013818567506085963,0.0026,15.3596,0.7643,0.0128,0.1098,0.0084,6.6398,1.2131,5.0766,7.2436,7.4776,3.558,43.164,36.8841,15.5379,75.2252,2.7606,1.081,2.7902,3.7194,111.1924,93.4917,7.6482,4.4695,1.4804,3.9378,36.5482,58.4416,17.3944,0.6163,1.507,1.0043,0.2445,5.1651,7.3456,4.1174,6.6522,5.4173,3.3577,20.1191,6.6534,9.8466,13.9639,160.85,4.9303,24.2508,73.1827,284.5798,417.9775,63.2427,682.6036,857.5472,514.7193,107.682,31.4299,2.1231,1.7347,0.1463,4.7978,16.5368,0.0,35.8108,0.0,13.344319730316188,0.8629,6.7666,0.1653,4.6055,5.7714,1.178,10.4867,73.254,14.53,1.33,6.7381,0.5058,27.0176,3.6251,1.8156,0.1579,0.0416,15.7234,4.98,0.0877,2.0902,0.0382,1.8844,15.4662,530.0846,1.9812,9.01,0.2753,2.596,0.0898,1.6997,13.8979,0.0117,2.3509,0.0197,0.0139,70.4993
-1.0,3014.42,2224.1889,2.5534,86.1644,1.4347,0.0006,0.0084,200.0451,7.2846,411.8884,0.9698,190.0595,12.4694,1.4251,-4052.75,-528.75,1.3122,1.9907,7.3877,70.6444,2.4556,0.1927,85.9331,8.8215,64.054,66.3826,86.4386,81.31,3.136,355.4218,141.9945,741.6294,1.27,137.9791,635.3955,171.9506,4.657,4.917,2815.0,0.9281,1.6482,357.6545,10.1662,123.6427,13.5445,18.3518,25.1278,716.5015,142.0382,623.3355,98.5783,0.0012,-0.0343,0.1188,-0.0156,-0.0192,-0.056650000000000006,0.0457,7.4608,0.1317,0.9907,1806.6172,0.1895,8695.3801,0.0677,-0.0084,-0.0299,0.088,0.49403292283322847,0.9484,757.7027,0.9893,58.0221,0.5908,0.965,6.4285,15.67,3.362,15.71,15.61,0.8278,0.6257,3.341,0.1419,0.7131,2.3079,995.1202,107.0,88.6,88.9,87.1003,854.742,1.0612,0.1177,0.0572,0.0522,0.0186,7.9222,3.709,12.335,0.0142,0.66,0.0214,1106.0,2505.0,0.149,0.083,0.18,3.0,0.508,0.4924,0.1267,0.597,0.3767,0.7452,0.467,0.1217,5.81,16.59,41.457,0.651,18.49,10.66,28.273,65.113,0.1029,0.0944,0.064,0.0313,0.0754,0.0985,0.1227,0.0899,3.3496,0.0923,0.0007,108.2643,0.1132,1220.9004,0.0192,0.0089,0.120188138292432,0.0154,134.1833,3.5276,0.0269,0.3782,0.1259,2.4804,26.5026,31.536,31.4581,0.36060000000000003,4.1378,0.0415,1.077,0.116,0.0069,505.1267,206.5535,1386.4115,1087.0006,0.0691,0.0353,0.0923,0.7939,0.0179,0.1766,0.1881,0.0479,0.1161,5.6479,0.146,6.7479,0.0457,1.5334,5.0005,15.4987,0.2,3.2092,3.7136,9.7252,24.0274,0.0242,0.0401,0.0308,0.0143,0.0207,0.049,0.0524,0.0428,1.2072,0.0301,0.0002,42.3149,0.0335,407.6448,-0.008012705515723625,0.0054,44.6671,0.9803,0.0086,0.1192,0.0445,8.03,0.9557,4.8375,2.9392,3.6426,3.906427332733898,77.0342,64.9361,8.2039,50.9154,2.9947,1.4596,5.293,1.5024,79.921,473.7589,11.3545,4.1693,2.4365,4.2466,65.1584,33.218,15.7119,0.573,1.4361,0.932,0.1611,5.1263,5.5566,2.8507,9.5825,4.2108,2.611,24.1098,8.4022,6.4036,4.602,136.5129,3.946,11.0867,66.0521,0.0,0.0,26.3523,483.5271,513.6897,188.8419,196.7177,44.8963,2.8851,3.8481,0.0752,5.9927,59.7346,0.0,86.1338,0.0,11.94041043386311,1.6287,17.7092,0.0754,6.0797,5.883,5.4539,5.5015,72.106,16.21,0.81,6.4516,0.3141,39.0743,3.9978,1.1233,0.3315,0.0562,34.1255,4.98,0.0877,2.0902,0.0382,1.8844,15.4662,533.1809,1.3721000000000003,5.65,0.1416,1.8871,0.0396,1.0597,13.1807,0.0189,3.7626,0.0144,0.011,76.0785
-1.0,3011.77,2211.4,1.3004,97.47,1.3984,-0.0028,-0.0059,197.7569,4.7356,397.101,0.9718,187.8039,12.3841,1.3833,-3605.25,3816.75,1.341,1.9897,7.3878,67.1444,2.0,0.1574,85.4593,8.7326,63.9602,66.2215,86.441,78.98,3.128,346.1273,150.3527,743.2927,1.267,139.4191,635.8991,191.4065,4.585,4.835,2829.0,0.93,-1.4227,348.4191,9.9755,128.93,13.1431,21.4227,28.3055,714.9872,146.7009,624.05,114.4845,0.0001,-0.0291,0.0028,-0.0048,-0.0082,-0.056650000000000006,0.0227,6.6934,0.1292,0.9812,1778.6837,0.1744,8667.7101,-0.0294,-0.0586,-0.0375,-0.0963,0.4739863754929947,0.9486,748.6849,0.989,58.8951,0.6048,0.9799,6.2496,16.02,4.25,16.1,16.07,1.281,0.6914,3.014,-0.7569,0.7403,2.1911,1013.4306,126.0,183.9,176.6,73.2,1015.8822,0.6226,0.0886,0.0961,0.0465,0.0167,11.6876,5.875,26.932000000000002,0.0121,0.35,0.0298,853.0,15993.0,0.136,0.117,0.358,2.1,0.246,0.5349,0.1591,0.5057,0.3306,0.6916,0.693,0.1658,7.51,23.34,49.992,0.62,15.85,7.9,33.998,68.236,0.0922,0.0576,0.062,0.0329,0.0837,0.1055,0.051,0.0409,4.7548,0.0349,0.0035,106.6217,0.037,941.0996,0.0178,0.0131,0.04750569531131418,0.0152,116.0905,1.8995,0.0378,0.4061,0.0345,5.0084,34.1254,62.6665,54.0825,0.2089,2.2676,0.0348,2.0068,0.0902,0.0111,422.1647,116.759,335.2008,7842.3299,0.0588,0.0549,0.1478,0.6267,0.0504,0.082,0.2192,0.0647,0.1356,4.9714,0.179,9.9175,0.0472,2.5865,6.8482,17.9238,0.1898,2.4174,2.504,10.721,19.8754,0.0286,0.0251,0.0318,0.0146,0.025,0.0519,0.0209,0.0184,1.635,0.0118,0.0012,32.9525,0.0102,371.515,0.010785662370768214,0.0055,42.5194,0.6345,0.0126,0.1231,0.0104,9.2412,1.4174,5.3097,6.106,7.172,3.3101,77.0342,47.8766,6.3357,124.0594,6.508749999999999,1.2477,2.8262,2.1549,22.0234,419.0214,10.1417,5.8801,4.8459,3.1276,50.0,101.6231,7.219,0.6259,1.8213,0.7906,0.3498,4.9866,7.6021,4.3093,13.0871,5.3866,3.6704,26.1182,6.5388,6.2153,14.2635,120.5956,4.755,26.5574,59.6028,0.0,134.344,0.0,0.0,0.0,80.3466,179.7802,71.0364,2.1676,1.4637,0.3595,5.9944,21.2019,821.9608,65.6115,406.3492,7.91909609095913,1.6019,15.5059,0.0983,3.2252,6.498,1.5747,12.4529,73.428,20.07,0.66,9.3643,0.27,63.0029,5.2354,0.8988,0.7754,0.165,77.5527,4.98,0.0877,2.0902,0.0382,1.8844,15.4662,528.5973,2.22,6.24,0.2848,2.1791,0.0859,1.1805,12.8307,0.0155,3.0954,0.0144,0.011,76.0785
-1.0,2941.26,2209.1,1.3724,107.3156,1.4745,-0.0132,0.0054,203.4507,8.4701,408.6597,0.9744,193.4628,12.5204,1.3972,-3375.25,-2279.0,1.3285,2.0062,7.3998,69.2667,2.1111,0.1599,84.4782,9.2064,64.0409,66.2931,86.233,79.12,3.084,363.5045,131.9273,737.963,0.9827,142.5891,638.0209,81.0465,4.624,4.86,2877.0,0.923,0.0955,363.1327,10.798,112.0227,13.3982,19.9045,23.9037,714.0593,149.4673,624.6227,70.0977,-0.0264,0.0013,0.0075,-0.0108,0.007,-0.0145,0.0956,7.5377,0.1281,0.9786,1701.7635,0.2048,8499.77,-0.0167,0.0567,0.0475,0.0164,0.45158036621908915,0.9659,748.4576,0.9894,58.688,0.6027,0.9657,6.4427,15.88,4.146,15.91,15.87,1.357,0.6758,3.035,-0.7569,0.7085,2.2337,1008.1634,109.0,169.7,267.5,78.5999,537.3761,0.5062,0.0558,0.076,0.0701,0.0135,6.3316,5.412,11.081,0.01,0.81,0.0659,526.0,3152.0,0.178,0.126,0.303,3.2,0.608,0.428,0.136,0.7628,0.3033,0.6776,0.93,0.1136,7.1,16.55,29.02,0.288,13.05,7.12,19.958,15.182,0.0669,0.0556,0.1025,0.0412,0.0616,0.0881,0.0913,0.0439,3.1931,0.0316,0.0066,103.132,0.0903,2142.5996,0.0154,0.0107,0.05883591947158595,0.0076,194.1309,4.3819,0.0409,0.4966,0.0281,2.9875,27.6382,56.8649,94.0325,0.1667,2.8145,0.0189,1.5488,0.1284,0.0215,254.949,265.4154,1173.8062,1579.1985,0.0773,0.0713,0.1273,1.0296,0.0549,0.1957,0.1657,0.0566,0.0765,8.5157,0.2906,4.8563,0.0326,1.9301,4.6683,8.9444,0.0923,1.9152,2.182,5.5127,4.438,0.0192,0.0253,0.0462,0.0192,0.0175,0.0463,0.0428,0.0186,1.0005,0.0116,0.0023,32.1823,0.0338,676.2682,0.012240816545207586,0.0027,62.5995,1.2966,0.0137,0.1709,0.0086,10.0424,0.8886,4.891,5.7696,10.5615,3.558,43.164,36.8841,3.7845,63.8954,2.7115,1.0226,6.4694,4.7165,85.0011,138.3063,13.3986,6.2804,4.0947,4.6198,75.7895,105.073,17.7317,0.5066,1.4774,1.1911,0.1854,7.3452,11.423,2.4442,11.5648,4.9793,2.594,35.8066,3.8057,2.6672,10.6318,97.4014,2.795,14.8646,21.6583,253.7696,168.4848,547.5083,571.6937,0.0,629.6552,45.9445,42.362,2.42,1.3242,0.6724,6.0603,44.0831,0.0,29.7521,721.3115,13.335641808373289,0.7866,25.9375,0.1196,7.4664,7.7073,1.2564,7.5844,73.254,14.53,1.33,6.7381,0.5058,27.0176,3.6251,1.8156,0.1579,0.0416,15.7234,9.16,0.2778,3.8846,0.1143,3.3779,37.8885,530.2591,1.3721000000000003,8.28,0.1233,2.5755,0.0378,1.5615,12.5176,0.0117,2.3253,0.0144,0.011,76.0785
-1.0,3045.07,2203.1667,0.9448,96.3311,1.4317,0.0082,0.0168,201.0823,13.0658,414.4153,0.9675,191.6062,12.285800000000002,1.4091,-3339.25,26.75,1.2715,1.9475,7.1705,70.3667,2.4111,0.1969,84.9605,9.0744,64.2376,66.2771,85.9594,80.69,2.308,346.8445,135.8409,722.3005,1.3423,142.4509,625.1364,202.7805,4.55,4.789,2831.0,0.933,7.1009,348.1727,10.1419,122.9418,9.8904,12.8991,18.1563,704.1442,145.2127,616.3273,111.5662,-0.0161,-0.044,0.0093,-0.0126,0.0183,-0.056650000000000006,-0.0085,7.5068,0.1327,0.9822,1832.8431,0.1828,8523.98,-0.0227,0.1209,0.0261,-0.0022,0.44319899788657624,0.9535,736.5444,0.9918,57.0103,0.6081,0.9627,6.3633,15.76,4.04,15.83,15.8,1.163,0.6743,3.001,-0.5204,0.6814,2.2392,997.1394,71.0,147.3,86.4,55.3,706.4609,0.2034,0.1065,0.0475,0.0805,0.0162,6.0638,9.977,15.583,0.0137,0.8700000000000001,0.0733,418.0,1667.0,0.18,0.03,0.365,2.0,0.499,0.4063,0.1045,0.7631,0.3678,0.8259,0.291,0.1728,5.17,15.43,63.036,0.649,14.04,15.18,27.157,62.532,0.0762,0.0625,0.0489,0.0585,0.0652,0.1236,0.0259,0.0775,6.6563,0.0355,0.0026,108.4229,0.0347,1160.1001,0.0184,0.0152,0.0527140725306349,0.0091,121.2651,3.8654,0.0359,0.4172,0.0502,3.613,19.8379,43.9828,32.2243,0.0561,4.1378,0.0383,2.9635,0.2202,0.0251,187.5231,155.772,251.4761,787.2138,0.0816,0.0153,0.1548,0.7348,0.0266,0.1692,0.1513,0.0411,0.1665,5.9591,0.102,8.1099,0.0515,1.7928,5.0895,19.6636,0.1869,4.1924,4.2601,9.5777,18.4403,0.0249,0.0293,0.0225,0.0277,0.0168,0.0645,0.0119,0.0376,2.2584,0.0136,0.0007,35.182,0.0102,324.5865,0.01575739832521498,0.0033,34.9347,1.0084,0.0112,0.1452,0.0143,7.8861,1.0881,3.1924,4.8373,3.5785,2.51,53.807,21.5254,7.4388,76.3596,3.7602,1.421,6.94175,5.2018,16.1413,0.0,14.1565,1.5404,5.0903,2.8423,58.0645,34.0293,13.9885,0.4782,1.151,1.1879,0.2185,5.798,10.6595,3.7616,12.8727,3.6293,2.4683,31.0858,6.5656,6.3992,17.537999999999997,141.9557,3.8567,32.9963,56.0492,472.7414,256.6735,629.0323,518.2315,677.2603,45.3988,890.8199000000001,88.6702,1.2056,1.4908,0.2673,5.9156,19.0121,587.4396,54.1608,123.0769,12.341041761672217,0.9506,16.4641,0.0492,6.7801,6.5562,2.2423,9.4262,74.624,24.17,0.69,10.8458,0.3004,27.7308,5.8963,0.9246,0.3709,0.0841,37.6775,4.92,0.2417,1.7884,0.1022,1.8559,29.215,531.3091,1.9363,10.85,0.2938,3.609,0.0862,2.0421,15.1731,0.0102,2.0186,0.023,0.0064,27.7025
-1.0,3232.6099999999997,2189.6778,2.1394,107.4811,1.5675,-0.001,0.0099,202.2826,7.8755,410.7484,0.9519000000000001,192.6822,12.4245,1.3873,-3103.5,-189.0,1.3055,1.9803,7.3447,71.1556,2.4556,0.1781,86.1541,8.9036,64.0553,66.3221,86.4182,81.44,3.069,368.3991,133.7736,741.3689,1.0152,140.0818,642.2545,73.6091,4.618,4.83,2879.0,0.9237,1.5273,365.5327,10.6217,115.3009,12.9081,18.4727,24.5446,716.8243,148.5127,629.3464,111.6015,-0.0049,-0.0105,-0.0005,-0.012,-0.0103,-0.0378,0.0169,7.8068,0.1453,0.9908,1830.1596,0.1581,8888.6201,0.0266,0.0121,-0.0123,-0.052,0.42281050425808897,0.9604,771.6946,0.99,57.8852,0.599,0.9799,6.2821,15.8,3.267,15.83,15.74,0.946,0.5614,3.218,0.2365,0.7996,2.2939,1007.9494,154.0,227.4,182.2,63.3,244.2571,0.802,0.23175000000000004,0.0675,0.0617,0.0319,5.8238,3.547,11.873,0.0271,0.37,0.0612,1037.0,938.0,0.115,0.031,0.071,3.2,0.439,0.6969,0.1102,0.5171,0.273,0.7748,1.019,0.1584,6.36,13.18,29.613,0.54,13.01,9.68,21.417,94.663,0.055,0.0535,0.0587,0.0833,0.047,0.0787,0.0628,0.0476,5.7677,0.0247,0.0019,154.0029,0.0223,668.0,0.0132,0.011,0.03483687393912693,0.0182,78.431,2.9948,0.0397,0.3955,0.1263,3.6639,31.241,71.7703,62.8089,0.2725,1.2989,0.08085,1.0092,0.084,0.0229,486.5808,86.487,2144.5623,400.488,0.0548,0.0146,0.0319,1.2837,0.0421,0.1641,0.2493,0.0447,0.0885,8.0688,0.3241,4.6784,0.0467,2.0793,4.4642,9.7901,0.1641,2.6555,3.3855,6.1719,29.2456,0.014,0.0238,0.0249,0.0342,0.0125,0.0413,0.0257,0.0234,1.7998,0.0087,0.0005,47.0829,0.007,215.9698,0.012151854926152625,0.0058,23.5105,0.8196,0.0139,0.1276,0.0444,6.1021,1.2977,7.0573,6.9269,7.5303,2.8908,18.8574,37.4887,16.1177,45.0381,2.8906,2.8534,2.978,4.4094,162.1395,496.2963,8.8089,1.5655,0.9667,4.4972,36.6516,79.1641,12.5516,0.8089,1.2376,0.8073,0.1431,7.462,11.056,2.5418,15.6016,4.5402,2.0521,40.2301,9.842500000000001,5.0839,5.6721,100.789,2.9878,8.8664,84.8224,0.0,476.6147,0.0,392.4843,764.0777,166.2475,282.0741,73.8798,1.1008,1.0342,0.1874,8.4147,14.1139,0.0,31.09,0.0,11.741048776608634,1.8906,10.1635,0.1015,5.1737,6.2956,5.5047,9.1963,72.342,16.69,0.81,6.968,0.3033,56.7408,4.1219,1.1197,0.1281,0.0312,13.2644,11.969999999999999,0.1458,4.532500000000001,0.0574,4.2188,36.4279,523.3110000000001,1.3721000000000003,15.390000000000002,0.6164999999999999,5.3345,0.18730000000000002,2.8874999999999993,28.50255,0.0135,2.6936,0.023,0.0064,27.7025
-1.0,3014.85,2189.6778,2.1394,107.4811,1.4214,0.007,0.0192,200.8429,6.87,400.3847,0.976,190.8679,12.5204,1.3921,-5446.0,-1460.25,1.2797,1.9865,7.3455,73.1444,2.2444,0.1606,86.3898,8.5735,64.0188,65.9602,87.1288,80.69,2.295,345.2555,132.0064,717.3365,1.4036,144.3009,621.5627,206.8733,4.544,4.777,2837.0,0.9324,1.8582,345.7509,10.3915,113.8645,16.01,18.1418,27.0904,690.246,145.9373,605.5527,125.0069,-0.012,-0.0307,-0.0067,0.0028,0.0173,-0.0378,-0.0139,8.1881,0.1293,0.9644,1821.9407,0.1991,8137.9701,-0.0697,-0.0186,0.0135,-0.1775,0.4629,0.9585,680.4398,0.9892,58.7855,0.5983,0.9613,6.3579,15.88,4.146,15.91,15.87,1.357,0.6758,3.035,-0.7569,0.7085,2.2337,1008.1634,109.0,159.5,88.0,63.3,244.2571,0.802,0.1976,0.0778,0.0514,0.0116,7.1936,3.913,11.492,0.0088,0.81,0.0483,392.0,3180.0,0.134,0.046,0.25,2.7,0.523,0.784,0.0961,0.4997,0.2978,0.8545,0.26,0.1783,6.92,21.65,80.596,1.5694999999999997,19.79,7.7,32.99,134.931,0.0803,0.0501,0.0862,0.0594,0.0534,0.1054,0.15,0.077,2.4587,0.02,0.0119,209.4847,0.0389,1589.7002,0.0282,0.019,0.0374,0.0315,150.7509,4.2591,0.0346,0.2149,0.0281,2.9875,28.8872,50.8443,33.1232,0.2725,1.2989,0.0717,1.1082,0.1284,0.0175,177.1071,110.2221,1949.9448,1343.5392,0.0593,0.0206,0.1173,0.9475,0.0434,0.1794,0.2994,0.0434,0.1099,5.7646,0.081,9.065,0.0527,2.099,6.1508,22.258,0.4322,2.2514,2.7483,10.641,46.3369,0.0221,0.0253,0.0396,0.0253,0.0148,0.0555,0.0689,0.037,0.8961,0.0079,0.0046,64.2818,0.0132,464.0706,0.0094,0.0118,45.969,1.2707,0.0104,0.0656,0.0086,10.0424,0.8886,5.0041,5.2905,3.5868,2.8908,18.8574,37.4887,13.9015,56.9578,2.8702,0.9052,6.4694,3.4674,76.8821,217.7709,10.4708,2.3156,3.4034,3.6913,53.4653,76.609,15.7948,0.9075,1.1212,0.7806,0.2883,5.5379,14.8629,4.3643,12.6997,4.7955,3.4832,38.9591,6.6541,15.138300000000001,17.537999999999997,123.6104,4.7795,27.709,107.9388,668.8183,0.0,764.9995,0.0,608.3694,397.351,553.9568,30.0284,2.0885,0.833,1.2317,11.4979,19.5374,324.0938,46.1126,0.0,8.077,3.2817,22.1549,0.1239,7.2451,3.3808,1.2564,7.5844,73.448,23.39,0.74,10.3554,0.2859,67.1725,5.7245,1.0075,0.0699,0.0177,7.3755,7.25,0.2005,2.9557,0.0911,2.6627,31.6136,529.5182,2.113,10.65,0.3068,3.6722,0.0921,2.0113,14.5194,0.0163,3.2522,0.023,0.0064,27.7025
-1.0,2918.56,2189.6778,2.1394,107.4811,1.529,0.0014,0.0014,203.1072,10.2441,405.5495,0.9696,193.4247,12.5237,1.4192,-3204.0,-4881.0,1.314,1.9905,7.2632,68.6222,2.3444,0.1988,85.5439,8.6556,64.2946,66.3872,86.3125,81.73,2.54,350.1827,142.6164,735.6728,0.971,138.1464,630.9455,70.3611,4.569,4.8,2858.0,0.9325,0.2336,351.0082,10.2926,122.85,7.9105,19.7664,22.8831,712.7897,150.0945,623.9527,74.6335,-0.0045,-0.0077,0.006,-0.0163,-0.0248,-0.0111,0.0162,7.8969,0.1424,0.9911,1871.6307,0.1627,9150.2899,0.0495,-0.0409,0.0101,0.0634,0.4800063587922202,0.9507,774.4409,0.989,60.326,0.6101,0.9799,6.3067,15.8,3.267,15.83,15.74,0.946,0.5614,3.218,0.2365,0.7996,2.2939,1007.9494,58.0,74.2,35.4,63.3,244.2571,0.802,0.23175000000000004,0.0846,0.052,0.0134,5.5123,7.275,9.629,0.0126,0.39,0.0483,2060.5,12961.0,0.047,0.072,0.326,2.3,0.467,0.5272,0.1304,0.6457,0.2537,0.7604,0.619,0.116,13.21,20.94,17.494,0.524,12.68,6.46,26.344,22.417,0.0634,0.0642,0.0315,0.0485,0.0734,0.0864,0.0766,0.0638,3.0457,0.0442,0.0009,105.9183,0.0261,1677.2002,0.0153,0.0146,0.04715303771196022,0.0156,149.7982,3.9277,0.0392,0.4254,0.1263,3.6639,15.5471,25.9723,11.7224,0.2725,1.2989,0.08085,2.7761,0.0881,0.0171,912.5788,105.025,1725.6351,6987.3884,0.0194,0.0303,0.1435,0.7345,0.0486,0.1314,0.2052,0.0549,0.0814,6.0147,0.2407,8.6156,0.0375,3.9259,5.9512,6.0639,0.1431,2.0486,2.0093,8.7011,6.3494,0.0172,0.0271,0.0132,0.02,0.0219,0.0459,0.0378,0.0272,1.1054,0.0143,0.0003,32.4352,0.0087,458.3596,0.014443150321389937,0.0053,42.6703,1.106,0.0124,0.14,0.0444,6.1021,1.2977,2.7481,2.5423,1.3782,2.8908,18.8574,37.4887,16.1177,71.0165,2.3743,1.2968,3.1141,3.4048,118.789,265.5398,3.5769,3.6172,4.4883,3.3517,85.3081,84.5165,13.9834,0.6163,1.507,1.0043,0.2445,5.757,8.8349,3.9645,11.9459,9.5623,3.3188,24.8632,8.1274,5.091,5.6573,160.2931,3.6959,15.351,30.0361,0.0,618.59025,764.9995,450.3067,348.0363,691.6479,394.4359,38.5687,1.2643,1.8607,0.0935,5.6591,16.0113,510.0437,38.5852,909.0909,12.911917202737722,1.6391,19.3428,0.1245,6.5107,6.7459,5.5047,9.1963,74.05,15.03,1.27,6.9715,0.5837,74.0269,3.7957,1.7151,0.1281,0.0312,13.2644,4.26,0.1044,1.6619,0.0418,1.614,11.9485,539.0691,1.3721000000000003,15.390000000000002,0.6164999999999999,5.3345,0.18730000000000002,2.8874999999999993,28.50255,0.0137,2.7444,0.0259,0.0112,43.2861
-1.0,2908.11,2208.9,1.9469,118.08009999999997,1.3636,0.0191,0.004,198.5354,11.1285,408.5619,0.98,188.4124,12.6145,1.3906,-3579.0,178.75,1.2328,1.9768,7.2422,70.5778,2.3,0.1794,84.7391,9.534,64.0518,66.2731,86.2809,77.34,2.305,345.4218,148.0727,737.333,1.2595,137.8609,631.3555,170.9936,4.572,4.807,2828.0,0.9325,1.0482,344.5227,10.1285,129.1209,7.9995,18.9518,22.2034,715.1296,150.9864,624.63,171.74984999999998,0.0209,-0.0655,-0.0095,-0.0141,-0.0083,-0.0048,-0.0004,7.657,0.131,0.9841,1860.1495,0.1857,9101.0101,0.0218,0.04,-0.0289,0.0481,0.4545123146715455,0.9702,793.9446,0.99,59.3797,0.6081,0.9657,6.3472,15.76,4.04,15.83,15.8,1.163,0.6743,3.001,-0.5204,0.6814,2.2392,997.1394,108.0,185.1,269.2,54.2,234.808,0.2606,0.0961,0.0702,0.0689,0.0088,11.2143,15.698,26.932000000000002,0.005,0.24,0.0755,533.0,1083.0,0.228,0.117,0.224,2.9,0.81,0.4788,0.26130000000000003,0.7058,0.3168,0.7019,0.508,0.1542,8.1,22.14,31.49,0.314,17.56,10.49,37.446,30.159,0.0719,0.0828,0.0583,0.0639,0.1228,0.1351,0.0428,0.0657,3.5212,0.0591,0.0029,139.1705,0.0509,1909.5,0.0189,0.0148,0.06140422124322481,0.0104,198.0984,2.3188,0.0337,0.288,0.0502,3.613,28.5274,65.2705,93.6626,0.0781,2.3617,0.0378,4.96435,0.06,0.0245,229.0713,256.4716,855.3109,513.5578,0.0974,0.0527,0.0951,1.086,0.0715,0.2819,0.1827,0.0985,0.0825,7.0488,0.1942,9.6678,0.0502,3.0362,6.4089,9.8809,0.0932,2.9177,3.5083,11.8109,9.5121,0.0232,0.0357,0.0251,0.03,0.0291,0.0652,0.0199,0.0297,1.0738,0.0205,0.0011,49.1354,0.0142,506.7795,0.014173613975332537,0.0033,53.8891,0.6761,0.0122,0.08,0.0143,7.8861,1.0881,4.8482,6.365,10.6154,2.4537,25.1197,13.3839,7.0475,141.0607,6.508749999999999,0.5135,1.9026,5.4287,49.6787,605.8741,18.4952,5.9188,3.093,4.1089,65.2174,127.0588,24.0904,0.565,2.9167,1.1019,0.2328,5.4803,7.861,4.5267,12.2404,5.8755,3.5067,18.4159,9.2841,3.1002,11.4389,219.5135,5.2363,16.0744,14.7323,344.225,321.8659,670.8661,873.2444,0.0,896.3351,0.0,45.9866,3.2053,2.4957,0.2929,7.4817,27.4051,0.0,64.1184,483.7209,12.870597028221372,1.076,24.9512,0.1303,3.9051,4.5371,2.2423,9.4262,73.722,16.68,1.0,7.9257,0.3979,31.7906,4.1683,1.3564,0.1596,0.0373,17.3638,5.0,0.1572,2.6494,0.0629,1.9573,21.4524,532.0945,2.0071,5.86,0.2919,1.9029,0.0868,1.1013,14.5448,0.0108,2.1698,0.0259,0.0112,43.2861
-1.0,2986.79,2189.6778,2.1394,107.4811,1.4418,0.0076,0.0123,202.2717,12.2063,416.2901,0.9693,192.5996,12.5243,1.4202,-3520.25,-201.5,1.3037,2.006,7.3327,69.0111,2.3111,0.1869,84.7632,9.0402,63.9938,66.339,85.9998,63.93999999999998,4.31,364.1536,139.2264,748.2197,1.3774,145.9091,649.2891,205.5517,4.638,4.893,2871.0,0.9223,-1.03,364.6255,10.5063,118.1964,16.1009,21.03,29.0276,719.1921,150.3664,633.1882,119.0066,-0.0036,-0.0307,0.001,-0.0006,-0.0005,-0.026,0.0096,7.9711,0.1366,0.9926,1819.5953,0.185,8954.0201,-0.23135,-0.04,0.0835,-0.0134,0.4511715720054852,0.967,775.351,0.9906,57.1368,0.6055,0.9777,6.3213,15.8,3.267,15.83,15.74,0.946,0.5614,3.218,0.2365,0.7996,2.2939,1007.9494,103.0,73.5,87.3,63.3,244.2571,0.802,0.1356,0.0955,0.0582,0.0126,6.4629,8.281,8.156,0.0119,0.4,0.0913,901.0,751.0,0.12,0.083,0.295,2.6,0.351,0.5484,0.1324,0.543,0.3245,0.6941,0.664,0.2108,3.89,13.68,73.782,1.084,17.81,8.46,18.327,87.175,0.0544,0.0598,0.0367,0.0361,0.0253,0.0736,0.08,0.052,2.8783,0.0626,0.0012,124.2468,0.0393,1532.7002,0.0198,0.0182,0.06127146100694003,0.005,155.9537,3.0287,0.0458,0.4657,0.1263,3.6639,26.5103,22.7588,27.9466,0.2725,1.2989,0.0397,2.6812,0.1017,0.0255,428.0556,115.101,352.7486,531.0372,0.0532,0.0355,0.1272,0.932,0.0457,0.1076,0.2186,0.0522,0.1543,7.1241,0.2057,4.4614,0.0655,1.214,3.9542,21.8403,0.2995,2.5,3.0959,5.8815,27.1836,0.0146,0.0285,0.0171,0.0167,0.0076,0.0387,0.0398,0.0264,1.0213,0.0209,0.0004,39.7478,0.0125,567.6525,0.012152771359880798,0.0017,54.9108,0.8301,0.0136,0.1524,0.0444,6.1021,1.2977,4.6722,2.4608,3.4543,2.8908,18.8574,37.4887,9.405,67.8422,1.9592,1.2304,3.1938,6.4279,22.6688,372.7047,9.2042,4.1376,4.023,3.7675,82.2115,70.6302,10.2269,0.647,1.4647,0.8485,0.1387,5.7366,8.9925,2.3342,15.307,2.666,2.1069,35.8946,1.8484,10.3176,4.5941,110.6149,2.5483,19.1215,73.2522,0.0,440.5157,0.0,0.0,0.0,307.3967,543.0809,36.1086,2.1957,2.6475,0.1177,6.8283,21.2362,0.0,22.2863,930.2326,12.83734478837381,0.5218,20.1139,0.0847,5.3008,7.367,5.5047,9.1963,73.254,14.53,1.33,6.7381,0.5058,27.0176,3.6251,1.8156,0.0699,0.0177,7.3755,8.75,0.1307,3.3804,0.0633,3.2555,18.987,523.3110000000001,1.866,15.390000000000002,0.6164999999999999,5.3345,0.18730000000000002,2.8874999999999993,28.50255,0.0146,2.9212,0.0259,0.0112,43.2861
-1.0,3232.6099999999997,2189.6778,2.1394,107.4811,1.5029,-0.0036,0.0052,203.6226,8.869,419.6149,0.9659,193.9854,12.4455,1.4167,-3579.25,-1324.75,1.308,1.9897,7.3628,70.6778,2.5556,0.1883,86.1541,8.9036,64.0553,66.3221,86.4182,81.44,3.069,345.9364,150.37,741.61,1.2653,137.7636,634.07,186.4995,4.586,4.832,2830.0,0.9322,-1.0445,345.4836,10.1412,129.3255,16.8491,21.0445,26.977,714.633,142.4118,617.2209,70.0625,-0.0095,0.0764,-0.0074,-0.0113,-0.0176,-0.0241,0.0124,7.504,0.1453,0.9885,1769.1764,0.1924,8540.1201,0.032,-0.0856,-0.0116,0.0764,0.4432399070991516,0.9504,741.7235,0.9895,58.3888,0.6023,0.9681,6.2983,15.8,3.267,15.83,15.74,0.946,0.5614,3.218,0.2365,0.7996,2.2939,1007.9494,96.0,192.6,180.8,63.3,244.2571,0.802,0.23175000000000004,0.1033,0.0791,0.0165,5.7303,3.324,12.414,0.0146,0.35,0.0633,1086.0,3415.0,0.058,0.15,0.389,3.9,0.55,0.6969,0.1102,0.5171,0.273,0.7748,0.675,0.1394,6.51,17.01,61.604,0.262,27.39,15.22,34.801,28.82,0.0577,0.0601,0.0543,0.0794,0.0402,0.0949,0.1066,0.0574,6.1941,0.0383,0.002,146.7102,0.0978,919.5005,0.0192,0.0134,0.05031476333625648,0.0227,92.7515,4.519,0.0403,0.2272,0.1263,3.6639,25.2356,62.8372,57.3726,0.2725,1.2989,0.08085,0.9401,0.0856,0.0213,478.3307,194.9981,1045.5539,1608.0034,0.0248,0.0701,0.1656,1.3055,0.0457,0.1869,0.2493,0.0447,0.0885,5.6802,0.1826,9.6963,0.0408,2.0956,5.5458,17.2398,0.0761,4.1522,4.3469,10.8488,9.982,0.0151,0.0308,0.0263,0.0348,0.0115,0.0508,0.0534,0.0317,1.8734,0.0115,0.0006,46.8602,0.0345,284.7764,0.013337322358351392,0.0067,29.6289,1.3216,0.0145,0.0791,0.0444,6.1021,1.2977,4.3746,5.7666,6.3674,2.8908,18.8574,37.4887,16.1177,37.4789,2.9584,1.507,2.8123,4.4689,60.1243,257.7845,4.4343,7.5386,5.2834,5.518,58.6957,55.7522,15.9569,0.8089,1.2376,0.8073,0.1431,5.4634,7.2222,4.2986,11.0158,4.7255,2.6827,33.0317,9.842500000000001,2.5835,17.537999999999997,162.5607,4.8698,21.7227,41.1347,605.7743,342.4501,0.0,354.185,537.6771,441.8653,461.0442,82.5448,1.1008,1.6194,0.2052,8.2926,50.8078,0.0,43.3873,330.4348,12.51044219138113,2.3917,12.5049,0.101,7.7395,3.6079,5.5047,9.1963,72.496,15.97,0.42,7.2991,0.1667,62.5276,4.0456,0.5793,0.1281,0.0312,13.2644,4.98,0.0877,2.0902,0.0382,1.8844,15.4662,532.0973,2.085,7.74,0.3561,2.7235,0.1336,1.4546,17.0809,0.0254,5.0621,0.0259,0.0112,43.2861
-1.0,3038.53,2205.2555,0.9785,95.2556,1.4245,0.0021,0.0018,196.3934,8.6325,423.931,0.9732,186.483,12.285800000000002,1.3881,-3056.0,-7175.24995,1.2868,2.0063,7.3767,69.0333,2.0222,0.1718,84.4782,9.2064,64.0409,66.2931,86.233,79.12,3.084,353.5782,141.9982,737.8063,1.2746,139.0055,634.5818,228.2345,4.598,4.799,2854.0,0.932,0.5982,353.2709,10.1631,122.5964,12.1509,19.4018,26.9923,710.814,146.5636,622.4309,93.9269,0.013,-0.0364,-0.0027,-0.0134,-0.0089,-0.0184,0.0153,8.0602,0.1328,0.9803,1849.4487,0.1902,8358.77,-0.23135,0.0828,0.1167,-0.1087,0.44529638734632715,0.9452,726.3713,0.991,57.9648,0.6022,0.9638,6.4433,15.8,3.267,15.83,15.74,0.946,0.5614,3.218,0.2365,0.7996,2.2939,1007.9494,97.0,98.7,50.6,55.6001,973.498,0.0522,0.1582,0.0526,0.0682,0.0155,9.3854,2.904,10.023,0.0113,0.8700000000000001,0.0869,734.0,17919.5,0.125,0.12,0.11,2.6,0.848,0.428,0.136,0.7628,0.3033,0.6776,0.625,0.1019,10.19,17.59,49.558,0.443,14.5,4.24,28.678,56.094,0.0965,0.0328,0.0508,0.0569,0.0634,0.0792,0.0717,0.0757,2.274,0.0675,0.013699999999999999,153.6346,0.1114,1466.1997,0.0243,0.0184,0.05289909015305211,0.0213,139.9346,4.2929,0.0306,0.3581,0.1263,3.6639,24.7518,32.5585,15.8847,0.0196,3.9075,0.0475,0.9357,0.2202,0.0249,337.59,87.5762,1538.6496,8994.62525,0.0583,0.0554,0.0504,0.8559,0.0648,0.2767,0.1657,0.0566,0.0765,5.3937,0.1977,8.643,0.0304,2.7168,5.5244,15.3048,0.1434,1.26,1.8995,8.9441,19.4178,0.0242,0.0156,0.0219,0.0267,0.0201,0.0398,0.0354,0.0341,0.8461,0.0242,0.0046,47.655,0.0327,486.2945,0.01920809620802059,0.0086,47.219,1.2003,0.0114,0.1087,0.0444,6.1021,1.2977,4.5287,3.2483,2.0448,2.5213,68.9098,5.3368,11.1058,33.6401,2.3643,1.1613,6.94175,6.2582,111.6492,192.3842,9.7144,5.9813,1.4912,3.7663,59.3407,128.0724,25.5089,0.5066,1.4774,1.1911,0.1854,5.1389,7.4931,3.8078,7.9934,7.3306,2.7719,21.7136,5.6815,4.3589,7.9448,119.3327,4.0345,9.1071,59.7209,741.2386,175.1669,0.0,472.0335,887.395,389.1452,493.9641,28.2134,2.4849,2.8924,1.3944999999999999,8.3071,58.6039,0.0,35.2381,359.5506,12.211780906750187,2.2563,19.2649,0.1548,7.4061,5.557,5.5047,9.1963,73.03,8.18,0.83,3.6529,0.3415,45.9316,2.0365,1.1365,0.6598,0.1946,53.4387,11.09,0.2226,4.0778,0.0872,4.2034,27.4373,531.3091,1.9363,10.85,0.2938,3.609,0.0862,2.0421,15.1731,0.0147,2.9421,0.0098,0.0071,72.1094
-1.0,2942.21,2210.8556,2.4475,97.1056,1.5257,-0.0009,0.0039,203.3852,8.0673,408.5924,0.9749,193.8643,12.5039,1.4483,-3103.0,-306.5,1.2825,1.997,7.3058,70.5333,2.5889,0.187,84.02,8.7187,64.3975,66.3447,86.5659,79.1,2.826,346.9782,150.0673,742.8582,1.2615,137.2345,634.28,234.4068,4.603,4.841,2823.0,0.9324,0.4264,347.3618,10.0385,130.4936,11.3727,19.5736,28.6582,714.2,145.0518,622.9073,171.74984999999998,0.0159,-0.0421,0.0052,-0.0199,-0.0148,-0.0044,0.0325,7.1131,0.1211,0.9915,1780.8664,0.1659,9153.9899,0.0945,0.0632,-0.0149,0.0648,0.4490604508926346,0.9537,780.5541,0.9892,60.1457,0.5968,0.9795,6.0878,15.87,4.207,15.92,15.87,1.229,0.6916,3.058,-0.8042,0.7003,2.2474,1009.5254,79.0,234.4,195.6,54.6001,566.33,0.5224,0.105,0.071,0.063,0.0099,6.7384,4.576,17.0,0.009,0.26,0.0477,393.0,1743.0,0.123,0.069,0.173,1.9,0.489,0.5162,0.1156,0.5175,0.298,0.6871,0.533,0.069,3.99,18.88,55.738,0.642,18.77,13.77,32.982,158.96999999999997,0.0645,0.0633,0.0396,0.0754,0.1006,0.1062,0.1027,0.0852,6.714,0.0565,0.0014,147.1406,0.0436,472.3994,0.0141,0.0126,0.05575975249617715,0.0105,58.3334,4.7019,0.0336,0.3669,0.0216,3.319,22.4236,76.6812,59.807,0.163,2.466,0.0388,1.2436,0.0657,0.0175,188.0414,110.9876,162.3474,909.4051,0.0604,0.0288,0.0739,0.5874,0.0465,0.1738,0.1964,0.0468,0.1214,5.9246,0.1567,9.1769,0.025,1.35,5.7705,14.7099,0.2315,3.8331,3.9972,11.0237,46.2632,0.0196,0.0262,0.0186,0.0326,0.0249,0.0552,0.0489,0.0435,2.0555,0.019,0.0004,47.5703,0.0124,165.9613,0.010276401723282456,0.0041,19.33,1.3059,0.0124,0.1158,0.0076,9.2722,1.0179,3.5841,7.9668,7.9544,2.4696,34.0137,21.3426,6.8819,56.723,4.1606,0.9273,2.0794,3.2928,12.5363,568.6786,9.5906,3.4552,2.368,2.6938,54.0773,85.5615,14.2834,0.6144,1.3261,0.8036,0.3179,5.3952,8.5762,4.142,5.4712,2.9074,2.9766,23.7783,6.6534,6.3954,17.537999999999997,165.044,4.618,20.7184,86.5218,404.3887,0.0,0.0,505.0518,718.7817,0.0,262.3557,94.3882,3.7163,2.3394,0.1454,8.2623,26.307,0.0,73.253,352.9412,12.036764652716789,1.0983,7.4733,0.2004,7.8175,6.0265,0.9627,8.7895,74.692,20.32,0.67,9.0995,0.2701,46.7511,4.997,0.897,0.1281,0.0312,13.2644,4.98,0.0877,2.0902,0.0382,1.8844,15.4662,532.1073,1.8126,7.83,0.2619,2.6162,0.0751,1.4715,14.448,0.0155,3.0998,0.0098,0.0071,72.1094
-1.0,2974.65,2210.8556,2.4475,97.1056,1.5986,-0.0048,-0.0027,202.459,8.5997,404.9947,0.9539,192.8993,12.4361,1.3725,-2110.5,-178.0,1.2708,2.0213,7.3317,67.8556,3.1556,0.2479,84.0399,8.7646,64.2307,66.2939,86.6219,80.66,3.149,362.5782,132.2473,737.3112,1.0441,141.8273,636.6527,71.8114,4.618,4.83,2879.0,0.9237,1.3255,363.7645,10.678,113.5727,10.3891,18.6745,23.5176,713.7936,148.9264,626.2636,99.8579,-0.0052,-0.0251,0.0127,-0.0036,-0.0372,-0.0098,0.0362,8.3798,0.1378,0.9929,1876.1801,0.159,8374.1201,0.0938,0.0763,-0.0662,0.0307,0.4232987235536987,0.9307,667.9745,0.99,57.5303,0.593,0.9793,6.4121,15.87,4.207,15.92,15.87,1.229,0.6916,3.058,-0.8042,0.7003,2.2474,1009.5254,104.0,122.1,139.3,54.6001,566.33,0.5224,0.23175000000000004,0.0668,0.0694,0.0294,6.6317,3.394,12.809,0.0242,0.41,0.0861,1056.0,415.0,0.195,0.073,0.211,1.7,0.52,0.6944,0.26130000000000003,0.5505,0.3107,0.8701,0.763,0.1675,7.78,14.32,30.408,0.483,13.29,8.17,18.262,54.545,0.0692,0.071,0.0256,0.0627,0.0859,0.0975,0.1033,0.0517,3.2108,0.0356,0.0013,100.5032,0.0235,505.7002,0.0125,0.0156,0.032017625502645475,0.02,65.5522,2.1879,0.0446,0.4074,0.0216,3.319,29.0426,38.0823,47.8481,0.163,2.466,0.0776,1.13,0.1227,0.0334,456.8249,138.6194,5360.9619,178.1816,0.0812,0.0308,0.0965,0.5961,0.048,0.1687,0.2529,0.0985,0.0845,7.9193,0.2659,4.3003,0.0518,2.8855,4.0873,9.405,0.1371,2.3517,3.3218,5.5904,16.0325,0.0201,0.0326,0.0114,0.027,0.0247,0.0505,0.0476,0.0236,1.1528,0.0104,0.0004,30.6221,0.008,184.0675,0.01194801688050089,0.0065,18.6817,0.618,0.0163,0.1275,0.0076,9.2722,1.0179,4.8509,4.1047,5.4726,2.4696,34.0137,21.3426,14.6633,39.4664,3.1628,2.5328,3.2968,6.2748,298.58439999999996,233.1461,15.3453,3.6116,2.8779,2.5053,38.0282,65.7553,15.4206,0.8263,2.9167,0.8571,0.3436,7.124,11.6524,2.2924,16.0394,5.4855,2.2493,42.3443,9.842500000000001,4.5233,7.7659,127.9229,2.5584,13.3785,54.6226,0.0,0.0,493.7008,0.0,262.273,0.0,142.9164,38.3157,3.8064,1.5141,0.1336,5.3568,14.7865,555.902,31.6109,185.3659,11.026692104932902,2.1493,9.8136,0.1449,3.8031,6.3536,0.9627,8.7895,73.888,17.58,1.61,8.3638,0.6664,48.6131,4.3227,2.179,0.1281,0.0312,13.2644,7.11,0.1086,3.0895,0.051,2.371,31.1285,530.0846,1.9812,9.01,0.2753,2.596,0.0898,1.6997,13.8979,0.0181,3.5907,0.0196,0.0238,121.1691
-1.0,2992.34,2236.1111,2.03,90.4233,1.4564,-0.0182,-0.0095,202.4944,10.4259,416.1481,0.9706,192.2521,12.6278,1.4083,-3465.0,-5101.3333,1.3185,1.9773,7.2867,72.8556,1.8667,0.1396,83.4425,8.2914,64.6693,66.2522,86.5211,80.39,2.834,347.9091,151.3236,743.6012,1.213,134.7036,633.9364,186.8182,4.605,4.913,2822.0,0.9325,-3.4191,348.16,10.0554,127.9045,13.4273,23.4191,31.3745,712.2266,144.4445,620.5091,112.018,-0.0011,-0.0196,-0.0037,-0.0048,0.0174,-0.056650000000000006,0.0068,8.538,0.1339,0.9892,1854.5901,0.1871,8781.87,0.049,0.0214,-0.0061,0.0333,0.4437621362512053,0.9483,754.9244,0.9894,59.2586,0.5922,0.9697,6.2221,15.67,3.362,15.71,15.61,0.8278,0.6257,3.341,0.1419,0.7131,2.3079,995.1202,104.0,70.2,62.9,57.3,832.506,0.4172,0.1164,0.0846,0.0939,0.0214,8.2543,4.897,11.481,0.0128,0.32,0.042,1004.0,9172.0,0.075,0.078,0.101,2.5,0.509,0.5328,0.0827,0.6302,0.256,0.634,0.699,0.1564,10.29,16.74,43.856,0.814,18.51,11.39,34.838,72.788,0.0917,0.064,0.0376,0.0547,0.082,0.0747,0.0412,0.1072,3.5152,0.0573,0.0019,85.4962,0.0882,1135.8994,0.0167,0.0106,0.05891242774371214,0.0154,125.7562,1.5974,0.0385,0.3307,0.1259,2.4804,28.3805,24.2873,21.7771,0.1614,2.0354,0.0343,1.7601,0.0858,0.0133,438.3799,81.6144,128.429,4823.2745,0.0323,0.0324,0.0463,0.778,0.0601,0.1465,0.2087,0.0377,0.101,5.9569,0.2235,10.2209,0.049,2.9601,5.5694,15.3424,0.2084,3.1443,3.1768,10.7188,27.6604,0.0281,0.0321,0.021,0.0232,0.0232,0.041,0.019,0.0501,1.2554,0.0195,0.0007,28.7087,0.0302,365.9279,0.012941190481252422,0.0059,38.9811,0.4937,0.0112,0.1116,0.0445,8.03,0.9557,4.675,2.346,2.5034,2.5625,53.8284,20.5506,7.9922,46.9695,2.7589,1.3182,2.5341,2.981,8.3405,179.7961,5.6883,3.9449,1.3861,3.4314,123.2143,146.1783,15.2853,0.6385,0.9975,0.9745,0.2246,5.4727,7.9961,4.5032,12.8924,7.639,2.6406,23.4752,7.1004,8.0952,15.5898,137.8534,4.8914,28.6328,64.9788,0.0,121.4421,0.0,0.0,430.5476,55.5443,0.0,41.1714,1.3443,2.3579,0.1899,4.61,47.158,0.0,52.7009,0.0,13.123591287686637,1.6211,16.6581,0.1628,2.6957,5.3142,5.4539,5.5015,73.476,18.06,0.91,7.5561,0.3285,29.3759,4.402,1.2385,0.1584,0.0389,16.1351,4.98,0.0877,2.0902,0.0382,1.8844,15.4662,528.5973,2.22,6.24,0.2848,2.1791,0.0859,1.1805,12.8307,0.0134,2.6928,0.0232,0.0129,55.7204
-1.0,3212.7,2210.8556,2.4475,97.1056,1.5757,-0.0037,0.0039,202.928,9.4855,420.1899,0.9753,193.4008,12.5039,1.4263,-3950.0,-2667.75,1.2942,1.9675,7.2722,68.6111,2.6667,0.2127,84.0399,8.7646,64.2307,66.2939,86.6219,80.66,3.149,363.7227,131.0573,735.8067,1.0574,142.3036,637.0836,68.8997,4.618,4.83,2879.0,0.9237,0.1773,362.6909,10.8043,111.2345,12.1881,19.8227,25.1431,710.6636,150.97,624.8955,91.6657,-0.0213,-0.0344,0.0034,-0.019,-0.027,-0.0266,0.0224,8.1249,0.1402,0.9678,1789.5431,0.1638,8591.16,0.0862,-0.0298,-0.0485,0.0491,0.4493391998665145,0.9537,720.9814,0.9889,61.1607,0.5957,0.9778,6.3473,15.87,4.207,15.92,15.87,1.229,0.6916,3.058,-0.8042,0.7003,2.2474,1009.5254,63.0,148.0,167.2,54.6001,566.33,0.5224,0.2178,0.0694,0.0524,0.0091,6.6547,5.324,13.117,0.0083,0.26,0.0184,777.0,12186.0,0.167,0.074,0.134,2.6,0.573,0.6944,0.26130000000000003,0.5505,0.3107,0.8701,0.65,0.112,9.19,15.31,18.018,0.542,12.12,7.8,18.071,44.495,0.0599,0.0353,0.0254,0.0719,0.0695,0.103,0.0843,0.0782,2.4635,0.0902,0.0041,148.5677,0.0289,753.5,0.0121,0.0113,0.05207943088942657,0.0171,95.2017,3.4914,0.0436,0.4165,0.0216,3.319,18.2643,49.592,48.2893,0.163,2.466,0.08085,2.0516,0.0657,0.0076,333.7498,334.9791,597.7608,5989.4071,0.0686,0.0314,0.0671,0.759,0.0379,0.1849,0.2529,0.0985,0.0845,7.8425,0.2074,3.8972,0.0384,2.4187,4.1616,6.1225,0.1541,2.277,3.1423,5.2257,15.5908,0.0156,0.0154,0.0124,0.0326,0.0189,0.0498,0.0465,0.0407,0.9731,0.0287,0.0017,48.9088,0.0091,206.5599,0.008910930008663788,0.005,24.8495,0.9949,0.0136,0.1399,0.0076,9.2722,1.0179,2.9369,4.6067,6.7612,2.4696,34.0137,21.3426,13.8228,56.1275,3.1217,0.8479,2.0794,1.29,32.962,456.7894,12.9032,3.7611,1.8426,3.7895,41.25,60.6583,16.7658,0.8263,2.9167,0.8571,0.3436,6.9833,11.8116,2.0037,10.5928,6.458,2.4031,26.151,9.842500000000001,5.0165,9.0799,99.4408,2.5428,13.13,48.5405,281.2207,201.7143,0.0,365.7895,382.1892,317.2154,349.4972,30.3211,1.7827,3.7141,0.4241,8.302,17.6617,554.6012,43.6941,0.0,10.765100921898483,1.7914,13.2045,0.1825,5.7085,6.5622,0.9627,8.7895,73.254,14.53,1.33,6.7381,0.5058,27.0176,3.6251,1.8156,0.1281,0.0312,13.2644,11.969999999999999,0.3378481311764915,4.532500000000001,0.1352392452747727,4.638249999999999,38.05341532073962,530.0846,1.9812,9.01,0.2753,2.596,0.0898,1.6997,13.8979,0.0126,2.5244,0.0382,0.0136,35.58
-1.0,2912.24,2203.1667,0.9448,96.3311,1.4656,0.004,-0.0064,199.7777,3.5814,405.4611,0.9713,189.945,12.285800000000002,1.3971,-1363.875,-2078.0,1.3373,1.9505,7.1505,71.7889,2.0889,0.1892,84.5275,9.1526,63.9818,66.2847,86.1978,81.75,2.114,352.98,142.6736,738.4099,1.2917,138.1318,633.7855,221.6245,4.598,4.799,2854.0,0.932,-1.7336,354.1409,10.2125,120.94,14.2328,21.7336,29.4636,708.9464,144.4718,619.5527,103.9445,-0.0225,-0.0466,0.0045,0.0011,-0.0138,-0.0142,0.0087,7.9108,0.1302,0.9906,1831.3966,0.1841,8641.8901,0.0457,0.0353,-0.0619,-0.072,0.46228328371150074,0.9521,755.2627,0.9915,58.9212,0.5934,0.9629,6.4577,15.74,4.033,15.78,15.74,1.276,0.6695,3.041,-0.5204,0.7154,2.2434,996.3344,115.0,76.6,46.0,55.3,706.4609,0.2034,0.1125,0.0537,0.0508,0.0167,7.6488,1.792,17.077,0.0119,0.8700000000000001,0.0645,190.0,3384.0,0.257,0.155,0.096,3.4,0.569,0.3596,0.1622,0.4046,0.2709,0.7271,0.497,0.1443,8.33,18.8,73.418,0.424,20.57,5.06,29.637,74.146,0.0619,0.056,0.0361,0.091,0.0591,0.1138,0.079,0.108,3.0512,0.0288,0.0016,194.2869,0.1,1103.6997,0.0138,0.0164,0.052129821879194405,0.019,111.236,2.9639,0.0419,0.4011,0.0256,1.3017,28.854,25.6336,14.7808,0.0561,4.1378,0.0326,0.6496,0.2202,0.0171,80.8512,200.1674,5823.189049999999,1739.8213,0.1137,0.0673,0.0437,1.1016,0.0461,0.1911,0.1461,0.0639,0.1124,4.649,0.19,9.571,0.0388,2.4266,5.3706,22.1813,0.1316,1.5639,1.9786,9.1557,22.9125,0.0194,0.0263,0.0159,0.0375,0.0168,0.0571,0.0451,0.052,1.1268,0.0108,0.0005,59.782,0.0298,309.6647,0.01694741989761166,0.0055,32.1275,1.0095,0.0112,0.1358,0.0084,11.238,0.4645,5.1963,2.6303,1.8867,2.51,53.807,21.5254,7.6762,50.0368,4.2117,1.2286,6.94175,4.6175,0.0,162.8489,19.2185,7.9467,1.3426,4.7361,62.234,82.9712,16.7913,0.4254,1.7719,0.6324,0.0595,4.2864,8.1445,4.2043,11.1742,6.0305,2.9663,33.1272,5.6815,4.1518,6.8712,144.5255,4.1804,12.4735,71.3323,275.5704,580.3109,0.0,0.0,823.1465,557.3192,0.0,38.5697,1.3061,1.2037,0.1572,10.6087,54.3273,886.4865,40.9731,589.4737,10.2876508267086,1.9933,14.7281,0.1018,5.0304,6.2116,1.1411,3.2761,73.908,19.2,1.31,8.9369,0.5617,76.1538,4.6737,1.7725,0.0888,0.028,9.29,6.99,0.1833,2.4956,0.0769,2.6559,21.7489,531.3091,1.9363,10.85,0.2938,3.609,0.0862,2.0421,15.1731,0.0134,2.7071,0.0382,0.0136,35.58
-1.0,2990.66,2213.2889,2.5534,85.45,1.4959,0.0007,-0.0135,200.4503,8.027,415.2904,0.9723,190.5062,12.4839,1.4075,-3457.25,-1046.25,1.3055,1.9943,7.354,69.2444,2.1778,0.192,85.9501,9.7137,64.3577,66.3288,86.9537,81.46,2.585,363.8664,149.1255,763.0011,1.2416,144.8709,657.8627,193.8559,4.645,4.916,2845.0,0.9091,-6.74,364.2373,10.4865,122.3855,17.1018,26.74,36.3451,726.656,154.1382,640.7609,112.7016,-0.0036,-0.0098,-0.0035,-0.0322,-0.0359,-0.0087,-0.0406,7.6288,0.1289,0.9896,1738.7293,0.1734,8528.15,0.0338,-0.0121,-0.0359,-0.0356,0.49403292283322847,0.9383,739.5797,0.99,57.7747,0.6031,0.9743,6.6311,15.67,3.362,15.71,15.61,0.8278,0.6257,3.341,0.1419,0.7131,2.3079,995.1202,96.0,88.2,96.6,87.1003,133.498,1.0612,0.1008,0.0439,0.0561,0.0161,7.8964,4.86,10.803,0.0124,0.21,0.0732,276.0,3074.0,0.15,0.052,0.162,2.5,0.39,0.3415,0.146,0.5738,0.3016,0.8439,0.45,0.2283,5.51,14.69,56.712,0.574,19.41,10.53,26.262,111.0,0.0677,0.0439,0.0288,0.062,0.0624,0.0765,0.0819,0.1648,2.9347,0.0261,0.0025,149.9999,0.0505,1114.1001,0.0101,0.0103,0.120188138292432,0.037,118.3845,2.5614,0.0413,0.3386,0.1259,2.4804,25.2356,33.0923,37.3855,0.36060000000000003,4.1378,0.0364,1.7001,0.0665,0.0299,113.5411,345.5339,1318.2029,1402.2728,0.0661,0.0243,0.0815,0.9071,0.0799,0.124,0.1408,0.0562,0.0657,6.1771,0.1513,5.564,0.0709,1.7049,3.9899,15.7352,0.1948,3.265,4.5113,7.9286,29.3393,0.0195,0.019,0.013,0.0274,0.0159,0.0414,0.0457,0.08248588237179322,1.123,0.0089,0.0007,43.1508,0.0155,386.7956,-0.008012705515723625,0.0136,40.7996,0.6948,0.0134,0.1169,0.0445,8.03,0.9557,4.3746,2.9492,3.81,3.906427332733898,9.912,64.9361,6.7382,60.5457,2.6013,1.272,1.6822,5.202,83.7949,293.8112,11.4899,2.6075,2.2029,3.6104,91.8367,142.1875,11.498,0.3973,1.503,0.8916,0.299,4.5814,8.1676,2.7274,18.3855,3.8034,2.233,29.2547,4.3619,5.4737,4.9107,113.497,3.6141,15.3329,98.4901,0.0,403.6782,0.0,193.7136,213.3891,938.6819,406.4118,38.4691,2.6386,1.0902,0.2501,8.627,29.1066,444.2049,41.543,0.0,12.097927184494623,3.9454,16.007,0.0856,4.4334,5.0935,5.4539,5.5015,72.892,18.45,0.53,7.8827,0.2073,52.2493,4.655,0.7271,0.3315,0.0562,34.1255,3.85,0.3009,1.4764,0.1185,1.4067,31.3264,532.2427,1.9313,8.17,0.3876,2.7254,0.1319,1.535,20.0671,0.0139,2.7414,0.0065,0.0077,118.4201
-1.0,2907.65,2208.9,1.9469,118.08009999999997,1.6193,-0.0127,-0.0164,201.5794,7.9645,409.0983,0.9695,191.3508,12.4455,1.4265,-4160.75,-2728.25,1.2805,1.99,7.2855,73.0778,2.6889,0.188,86.8634,8.4537,64.0411,65.9611,86.8072,80.43,3.358,347.8536,154.7736,753.1408,1.2126,140.6209,643.2482,219.9158,4.591,4.838,2834.0,0.9296,-3.1927,351.4555,9.987,131.5809,16.0309,23.1927,30.3384,722.8024,144.1809,627.2173,117.4848,-0.0306,0.0568,0.01,-0.0082,-0.0032,0.0117,-0.0078,8.113,0.1206,0.9676,1831.338,0.1572,9007.49,-0.0661,-0.0446,-0.0022,-0.085,0.4578,0.9465,701.3166,0.9901,58.1448,0.5981,0.9794,6.2025,15.67,3.362,15.71,15.61,0.8278,0.6257,3.341,0.1419,0.7131,2.3079,995.1202,77.0,129.7,146.2,54.2,234.808,0.2606,0.1872,0.078,0.095,0.0211,7.1653,5.268,15.178,0.0129,0.35,0.0428,417.0,5842.0,0.165,0.122,0.065,2.0,0.757,0.7979,0.0949,0.6651,0.365,0.8318,0.376,0.1748,5.44,22.49,52.584,0.624,24.19,7.48,35.117,81.769,0.0619,0.0595,0.054,0.081,0.0403,0.0631,0.0866,0.0785,2.9485,0.0287,0.0089,156.0862,0.0313,1037.0,0.0191,0.0142,0.0249,0.0212,115.9793,3.406,0.037,0.305,0.1259,2.4804,22.6404,45.9214,48.6474,0.0781,2.3617,0.0583,1.4698,0.0856,0.0132,223.8102,118.0321,888.0591,2506.0582,0.0679,0.0517,0.0312,0.7446,0.047,0.2312,0.2987,0.0435,0.1208,4.475,0.0912,10.3331,0.0494,1.7845,7.0996,19.2671,0.1789,1.9496,2.2701,11.0913,24.9854,0.0156,0.03,0.0265,0.0364,0.0116,0.033,0.0395,0.0387,1.2689,0.0107,0.0032,47.3188,0.0094,356.8784,0.0066,0.0079,38.882,0.9188,0.011,0.099,0.0445,8.03,0.9557,3.4123,4.4606,5.81,2.4537,25.1197,13.3839,11.5603,66.1439,3.7101,1.33,2.8123,2.9976,49.4382,214.1299,12.8856,6.1307,0.8922,2.7368,66.9421,84.0426,22.3729,0.9186,1.1231,1.0386,0.3336,4.2978,7.6047,4.4741,14.4164,3.8686,3.4963,23.911,6.8463,6.2481,12.9198,150.8958,4.8585,16.8459,69.5996,202.3289,165.5076,764.9995,489.5976,0.0,743.3476,0.0,36.3425,2.3215,1.1825,0.9209,8.5231,19.9011,0.0,40.7932,366.6667,5.4355,2.24,16.5374,0.1119,5.8579,4.9177,5.4539,5.5015,73.254,14.53,1.33,6.7381,0.5058,27.0176,3.6251,1.8156,0.1596,0.0373,17.3638,4.98,0.0877,2.0902,0.0382,1.8844,15.4662,529.2673,2.0421,8.94,0.3628,3.1572,0.1215,1.6891,17.7634,0.0124,2.4984,0.023,0.021,91.4264
-1.0,2965.41,2210.8556,2.4475,97.1056,1.548,0.0007,0.0039,195.9429,8.7587,415.8832,0.976,186.1376,12.7051,1.3821,-2758.5,1531.75,1.3188,1.9645,7.2443,73.1222,1.9333,0.1392,85.3996,8.2345,64.3522,66.2545,86.6958,79.7,2.272,353.8191,140.1255,736.3344,1.3143,141.2573,635.2018,216.2748,4.583,4.829,2862.0,0.9308,2.7927,351.7582,10.3662,122.9182,9.7528,17.2073,21.2465,715.0878,152.0682,626.7445,171.74984999999998,-0.0319,-0.04,0.0637,-0.0107,0.0089,-0.0452,-0.0208,7.3758,0.1309,0.9829,1780.0169,0.1755,8742.2499,0.005,0.0828,0.0195,-0.1041,0.46160187043450585,0.9688,815.9082,0.9898,58.3601,0.6009,0.979,6.477,15.87,4.207,15.92,15.87,1.229,0.6916,3.058,-0.8042,0.7003,2.2474,1009.5254,124.0,74.0,65.4,54.6001,566.33,0.5224,0.2257,0.0584,0.0605,0.0112,9.2645,6.332,9.364,0.0082,0.35,0.0567,318.0,17919.5,0.145,0.078,0.313,2.7,0.566,0.6177,0.1267,0.6515,0.3698,0.5388,0.393,0.112,7.3,21.59,41.472,0.273,13.3,3.87,29.133,43.785,0.1044,0.05,0.0477,0.0361,0.0802,0.1155,0.0483,0.0569,3.3623,0.0445,0.0026,72.8022,0.0267,651.2998,0.0146,0.0206,0.02808808954987088,0.0091,62.1945,1.792,0.0462,0.4429,0.0216,3.319,30.7246,25.7536,20.0707,0.163,2.466,0.066,2.077,0.0702,0.0182,152.3797,379.5931,1484.1656,8994.62525,0.0643,0.0327,0.1323,0.9107,0.0357,0.189,0.2497,0.0503,0.1016,5.3451,0.1349,8.8706,0.0372,2.0158,6.2906,15.1395,0.093,1.1377,1.7902,9.0771,15.2406,0.0245,0.0234,0.0217,0.0151,0.0254,0.0583,0.0216,0.0275,1.1784,0.0145,0.0008,26.2268,0.0081,204.8025,0.00902979228010584,0.0028,20.6645,0.5391,0.0152,0.1426,0.0076,9.2722,1.0179,5.6095,2.4954,2.5375,2.4696,34.0137,21.3426,14.5799,72.2936,2.2516,0.8378,2.7548,4.1054,120.6453,0.0,10.9953,3.9705,4.3207,3.6924,87.931,91.2211,16.595,0.7233,1.5391,1.0124,0.236,4.8754,7.4219,3.9386,8.5226,5.1679,3.3989,19.1756,6.3398,2.6336,7.6311,136.3713,4.074,12.7186,21.6314,327.2086,435.7298,56.6719,751.2881,0.0,106.7403,272.9017,45.5861,1.9864,1.8495,0.2595,4.09,15.2313,0.0,56.044,224.7191,6.390207205708843,0.9355,7.6227,0.1126,3.0706,6.8374,0.9627,8.7895,73.45,17.31,0.47,8.0343,0.1888,20.7362,4.3198,0.6399,0.6598,0.1946,53.4387,5.19,0.1366,1.9232,0.0553,2.0488,17.8449,530.2591,1.3721000000000003,8.28,0.1233,2.5755,0.0378,1.5615,12.5176,0.015,3.0049,0.023,0.021,91.4264
-1.0,3023.56,2205.2555,0.9785,95.2556,1.5407,-0.0073,0.0108,196.7655,8.5741,415.5115,0.9578,187.0225,12.4361,1.3757,-6375.125,-3816.0,1.2975,2.0133,7.2527,71.0889,2.2667,0.2004,84.4782,9.2064,64.0409,66.2931,86.233,79.12,3.084,365.8127,127.3827,732.733,0.9631,137.4,630.5955,79.073,4.624,4.86,2877.0,0.923,3.64,363.2255,10.8515,111.0227,10.5946,16.36,21.5576,711.1754,145.7527,620.0009,100.7465,-0.0021,-0.0357,-0.0006,-0.0021,0.005,-0.0402,-0.0045,8.0958,0.1309,0.99,1801.2336,0.1203,8882.3801,0.1046,0.067,-0.0374,0.0042,0.4419049396435495,0.9567,770.163,0.9899,57.9829,0.5936,0.9655,6.3878,15.87,4.207,15.92,15.87,1.229,0.6916,3.058,-0.8042,0.7003,2.2474,1009.5254,104.0,256.4,234.5,55.6001,973.498,0.0522,0.1722,0.0471,0.0737,0.0344,9.5051,6.502,10.819,0.0239,0.41,0.059,1243.0,5385.0,0.19,0.083,0.043,2.5,0.559,0.428,0.136,0.7628,0.3033,0.6776,0.775,0.1026,4.54,17.33,26.617,0.628,14.78,6.37,18.284,84.533,0.1103,0.0689,0.0481,0.0473,0.093,0.1233,0.1111,0.0467,2.7938,0.0807,0.0013,76.9235,0.0542,1798.4004,0.0143,0.0206,0.05480258760554302,0.0169,188.6051,4.0955,0.0363,0.3534,0.0216,3.319,25.7124,81.696,74.6807,0.0196,3.9075,0.0569,2.1967,0.1227,0.0216,585.2811,169.849,5823.189049999999,2460.153,0.0819,0.0382,0.0182,0.7991,0.0457,0.1941,0.1657,0.0566,0.0765,7.9278,0.2569,4.1997,0.0332,1.3892,4.5314,7.2466,0.1816,2.222,2.9992,5.303,26.0323,0.0281,0.0282,0.0262,0.0215,0.0239,0.0621,0.0458,0.0205,1.1213,0.0264,0.0005,25.1037,0.0167,512.3273,0.012347941367549794,0.0051,56.9258,1.1256,0.0118,0.1211,0.0076,9.2722,1.0179,4.7198,8.4801,9.1749,2.5213,68.9098,5.3368,11.1769,75.8331,2.6038,2.4909,3.2968,4.2894,187.9237,141.1164,14.6435,4.1227,0.5929,3.5167,57.3529,78.3259,17.3351,0.5066,1.4774,1.1911,0.1854,6.6509,11.124,2.2177,10.6492,3.3042,2.7482,33.6613,3.8057,5.7872,8.9801,139.5051,2.571,8.7236,83.9067,0.0,356.9948,0.0,0.0,0.0,276.3682,0.0,34.5091,2.9784,3.3974,0.1351,4.2706,45.0582,918.1058,63.6542,466.6667,12.780859214977825,1.7623,24.489,0.0837,7.0633,5.5323,0.9627,8.7895,73.254,14.53,1.33,6.7381,0.5058,27.0176,3.6251,1.8156,0.1235,0.0318,12.9565,6.88,0.1099,3.1945,0.0452,2.2962,36.0394,530.2591,1.3721000000000003,8.28,0.1233,2.5755,0.0378,1.5615,12.5176,0.0127,2.535,0.023,0.021,91.4264
-1.0,3033.52,2203.1667,0.9448,96.3311,1.4323,0.0145,-0.0137,199.0742,8.0052,406.5169,0.97,189.1004,12.5204,1.4218,-3173.0,265.75,1.302,2.0005,7.3795,70.9444,2.9,0.2116,84.7391,9.534,64.0518,66.2731,86.2809,77.34,2.305,350.1118,145.8736,742.767,1.2937,141.9536,637.9391,185.1189,4.604,4.851,2858.0,0.9315,5.7309,350.9409,10.0447,131.6045,11.0109,14.2691,19.064,723.703,144.3827,626.9282,62.5505,-0.0194,-0.0422,0.0596,-0.0255,0.0023,-0.0103,-0.0233,8.3643,0.1295,0.9902,1924.6116,0.2139,8089.78,0.0126,0.1042,0.1064,0.0436,0.4454,0.955,608.6508,0.9914,58.8003,0.5983,0.9799,6.3383,15.88,4.296,15.89,15.87,1.182,0.6769,3.01,-0.7569,0.7397,2.2377,1006.9773,77.0,219.2,201.0,55.3,706.4609,0.2034,0.0892,0.0749,0.0721,0.014,7.6525,5.926,16.871,0.0118,0.81,0.0305,1574.0,903.0,0.219,0.124,0.359,2.9,0.737,0.4788,0.26130000000000003,0.7058,0.3168,0.7019,0.261,0.1316,6.08,20.76,46.706,0.995,22.22,8.9,35.143,23.86,0.0843,0.063,0.0432,0.0567,0.16685000000000003,0.0967,0.0833,0.0731,2.5942,0.0555,0.0008,190.2043,0.0491,1096.8994,0.0193,0.0189,0.1143,0.0245,122.2252,4.1181,0.0321,0.3829,0.0298,2.5909,21.9679,72.6489,64.2953,0.0561,4.1378,0.0293,1.6379,0.1284,0.0106,669.5667,177.8227,642.1666,450.9578,0.091,0.0516,0.1532,1.0702,0.0381,0.2321,0.1827,0.0985,0.0825,4.0778,0.0864,8.8208,0.0357,1.9451,6.0174,11.6054,0.3075,2.9785,3.3399,11.2203,6.4571,0.0229,0.0277,0.019,0.0247,0.0485,0.0532,0.0446,0.0337,0.9465,0.0176,0.0002,58.0403,0.0139,349.5326,0.02801905827358544,0.0074,34.8385,1.2397,0.0121,0.1138,0.0091,8.6074,0.8408,3.4398,7.2259,8.1671,2.51,53.807,21.5254,6.2276,74.0271,4.1501,1.2166,6.4694,2.1416,46.3284,339.793,16.8203,6.1985,4.8648,4.0877,51.7241,61.4496,21.1842,0.565,2.9167,1.1019,0.2328,3.3589,6.3959,3.9131,10.1706,4.2831,3.2542,25.2303,5.8843,9.9057,10.2124,201.8,4.856,11.7986,38.1452,433.5583,178.3439,95.1342,0.0,0.0,808.7379,313.0621,31.0154,2.2392,2.2408,0.0802,9.8827,22.9498,657.3913,60.6414,314.2857,25.6559,2.5606,20.3633,0.1462,7.0036,6.0412,1.3313,6.6447,74.224,14.82,1.31,5.8287,0.5338,66.5038,3.6763,1.7649,0.3709,0.0841,37.6775,4.98,0.0877,2.0902,0.0382,1.8844,15.4662,530.2591,1.3721000000000003,8.28,0.1233,2.5755,0.0378,1.5615,12.5176,0.0192,3.8598,0.023,0.021,91.4264
-1.0,2996.01,2205.2555,0.9785,95.2556,1.5507,-0.0077,0.004,195.2737,8.8862,412.0421,0.9767,185.5238,12.5492,1.3888,-3971.5,205.25,1.307,1.9837,7.2577,70.3556,2.6667,0.215,84.9605,9.0744,64.2376,66.2771,85.9594,80.69,2.308,351.8564,138.2136,732.6969,1.3395,140.5864,630.6564,192.4459,4.598,4.799,2854.0,0.932,1.0518,351.3427,10.4343,119.2655,13.4773,18.9482,25.6986,706.9983,146.5709,617.1791,130.7781,0.0075,-0.0501,-0.0038,-0.0082,-0.0083,-0.0324,0.0299,7.7735,0.1325,0.99,1755.6484,0.1794,8388.06,-0.152,0.0177,0.0881,-0.0515,0.4546977587895338,0.9502,727.2806,0.9891,58.5511,0.6013,0.9647,6.4286,15.87,4.207,15.92,15.87,1.229,0.6916,3.058,-0.8042,0.7003,2.2474,1009.5254,113.0,124.0,61.4,55.6001,973.498,0.0522,0.23175000000000004,0.0572,0.0712,0.0103,9.0883,4.799,14.85,0.0078,0.8700000000000001,0.0663,469.0,584.0,0.111,0.059,0.193,2.9,0.811,0.4063,0.1045,0.7631,0.3678,0.8259,0.413,0.117,7.12,19.19,86.622,0.444,19.47,3.6,29.096,103.796,0.0882,0.0514,0.048,0.0517,0.0966,0.1015,0.0622,0.1386,3.1239,0.0746,0.0013,94.1166,0.0279,706.0996,0.013,0.0141,0.052887316437015025,0.0175,109.3177,4.3688,0.025,0.366,0.0216,3.319,27.7689,37.2479,17.0796,0.0196,3.9075,0.0789,1.6629,0.1753,0.0233,212.8401,103.2904,957.3416,241.6187,0.048,0.025,0.0933,0.8777,0.0448,0.2366,0.1513,0.0411,0.1665,4.0382,0.1216,8.6661,0.0395,2.1775,5.6569,24.9504,0.1379,1.0598,1.6992,9.2493,36.2681,0.0217,0.0217,0.0207,0.0253,0.0267,0.0505,0.0315,0.0786,0.9944,0.0261,0.0004,36.6777,0.0081,225.2213,0.014464038299482368,0.0065,33.3843,1.2824,0.0083,0.1277,0.0076,9.2722,1.0179,5.2354,4.1388,2.4162,2.5213,68.9098,5.3368,15.2253,54.0052,3.604,0.8028,6.94175,4.7761,54.6645,284.5311,8.4927,2.9742,2.6592,4.1219,45.0,67.907,23.7567,0.4782,1.151,1.1879,0.2185,3.4986,7.6403,3.9558,8.7355,5.0645,3.0429,45.0111,5.6815,4.2552,9.198,144.4651,4.1154,13.7122,79.368,0.0,337.0492,0.0,0.0,0.0,191.9753,463.5452,40.1859,1.8116,3.1546,0.1276,5.3608,15.5764,0.0,31.0924,0.0,11.671720840897095,1.8422,15.031,0.1591,7.4614,5.6928,0.9627,8.7895,73.254,15.67,1.17,7.7549,0.4886,12.2191,3.9108,1.5972,0.1235,0.0318,12.9565,4.98,0.0877,2.0902,0.0382,1.8844,15.4662,531.3091,1.9363,10.85,0.2938,3.609,0.0862,2.0421,15.1731,0.0143,2.8843,0.023,0.021,91.4264
-1.0,3001.56,2223.0444,1.2016,112.5811,1.4004,-0.0079,-0.0075,200.0484,9.5368,420.4215,0.9731,190.1158,12.285800000000002,1.4142,-3848.0,220.0,1.277,1.98,7.2025,69.0333,2.5889,0.1907,84.5275,9.1526,63.9818,66.2847,86.1978,81.75,2.114,352.4618,140.9573,736.4942,1.3367,140.1909,633.61,188.6022,4.604,4.851,2858.0,0.9315,-0.81,352.65,10.3414,120.1473,15.3527,20.81,25.9771,710.5171,145.46,618.2573,71.3024,0.0063,0.0135,-0.0103,-0.0108,0.0106,-0.0261,0.0935,7.5992,0.13,0.9883,1698.811,0.179,9126.48,-0.23135,0.0753,0.1168,-0.0178,0.45843231029295595,0.9379,793.3861,0.9898,57.9451,0.6128,0.9805,6.3118,15.87,4.156,15.89,15.78,1.22,0.6697,3.054,-1.277,0.7223,2.2752,1004.9108,96.0,141.5,221.7,72.8999,323.062,0.3443,0.0691,0.0747,0.0557,0.0141,8.1947,4.2,10.344,0.0117,0.8700000000000001,0.0426,341.0,753.0,0.17,0.055,0.157,2.6,0.514,0.3596,0.1622,0.4046,0.2709,0.7271,0.434,0.1372,7.85,19.88,53.74,0.325,22.71,4.97,27.101,21.963,0.0546,0.0524,0.0501,0.0266,0.038,0.0804,0.0502,0.0136,3.2273,0.0758,0.0026,119.0638,0.0404,2322.228871323444,0.0158,0.0204,0.07073621344402659,0.0334,244.27409999999998,3.8371,0.0337,0.4274,0.0326,5.2375,25.526,43.4165,72.973,0.0979,0.6693,0.0276,1.3326,0.2202,0.0161,182.7795,178.9644,854.7308,330.1182,0.0718,0.0233,0.0695,1.0583,0.0429,0.1529,0.1461,0.0639,0.1124,4.5788,0.1169,8.39,0.0391,2.6409,6.5195,15.3632,0.1234,1.5613,1.6446,8.9337,6.6395,0.0161,0.0227,0.0222,0.0122,0.0103,0.0412,0.0243,0.0057,1.1716,0.0306,0.0008,37.8875,0.0147,696.21,0.020004621788092158,0.0117,79.11909999999999,1.063,0.0111,0.1374,0.0115,7.3505,1.4106,4.411,4.7142,8.8446,3.2793,27.0436,28.6564,4.9342,44.0398,2.4604,1.2019,6.94175,3.0102,51.6632,342.2727,13.3125,2.7778,2.1798,3.7663,69.5279,72.9021,14.7999,0.4254,1.7719,0.6324,0.0595,3.7451,5.0937,3.5114,10.2607,5.5995,3.1376,28.4938,5.8843,3.1427,6.7251,147.9216,3.8143,10.7854,30.8026,861.5385,127.5715,257.6271,351.6484,756.7059,192.5216,14.5532,42.4696,1.8466,3.1948,0.2675,7.0087,22.5503,832.6531,21.9608,286.4198,13.467281658777635,3.5659,33.17265000000001,0.0787,6.622,6.7714,1.4329,14.9507,74.974,15.57,1.64,7.0338,0.6006,49.5846,3.8661,2.1874,0.0699,0.0177,7.3755,7.49,0.144,3.0649,0.0693,2.8212,18.5318,530.2591,1.3721000000000003,8.28,0.1233,2.5755,0.0378,1.5615,12.5176,0.0127,2.5516,0.023,0.021,91.4264
-1.0,3045.48,2223.0444,1.2016,112.5811,1.3838,-0.0125,0.0073,198.9455,8.3054,412.2097,0.9773,188.9823,12.5204,1.3927,-4067.0,-2757.75,1.2857,1.97,7.3545,74.3778,2.0111,0.1644,84.8754,9.1637,64.7823,66.432,87.3675,81.59,2.925,364.3909,147.4382,759.9171,1.2649,141.4391,653.2682,211.0436,4.638,4.897,2870.0,0.9218,-5.1491,370.2273,10.0443,122.2891,13.4673,25.1491,33.1448,726.7723,147.2845,639.8009,102.3208,-0.0226,-0.0006,0.0299,-0.01,0.0071,-0.0233,-0.039,7.7213,0.1286,0.9872,1937.2993,0.1664,8553.2301,0.1007,0.0539,-0.0053,0.0317,0.4217006157501573,0.9409,677.9002,0.9891,58.7188,0.6126,0.9791,6.3548,15.87,4.156,15.89,15.78,1.22,0.6697,3.054,-1.277,0.7223,2.2752,1004.9108,153.0,190.3,131.0,72.8999,323.062,0.3443,0.1515,0.0649,0.0513,0.0115,12.4178,3.371,13.052,0.0093,0.81,0.028,399.0,5778.0,0.193,0.068,0.141,2.5,0.578,0.4972,0.1214,0.5675,0.2964,0.6553,0.562,0.2068,5.59,12.37,34.538,0.991,23.35,9.73,22.41,78.573,0.0665,0.0535,0.0339,0.0107,0.0408,0.0702,0.0882,0.0679,5.3517,0.0279,0.0027,168.7511,0.0373,499.0996,0.0185,0.0122,0.0,0.0095,47.1064,4.1735,0.0313,0.4003,0.0326,5.2375,36.1261,57.9982,41.716,0.0979,0.6693,0.0514,0.9653,0.1284,0.0089,185.1331,373.9165,810.1798,2717.3948,0.09,0.03,0.0621,0.8228,0.0467,0.172,0.2145,0.0474,0.0844,6.5356,0.1784,4.6626,0.0579,1.396,3.6633,10.7399,0.3569,2.6728,3.6933,7.0544,24.1842,0.0208,0.0223,0.015,0.0048,0.0143,0.0379,0.0439,0.0332,1.8042,0.0116,0.0007,51.7065,0.0133,160.8157,0.0,0.0034,15.0877,1.2487,0.0112,0.1192,0.0115,7.3505,1.4106,6.8953,6.2486,5.4383,3.2793,27.0436,28.6564,10.9484,40.5882,3.1663,0.9544,6.4694,2.0077,47.2338,209.5186,15.0107,3.4518,1.9172,3.3612,84.5304,90.0,16.5096,0.5858,1.3249,0.876,0.2742,5.4255,8.7359,2.4021,16.3516,3.9522,1.8936,16.3653,1.8589,9.8663,4.5548,173.3828,3.0835,22.7666,76.7908,294.9002,138.5113,35.8159,408.0,995.7447,378.9474,174.2142,69.3099,2.9559,1.1555,0.2743,8.7106,22.4125,429.9559,39.2707,565.5172,0.0,1.0146,6.9489,0.1289,7.1076,6.2996,1.4329,14.9507,73.254,14.53,1.33,6.7381,0.5058,27.0176,3.6251,1.8156,0.1497,0.0361,14.9541,7.92,0.2796,3.1119,0.1036,2.9287,37.6347,531.1754,2.0396,8.09,0.2678,2.645,0.0775,1.523,13.1304,0.0137,2.7392,0.023,0.021,91.4264
-1.0,2971.75,2206.4,1.1853,116.8167,1.584,-0.0058,0.0065,199.6054,9.9972,420.8836,0.9796,189.7334,12.5039,1.4091,-6375.125,11.0,1.2618,1.9885,7.2912,72.3667,2.8,0.221,84.1477,9.7571,64.331,66.003,86.8511,77.1,2.704,364.4973,128.9682,734.799,1.0569,143.0727,636.5382,72.8615,4.618,4.83,2879.0,0.9237,6.2636,363.93,10.616,115.2318,7.0,13.7364,17.925,716.874,150.3764,629.5382,113.2055,-0.0181,-0.0369,0.0076,-0.028,0.0022,-0.0391,0.0066,7.3277,0.1309,0.9822,1832.8431,0.1745,8989.5801,-0.2025,0.0735,0.1363,-0.201,0.4371873046403888,0.9508,684.3676,0.99,57.9514,0.6125,0.9784,6.3593,15.87,4.156,15.89,15.78,1.22,0.6697,3.054,-1.277,0.7223,2.2752,1004.9108,124.0,64.6,75.4,58.0,241.589,0.1633,0.23175000000000004,0.1053,0.0654,0.0069,7.9004,5.272,10.098,0.0059,0.26,0.0885,392.0,1012.0,0.191,0.006,0.197,5.2,0.625,0.6607,0.1713,0.4792,0.3363,0.8184,0.543,0.1253,9.29,9.3,28.087,0.413,10.14,4.34,16.677,87.801,0.0687,0.0853,0.046,0.0451,0.0337,0.0871,0.0321,0.0913,4.0498,0.0445,0.0026,108.4229,0.0167,1466.7002,0.0369,0.03420000000000001,0.046160171400659256,0.0287,193.1707,1.5598,0.0416,0.5029,0.0326,5.2375,30.7246,23.8954,22.2687,0.0576,1.5568,0.08085,1.7461,0.0657,0.0245,178.6328,361.3875,5823.189049999999,448.6142,0.093,0.0025,0.0969,1.5338,0.0398,0.2181,0.2608,0.0722,0.0591,7.2888,0.1748,3.9511,0.041,2.9309,2.9768,8.7686,0.1209,1.3345,1.6504,4.4056,21.8242,0.0186,0.0367,0.0213,0.0205,0.009,0.045,0.014,0.0501,1.1958,0.0145,0.0007,35.182,0.0057,413.7042,0.01353479380376178,0.0119,54.8934,0.4896,0.0113,0.1601,0.0115,7.3505,1.4106,5.6095,2.1738,2.9381,2.6287,24.5881,13.7738,16.1177,52.7349,2.3992,0.6001,2.0794,6.2806,173.9327,0.0,15.1377,0.3017,2.7019,7.1856,32.1429,61.991,18.9745,0.7852,1.7556,0.7449,0.2765,5.0398,11.8867,2.0995,11.8523,6.4932,1.461,38.5485,9.842500000000001,3.8904,10.6741,144.8569,2.3264,13.873,77.5589,380.346,361.824,595.3795,120.1426,0.0,82.0447,0.0,55.2666,1.9864,1.8495,0.2673,5.9156,9.5806,0.0,29.2571,567.0886,11.927687664277167,3.016,28.2262,0.0863,2.6916,7.9074,1.4329,14.9507,73.254,14.53,1.33,6.7381,0.5058,27.0176,3.6251,1.8156,0.0699,0.0177,7.3755,4.98,0.0877,2.0902,0.0382,1.8844,15.4662,534.2564,1.3737,10.87,0.2034,3.7527,0.0558,2.0346,14.8076,0.016,3.2258,0.023,0.021,91.4264
-1.0,2983.98,2212.3,0.9816,92.37,1.3909,-0.0132,0.0099,199.0477,10.5207,421.4226,0.9812,189.0441,12.5294,1.4217,-2961.0,-6027.0,1.2813,2.001,7.3302,72.0444,2.2444,0.1782,85.8815,8.7609,64.2677,66.1478,87.0545,80.67,2.791,345.7636,147.8182,740.893,1.3205,143.3882,636.97,219.2945,4.592,4.84,2828.0,0.9316,-4.8873,348.8973,10.2318,122.9309,12.923,24.8873,29.3586,711.5344,153.5982,625.4264,162.1945,-0.034,0.0422,-0.0052,0.0046,0.0018,0.0118,-0.0343,7.2408,0.1378,0.989,1801.391,0.1927,9117.9701,0.134,0.0567,-0.0885,0.0102,0.45126964915234735,0.9688,771.2167,0.9893,58.7734,0.6038,0.9684,6.3349,15.87,4.156,15.89,15.78,1.22,0.6697,3.054,-1.277,0.7223,2.2752,1004.9108,106.0,245.1,100.1,55.8999,679.767,0.0893,0.1052,0.0665,0.0568,0.0059,12.4887,4.593,8.083,0.0053,0.22,0.0379,837.0,6204.0,0.105,0.101,0.067,2.8,0.308,0.8935,0.1203,0.599,0.3334,0.7783,0.228,0.1404,6.87,23.49,58.719,0.361,15.85,5.03,34.064,39.088,0.0703,0.048,0.0934,0.055,0.0536,0.104,0.0913,0.1617,3.8941,0.0511,0.002,77.0847,0.1254,1148.7002,0.0097,0.0184,0.054962870629188254,0.009,122.0972,4.7507,0.0447,0.2746,0.0326,5.2375,28.8477,77.7282,34.5387,0.031,2.6469,0.0355,1.535,0.0596,0.0116,393.2709,152.8929,4945.9213,3360.35,0.0485,0.0461,0.0307,0.9939,0.0283,0.1121,0.3447,0.044,0.1456,5.1937,0.0653,9.629,0.0505,2.1105,7.0434,21.0749,0.0982,1.5209,2.3211,10.2501,12.4507,0.0252,0.0215,0.0406,0.0234,0.0158,0.0505,0.0472,0.08248588237179322,1.5206,0.0176,0.0008,26.3244,0.0374,410.3686,0.017059894066892414,0.0037,42.476,1.3861,0.0154,0.0971,0.0115,7.3505,1.4106,4.7179,8.2139,3.6472,2.5268,37.6064,9.0973,7.5634,43.6567,1.918,0.5438,1.7559,2.6651,298.58439999999996,102.9368,8.1951,5.0475,0.914,3.8865,71.2871,57.2319,8.8588,1.0404,1.3733,0.932,0.33,4.4221,8.7134,4.3144,10.63,4.7912,3.6878,26.7763,6.9001,3.5282,12.8202,122.6496,4.7874,17.956,24.0995,206.7647,131.597,0.0,0.0,0.0,777.0213,471.0852,53.7802,3.8064,2.1401,0.2004,4.2792,63.31987047269746,0.0,35.7143,537.7049,12.672794869143008,0.9243,15.8318,0.1126,8.0831,4.3344,1.4329,14.9507,75.048,17.26,1.45,7.828,0.6191,70.9948,4.2012,1.9321,0.1013,0.0257,10.4366,11.59,0.0537,4.12,0.0262,4.5809,7.9929,528.5973,2.22,6.24,0.2848,2.1791,0.0859,1.1805,12.8307,0.0135,2.6991,0.023,0.021,91.4264
-1.0,3039.64,2223.0444,1.2016,112.5811,1.5576,-0.0098,0.0105,203.5591,8.7182,414.2112,0.9771,193.7094,12.5165,1.4123,-3700.5,-31.75,1.2988,1.99,7.3565,74.8556,2.0333,0.159,83.6845,8.1409,64.6358,66.2133,86.8207,81.65,3.097,364.23,140.8509,750.7105,1.3445,146.1382,651.2191,212.7338,4.638,4.893,2871.0,0.9223,-2.15,364.1755,10.4931,118.7009,20.4236,22.15,27.7632,722.9473,147.9191,630.7955,64.4174,-0.0144,-0.0335,0.018,-0.0091,0.0124,-0.0525,0.0263,8.2349,0.131,0.983,1733.5791,0.1888,8701.4599,0.1145,0.053,-0.0308,0.0509,0.4444368199177883,0.947,745.6604,0.9901,57.7467,0.6084,0.9651,6.3816,15.88,4.185,15.85,15.84,1.338,0.6772,3.045,-0.615,0.7202,2.2674,1010.0437,108.0,160.5,99.2,72.8999,323.062,0.3443,0.2291,0.0677,0.0659,0.0079,5.9803,3.831,15.96,0.0076,0.3,0.0774,803.0,1384.0,0.105,0.078,0.193,1.9,0.347,0.6413,0.1236,0.7143,0.3889,0.5802,0.608,0.2383,6.41,10.55,47.85,0.409,10.65,6.02,19.639,24.724,0.063,0.0643,0.0643,0.049,0.0458,0.0837,0.015000000000000013,0.0331,2.3466,0.0355,0.0024,183.9951,0.0592,620.0,0.0121,0.0182,0.05217554254273121,0.0053,70.6105,1.5328,0.0498,0.4141,0.0226,3.4433,27.0496,47.6035,35.2754,0.0979,0.6693,0.0692,1.3133,0.0724,0.0312,380.1924,163.94,409.4537,685.7606,0.0475,0.0383,0.0798,0.6044,0.0471,0.1216,0.249,0.0471,0.0497,6.496,0.1728,4.5119,0.0642,1.9619,2.6817,15.138,0.126,1.945,2.4169,5.7072,7.6375,0.0173,0.0289,0.0297,0.0224,0.0116,0.0402,0.006400000000000003,0.015,0.9164,0.0136,0.0007,54.8312,0.0183,185.4417,0.01446992852192968,0.0019,20.6831,0.4806,0.0164,0.138,0.0077,7.0615,1.1092,4.972,5.2802,3.9213,3.2793,27.0436,28.6564,14.7086,43.9427,3.8531,0.7816,2.3968,5.4811,25.3749,0.0,8.0847,3.9196,2.6235,2.5382,34.4262,104.4025,10.3548,0.7663,1.5185,1.1051,0.2074,5.2302,9.542,2.3307,17.7225,4.3863,1.62,22.4929,1.8484,3.8978,8.7699,52.1454,2.7165,12.6661,38.381,436.7418,227.0079,271.8447,502.6063,677.7328,22.8571,125.9753,28.4962,2.8998,1.4908,0.2424,10.6136,31.3407,482.9187,65.9207,477.193,12.255318130237914,0.5608,9.4695,0.25379999999999997,2.6544,6.489,0.9972,10.3199,73.254,14.53,1.33,6.7381,0.5058,27.0176,3.6251,1.8156,0.1013,0.0257,10.4366,5.36,0.1474,2.3753,0.062,2.1115,18.3442,523.3110000000001,1.866,15.390000000000002,0.6164999999999999,5.3345,0.18730000000000002,2.8874999999999993,28.50255,0.0099,1.9709,0.023,0.021,91.4264
-1.0,2908.47,2223.0444,1.2016,112.5811,1.5714,0.0076,0.0196,198.2412,6.7802,404.753,0.9789,188.466,12.5722,1.3948,-4153.25,-14.5,1.2612,1.9545,7.152,74.9222,2.3444,0.1937,84.5612,9.088,64.8393,66.229,87.3122,82.76,2.136,349.8364,141.3709,732.5745,1.2944,138.0236,629.2309,208.6894,4.604,4.855,2828.0,0.9347,-1.97,350.2073,10.2439,119.4009,11.5518,21.97,27.9713,704.6032,148.0709,617.6791,97.4935,0.0235,-0.0342,0.0183,0.0021,0.0209,-0.0159,0.0254,7.5943,0.1354,0.9916,1779.7088,0.1708,8362.97,0.0987,-0.0316,0.0195,0.1324,0.4505670771667716,0.9506,707.236,0.9891,59.6505,0.6049,0.9701,6.2903,15.82,2.84,15.86,15.75,0.946,0.5197,3.423,1.655,0.8137,2.2797,1008.4892,154.0,220.8,221.4,72.8999,323.062,0.3443,0.23175000000000004,0.1036,0.10045,0.0072,12.2449,3.101,14.962,0.0072,0.8700000000000001,0.0663,721.0,1491.0,0.197,0.055,0.139,2.9,0.458,0.4067,0.1452,0.4771,0.2971,0.6994,0.423,0.1318,6.27,15.55,46.19,0.287,16.47,5.62,26.458,58.274,0.1505,0.0621,0.0383,0.0552,0.1448,0.1656,0.0796,0.0714,4.2864,0.0494,0.0012,114.1498,0.0391,748.1997,0.0211,0.0109,0.04956539510907826,0.0174,95.8442,2.4768,0.0277,0.2907,0.1336,2.6311,31.241,74.858,73.6195,0.0979,0.6693,0.08085,1.0282,0.2202,0.029,315.545,324.8604,714.1435,609.1822,0.0866,0.0229,0.0637,0.9431,0.0313,0.1343,0.2121,0.0519,0.1321,5.6848,0.1601,7.3351,0.0355,2.0437,4.8797,12.2309,0.0801,1.5067,2.124,8.7575,19.2362,0.0337,0.0308,0.0165,0.0247,0.0392,0.0769,0.0429,0.0305,1.2921,0.0153,0.0004,41.616,0.0125,273.3153,0.017949211437943684,0.0067,32.5291,0.8065,0.0094,0.1022,0.0461,5.2708,0.8988,7.0573,7.5916,8.6763,3.2793,27.0436,28.6564,16.1177,45.7362,3.6966,0.7382,6.94175,4.7557,39.0056,0.0,15.6194,2.814,1.9435,3.8707,42.654,51.1188,13.0745,0.481,1.5979,0.7358,0.3449,5.0281,4.329,3.1362,10.1814,4.5427,2.4713,22.1334,5.645,2.8017,2.814,142.5749,3.755,13.7283,59.7722,640.4255,262.8571,301.2278,0.0,792.3445,500.6289,280.826,56.4431,2.7317,2.0378,0.1215,6.414,22.8757,616.2544,27.8652,0.0,12.291187767688575,1.8267,13.5519,0.144,4.1522,4.6217,5.8582,7.062,73.254,14.53,1.33,6.7381,0.5058,27.0176,3.6251,1.8156,0.0868,0.0246,9.3586,11.969999999999999,0.1774,4.4241,0.0721,4.638249999999999,25.7912,532.1382,2.0329,9.02,0.2568,3.0501,0.0828,1.6951,12.6333,0.0185,3.7066,0.0328,0.0192,58.5087
-1.0,2915.54,2210.8556,2.4475,97.1056,1.5656,-0.0027,0.0092,203.0203,9.9235,419.7956,0.9772,193.1988,12.5039,1.3969,-3781.5,-2350.0,1.3155,2.0057,7.3375,76.4889,2.1556,0.1548,84.5612,9.088,64.8393,66.229,87.3122,82.76,2.136,364.2773,129.9818,734.4767,1.0052,142.0136,636.2727,70.4646,4.61,4.845,2880.0,0.9236,0.7,363.4273,10.8582,110.6818,14.2063,19.3,24.3734,710.1034,147.9573,622.0664,126.3015,-0.0014,-0.01,0.0001,-0.0217,-0.0123,-0.0267,0.0317,7.4801,0.1325,0.9889,1791.9434,0.1703,8892.2801,0.1523,0.0195,0.0026,-0.0062,0.45797042659673437,0.9527,761.9435,0.9894,58.5588,0.6141,0.9648,6.3699,15.88,4.185,15.85,15.84,1.338,0.6772,3.045,-0.615,0.7202,2.2674,1010.0437,102.0,222.1,48.1,54.6001,566.33,0.5224,0.1133,0.0391,0.0804,0.0088,10.9803,6.168,8.15,0.0085,0.26,0.056,1213.0,5821.0,0.065,0.118,0.162,3.3,0.587,0.4067,0.1452,0.4771,0.2971,0.6994,0.762,0.1301,9.7,11.92,22.966,0.508,11.87,8.57,18.919,72.041,0.094,0.0439,0.0963,0.0834,0.0897,0.0781,0.0782,0.0893,3.1305,0.0441,0.0014,153.7772,0.0588,1430.1997,0.0176,0.0154,0.055381006722876824,0.0137,155.3523,4.4257,0.0534,0.4639,0.0226,3.4433,24.852,63.9408,16.2527,0.163,2.466,0.0416,1.9698,0.0657,0.0197,570.1164,70.157,1008.7304,2890.2598,0.027,0.054,0.0673,1.1994,0.0299,0.1902,0.2121,0.0519,0.1321,8.5613,0.2585,3.6948,0.0377,3.4269,3.6204,7.1023,0.1477,2.7465,3.126,5.4956,22.2593,0.0257,0.0201,0.0418,0.0392,0.0263,0.0391,0.0373,0.0397,1.1583,0.0165,0.0005,46.9593,0.0173,369.5791,0.014035495544580896,0.0042,41.0961,1.2833,0.0187,0.1451,0.0077,7.0615,1.1092,4.7205,7.6178,1.9267,2.4696,34.0137,21.3426,7.2369,62.1552,1.9414,0.87,2.0794,4.0109,58.7598,247.7021,4.9411,5.8831,2.2078,4.3144,37.1134,68.4853,16.8463,0.481,1.5979,0.7358,0.3449,6.4045,10.6092,1.9844,12.9425,6.8303,1.8734,32.5922,9.842500000000001,4.6785,10.5799,83.5541,2.6643,10.4005,57.0389,0.0,618.59025,0.0,413.0072,637.551,293.1584,281.7035,41.8512,4.941799999999999,1.8179,0.1459,8.5816,34.4927,0.0,36.2301,0.0,13.056217606591717,1.4355,20.389,0.1158,7.5578,7.2832,0.9972,10.3199,73.254,14.53,1.33,6.7381,0.5058,27.0176,3.6251,1.8156,0.1281,0.0312,13.2644,4.98,0.0877,2.0902,0.0382,1.8844,15.4662,523.3110000000001,1.3721000000000003,15.390000000000002,0.6164999999999999,5.3345,0.18730000000000002,2.8874999999999993,28.50255,0.0117,2.3366,0.0239,0.0203,85.0589
-1.0,2997.45,2206.4,1.1853,116.8167,1.4319,0.0043,0.0123,198.6422,8.9192,417.5505,0.9801,188.5872,12.6012,1.4009,-3472.25,494.75,1.2785,1.992,7.2192,74.0889,2.6222,0.2123,84.3147,9.6515,64.2547,66.1799,86.7475,80.79,2.374,363.8864,137.8573,746.0684,1.3755,145.5973,647.3409,219.1615,4.638,4.893,2871.0,0.9223,-2.7136,362.6,10.6468,115.1436,18.4754,22.7136,30.7182,715.3502,151.1218,628.8655,110.7069,-0.0116,-0.03,0.0182,0.0149,0.0041,-0.056650000000000006,0.0036,7.247,0.132,0.9906,1810.0117,0.1704,8835.2399,0.0187,-0.0372,0.0231,-0.0725,0.43435378169527006,0.9478,743.0757,0.9889,58.3573,0.5941,0.9789,6.3373,15.87,4.156,15.89,15.78,1.22,0.6697,3.054,-1.277,0.7223,2.2752,1004.9108,118.0,164.9,155.9,58.0,241.589,0.1633,0.1107,0.0689,0.0605,0.0073,12.3704,5.006,9.831,0.0065,0.43,0.0679,975.0,795.0,0.13,0.162,0.201,2.2,0.66,0.478,0.1846,0.5533,0.3447,0.8201,0.705,0.2531,6.51,15.17,47.271,0.502,11.94,7.4,19.571,62.435,0.0725,0.0595,0.051,0.0378,0.0806,0.1147,0.0321,0.0475,3.8399,0.0379,0.0018,145.8312,0.0239,587.4004,0.0204,0.021,0.05788520732348468,0.0119,58.4371,2.638,0.0435,0.5401,0.0326,5.2375,29.6763,51.4487,51.1796,0.0576,1.5568,0.0394,1.8057,0.08,0.0263,492.3078,299.6135,185.8447,347.0095,0.0626,0.0677,0.0822,0.6754,0.0284,0.2242,0.2168,0.068,0.1784,7.6071,0.2367,4.3255,0.0672,1.8991,3.9381,14.0814,0.1737,2.5409,3.6911,6.1277,23.0721,0.0211,0.0267,0.0233,0.0177,0.0255,0.0569,0.0136,0.0225,1.1531,0.0129,0.0006,54.8174,0.0085,166.4655,0.014135114423411171,0.0034,15.2448,0.7908,0.015,0.1791,0.0115,7.3505,1.4106,5.3434,5.5013,6.1017,2.6287,24.5881,13.7738,7.7311,56.1262,2.3545,0.6632,3.4124,4.8446,12.4415,160.6872,10.1682,8.1325,2.7842,2.9694,53.3898,39.5604,20.139,0.5669,1.9126,0.8611,0.2303,6.0706,9.6839,2.2198,18.4009,4.4712,2.3434,21.569,1.8484,4.715,7.026,64.6262,2.7359,10.6313,56.3967,625.6742,0.0,207.4074,539.3559,0.0,37.5878,0.0,52.9851,3.03,1.5658,0.1821,8.0569,13.9945,0.0,16.3107,0.0,12.648197461269632,1.2598,7.8642,0.1882,4.5204,8.5219,1.4329,14.9507,71.662,18.4,0.66,8.7483,0.2365,100.32,4.5903,0.921,0.0868,0.0246,9.3586,5.45,0.153,2.2203,0.0617,2.1173,21.6591,523.3110000000001,1.866,15.390000000000002,0.6164999999999999,5.3345,0.18730000000000002,2.8874999999999993,28.50255,0.0129,2.5825,0.0239,0.0203,85.0589
-1.0,2990.85,2223.0444,1.2016,112.5811,1.3533,0.0013,0.0064,201.9929,7.7739,401.5005,0.9712,192.3509,12.4276,1.4186,-3219.6667,4234.3333,1.3315,1.9935,7.2592,74.9556,2.1111,0.1492,85.04,8.8097,64.1009,66.5094,86.7776,80.46,2.71,364.0991,150.9391,764.5294,1.2357,140.5809,655.6191,211.3178,4.645,4.916,2845.0,0.9091,-5.2427,363.2209,10.2645,125.6964,21.8591,25.2427,32.4059,732.1235,144.8427,633.76,69.6719,-0.0045,-0.0346,0.0209,-0.0115,0.0077,-0.0224,-0.035,7.2443,0.1347,0.9926,1761.2535,0.1586,9314.81,-0.0387,-0.0753,0.0216,0.0462,0.4217006157501573,0.945,789.9959,0.991,58.5736,0.6064,0.9801,6.2329,15.88,4.185,15.85,15.84,1.338,0.6772,3.045,-0.615,0.7202,2.2674,1010.0437,169.0,78.4,83.9,72.8999,323.062,0.3443,0.097,0.0696,0.0659,0.0213,7.3676,5.064,11.54,0.0122,0.5,0.0311,649.0,8692.0,0.08,0.112,0.164,5.3,0.533,0.7769,0.1312,0.6313,0.3188,1.0223,0.696,0.2304,8.19,12.23,72.692,0.568,15.1,12.98,25.846,22.604,0.055,0.0613,0.0327,0.0153,0.0519,0.0823,0.0848,0.0456,3.4636,0.0565,0.0014,189.9735,0.0203,623.5996,0.012,0.0112,0.0437092772730974,0.0124,63.1732,1.5358,0.0456,0.3738,0.0226,3.4433,32.0919,23.905,28.9403,0.0979,0.6693,0.035,1.62,0.0947,0.0113,295.8168,44.8442,226.8575,4454.5631,0.038,0.0486,0.0674,1.4976,0.0414,0.1688,0.399,0.0526,0.1199,7.017,0.2301,5.0539,0.0716,3.3341,3.1098,19.417,0.1776,3.923,5.0979,8.0009,7.2151,0.0167,0.0254,0.0142,0.0064,0.0155,0.0451,0.0472,0.0195,1.2471,0.019,0.0004,58.6175,0.0067,204.2963,0.00945698858235592,0.0048,22.2032,0.4452,0.0156,0.1185,0.0077,7.0615,1.1092,7.6607,2.6213,3.393,3.2793,27.0436,28.6564,7.1677,65.141,2.8742,1.2528,4.0233,2.1916,13.0759,205.2743,6.0083,5.6183,2.2592,7.0709,71.0526,93.1497,14.9883,0.9136,1.4895,0.9849,0.1991,5.515,8.2947,2.535,18.6424,5.8258,1.8654,34.3994,4.3619,5.5336,4.121,69.0787,3.5303,17.1657,32.4435,0.0,296.8523,73.3813,451.3043,0.0,378.1494,130.1927,47.8118,2.3758,2.3394,0.1435,10.7863,12.7939,0.0,34.8936,523.4568,9.066809654477314,1.3091,7.9967,0.0684,2.6219,5.9976,0.9972,10.3199,72.676,19.07,1.91,8.6435,0.7121,34.0782,4.7748,2.6281,0.1013,0.0257,10.4366,11.969999999999999,0.2301,4.532500000000001,0.0885,4.638249999999999,32.5592,532.1073,1.8126,7.83,0.2619,2.6162,0.0751,1.4715,14.448,0.0198,3.9581,0.0346,0.0251,72.6469
-1.0,3029.98,2206.4,1.1853,116.8167,1.5139,-0.0127,0.0007,202.5718,7.9824,408.366,0.9684,192.906,12.5439,1.4013,-3460.0,-1156.0,1.2638,1.9917,7.3232,74.6,2.3444,0.1724,84.3147,9.6515,64.2547,66.1799,86.7475,80.79,2.374,349.7282,148.74,742.0476,1.215,135.0345,633.5027,222.2646,4.603,4.841,2823.0,0.9324,-2.8055,349.4,10.1463,125.9345,12.4691,22.8055,30.6359,711.4117,145.6991,621.0336,97.7963,-0.0383,-0.0307,0.007,-0.0132,0.015,-0.056650000000000006,-0.029,7.6631,0.1329,0.9894,1695.999,0.1766,9877.1401,0.1595,-0.0223,-0.0568,0.0316,0.43344331051454676,0.9379,751.1369,0.9894,58.6735,0.6014,0.9671,6.2596,15.88,4.185,15.85,15.84,1.338,0.6772,3.045,-0.615,0.7202,2.2674,1010.0437,68.0,234.5,198.7,58.0,241.589,0.1633,0.23175000000000004,0.0909,0.0554,0.0165,9.5274,3.447,14.01,0.0141,0.35,0.0534,499.0,2821.0,0.138,0.062,0.31,3.1,0.308,0.478,0.1846,0.5533,0.3447,0.8201,0.846,0.1518,6.81,19.75,57.808,0.594,18.89,15.74,29.389,89.97,0.0946,0.0592,0.0514,0.0345,0.0899,0.0865,0.0536,0.0984,1.8835,0.0395,0.0022,88.6532,0.0877,1237.0996,0.0166,0.0129,0.04355200983977775,0.0181,126.7379,3.4014,0.0534,0.4653,0.0226,3.4433,19.1351,74.645,72.171,0.0576,1.5568,0.0678,1.0193,0.0901,0.0184,218.2054,190.0956,676.0922,1295.8305,0.0636,0.0275,0.1289,0.8972,0.0282,0.1115,0.2168,0.068,0.1784,6.7837,0.2358,9.1733,0.0428,2.1088,5.7605,17.2303,0.1938,3.822,3.4296,9.4825,29.9445,0.0318,0.0272,0.0245,0.0176,0.0252,0.0405,0.0246,0.0495,0.6374,0.0117,0.0007,34.357,0.0252,398.7815,0.014314724026634303,0.0065,45.4925,1.0688,0.0162,0.1384,0.0077,7.0615,1.1092,3.0502,7.7393,7.8465,2.6287,24.5881,13.7738,15.3907,43.1827,3.4307,1.4533,2.7902,3.8107,41.2428,244.0311,10.9199,3.1128,4.2331,4.1555,55.4502,42.3325,8.8977,0.5669,1.9126,0.8611,0.2303,6.2449,9.7822,3.9803,12.4902,5.0432,3.1176,26.0086,6.6534,5.8544,17.537999999999997,151.4948,4.1311,12.7414,91.9974,246.6754,90.6238,495.2153,681.3832,577.6294,80.7837,339.3103,24.5783,2.5592,1.6444,0.2266,5.2272,49.6314,0.0,48.5651,0.0,12.50384794543591,1.9337,16.8728,0.1231,5.7972,7.4333,0.9972,10.3199,75.126,20.53,0.99,8.8148,0.363,68.4547,5.0954,1.3178,0.1235,0.0318,12.9565,11.969999999999999,0.1765,4.532500000000001,0.0771,4.638249999999999,27.2703,530.0846,1.9812,9.01,0.2753,2.596,0.0898,1.6997,13.8979,0.0164,3.3044,0.0346,0.0251,72.6469
-1.0,3033.51,2207.9555,1.8467,95.4022,1.512,-0.0124,0.009,201.0549,7.7847,405.2342,0.9678,191.4068,12.285800000000002,1.4094,-4183.5,2475.3333,1.2957,1.9977,7.3457,67.6333,2.3333,0.2034,85.4593,8.7326,63.9602,66.2215,86.441,78.98,3.128,365.9173,146.64,758.1008,0.9381,134.2482,646.8055,86.0461,4.556,4.79,2888.0,0.9168,-4.6582,364.2164,10.4763,121.9818,13.231,24.6582,29.2938,728.807,147.3764,633.5745,69.9665,-0.0211,-0.0471,0.0122,-0.0029,0.0221,-0.0112,0.0176,7.4502,0.1378,0.9866,1808.0062,0.1713,8344.61,0.0645,-0.0753,-0.0067,0.031,0.42767149151029415,0.9512,724.0268,0.9896,56.3186,0.5952,0.9703,6.3538,15.88,4.185,15.85,15.84,1.338,0.6772,3.045,-0.615,0.7202,2.2674,1010.0437,103.0,64.7,66.6,50.5,523.7209,0.1734,0.23175000000000004,0.0596,0.0449,0.0293,9.1008,3.636,7.956,0.0161,0.4,0.0343,784.0,12578.0,0.123,0.095,0.162,1.6,0.488,0.5349,0.1591,0.5057,0.3306,0.6916,0.984,0.1715,9.63,15.78,26.792,0.554,16.41,13.09,23.869,38.475,0.0838,0.0488,0.0264,0.0705,0.0957,0.0834,0.0979,0.082,6.2949,0.0316,0.0009,80.184,0.0208,833.5,0.0115,0.0121,0.03498547017602993,0.0184,102.3143,1.7243,0.0242,0.2388,0.0226,3.4433,26.0095,21.8935,22.1296,0.0623,1.8065,0.08085,1.1841,0.1207,0.0117,326.9093,254.8869,1337.421,7002.2723,0.0528,0.0446,0.0682,0.4924,0.0429,0.1721,0.2192,0.0647,0.1356,8.7342,0.3461,5.323,0.0469,3.4326,4.1041,8.8187,0.1679,3.9729,4.9768,7.099,10.9407,0.0205,0.0225,0.0109,0.034,0.0283,0.043,0.0446,0.038,1.959,0.0109,0.0003,27.3567,0.0068,284.1933,0.011653036894791505,0.0059,30.5487,0.4813,0.0075,0.0755,0.0077,7.0615,1.1092,4.7464,2.1328,2.6053,2.2872,40.8061,9.3883,16.1177,46.7068,1.9633,1.6628,3.2587,2.435,67.336,508.1336,9.4926,4.7553,2.2054,2.3657,55.7143,59.4757,15.0149,0.6259,1.8213,0.7906,0.3498,6.5069,11.2316,2.719,18.286,7.1733,2.4397,31.1368,2.3295,5.2881,3.7301,124.0275,3.2751,14.6661,54.9906,397.5096,273.007,580.2469,0.0,376.9492,876.0626,466.5718,84.4923,1.8142,1.3329,0.0913,4.4349,12.1616,0.0,38.9452,246.9136,9.33553516501453,1.9294,14.1313,0.0836,3.0616,3.7583,0.9972,10.3199,73.254,14.53,1.33,6.7381,0.5058,27.0176,3.6251,1.8156,0.1173,0.0288,12.2248,4.98,0.0877,2.0902,0.0382,1.8844,15.4662,532.8227,2.1206,7.93,0.3692,2.7404,0.1041,1.4883,17.4117,0.0177,3.5451,0.0346,0.0251,72.6469
-1.0,2964.69,2212.3,0.9816,92.37,1.4424,-0.0242,0.005,198.9222,7.7344,405.8248,0.9789,189.1323,12.5492,1.4118,-4961.75,-68.5,1.2757,2.0085,7.245,70.4,2.3778,0.1886,84.9605,9.0744,64.2376,66.2771,85.9594,80.69,2.308,368.24,127.6291,733.6202,0.9885,135.5109,631.38,63.623,4.627,4.849,2877.0,0.9228,3.6809,363.7245,10.7581,111.31,7.534,16.3191,19.1189,714.5013,149.7127,624.7473,158.4831,-0.0247,-0.0398,-0.0013,-0.0179,0.012,-0.056650000000000006,0.0209,8.2082,0.1263,0.9908,1799.0774,0.1939,8365.7701,0.0352,0.0484,-0.0054,0.0763,0.4370644237758742,0.9704,711.4945,0.989,60.9507,0.6029,0.9782,6.225,15.82,2.84,15.86,15.75,0.946,0.5197,3.423,1.655,0.8137,2.2797,1008.4892,126.0,186.6,176.4,55.8999,679.767,0.0893,0.1105,0.0717,0.0502,0.0069,12.4371,4.426,21.512,0.0069,0.8700000000000001,0.0566,309.0,702.0,0.056,0.124,0.373,2.6,0.798,0.4063,0.1045,0.7631,0.3678,0.8259,0.956,0.1188,6.5,11.35,23.772,0.408,7.33,11.05,17.795,63.678,0.0656,0.0642,0.0447,0.065,0.0711,0.0959,0.0368,0.1581,3.489,0.0343,0.0007,96.8884,0.0692,1710.1001,0.0161,0.0122,0.05376372739016905,0.0067,178.7475,2.7488,0.0529,0.4711,0.1336,2.6311,27.4021,70.7638,61.8187,0.031,2.6469,0.0413,1.4138,0.1753,0.0142,129.6842,189.8409,3748.7966,297.4139,0.0242,0.0569,0.1618,0.8396,0.0644,0.2455,0.1513,0.0411,0.1665,7.285,0.2451,3.8933,0.0372,1.8597,3.6227,7.6525,0.1102,3.1888,3.7084,5.1732,18.6461,0.0205,0.0308,0.0202,0.0272,0.0186,0.0497,0.0169,0.0818,1.3289,0.0127,0.0003,37.2626,0.0206,533.6123,0.012254733959458263,0.0024,57.3076,0.8003,0.0169,0.1469,0.0461,5.2708,0.8988,5.8605,6.2941,7.1274,2.5268,37.6064,9.0973,7.6607,57.2251,5.3008,0.7004,6.94175,4.0077,157.0011,0.0,4.3896,6.1738,5.1484,3.6932,58.8785,112.9641,24.1704,0.4782,1.151,1.1879,0.2185,5.4937,14.1817,2.1367,12.0176,4.7967,1.7976,37.3638,2.5034,3.7925,6.3337,97.2921,2.4905,13.4122,40.1797,265.7215,179.5804,0.0,397.3454,797.5052,59.1402,757.3653,42.506,2.3747,1.4305,0.0708,5.3855,35.7085,421.5983,32.9718,523.0769,11.843639548205665,0.6903,25.1228,0.1433,4.51,7.5674,5.8582,7.062,73.254,14.53,1.33,6.7381,0.5058,27.0176,3.6251,1.8156,0.0699,0.0177,7.3755,4.98,0.0877,2.0902,0.0382,1.8844,15.4662,532.1073,1.8126,7.83,0.2619,2.6162,0.0751,1.4715,14.448,0.0153,3.0516,0.0346,0.0251,72.6469
-1.0,2909.43,2223.0444,1.2016,112.5811,1.3702,-0.0118,0.0067,201.0915,7.0063,408.4523,0.9778,191.0921,12.5351,1.4335,-3689.5,1446.6667,1.2712,1.9923,7.2025,74.5333,1.6333,0.1048,85.4577,8.2061,64.4522,66.0643,86.7514,81.22,3.137,365.6145,132.3491,739.4217,1.3899,142.1727,640.1364,204.1781,4.623,4.883,2877.0,0.9225,5.17,365.0836,10.4333,117.5191,12.4014,14.83,21.7509,717.6708,146.41,629.0127,101.8615,-0.0244,-0.0423,0.018,-0.002,0.016,-0.056650000000000006,0.0306,7.5099,0.1325,0.9874,1762.8462,0.1805,9855.6601,0.0625,-0.013,0.0551,0.1459,0.4303943902621694,0.9382,833.2102,0.9902,57.6087,0.6036,0.9656,6.3622,15.88,4.185,15.85,15.84,1.338,0.6772,3.045,-0.615,0.7202,2.2674,1010.0437,102.0,92.2,73.2,72.8999,323.062,0.3443,0.0762,0.085,0.0812,0.0085,7.9749,4.108,18.643,0.0072,0.35,0.0416,316.0,6701.0,0.139,0.132,0.118,2.8,0.475,0.4054,0.1451,0.5378,0.2945,0.7292,0.691,0.1521,5.05,14.67,51.792,0.897,8.16,9.24,17.971,44.537,0.0571,0.032,0.0404,0.0654,0.0687,0.0914,0.0481,0.0598,3.306,0.047,0.0019,175.0801,0.0639,630.5,0.0233,0.014,0.039662803077488595,0.0213,127.874,2.095,0.035,0.3656,0.0226,3.4433,24.852,27.2192,22.1929,0.0979,0.6693,0.024,1.3045,0.0723,0.0153,129.7947,58.0057,1558.0127,3553.1161,0.0625,0.054,0.0628,0.8902,0.0444,0.1904,0.1762,0.0581,0.1046,7.2793,0.2135,4.1662,0.0427,1.5044,4.0265,12.9469,0.2522,2.6213,3.3435,5.3147,14.6813,0.015,0.0159,0.0212,0.03,0.0187,0.0495,0.0219,0.0286,1.1213,0.0149,0.0006,52.0976,0.0216,256.8739,0.012739800059829963,0.0072,39.4514,0.6007,0.012,0.1162,0.0077,7.0615,1.1092,4.7205,3.169,2.8882,3.2793,27.0436,28.6564,5.5611,58.6332,4.5643,0.7401,2.7922,2.9042,93.9423,463.2028,10.9341,6.6257,1.6383,3.7567,79.5918,123.1177,14.181,0.4744,1.7687,0.8344,0.2453,6.3756,11.8475,2.1706,10.9456,3.552,2.2917,25.3661,2.0355,8.5975,6.2203,65.799,2.5041,14.9076,43.7231,233.8966,68.6327,364.3454,0.0,569.4704,80.6033,195.5846,44.022,4.941799999999999,1.9352,0.1972,9.9317,35.4146,0.0,48.4048,0.0,10.157301102705642,2.2691,15.3471,0.1297,3.6366,5.7458,0.9972,10.3199,71.686,16.73,0.44,7.7062,0.167,54.4417,4.1613,0.6138,0.1281,0.0312,13.2644,4.98,0.0877,2.0902,0.0382,1.8844,15.4662,532.3427,2.0841,8.18,0.2392,2.8189,0.0663,1.5366,11.4779,0.0164,3.3082,0.0498,0.0388,160.5042
-1.0,3014.42,2212.3,0.9816,92.37,1.4159,-0.0068,-0.0073,202.1607,8.2841,416.767,0.9743,192.6844,12.7051,1.3701,-3432.25,-91.0,1.3598,1.9865,7.443,70.8778,2.4222,0.2033,85.9331,8.8215,64.054,66.3826,86.4386,81.31,3.136,366.0436,142.9491,753.8075,1.268,141.2573,650.25,172.5082,4.619,4.877,2878.0,0.9201,-1.2955,364.79,10.4353,121.6536,12.7055,21.2955,25.4943,728.3133,151.1009,637.5445,171.74984999999998,-0.0236,-0.0493,0.0071,-0.0183,-0.0174,-0.056650000000000006,0.0157,7.7178,0.1337,0.9897,1867.9058,0.1774,8635.06,0.1644,0.0911,-0.0824,0.0036,0.4217006157501573,0.9537,747.6076,0.9867000000000001,57.0184,0.6131,0.9778,6.5175,15.88,4.185,15.85,15.84,1.338,0.6772,3.045,-0.615,0.7202,2.2674,1010.0437,114.0,151.9,168.4,55.8999,679.767,0.0893,0.1333,0.065,0.0561,0.0142,7.4999,3.975,10.499,0.0093,0.35,0.0339,702.0,1135.0,0.184,0.073,0.23,3.2,0.363,0.4924,0.1267,0.597,0.3767,0.7452,0.803,0.1867,4.68,16.24,35.313,1.164,20.89,15.52,27.713,69.413,0.1146,0.0484,0.0427,0.0687,0.0808,0.0789,0.0282,0.0946,3.5355,0.033,0.0017,136.9412,0.0254,571.2002,0.0123,0.0133,0.041584595669486996,0.0047,60.98,4.6276,0.0318,0.3991,0.0226,3.4433,29.7789,53.7365,60.8284,0.031,2.6469,0.0433,1.318,0.0702,0.0132,289.2304,154.3362,439.5592,495.5798,0.0767,0.0301,0.0969,0.951,0.0356,0.1239,0.1881,0.0479,0.1161,8.243,0.2889,4.8696,0.0578,1.6632,4.5435,12.0363,0.32,4.4914,5.6579,7.9206,20.2355,0.0322,0.0232,0.0197,0.031,0.024,0.0402,0.0117,0.049,1.0897,0.0116,0.0006,44.7464,0.0077,192.5932,0.014012533933435677,0.0017,20.3193,1.4122,0.0106,0.1164,0.0077,7.0615,1.1092,5.182,5.0391,6.8945,2.5268,37.6064,9.0973,9.4148,47.9835,2.5192,0.9553,2.7548,2.4773,30.0677,0.0,13.5319,3.6748,3.0902,4.5148,24.7706,59.0164,11.0443,0.573,1.4361,0.932,0.1611,5.7589,9.4649,2.525,14.727,3.3131,2.4975,20.4703,2.066,11.1545,5.1293,164.4174,3.8051,19.2807,32.4077,485.7219,184.2055,764.9995,441.8319,454.755,39.3305,604.4728,45.8092,2.2444,1.3708,0.1756,7.3313,14.2892,352.3179,54.8223,383.6735,12.390786721868903,0.496,8.1567,0.25379999999999997,8.116,6.1241,0.9972,10.3199,73.254,14.53,1.33,6.7381,0.5058,27.0176,3.6251,1.8156,0.1235,0.0318,12.9565,3.93,0.1129,1.6848,0.043,1.5684,13.1858,531.1754,2.0396,8.09,0.2678,2.645,0.0775,1.523,13.1304,0.0124,2.4934,0.0498,0.0388,160.5042
-1.0,2997.84,2223.0444,1.2016,112.5811,1.4931,-0.0106,0.0015,203.4768,8.3756,412.8557,0.9761,193.984,12.5039,1.3742,-2663.75,-1313.5,1.314,2.0088,7.1685,72.8444,2.0444,0.1758,84.078,8.9605,64.1054,66.0683,86.4061,79.09,2.799,365.8682,130.3836,736.6305,0.985,138.3373,634.5891,69.3567,4.61,4.845,2880.0,0.9236,3.8109,363.8227,10.7051,114.1945,9.3073,16.1891,20.0076,716.6228,147.2645,625.2818,81.9605,-0.0103,-0.0217,0.0205,-0.0062,-0.0121,-0.0091,0.01,6.798,0.1319,0.9865,1768.1151,0.1749,8051.8799,0.0346,-0.026,0.0593,-0.0393,0.4582490279995004,0.9431,697.2415,0.9889,61.0652,0.5998,0.9634,6.3954,15.88,4.185,15.85,15.84,1.338,0.6772,3.045,-0.615,0.7202,2.2674,1010.0437,200.0,64.1,111.8,72.8999,323.062,0.3443,0.164,0.0583,0.091,0.0118,6.0626,4.251,8.354,0.0077,0.26,0.0742,582.0,17919.5,0.14,0.14,0.271,4.1,0.954,0.7797,0.0866,0.5089,0.3349,0.7614,0.666,0.1049,7.52,15.25,16.336,0.427,13.73,6.47,17.284,30.125,0.0448,0.0709,0.0221,0.0568,0.0589,0.0866,0.0804,0.057,3.0289,0.0721,0.0024,109.7498,0.015,1188.8999,0.0137,0.0338,0.031218163355360318,0.0291,126.3877,4.1995,0.0229,0.3841,0.0226,3.4433,35.5939,19.8466,37.8701,0.0979,0.6693,0.0512,1.1376,0.0657,0.0274,237.6052,225.2249,5823.189049999999,8205.2401,0.0659,0.0597,0.121,1.4072,0.0579,0.261,0.318,0.0392,0.0537,6.8522,0.2019,4.3598,0.0333,2.2982,3.8673,6.0103,0.1294,1.9549,2.2442,4.847,9.6821,0.0146,0.0373,0.0106,0.0256,0.0179,0.0435,0.0394,0.0299,1.0189,0.0259,0.0008,33.6769,0.005,391.9281,0.009997183738817653,0.009,39.5288,1.1659,0.0079,0.1337,0.0077,7.0615,1.1092,9.053150000000002,2.1382,4.5635,3.2793,27.0436,28.6564,10.9837,50.7544,2.0235,0.7915,2.0794,5.3965,298.58439999999996,0.0,10.6545,6.9695,3.7804,5.6284,83.1522,121.1757,29.5783,0.9274,0.9664,0.7938,0.4081,5.409,12.1794,2.437,10.6454,5.436,2.4031,23.5536,9.842500000000001,3.9888,9.9655,147.519,2.4119,6.7947,36.7555,434.6877,195.5862,277.4115,949.0433,715.7025,878.6885,567.1642,44.5561,2.0477,2.9756,0.2461,6.2072,8.5945,809.5808,69.7789,0.0,7.737551891958767,3.0872,18.1268,0.2358,6.8771,6.0064,0.9972,10.3199,75.422,20.4,1.0,8.7735,0.4168,40.2309,5.1065,1.3259,0.1281,0.0312,13.2644,4.98,0.0877,2.0902,0.0382,1.8844,15.4662,539.0691,1.3721000000000003,15.390000000000002,0.6164999999999999,5.3345,0.18730000000000002,2.8874999999999993,28.50255,0.0122,2.4447,0.0097,0.0098,101.2092
-1.0,2873.83,2223.0444,1.2016,112.5811,1.5267,-0.0067,-0.0034,202.9662,8.3567,407.1025,0.9681,193.5001,12.5439,1.3863,-6005.0,-2192.3333,1.3037,1.989,7.2527,67.9778,2.5,0.1931,85.5439,8.6556,64.2946,66.3872,86.3125,81.73,2.54,350.1027,140.2382,730.6628,1.0114,135.7036,626.0445,68.6915,4.605,4.823,2835.0,0.9323,2.0509,349.6718,10.2682,122.2891,6.7595,17.9491,21.0498,709.613,148.2345,620.1955,71.9551,-0.02,-0.0369,0.0231,-0.0285,0.0023,-0.022,-0.0491,7.858,0.1325,0.9818,1954.417,0.1706,9478.1301,0.1126,-0.0605,0.0615,0.1213,0.4526963816806946,0.9419,849.5395,0.9892,60.2727,0.6049,0.9646,6.293,15.88,4.185,15.85,15.84,1.338,0.6772,3.045,-0.615,0.7202,2.2674,1010.0437,102.0,48.0,34.2,72.8999,323.062,0.3443,0.187,0.0675,0.0446,0.0207,6.2015,4.798,22.317,0.0139,0.35,0.0455,862.0,4551.0,0.201,0.049,0.346,2.8,0.381,0.5272,0.1304,0.6457,0.2537,0.7604,0.666,0.0859,8.41,15.67,27.86,0.773,8.0,4.39,27.331,27.621,0.0809,0.074,0.0365,0.0262,0.0583,0.0679,0.0653,0.0391,2.5764,0.0431,0.003,137.1191,0.0301,1436.0,0.0241,0.018,0.05589118623246003,0.0153,164.0502,2.424,0.0176,0.363,0.0226,3.4433,24.852,17.9687,11.182,0.0979,0.6693,0.0596,1.5286,0.0901,0.0158,406.9532,202.853,4775.1413,2277.0714,0.0881,0.0238,0.1414,0.8243,0.0421,0.1208,0.2052,0.0549,0.0814,6.612,0.2425,7.6645,0.0327,2.9718,5.0937,9.4047,0.2134,1.3615,1.6693,8.797,7.2703,0.026,0.0307,0.0161,0.0112,0.0163,0.0331,0.0363,0.0186,1.0323,0.0146,0.0011,52.8727,0.0099,411.4565,0.012724160262102262,0.0048,47.1119,0.753,0.008,0.1227,0.0077,7.0615,1.1092,4.7205,1.6702,1.3464,3.2793,27.0436,28.6564,12.2488,57.4148,5.4819,1.4331,2.7902,3.2835,161.4321,207.587,15.4171,2.4635,4.7706,4.119,60.0,65.2474,11.2437,0.6163,1.507,1.0043,0.2445,6.5409,3.9433,3.3642,8.4944,6.1973,2.503,40.5582,5.42,7.5281,6.2475,118.3515,3.8515,7.1756,38.3864,404.1211,231.6119,113.1749,204.9209,0.0,297.1559,79.5929,32.787,4.941799999999999,1.8197,0.3061,7.0159,17.6433,0.0,60.6593,443.0769,12.53661658007359,1.6258,19.3105,0.1324,4.0218,5.7683,0.9972,10.3199,71.31,21.77,1.1,9.1999,0.4518,21.0637,5.3644,1.5426,0.0699,0.0177,7.3755,4.98,0.0877,2.0902,0.0382,1.8844,15.4662,532.1073,1.8126,7.83,0.2619,2.6162,0.0751,1.4715,14.448,0.0107,2.1301,0.0097,0.0098,101.2092
-1.0,3001.74,2207.9555,1.8467,95.4022,1.3997,0.0008,0.0043,199.5133,12.2262,425.2795,0.9782,189.6842,12.6012,1.3943,-3781.5,-449.3333,1.2397,1.9805,7.27,76.9333,2.0,0.1461,85.4772,8.324,64.4464,66.0411,86.8486,81.77,2.94,366.5109,130.2118,739.2353,1.4102,144.0809,640.8036,182.5523,4.623,4.883,2877.0,0.9225,0.6327,364.8491,10.7967,110.8445,17.6763,19.3673,26.2879,712.9474,147.4336,623.1273,100.0184,-0.0038,-0.0294,0.0135,-0.0092,0.0184,-0.0116,0.0266,7.5157,0.1464,0.9879,1648.0234999999998,0.1596,9053.7301,-0.1779,0.0288,0.12,-0.1981,0.45819296303669443,0.9339,780.6734,0.989,58.2571,0.6102,0.9673,6.353,15.79,4.162,15.84,15.86,1.229,0.6652,3.004,0.0,0.7612,2.2737,1003.84,120.0,118.0,61.1,50.5,523.7209,0.1734,0.2004,0.0856,0.049,0.0099,11.4701,10.735,4.593,0.007,0.43,0.0692,655.0,2407.0,0.15,0.125,0.34,2.4,0.561,0.6709,0.0483,0.6247,0.3688,0.6958,0.462,0.128,5.5,9.85,45.865,0.505,10.84,7.29,13.471,52.075,0.0772,0.058,0.0247,0.066,0.0931,0.0709,0.0824,0.0808,3.3074,0.1057,0.0032,194.0514,0.0404,1436.5996,0.0243,0.0305,0.047034115014658345,0.0207,130.9519,2.7475,0.0322,0.4644,0.0397,3.3115,27.2841,39.5238,19.3703,0.0623,1.8065,0.0726,3.3418,0.08,0.0276,274.2631,88.5226,505.9443,1288.7771,0.0725,0.0562,0.1401,0.7533,0.0509,0.185,0.2598,0.0199,0.086,6.9689,0.1563,3.6871,0.0357,1.7189,3.1366,13.0434,0.1324,2.0869,2.5752,4.051,14.1362,0.0207,0.0243,0.0118,0.0304,0.0263,0.0362,0.0446,0.0396,1.109,0.0328,0.0008,57.8998,0.0113,499.9703,0.01593624159084611,0.0068,49.9008,0.7135,0.0117,0.1438,0.0149,9.9513,1.2208,5.2921,3.9311,2.4974,2.2872,40.8061,9.3883,14.317,87.8034,1.08,0.7163,3.4124,4.9593,31.7863,535.6825,12.0992,6.3115,4.6768,3.1196,70.0,105.3992,17.0776,0.7849,0.5806,0.9693,0.2112,5.5223,11.9498,1.9286,9.0743,3.8173,1.5371,25.1243,2.0355,4.6773,9.6712,61.325,1.8895,17.6255,52.0654,0.0,158.1459,488.8889,0.0,384.8033,711.879,303.7594,44.0064,2.3911,4.372,0.319,11.8817,25.3002,0.0,59.0164,825.8065,12.508429477009182,2.213,16.7742,0.1503,4.7162,7.3099,1.7468,8.7517,73.426,15.98,0.73,7.5433,0.2714,93.2799,3.9433,0.9942,0.1173,0.0288,12.2248,7.3,0.1537,2.7833,0.0612,2.8363,20.8476,523.3110000000001,1.866,15.390000000000002,0.6164999999999999,5.3345,0.18730000000000002,2.8874999999999993,28.50255,0.0077,1.5296,0.0097,0.0098,101.2092
-1.0,3057.49,2207.9555,1.8467,95.4022,1.322,0.0145,0.0141,199.4882,11.355,427.4985,0.9636,189.6947,12.3808,1.4188,-2945.0,-1567.5,1.331,1.9457,7.2205,75.8889,2.4333,0.1738,84.5612,9.088,64.8393,66.229,87.3122,82.76,2.136,352.3091,139.9382,736.4165,1.343,143.4518,635.6991,158.4379,4.542,4.798,2867.0,0.9303,1.7036,354.5627,10.3048,121.6418,10.8691,18.2964,24.6959,711.7206,149.7345,625.9391,105.1525,-0.0152,-0.0379,0.0289,-0.0137,0.0147,-0.056650000000000006,0.0433,6.9667,0.131,0.9809,1879.3953,0.2151,8729.2999,0.0879,-0.0353,0.0016,0.0064,0.4419048825621097,0.9501,799.224,0.9893,57.0841,0.6081,0.9799,6.3414,15.79,4.162,15.84,15.86,1.229,0.6652,3.004,0.0,0.7612,2.2737,1003.84,82.0,95.6,93.2,50.5,523.7209,0.1734,0.1019,0.1105,0.0933,0.0266,11.5105,3.86,8.048,0.0189,0.42,0.0231,573.0,5450.0,0.167,0.152,0.097,2.4,0.354,0.4067,0.1452,0.4771,0.2971,0.6994,0.339,0.1304,4.7,18.46,77.391,0.291,14.5,5.31,29.859,55.29,0.1061,0.0663,0.0472,0.1037,0.0907,0.0695,0.0181,0.0636,2.3004,0.0355,0.0024,103.2386,0.1254,1501.2002,0.0175,0.011,0.04189073658258907,0.0169,149.5997,1.7186,0.0292,0.5179,0.0397,3.3115,24.1017,36.6159,32.8634,0.0623,1.8065,0.0355,1.3085,0.1244,0.0074,260.1653,188.0656,5823.189049999999,2603.2904,0.0798,0.0697,0.0435,0.7201,0.035,0.1001,0.2121,0.0519,0.1321,5.3636,0.1111,8.7124,0.0391,1.3401,5.7239,24.2326,0.0863,1.4672,1.6327,9.6704,15.3233,0.0267,0.0277,0.0226,0.0501,0.024,0.0358,0.0091,0.0336,0.7263,0.0136,0.0007,36.8184,0.0374,413.1228,0.015538325896683601,0.0061,44.1717,0.5435,0.0103,0.1766,0.0149,9.9513,1.2208,3.6629,3.1267,3.6061,2.2872,40.8061,9.3883,7.708,33.9938,1.8826,1.9612,3.3923,1.6253,298.58439999999996,347.6874,12.547,7.8119,1.3434,3.1625,49.3151,74.8082,10.0543,0.481,1.5979,0.7358,0.3449,5.1404,6.8316,3.9373,9.7098,3.2764,2.9039,48.8463,5.3798,2.8239,8.6401,133.4059,4.1953,9.4925,52.5808,697.7394,246.0111,359.4454,662.9511,473.5945,26.2509,146.7128,33.0206,2.8998,1.4908,0.2413,5.4932,63.31987047269746,0.0,44.2037,0.0,10.712753474716,1.7827,18.7181,0.069,3.0107,8.167,1.7468,8.7517,73.478,21.25,1.62,9.2077,0.6813,69.5882,5.2367,2.2047,0.1173,0.0288,12.2248,4.98,0.0877,2.0902,0.0382,1.8844,15.4662,531.9873,2.068,10.25,0.2424,3.4925,0.0906,1.9267,11.7201,0.0133,2.649,-0.006,0.0078,129.6218
-1.0,2910.77,2212.3,0.9816,92.37,1.5021,-0.0108,-0.0032,202.2554,8.4422,415.4115,0.9751,192.4926,12.6012,1.4045,-4285.5,-7175.24995,1.2973,2.0055,7.3027,76.3778,1.8222,0.1274,85.4577,8.2061,64.4522,66.0643,86.7514,81.22,3.137,366.2527,131.36,739.8955,1.4005,143.0691,640.6818,193.2536,4.623,4.883,2877.0,0.9225,-1.7818,363.8809,10.7942,109.5782,19.2891,21.7818,28.9752,710.9204,147.9336,621.3927,83.3412,-0.0087,-0.0046,0.0157,-0.0039,-0.0017,-0.0347,0.0297,7.7848,0.1325,0.9865,1812.344,0.1791,9155.75,0.1288,-0.013,-0.0497,0.0126,0.43724719873734674,0.953,794.5631,0.9895,58.5543,0.6087,0.9647,6.3498,15.82,2.84,15.86,15.75,0.946,0.5197,3.423,1.655,0.8137,2.2797,1008.4892,102.0,88.0,65.6,55.8999,679.767,0.0893,0.1703,0.0671,0.0665,0.0098,9.6721,4.196,14.554,0.0097,0.43,0.0224,1400.0,14879.0,0.15,0.21200000000000002,0.498,2.6,0.619,0.4054,0.1451,0.5378,0.2945,0.7292,0.592,0.2292,6.3,12.03,39.345,0.585,15.5,8.34,17.904,46.044,0.1166,0.0479,0.0984,0.0805,0.0878,0.1068,0.076,0.0526,2.6917,0.0441,0.0028,154.3181,0.0316,778.2002,0.0175,0.0161,0.04698836037314569,0.014,87.028,2.5557,0.0513,0.3258,0.1336,2.6311,24.852,27.6465,21.9545,0.031,2.6469,0.0627,1.3744,0.08,0.0081,625.422,321.8581,2017.7989,7467.0048,0.0708,0.09505000000000002,0.2273,0.9985,0.0382,0.2082,0.1762,0.0581,0.1046,7.3056,0.1831,3.6528,0.0591,1.9035,3.5369,11.8361,0.161,2.1528,2.7444,4.9804,12.5586,0.0302,0.0217,0.0437,0.0369,0.0229,0.0583,0.0379,0.0235,1.0416,0.0165,0.0009,48.5394,0.0106,268.9369,0.014882379570759212,0.0045,31.2031,0.8917,0.0169,0.1145,0.0461,5.2708,0.8988,4.7205,3.0233,2.593,2.5268,37.6064,9.0973,11.3373,49.7028,3.5035,0.9923,3.4124,1.592,104.5152,182.7887,11.5629,10.417850000000001,7.544649999999999,3.4041,93.2927,102.7899,18.2578,0.4744,1.7687,0.8344,0.2453,6.2744,11.9138,1.93,16.3624,4.4035,1.8777,20.3593,2.0355,5.4196,7.9487,80.3564,2.5184,14.504,55.2476,0.0,198.7552,511.9237,0.0,0.0,218.705,176.8067,34.5763,4.941799999999999,1.8179,0.2868,8.5148,17.6738,0.0,21.8258,0.0,12.5611778536794,1.4704,10.9529,0.1152,4.3647,5.1302,5.8582,7.062,73.254,14.53,1.33,6.7381,0.5058,27.0176,3.6251,1.8156,0.1235,0.0318,12.9565,9.25,0.1311,3.3677,0.0565,3.6088,18.1671,523.3110000000001,1.866,15.390000000000002,0.6164999999999999,5.3345,0.18730000000000002,2.8874999999999993,28.50255,0.0116,2.3239,-0.006,0.0078,129.6218
-1.0,2985.31,2209.6667,1.6782,89.7222,1.4753,-0.0038,0.009,198.3968,11.4067,423.6798,0.967,188.5466,12.285800000000002,1.4094,-4169.25,-3427.5,1.3203,1.9943,7.2952,74.4444,1.8889,0.1372,84.8754,9.1637,64.7823,66.432,87.3675,81.59,2.925,347.1955,144.0609,733.4349,1.0182,134.6727,625.9291,64.1896,4.604,4.855,2828.0,0.9347,-2.2373,348.2564,10.3081,121.8236,9.3951,22.2373,25.722,707.7129,147.4155,617.4955,67.0895,0.0057,0.0046,0.0071,-0.0138,0.0137,-0.0215,0.0412,6.8881,0.1413,0.9911,1871.6307,0.1615,9277.0299,0.1112,-0.013,-0.0339,-0.0022,0.46986247027961303,0.9526,791.4203,0.9887,60.0188,0.6092,0.9796,6.2526,15.79,4.162,15.84,15.86,1.229,0.6652,3.004,0.0,0.7612,2.2737,1003.84,78.0,196.5,226.2,52.5,502.2059,0.1472,0.1343,0.0631,0.0575,0.024,11.7019,7.649,5.044,0.017,0.4,0.0483,740.0,17919.5,0.117,0.118,0.122,2.1,0.408,0.4972,0.1214,0.5675,0.2964,0.6553,0.534,0.09,10.77,20.04,20.853,0.232,10.28,4.82,25.234,31.651,0.0912,0.0806,0.0814,0.0533,0.1043,0.1085,0.1136,0.042,3.1618,0.0351,0.0009,105.9183,0.0205,448.5996,0.0175,0.013,0.0304911034801425,0.0107,34.2129,2.6967,0.0241,0.4622,0.0397,3.3115,22.7622,66.9778,77.9934,0.0498,1.8389,0.0468,2.6742,0.1207,0.0165,327.9191,197.0455,776.5296,8994.62525,0.0557,0.0536,0.0502,0.7282,0.042,0.1272,0.2145,0.0474,0.0844,6.4999,0.1949,7.8015,0.0258,2.9809,6.2793,7.0686,0.0828,1.4143,1.3028,8.6071,9.5671,0.0259,0.0418,0.0366,0.023,0.0291,0.0512,0.0528,0.0189,1.1783,0.0133,0.0003,32.4352,0.0066,145.892,0.010185049981973502,0.0032,11.5872,0.8675,0.0093,0.1495,0.0149,9.9513,1.2208,3.5955,6.5822,8.7531,2.3759,31.6528,8.7736,9.103,67.0569,1.1905,1.7586,3.2587,3.4255,42.7175,726.5354,8.862,5.917,1.6723,2.8209,105.8824,77.9757,12.3666,0.5858,1.3249,0.876,0.2742,5.7864,4.7411,3.3323,8.8348,7.9972,3.2016,32.4865,5.645,2.2507,5.2207,109.4188,3.5656,13.7103,47.1773,0.0,618.59025,748.0702,757.1688,794.8718,528.9872,101.9417,45.9028,3.1047,1.4825,0.0935,5.6591,12.7039,0.0,33.7011,0.0,8.335925160369579,1.1188,4.323,0.1335,4.493,7.3926,1.7468,8.7517,74.996,15.85,1.21,6.6792,0.4465,54.239,3.8944,1.6134,0.1173,0.0288,12.2248,4.76,0.2477,1.7957,0.1089,1.6885,27.316,531.9873,2.068,10.25,0.2424,3.4925,0.0906,1.9267,11.7201,0.0114,2.2939,-0.006,0.0078,129.6218
-1.0,3020.62,2206.4,1.1853,116.8167,1.3985,-0.0297,0.0005,199.3555,7.4135,407.0664,0.9766,189.5748,12.6012,1.3991,-3546.6667,-112.5,1.307,1.9805,7.2445,69.6667,2.8,0.1974,84.5275,9.1526,63.9818,66.2847,86.1978,81.75,2.114,363.58,142.8664,752.4697,1.3141,144.2627,650.7091,204.9282,4.638,4.893,2871.0,0.9223,-4.9627,363.6745,10.5331,117.9036,18.1427,24.9627,33.0104,719.4594,150.9882,632.5664,98.2503,-0.0298,-0.0393,0.0182,-0.0112,0.0157,-0.0226,0.0085,7.2962,0.1322,0.9883,1698.811,0.183,9625.2601,-0.0989,0.0093,0.0855,-0.0297,0.44172458195944575,0.9294,836.4156,0.9889,58.2179,0.6062,0.98,6.3726,15.82,2.84,15.86,15.75,0.946,0.5197,3.423,1.655,0.8137,2.2797,1008.4892,65.0,200.0,151.7,58.0,241.589,0.1633,0.1181,0.07,0.0615,0.0079,7.9613,4.287,18.859,0.0079,0.43,0.0465,1342.0,1299.0,0.133,0.095,0.498,3.1,0.643,0.3596,0.1622,0.4046,0.2709,0.7271,0.605,0.2468,5.44,13.54,38.23,0.965,20.2,6.97,19.21,84.559,0.0924,0.0522,0.0358,0.0976,0.0873,0.1332,0.0946,0.0464,3.7445,0.0675,0.0026,119.0638,0.0337,1157.5,0.0101,0.0143,0.04794252827421441,0.026,163.4695,2.5527,0.0363,0.4326,0.1336,2.6311,16.0208,67.7596,53.4682,0.0576,1.5568,0.0369,1.5139,0.08,0.0149,606.9393,109.5628,983.316,571.0041,0.0633,0.0406,0.2273,0.9447,0.0782,0.2159,0.1461,0.0639,0.1124,6.999,0.2093,4.4202,0.0683,1.7014,3.6494,15.6257,0.2692,2.2986,3.3017,5.9089,26.0635,0.0255,0.0252,0.0155,0.0423,0.0269,0.0628,0.0448,0.0227,1.2756,0.0242,0.0008,37.8875,0.0115,422.4094,0.014718120329063677,0.0101,52.183,0.6744,0.0096,0.1452,0.0461,5.2708,0.8988,3.0019,6.6212,6.1091,2.6287,24.5881,13.7738,8.4445,57.8273,4.6329,0.8079,3.4124,3.3236,54.6711,0.0,10.176,4.7968,7.544649999999999,4.4498,67.8571,124.592,19.1845,0.4254,1.7719,0.6324,0.0595,5.5559,8.9384,2.2995,18.7832,3.7709,2.0808,18.6553,1.8484,9.1616,5.7929,111.3393,2.6701,23.3461,86.0649,310.1972,81.3718,536.2637,776.0,851.1182,419.5122,544.2815,51.3208,1.2859,2.8924,0.2675,7.0087,18.4051,657.4713,23.0523,0.0,12.571159961102325,2.7932,19.5441,0.1104,4.3847,6.7877,5.8582,7.062,76.398,21.81,1.12,10.3922,0.41,61.3793,5.4327,1.466,0.0868,0.0246,9.3586,9.47,0.068,3.5633,0.0258,3.6469,9.3125,523.3110000000001,1.866,15.390000000000002,0.6164999999999999,5.3345,0.18730000000000002,2.8874999999999993,28.50255,0.0106,2.1168,-0.006,0.0078,129.6218
-1.0,3019.44,2231.0555,0.9751,95.7878,1.4001,-0.0156,0.0048,197.5841,9.8643,424.6367,0.9689,187.7183,12.4363,1.3882,-5076.5,164.0,1.344,1.9875,7.2748,68.4556,2.6667,0.2013,84.5275,9.1526,63.9818,66.2847,86.1978,81.75,2.114,363.58,146.8091,755.4945,0.9853,134.2445,644.6336,74.2129,4.556,4.79,2888.0,0.9168,-2.0327,363.6336,10.3244,124.7764,11.9366,22.0327,25.7305,729.7639,145.5209,633.9309,71.0981,0.0019,-0.0346,0.0591,0.0018,0.0297,-0.031,-0.0184,7.3987,0.1279,0.9896,1780.6663,0.1926,8790.21,-0.217,-0.0326,0.0684,0.0922,0.43195033256351256,0.9456,771.077,0.9867000000000001,56.6758,0.5972,0.9729,6.2596,15.81,3.959,15.83,15.84,1.347,0.6665,3.049,-1.229,0.7189,2.2563,1003.2011,136.0,176.5,131.3,63.3999,645.3679,0.0955,0.1767,0.0838,0.052,0.0203,11.6002,5.385,10.498,0.0151,0.31,0.073,1020.0,646.0,0.076,0.096,0.153,2.5,0.956,0.3596,0.1622,0.4046,0.2709,0.7271,0.971,0.0862,9.96,16.43,31.888,0.75,12.62,10.52,23.388,36.294,0.0887,0.0492,0.0426,0.0361,0.0997,0.0625,0.0831,0.0578,3.7655,0.0696,0.0024,206.0121,0.0924,1075.0996,0.0369,0.0233,0.050278727735126094,0.0282,111.6413,4.4717,0.0461,0.1954,0.0316,5.3743,29.2305,51.923,39.5847,0.0336,2.8248,0.0523,1.5975,0.093,0.0218,443.9012,59.6455,957.8784,286.3762,0.0342,0.0392,0.0679,0.8048,0.0375,0.2965,0.1461,0.0639,0.1124,8.1124,0.3053,4.8461,0.031,3.4352,4.6259,10.2499,0.2145,3.5695,4.0199,7.4016,11.5722,0.0229,0.0204,0.0195,0.0166,0.0293,0.0341,0.0392,0.0271,1.2307,0.0255,0.0007,64.3934,0.0252,305.7692,0.01194769276969302,0.0081,32.3496,1.2623,0.0123,0.0662,0.0101,8.0883,1.6998,6.2173,5.8455,5.2639,2.8417,49.5089,9.7942,12.6203,54.5909,2.4722,1.5604,2.4927,5.26,42.8051,393.9024,5.6548,4.8302,2.1032,3.652,60.0,62.5828,26.4267,0.4254,1.7719,0.6324,0.0595,6.4553,10.4353,2.4365,8.7505,7.4193,2.5487,42.9683,2.3295,7.2644,5.2334,105.7254,3.2049,13.3506,51.0478,0.0,102.8751,61.0829,0.0,210.2607,267.8485,313.7042,50.8945,2.345,2.9447,0.2442,11.5694,47.9559,0.0,33.0312,662.8571,12.568235968103647,2.9798,14.4786,0.25379999999999997,7.89,3.1214,1.401,14.274,73.356,19.47,0.89,9.0934,0.381,61.0435,4.8481,1.2133,0.3284,0.0876,32.6609,11.65,0.105,4.2465,0.0493,4.156,14.9011,532.8227,2.1206,7.93,0.3692,2.7404,0.1041,1.4883,17.4117,0.0185,3.6932,-0.006,0.0078,129.6218
-1.0,3185.63,2209.6667,1.6782,89.7222,1.3601,-0.0077,0.017,194.7158,8.4588,413.0881,0.9783,185.4552,12.5078,1.4091,-4299.0,-341.0,1.258,1.9975,7.2088,76.6556,2.0444,0.1454,84.7662,9.1141,64.8052,66.2459,87.2937,81.56,2.694,351.8345,142.5427,735.0915,1.278,135.7827,630.16,207.7938,4.4879999999999995,4.71,2826.0,0.9091,-1.8709,350.8991,10.1848,120.6718,16.8191,21.8709,32.0785,703.0129,141.77,613.3409,155.8355,0.0183,-0.0501,0.0111,0.0032,0.0313,-0.0161,0.0264,7.6079,0.1413,0.9883,1727.872,0.1871,8580.0998,0.0368,-0.0242,-0.0176,-0.0369,0.4515230816955218,0.9551,731.5928,0.9867000000000001,57.8803,0.5924,0.9653,6.3222,15.8,4.255,15.83,15.85,1.376,0.6492,2.987,0.0473,0.743,2.2705,1004.05,103.0,181.7,135.1,52.5,502.2059,0.1472,0.1708,0.0748,0.0495,0.0095,9.2548,3.498,12.773,0.0071,0.31,0.0315,723.0,2390.0,0.154,0.017,0.237,3.2,0.445,0.6097,0.146,0.5246,0.2712,0.7379,0.587,0.0767,6.22,17.25,68.084,0.781,14.8,3.81,25.032,111.955,0.0818,0.0528,0.0231,0.0478,0.1013,0.1065,0.0961,0.0629,3.9349,0.0335,0.0018,93.7981,0.1254,961.8994,0.0114,0.019,0.05082313237713093,0.0144,84.2188,2.481,0.0238,0.3695,0.0297,4.4788,24.9823,58.0434,40.4596,0.0498,1.8389,0.062,1.0069,0.079,0.0113,379.6195,94.4965,698.3041,1147.8455,0.064,0.0083,0.1053,0.9541,0.0348,0.1386,0.244,0.0572,0.0898,6.3841,0.1804,7.9463,0.0299,1.9779,5.4191,21.0307,0.2185,1.1839,1.9323,8.122,35.8844,0.0226,0.0241,0.0108,0.0262,0.0281,0.0545,0.0488,0.0317,1.4247,0.0109,0.0006,34.956,0.0374,262.7774,0.01556451134205672,0.0042,23.4629,0.7401,0.0074,0.122,0.0108,7.6851,1.4147,4.7256,5.7037,5.6616,2.3759,31.6528,8.7736,12.5577,41.3533,3.0921,0.7292,2.4785,2.2326,38.6369,700.8798,12.2417,0.8511,3.2877,4.1745,34.2391,75.6303,12.9415,0.7193,1.6021,0.8095,0.3792,5.9033,4.8687,3.5022,6.0015,4.5808,2.7374,32.7652,4.0996,7.6683,4.8561,87.9952,3.5607,12.3133,71.8418,447.3001,263.6704,432.5792,0.0,340.5276,596.8944,238.0322,51.7217,2.1231,1.4086,0.1783,5.4285,63.31987047269746,708.6247,23.7624,953.8462,12.44744363785238,1.512,11.5117,0.25379999999999997,4.2864,5.8451,1.3062,11.9141,72.35136603306945,16.835164903392783,1.2160509838140339,7.449412527293984,0.4674938153121553,39.46138827143842,4.175362458682129,1.679372314907696,0.1173,0.0288,12.2248,7.44,0.2193,3.2798,0.0958,2.9351,22.7307,530.5455,1.9626,9.42,0.4069,3.491,0.1255,1.7755,20.7331,0.0198,3.9695,-0.006,0.0078,129.6218
-1.0,3029.94,2206.4,1.1853,116.8167,1.4148,-0.012,0.0022,199.9404,13.5128,423.6629,0.9791,190.0585,12.5492,1.3966,-3733.25,7084.9583,1.2752,1.9875,7.2447,69.0333,1.9667,0.1671,84.4782,9.2064,64.0409,66.2931,86.233,79.12,3.084,366.4245,127.5773,731.7537,0.9937,137.2964,631.2982,68.3813,4.624,4.86,2877.0,0.923,3.7555,364.4418,10.7325,111.3327,10.22,16.2445,21.1934,710.5604,145.3036,621.0782,91.6673,-0.0476,0.013,0.0219,-0.003,0.002,-0.0246,0.0057,6.7039,0.146,0.9745,1880.7076,0.1872,9810.0799,-0.1384,0.0586,0.0518,-0.0252,0.4217006157501573,0.9377,882.192,0.9904,57.5861,0.6129,0.9626,6.4435,15.82,2.84,15.86,15.75,0.946,0.5197,3.423,1.655,0.8137,2.2797,1008.4892,97.0,173.5,93.6,58.0,241.589,0.1633,0.1516,0.0546,0.0764,0.0078,7.9603,12.83,3.318,0.0063,0.8700000000000001,0.0766,405.0,17919.5,0.14,0.054,0.178,2.0,0.887,0.428,0.136,0.7628,0.3033,0.6776,0.86,0.1663,6.71,16.88,31.379,0.883,14.91,8.87,18.645,67.75,0.0973,0.0492,0.0404,0.0781,0.0837,0.1352,0.0863,0.0569,3.3294,0.0902,0.0025,87.0491,0.1232,831.2002,0.0104,0.0165,0.025153094658770137,0.0089,69.687,1.5499,0.0333,0.407,0.1336,2.6311,26.7264,54.3982,32.4878,0.0576,1.5568,0.0546,4.2215,0.1753,0.0241,180.7964,264.5302,494.179,8994.62525,0.0639,0.027,0.0764,0.7053,0.0441,0.2556,0.1657,0.0566,0.0765,7.7094,0.269,3.863,0.0577,2.047,4.7561,12.235,0.2378,2.3759,3.3908,5.3304,21.247,0.027,0.0216,0.0173,0.0321,0.0241,0.0672,0.041,0.029,1.1426,0.0283,0.001,31.4883,0.0339,245.2051,0.008247528290929996,0.0027,20.7227,0.4775,0.0106,0.1233,0.0461,5.2708,0.8988,4.3771,5.7262,3.7181,2.6287,24.5881,13.7738,10.7153,94.9469,0.7832,0.6449,6.94175,5.4819,30.1882,206.7354,10.9782,2.717,2.457,2.8972,81.3559,84.9734,26.8282,0.5066,1.4774,1.1911,0.1854,6.8527,12.7139,2.109,16.7349,4.8872,2.6739,45.8883,3.8057,8.2273,7.0599,145.89,2.624,14.3915,73.9086,204.4386,282.7586,356.2144,0.0,0.0,351.5275,0.0,49.6636,3.8271,3.5396,0.2575,4.6285,63.31987047269746,0.0,44.3497,368.254,5.92004152116682,0.9451,7.8993,0.0775,2.6914,6.3165,5.8582,7.062,73.254,14.53,1.33,6.7381,0.5058,27.0176,3.6251,1.8156,0.0868,0.0246,9.3586,4.98,0.0877,2.0902,0.0382,1.8844,15.4662,530.2591,1.3721000000000003,8.28,0.1233,2.5755,0.0378,1.5615,12.5176,0.0139,2.7947,0.0077,0.0149,193.4633
-1.0,3117.3,2212.3,0.9816,92.37,1.3914,-0.0072,0.0,201.9062,7.6071,411.367,0.9668,192.1845,12.5439,1.4035,-2039.5,-308.25,1.292,2.0032,7.2185,74.0778,2.1778,0.1627,84.3147,9.6515,64.2547,66.1799,86.7475,80.79,2.374,352.1736,144.0855,737.0775,0.9748,134.7555,631.0145,72.4711,4.598,4.799,2854.0,0.932,-4.8609,351.9891,10.3865,119.2245,12.2481,24.8609,29.9044,707.1731,147.5527,618.7664,91.211,-0.023,-0.0383,0.0257,-0.0044,0.0092,-0.0212,-0.0231,7.7719,0.146,0.9883,1698.811,0.1877,9639.37,-0.1042,0.0474,0.0418,-0.0518,0.45931775531197006,0.9235,847.5181,0.9889,61.2474,0.5987,0.9607,6.4832,15.85,4.178,15.9,15.91,1.229,0.6369,2.969,-1.371,0.709,2.2432,1006.7654,106.0,193.7,227.6,55.8999,679.767,0.0893,0.1105,0.0564,0.048,0.0165,8.3908,5.504,14.283,0.0137,0.35,0.0402,2060.5,1373.0,0.185,0.144,0.219,2.6,0.526,0.478,0.1846,0.5533,0.3447,0.8201,0.8,0.1104,10.91,23.24,20.823,0.475,19.75,4.5,28.087,97.843,0.0947,0.0445,0.0326,0.0483,0.0431,0.0636,0.0911,0.0859,3.2915,0.0714,0.0026,119.0638,0.1212,1410.7002,0.015,0.0216,0.056692474253293296,0.0273,148.3294,3.1787,0.0295,0.373,0.0306,3.6262,30.1272,69.0217,80.3388,0.031,2.6469,0.0373,1.8353,0.0901,0.0145,912.5788,254.337,1352.0566,613.9161,0.0844,0.0722,0.09,0.9365,0.0456,0.1744,0.2168,0.068,0.1784,6.914,0.303,8.7352,0.0337,3.6726,6.6836,5.5465,0.1396,1.4827,1.4927,9.0454,25.7778,0.0308,0.0195,0.0137,0.021,0.0128,0.0314,0.0453,0.0403,1.2395,0.0256,0.0008,37.8875,0.0363,410.5107,0.014990595638216624,0.0081,42.8748,0.9413,0.0078,0.1123,0.01,8.5044,1.1612,4.8067,6.2137,9.0043,2.5268,37.6064,9.0973,7.9417,72.3535,3.4721,1.4141,2.7902,2.8622,119.343,445.4177,14.3189,7.1883,3.0339,3.5098,87.2449,76.8443,15.6506,0.5669,1.9126,0.8611,0.2303,6.8943,7.4123,3.8319,11.3281,8.0961,3.683,28.7328,5.6815,4.5733,7.683,161.2492,3.9717,12.4781,107.271,412.2993,85.7005,188.1207,978.156,695.082,428.7059,371.8615,42.3517,3.8271,3.0258,0.2675,7.0087,63.31987047269746,0.0,35.6522,815.6863,13.770851686794757,2.9521,17.5016,0.0997,5.19,5.7536,1.3645,7.4718,73.836,18.94,0.54,8.8535,0.2457,72.3643,4.7117,0.7314,0.1013,0.0257,10.4366,4.98,0.0877,2.0902,0.0382,1.8844,15.4662,531.3091,1.9363,10.85,0.2938,3.609,0.0862,2.0421,15.1731,0.015,3.0124,0.0077,0.0149,193.4633
-1.0,3084.17,2231.0555,0.9751,95.7878,1.5337,-0.0281,0.0075,198.7341,7.4507,403.9663,0.9778,188.6087,12.7051,1.4223,-4026.25,6.0,1.3438,2.0042,7.3057,70.1889,2.4667,0.1968,85.9331,8.8215,64.054,66.3826,86.4386,81.31,3.136,367.4318,142.0191,754.3961,1.2516,143.3245,652.7755,171.4975,4.619,4.877,2878.0,0.9201,-0.1145,364.8991,10.4915,121.9045,12.8237,20.1145,24.1581,730.238,153.1482,639.9518,171.74984999999998,-0.0235,0.0365,0.0078,-0.0166,0.011,0.0163,0.0173,7.7059,0.1364,0.9891,1842.3669,0.167,9139.0,0.0268,0.0577,-0.0354,-0.0265,0.4564,0.935,815.1008,0.9867000000000001,56.959,0.6022,0.9765,6.5203,15.8,4.255,15.83,15.85,1.376,0.6492,2.987,0.0473,0.743,2.2705,1004.05,139.0,164.2,185.7,63.3999,645.3679,0.0955,0.1539,0.1004,0.0494,0.0099,11.5747,4.281,12.23,0.0068,0.35,0.0631,574.0,1182.0,0.172,0.175,0.31,1.7,0.488,0.4924,0.1267,0.597,0.3767,0.7452,0.647,0.2167,6.97,13.38,21.858,0.47,16.51,11.9,24.056,59.933,0.0948,0.029,0.0836,0.0435,0.1011,0.0843,0.0987,0.057,5.6154,0.0329,0.0013,158.1512,0.0402,2006.2002,0.0097,0.0143,0.0219,0.03,199.6336,4.734,0.0199,0.4115,0.0297,4.4788,30.7316,56.7705,58.5366,0.0336,2.8248,0.0492,1.0281,0.0702,0.0249,254.9804,103.4356,772.4974,531.2043,0.0767,0.0857,0.1637,0.5798,0.0367,0.1398,0.1881,0.0479,0.1161,7.1176,0.2174,5.0504,0.0627,1.9972,3.6924,8.2261,0.1517,3.3517,4.3819,7.2776,18.0923,0.0229,0.0124,0.0365,0.0212,0.0261,0.0474,0.0527,0.0268,2.1442,0.0128,0.0005,49.3689,0.0125,570.3696,0.0061,0.0092,57.7681,1.4203,0.0061,0.1339,0.0108,7.6851,1.4147,6.3654,5.324,7.5739,2.8417,49.5089,9.7942,10.0345,57.4575,3.0275,0.6995,2.7548,4.4352,42.7197,0.0,12.8,8.7314,4.2432,2.422,44.5946,59.9661,14.0199,0.573,1.4361,0.932,0.1611,6.0202,9.3509,2.6237,17.3101,4.8631,2.0497,12.7454,2.066,4.4798,4.4543,128.7462,3.2943,13.7067,27.1769,404.049,63.5268,557.6923,608.5779,766.3636,605.5215,329.0043,72.8706,1.9065,1.3684,0.1331,8.5841,24.045,0.0,31.9202,632.2581,4.7893,3.2138,24.4919,0.25379999999999997,8.3113,6.3116,1.3062,11.9141,74.06,13.78,1.66,7.0785,0.6261,88.0477,3.5142,2.2414,0.1173,0.0288,12.2248,10.79,0.2618,4.1907,0.1013,4.2717,33.3468,531.1754,2.0396,8.09,0.2678,2.645,0.0775,1.523,13.1304,0.0123,2.4887,0.0077,0.0149,193.4633
-1.0,3005.9,2231.0555,0.9751,95.7878,1.5664,-0.035,0.017,198.9829,10.3404,424.4315,0.9668,189.174,12.285800000000002,1.4144,-3477.5,3994.0,1.3598,1.9863,7.3695,69.9556,1.9556,0.1354,84.6927,8.8973,64.1619,66.3435,86.4023,80.92,3.093,347.9355,145.4436,734.204,1.2717,136.1218,629.5009,171.4091,4.572,4.807,2828.0,0.9325,-3.9255,349.5927,9.9535,121.5182,16.7264,23.9255,33.7369,700.4671,141.6636,612.7745,164.9788,0.0172,0.0276,0.0415,0.0057,0.0417,-0.012,0.0304,7.8929,0.1351,0.9883,1747.1456,0.1619,9304.9102,0.0691,-0.04,-0.0743,-0.0223,0.4564540043901746,0.9443,807.1078,0.989,59.9415,0.6073,0.9669,6.3234,15.79,4.162,15.84,15.86,1.229,0.6652,3.004,0.0,0.7612,2.2737,1003.84,116.0,88.1,77.0,63.3999,645.3679,0.0955,0.1583,0.0813,0.0449,0.0239,11.4659,6.44,8.287,0.0166,0.4,0.0344,814.0,9612.0,0.095,0.129,0.388,2.7,0.758,0.5756,0.0521,0.6154,0.368,0.8014,0.66,0.1534,6.67,23.09,45.029,0.997,14.48,11.97,28.385,93.83,0.0783,0.0545,0.0477,0.065,0.0844,0.0806,0.15199999999999997,0.0481,3.4849,0.0351,0.0018,102.3353,0.0295,895.5996,0.0187,0.0155,0.0414165002045378,0.0174,110.9443,2.5213,0.0438,0.3088,0.0397,3.3115,28.4598,25.5852,23.2811,0.0336,2.8248,0.0528,2.1581,0.1207,0.0119,377.2329,157.4685,441.8344,6796.7104,0.0413,0.0532,0.1753,0.9435,0.0519,0.2366,0.2162,0.0253,0.055,7.1302,0.2048,10.0369,0.0455,1.9963,6.7567,12.6588,0.3724,3.0567,3.4907,8.679,28.9136,0.0236,0.0241,0.0204,0.0304,0.0254,0.0443,0.0789,0.0199,1.1604,0.0133,0.0006,36.7623,0.0094,302.8002,0.011700999087986818,0.0057,36.5361,0.7475,0.014,0.1028,0.0149,9.9513,1.2208,5.2454,2.9309,3.0379,2.8417,49.5089,9.7942,10.1063,62.2802,1.9525,1.7148,3.2587,2.4335,30.2804,240.661,6.9866,6.4947,5.2649,3.8596,92.0455,131.4192,21.107,0.6796,0.5859,0.9591,0.3639,6.3058,9.5088,4.4281,12.062,4.9,3.668,26.2699,9.2841,10.0166,17.1332,86.5699,4.0523,28.4955,56.874,454.7368,179.4239,156.8154,0.0,193.4013,0.0,158.2237,44.1531,2.516,1.4825,0.183,5.8573,18.2456,0.0,53.5032,818.6047,9.699173252858442,1.8393,13.7459,0.1252,4.2062,4.8838,1.7468,8.7517,72.052,17.61,1.33,7.7175,0.5536,107.0352,4.3008,1.8459,0.3284,0.0876,32.6609,8.34,0.2306,3.1733,0.0887,2.9278,34.7443,532.1382,2.0329,9.02,0.2568,3.0501,0.0828,1.6951,12.6333,0.0102,2.0438,0.0077,0.0149,193.4633
-1.0,3024.48,2207.9555,1.8467,95.4022,1.4288,-0.0063,0.0012,199.2828,10.8438,424.9858,0.968,189.4946,12.2937,1.3974,-3688.25,-7175.24995,1.339,2.0013,7.4792,67.0889,2.1667,0.1661,85.1404,8.627,64.0218,66.2798,86.4671,83.13,2.303,367.2936,144.2382,753.7474,0.9344,130.7155,642.2473,83.3445,4.556,4.79,2888.0,0.9168,-3.54,364.23,10.4942,120.6982,16.8346,23.54,32.7742,720.9732,140.4845,625.4127,145.243,-0.0122,-0.0297,0.0052,0.0014,0.023,0.0087,-0.009,7.7378,0.1378,0.9875,1806.371,0.178,8877.9699,0.1079,-0.0372,-0.0587,0.0509,0.45073441479870513,0.9538,761.637,0.9867000000000001,58.0393,0.5963,0.9658,6.2348,15.79,4.162,15.84,15.86,1.229,0.6652,3.004,0.0,0.7612,2.2737,1003.84,106.0,145.1,106.6,50.5,523.7209,0.1734,0.1572,0.0895,0.0518,0.0229,11.5035,8.167,8.98,0.0163,0.27,0.0462,1150.0,17919.5,0.09,0.095,0.145,1.8,0.43,0.4889,0.26130000000000003,0.6162,0.3387,0.7311,0.622,0.1335,8.0,9.89,15.317,0.739,19.73,10.22,22.752,84.287,0.0879,0.0478,0.0333,0.071,0.0705,0.0993,0.0803,0.0765,3.2228,0.0621,0.0014,120.0112,0.0483,795.9004,0.0124,0.0129,0.05151857319845146,0.0093,75.8443,2.6405,0.0334,0.3207,0.0397,3.3115,27.4915,47.9049,42.2891,0.0623,1.8065,0.0556,2.6044,0.0734,0.0189,534.1719,247.7512,579.5673,8994.62525,0.0394,0.0439,0.0607,0.6864,0.027,0.1256,0.1932,0.0985,0.0718,6.3854,0.2138,5.1882,0.0406,2.7121,2.9603,4.9739,0.2328,3.2055,4.242,7.0318,26.8196,0.027,0.0236,0.0144,0.0292,0.0214,0.049,0.0414,0.0374,1.1437,0.0194,0.0004,39.3534,0.0148,312.014,0.012501928058832181,0.0033,30.4451,0.7371,0.0118,0.1145,0.0149,9.9513,1.2208,4.8334,4.7975,4.1999,2.2872,40.8061,9.3883,11.0023,75.3148,2.113,1.6889,2.1963,3.3068,36.1147,238.077,6.7214,4.747,1.9387,2.683,55.3846,53.5786,12.0037,0.5742,2.9167,0.9625,0.2553,4.751,10.7115,2.5953,14.2854,6.1202,1.5399,18.3779,2.3295,7.042,5.5842,117.1993,3.1557,9.5566,58.0317,723.0848,183.8462,0.0,0.0,432.6797,925.6484,847.6454,41.6498,1.8142,2.574,0.1437,6.6438,27.1427,0.0,51.5254,920.0,12.269690178561738,0.9713,9.9581,0.25379999999999997,4.5495,5.1439,1.7468,8.7517,73.048,21.06,0.66,8.3579,0.2413,60.066,5.1441,0.9035,0.1173,0.0288,12.2248,4.98,0.0877,2.0902,0.0382,1.8844,15.4662,532.8227,2.1206,7.93,0.3692,2.7404,0.1041,1.4883,17.4117,0.0112,2.2287,0.0077,0.0149,193.4633
-1.0,2981.72,2207.9555,1.8467,95.4022,1.4458,-0.0108,0.0128,194.0109,10.95,428.1874,0.9686,184.7611,12.4363,1.3935,-5658.75,-2750.5,1.2922,1.953,7.318,71.0,2.0,0.1573,85.9331,8.8215,64.054,66.3826,86.4386,81.31,3.136,363.5355,148.4018,760.5893,1.2478,140.9427,652.88,185.0856,4.593,4.812,2888.0,0.9166,-5.68,362.57,10.3879,122.7218,21.0745,25.68,37.8425,722.7467,146.5136,631.8055,171.74984999999998,0.0059,0.0234,-0.0401,-0.017,0.0136,-0.0126,-0.0441,7.9244,0.1211,0.9857,1863.5193,0.178,8893.96,0.1376,0.0725,0.0217,-0.0401,0.4217006157501573,0.9464,766.1776,0.9888,57.9296,0.5998,0.9661,6.405,15.8,4.255,15.83,15.85,1.376,0.6492,2.987,0.0473,0.743,2.2705,1004.05,109.0,212.6,173.4,50.5,523.7209,0.1734,0.1644,0.0725,0.0386,0.0226,9.2081,5.593,7.669,0.0146,0.31,0.0895,651.0,5176.0,0.216,0.145,0.19,2.0,0.622,0.4924,0.1267,0.597,0.3767,0.7452,0.489,0.2586,8.27,9.6,68.148,1.318,17.4,8.45,18.757,49.278,0.0942,0.0548,0.0704,0.0209,0.1151,0.1266,0.1212,0.0566,3.7596,0.0878,0.0034,100.627,0.0704,1546.1997,0.0369,0.03420000000000001,0.04600359064971604,0.0165,136.4364,2.3968,0.0206,0.334,0.0297,4.4788,28.3874,67.0634,56.3691,0.0623,1.8065,0.0611,1.5281,0.093,0.0336,269.2364,109.8829,3808.7374,2243.8848,0.0933,0.0638,0.0896,0.7794,0.0422,0.1997,0.1881,0.0479,0.1161,5.896,0.1256,4.4051,0.0746,2.1777,2.5843,18.09,0.3562,2.5123,3.3208,5.6775,15.7744,0.0245,0.024,0.0316,0.0097,0.0282,0.0579,0.0541,0.0245,1.4454,0.029,0.0009,34.8115,0.0259,483.8185,0.014840277326226742,0.005,43.0616,0.7459,0.0072,0.1149,0.0108,7.6851,1.4147,5.0551,7.1301,6.7198,2.2872,40.8061,9.3883,11.3707,51.0776,1.791,1.5108,2.4927,6.4203,153.1964,188.184,16.715,7.4245,2.5963,2.8169,70.0,87.7119,19.085,0.573,1.4361,0.932,0.1611,5.2182,9.2519,2.1503,20.7251,5.8676,1.4704,36.8197,1.9782,12.6878,5.9403,82.564,2.5952,14.2385,24.3421,0.0,198.1917,52.0872,677.8563,927.4725,961.9048,128.4175,47.4432,3.7163,3.6323,0.3426,5.3998,39.5564,0.0,26.4901,482.0513,12.531779107460462,1.7422,17.8074,0.1532,4.1375,5.2146,1.3062,11.9141,73.254,14.53,1.33,6.7381,0.5058,27.0176,3.6251,1.8156,0.1173,0.0288,12.2248,10.54,0.2011,3.9517,0.0817,3.6993,29.6115,531.9873,2.068,10.25,0.2424,3.4925,0.0906,1.9267,11.7201,0.011,2.1794,0.0077,0.0149,193.4633
-1.0,3001.9,2223.0444,1.2016,112.5811,1.4201,-0.0182,0.0055,203.265,10.2173,429.982,0.9765,193.6501,12.5165,1.4312,-1596.5,-704.75,1.2745,1.9842,7.127,73.3667,2.5111,0.1696,83.3424,8.7786,64.2226,66.2251,86.4039,80.45,2.741,347.7727,145.3391,738.7064,0.9699,138.3118,631.4236,73.7388,4.584,4.79,2855.0,0.9323,2.4209,351.4773,10.2065,127.76,4.5836,17.5791,20.979,717.7274,150.2936,629.5309,134.3145,-0.0299,-0.0494,0.0069,0.002,0.0086,-0.021,0.0376,7.4237,0.1329,0.9904,1760.9823,0.17800937648388204,8931.111646486508,-0.1922,0.014,0.0698,-0.0569,0.4408448055407026,0.9496,759.6982,0.9898,57.96,0.5988,0.964,6.3627,15.8,4.255,15.83,15.85,1.376,0.6492,2.987,0.0473,0.743,2.2705,1004.05,102.0,136.9,180.8,72.8999,323.062,0.3443,0.1112,0.0707,0.0441,0.0078,6.3267,4.32,11.179,0.0076,0.3,0.0683,2060.5,2716.0,0.218,0.1,0.235,3.2,0.727,0.6821,0.1359,0.3681,0.1841,0.8099,0.789,0.1264,5.58,21.87,38.82,0.292,10.54,7.95,31.518,135.85,0.0591,0.0407,0.0316,0.0657,0.0524,0.0788,0.0934,0.0551,4.3724,0.0844,0.0011,97.9939,0.059887647143083506,1052.057717067946,0.026,0.02,0.045697628774047316,0.013,84.5413,2.1652,0.0201,0.4725,0.0297,4.4788,27.7739,45.6765,63.8594,0.0979,0.6693,0.0374,1.1868,0.0724,0.0282,912.5788,225.5645,2262.4514,1113.9199,0.107,0.0489,0.1111,1.0654,0.0382,0.2118,0.2556,0.0542,0.084,5.114,0.2159,8.6381,0.0357,1.9877,5.9125,9.8661,0.1112,2.2953,2.7136,10.153,42.3415,0.019,0.0191,0.0135,0.0275,0.0127,0.0426,0.0429,0.0238,1.4869,0.0265,0.0003,37.6454,0.018429969146196448,347.66069691088745,0.017179304772989765,0.0046,28.5837,0.6255,0.0064,0.1668,0.0108,7.6851,1.4147,4.6536,4.5604,7.3332,3.2793,27.0436,28.6564,7.8304,42.2813,2.5999,0.7763,2.3968,4.7751,298.58439999999996,385.3849,17.1047,5.0397,3.2973,4.3617,47.7876,71.363,21.5443,0.8184,1.5476,0.5732,0.3858,5.1557,6.9149,3.8634,13.0349,4.0344,3.4636,52.6453,5.7625,2.8609,6.0348,229.9504,4.3914,14.2953,101.1432,197.4937,103.7604,764.9995,0.0,918.9504,445.8234,146.4452,58.8972,3.3119,3.4613,0.1067,5.5647,31.95822004057059,0.0,25.4882,0.0,12.783643473542789,1.3694,11.1283,0.1174,3.7357,7.4264,1.3062,11.9141,73.254,14.53,1.33,6.7381,0.5058,27.0176,3.6251,1.8156,0.1497,0.0361,14.9541,9.43,0.1931,3.4429,0.0732,3.7438,21.458,523.3110000000001,1.866,15.390000000000002,0.6164999999999999,5.3345,0.18730000000000002,2.8874999999999993,28.50255,0.0085,1.6862,0.0182,0.0077,42.5048
-1.0,3013.32,2231.0555,0.9751,95.7878,1.3717,0.0059,0.0011,197.8315,11.8035,414.0166,0.9807,187.5985,12.5165,1.4313,-3067.25,290.25,1.3253,1.9788,7.2815,75.5778,1.9,0.1204,84.7662,9.1141,64.8052,66.2459,87.2937,81.56,2.694,352.2755,139.48,734.8494,1.2969,145.4136,637.1691,174.3746,4.567,4.797,2860.0,0.9319,1.8109,351.0018,10.3374,121.2909,13.62,18.1891,23.7805,711.0688,151.2564,623.5491,70.9354,-0.0212,0.0775,0.0241,-0.0078,0.0112,0.0136,0.0197,8.033,0.1411,0.9867,1764.1984,0.1999,9252.4802,0.0202,0.0549,0.0225,0.014,0.4617,0.9455,725.414,0.9867000000000001,56.7229,0.6078,0.9801,6.3303,15.82,4.136,15.9,15.86,1.593,0.6599,3.069,0.0,0.6957,2.2718,1002.5096,112.0,199.2,217.7,63.3999,645.3679,0.0955,0.1737,0.0787,0.0475,0.0096,11.493,10.449,4.142,0.0057,0.3,0.0589,1175.0,799.0,0.149,0.101,0.078,2.8,0.361,0.6097,0.146,0.5246,0.2712,0.7379,0.491,0.1533,5.11,17.3,91.463,0.3,17.78,7.91,29.185,11.907,0.1036,0.0545,0.0959,0.0447,0.0917,0.0805,0.0951,0.0743,2.9773,0.0326,0.0029,92.9493,0.0343,715.2002,0.0105,0.0101,0.0351,0.0154,88.5975,4.8732,0.0223,0.4523,0.0496,2.6638,30.9697,71.6868,67.3282,0.0336,2.8248,0.0592,3.1616,0.0724,0.023,483.398,200.8704,424.1999,333.9555,0.0621,0.0425,0.0371,1.0485,0.0374,0.1281,0.244,0.0572,0.0898,4.8013,0.1345,8.6076,0.0489,1.6918,5.3206,29.124,0.088,2.0542,2.0594,9.275,3.822,0.0273,0.025,0.0394,0.0209,0.0272,0.0405,0.0475,0.0359,1.1513,0.013,0.0009,29.6823,0.0099,202.6954,0.0082,0.0055,25.6692,1.4371,0.0075,0.146,0.0171,10.4498,0.8779,5.1519,6.6106,8.5759,2.8417,49.5089,9.7942,12.6627,88.5249,1.0004,0.5854,2.3968,4.1139,31.0376,275.2799,11.2432,5.1042,1.0712,3.7048,73.6842,102.952,10.2347,0.7193,1.6021,0.8095,0.3792,4.6753,7.5065,3.8782,11.8186,3.5141,2.7151,52.452,8.904,2.9021,7.1316,130.5433,4.1044,8.2679,16.7857,489.2562,111.6231,185.8628,0.0,717.1492,697.9817,378.117,37.0633,1.8425,1.3532,0.2905,5.2686,17.1718,442.7397,45.4012,583.0508,7.5941,1.6314,12.2134,0.25379999999999997,8.5913,7.1452,2.1821,7.2222,73.832,21.32,1.46,9.703,0.5479,63.0636,5.3597,1.9775,0.1173,0.0288,12.2248,4.98,0.0877,2.0902,0.0382,1.8844,15.4662,531.6964,2.0737,8.21,0.2985,2.7655,0.1028,1.5441,14.3961,0.0141,2.8294,-0.0006,0.0118,0.0
-1.0,2886.03,2231.0555,0.9751,95.7878,1.4685,0.0057,-0.0007,197.9636,12.1794,422.9974,0.9802,187.7266,12.6082,1.427,-3705.25,2047.6667,1.2817,1.9902,7.3438,74.9556,1.7444,0.1268,84.7951,8.9818,63.9313,66.3426,86.7637,63.93999999999998,5.041,347.9373,142.1055,731.1057,0.9396,134.7145,624.7573,112.6372,4.607,4.833,2838.0,0.9334,1.2109,349.4273,10.2464,123.3164,5.9698,18.7891,19.5172,711.5886,148.9073,621.6509,171.74984999999998,-0.0153,-0.0233,0.0024,-0.0087,0.0001,-0.0079,0.0051,7.9566,0.1347,0.9876,1800.6845,0.1614,9486.4399,0.0217,-0.0335,-0.0284,-0.0219,0.47810369485913207,0.9405,818.1034,0.9894,58.7296,0.6186,0.9672,6.2485,15.82,4.136,15.9,15.86,1.593,0.6599,3.069,0.0,0.6957,2.2718,1002.5096,120.0,205.8,155.1,63.3999,645.3679,0.0955,0.1627,0.0776,0.0461,0.0096,11.5958,10.054,5.465,0.0057,0.53,0.0367,390.0,17919.5,0.092,0.089,0.138,4.4,0.581,0.8648,0.1595,0.5322,0.3596,1.0318,0.521,0.0791,7.46,15.21,24.548,0.202,10.89,5.9,30.503,88.366,0.0967,0.0576,0.0264,0.0584,0.0738,0.0874,0.1025,0.0802,3.3391,0.0883,0.0014,195.0581,0.0151,948.3008,0.01,0.0127,0.03878412818189528,0.0216,116.7117,2.6041,0.06409999999999999,0.2289,0.0496,2.6638,27.2841,60.5432,54.3956,0.0336,2.8248,0.0486,2.8941,0.0939,0.0154,163.1247,344.5587,2319.363,8994.62525,0.0427,0.0388,0.0582,1.338,0.0365,0.1801,0.314,0.0657,0.1146,6.5606,0.1722,7.1103,0.0228,2.0375,5.1241,6.6104,0.0598,1.9732,2.8088,9.5814,26.3844,0.0273,0.0248,0.0113,0.0264,0.0205,0.0467,0.0491,0.0335,1.3138,0.0288,0.0004,60.0674,0.0054,295.3075,0.008580093630055047,0.0062,35.2431,0.9612,0.0204,0.077,0.0171,10.4498,0.8779,5.2921,7.1309,6.2053,2.8417,49.5089,9.7942,11.0791,82.5495,1.292,0.5785,4.2036,2.5704,149.1127,878.8110999999999,7.1777,4.4718,1.8791,5.8701,63.0573,84.3996,17.6316,1.0199,1.7762,0.8325,0.3699,5.6418,6.4178,3.1469,8.423,5.5376,2.4345,21.7939,5.539,1.9714,8.3849,182.4178,4.2866,4.0114,43.5024,633.579,256.0,0.0,844.0315,0.0,0.0,0.0,41.9667,2.3758,3.6693,0.1421,10.8324,9.3269,445.614,16.5589,911.1111,7.878712350866747,2.2968,14.2661,0.0972,4.434,3.6628,2.1821,7.2222,73.388,15.84,1.21,7.1022,0.4596,52.7789,3.8831,1.6488,0.0868,0.0246,9.3586,4.98,0.0877,2.0902,0.0382,1.8844,15.4662,529.6464,2.032,5.81,0.3435,2.0923,0.0925,1.097,16.9045,0.006,1.1975,0.0331,0.0388,141.6245
-1.0,2916.12,2231.0555,0.9751,95.7878,1.4888,-0.0128,-0.0141,203.5542,9.6107,409.2625,0.9771,193.4579,12.4933,1.4021,-3104.75,178.0,1.2472,2.0017,7.209,74.7,1.6889,0.1434,84.3147,9.6515,64.2547,66.1799,86.7475,80.79,2.374,346.7927,145.3527,735.5886,0.9852,131.7991,623.9445,66.1541,4.605,4.823,2835.0,0.9323,-2.5945,350.5964,10.2442,122.7582,6.7378,22.5945,27.401,708.1876,145.9455,619.3,115.7535,-0.0252,-0.0224,0.0073,-0.0036,-0.0032,-0.056650000000000006,-0.0294,7.1194,0.1305,0.9766,1801.537,0.1832,9256.32,-0.0641,-0.0056,0.0349,0.0439,0.4684154344163445,0.9404,829.6125,0.9867000000000001,55.696299999999994,0.6063,0.9647,6.2945,15.82,4.136,15.9,15.86,1.593,0.6599,3.069,0.0,0.6957,2.2718,1002.5096,104.0,90.5,108.9,63.3999,645.3679,0.0955,0.23175000000000004,0.0508,0.0613,0.0139,7.0435,7.284,8.015,0.0081,0.6,0.036,1300.0,1217.0,0.104,0.155,0.302,3.2,0.662,0.478,0.1846,0.5533,0.3447,0.8201,0.721,0.1084,11.57,13.17,22.966,0.221,10.89,4.02,27.377,87.267,0.1387,0.0634,0.0466,0.0205,0.16685000000000003,0.0932,0.045,0.0548,4.4085,0.0694,0.0057,131.267,0.034,1175.3994,0.0205,0.03420000000000001,0.045257511102450854,0.036,133.4351,4.4904,0.0304,0.3439,0.0496,2.6638,25.7124,30.098,32.1986,0.0336,2.8248,0.08085,2.0751,0.109,0.0128,578.3935,94.3486,1205.1695,598.6323,0.0435,0.068,0.1345,1.0583,0.0576,0.1928,0.2168,0.068,0.1784,6.2475,0.2183,7.6387,0.0301,3.2337,5.1572,6.3656,0.0769,1.1502,1.807,8.9129,29.06,0.0376,0.0274,0.0247,0.0087,0.0485,0.0494,0.0209,0.0238,1.4642,0.0237,0.0018,41.7988,0.01,348.8415,0.014390525806276212,0.0117,40.0209,1.2306,0.0092,0.1162,0.0171,10.4498,0.8779,4.7198,3.1034,3.8797,2.8417,49.5089,9.7942,16.1177,75.7903,1.9584,0.8311,4.8026,2.5647,82.6153,683.7079,8.3383,7.7432,4.1892,4.2838,71.0526,133.8497,20.7357,0.5669,1.9126,0.8611,0.2303,6.0209,3.2473,3.2596,11.0074,8.7785,2.1108,34.7159,5.42,2.1573,4.6107,161.6247,3.8658,10.8491,75.3904,550.9434,169.0667,282.7586,0.0,0.0,75.535,186.3946,61.9216,2.1461,2.9295,0.5855,7.2864,18.5793,0.0,44.4444,0.0,12.634137180198978,3.8297,16.084,0.25379999999999997,8.5035,5.463,2.1821,7.2222,73.314,19.49,1.39,9.3155,0.5703,58.3809,4.8418,1.896,0.1173,0.0288,12.2248,4.98,0.0877,2.0902,0.0382,1.8844,15.4662,535.9491,1.9753,9.88,0.3649,3.5115,0.1212,1.8435,18.4727,0.0136,2.7137,0.0331,0.0388,141.6245
-1.0,3103.67,2209.4667,1.4884,95.1156,1.4022,-0.0058,-0.0039,198.5998,11.2707,423.3311,0.9748,188.6226,12.5237,1.4209,-4401.0,-1904.5,1.3305,1.9752,7.3775,67.2,1.7667,0.1399,86.9432,8.8105,64.0283,66.362,86.7128,80.84,3.59,348.5545,151.3573,744.6366,1.2435,132.1173,632.0291,216.4161,4.603,4.841,2823.0,0.9324,-2.91,349.2209,10.0537,128.4473,12.4601,22.91,30.1735,714.4631,143.1318,620.8,100.5655,0.0048,-0.0134,0.0107,-0.0091,0.0048,-0.0237,0.0382,7.2954,0.1424,0.9915,1780.8664,0.162,8896.81,-0.0103,-0.0437,-0.0098,-0.0634,0.45520877864744214,0.9538,748.4901,0.989,58.3356,0.599,0.978,5.9926,15.82,4.136,15.9,15.86,1.593,0.6599,3.069,0.0,0.6957,2.2718,1002.5096,94.0,146.0,117.7,48.9001,674.554,0.2001,0.1201,0.0698,0.0586,0.0142,12.6075,7.822,3.914,0.0109,0.39,0.0354,432.0,17919.5,0.262,0.072,0.171,2.3,0.452,0.4188,0.0759,0.606,0.3265,0.6916,0.792,0.1397,4.16,20.86,36.42,0.575,14.23,13.19,32.227,82.874,0.0878,0.0396,0.0256,0.0665,0.0831,0.1232,0.0803,0.0605,4.6187,0.0442,0.0014,147.1406,0.0288,643.2002,0.0193,0.0141,0.043036119158260944,0.0151,94.3308,4.9187,0.0282,0.2334,0.0496,2.6638,24.9295,54.125,44.6489,0.0619,2.4719,0.0454,2.1562,0.0881,0.0134,217.0705,270.728,1100.296,8994.62525,0.1096,0.0311,0.0702,0.7566,0.032,0.1475,0.1784,0.0292,0.103,7.3243,0.2425,9.1805,0.0344,1.3658,6.5605,12.7249,0.1697,3.6401,3.5405,10.1834,23.3528,0.0244,0.0188,0.0121,0.0276,0.0257,0.0558,0.0401,0.0258,1.4332,0.0143,0.0004,47.5703,0.008,193.5809,0.01058710600442881,0.0043,24.9035,1.3591,0.0096,0.0732,0.0171,10.4498,0.8779,4.2548,4.7041,4.8537,2.2132,43.3409,13.442,8.5653,69.401,0.9246,1.1162,3.1141,2.4927,54.6694,0.0,19.6918,3.6451,2.3179,3.4226,62.2642,64.3368,13.18,0.4817,0.8612,0.9465,0.3005,6.0364,7.664,4.0338,11.2321,3.1487,3.3005,16.8287,6.6534,5.7193,17.5013,114.2047,4.5107,17.5542,82.408,0.0,272.1649,620.0466,917.5983,0.0,338.8186,158.377,63.3101,1.2643,1.8607,0.1454,8.2623,17.745,569.697,24.5788,714.8936,8.474474375769184,1.5834,12.6028,0.25379999999999997,8.4317,3.9457,2.1821,7.2222,73.254,14.53,1.33,6.7381,0.5058,27.0176,3.6251,1.8156,0.1537,0.0403,16.2835,4.98,0.0877,2.0902,0.0382,1.8844,15.4662,530.0846,1.9812,9.01,0.2753,2.596,0.0898,1.6997,13.8979,0.0143,2.8616,0.0331,0.0388,141.6245
-1.0,3222.84,2207.9555,1.8467,95.4022,1.5111,-0.0106,0.0101,203.0182,12.1227,427.7493,0.9763,193.6734,12.6012,1.4017,-4326.25,-2180.25,1.2953,1.999,7.296,76.3,2.0,0.1511,84.8754,9.1637,64.7823,66.432,87.3675,81.59,2.925,364.6991,141.5373,751.0079,1.3435,143.6336,649.87,215.5306,4.638,4.893,2871.0,0.9223,-3.2436,363.0345,10.5591,118.2936,18.2436,23.2436,31.0876,719.9203,150.2982,631.6264,102.6043,-0.0461,0.0135,0.0163,0.0023,0.0148,-0.0184,0.0198,8.0506,0.1174,0.9926,1795.223,0.1667,8632.2199,0.1398,0.0019,0.0116,0.2091,0.4217006157501573,0.9465,739.5716,0.9897,57.5174,0.5968,0.9794,6.3697,15.78,3.882,15.79,15.74,1.366,0.6621,3.072,-0.8042,0.7348,2.2809,1002.7791,110.0,193.2,167.6,50.5,523.7209,0.1734,0.23175000000000004,0.0673,0.05,0.0109,6.2209,6.628,7.505,0.0081,0.43,0.0517,1239.0,4822.0,0.169,0.052,0.145,3.7,0.509,0.4972,0.1214,0.5675,0.2964,0.6553,0.535,0.2879,5.64,13.53,42.966,0.524,12.64,8.28,23.3329,65.864,0.1273,0.0663,0.0477,0.0419,0.1009,0.0938,0.1176,0.0518,4.0752,0.1109,0.0006,70.627,0.0196,840.5996,0.027,0.0159,0.04754163055511376,0.0188,89.0121,2.4414,0.0404,0.4814,0.0404,4.0745,29.0,53.7654,56.2729,0.0623,1.8065,0.08085,2.073,0.08,0.0188,617.4401,312.4819,1861.5926,2224.2312,0.0697,0.0225,0.0772,1.0404,0.0377,0.1866,0.2145,0.0474,0.0844,7.1874,0.2073,4.6372,0.0751,1.8604,3.8179,13.8795,0.1453,2.6236,3.6635,7.0569,23.4749,0.0351,0.0325,0.02,0.0188,0.0267,0.0469,0.0553,0.0236,1.3269,0.035,0.0002,19.6552,0.007,312.1508,0.014654173610865448,0.0075,37.5861,0.691,0.013,0.1589,0.0137,5.8125,1.3882,5.0245,5.9947,6.6825,2.2872,40.8061,9.3883,16.1177,54.6742,1.7545,0.8337,3.4124,3.6869,91.2106,221.1673,13.0477,2.6013,1.9874,4.8493,95.0,90.6618,14.2533,0.5858,1.3249,0.876,0.2742,5.5141,8.9022,2.4017,21.4314,3.9267,2.0819,19.935,1.8484,4.9625,4.9115,69.2844,3.241,9.5981,64.1923,276.2887,356.4516,257.0552,0.0,634.8562,638.2632,262.2785,50.6204,1.2778,4.5051,0.0653,3.9342,11.7679,0.0,30.2267,0.0,12.815917006751084,1.9838,12.0356,0.0674,4.2447,7.5569,1.7726,9.3914,73.57,20.64,0.62,8.9932,0.2397,50.7027,5.0794,0.8427,0.1173,0.0288,12.2248,8.57,0.1257,3.7853,0.0492,3.3208,17.8036,523.3110000000001,1.866,15.390000000000002,0.6164999999999999,5.3345,0.18730000000000002,2.8874999999999993,28.50255,0.0131,2.6343,0.0331,0.0388,141.6245
-1.0,2979.93,2206.9667,1.5512,97.17,1.4441,-0.0129,0.0002,198.4396,12.6161,418.624,0.9724,188.3393,12.4363,1.3839,-3711.5,-7175.24995,1.2303,2.0225,7.2142,72.4222,2.3222,0.1686,84.078,8.9605,64.1054,66.0683,86.4061,79.09,2.799,350.6418,140.1709,731.7874,1.2715,136.5055,627.3182,201.7516,4.4879999999999995,4.71,2826.0,0.9091,-3.6345,349.4055,10.4413,116.5364,14.6255,23.6345,30.6162,701.1712,146.7509,612.6927,110.5898,-0.0134,-0.0183,0.0331,-0.0052,0.0219,-0.0123,0.0281,7.0793,0.1336,0.9911,1807.6803,0.18321203138969488,8582.620368874406,-0.1701,0.0595,0.1201,-0.0769,0.4695950993971969,0.9459,702.1261,0.9886,60.1012,0.603,0.9674,6.2965,15.82,4.136,15.9,15.86,1.593,0.6599,3.069,0.0,0.6957,2.2718,1002.5096,104.0,62.1,78.9,60.8999,581.463,0.1503,0.1439,0.093,0.048,0.023,11.6591,10.412,6.098,0.014,0.31,0.0291,820.0,16651.0,0.17,0.145,0.206,4.8,0.593,0.7797,0.0866,0.5089,0.3349,0.7614,0.623,0.092,5.71,18.13,50.011,0.24,17.23,5.59,26.315,46.636,0.0783,0.0373,0.0418,0.0511,0.0692,0.0843,0.0707,0.0382,2.7993,0.0663,0.0007,76.7384,0.04974242252697941,708.6474514533488,0.0151,0.0152,0.053824837480904414,0.0179,185.5455,3.2982,0.0363,0.2824,0.0496,2.6638,27.9508,20.0975,31.2741,0.0538,2.5759,0.0613,2.652,0.093,0.0112,361.4926,201.6837,467.6191,7759.0745,0.0771,0.06,0.0879,1.7003,0.0338,0.1881,0.318,0.0392,0.0537,5.8711,0.1651,7.1589,0.0322,1.8074,5.7463,18.0609,0.0734,1.5687,1.7552,8.6425,15.7114,0.0237,0.0156,0.0192,0.0229,0.0214,0.0422,0.0383,0.0196,0.8423,0.021,0.0002,27.4277,0.0150348724248099,273.3608881556927,0.016412138236746466,0.0057,62.5544,0.9966,0.0122,0.0997,0.0171,10.4498,0.8779,4.8794,2.0839,3.1238,2.7594,44.2302,9.6915,9.9648,82.5295,1.4567,1.442,2.4927,2.1014,25.9194,214.03,13.8183,7.1693,2.8555,6.6278,81.8182,58.1411,18.4155,0.9274,0.9664,0.7938,0.4081,6.0318,4.0237,3.0365,7.2373,4.183,2.8901,24.7884,4.0255,2.2986,6.0582,117.8083,3.753,17.3473,42.1702,583.2402,113.116,154.2642,0.0,384.9315,573.6308,136.0641,39.542,2.9199,2.8198,0.0699,4.2451,28.590664859488115,832.8767,40.2286,512.5,12.104481212066888,1.8879,26.4262,0.1818,5.4878,4.4849,2.1821,7.2222,73.55123733937876,16.719936487737247,1.2562804328228208,7.6580540741622185,0.48126950729396234,44.94486159140592,4.136614920425421,1.7049583185271868,0.1537,0.0403,16.2835,11.76,0.2664,4.3617,0.1143,4.1429,35.8874,531.9873,2.068,10.25,0.2424,3.4925,0.0906,1.9267,11.7201,0.0182,3.6359,0.0236,0.0098,41.4871
-1.0,2881.1,2209.6667,1.6782,89.7222,1.3663,-0.0091,-0.002,201.8951,11.0992,410.8765,0.965,192.131,12.285800000000002,1.427,-4671.0,-626.25,1.2828,2.0025,7.3718,77.9,1.8444,0.1368,85.4577,8.2061,64.4522,66.0643,86.7514,81.22,3.137,350.4236,139.6764,730.7489,1.2979,137.1582,627.2582,217.7074,4.4879999999999995,4.71,2827.0,0.9091,-3.9927,349.4209,10.4587,115.6836,12.1855,23.9927,31.3727,699.3762,149.9682,615.0727,105.5327,0.0071,-0.0468,0.0121,-0.0112,0.0104,-0.0153,0.0287,7.7479,0.1211,0.987,1813.5467,0.1736,9053.11,0.0835,0.0381,-0.0638,0.0241,0.4527412967633411,0.9551,766.8034,0.9867000000000001,57.9035,0.6017,0.9656,6.3638,15.78,3.882,15.79,15.74,1.366,0.6621,3.072,-0.8042,0.7348,2.2809,1002.7791,109.0,196.2,141.4,52.5,502.2059,0.1472,0.1273,0.065,0.0499,0.0208,6.7495,15.976000000000003,14.4,0.0178,0.4,0.0172,1056.0,17241.0,0.078,0.116,0.325,3.1,0.525,0.4054,0.1451,0.5378,0.2945,0.7292,0.86,0.1559,7.47,17.42,49.969,0.266,18.47,4.84,26.0179,89.86,0.0918,0.0522,0.0136,0.0647,0.11,0.101,0.1118,0.0416,3.2435,0.0364,0.0022,116.5071,0.0522,567.0,0.0197,0.0211,0.03627537813925985,0.0104,54.17,3.2716,0.0361,0.3319,0.0404,4.0745,28.3874,60.7654,50.4875,0.0498,1.8389,0.0358,4.8931,0.1207,0.0068,469.5821,73.2302,1629.4705,8021.1537,0.0369,0.0515,0.139,0.9487,0.0332,0.1781,0.1762,0.0581,0.1046,6.7416,0.2292,7.2035,0.0411,2.3102,5.6781,16.5725,0.0816,1.4216,1.8065,8.1884,24.2771,0.0257,0.0217,0.0061,0.03,0.0299,0.0499,0.0545,0.0202,1.0315,0.012,0.0007,37.4426,0.0153,197.2958,0.010631340906499039,0.0031,17.5126,0.9084,0.0132,0.1085,0.0137,5.8125,1.3882,5.0551,6.8099,5.6718,2.3759,31.6528,8.7736,9.317,144.1187,3.5047,1.8398,3.2587,1.206,75.1873,0.0,6.0807,5.7928,4.4087,3.9795,59.6386,82.6158,15.4695,0.4744,1.7687,0.8344,0.2453,7.157,3.8661,3.199,12.013,5.4463,2.7772,22.9524,4.0268,2.5433,2.5414,151.5739,3.7202,7.9616,85.1489,0.0,247.6868,533.6082,985.4423,968.8249,729.5269,145.0741,41.8627,3.7163,1.5163,0.2239,6.4243,30.0368,0.0,53.584,956.0976,8.962391733025951,1.0929,7.0644,0.1948,5.6501,5.215,1.7726,9.3914,72.244,22.1,1.12,9.2272,0.416,48.8732,5.4563,1.5503,0.1173,0.0288,12.2248,7.86,0.2025,3.4951,0.0764,2.7849,24.6741,530.5455,1.9626,9.42,0.4069,3.491,0.1255,1.7755,20.7331,0.0212,4.2422,0.0236,0.0098,41.4871
-1.0,2945.78,2209.4667,1.4884,95.1156,1.4386,-0.0125,-0.0015,198.2898,7.3558,403.6575,0.9724,188.1341,12.5439,1.4059,-3435.0,-2092.0,1.3288,2.014,7.3785,67.0222,2.0111,0.1803,85.1404,8.627,64.0218,66.2798,86.4671,83.13,2.303,353.9473,143.0273,736.9493,1.0024,134.4545,631.4291,62.9745,4.569,4.8,2858.0,0.9325,-2.3618,354.1727,10.247,120.6655,8.8241,22.3618,28.1426,708.8066,149.1164,623.9545,93.3388,-0.0072,-0.0358,0.0074,-0.0006,0.0004,-0.0165,-0.037,8.0564,0.1388,0.9694,1818.0249,0.1781,8281.2099,0.114,-0.0558,-0.0253,-0.0162,0.46560433207114504,0.947,718.7614,0.99,57.9071,0.598,0.9796,6.3572,15.78,3.882,15.79,15.74,1.366,0.6621,3.072,-0.8042,0.7348,2.2809,1002.7791,101.0,99.1,87.5,48.9001,674.554,0.2001,0.1218,0.0785,0.0775,0.0167,11.5788,2.657,12.403,0.0115,0.35,0.0329,318.0,17919.5,0.107,0.141,0.123,3.3,0.419,0.4889,0.26130000000000003,0.6162,0.3387,0.7311,0.75,0.0532,10.37,22.11,14.637,0.332,11.31,4.16,27.418,71.842,0.0615,0.0777,0.026,0.0441,0.0795,0.1411,0.1042,0.05,6.3733,0.0592,0.0062,120.0598,0.0344,985.2002,0.0225,0.0184,0.02922264972839861,0.0453,98.8135,1.4346,0.0234,0.4043,0.0404,4.0745,26.8042,32.1376,24.4118,0.0619,2.4719,0.0353,0.9734,0.0901,0.0117,135.7998,151.9592,526.3161,8994.62525,0.0492,0.0579,0.051,0.9692,0.0515,0.1529,0.1932,0.0985,0.0718,6.836,0.292,7.6522,0.0168,3.5924,6.7203,4.6771,0.1248,1.4436,1.4373,8.481,19.7533,0.0183,0.0347,0.0123,0.0205,0.0202,0.0681,0.0517,0.0209,2.0455,0.0204,0.002,38.025,0.0121,374.2927,0.01172583262340535,0.0135,37.1543,0.4295,0.0074,0.1356,0.0137,5.8125,1.3882,4.6818,3.3641,3.5606,2.2132,43.3409,13.442,8.4663,36.1211,3.0727,1.1776,2.7902,2.3408,35.1092,0.0,8.0527,7.001,1.667,4.9237,69.6133,84.8429,12.3215,0.5742,2.9167,0.9625,0.2553,5.6251,4.6984,3.4855,5.3052,7.7126,3.5016,23.2428,8.1274,3.24,7.1437,128.1715,3.8682,10.0959,76.969,848.2759,618.59025,595.9459,0.0,0.0,629.6073,135.1351,79.1081,4.5389,2.4602,0.6447,6.6039,19.3343,531.4079,38.8215,413.3333,7.864459258402866,4.7852,13.7477,0.068,2.4774,6.3597,1.7726,9.3914,71.73,13.83,0.71,6.9844,0.2802,92.2688,3.3959,0.9898,0.6576,0.1426,66.4854,4.98,0.0877,2.0902,0.0382,1.8844,15.4662,530.0846,1.9812,9.01,0.2753,2.596,0.0898,1.6997,13.8979,0.0114,2.2795,0.0236,0.0098,41.4871
-1.0,2996.28,2212.3,0.9816,92.37,1.3058,-0.0097,0.0073,203.8864,9.574,410.8258,0.9737,193.8507,12.285800000000002,1.3895,-4428.25,-1800.5,1.3205,1.9983,7.2985,69.1111,2.8222,0.221,84.6724,9.0447,64.0033,66.2788,86.2033,82.4,2.69,366.7945,142.5309,754.4536,1.2239,136.9236,646.2491,167.3315,4.619,4.877,2878.0,0.9201,4.7282,364.8418,10.1973,127.2591,12.2364,15.2718,20.6354,733.8182,141.9118,634.0127,70.0825,-0.0149,-0.0503,0.0535,0.0098,0.002,-0.0492,-0.0275,7.5974,0.1328,0.9883,1838.2964,0.1803,9002.91,0.0314,0.0288,-0.0479,-0.0929,0.4322277447015913,0.9656,772.8372,0.9902,58.0124,0.6041,0.9804,6.1487,15.82,4.136,15.9,15.86,1.593,0.6599,3.069,0.0,0.6957,2.2718,1002.5096,124.0,88.2,73.7,55.8999,679.767,0.0893,0.0599,0.0677,0.073,0.0183,7.0212,6.769,5.562,0.0106,0.8700000000000001,0.0765,1205.0,2196.0,0.237,0.068,0.208,2.5,0.392,0.6379,0.1897,0.5617,0.3331,0.7248,0.694,0.1287,6.2,12.27,63.194,1.039,20.97,12.45,27.623,15.611,0.075,0.0656,0.0669,0.0347,0.0823,0.0679,0.1087,0.054,3.7422,0.0286,0.0018,118.7245,0.0185,819.1006,0.016,0.0139,0.06368466683624244,0.0243,101.321,1.8073,0.0268,0.3888,0.0496,2.6638,30.7246,28.2929,23.1283,0.031,2.6469,0.0198,2.3803,0.2202,0.0232,561.8983,187.9246,1622.1583,1036.6849,0.1022,0.0299,0.0911,0.7149,0.0579,0.1348,0.227,0.0675,0.0956,6.9325,0.2315,5.1124,0.0407,1.9257,3.3957,17.7676,0.3058,3.7759,5.2689,8.3096,4.8189,0.0242,0.0272,0.0356,0.0143,0.0236,0.0359,0.0464,0.0238,1.2546,0.0116,0.0006,37.4934,0.006,294.9074,0.01621690452099968,0.0078,34.0952,0.5738,0.0093,0.13,0.0171,10.4498,0.8779,5.6095,2.9437,2.8548,2.5268,37.6064,9.0973,4.5873,70.7019,1.3539,1.0894,6.94175,5.5033,75.8765,121.9661,17.9477,3.403,2.8499,3.6174,31.8898,82.8054,12.0859,0.7534,2.097,0.8776,0.1469,5.439,9.0787,2.7323,10.5182,4.5281,1.8986,37.7657,2.066,10.189,6.8757,171.3744,3.7643,16.6555,22.2752,502.0921,170.9446,64.8295,840.8685,0.0,221.0473,196.7213,49.2564,2.1839,1.1854,0.182,6.4584,10.2677,507.7626,50.8728,800.0,13.464973613565148,2.5115,13.1103,0.116,3.1153,6.3232,2.1821,7.2222,73.07,16.57,0.77,7.8672,0.302,58.8092,4.1334,1.0538,0.1013,0.0257,10.4366,11.969999999999999,0.336,4.532500000000001,0.1352392452747727,4.4359,38.05341532073962,530.2591,1.3721000000000003,8.28,0.1233,2.5755,0.0378,1.5615,12.5176,0.0161,3.251,0.0236,0.0098,41.4871
-1.0,3062.34,2209.4667,1.4884,95.1156,1.4252,-0.0267,-0.0216,199.9294,9.1992,408.996,0.9638,189.9631,12.3808,1.407,-3755.5,-2300.0,1.2935,2.0092,7.4233,68.4333,2.4778,0.1919,85.1404,8.627,64.0218,66.2798,86.4671,83.13,2.303,353.3918,140.0573,737.705,1.0147,139.2945,632.7436,64.5318,4.582,4.826,2859.0,0.9308,-3.1964,356.6955,10.4917,116.8609,10.6836,23.1964,28.1993,709.5057,149.7309,623.2873,102.4885,-0.0161,-0.0276,0.0142,-0.0024,-0.0069,-0.056650000000000006,0.0336,7.9618,0.1283,0.9807,1846.3642,0.1721,9054.8901,0.0873,-0.0558,-0.0257,0.0717,0.4484859329590677,0.9305,742.1782,0.9901,58.0625,0.603,0.9643,6.3988,15.78,3.882,15.79,15.74,1.366,0.6621,3.072,-0.8042,0.7348,2.2809,1002.7791,82.0,98.2,67.0,48.9001,674.554,0.2001,0.1533,0.0941,0.0468,0.0287,13.1275,6.041,9.361,0.0206,0.42,0.0729,436.0,2252.0,0.075,0.136,0.259,3.5,0.399,0.4889,0.26130000000000003,0.6162,0.3387,0.7311,0.461,0.1044,6.83,19.14,14.056,0.301,13.8,4.19,31.692,74.922,0.0903,0.0346,0.0598,0.0685,0.0672,0.0777,0.0235,0.0446,3.0318,0.0846,0.003,98.4333,0.0275,2322.228871323444,0.0127,0.01,0.0459616338612005,0.0389,138.8171,1.3747,0.0223,0.405,0.0404,4.0745,24.1017,35.1357,27.7451,0.0619,2.4719,0.0515,1.5849,0.1244,0.0276,195.8307,97.3961,574.8771,1592.4045,0.0332,0.0619,0.121,1.1369,0.0377,0.1187,0.1932,0.0985,0.0718,6.2762,0.1411,8.7535,0.0312,2.0467,6.0463,4.4192,0.1071,1.1753,1.279,9.7483,22.2379,0.0291,0.0163,0.0261,0.03,0.0244,0.0402,0.0104,0.022,1.2153,0.0266,0.0009,32.9267,0.0101,750.8291,0.015257129457604216,0.0143,46.2202,0.3997,0.007,0.1384,0.0137,5.8125,1.3882,3.6629,3.2067,2.5824,2.2132,43.3409,13.442,10.7561,65.6689,2.2888,2.1399,3.3923,5.1848,37.2787,97.913,5.7982,6.7687,3.489,5.1145,48.4305,65.1419,11.6278,0.5742,2.9167,0.9625,0.2553,6.0216,6.6116,4.0118,10.2938,4.9033,3.0249,21.7815,5.8342,2.8689,7.479,129.1699,4.4668,9.7491,73.1028,561.5235,78.458,481.5466,0.0,0.0,36.7188,132.6394,38.0802,1.9484,3.5651,0.3062,5.3312,15.9978,489.2966,45.0512,826.6667,13.968410708406418,4.1806,18.704,0.0563,2.3676,6.3295,1.7726,9.3914,73.062,15.65,1.22,7.5641,0.5055,55.3846,3.9472,1.6698,0.1537,0.0403,16.2835,10.54,0.2388,4.0891,0.0998,3.677,32.2135,531.9873,2.068,10.25,0.2424,3.4925,0.0906,1.9267,11.7201,0.0122,2.4301,0.0236,0.0098,41.4871
-1.0,3028.38,2209.6667,1.6782,89.7222,1.4509,0.0015,-0.0004,203.9867,10.7281,420.4184,0.9696,194.1471,12.5718,1.3866,-3815.0,-207.5,1.2677,2.008,7.2915,73.3111,2.5333,0.2002,84.1477,9.7571,64.331,66.003,86.8511,77.1,2.704,347.9336,147.2945,737.3954,0.9684,132.0491,627.2773,64.9167,4.604,4.855,2828.0,0.9347,-1.5036,349.4536,10.0705,125.7909,7.6373,21.5036,25.5747,711.8206,146.16,621.4045,97.9123,-0.0161,-0.0362,0.0248,-0.0079,0.0261,-0.0544,0.0015,7.3756,0.1283,0.951,1785.5514,0.1763,8933.5201,0.0837,-0.0242,0.0457,0.0252,0.465181819851173,0.9491,682.917,0.9889,59.4692,0.5942,0.9745,6.1624,15.78,3.882,15.79,15.74,1.366,0.6621,3.072,-0.8042,0.7348,2.2809,1002.7791,100.0,222.7,119.6,52.5,502.2059,0.1472,0.23175000000000004,0.0793,0.0574,0.0192,7.0871,6.401,6.328,0.0132,0.37,0.0575,385.0,1869.0,0.104,0.097,0.12,5.4,0.678,0.6607,0.1713,0.4792,0.3363,0.8184,0.543,0.0942,7.42,17.94,8.502,0.364,13.31,6.69,30.355,49.241,0.0811,0.0597,0.0644,0.0489,0.0727,0.0804,0.0195,0.0722,7.224,0.0355,0.0088,73.5779,0.0498,1275.8994,0.0204,0.03420000000000001,0.05307730300882141,0.0223,118.7877,2.8171,0.0311,0.1479,0.0404,4.0745,26.332,72.7579,45.911,0.0498,1.8389,0.0748,1.8292,0.0976,0.0159,181.8259,172.8246,464.3512,873.6637,0.0435,0.046,0.0543,1.7003,0.0285,0.2084,0.2608,0.0722,0.0591,4.9589,0.1655,8.0962,0.0315,2.3476,6.3094,2.4455,0.101,1.9827,2.0609,9.6695,14.3055,0.0269,0.0245,0.0274,0.0242,0.0209,0.043,0.0087,0.0329,2.3363,0.0136,0.0034,21.7351,0.0146,413.9023,0.012513224304607174,0.0088,41.8301,0.8623,0.0085,0.0488,0.0137,5.8125,1.3882,4.5384,7.3538,4.7947,2.3759,31.6528,8.7736,16.1177,59.6658,1.5052,1.3582,2.9431,4.149,25.8716,878.8110999999999,8.2035,4.8307,1.6458,7.862050000000002,51.3158,38.9567,21.0952,0.7852,1.7556,0.7449,0.2765,3.8341,3.8223,3.5318,9.726,5.6191,2.86,13.0968,5.645,3.6145,4.7142,174.2764,4.2644,10.6213,50.2909,505.0993,92.8099,197.5758,919.5257,308.046,35.8291,0.0,97.9435,1.9484,1.4908,0.928,4.1207,28.2278,0.0,25.5591,923.0769,12.29619065745714,2.3477,17.3942,0.1017,4.7371,2.4005,1.7726,9.3914,72.806,13.34,0.62,6.1559,0.244,70.7278,3.3191,0.8516,0.1203,0.034,12.7229,4.98,0.0877,2.0902,0.0382,1.8844,15.4662,532.1382,2.0329,9.02,0.2568,3.0501,0.0828,1.6951,12.6333,0.0151,3.0281,0.0236,0.0098,41.4871
-1.0,3017.35,2223.0444,1.2016,112.5811,1.4036,-0.0014,0.0015,203.3489,12.3068,428.6881,0.975,193.8418,12.5039,1.3893,-4539.0,180.0,1.3255,2.0252,7.354,74.9778,2.5333,0.1884,84.7662,9.1141,64.8052,66.2459,87.2937,81.56,2.694,366.1818,131.3873,739.9644,1.3618,142.8782,640.4473,192.4539,4.618,4.83,2879.0,0.9237,8.9964,365.4318,10.389,120.3836,10.8237,11.0036,17.4511,722.5133,143.8082,629.6236,102.4368,0.001,-0.0321,0.0116,-0.0048,0.0033,-0.0119,0.0033,8.4063,0.1355,0.9666,1830.0338,0.2047,9064.9199,0.0893,-0.0019,-0.0284,0.033,0.4593,0.9482,707.2203,0.9904,57.5345,0.5793,0.9804,6.2652,15.77,4.058,15.79,15.73,1.201,0.67,3.098,-0.8988,0.6676,2.2729,1000.4489,118.0,109.7,106.2,72.8999,323.062,0.3443,0.0824,0.0617,0.0493,0.0126,6.1521,15.753,10.418,0.0088,0.26,0.0195,887.0,483.0,0.173,0.071,0.263,2.7,0.404,0.6097,0.146,0.5246,0.2712,0.7379,0.586,0.1945,5.13,16.13,47.747,0.729,17.84,8.18,19.491,55.634,0.065,0.0569,0.0282,0.0642,0.1425,0.0783,0.1017,0.0708,3.0398,0.0659,0.013699999999999999,147.9838,0.0318,1362.2998,0.0156,0.0126,0.0203,0.0284,147.6057,2.0689,0.0227,0.3757,0.045,7.1978,26.898,36.3546,29.721,0.0979,0.6693,0.0308,4.2885,0.0657,0.0063,376.0393,95.4236,1000.0467,201.8564,0.0792,0.0302,0.1119,0.9391,0.035,0.1408,0.244,0.0572,0.0898,6.9415,0.1878,4.0856,0.0535,1.6427,4.5336,14.9161,0.215,2.3232,3.1164,5.5875,16.5802,0.0177,0.026,0.0133,0.0309,0.0354,0.0414,0.0508,0.0374,1.026,0.0203,0.0046,45.1809,0.0091,417.2644,0.0067,0.012,45.9514,0.5946,0.0086,0.1213,0.0152,7.7758,2.3114,5.4637,3.6356,4.1159,3.2793,27.0436,28.6564,5.8707,128.0022,2.4302,0.8991,2.0794,1.4036,50.4957,268.3333,13.0517,3.5057,3.5763,3.6011,51.3158,49.3514,11.7857,0.7193,1.6021,0.8095,0.3792,6.1254,10.5642,2.1802,14.2829,3.5905,2.5185,24.8096,9.842500000000001,7.017,8.0991,164.8241,2.6977,12.3893,54.3106,0.0,254.3017,554.6436,0.0,0.0,852.8302,0.0,36.1606,0.9593,2.7011,1.3944999999999999,8.0864,15.5187,0.0,35.4481,0.0,4.4113,2.9955,20.8712,0.1265,3.5959,5.9963,1.98,18.2826,73.254,14.53,1.33,6.7381,0.5058,27.0176,3.6251,1.8156,0.0868,0.0246,9.3586,11.969999999999999,0.1496,4.532500000000001,0.0609,4.638249999999999,20.8583,530.0846,1.9812,9.01,0.2753,2.596,0.0898,1.6997,13.8979,0.0109,2.187,0.0261,0.0063,24.0179
-1.0,3013.79,2206.4,1.1853,116.8167,1.4226,-0.0076,0.0286,199.9776,9.0024,415.7012,0.9727,190.2747,12.5204,1.3817,-2471.3333,302.75,1.2887,1.984,7.2147,70.2222,2.3667,0.1908,84.7391,9.534,64.0518,66.2731,86.2809,77.34,2.305,367.3145,141.3545,751.3258,1.2269,138.0482,646.7173,169.1453,4.619,4.877,2878.0,0.9201,-0.4109,364.2482,10.4792,120.9436,16.2618,20.4109,28.2958,723.03,145.2636,630.4555,119.1349,-0.0303,-0.0491,-0.0259,-0.009,0.0133,-0.0533,-0.0131,7.5796,0.1331,0.9905,1864.2109,0.1759,9498.22,0.0298,0.053,-0.0133,-0.0912,0.4276318095993482,0.964,847.4384,0.9899,57.9211,0.5965,0.9805,6.0612,15.77,4.058,15.79,15.73,1.201,0.67,3.098,-0.8988,0.6676,2.2729,1000.4489,110.0,177.5,148.3,58.0,241.589,0.1633,0.184,0.1058,0.10045,0.0122,7.9313,5.473,6.727,0.0112,0.81,0.0276,523.0,772.0,0.101,0.154,0.212,3.0,0.751,0.4788,0.26130000000000003,0.7058,0.3168,0.7019,0.659,0.194,6.49,10.45,35.49,0.544,18.39,6.75,22.477,85.963,0.065,0.0528,0.0545,0.0966,0.0467,0.128,0.1106,0.1064,4.3118,0.0457,0.0006,136.777,0.0215,570.0,0.0205,0.0148,0.04430409152555473,0.0053,61.4037,2.1057,0.0268,0.4523,0.045,7.1978,28.2376,63.1378,53.0531,0.0576,1.5568,0.0634,1.6112,0.1284,0.009,231.8453,143.8356,2065.4351,345.0424,0.0495,0.0637,0.1083,1.1914,0.055,0.2798,0.1827,0.0985,0.0825,6.1033,0.1957,4.6825,0.0525,1.9952,2.955,12.1429,0.2059,2.3631,3.6555,6.9914,25.4832,0.0183,0.0216,0.0299,0.045,0.0142,0.0583,0.0454,0.0517,1.2699,0.0152,0.0002,48.3367,0.0072,192.5351,0.01302084305610833,0.0015,20.7648,0.6077,0.0076,0.1413,0.0152,7.7758,2.3114,4.9575,5.8896,5.9781,2.6287,24.5881,13.7738,12.9337,60.7951,1.6182,1.1558,6.4694,2.0012,162.1392,254.9959,7.8371,7.7621,2.9384,4.2722,63.3803,84.9156,24.0166,0.565,2.9167,1.1019,0.2328,4.5411,8.27,2.449,15.8144,4.7013,1.6159,20.982,2.066,5.1913,4.7874,113.0869,3.1087,7.7012,72.156,214.3888,161.0984,373.6944,521.06,960.6004,207.4074,813.7667,56.8875,2.8552,1.8939,0.0621,7.337,12.205,0.0,63.0137,631.5789,11.899991637945476,0.5478,7.2458,0.1084,3.6354,7.462,1.98,18.2826,73.062,16.88,1.09,8.1766,0.3889,75.7198,4.158,1.4919,0.1497,0.0361,14.9541,7.37,0.2501,3.003,0.0922,2.7694,31.0015,531.1754,2.0396,8.09,0.2678,2.645,0.0775,1.523,13.1304,0.0148,2.9952,0.0025,0.026,0.0
-1.0,3043.32,2206.4,1.1853,116.8167,1.4454,0.0071,0.0073,203.7539,13.7125,427.6214,0.975,193.9328,12.5039,1.4223,-1363.875,-4445.25,1.3007,1.964,7.3838,67.4778,2.7556,0.2337,83.914,8.7286,64.4394,66.3143,86.3286,80.23,3.005,343.1373,153.82,744.15,1.2196,139.6636,636.6209,204.7717,4.55,4.789,2831.0,0.933,-6.5027,346.2545,10.1453,127.3173,17.3745,26.5027,34.1725,709.9775,145.6745,619.2464,98.0639,-0.0235,-0.0287,0.0205,-0.0106,0.0219,-0.056650000000000006,-0.03,8.2711,0.1339,0.9889,1791.9434,0.172,9064.88,0.1831,-0.027,-0.0077,0.0786,0.44370817767437254,0.9518,783.0812,0.989,60.3325,0.59,0.9608,6.4469,15.77,4.058,15.79,15.73,1.201,0.67,3.098,-0.8988,0.6676,2.2729,1000.4489,104.0,92.3,72.8,58.0,241.589,0.1633,0.1372,0.0676,0.0672,0.0127,7.0538,13.343,8.719,0.009,0.26,0.0754,1099.0,8682.0,0.145,0.165,0.141,3.4,0.387,0.3728,0.1178,0.555,0.4271,0.6667,0.443,0.1087,6.63,21.3,46.531,0.323,21.28,12.97,31.363,72.975,0.0609,0.0612,0.0476,0.0797,0.0528,0.0759,0.0466,0.0385,3.2971,0.0573,0.0014,153.7772,0.0172,984.6006,0.0369,0.0176,0.05234024517843883,0.0105,113.1605,3.7327,0.0344,0.2453,0.045,7.1978,28.3805,27.3455,21.0959,0.0576,1.5568,0.0472,3.3407,0.0657,0.027,464.9165,132.1675,5823.189049999999,4134.4091,0.061,0.0706,0.0587,1.0814,0.0514,0.1352,0.153,0.0517,0.075,5.3559,0.1257,9.4342,0.0315,2.317,6.78,14.0429,0.102,3.3957,4.0095,9.1482,26.9125,0.0176,0.027,0.0226,0.0341,0.0144,0.038,0.0214,0.0193,1.225,0.0195,0.0005,46.9593,0.0067,281.7681,0.009793600925059917,0.0036,32.6423,1.1088,0.0125,0.0745,0.0152,7.7758,2.3114,4.675,3.0329,2.918,2.6287,24.5881,13.7738,9.4923,97.3057,2.039,0.9274,2.0794,5.302,0.0,195.3096,11.1474,8.4012,1.9096,5.0387,43.5484,68.4736,11.7076,0.4443,1.3497,0.8613,0.252,4.59,6.7351,4.1162,8.9115,4.7471,3.3458,22.7234,6.5656,3.1837,15.8973,122.4781,4.4175,23.3953,74.4158,259.0112,136.3029,388.3069,496.3572,346.5753,72.2761,128.4404,39.8633,1.3443,2.3579,0.1459,8.5816,10.0104,0.0,37.422,0.0,11.220072096969492,1.0981,14.4507,0.1459,6.1868,3.8057,1.98,18.2826,71.534,16.91,0.32,7.8733,0.1374,146.2962,4.1367,0.4473,0.1235,0.0318,12.9565,9.49,0.2066,3.5609,0.0758,3.6736,31.0399,531.3091,1.9363,10.85,0.2938,3.609,0.0862,2.0421,15.1731,0.018,3.6139,0.0025,0.026,0.0
-1.0,3093.31,2207.9555,1.8467,95.4022,1.4198,-0.0156,-0.0043,202.1185,7.8171,405.6275,0.9675,192.1225,12.3858,1.3912,-4943.75,-445.3333,1.2835,1.9582,7.241,72.4556,2.0222,0.1587,85.07,8.3845,64.3667,65.9729,86.8972,81.39,2.501,364.08,140.1109,747.2381,1.0137,133.7982,637.9891,61.4768,4.553,4.845,2889.0,0.9173,-3.7673,363.1927,10.6377,116.3436,12.5173,23.7673,28.7957,718.4424,145.9355,625.4718,93.0711,-0.033,-0.0355,-0.0319,-0.0092,0.022,-0.0136,-0.052,7.9184,0.1366,0.9869,1831.2186,0.1822033415532599,8911.593820673199,-0.2281,-0.0335,0.1271,-0.0169,0.42752840826140803,0.9461,757.7294,0.9867000000000001,57.9781,0.599,0.9735,6.0831,15.78,3.882,15.79,15.74,1.366,0.6621,3.072,-0.8042,0.7348,2.2809,1002.7791,73.0,181.3,138.8,50.5,523.7209,0.1734,0.1779,0.081,0.0462,0.0185,7.7112,3.392,10.692,0.0163,0.8700000000000001,0.0839,821.0,9707.0,0.123,0.114,0.318,2.4,0.787,0.5774,0.1081,0.5877,0.2247,0.6512,0.954,0.1889,8.44,14.89,41.852,0.484,18.91,8.5,19.7,67.706,0.1,0.0293,0.0389,0.0195,0.108,0.095,0.0516,0.0843,3.8865,0.0626,0.0015,116.6378,0.05895779275912394,1124.1606927599926,0.0123,0.0196,0.04312893341577165,0.0145,85.2618,2.6906,0.0515,0.229,0.0404,4.0745,21.662,63.7847,46.1674,0.0623,1.8065,0.0692,1.0962,0.2202,0.0275,354.0305,148.5665,1565.5913,5180.5178,0.0522,0.05,0.1489,0.735,0.0562,0.2354,0.2395,0.0423,0.1323,9.080550000000002,0.3683,5.3388,0.0614,2.8161,4.1879,13.3326,0.1369,2.7161,3.2874,5.675,23.3745,0.0293,0.0141,0.0177,0.0088,0.0346,0.0395,0.0277,0.0376,1.3615,0.0209,0.0005,37.6378,0.018437840533937974,334.7234326242624,0.010603520230268238,0.0043,24.6807,0.7221,0.0176,0.0783,0.0137,5.8125,1.3882,3.348,5.861,5.6496,2.2872,40.8061,9.3883,12.53,43.3921,2.6359,1.6801,6.94175,6.0327,71.464,0.0,9.5832,5.8215,4.3917,3.3124,79.1209,119.7479,23.802,0.6787,1.2892,0.913,0.2774,7.4297,12.847,2.7421,18.6399,6.308,2.3339,65.59535,1.963,4.5498,8.8445,151.0712,2.742,9.7357,72.7465,302.6291,155.4377,61.1285,0.0,431.8182,379.4118,162.1934,49.0818,2.1957,2.6475,0.1556,6.3694,30.754902513531373,0.0,24.2152,777.7778,11.024126063074927,1.5341,11.2523,0.25379999999999997,4.6408,3.765,1.7726,9.3914,76.77,21.5,0.77,9.5378,0.3146,91.0759,5.3384,1.003,0.1173,0.0288,12.2248,4.98,0.0877,2.0902,0.0382,1.8844,15.4662,529.8827,1.9602,11.05,0.4564,3.8031,0.1355,2.0854,23.282,0.0126,2.5209,0.0203,0.0134,65.9827
-1.0,2862.69,2206.9667,1.5512,97.17,1.5915,-0.012,0.0085,201.7593,8.8735,411.5415,0.9767,191.9971,12.6012,1.42,-4384.75,-3283.75,1.2672,1.9748,7.3453,74.0111,2.1778,0.1567,84.8754,9.1637,64.7823,66.432,87.3675,81.59,2.925,355.1591,141.7064,736.8655,1.2549,137.5273,634.3927,173.9657,4.567,4.797,2860.0,0.9319,3.3691,351.9391,10.2472,125.0755,12.0182,16.6309,22.863,714.0025,145.36,622.3745,90.8083,0.0037,-0.0203,0.0027,-0.0068,-0.0007,-0.0126,0.0106,8.2389,0.136,0.9631,1897.7952,0.2179,9488.4301,0.1135,0.0167,-0.0488,-0.0379,0.4623,0.9495,733.9364,0.9891,59.4554,0.5869,0.9795,6.1751,15.77,4.058,15.79,15.73,1.201,0.67,3.098,-0.8988,0.6676,2.2729,1000.4489,118.0,98.5,82.7,60.8999,581.463,0.1503,0.1825,0.05,0.0752,0.0066,6.7883,6.946,13.397,0.0065,0.43,0.0343,638.0,3696.0,0.143,0.046,0.135,2.6,0.768,0.4972,0.1214,0.5675,0.2964,0.6553,0.465,0.1297,8.01,19.36,60.324,0.579,16.26,6.63,27.511,73.483,0.0904,0.0525,0.0386,0.0867,0.0812,0.0747,0.1076,0.0437,2.6571,0.0744,0.0124,173.6759,0.1254,1224.7998,0.0124,0.016,0.0274,0.0166,98.6453,2.506,0.04,0.4428,0.045,7.1978,26.898,34.2845,28.2115,0.0538,2.5759,0.0601,2.0916,0.08,0.0126,325.5426,262.6371,740.0749,1518.2418,0.0651,0.0213,0.0611,0.9765,0.0365,0.2658,0.2145,0.0474,0.0844,5.4071,0.1494,8.2521,0.0452,2.2212,5.7855,18.6449,0.1465,1.7557,2.2442,8.8814,25.6127,0.0278,0.0236,0.0169,0.0406,0.0234,0.0382,0.0538,0.0207,0.9112,0.0229,0.0037,53.9758,0.0374,389.7927,0.0073,0.0059,32.392,0.7957,0.0132,0.1423,0.0152,7.7758,2.3114,5.4637,3.4408,3.1885,2.7594,44.2302,9.6915,11.4675,78.2784,3.2553,0.661,3.4124,2.4134,39.1584,112.5542,11.2843,2.3294,1.8379,3.513,45.9184,81.7021,22.9322,0.5858,1.3249,0.876,0.2742,4.8288,7.5579,3.7083,10.3372,5.8243,3.0517,34.6758,8.904,5.6503,6.0683,135.2953,3.8531,11.8163,80.921,0.0,0.0,0.0,0.0,0.0,853.9683,412.2642,32.2514,1.3973,3.0392,1.2868,9.1515,63.31987047269746,0.0,52.1348,0.0,5.9295,1.7443,13.4406,0.1083,4.215,7.1713,1.98,18.2826,73.254,14.53,1.33,6.7381,0.5058,27.0176,3.6251,1.8156,0.1537,0.0403,16.2835,11.6,0.1897,4.532500000000001,0.076,4.4725,26.6292,539.0691,1.3721000000000003,15.390000000000002,0.6164999999999999,5.3345,0.18730000000000002,2.8874999999999993,28.50255,0.0134,2.6868,0.0295,0.0154,52.2049
-1.0,3097.89,2218.7333,1.7047,97.43,1.2877,0.0243,0.0142,199.9399,7.5147,403.1937,0.964,189.7624,12.285800000000002,1.4071,-4508.75,-24.5,1.2877,2.0078,7.2988,76.6556,2.1444,0.1391,83.6845,8.1409,64.6358,66.2133,86.8207,81.65,3.097,347.9273,143.1418,735.9934,1.0231,138.4845,629.5536,62.2257,4.542,4.798,2867.0,0.9303,1.3355,349.4155,10.2997,124.4773,7.6909,18.6645,22.0985,713.8949,147.97,621.8627,76.4146,-0.012,-0.0404,0.0031,0.0058,0.0306,-0.0524,0.0263,7.1359,0.1327,0.951,1785.5514,0.175,8495.6599,0.0279,-0.0019,-0.0238,-0.0101,0.46379987135917256,0.9504,747.9944,0.9897,55.8306,0.5988,0.9799,6.3058,15.78,3.882,15.79,15.74,1.366,0.6621,3.072,-0.8042,0.7348,2.2809,1002.7791,82.0,128.4,115.5,57.8999,455.5211,0.1765,0.0776,0.0673,0.0554,0.0278,12.9422,5.156,11.753,0.0197,0.4,0.0238,1057.0,1593.0,0.219,0.065,0.159,2.4,0.516,0.6413,0.1236,0.7143,0.3889,0.5802,0.319,0.1346,7.91,23.3,23.844,0.323,15.87,6.7,30.915,32.406,0.1053,0.0522,0.0514,0.0938,0.0986,0.0934,0.0296,0.0557,4.1895,0.0321,0.0088,73.5779,0.0318,2052.5,0.0104,0.0142,0.058099012812381334,0.0182,224.2318,1.6911,0.0395,0.431,0.0404,4.0745,24.1017,49.4158,44.9278,0.0554,3.1688,0.0297,1.4171,0.1207,0.0091,454.5975,41.2906,2025.3833,665.9192,0.0932,0.0278,0.0771,0.8443,0.0272,0.1855,0.249,0.0471,0.0497,4.8265,0.1069,8.5285,0.0414,2.3669,6.239,8.8562,0.0951,2.2868,2.8401,9.5129,8.3327,0.0254,0.0227,0.0245,0.0433,0.0278,0.0498,0.0128,0.0237,1.6951,0.0094,0.0034,21.7351,0.0112,636.4754,0.015721905387734783,0.0062,69.8775,0.4679,0.0131,0.1424,0.0137,5.8125,1.3882,3.6629,4.1448,4.4715,2.6096,38.2481,10.3526,6.0261,68.6119,2.915,2.0404,3.2587,1.6943,96.3016,0.0,17.0064,3.2375,2.1785,3.1309,46.6321,62.5399,15.2969,0.7663,1.5185,1.1051,0.2074,4.4118,7.517,3.9828,13.1546,5.7118,3.701,38.3186,5.3798,3.136,6.941,206.3481,4.3305,11.9748,42.4081,879.3319,168.3871,0.0,0.0,305.7283,56.4885,211.9886,58.7106,1.2056,1.3485,0.928,4.1207,18.1932,927.3469,61.3995,0.0,12.812632604992224,1.9176,29.9777,0.0443,3.0289,6.8354,1.7726,9.3914,73.606,20.34,0.91,9.0199,0.3791,73.6528,5.0119,1.2363,0.3284,0.0876,32.6609,5.82,0.091,2.1348,0.0377,2.0499,11.8766,531.9873,2.068,10.25,0.2424,3.4925,0.0906,1.9267,11.7201,0.0186,3.7141,0.0295,0.0154,52.2049
-1.0,2875.39,2216.8333,1.7074,95.9856,1.5369,-0.0287,-0.0216,199.2319,7.5804,404.5785,0.968,189.0278,12.285800000000002,1.3903,-1363.875,20.5,1.3075,1.9977,7.2737,73.6222,2.1444,0.1632,84.5612,9.088,64.8393,66.229,87.3122,82.76,2.136,364.0291,145.7136,754.4013,0.9627,131.9655,641.7082,74.6045,4.556,4.79,2888.0,0.9168,-3.4327,365.9318,10.2537,122.2809,15.9342,23.4327,31.2905,723.1108,139.1418,627.3545,161.6911,-0.0001,-0.0377,0.02,0.002,-0.0044,-0.056650000000000006,0.018,7.9905,0.1327,0.951,1785.5514,0.176,8696.75,0.0238,-0.0084,0.0003,0.11,0.43133122820848757,0.9519,759.8419,0.9896,55.696299999999994,0.5913,0.9677,6.2241,15.77,4.058,15.79,15.73,1.201,0.67,3.098,-0.8988,0.6676,2.2729,1000.4489,117.0,67.8,118.4,46.7,427.623,0.2488,0.23175000000000004,0.0922,0.0589,0.0238,12.4395,1.745,16.35,0.0168,0.4,0.0277,101.0,1020.0,0.074,0.077,0.145,3.9,0.578,0.4067,0.1452,0.4771,0.2971,0.6994,0.898,0.2194,6.81,16.17,38.489,1.314,19.09,13.84,26.445,80.236,0.1221,0.0532,0.059,0.0638,0.0699,0.1252,0.0365,0.0596,3.6628,0.0355,0.0088,73.5779,0.0326,1563.6006,0.0174,0.0116,0.02978063106501877,0.018,170.3899,1.8733,0.0182,0.3904,0.045,7.1978,31.0228,22.4872,43.3704,0.0802,2.34,0.08085,0.6588,0.1207,0.0101,41.5241,108.0382,5823.189049999999,442.6086,0.034,0.0342,0.0656,1.183,0.0211,0.1803,0.2121,0.0519,0.1321,8.5633,0.2927,5.1375,0.0618,2.4891,4.9768,11.4821,0.45265,3.926,4.7919,7.7498,24.6033,0.0316,0.0239,0.0301,0.0301,0.0237,0.0655,0.0154,0.0309,1.2778,0.0136,0.0034,21.7351,0.0097,531.3538,0.010424834403192088,0.0055,60.1793,0.511,0.0061,0.1285,0.0152,7.7758,2.3114,5.2349,2.3579,4.7376,2.1066,29.1178,14.5714,16.1177,23.02,4.0412,1.7307,3.2587,1.9952,0.0,0.0,5.6597,3.8543,1.9935,5.2973,46.6321,39.2103,16.9623,0.481,1.5979,0.7358,0.3449,7.3703,10.651,2.621,22.7926,5.1605,2.5198,51.5907,2.3295,12.8149,5.5528,119.8053,3.6571,23.331,49.623,0.0,160.6038,319.0,0.0,0.0,51.049,332.0334,45.8398,1.2056,1.4908,0.928,4.1207,18.5189,344.9814,27.1326,0.0,10.298362016513408,1.8924,22.4244,0.0537,3.405,6.2723,1.98,18.2826,73.254,14.53,1.33,6.7381,0.5058,27.0176,3.6251,1.8156,0.3284,0.0876,32.6609,6.22,0.1971,2.5938,0.0792,2.2024,24.3513,532.8227,2.1206,7.93,0.3692,2.7404,0.1041,1.4883,17.4117,0.0237,4.7348,0.0295,0.0154,52.2049
-1.0,3060.16,2207.1444,1.5555,97.5678,1.5616,-0.0141,-0.0014,198.3168,9.3787,418.0632,0.9693,188.2777,12.3858,1.3974,-3547.0,259.0,1.0898,1.7875,5.1238,73.1333,1.8111,0.146,84.0623,8.9607,64.1176,66.1488,86.4051,79.43,2.945,366.1236,143.1818,752.1385,0.9725,130.6891,639.9945,69.8482,4.553,4.845,2889.0,0.9173,-3.8691,366.9918,10.3864,119.3127,9.0135,23.8691,29.0537,723.0848,145.9845,632.2891,104.2461,0.0009,-0.0311,-0.0402,0.001,-0.0009,-0.0277,-0.0449,7.9876,0.1388,0.9487999999999999,1805.7892,0.1955,8847.28,-0.2205,-0.0474,0.1373,-0.0133,0.4414595357273976,0.9397,889.5813,0.9895,58.3051,0.5867,0.9757,6.0255,15.78,3.882,15.79,15.74,1.366,0.6621,3.072,-0.8042,0.7348,2.2809,1002.7791,95.0,168.4,132.1,56.8,307.9351,0.2183,0.2088,0.0706,0.0629,0.0175,12.2695,5.948,7.694,0.015,0.8700000000000001,0.0573,141.0,407.0,0.065,0.04,0.407,4.2,0.142,0.6214,0.0961,0.6507,0.4711,0.6833,0.8,0.1425,7.23,15.18,19.5,0.962,12.86,9.49,21.359,77.023,0.1118,0.0601,0.0319,0.025,0.0973,0.0837,0.0658,0.0508,2.3848,0.073,0.013699999999999999,82.9181,0.1137,805.0996,0.0133,0.0237,0.05619209219495466,0.0066,65.6378,4.2152,0.0322,0.2055,0.0404,4.0745,26.1279,59.5947,44.0797,0.0719,2.0827,0.0787,1.8049,0.2202,0.0152,60.4669,26.602,160.7856,175.6037,0.0272,0.0183,0.1884,1.2031,0.0312,0.0412,0.2527,0.0402,0.0485,9.080550000000002,0.3187,5.2426,0.0406,2.8254,3.9462,6.2753,0.2734,3.0089,3.9714,6.5107,23.5506,0.0313,0.0248,0.0148,0.0122,0.0259,0.039,0.0317,0.0235,0.9182,0.0247,0.0046,24.3357,0.0374,283.0988,0.009438738289515539,0.0018,19.5964,1.2682,0.0099,0.0716,0.0137,5.8125,1.3882,4.4242,5.503,5.3575,2.5735,27.7585,14.0361,13.3705,63.4201,1.8404,1.5425,6.94175,4.0984,10.0367,157.1429,5.9647,2.2378,7.544649999999999,5.7429,66.2577,63.0137,3.0223,0.7392,1.0728,1.0149,0.3443,7.0304,11.3492,2.6391,14.6531,5.5322,2.3719,27.9177,1.963,9.2621,7.1074,142.6749,2.9539,20.3511,73.8857,0.0,235.6863,62.1891,0.0,0.0,237.3309,113.2033,29.8565,4.2504,3.0851,1.3944999999999999,4.5918,58.1289,790.0,46.5544,549.0196,11.89894148846349,0.7061,7.0996,0.0996,7.2296,3.4099,1.7726,9.3914,74.516,22.67,1.21,10.4788,0.5042,68.8989,5.5826,1.6238,0.1537,0.0403,16.2835,9.48,0.164,3.3613,0.0727,3.4304,18.3663,532.47,2.1429,9.14,0.1776,3.1224,0.0482,1.7165,8.2886,0.0146,2.9181,0.0295,0.0154,52.2049
-1.0,2975.87,2206.4,1.1853,116.8167,1.3657,0.0273,0.0063,202.8041,12.5764,427.5255,0.9752,193.0095,12.5492,1.4081,-1363.875,-74.0,1.2993,2.0105,7.3072,68.4111,2.7111,0.2328,84.9605,9.0744,64.2376,66.2771,85.9594,80.69,2.308,351.8327,141.4736,734.8715,1.3155,138.2936,631.6,234.3384,4.604,4.84,2836.0,0.9325,4.9336,353.1345,9.8421,126.4073,9.1691,15.0664,24.1408,710.7307,142.8891,622.4309,171.74984999999998,-0.0404,-0.0539,0.0114,-0.0107,0.0188,-0.056650000000000006,-0.0174,7.668,0.1317,0.9885,1787.5122,0.1815,8471.5101,0.0832,0.0493,0.0015,0.0772,0.45757159805071135,0.9536,734.4335,0.9895,58.5351,0.5906,0.9597,6.4806,15.77,4.058,15.79,15.73,1.201,0.67,3.098,-0.8988,0.6676,2.2729,1000.4489,90.0,215.2,226.2,58.0,241.589,0.1633,0.1066,0.0647,0.0425,0.0122,6.8501,9.425,8.412,0.0087,0.8700000000000001,0.0454,601.0,1483.0,0.14,0.048,0.324,2.8,0.684,0.4063,0.1045,0.7631,0.3678,0.8259,0.443,0.1375,6.11,17.94,48.889,0.824,18.23,9.37,31.234,157.171,0.0936,0.0606,0.0483,0.0658,0.0809,0.0862,0.1217,0.0904,2.3501,0.0457,0.0035,93.4705,0.0343,1337.6006,0.015,0.0086,0.04459864850866227,0.0177,134.1241,3.8062,0.0352,0.4082,0.045,7.1978,24.3441,75.0954,75.6954,0.0576,1.5568,0.036,3.2506,0.1753,0.0185,253.5013,130.545,4180.0563,687.922,0.0603,0.0255,0.1381,0.9968,0.0353,0.2336,0.1513,0.0411,0.1665,5.8045,0.1295,7.8794,0.0361,1.795,5.8494,17.4229,0.2859,2.4906,2.4098,9.8324,44.3756,0.0284,0.026,0.0237,0.0311,0.0218,0.0433,0.05,0.0464,0.9295,0.0152,0.001,29.5741,0.0111,377.6337,0.014142719427698873,0.006,37.7211,1.1579,0.0128,0.1324,0.0152,7.7758,2.3114,4.1759,7.2315,8.996,2.6287,24.5881,13.7738,7.8057,74.9422,1.9676,0.8871,6.94175,3.2213,298.58439999999996,0.0,10.7754,2.3875,4.434,4.0929,51.6393,43.389,19.7968,0.4782,1.151,1.1879,0.2185,5.7158,3.9795,3.3875,10.4532,4.4181,2.8404,20.8626,9.842500000000001,8.3722,6.6452,198.8199,4.3946,12.5858,89.726,231.8984,113.8563,578.4615,756.5167,458.5106,204.796,521.0375,30.6485,2.8851,1.8939,0.3561,5.2291,18.8839,255.7621,62.9442,724.5283,11.63655307424222,1.8529,18.2623,0.1096,6.5024,6.299,1.98,18.2826,74.366,19.9,1.27,8.8401,0.5455,55.3922,4.9333,1.7078,0.1235,0.0318,12.9565,4.98,0.0877,2.0902,0.0382,1.8844,15.4662,531.3091,1.9363,10.85,0.2938,3.609,0.0862,2.0421,15.1731,0.0079,1.5853,0.0295,0.0154,52.2049
-1.0,2955.82,2231.0555,0.9751,95.7878,1.3859,-0.0007,-0.0058,202.1568,9.7073,412.933,0.9738,192.3297,12.5492,1.4015,-6375.125,658.75,1.276,1.9795,7.2953,69.8667,2.1333,0.1688,84.4782,9.2064,64.0409,66.2931,86.233,79.12,3.084,366.0427,131.5991,737.3359,0.9609,136.19,633.8318,73.8379,4.624,4.86,2877.0,0.923,1.1891,364.9191,10.6786,112.7882,9.9773,18.8109,23.7265,713.6094,146.1473,623.8545,101.5785,-0.0501,-0.0329,0.0048,-0.0072,0.0047,-0.0187,0.0005,8.8811,0.1309,0.9909,1755.4359,0.1939,8996.8199,-0.1619,0.0009,0.0947,-0.0244,0.44072244385763204,0.9532,781.2122,0.989,59.3973,0.5972,0.9618,6.4442,15.78,3.882,15.79,15.74,1.366,0.6621,3.072,-0.8042,0.7348,2.2809,1002.7791,181.0,135.1,177.1,63.3999,645.3679,0.0955,0.1294,0.0448,0.093,0.0133,6.8171,11.076,10.367,0.0089,0.8700000000000001,0.0768,460.0,16760.0,0.159,0.157,0.281,2.3,0.948,0.428,0.136,0.7628,0.3033,0.6776,0.75,0.106,6.22,12.94,29.351,0.425,14.69,10.36,20.8589,65.381,0.1337,0.0537,0.0391,0.0717,0.1069,0.1156,0.0696,0.0769,2.7816,0.0698,0.0012,98.7373,0.1254,983.2998,0.0118,0.0141,0.04488298656477255,0.007,83.6535,2.5052,0.055,0.3408,0.0404,4.0745,37.9676,38.8309,61.1242,0.0336,2.8248,0.0405,2.98,0.1753,0.0244,208.0615,199.0048,5823.189049999999,7842.1337,0.0713,0.0668,0.1322,0.7632,0.0539,0.2861,0.1657,0.0566,0.0765,6.7082,0.249,4.4719,0.0329,2.3607,3.391,9.434,0.1468,2.7885,3.4479,6.1164,21.7763,0.0446,0.0222,0.0186,0.0317,0.0298,0.0499,0.0362,0.036,0.8048,0.0248,0.0003,34.9963,0.0374,330.9801,0.008175014444731114,0.0027,28.8629,0.8142,0.0152,0.1128,0.0137,5.8125,1.3882,8.1131,4.5706,6.9681,2.8417,49.5089,9.7942,9.3367,114.1,2.5106,0.9148,6.94175,5.4807,177.7661,0.0,12.4608,7.9313,3.8518,3.292,89.0625,109.0191,27.7789,0.5066,1.4774,1.1911,0.1854,5.7589,11.8846,2.2793,11.0314,4.5671,2.0416,39.7506,3.8057,3.9799,7.7845,147.2349,2.923,8.5721,64.365,266.9662,443.8017,0.0,0.0,0.0,372.1925,0.0,31.3208,1.9092,2.9185,0.1241,5.6247,63.31987047269746,0.0,65.9409,0.0,7.850752458232058,0.7308,10.7082,0.11,4.2178,5.2879,1.7726,9.3914,72.866,18.35,0.69,9.269,0.2923,64.2297,4.5895,0.9469,0.1173,0.0288,12.2248,4.98,0.0877,2.0902,0.0382,1.8844,15.4662,530.2591,1.3721000000000003,8.28,0.1233,2.5755,0.0378,1.5615,12.5176,0.0104,2.1007,0.0295,0.0154,52.2049
-1.0,2994.64,2200.2111,1.6485,98.3222,1.5552,-0.0031,0.0046,196.7273,8.9739,421.8615,0.9715,186.705,12.5214,1.4114,-3774.5,243.0,0.67205,1.7109999999999996,3.624,75.2889,1.7667,0.1229,83.8792,8.6024,64.5517,65.9525,86.8309,79.8,2.243,363.6318,140.6818,749.2142,1.3158,140.8409,645.1545,198.216,4.635,4.89,2876.0,0.9161,-2.3109,361.94,10.6478,118.3709,17.2718,22.3109,31.317,717.8972,147.5718,627.8827,98.2701,-0.0215,-0.0277,0.0026,0.0269,0.0061,-0.0178,-0.0166,7.161,0.1388,0.9868,1793.9446,0.1878,9038.5799,0.1113,-0.0112,-0.1009,-0.0447,0.4217006157501573,0.9392,676.2801,0.989,61.0082,0.5955,0.9778,6.293,15.76,3.205,15.8,15.76,0.7474,0.655,3.656,0.6623,0.8307,2.2858,1008.4097,101.0,108.3,71.3,46.5999,229.762,0.1258,0.23175000000000004,0.0529,0.066,0.018,9.5784,3.862,9.304,0.0137,0.2,0.025,360.0,306.0,0.201,0.21200000000000002,0.297,3.0,0.067,0.447,0.1694,0.5823,0.2034,0.7299,0.782,0.2372,5.3,16.78,73.127,0.656,14.25,8.13,22.574,61.829,0.0448,0.0523,0.0216,0.0709,0.044,0.1246,0.1154,0.1187,2.0525,0.0592,0.0015,65.0974,0.1254,750.3008,0.0091,0.016,0.04432234111674094,0.0236,91.1909,2.8641,0.0483,0.3737,0.1235,1.8599,26.8042,31.1647,23.6005,0.0447,2.5857,0.08085,1.3285,0.058,0.0084,151.1655,36.8544,207.1883,126.7754,0.0911,0.09505000000000002,0.1428,0.8866,0.0245,0.0247,0.1774,0.069,0.0796,7.4485,0.2102,4.3111,0.0591,1.7519,4.1933,21.4604,0.1645,2.2195,4.5266,5.992,17.7896,0.0112,0.0224,0.01,0.0348,0.0151,0.0591,0.0567,0.0659,0.7637,0.0204,0.0004,21.616,0.0374,252.9427,0.01186860977845948,0.0076,31.4769,0.8528,0.0154,0.121,0.0433,6.6306,0.5734,4.6818,3.6165,2.8696,2.118,21.9174,7.6342,16.1177,43.0359,2.2055,1.4108,1.5973,1.7699,13.4322,125.9259,23.078450000000004,10.417850000000001,7.544649999999999,3.9847,39.6226,63.472,3.0746,0.5329,1.969,0.9021,0.1166,7.0236,11.3874,2.2772,18.0268,3.7631,2.6009,36.8926,2.1348,6.1609,8.2791,82.5046,3.1445,19.4493,62.9174,208.8578,0.0,0.0,163.4928,0.0,647.4053,716.1388,28.6623,4.5389,2.4602,0.1501,3.6287,63.31987047269746,0.0,55.5891,0.0,11.838899459294137,2.518,13.4842,0.1256,4.6947,5.9388,5.4041,4.963,71.478,14.73,1.6,7.5601,0.6678,82.795,3.5938,2.2384,0.2903,0.0602,28.0255,11.969999999999999,0.1472,4.532500000000001,0.055,4.4284,22.1622,531.7464,2.2909,9.1299,0.2908,3.1198,0.0849,1.717,12.6938,0.026000000000000006,5.21645,0.0295,0.0154,52.2049
-1.0,3053.36,2192.1889,2.387,107.3989,1.4487,0.0014,-0.0063,197.4772,9.8525,416.5609,0.9681,187.4552,12.3808,1.4243,-3674.0,3865.0,1.3295,1.9763,7.3295,76.6,2.0889,0.1434,85.4577,8.2061,64.4522,66.0643,86.7514,81.22,3.137,355.6891,140.9409,738.8632,0.9883,137.5573,634.1873,65.5142,4.582,4.826,2859.0,0.9308,-3.0645,356.6582,10.4306,117.8764,12.2463,23.0645,28.3907,710.4725,148.83,623.3645,102.287,-0.018,-0.0377,0.0157,0.0261,-0.0063,-0.0126,0.0205,7.5979,0.1378,0.9888,1802.2084,0.2013,9049.98,0.0355,0.067,-0.0142,-0.0684,0.43058346386554835,0.9526,757.5706,0.99,57.8399,0.5947,0.9654,6.3722,15.76,3.205,15.8,15.76,0.7474,0.655,3.656,0.6623,0.8307,2.2858,1008.4097,108.0,73.7,119.8,62.1001,324.222,0.6996,0.134,0.0854,0.0702,0.0229,9.8161,6.045,14.888,0.0174,0.42,0.0386,1396.0,13754.0,0.191,0.11,0.31,3.4,0.544,0.4054,0.1451,0.5378,0.2945,0.7292,0.854,0.2381,14.625,21.95,34.935,0.33,18.24,4.12,31.769,76.754,0.0471,0.0405,0.0216,0.0593,0.0565,0.1297,0.1026,0.0354,5.2085,0.0621,0.0014,103.7551,0.1254,578.7002,0.0133,0.0172,0.039259337293554186,0.005,49.7228,1.5038,0.0245,0.2788,0.1235,1.8599,29.2189,27.2744,39.993,0.2231,1.4375,0.0424,1.7503,0.1244,0.0131,594.7377,217.3314,1223.1334,8994.62525,0.0884,0.0461,0.1282,1.0548,0.0474,0.1951,0.1762,0.0581,0.1046,6.8386,0.2786,8.9179,0.0639,4.57715,6.6371,9.5847,0.103,1.4375,1.7983,9.9378,21.5545,0.0113,0.0175,0.0101,0.0248,0.0148,0.0641,0.0551,0.017,1.655,0.0194,0.0005,36.493,0.0374,187.0691,0.012412456448470765,0.0015,14.3881,0.4455,0.0086,0.1094,0.0433,6.6306,0.5734,4.8526,2.4137,4.7195,2.8328,22.5787,29.3073,9.2499,61.3547,3.574,1.7977,3.3923,2.7094,71.6658,355.8603,14.3663,5.5661,4.2295,4.4386,81.383,105.9644,15.8977,0.4744,1.7687,0.8344,0.2453,6.0474,6.8823,4.0384,24.0869,10.6208,3.4611,53.3243,5.8342,3.1638,7.6945,148.9428,4.4715,6.1083,75.0379,261.1227,428.5714,378.3094,216.3197,0.0,812.6733,172.6829,68.5522,1.8142,2.574,0.141,5.7571,63.31987047269746,0.0,44.2516,500.0,9.273946967592764,0.5224,6.5635,0.0563,2.5999,4.3755,5.4041,4.963,73.254,14.53,1.33,6.7381,0.5058,27.0176,3.6251,1.8156,0.4864,0.1043,51.6664,6.0,0.1409,2.4571,0.0588,2.11,17.2479,531.9873,2.068,10.25,0.2424,3.4925,0.0906,1.9267,11.7201,0.023,4.6109,0.0295,0.0154,52.2049
-1.0,2871.59,2217.0,1.6604,93.6611,1.5903,-0.0062,-0.001,202.3262,7.3023,410.8594,0.9658,192.4847,12.5643,1.4107,-4652.5,-85.75,1.2845,1.9875,7.2728,76.5,2.1556,0.1658,83.6845,8.1409,64.6358,66.2133,86.8207,81.65,3.097,362.1327,141.9218,749.6514,0.973,138.8882,642.9427,67.868,4.619,4.831,2883.0,0.9179,-1.99,364.1355,10.5006,119.9318,6.8877,21.99,28.2459,721.4055,152.8355,636.9027,109.4107,-0.0225,-0.027,-0.0532,0.0085,-0.0228,-0.056650000000000006,-0.0733,7.4622,0.1309,0.9874,1762.8462,0.1865,9990.49,0.1438,-0.0437,-0.0636,0.0949,0.4387842744057584,0.9361,855.1222,0.9889,60.8325,0.5889,0.9797,6.3666,15.7,2.679,15.71,15.66,0.9602,0.4764,3.427,0.5204,0.8218,2.2757,999.9391,108.0,61.2,55.9,51.0,504.072,0.2153,0.171,0.0288,0.0604,0.0207,8.421,3.713,8.406,0.0177,0.22,0.0241,860.0,1290.0,0.095,0.065,0.142,2.1,0.556,0.6413,0.1236,0.7143,0.3889,0.5802,1.024,0.1229,10.92,14.21,25.034,0.73,11.64,8.24,21.812,105.459,0.0629,0.0628,0.0457,0.0444,0.061,0.1088,0.0524,0.0445,3.3947,0.0573,0.0019,175.0801,0.0623,535.4004,0.019,0.0125,0.05286577488623034,0.0215,115.9289,2.788,0.0313,0.4698,0.1229,2.6684,27.0496,21.7529,15.7167,0.0698,2.349,0.0617,1.271,0.059,0.0093,380.7589,28.8733,1394.8719,539.5167,0.0395,0.0287,0.0691,0.755,0.044,0.1714,0.249,0.0471,0.0497,7.5402,0.282,5.3549,0.0334,2.8962,3.5914,8.3026,0.2124,2.3172,3.5072,6.6217,30.5742,0.0157,0.0294,0.022,0.0195,0.0181,0.0525,0.0244,0.0209,1.1556,0.0195,0.0006,52.0976,0.0185,161.9168,0.012492918454757043,0.0067,35.3315,0.837,0.0136,0.153,0.0421,6.1121,0.8507,4.972,2.1312,2.1862,2.3004,35.0822,12.9658,10.753,50.8472,2.0459,1.8361,1.751,1.7055,69.8119,0.0,7.3959,3.2704,1.9525,2.7451,55.6701,83.8472,15.9648,0.7663,1.5185,1.1051,0.2074,6.0392,10.5199,2.6332,12.6345,7.8624,2.2102,36.8863,1.8691,6.952,7.2625,168.9972,3.0235,24.8486,96.3882,280.1002,504.4177,83.5372,713.9722,477.7168,75.5315,60.7301,45.4925,1.7756,2.3579,0.1972,9.9317,33.4201,355.8719,33.1852,936.1702,11.903821396234692,2.3002,13.557,0.1291,4.5831,7.3789,5.3993,6.305,73.254,14.53,1.33,6.7381,0.5058,27.0176,3.6251,1.8156,0.4864,0.1043,51.6664,6.06,0.1047,2.4757,0.0515,2.2652,10.3618,532.47,2.1429,9.14,0.1776,3.1224,0.0482,1.7165,8.2886,0.0115,2.2899,0.0295,0.0154,52.2049
-1.0,3001.71,2210.7333,2.2449,99.42,1.5002,-0.0122,-0.011,197.2249,10.1274,424.4892,0.9701,187.2266,12.3858,1.4022,-2449.75,-73.25,1.2902,2.009,7.3775,68.6667,2.9889,0.2272,84.8142,9.9095,64.2404,66.1883,86.5141,81.76,2.663,370.5809,143.6827,758.7161,0.9326,134.3509,648.6145,81.2726,4.633,4.91,2873.0,0.9172,3.1727,369.5782,10.2145,126.8555,8.1701,16.8273,22.0459,736.6702,146.9809,643.4145,97.1104,-0.0041,-0.0424,-0.0418,-0.0075,-0.0164,-0.03,-0.0608,7.8817,0.1309,0.9845,1818.9141,0.16723966139980007,8889.304742887583,-0.0477,-0.027,0.0352,-0.0417,0.4306885118949364,0.9484,779.8763,0.9899,58.0533,0.5796,0.9668,6.3496,15.76,3.205,15.8,15.76,0.7474,0.655,3.656,0.6623,0.8307,2.2858,1008.4097,200.0,82.0,58.9,69.3999,602.245,0.8985,0.1403,0.0954,0.0677,0.0197,9.708,4.657,11.323,0.0156,0.8700000000000001,0.0157,516.0,252.0,0.083,0.067,0.26,1.8,0.439,0.2979,0.2102,0.6142,0.3466,0.6263,0.747,0.1017,5.39,15.56,42.083,0.921,12.13,9.08,25.765,77.629,0.0785,0.0549,0.0677,0.0357,0.0604,0.1057,0.1205,0.0611,2.5549,0.0807,0.0037,110.3033,0.04713453146362223,1001.0403771374222,0.0142,0.0135,0.057220421507113595,0.0178,146.2427,1.7289,0.0297,0.307,0.1235,1.8599,35.5935,26.5623,17.0492,0.276,2.0533,0.0468,1.6562,0.2202,0.0051,249.5401,208.0471,2924.7527,126.5132,0.0365,0.0331,0.1423,0.6265,0.0563,0.1433,0.1171,0.0749,0.0983,7.0465,0.2658,5.03,0.0315,1.8481,4.0386,11.9802,0.3375,2.9943,4.246,7.3531,27.4121,0.024,0.0253,0.0368,0.0168,0.0157,0.0525,0.0514,0.0297,1.087,0.0264,0.0012,38.7641,0.01746661128831091,349.58196456764654,0.011506399502104657,0.0052,50.7142,0.481,0.0101,0.0961,0.0433,6.6306,0.5734,9.053150000000002,2.7318,2.352,3.1392,44.001,40.0215,9.3524,45.9843,2.6674,1.6051,6.94175,1.1232,269.1703,344.0273,6.4329,3.335,3.5242,2.6214,43.4944,69.9756,12.3088,0.3512,2.1212,0.9561,0.168,4.7169,9.2008,2.5158,10.9086,4.0119,2.399,51.78,3.098,9.0166,4.5012,148.4693,3.4975,21.6481,79.9389,0.0,239.738,85.3047,803.325,644.5122,401.3322,100.5348,32.4156,2.9784,3.3974,0.3751,6.0642,29.821886013117574,947.3684,34.1679,0.0,11.998625798564625,1.8819,18.752,0.0547,2.9782,4.8351,5.4041,4.963,77.14,19.51,0.96,7.7871,0.3868,17.9425,4.8537,1.2445,0.6576,0.1426,66.4854,2.92,0.1793,1.1778,0.068,1.058,19.3509,533.1364,2.0133,7.24,0.2456,2.4138,0.0849,1.358,12.2013,0.0163,3.2555,0.0134,0.0134,100.1445
-1.0,3042.43,2217.0,1.6604,93.6611,1.4906,-0.0051,-0.0164,200.7563,10.7568,418.7105,0.9702,190.5951,12.5339,1.4206,-4742.6667,489.5,1.2652,1.9853,7.2127,74.1667,2.2222,0.1623,83.8792,8.6024,64.5517,65.9525,86.8309,79.8,2.243,363.4382,138.0418,745.6174,1.3848,142.7709,644.2509,231.6391,4.635,4.89,2876.0,0.9161,1.8318,361.4455,10.5986,119.8736,11.4664,18.1682,22.0115,723.6058,151.4655,632.7845,171.74984999999998,-0.0201,-0.0185,-0.0027,0.0137,-0.029,-0.0175,-0.0146,7.5256,0.1343,0.9903,1828.2418,0.18759117497401345,8909.975283030488,-0.1158,0.0716,0.0567,-0.0439,0.4217006157501573,0.9625,753.4195,0.9899,58.585,0.5838,0.9783,6.347,15.7,2.679,15.71,15.66,0.9602,0.4764,3.427,0.5204,0.8218,2.2757,999.9391,100.0,155.0,63.4,51.0,504.072,0.2153,0.1772,0.0599,0.0484,0.0187,9.4797,7.663,9.427,0.0148,0.6,0.0419,1283.0,560.0,0.097,0.139,0.226,2.4,0.491,0.447,0.1694,0.5823,0.2034,0.7299,0.599,0.2298,4.43,13.72,20.13,0.395,13.9,10.4,20.346,49.564,0.0858,0.0518,0.0463,0.0661,0.0982,0.0837,0.0701,0.1423,3.4507,0.0783,0.0006,141.8257,0.060222470252399046,1134.1938145217528,0.0191,0.0191,0.04108389713267818,0.0031,32.3887,1.558,0.0226,0.3759,0.1229,2.6684,28.415,53.0874,22.8955,0.0698,2.349,0.0581,2.0144,0.1352,0.0164,603.3613,119.1256,2109.1632,266.5439,0.0418,0.0589,0.1051,0.8261,0.0376,0.1754,0.1774,0.069,0.0796,7.3869,0.2004,4.3881,0.0632,1.1231,4.1241,7.3288,0.1218,3.0485,4.0716,6.0507,16.2763,0.026,0.0238,0.0194,0.0291,0.025,0.0427,0.0361,0.078,1.2223,0.0268,0.0002,45.2007,0.01921417145608144,348.92717070666475,0.011550648780193396,0.001,10.1859,0.4648,0.0081,0.1224,0.0421,6.1121,0.8507,4.587,5.0946,2.5956,2.3004,35.0822,12.9658,11.8879,71.2385,2.2514,1.5213,4.787,2.9494,87.7565,114.4025,7.6665,7.0016,3.1333,3.236,49.5,75.154,14.7635,0.5329,1.969,0.9021,0.1166,6.1468,11.0691,2.3292,16.5932,3.1029,2.1296,8.6902,2.1348,3.7269,4.1544,121.2242,2.8118,10.3794,23.6695,427.5304,244.3396,0.0,716.4615,288.6207,399.4302,890.8199000000001,45.8527,3.3499,3.2085,0.0636,7.7575,29.874313727988238,0.0,51.3919,363.6364,12.217048504193972,0.3256,4.2989,0.0616,2.6594,5.9219,5.3993,6.305,73.254,14.53,1.33,6.7381,0.5058,27.0176,3.6251,1.8156,0.4864,0.1043,51.6664,4.98,0.0877,2.0902,0.0382,1.8844,15.4662,529.4391,2.0075,10.07,0.3509,3.6046,0.1086,1.902,17.4779,0.0154,3.0723,0.0095,0.0114,119.8239
-1.0,3001.81,2217.0,1.6604,93.6611,1.5521,-0.0085,-0.0152,201.1214,9.0473,410.7263,0.9758,191.1794,12.5788,1.4041,-4189.0,5981.5,1.3188,1.9963,7.4635,74.8889,1.9889,0.152,85.07,8.3845,64.3667,65.9729,86.8972,81.39,2.501,371.8364,142.3791,756.8863,0.9627,134.6918,648.9073,73.3658,4.636,4.893,2869.0,0.9175,-4.9191,367.8554,10.6944,117.46,12.9155,24.9191,27.8129,729.0734,150.6764,635.9918,171.74984999999998,-0.0173,-0.034,0.0148,-0.0068,-0.0035,-0.0236,0.0251,7.4694,0.1309,0.9839,1841.6363,0.18511419691341546,9387.867444397947,-0.0659,0.0623,0.0768,0.0139,0.4418697380640644,0.9411,834.8428,0.9902,57.9331,0.5959,0.9802,6.2611,15.7,2.679,15.71,15.66,0.9602,0.4764,3.427,0.5204,0.8218,2.2757,999.9391,96.0,106.7,64.3,51.0,504.072,0.2153,0.1813,0.0773,0.058,0.0087,7.3129,5.5,12.577,0.0079,0.26,0.0276,1133.0,5551.0,0.112,0.07,0.355,2.6,0.461,0.5774,0.1081,0.5877,0.2247,0.6512,0.88,0.1716,8.89,11.87,37.241,0.38,12.64,7.6,19.098,41.182,0.0726,0.0397,0.0431,0.0563,0.0591,0.0944,0.0747,0.0658,2.9512,0.0864,0.0055,139.5237,0.057291198485082795,967.8821806133221,0.0155,0.026,0.03508520663808207,0.0136,101.7479,1.4011,0.0181,0.3851,0.1229,2.6684,26.0072,34.3579,20.0552,0.0698,2.349,0.0579,1.891,0.0656,0.0118,482.0325,551.9555,1169.7721,2542.8926,0.0512,0.0314,0.1557,0.8536,0.0486,0.1423,0.2395,0.0423,0.1323,7.072,0.2768,5.3783,0.0479,2.7147,3.3107,12.6804,0.1137,2.2454,3.1125,5.3331,15.0693,0.0204,0.0168,0.0214,0.0236,0.0179,0.0498,0.0388,0.0337,0.9515,0.0284,0.0019,54.5902,0.0158374908558208,302.10230184121804,0.010596174374546598,0.0045,31.86,0.4093,0.0065,0.1205,0.0421,6.1121,0.8507,4.4611,3.5545,2.6522,2.3004,35.0822,12.9658,11.6808,60.7918,3.0621,0.8107,2.067,1.9628,67.7011,92.8028,8.4929,3.5066,4.7565,3.4718,45.2514,92.1053,13.3679,0.6787,1.2892,0.913,0.2774,6.277,9.0744,2.9039,17.8225,6.6003,1.8292,50.7607,2.4264,3.5533,6.3085,97.867,2.6195,10.6974,18.3062,419.6532,618.59025,380.4054,864.351,0.0,316.1905,262.4128,39.5102,1.9092,3.6113,0.5553,7.5761,29.1995987605334,0.0,23.8379,441.791,9.84524364708571,1.4459,12.1877,0.0653,2.4185,6.1501,5.3993,6.305,73.79,18.55,1.31,8.1356,0.5452,72.4005,4.6129,1.7753,0.7984,0.1237,80.837,8.12,0.1005,3.04,0.0435,3.2593,12.7115,533.1364,2.0133,7.24,0.2456,2.4138,0.0849,1.358,12.2013,0.0101,2.0212,0.0042,0.0159,255.5817
-1.0,2915.71,2196.1111,1.5599,94.6522,1.5083,0.0029,0.0058,195.877,8.8695,417.1163,0.9723,185.9072,12.3858,1.4012,-3943.75,3523.3333,1.2738,1.9893,7.291,76.0556,1.5556,0.0926,85.4577,8.2061,64.4522,66.0643,86.7514,81.22,3.137,347.8391,145.0436,737.1654,1.2617,141.1555,634.0382,217.6003,4.604,4.855,2828.0,0.9347,-2.3264,349.3136,10.305,122.7173,11.6827,22.3264,29.7843,707.3811,150.3245,622.3555,115.348,-0.011,-0.0079,-0.0373,0.0012,-0.0053,-0.0376,-0.0659,8.4279,0.1309,0.9874,1762.8462,0.1806,9643.7498,0.0092,0.0902,0.0222,0.0573,0.45019603295880484,0.9409,825.4951,0.9898,57.9383,0.5891,0.979,6.2766,15.76,3.205,15.8,15.76,0.7474,0.655,3.656,0.6623,0.8307,2.2858,1008.4097,126.0,71.3,52.2,53.5,388.743,0.1393,0.1131,0.0907,0.0655,0.0172,9.5031,11.145,26.932000000000002,0.0128,0.8700000000000001,0.0562,735.0,10461.0,0.145,0.164,0.28,2.4,0.228,0.4054,0.1451,0.5378,0.2945,0.7292,0.505,0.0827,7.5,15.94,57.824,0.28,17.84,4.39,27.539,82.619,0.0805,0.0456,0.1004,0.023,0.0621,0.0981,0.0645,0.0669,3.1169,0.0441,0.0019,175.0801,0.0376,505.2998,0.0115,0.013,0.04379610945425233,0.0178,75.9526,1.6565,0.0474,0.5205,0.1235,1.8599,27.4021,22.759,16.09,0.0474,2.0866,0.0342,2.991,0.2202,0.0205,328.0431,242.3723,1092.0731,5943.6689,0.0649,0.0741,0.1315,0.7002,0.0409,0.0752,0.1762,0.0581,0.1046,5.2364,0.1405,7.9755,0.0259,2.2052,4.7283,15.1303,0.0997,1.2684,1.9967,9.0889,25.3392,0.0238,0.0202,0.0435,0.0106,0.0183,0.0491,0.0306,0.0289,1.1912,0.0165,0.0006,52.0976,0.0143,157.8169,0.01228955219014615,0.0054,22.5699,0.4805,0.0164,0.1729,0.0433,6.6306,0.5734,5.8605,2.4454,2.0388,2.4361,26.3977,8.9332,7.4983,125.656,6.508749999999999,1.3151,6.94175,4.0131,62.3772,296.9063,11.3837,8.2443,3.8404,3.1556,102.8571,149.0996,6.9184,0.4744,1.7687,0.8344,0.2453,5.4652,4.5641,3.5098,6.5539,5.3133,2.514,26.5735,5.645,2.7171,5.7449,152.7039,3.8931,12.1398,71.6259,731.8182,0.0,61.6622,0.0,0.0,171.5426,101.556,36.9828,1.7756,1.8179,0.1972,9.9317,20.7977,0.0,32.6882,239.1753,9.169608373223962,1.8875,9.2009,0.0645,2.8592,8.2923,5.4041,4.963,73.254,14.53,1.33,6.7381,0.5058,27.0176,3.6251,1.8156,0.6576,0.1426,66.4854,4.98,0.0877,2.0902,0.0382,1.8844,15.4662,532.8227,2.1206,7.93,0.3692,2.7404,0.1041,1.4883,17.4117,0.0142,2.8401,0.0366,0.0388,132.9913
-1.0,3056.37,2200.2111,1.6485,98.3222,1.3692,-0.0105,-0.0109,196.9059,10.2497,417.808,0.9807,186.9215,12.5788,1.4049,-3447.5,-1037.75,1.3213,2.012,7.3982,75.3556,2.3333,0.1716,84.5612,9.088,64.8393,66.229,87.3122,82.76,2.136,348.9136,148.5764,742.3105,0.9823,136.14,633.63,61.8548,4.542,4.798,2867.0,0.9303,-6.2591,350.7791,10.3478,122.3173,10.038,26.2591,31.9878,710.3226,151.8918,624.9882,93.4939,-0.0291,-0.041,0.0165,-0.0049,-0.0105,-0.0506,0.0202,7.7849,0.1327,0.9809,1879.3953,0.1849,8175.84,0.0994,-0.0019,-0.0473,-0.0199,0.4605789538427363,0.951,725.2758,0.9896,58.8135,0.5919,0.9785,6.2268,15.76,3.205,15.8,15.76,0.7474,0.655,3.656,0.6623,0.8307,2.2858,1008.4097,108.0,194.2,128.5,46.5999,229.762,0.1258,0.23175000000000004,0.0707,0.0578,0.0064,9.8287,4.97,10.832,0.0058,0.26,0.0474,1645.0,1598.0,0.039,0.128,0.042,2.6,0.386,0.4067,0.1452,0.4771,0.2971,0.6994,0.912,0.2369,10.44,18.81,30.733,0.161,16.38,6.76,28.97,56.396,0.0634,0.0525,0.067,0.0595,0.0695,0.1166,0.0188,0.0635,4.4468,0.0321,0.0024,103.2386,0.0599,1408.6001,0.0113,0.0115,0.048134524723358385,0.0151,152.7703,1.2995,0.0398,0.4071,0.1235,1.8599,27.0496,63.5725,40.4041,0.0447,2.5857,0.08085,1.6064,0.0656,0.0146,734.3026,126.4684,2359.7938,732.4882,0.0167,0.0659,0.0194,0.8691,0.0403,0.1405,0.2121,0.0519,0.1321,7.6422,0.264,9.0367,0.0615,3.4441,5.8074,8.5117,0.0504,1.76,1.4647,9.0732,16.5724,0.018,0.0224,0.0305,0.0276,0.0194,0.0574,0.0088,0.0331,1.3566,0.0094,0.0007,36.8184,0.0166,413.8637,0.014366915495701887,0.0047,48.9042,0.3718,0.0126,0.1319,0.0433,6.6306,0.5734,4.972,6.3539,5.1862,2.118,21.9174,7.6342,16.1177,48.4891,2.5926,0.5917,2.067,3.3759,160.029,153.987,2.9518,6.3618,0.5677,3.4503,60.0,74.6114,11.3363,0.481,1.5979,0.7358,0.3449,7.8128,8.0632,3.9819,24.1132,7.6686,2.9686,49.6857,5.3798,1.5559,6.3442,163.1798,4.0784,17.132,60.3205,217.6357,394.7368,360.6061,0.0,0.0,37.1725,314.746,57.1214,1.2056,1.3485,0.2413,5.4932,32.3722,654.8043,68.6606,0.0,13.085881453079725,1.593,21.0638,0.1444,2.2095,6.5377,5.4041,4.963,73.754,23.01,0.7,9.3896,0.2994,17.1261,5.662,0.9491,0.2903,0.0602,28.0255,4.98,0.0877,2.0902,0.0382,1.8844,15.4662,531.9873,2.068,10.25,0.2424,3.4925,0.0906,1.9267,11.7201,0.0092,1.8226,0.0366,0.0388,132.9913
-1.0,3015.36,2217.5778,2.5361,104.9022,1.4895,-0.0099,-0.0046,202.4003,8.4395,413.5581,0.9611,192.2602,12.5247,1.3848,-3721.0,1299.0,1.3325,2.0107,7.41,77.2222,1.9556,0.1629,84.7662,9.1141,64.8052,66.2459,87.2937,81.56,2.694,352.6282,138.2127,733.058,1.2834,140.7355,631.5764,185.5483,4.567,4.797,2860.0,0.9319,-0.4636,352.8245,10.3788,117.7491,15.3128,20.4636,28.349,704.709,145.69,616.2636,107.0065,-0.0121,-0.0115,0.0256,0.0105,0.0054,-0.0205,0.0173,7.9674,0.1317,0.9697,1815.178,0.2048,8522.03,-0.0053,-0.0186,0.0685,0.1845,0.45204821475673906,0.9511,718.022,0.9897,58.5469,0.6017,0.9802,6.1769,15.7,2.679,15.71,15.66,0.9602,0.4764,3.427,0.5204,0.8218,2.2757,999.9391,109.0,130.6,65.5,44.2002,292.2251,0.6031,0.1122,0.0607,0.0628,0.0308,7.3258,4.782,16.572,0.023,0.39,0.0346,812.0,7789.0,0.125,0.067,0.109,2.9,0.59,0.6097,0.146,0.5246,0.2712,0.7379,0.428,0.1089,7.76,22.08,71.397,0.214,17.29,5.67,28.095,54.088,0.0746,0.0585,0.0331,0.0315,0.0388,0.1011,0.0659,0.0506,2.9125,0.0657,0.0047,112.0873,0.0488,1097.1006,0.0219,0.0193,0.039941603435380835,0.0197,105.3641,1.301,0.0265,0.3709,0.1229,2.6684,28.8872,43.7074,24.6298,0.1811,1.6137,0.0376,1.5141,0.116,0.0116,394.6918,70.3817,630.05,3734.2588,0.0591,0.0357,0.0496,0.8212,0.0376,0.2132,0.244,0.0572,0.0898,4.5381,0.1172,8.5784,0.0316,2.3324,6.1787,19.4693,0.0778,1.7109,2.166,8.622,16.1522,0.0227,0.0262,0.0161,0.015,0.0137,0.0516,0.0327,0.0231,0.9883,0.0206,0.0015,34.2864,0.0165,297.7383,0.012478965114908458,0.0059,31.4172,0.423,0.009,0.1149,0.0421,6.1121,0.8507,5.0041,4.3312,2.6986,1.9932,22.7701,23.7795,7.533,56.6618,4.0072,2.3927,3.1138,2.4956,33.7812,599.6151,9.3809,3.3321,1.471,3.7554,66.4773,73.0559,17.761,0.7193,1.6021,0.8095,0.3792,3.8256,6.5262,3.8753,8.4881,5.5139,3.496,38.4789,8.904,2.0619,4.9937,112.9122,3.9867,10.3318,50.5464,613.9918,0.0,122.9268,370.6269,0.0,320.6813,293.3333,36.5546,1.6709,2.7142,0.4845,6.175,23.8155,0.0,29.8217,0.0,10.821708280356065,2.0716,14.6742,0.079,2.2221,6.0048,5.3993,6.305,73.726,21.15,1.42,9.5781,0.5827,49.6721,5.164,1.926,0.6576,0.1426,66.4854,9.7,0.1846,4.5219,0.0789,3.358,27.64,539.0691,1.3721000000000003,15.390000000000002,0.6164999999999999,5.3345,0.18730000000000002,2.8874999999999993,28.50255,0.0122,2.4474,0.0106,0.0075,71.0842
-1.0,2981.04,2215.8111,2.3183,98.45,1.5033,0.0192,0.0027,196.9798,10.1705,408.1355,0.9709,187.2047,12.4363,1.3894,-3655.0,447.5,1.095,1.7937,5.0868,73.1778,1.9778,0.1573,84.0623,8.9607,64.1176,66.1488,86.4051,79.43,2.945,364.0045,142.7655,750.1606,1.0109,133.2073,639.9773,66.9528,4.556,4.79,2888.0,0.9168,-0.28,363.8682,10.3132,122.4855,13.0964,20.28,27.9706,722.19,140.5273,626.8809,171.74984999999998,-0.0102,-0.0431,0.063,0.0023,0.024,-0.0218,-0.0046,7.2893,0.1371,0.9902,1760.2874,0.1835,8763.4899,-0.23135,0.0019,0.0694,0.0129,0.4361201961644896,0.9598,765.2061,0.9893,59.2744,0.6072,0.9709,6.1635,15.72,2.398,15.71,15.73,0.9365,0.4108,3.398,0.3784,0.8741,2.2732,1000.1451,88.0,195.3,229.9,53.3,565.522,0.6157,0.0839,0.1109,0.066,0.0192,9.7325,10.362,17.127,0.015,0.31,0.0736,353.0,256.0,0.099,0.049,0.414,3.8,0.086,0.6214,0.0961,0.6507,0.4711,0.6833,0.798,0.1455,12.31,15.06,19.788,1.395,20.45,13.12,24.067,64.25,0.07,0.0405,0.0319,0.0425,0.0577,0.127,0.0831,0.039,4.3239,0.0789,0.0013,82.0288,0.0824,1244.0996,0.0369,0.0132,0.03917447749144512,0.027,142.4296,3.3976,0.06409999999999999,0.29,0.1218,3.971,22.468,62.0444,83.9713,0.2167,2.3426,0.0314,2.8283,0.093,0.0233,153.4036,73.1072,132.4714,105.7182,0.0429,0.0223,0.1762,1.2548,0.0196,0.0269,0.2527,0.0402,0.0485,8.1889,0.2456,5.1786,0.0417,3.9836,4.0211,6.6023,0.45265,3.8334,4.9192,7.1854,19.6367,0.0231,0.0198,0.0135,0.02,0.0161,0.0623,0.0452,0.0195,1.46,0.0256,0.0004,26.5764,0.0246,389.9287,0.012532066608588539,0.0083,42.6346,0.9563,0.0202,0.1025,0.0426,6.553,1.2833,3.9444,6.5514,9.2855,2.4054,40.7053,26.5572,5.5811,101.8824,4.1964,1.5461,2.4927,5.2944,8.0711,57.2067,9.0411,2.7317,7.544649999999999,5.1928,35.3933,29.8729,1.8253,0.7392,1.0728,1.0149,0.3443,7.1345,10.3526,2.6962,14.3884,9.2412,2.3532,29.5551,2.3295,13.5264,5.5272,156.15,3.3325,19.3141,36.41,686.6953,155.9192,67.4603,0.0,529.1667,381.6303,843.2432,59.3185,4.941799999999999,3.2357,0.1292,4.66,44.9149,534.6835,41.0735,0.0,12.251004247520784,2.8084,18.6132,0.164,5.7319,4.7054,5.3587,10.7222,73.254,14.53,1.33,6.7381,0.5058,27.0176,3.6251,1.8156,0.6576,0.1426,66.4854,4.98,0.0877,2.0902,0.0382,1.8844,15.4662,532.8227,2.1206,7.93,0.3692,2.7404,0.1041,1.4883,17.4117,0.0146,2.9343,0.0106,0.0075,71.0842
-1.0,2984.41,2192.1889,2.387,107.3989,1.5613,0.0005,0.0023,197.404,9.5661,417.4961,0.974,187.5231,12.5643,1.3935,-4833.25,-583.75,1.2813,1.9663,7.2762,70.4333,2.2778,0.17,86.8862,8.9541,63.9146,66.419,86.2871,81.86,2.962,354.5318,141.8473,740.2562,1.0163,137.4136,633.7927,61.7557,4.582,4.826,2859.0,0.9308,4.7382,332.7900000000001,10.1715,126.5855,19.1402,26.6443,42.99620000000001,667.3564000000002,159.35320000000004,625.6436,91.9586,-0.0172,-0.0284,-0.043,0.01,-0.0034,-0.056650000000000006,-0.0581,8.7128,0.132,0.9917,1759.3638,0.1835,8147.7199,0.0,0.0,0.0,0.0,0.49403292283322847,0.9472,669.5943,0.9897,58.1424,0.5835,0.9632,6.4304,15.76,3.205,15.8,15.76,0.7474,0.655,3.656,0.6623,0.8307,2.2858,1008.4097,109.0,64.7,65.8,62.1001,324.222,0.6996,0.176,0.0599,0.05,0.0158,9.6346,5.837,10.94,0.0126,0.22,0.0665,1210.0,2148.0,0.159,0.067,0.337,1.6,0.606,0.4126,0.1803,0.6482,0.184,0.7215,0.827,0.1237,9.21,24.15,22.281,1.5694999999999997,17.88,18.43,50.50850000000001,33.941,0.0706,0.073,0.0462,0.0214,0.0567,0.1019,0.0707,0.0712,2.4095,0.0431,0.0006,112.5125,0.0388,1151.1997,0.0205,0.026,0.07153900675223163,0.0158,120.701,4.1907,0.0339,0.3765,0.1235,1.8599,28.124,20.196,22.3639,0.2231,1.4375,0.0562,1.6626,0.059,0.0261,531.4719,116.7233,2658.4215,1039.4259,0.0751,0.0283,0.1393,0.477,0.0566,0.1909,0.166,0.0795,0.1205,7.6719,0.2353,8.8791,0.0348,2.9411,7.3279,6.4365,0.45265,5.248349999999999,6.425799999999999,15.979750000000005,9.7868,0.0188,0.0322,0.02,0.0093,0.0178,0.0512,0.0295,0.0338,0.7516,0.0158,0.0002,36.3815,0.0138,310.5635,0.006330435750886853,0.0046,37.7235,1.2501,0.0115,0.1255,0.0433,6.6306,0.5734,5.0357,2.1679,2.5795,2.8328,22.5787,29.3073,11.2726,61.0176,2.6204,1.2968,1.751,4.7757,119.1952,367.9657,12.4098,3.4075,4.6315,2.2717,70.2439,96.4706,16.9997,0.4749,2.0137,1.0142,0.1714,7.1644,6.5705,3.992,12.1674,6.7024,3.8104,36.0792,5.8342,15.138300000000001,17.537999999999997,93.4159,7.166999999999998,47.129650000000005,36.909,410.4651,0.0,49.8254,565.9389,0.0,112.356,122.6001,27.6544,3.03,1.7597,0.0573,6.3951,21.1661,0.0,53.4759,0.0,12.438825614772623,1.6652,18.026,0.1103,7.2076,5.8551,5.4041,4.963,73.254,14.53,1.33,6.7381,0.5058,27.0176,3.6251,1.8156,0.4864,0.1043,51.6664,4.98,0.0877,2.0902,0.0382,1.8844,15.4662,531.9873,2.068,10.25,0.2424,3.4925,0.0906,1.9267,11.7201,0.0126,2.5174,0.0106,0.0075,71.0842
-1.0,2852.18,2216.8333,1.7074,95.9856,1.4832,-0.0191,0.0016,202.1214,8.7944,423.5053,0.9599,192.6547,12.3808,1.4076,-5713.75,-1054.5,1.3163,2.0027,7.3475,68.9,2.2556,0.1877,85.1404,8.627,64.0218,66.2798,86.4671,83.13,2.303,362.9645,144.1945,752.0632,0.9746,135.9827,643.1418,66.6478,4.619,4.831,2883.0,0.9179,-6.4945,362.9427,10.6963,117.7,13.5073,26.4945,33.7386,718.3245,148.9918,629.6345,111.73,0.0001,-0.0085,0.0305,0.0075,0.0132,-0.0332,0.036,7.1612,0.1309,0.9648,1928.3724,0.1657,10084.500049999999,0.0762,0.0428,-0.0518,0.125,0.43947979942013937,0.9309,889.5813,0.9893,55.9296,0.5954,0.9621,6.4288,15.7,2.679,15.71,15.66,0.9602,0.4764,3.427,0.5204,0.8218,2.2757,999.9391,109.0,89.0,130.1,46.7,427.623,0.2488,0.1134,0.07,0.0545,0.0354,8.2186,4.408,12.272,0.0219,0.42,0.0213,619.0,703.0,0.067,0.143,0.397,2.8,0.449,0.4889,0.26130000000000003,0.6162,0.3387,0.7311,0.927,0.1531,11.63,13.75,33.291,0.626,18.15,5.58,20.955,45.063,0.0995,0.0608,0.0912,0.0708,0.0961,0.1272,0.0751,0.0879,2.9486,0.0441,0.008,140.0564,0.1056,1030.2998,0.0171,0.0209,0.04594279331797113,0.0126,120.6969,1.7591,0.022,0.4523,0.1229,2.6684,28.145,29.254,40.4789,0.0802,2.34,0.038,1.6902,0.1244,0.0083,307.6257,114.9967,4015.1962,497.0961,0.0297,0.066,0.1624,0.9487,0.0461,0.1319,0.1932,0.0985,0.0718,7.5794,0.3101,5.4645,0.0454,3.2132,3.5886,8.692,0.1905,1.9341,2.7984,5.9976,14.2399,0.027,0.0258,0.0403,0.0322,0.0282,0.0592,0.0388,0.0373,1.1302,0.0165,0.0027,52.7602,0.0324,361.5013,0.0144253071093762,0.0034,43.0525,0.5746,0.0092,0.1499,0.0421,6.1121,0.8507,4.9329,3.1204,5.0545,2.1066,29.1178,14.5714,7.6456,50.123,2.8977,2.2809,3.3923,1.5147,147.5213,66.6667,5.0902,7.1402,5.4032,4.0639,70.936,60.746,13.7276,0.5742,2.9167,0.9625,0.2553,6.3312,10.2639,2.9081,15.7089,8.5526,2.1379,49.9506,1.8691,5.8525,7.876,134.3721,2.9172,16.8943,40.332,0.0,0.0,232.1311,0.0,963.6364,226.0346,244.3363,41.1747,1.7756,1.8179,0.8273,7.2629,63.31987047269746,0.0,38.6266,747.8261,12.350875247592317,1.3561,13.4015,0.25379999999999997,3.1453,7.035,5.3993,6.305,71.644,15.98,0.73,7.9045,0.2906,112.3855,3.9963,1.0189,0.3284,0.0876,32.6609,4.98,0.0877,2.0902,0.0382,1.8844,15.4662,531.9873,2.068,10.25,0.2424,3.4925,0.0906,1.9267,11.7201,0.0157,3.1321,0.0211,0.0388,186.4769
-1.0,2864.77,2192.1889,2.387,107.3989,1.5464,-0.0084,0.0048,202.5402,9.1026,410.3231,0.9678,192.6931,12.4363,1.4034,-3027.5,-2379.75,1.331,1.9892,7.2437,77.1222,1.6333,0.1234,85.4577,8.2061,64.4522,66.0643,86.7514,81.22,3.137,350.7064,141.3673,733.8102,1.2836,137.0209,629.0946,218.6652,4.4879999999999995,4.71,2828.0,0.9091,-3.9618,350.9045,10.4128,117.4055,16.3073,23.9618,31.4055,702.4047,144.4773,612.7873,108.6246,-0.0187,-0.0236,0.0255,0.0144,0.0114,-0.0202,0.0342,6.9091,0.1439,0.9888,1802.2084,0.1717,8296.0701,0.0297,0.067,0.0061,0.052,0.4463573407424123,0.9417,696.6005,0.9897,58.2596,0.603,0.9642,6.3617,15.7,2.679,15.71,15.66,0.9602,0.4764,3.427,0.5204,0.8218,2.2757,999.9391,154.0,194.8,162.0,62.1001,324.222,0.6996,0.1141,0.0654,0.0547,0.0189,7.3648,5.724,12.055,0.0155,0.31,0.0484,907.0,3861.0,0.085,0.094,0.144,2.9,0.486,0.4054,0.1451,0.5378,0.2945,0.7292,0.488,0.0972,6.69,18.27,49.99,0.238,14.12,3.52,26.555,71.992,0.0514,0.0693,0.029,0.0491,0.0538,0.1163,0.0913,0.0668,3.9155,0.0342,0.0014,103.7551,0.0774,1030.4004,0.0159,0.0113,0.04186072311835748,0.0231,98.9949,3.9578,0.0546,0.413,0.1229,2.6684,31.241,56.4192,51.2107,0.2231,1.4375,0.0367,1.7305,0.093,0.0179,395.7849,60.6156,381.4302,1684.7279,0.0409,0.046,0.0659,0.7855,0.0354,0.1595,0.1762,0.0581,0.1046,5.6581,0.1705,7.705,0.0317,2.2164,6.168,15.5049,0.0751,1.1285,1.5549,8.1286,21.701,0.0132,0.0328,0.0123,0.0264,0.016,0.0546,0.047,0.0314,1.2831,0.0113,0.0005,36.493,0.0217,329.3185,0.015509590230540334,0.0069,31.0311,1.2094,0.0164,0.1379,0.0421,6.1121,0.8507,7.0573,6.7998,6.4248,2.8328,22.5787,29.3073,7.3785,62.8829,2.9379,1.6067,2.4927,3.4502,27.8778,162.2439,6.3862,4.7254,1.9879,3.7603,79.5918,93.9694,14.0802,0.4744,1.7687,0.8344,0.2453,5.238,3.7845,3.2848,7.5693,4.8825,2.9042,22.8614,4.0015,2.2856,2.6404,86.5868,3.7806,14.9274,66.2759,274.3162,0.0,192.9273,374.0982,0.0,451.9802,195.3216,56.6723,1.1814,1.4354,0.141,5.7571,45.0912,581.3505,24.3442,666.6667,12.721904397759321,2.453,14.2111,0.0998,6.7934,6.4925,5.3993,6.305,72.686,14.94,1.78,6.5756,0.6365,52.6454,3.7838,2.4489,0.4864,0.1043,51.6664,9.21,0.2419,3.4308,0.0968,3.2744,34.7065,531.9873,2.068,10.25,0.2424,3.4925,0.0906,1.9267,11.7201,0.0108,2.1661,0.0268,0.011,41.1335
-1.0,2870.76,2192.1889,2.387,107.3989,1.4719,-0.0003,-0.0006,202.4753,8.5914,413.0594,0.9672,192.674,12.5339,1.3965,-3573.25,-169.5,1.2965,2.0212,7.3415,68.8667,2.7556,0.215,84.8142,9.9095,64.2404,66.1883,86.5141,81.76,2.663,366.02,141.5509,750.4751,1.3006,141.6445,649.2155,193.0742,4.635,4.89,2876.0,0.9161,-0.5345,364.7636,10.3752,121.0164,15.66,20.5345,28.1991,722.276,147.7755,633.5555,92.7369,-0.0207,-0.0479,-0.0025,0.0125,-0.0186,-0.0178,-0.0324,7.6638,0.1362,0.9878,1932.0134,0.18278029048885236,9027.09330004094,0.1844,0.0586,-0.067,0.0218,0.42536921883712697,0.9493,785.7227,0.9899,58.97,0.5862,0.9799,6.1408,15.7,2.679,15.71,15.66,0.9602,0.4764,3.427,0.5204,0.8218,2.2757,999.9391,110.0,57.6,52.3,62.1001,324.222,0.6996,0.1189,0.0279,0.0499,0.0193,7.4052,3.731,7.562,0.0163,0.6,0.0409,1369.0,1995.0,0.1,0.088,0.141,1.4,0.764,0.2979,0.2102,0.6142,0.3466,0.6263,0.9,0.2088,7.78,13.79,69.863,0.688,13.28,8.86,19.651,45.744,0.0589,0.0629,0.0304,0.0495,0.0563,0.109,0.0696,0.16615,3.9239,0.0658,0.004,133.943,0.05774290113810468,1095.421562972477,0.0152,0.0155,0.043323392221540136,0.0078,56.5357,1.6385,0.0353,0.4376,0.1229,2.6684,27.8778,19.3247,18.5337,0.2231,1.4375,0.0421,1.0925,0.1352,0.0162,569.8727,167.7876,686.8762,829.8781,0.0444,0.0361,0.0642,0.4743,0.0353,0.2273,0.1171,0.0749,0.0983,8.7276,0.3084,4.7628,0.058,2.3138,3.8728,20.7956,0.2163,2.5059,3.3181,5.7022,17.5067,0.0174,0.0265,0.014,0.0211,0.0173,0.0569,0.035,0.08248588237179322,1.5861,0.0251,0.0011,41.2633,0.01899382896317771,355.23787135332697,0.010796988951253509,0.0028,19.094,0.457,0.0105,0.1556,0.0421,6.1121,0.8507,5.1174,2.0064,2.0243,2.8328,22.5787,29.3073,8.0779,43.4273,1.8307,1.6824,4.787,2.9316,43.6577,0.0,7.7131,4.3537,1.9206,2.0329,29.0323,39.5349,22.3741,0.3512,2.1212,0.9561,0.168,6.1609,10.3426,2.3953,16.0526,5.4926,2.1241,36.1845,2.1348,6.6312,5.5199,84.8018,2.7207,20.2275,49.3266,284.4552,453.3333,0.0,451.7553,584.4504,390.4628,533.7452,51.2003,2.4959,2.7756,0.4028,6.9328,29.566640134684146,0.0,47.7167,0.0,12.303952243833828,0.8262,7.1954,0.1001,2.7786,7.1257,5.3993,6.305,73.254,14.53,1.33,6.7381,0.5058,27.0176,3.6251,1.8156,0.4864,0.1043,51.6664,5.56,0.2182,2.0248,0.0906,2.0375,24.0683,532.8145,2.1082,6.88,0.2616,2.4746,0.0736,1.2913,12.4089,0.0127,2.5344,0.0111,0.0215,193.8286
-1.0,3014.77,2210.7333,2.2449,99.42,1.601,0.0075,-0.0032,202.3272,9.4151,417.2226,0.9676,192.1733,12.285800000000002,1.4113,-5129.75,-6853.3333,1.297,1.9825,7.2788,74.6111,2.1556,0.1752,84.8754,9.1637,64.7823,66.432,87.3675,81.59,2.925,363.2227,142.5218,752.8741,1.3016,146.4055,652.15,164.3809,4.595,4.833,2883.0,0.9156,-7.8145,363.0573,10.6879,114.7073,21.2018,27.8145,36.343,716.5311,153.1836,630.9482,92.9093,-0.006,-0.0277,0.0108,0.0059,-0.019,-0.0076,0.0147,7.8327,0.1363,0.9866,1662.0437,0.1682,9010.7398,0.0207,0.013,0.0381,0.0567,0.43942406444379367,0.9462,794.8919,0.99,57.8402,0.6022,0.9796,6.3274,15.7,2.679,15.71,15.66,0.9602,0.4764,3.427,0.5204,0.8218,2.2757,999.9391,120.0,241.2,202.1,69.3999,602.245,0.8985,0.1297,0.039,0.0605,0.0237,9.4183,4.867,9.508,0.0184,0.4,0.0394,1451.0,11792.0,0.077,0.064,0.404,5.4,0.352,0.4972,0.1214,0.5675,0.2964,0.6553,0.664,0.2133,6.49,11.96,58.091,0.445,8.73,10.83,15.28,53.723,0.0823,0.0282,0.0325,0.0556,0.0754,0.1334,0.1037,0.0275,3.4314,0.0982,0.0052,202.9407,0.0267,1268.4004,0.0123,0.0126,0.05100103433826106,0.0215,225.3032,1.4621,0.0554,0.4931,0.1229,2.6684,27.2841,77.6757,71.3377,0.276,2.0533,0.0444,1.4549,0.1207,0.016,665.633,193.45,1420.2257,6806.6715,0.0338,0.0334,0.177,1.7003,0.0491,0.1506,0.2145,0.0474,0.0844,7.6173,0.2094,3.8371,0.0601,2.0712,3.2222,18.7855,0.1325,2.8157,3.4101,4.5601,19.1497,0.0255,0.0129,0.0141,0.0257,0.0198,0.07,0.053,0.0118,1.2972,0.0314,0.0016,60.3271,0.0094,415.992,0.013430368004738635,0.0074,65.4004,0.4275,0.017,0.1613,0.0421,6.1121,0.8507,5.2921,8.0006,8.1063,3.1392,44.001,40.0215,8.1012,51.6936,2.2789,1.8977,3.2587,2.7952,64.2526,172.0623,5.9368,3.2282,5.5504,7.862050000000002,55.6701,87.8884,10.7481,0.5858,1.3249,0.876,0.2742,6.2413,11.4228,1.9861,16.3878,4.4329,1.8339,35.3393,1.9259,4.1636,6.1461,41.1757,2.1325,11.186,57.8231,0.0,105.1258,514.8148,0.0,703.9578,0.0,187.3935,43.8083,2.2896,4.0491,0.5266,12.2103,15.8525,0.0,22.3602,0.0,13.475086298271476,2.2719,28.3439,0.051,2.5279,7.7932,5.3993,6.305,72.498,17.85,1.08,7.2228,0.5065,64.4375,4.3798,1.4897,0.1537,0.0403,16.2835,11.57,0.2453,4.1853,0.1022,4.085,28.0784,532.1382,2.0329,9.02,0.2568,3.0501,0.0828,1.6951,12.6333,0.0183,3.6769,0.0458,0.0277,60.543
-1.0,3027.72,2192.1889,2.387,107.3989,1.5697,-0.0122,-0.005,199.7469,9.6782,403.3723,0.9804,189.9715,12.6241,1.4249,-2941.25,464.5,1.2735,2.0197,7.29,73.3556,2.2444,0.1797,86.7232,8.3271,64.0969,65.9364,87.0707,63.93999999999998,5.041,362.93,140.0955,748.9214,1.3447,145.6555,648.6809,204.1674,4.601,4.851,2882.0,0.9185,-2.9791,361.6573,10.6695,117.1164,20.4364,22.9791,31.6736,717.2478,149.4709,628.2445,83.6264,-0.0091,-0.0288,0.0158,-0.0124,-0.0059,-0.0493,0.0256,7.8045,0.1334,0.9916,1870.3011,0.1775,8484.1001,0.1022,-0.013,-0.0172,-0.0131,0.44171656872322185,0.951,727.6432,0.99,58.2013,0.597,0.9667,6.32,15.72,2.398,15.71,15.73,0.9365,0.4108,3.398,0.3784,0.8741,2.2732,1000.1451,87.0,74.6,100.2,62.1001,324.222,0.6996,0.2283,0.089,0.0511,0.0069,7.9152,6.447,14.992,0.006,0.26,0.0405,669.0,11705.0,0.181,0.095,0.207,2.3,0.619,0.7345,0.1843,0.5273,0.4718,0.8375,0.604,0.1883,8.17,11.88,70.408,0.547,13.55,8.67,17.362,68.023,0.0597,0.0495,0.0554,0.0748,0.0862,0.1114,0.0514,0.077,3.6634,0.0627,0.0008,90.2729,0.0514,590.0996,0.0151,0.0126,0.035745278086962456,0.0183,57.1376,1.5385,0.05,0.4471,0.1218,3.971,24.2665,24.7605,35.3966,0.2231,1.4375,0.0724,1.7877,0.072,0.0149,276.9892,107.8718,400.356,5716.8534,0.0847,0.045,0.0984,0.8604,0.0574,0.2074,0.2893,0.0693,0.044,7.2437,0.2096,4.7264,0.0543,2.371,3.3349,21.9487,0.1531,2.414,2.8385,5.3035,19.4927,0.0168,0.0217,0.0228,0.036,0.0305,0.055,0.0213,0.0398,1.2456,0.0203,0.0003,29.3817,0.0148,175.1544,0.009269018085353254,0.0056,17.5242,0.4406,0.0163,0.1534,0.0426,6.553,1.2833,4.0496,2.4639,4.1223,2.8328,22.5787,29.3073,14.5438,66.6137,3.7167,0.6107,2.0596,2.8437,33.0812,0.0,14.2128,4.7036,2.8395,3.1354,80.198,108.5343,18.5453,0.8469,2.2129,0.8227,0.4351,5.6926,9.6434,2.5395,14.0025,5.6091,1.8314,34.4854,1.8727,5.1268,6.8564,66.3035,2.4206,13.4898,81.3416,654.695,498.7406,472.6698,697.6227,0.0,104.154,301.0753,46.9399,4.941799999999999,2.5759,0.0829,4.8267,28.9494,381.8182,62.6653,0.0,9.597045765514114,1.9278,7.8524,0.0616,2.6435,7.0741,5.3587,10.7222,75.392,23.82,1.85,10.2189,0.7314,72.2412,5.8458,2.4538,0.4864,0.1043,51.6664,4.98,0.0877,2.0902,0.0382,1.8844,15.4662,531.7464,2.2909,9.1299,0.2908,3.1198,0.0849,1.717,12.6938,0.0125,2.481,0.0458,0.0277,60.543
-1.0,2893.19,2200.2111,1.6485,98.3222,1.5471,0.0133,0.0095,196.7414,12.5048,420.8858,0.9822,186.9337,12.5284,1.3676,-3391.3333,-92.75,1.2477,1.9785,7.2405,68.2444,2.7556,0.2117,84.7632,9.0402,63.9938,66.339,85.9998,63.93999999999998,4.31,365.7491,138.4355,748.7474,1.3473,145.69,649.8745,212.2352,4.638,4.893,2871.0,0.9223,0.3173,365.6173,10.469,118.7527,15.0318,19.6827,26.9954,721.7521,150.4727,634.8427,96.3277,-0.0256,-0.0259,0.0114,0.0119,0.0233,-0.0128,0.0178,7.0587,0.1343,0.9906,1870.9937,0.1572,8577.1599,-0.0505,-0.0316,0.0744,-0.0125,0.4432917774052719,0.9448,723.813,0.9893,59.2627,0.5977,0.9782,6.3192,15.73,3.853,15.78,15.77,1.163,0.6638,3.237,-0.3311,0.7069,2.2539,997.4334,111.0,117.2,93.3,46.5999,229.762,0.1258,0.23175000000000004,0.0827,0.0593,0.0043,9.765,5.476,10.85,0.0042,0.22,0.0593,538.0,683.0,0.124,0.124,0.341,2.8,0.516,0.5484,0.1324,0.543,0.3245,0.6941,0.831,0.1614,7.45,12.22,56.512,0.616,13.25,10.39,18.386,83.714,0.0582,0.0462,0.0359,0.0808,0.0557,0.1197,0.0836,0.0405,2.5098,0.0653,0.0026,94.3346,0.0651,1233.4004,0.0138,0.0183,0.04849075238653977,0.0161,139.0828,2.6251,0.0507,0.5095,0.0358,6.5747,28.2605,37.5142,30.4205,0.0447,2.5857,0.08085,1.8776,0.0572,0.0199,266.161,118.6957,563.3474,298.0183,0.0551,0.0569,0.1445,0.9748,0.0424,0.1707,0.2186,0.0522,0.1543,7.6902,0.2576,4.5661,0.0591,2.2694,3.5634,18.0543,0.1838,3.0887,3.936,6.2663,27.6841,0.0173,0.0204,0.0169,0.0357,0.0163,0.0623,0.0425,0.0208,0.8899,0.0213,0.0008,30.6676,0.021,522.3283,0.0131526080892138,0.0065,55.6773,0.7811,0.018,0.1683,0.0116,6.586,1.9309,4.9768,4.0509,3.7349,2.118,21.9174,7.6342,16.1177,43.7911,2.5779,0.4259,1.756,4.3324,30.1946,736.3881,9.9379,6.2674,4.7096,4.1029,58.0645,62.8346,14.9753,0.647,1.4647,0.8485,0.1387,6.6166,10.1852,2.3756,11.9788,5.1136,1.8804,26.6271,1.8484,5.884,5.103,88.1466,2.5474,17.1739,86.9054,226.9006,182.9703,707.221,468.0672,513.7339,651.8519,227.209,35.5556,3.3499,2.7366,0.2622,5.042,41.4191,0.0,32.2148,0.0,12.979645442313904,1.7006,19.2153,0.1009,4.4296,8.0634,1.5885,16.4864,73.254,14.53,1.33,6.7381,0.5058,27.0176,3.6251,1.8156,0.2903,0.0602,28.0255,1.49,0.3117,0.6449,0.1203,0.605,23.999,523.3110000000001,1.866,15.390000000000002,0.6164999999999999,5.3345,0.18730000000000002,2.8874999999999993,28.50255,0.0106,2.1397,0.0458,0.0277,60.543
-1.0,3006.5,2217.5778,2.5361,104.9022,1.5715,-0.0159,-0.0037,197.415,9.1002,409.4322,0.973,187.2,12.5718,1.4218,-3732.75,-1056.6667,1.2668,1.9783,7.26,74.1444,1.9889,0.164,83.7266,8.3808,64.7177,66.4761,86.625,79.55,2.809,350.5973,143.6155,736.6066,1.2458,135.0645,629.2773,206.1203,4.4879999999999995,4.71,2829.0,0.9091,-3.4618,351.4236,10.1775,120.1536,11.4746,23.4618,30.7458,705.8607,146.2255,617.8027,108.9535,-0.0191,0.0238,-0.0045,0.0096,0.0291,-0.0505,-0.0008,7.3436,0.1411,0.9902,1870.3431,0.204,8576.5798,0.0953,0.0028,0.17079999999999998,-0.0085,0.44046311755013456,0.9465,640.1508,0.9896,59.7051,0.6003,0.9711,6.2867,15.72,2.398,15.71,15.73,0.9365,0.4108,3.398,0.3784,0.8741,2.2732,1000.1451,83.0,176.7,97.9,44.2002,292.2251,0.6031,0.1841,0.0813,0.0556,0.0155,9.9159,5.79,12.571,0.0128,0.37,0.0667,1047.0,2097.0,0.218,0.09,0.094,2.1,0.507,0.6762,0.1058,0.5286,0.1557,0.6222,0.642,0.0945,5.27,14.65,68.293,0.19,18.47,3.84,24.702,94.931,0.087,0.0303,0.0636,0.075,0.0622,0.0944,0.0394,0.0742,3.425,0.0384,0.0012,105.2343,0.0326,851.3999,0.0308,0.0326,0.05503187155521405,0.0251,102.2036,4.3116,0.0529,0.3166,0.1218,3.971,23.3916,53.6941,29.3898,0.1811,1.6137,0.065,1.7245,0.0976,0.0187,481.8488,216.8456,817.2859,1154.3814,0.0958,0.0376,0.0412,0.7143,0.0181,0.1566,0.2631,0.0456,0.0887,6.2287,0.1884,7.1462,0.03,1.9854,5.2281,21.2991,0.0602,1.1914,1.7936,8.0767,23.4731,0.024,0.0134,0.0276,0.0398,0.0193,0.0535,0.0164,0.0396,1.3722,0.0143,0.0004,36.6661,0.0098,276.281,0.015279248912884492,0.0081,31.7302,1.234,0.0171,0.1006,0.0426,6.553,1.2833,3.6617,5.8773,3.8901,1.9932,22.7701,23.7795,11.7152,63.6251,3.0703,1.3106,2.9431,4.694,45.1946,198.4543,17.2094,4.5495,1.2948,2.8323,70.3911,38.4146,14.3122,0.8076,1.2629,0.8168,0.2418,5.9727,4.6931,3.1211,7.5882,3.9018,2.3281,33.1326,4.0517,1.8669,4.694,160.9647,3.4996,14.6309,87.1298,456.0944,58.8064,0.0,648.3388,324.957,78.0971,0.0,46.6395,1.8425,1.6052,0.1194,5.6265,15.9617,764.8094,44.4886,0.0,12.925655974296374,2.649,15.9656,0.1103,7.2215,5.0363,5.3587,10.7222,72.1411018467808,17.057586171614975,1.2447754768666695,7.749892217793124,0.4735002789909857,38.93489636701071,4.2298665426291695,1.7202509039968714,0.6576,0.1426,66.4854,4.98,0.0877,2.0902,0.0382,1.8844,15.4662,532.2664,2.0223,9.03,0.3007,3.2278,0.0792,1.6965,14.8684,0.0181,3.6562,0.0458,0.0277,60.543
-1.0,3094.77,2215.8111,2.3183,98.45,1.5084,0.0112,-0.001,202.7015,10.4754,418.8332,0.967,192.7363,12.5718,1.406,-4789.5,-4936.0,1.2735,2.0135,7.2622,74.1,2.4111,0.1911,84.1477,9.7571,64.331,66.003,86.8511,77.1,2.704,348.1582,144.7291,733.941,1.0194,131.0027,623.89,63.2755,4.604,4.855,2828.0,0.9347,-3.4391,350.2673,10.3302,121.29,9.054,23.4391,28.2662,705.6748,144.4964,616.0536,117.7657,0.0008,-0.0532,0.0151,-0.0054,0.0173,-0.0372,-0.0033,7.5637,0.1339,0.9919,1734.1966,0.1829,8312.54,-0.1524,0.0009,0.0981,-0.0327,0.4562194082616853,0.9512,725.5429,0.9897,58.6072,0.6046,0.9607,6.428,15.73,3.853,15.78,15.77,1.163,0.6638,3.237,-0.3311,0.7069,2.2539,997.4334,65.0,208.0,170.2,53.3,565.522,0.6157,0.23175000000000004,0.1013,0.0654,0.0182,7.3421,4.566,16.408,0.0152,0.37,0.0473,597.0,17919.5,0.277,0.136,0.286,3.8,0.689,0.6607,0.1713,0.4792,0.3363,0.8184,0.867,0.1492,7.89,20.16,25.24,0.234,14.18,4.74,27.234,74.555,0.0736,0.0408,0.0241,0.0466,0.0512,0.1071,0.0739,0.0581,5.2043,0.1113,0.0019,85.6218,0.0451,925.7002,0.0128,0.0151,0.041462603779155116,0.0179,90.5453,1.1721,0.0433,0.3561,0.0358,6.5747,18.2414,73.9128,57.6099,0.2167,2.3426,0.08085,1.2708,0.0976,0.0162,263.0342,363.4697,2723.6104,8994.62525,0.1234,0.0567,0.1357,1.321,0.0635,0.2504,0.2608,0.0722,0.0591,7.0636,0.2476,7.4379,0.0445,2.8993,5.4293,7.8683,0.0787,1.5784,1.8116,8.7691,24.4251,0.0235,0.0176,0.0114,0.0209,0.0168,0.0546,0.036,0.0296,1.9831,0.036,0.0005,26.5502,0.0161,292.2924,0.010520597879285417,0.006,29.2361,0.3605,0.0128,0.1141,0.0116,6.586,1.9309,3.0031,6.721,6.9347,2.4054,40.7053,26.5572,16.1177,43.588,3.9176,1.5713,2.9431,3.3606,117.6741,413.0875,21.9081,6.7544,3.9382,5.1282,78.8018,113.5465,19.9139,0.7852,1.7556,0.7449,0.2765,6.3563,3.7311,3.1137,14.6318,6.0228,3.2313,39.8891,5.645,2.2652,5.3591,156.6158,3.8593,12.4905,63.3079,0.0,102.9004,308.6093,949.2468,617.2911,198.5225,0.0,68.807,3.1367,4.5066,0.189,4.9373,24.6589,958.7302,49.4481,0.0,9.937784960310806,1.8867,12.4797,0.0832,1.9998,5.5403,1.5885,16.4864,73.254,14.53,1.33,6.7381,0.5058,27.0176,3.6251,1.8156,0.6576,0.1426,66.4854,5.48,0.207,1.9888,0.0814,2.0825,24.7743,531.9873,2.068,10.25,0.2424,3.4925,0.0906,1.9267,11.7201,0.0159,3.178,0.0458,0.0277,60.543
-1.0,2985.78,2200.2111,1.6485,98.3222,1.5242,-0.0006,0.0053,195.7208,10.7293,423.5333,0.9687,185.7265,12.5214,1.4113,-4082.25,-4155.0,1.2895,1.9638,7.1653,75.4444,2.3222,0.164,85.1167,8.2963,64.3217,66.0225,86.955,80.59,3.53,369.5173,141.9482,755.2433,0.9349,132.7673,644.2327,63.3281,4.648,4.889,2873.0,0.918,-3.5573,368.4391,10.6604,118.3909,13.2772,23.5573,29.2792,725.9641,144.1255,630.9555,118.7371,0.0159,-0.0426,-0.0224,0.0019,-0.006,-0.0462,0.0129,7.0006,0.1306,0.951,1785.5514,0.1781,8911.2899,0.2275,0.0019,-0.0256,-0.0632,0.4369164319477111,0.9544,772.5346,0.9894,59.7638,0.5985,0.979,6.3435,15.72,2.398,15.71,15.73,0.9365,0.4108,3.398,0.3784,0.8741,2.2732,1000.1451,100.0,162.3,182.1,46.5999,229.762,0.1258,0.23175000000000004,0.0472,0.0474,0.0196,9.4392,4.664,14.467,0.0153,0.2,0.0259,1343.0,15909.0,0.207,0.072,0.266,3.5,0.604,0.6925,0.047,0.5372,0.2023,0.6042,0.852,0.0894,6.59,16.88,26.561,0.419,14.67,9.78,24.061,92.374,0.0527,0.05,0.0621,0.0531,0.0738,0.0858,0.015000000000000013,0.1337,4.5913,0.0311,0.0088,73.5779,0.0381,1379.5,0.0333,0.016,0.04718209936686074,0.0161,150.9289,2.6852,0.0447,0.3393,0.1218,3.971,26.332,55.2945,57.6692,0.0447,2.5857,0.08085,1.2823,0.058,0.0085,609.3261,222.9925,1318.6383,7792.6939,0.0845,0.032,0.1246,1.069,0.0304,0.1896,0.2679,0.018,0.0912,7.3566,0.2969,5.4053,0.0271,2.1329,4.7368,7.2755,0.118,2.7857,3.5812,6.6629,29.8155,0.0175,0.0209,0.0279,0.0282,0.0249,0.0455,0.006400000000000003,0.0719,1.6776,0.0098,0.0034,21.7351,0.0121,423.0511,0.011644015791714441,0.0064,52.673,0.8019,0.0139,0.1062,0.0426,6.553,1.2833,4.5384,5.4358,7.3995,2.118,21.9174,7.6342,16.1177,43.4699,3.4158,1.5751,1.5973,1.8323,74.1503,382.8881,16.0527,3.6665,3.7124,4.6392,43.0622,63.4146,18.5694,0.8136,0.5663,0.8352,0.2631,5.9754,10.4193,2.7706,9.5604,4.9636,2.6202,41.9419,2.0438,3.9304,4.899,110.4899,3.3143,7.8252,77.7971,330.537,197.6285,237.3184,0.0,0.0,21.4402,0.0,65.5838,2.2977,1.3059,0.928,4.1207,21.377,0.0,57.0738,0.0,11.99351382810849,1.6877,19.5368,0.0978,4.493,5.3487,5.3587,10.7222,73.254,14.53,1.33,6.7381,0.5058,27.0176,3.6251,1.8156,0.2903,0.0602,28.0255,6.3,0.2032,2.3457,0.0829,2.3234,24.0165,529.4391,2.0075,10.07,0.3509,3.6046,0.1086,1.902,17.4779,0.0138,2.7888,0.0458,0.0277,60.543
-1.0,3171.42,2217.0,1.6604,93.6611,1.4193,0.0033,-0.0057,201.3581,12.5159,414.3387,0.9742,191.2109,12.285800000000002,1.3835,-3731.0,281.75,1.2683,2.0048,7.3693,70.7667,2.4556,0.179,84.9605,9.0744,64.2376,66.2771,85.9594,80.69,2.308,352.4482,142.5855,738.343,1.2706,139.1855,634.2191,235.5599,4.598,4.799,2854.0,0.932,2.6827,353.3882,10.0545,125.2682,9.2521,17.3173,23.9232,714.4198,147.47,626.1264,96.9042,0.002,-0.0465,-0.0084,-0.0044,-0.0032,-0.0321,0.0015,7.2475,0.1263,0.9917,1759.3638,0.1814,9166.4199,0.0396,-0.027,0.001,-0.0304,0.4415190900462058,0.953,787.0676,0.9867000000000001,58.3159,0.5983,0.9638,6.4413,15.72,2.398,15.71,15.73,0.9365,0.4108,3.398,0.3784,0.8741,2.2732,1000.1451,109.0,158.5,212.4,51.0,504.072,0.2153,0.1326,0.0372,0.0439,0.0141,8.7404,15.172,5.169,0.0111,0.8700000000000001,0.0976,481.0,703.0,0.145,0.106,0.238,2.0,0.906,0.4063,0.1045,0.7631,0.3678,0.8259,0.466,0.0951,7.6,22.57,39.943,0.631,14.38,6.78,33.369,78.303,0.0741,0.0602,0.0298,0.0715,0.0803,0.1009,0.039,0.0666,5.4202,0.0349,0.0006,112.5125,0.0549,641.0996,0.0173,0.014,0.052025729540330024,0.0092,64.9475,3.854,0.06409999999999999,0.4222,0.1218,3.971,27.7411,47.0498,73.1499,0.0698,2.349,0.048,4.7983,0.2202,0.0292,211.4669,167.7227,683.8913,305.4389,0.0674,0.0477,0.0984,0.7697,0.0487,0.2621,0.1513,0.0411,0.1665,4.9049,0.1367,8.9307,0.0312,2.3779,6.7805,12.0015,0.1932,2.1514,2.2922,10.5302,24.29,0.0252,0.0263,0.0124,0.0314,0.0241,0.0559,0.0163,0.033,1.7392,0.0118,0.0002,36.3815,0.0159,212.1804,0.018179150455703477,0.0032,20.6635,1.0952,0.0204,0.1382,0.0426,6.553,1.2833,4.8904,4.9978,8.0625,2.3004,35.0822,12.9658,9.3425,121.2217,1.2475,1.1351,6.94175,7.0582,41.8118,249.512,11.4331,5.2874,3.2296,2.8262,61.086,93.2961,26.825,0.4782,1.151,1.1879,0.2185,4.4375,7.6235,3.9609,7.4862,5.4603,3.5587,16.9566,5.6815,6.2758,11.0962,155.4242,4.6708,13.711,80.8046,0.0,336.3128,764.9995,0.0,0.0,121.4953,0.0,74.787,2.3747,1.4637,0.0573,6.3951,30.2442,0.0,32.8558,0.0,12.337306950995034,0.9608,8.2518,0.25379999999999997,6.6089,6.5552,5.3587,10.7222,71.642,12.6,1.37,5.6072,0.5025,81.288,3.1411,1.9123,0.2903,0.0602,28.0255,5.07,0.1857,2.0414,0.0814,1.9233,27.7969,531.3091,1.9363,10.85,0.2938,3.609,0.0862,2.0421,15.1731,0.0257,5.1277,0.0299,0.0216,72.023
-1.0,3068.47,2200.2111,1.6485,98.3222,1.4409,-0.0112,-0.0017,197.4388,10.0908,411.4976,0.9701,187.2961,12.4363,1.3814,-3575.75,51.75,1.0955,1.7893,5.0885,72.6222,1.8889,0.1542,84.0623,8.9607,64.1176,66.1488,86.4051,79.43,2.945,365.1055,144.2091,752.3135,0.9542,129.7036,639.0182,76.8012,4.556,4.79,2888.0,0.9168,1.7791,363.8191,10.2995,125.9882,10.7126,18.2209,24.0609,728.2525,140.9773,630.7845,85.971,-0.0206,-0.0392,0.0584,-0.0024,0.0084,-0.0039,-0.0028,7.8135,0.1338,0.9911,1804.9894,0.1795,8505.8301,-0.0862,-0.0177,-0.0256,-0.0637,0.4222216400923402,0.9463,733.3298,0.9892,59.7824,0.6005,0.9667,6.2714,15.7,4.333,15.75,15.75,1.248,0.7585,3.234,-1.466,0.685,2.3056,999.1343,77.0,221.0,148.5,46.5999,229.762,0.1258,0.1121,0.0425,0.0709,0.0205,10.0409,4.962,3.778,0.0161,0.31,0.0399,255.0,630.0,0.092,0.075,0.412,4.1,0.139,0.6214,0.0961,0.6507,0.4711,0.6833,0.726,0.1321,12.93,13.74,26.521,1.043,11.24,14.9,22.043,65.598,0.1097,0.0476,0.0373,0.0325,0.0645,0.106,0.0746,0.068,2.9169,0.0799,0.0037,114.4329,0.0257,927.7998,0.0267,0.0315,0.06132506991037856,0.0219,181.1985,3.302,0.0543,0.2928,0.0482,3.4877,22.7878,74.378,47.6149,0.0447,2.5857,0.0367,1.6082,0.093,0.0122,133.9935,48.2589,115.185,282.3194,0.0398,0.0308,0.1881,1.2706,0.038,0.0409,0.2527,0.0402,0.0485,6.7658,0.2486,4.9776,0.0444,3.2178,4.0036,8.2724,0.3508,4.3356,5.8474,7.0335,18.6734,0.0298,0.0235,0.0168,0.0155,0.0215,0.0566,0.036,0.0319,1.0525,0.0256,0.0013,39.1276,0.0084,303.1216,0.013018518828136824,0.008,63.0508,0.9311,0.0161,0.1034,0.0173,4.9199,1.2537,3.4142,7.2023,5.9661,2.118,21.9174,7.6342,7.7798,49.1734,0.9181,1.6572,2.4927,2.8883,6.9356,0.0,8.398,4.1917,7.544649999999999,5.6457,42.3529,76.513,2.9582,0.7392,1.0728,1.0149,0.3443,4.9766,13.3487,2.3166,13.8407,9.9689,2.1502,34.532,2.3295,10.1268,4.4687,104.9228,3.0268,15.6518,76.3025,533.0094,164.1379,55.6745,0.0,0.0,0.0,0.0,37.3308,3.2146,3.21,0.3711,6.3398,14.3341,478.1784,32.7485,0.0,11.758272755001089,2.3113,24.709,0.2521,5.5233,4.6682,2.0916,7.5895,73.254,14.53,1.33,6.7381,0.5058,27.0176,3.6251,1.8156,0.2903,0.0602,28.0255,4.98,0.0877,2.0902,0.0382,1.8844,15.4662,535.2245,2.0034,8.74,0.3895,3.1149,0.1179,1.633,19.442,0.0166,3.3468,0.0299,0.0216,72.023
-1.0,3012.98,2215.8111,2.3183,98.45,1.568,0.0165,-0.0113,199.4509,12.0923,411.7312,0.9736,189.7136,12.4363,1.4026,-2601.5,351.75,1.3187,1.98,7.1472,72.9778,2.3778,0.1819,84.1477,9.7571,64.331,66.003,86.8511,77.1,2.704,347.4482,152.19,747.2398,0.9603,137.1782,636.8164,65.1897,4.542,4.798,2867.0,0.9303,-1.4627,347.6891,10.2212,130.7273,10.0594,21.4627,25.7529,721.4869,149.6191,628.0355,68.1039,-0.0066,-0.0421,0.006,-0.0268,-0.0105,-0.0368,0.0114,8.1559,0.1344,0.9885,1863.8388,0.1886,8758.0301,-0.1478,-0.0149,0.0711,-0.0287,0.4528252077442415,0.9421,754.4397,0.9899,58.0857,0.6023,0.9787,6.2632,15.72,2.398,15.71,15.73,0.9365,0.4108,3.398,0.3784,0.8741,2.2732,1000.1451,107.0,171.8,87.6,53.3,565.522,0.6157,0.23175000000000004,0.1033,0.0693,0.0169,11.8176,9.95,7.24,0.0134,0.31,0.1069,1899.0,1045.0,0.277,0.135,0.355,5.4,0.63,0.6607,0.1713,0.4792,0.3363,0.8184,0.622,0.1324,10.25,25.3,24.148,0.184,11.6,9.43,33.127,35.23,0.0894,0.0566,0.0527,0.0805,0.1143,0.1547,0.0831,0.0774,2.4191,0.0779,0.0024,147.3771,0.0442,1049.7998,0.0173,0.0165,0.046818972739555265,0.0264,127.4374,1.5748,0.047,0.4389,0.1218,3.971,29.4073,53.4538,26.9166,0.2167,2.3426,0.08085,3.1309,0.093,0.0334,811.7029,301.5886,2175.6833,449.5675,0.12369999999999999,0.0574,0.1794,1.6277,0.0617,0.2048,0.2608,0.0722,0.0591,5.0517,0.2162,9.821,0.0452,3.3021,6.7385,7.7733,0.0558,2.5916,2.9063,10.5492,9.4805,0.0252,0.026,0.0235,0.0374,0.0268,0.0699,0.0425,0.0365,0.7847,0.0243,0.0008,45.3673,0.0154,421.4316,0.013178639229723739,0.0082,51.2012,0.4314,0.0157,0.1459,0.0426,6.553,1.2833,4.8127,5.702,3.6441,2.4054,40.7053,26.5572,16.1177,82.2839,1.7584,1.3811,2.4927,7.6213,185.2777,297.086,23.078450000000004,6.8182,4.9669,7.8106,84.1121,98.9615,19.2484,0.7852,1.7556,0.7449,0.2765,4.7115,7.6286,4.3543,13.7897,7.472,3.9729,37.0426,5.3798,1.8002,8.2385,115.3151,4.5915,15.7325,51.7298,0.0,156.3536,0.0,425.7974,0.0,225.9687,677.4617,29.6607,4.941799999999999,3.3048,0.2465,7.9072,23.4302,0.0,25.3846,0.0,12.554513827284092,2.803,16.8917,0.0552,2.7111,7.0071,5.3587,10.7222,72.526,17.9,0.65,8.4879,0.2564,42.0134,4.4663,0.8962,0.2903,0.0602,28.0255,11.57,0.1237,4.532500000000001,0.0485,4.0934,18.3513,530.5455,1.9626,9.42,0.4069,3.491,0.1255,1.7755,20.7331,0.0171,3.4411,0.0299,0.0216,72.023
-1.0,3060.55,2217.0,1.6604,93.6611,1.6162,-0.0063,-0.0108,200.1262,11.4545,423.8405,0.9801,190.1342,12.5788,1.4314,-2721.5,24.75,1.2843,1.9453,7.0565,73.6222,2.0556,0.1598,85.2544,8.3675,64.3032,66.0584,86.8342,63.93999999999998,1.582,370.14,144.5845,759.1672,0.9368,135.3,650.0245,75.6305,4.636,4.893,2869.0,0.9175,-5.4282,366.7682,10.6187,119.1564,9.8145,25.4282,29.3135,729.8536,154.2855,640.21,171.74984999999998,0.0011,-0.0464,-0.0532,0.0045,-0.0245,-0.001,-0.076,7.9547,0.1277,0.9897,1825.8502,0.1777,8825.0999,-0.0555,0.0949,0.0458,0.0183,0.443210166803907,0.9417,774.3178,0.9891,60.8747,0.5962,0.9807,6.2308,15.73,3.23,15.76,15.69,0.8231,0.5794,3.513,0.9461,0.8089,2.3245,1005.7411,126.0,217.1,175.3,51.0,504.072,0.2153,0.1316,0.031,0.0523,0.01,8.0075,5.919,8.017,0.0066,0.26,0.077,1820.0,11193.0,0.029,0.14,0.376,2.6,0.49,0.5344,0.1325,0.4795,0.2052,0.6852,0.873,0.1357,10.89,11.49,24.232,0.358,15.01,9.77,24.044,49.136,0.0674,0.0497,0.026,0.057,0.0572,0.1004,0.0619,0.0687,3.0758,0.0783,0.0014,102.6923,0.0409,1233.7998,0.0145,0.0147,0.037894130499513845,0.0232,138.4623,2.9232,0.022,0.4028,0.1265,2.8371,30.2483,73.8353,59.2227,0.0698,2.349,0.0495,1.6971,0.0656,0.025,748.7939,220.6813,3051.9208,4720.5962,0.0135,0.0589,0.1864,0.9821,0.0326,0.1636,0.2635,0.0502,0.0956,6.9595,0.248,5.2965,0.0403,3.1264,4.0038,7.9101,0.1103,3.1394,4.1016,6.8951,17.8609,0.0203,0.0206,0.012,0.0292,0.0156,0.0556,0.0315,0.0375,0.9999,0.0268,0.0004,35.0086,0.0134,435.6628,0.009984360354188974,0.0079,48.14,0.8603,0.007,0.1309,0.0456,5.5662,1.0382,5.8359,7.0935,7.2437,2.3004,35.0822,12.9658,8.1424,51.6738,1.8915,0.6731,2.067,5.3795,257.6888,0.0,2.2581,7.197,5.3284,3.5315,34.0541,65.0904,14.764,0.6268,1.5839,0.7457,0.3651,6.0193,9.1642,2.5967,14.4896,8.0488,1.7676,32.04,2.4264,3.3714,3.2059,152.9369,3.2944,14.5101,23.1885,0.0,618.59025,107.0925,0.0,409.3782,0.0,90.4245,38.6669,1.8791,3.2085,0.1399,5.6244,23.0104,0.0,27.7603,274.5098,10.319761444575244,2.4626,17.8818,0.1043,4.8021,6.4642,5.4413,7.5083,73.254,14.53,1.33,6.7381,0.5058,27.0176,3.6251,1.8156,0.4864,0.1043,51.6664,4.98,0.0877,2.0902,0.0382,1.8844,15.4662,533.1364,2.0133,7.24,0.2456,2.4138,0.0849,1.358,12.2013,0.0146,2.9192,0.0156,0.0388,255.5817
-1.0,3025.46,2195.9778,1.5605,103.24,1.4298,0.0122,0.0176,202.3064,13.0361,423.8394,0.9681,192.6418,12.5292,1.3947,-3521.75,-2805.0,1.273,1.9942,7.3293,74.7222,2.2444,0.1746,87.3041,8.3267,63.9771,66.0377,86.889,80.78,3.131,363.9527,140.2045,749.5811,1.3748,144.1745,648.3318,206.7874,4.601,4.851,2882.0,0.9185,-1.4609,364.2836,10.5291,118.7436,15.53,21.4609,28.8331,720.748,149.7745,632.8018,109.7284,-0.0355,-0.0177,0.0111,-0.0006,0.0039,-0.0081,0.0159,7.2462,0.1423,0.9888,1802.2084,0.1701,8804.5301,0.1853,-0.0493,-0.0744,0.0078,0.43214612544442177,0.9499,740.9146,0.9899,58.1153,0.6008,0.9646,6.3362,15.73,4.138,15.77,15.73,1.13,0.6844,3.225,-0.9461,0.7269,2.2711,997.5587,96.0,103.2,116.5,46.3999,888.49,0.2816,0.0936,0.08,0.10045,0.0206,7.4387,15.976000000000003,5.074,0.0157,0.25,0.0488,1474.0,5072.0,0.178,0.103,0.266,3.3,0.484,0.8145,0.056,0.5984,0.327,0.9016,0.74,0.1915,8.85,11.86,54.964,0.528,15.01,6.21,20.819,81.691,0.0542,0.0891,0.0225,0.0717,0.0668,0.0378,0.1143,0.0604,3.455,0.0257,0.0014,103.7551,0.0243,1323.9004,0.0175,0.0233,0.04981023519335176,0.011,131.7491,1.5603,0.0355,0.4347,0.0461,3.8778,25.2356,35.6156,43.2123,0.1025,2.1577,0.0359,4.96435,0.0731,0.0203,702.5345,215.8076,1569.8551,2609.0696,0.083,0.057,0.1159,1.1819,0.0454,0.1909,0.3281,0.0234,0.0966,7.7137,0.2532,4.6086,0.0618,2.6568,3.1492,18.655,0.1621,1.8373,2.9585,6.0883,22.2658,0.0156,0.0399,0.0104,0.0323,0.0194,0.0168,0.0583,0.0289,1.1348,0.0097,0.0005,36.493,0.0077,392.7569,0.018213473839195263,0.0034,38.7216,0.4559,0.0126,0.1395,0.0146,5.9663,1.1919,4.3746,3.4111,4.6303,2.1129,63.999,18.0483,6.5462,143.7241,1.1971,1.6262,1.9953,3.499,106.8787,180.82,13.9827,5.1648,3.6293,4.4164,124.7525,70.4647,14.0643,0.9329,0.6722,0.9353,0.251,6.2178,10.1637,2.2926,13.9275,6.1384,1.8293,26.58,1.8727,5.0147,8.152,96.6517,2.8885,12.4494,74.4484,152.5686,0.0,645.9459,0.0,975.4839,0.0,379.8742,47.6808,0.7731,1.0731,0.141,5.7571,14.2604,0.0,38.6555,558.4906,13.122150469807151,1.1588,17.782,0.0562,2.6848,6.86,2.0316,10.9105,71.2,17.96,0.71,8.0376,0.2899,90.2815,4.446,0.9972,0.4384,0.1098,44.1134,4.98,0.0877,2.0902,0.0382,1.8844,15.4662,531.7464,2.2909,9.1299,0.2908,3.1198,0.0849,1.717,12.6938,0.0169,3.3884,0.0378,0.0388,171.9936
-1.0,2973.39,2195.9778,1.5605,103.24,1.3622,0.0387,-0.0202,201.6194,11.4371,407.9663,0.9817,191.9223,12.5284,1.4093,-3923.0,-477.25,1.2505,2.0,7.2005,77.1222,1.9889,0.1338,85.4772,8.324,64.4464,66.0411,86.8486,81.77,2.94,352.8509,140.6482,734.4735,1.298,136.8373,630.3364,178.1176,4.567,4.797,2860.0,0.9319,-4.8009,352.7836,10.3925,115.8473,12.97,24.8009,32.2309,702.2426,148.7355,617.3664,90.9548,-0.0356,-0.0009,0.0102,0.0112,-0.0132,-0.0182,0.0184,7.5179,0.1174,0.9929,1850.4375,0.1595,9571.3501,0.1708,0.0251,-0.0258,0.1059,0.4663,0.94,821.5747,0.9899,57.7159,0.6013,0.9798,6.1989,15.73,4.138,15.77,15.73,1.13,0.6844,3.225,-0.9461,0.7269,2.2711,997.5587,110.0,62.6,77.8,46.3999,888.49,0.2816,0.2222,0.1191,0.10045,0.0059,7.364,11.729,13.864,0.0044,0.22,0.063,1612.0,1425.0,0.108,0.087,0.165,3.8,0.279,0.6709,0.0483,0.6247,0.3688,0.6958,0.697,0.1276,11.64,19.0,64.46,0.476,17.23,6.39,27.27,46.037,0.0672,0.0558,0.0774,0.0394,0.0622,0.0777,0.1135,0.0158,3.4226,0.1109,0.0011,100.3682,0.0292,1292.5,0.0199,0.015,0.016,0.021,118.6033,1.6291,0.0495,0.4662,0.0461,3.8778,29.0,16.654,24.5516,0.1025,2.1577,0.08085,3.5206,0.0572,0.0211,764.9834,79.9687,872.2022,646.3499,0.0513,0.0381,0.0682,1.0895,0.0214,0.0854,0.2598,0.0199,0.086,6.2364,0.2518,8.9272,0.0451,3.6398,5.8251,17.3852,0.1595,2.1007,2.3435,8.5549,15.914,0.017,0.0236,0.0362,0.0208,0.0159,0.0422,0.0541,0.0079,1.0374,0.035,0.0004,38.6088,0.0093,387.1743,0.0041,0.0072,39.4364,0.4862,0.0164,0.1492,0.0146,5.9663,1.1919,5.0245,2.1053,3.0767,2.1129,63.999,18.0483,16.1177,102.5523,3.3983,0.4488,1.756,4.4725,53.5814,298.5856,8.6365,4.35,2.2915,4.9272,55.3073,53.0731,7.9961,0.7849,0.5806,0.9693,0.2112,6.0394,8.5106,3.9888,9.8301,8.5065,3.0143,36.1896,8.904,4.5803,4.8167,132.8446,3.8833,7.5271,50.6152,188.6978,0.0,385.0163,552.8889,589.7533,621.9178,86.0254,45.5258,1.2778,4.5051,0.1073,5.424,18.3256,0.0,46.4135,0.0,3.436,2.2311,14.4361,0.0498,2.8227,7.5201,2.0316,10.9105,73.178,15.71,1.06,7.6339,0.456,35.9121,3.8546,1.4485,0.6176,0.1409,58.4324,5.98,0.2991,2.596,0.1337,2.4206,24.4074,530.5455,1.9626,9.42,0.4069,3.491,0.1255,1.7755,20.7331,0.0135,2.6866,0.0378,0.0388,171.9936
-1.0,3014.16,2211.0667,1.5788,97.0089,1.4425,-0.0291,-0.0025,196.9962,12.9242,427.2639,0.9706,187.2699,12.5643,1.3805,-3685.5,87.25,1.3265,1.9525,7.2903,77.0556,2.2556,0.1436,83.6845,8.1409,64.6358,66.2133,86.8207,81.65,3.097,352.6327,141.3945,734.6593,1.0025,135.0955,629.1227,63.3696,4.542,4.798,2867.0,0.9303,-2.6682,353.6236,10.3058,118.7264,6.2838,22.6682,27.8665,706.7928,152.6755,625.0255,100.5545,-0.0137,-0.0086,-0.0298,0.0064,0.0269,-0.056650000000000006,-0.0521,7.214,0.1283,0.9674,1820.1745,0.1769,8495.53,0.0112,-0.0242,0.0021,0.1204,0.462214644034161,0.9459,791.233,0.9898,58.3783,0.5965,0.9802,6.4014,15.75,2.858,15.75,15.77,1.177,0.4781,3.289,0.0,0.8224,2.3353,1005.2293,79.0,95.6,124.6,58.4001,326.624,0.1582,0.1139,0.083,0.0318,0.0198,9.8036,11.319,9.997,0.0152,0.22,0.0304,741.0,825.0,0.093,0.091,0.201,3.1,0.643,0.6413,0.1236,0.7143,0.3889,0.5802,0.706,0.1481,12.92,17.46,24.408,0.313,11.21,7.66,32.039,66.644,0.0584,0.0589,0.0385,0.022,0.0603,0.0961,0.0327,0.0615,3.8754,0.0846,0.0116,153.2875,0.0293,1679.4004,0.0152,0.0091,0.0524218262033484,0.019,103.0518,1.3996,0.0224,0.4911,0.136,3.4468,22.7784,30.2047,50.7345,0.0623,2.2105,0.0385,3.4853,0.059,0.0096,345.1227,183.3601,166.0873,391.4566,0.0385,0.0415,0.0948,0.9043,0.0168,0.2201,0.249,0.0471,0.0497,5.584,0.202,8.6904,0.0513,3.4523,5.4741,8.2692,0.098,2.4318,3.297,9.7725,20.2487,0.0179,0.028,0.0188,0.0106,0.0164,0.0506,0.0151,0.0283,1.3066,0.0266,0.0039,46.831,0.009,495.9224,0.013638313272396372,0.0063,32.5307,0.4015,0.0085,0.1577,0.0475,5.2468,1.2899,3.5617,3.1717,5.2263,2.6413,29.5021,10.0184,7.8959,87.58,2.3398,1.5652,1.751,2.2014,10.4192,878.8110999999999,7.0109,4.6607,2.7571,4.0231,39.9015,36.2229,18.579,0.7663,1.5185,1.1051,0.2074,5.3171,8.1121,3.7762,14.7688,9.5636,2.7753,38.5169,5.3798,3.0371,6.3676,178.3954,4.533,12.5893,66.2765,426.6667,364.7059,73.8255,937.6093,357.2491,44.4898,118.0422,53.7202,1.9484,3.5651,1.1973,8.4216,16.5428,778.6096,48.6772,0.0,12.97311493021936,2.0072,13.0242,0.0694,2.3975,7.6714,5.8235,8.5065,73.254,14.53,1.33,6.7381,0.5058,27.0176,3.6251,1.8156,0.4864,0.1043,51.6664,8.33,0.1876,3.3252,0.0765,3.0619,19.8958,530.5455,1.9626,9.42,0.4069,3.491,0.1255,1.7755,20.7331,0.0207,4.1018,0.0122,0.008,65.4842
-1.0,3037.71,2150.0556,1.4756,100.9744,1.3987,0.0313,-0.0182,190.30665000000002,10.8957,420.5301,0.9549,180.37010000000004,12.5292,1.4038,-3923.25,3472.5,1.294,2.0093,7.405,72.2333,2.2222,0.1726,87.3732,8.5615,63.9323,66.0124,87.1811,78.7,2.851,347.3745,145.27,736.4043,1.2894,139.4991,632.1436,195.1285,4.605,4.866,2820.0,0.9312,-2.2582,348.7673,10.2246,123.0118,11.4245,22.2582,28.5474,707.8569,148.94,620.7191,122.2025,-0.0076,-0.0102,0.0193,-0.0013,-0.0151,-0.0262,0.0227,7.9814,0.141,0.9898,1728.7168,0.2021,8618.4099,0.1582,-0.0112,0.0074,0.1042,0.45799990969779236,0.9427,662.2348,0.9893,59.7725,0.5938,0.9806,6.3602,15.73,4.138,15.77,15.73,1.13,0.6844,3.225,-0.9461,0.7269,2.2711,997.5587,95.0,193.3,173.2,66.5999,286.615,0.3433,0.1421,0.0894,0.10045,0.0342,14.999,5.519,4.492,0.0127,0.25,0.0215,627.0,16486.0,0.162,0.094,0.068,2.6,0.875,0.7249,0.2224,0.397,0.2113,0.7379,0.556,0.1555,6.63,20.32,47.287,0.357,18.48,12.73,28.94,97.147,0.0746,0.0355,0.0187,0.0772,0.084,0.1242,0.0765,0.103,3.4631,0.052,0.0018,64.1803,0.0341,895.1997,0.0201,0.0111,0.0389111556763333,0.0244,109.0601,2.691,0.0293,0.3758,0.0461,3.8778,26.6945,66.189,55.5939,0.1408,1.7702,0.0477,1.5347,0.0731,0.0086,319.0219,150.1519,206.821,7763.6848,0.0681,0.0476,0.0302,0.886,0.0386,0.2852,0.3021,0.082,0.0952,5.9525,0.1754,9.1855,0.0472,1.9626,5.8802,13.1222,0.1024,3.3331,3.623,9.5062,28.2504,0.023,0.0148,0.0084,0.0398,0.0217,0.0695,0.0398,0.0536,1.0913,0.0171,0.0005,18.2449,0.0102,256.9233,0.011606367013784927,0.0076,30.8213,0.7935,0.012,0.1116,0.0146,5.9663,1.1919,4.3483,6.3633,7.0932,3.0976,23.5855,23.2654,10.1594,50.6529,1.0682,1.3287,1.9953,1.5323,11.8779,474.7588,12.5193,4.6784,0.9183,3.5994,45.0,68.9633,25.3591,0.8297,2.5979,0.621,0.4167,5.7748,8.8869,4.0444,12.0604,4.7527,3.2145,24.2338,6.2079,3.4916,17.537999999999997,161.7577,4.0884,20.9355,79.4967,979.9672,510.7914,398.9664,0.0,822.5166,291.7064,454.7461,43.3903,4.941799999999999,2.1517,0.1792,3.7126,16.8513,0.0,34.9065,0.0,7.808619820563792,2.5916,16.4685,0.1029,4.502,5.9087,2.0316,10.9105,71.766,12.33,0.76,5.1555,0.3173,70.5536,3.0747,1.059,0.6176,0.1409,58.4324,4.98,0.0877,2.0902,0.0382,1.8844,15.4662,531.7464,2.2909,9.1299,0.2908,3.1198,0.0849,1.717,12.6938,0.0097,1.9608,0.0122,0.008,65.4842
-1.0,2999.11,2217.0,1.6604,93.6611,1.4781,0.0002,-0.0062,197.3447,8.4645,411.6398,0.9706,187.7381,12.5339,1.372,-3787.0,-51.25,1.0768,1.8068,5.14,73.8556,1.7111,0.1293,83.2054,8.4891,64.6669,65.9874,86.8889,80.94,3.123,368.77,144.2836,757.4708,0.8988,132.9627,646.0164,76.9869,4.648,4.889,2873.0,0.918,-1.8509,367.7091,10.4855,122.4327,11.8624,21.8509,27.3317,730.1391,145.4282,635.57,90.5215,-0.0157,-0.0343,-0.0132,0.0061,0.0048,-0.0549,0.0215,7.2848,0.131,0.9909,1851.8335,0.1723,9107.99,0.221,-0.0595,-0.085,-0.0103,0.43882962658463076,0.9468,699.0603,0.9895,59.0519,0.5947,0.9782,6.2973,15.73,3.853,15.78,15.77,1.163,0.6638,3.237,-0.3311,0.7069,2.2539,997.4334,71.0,155.9,78.8,51.0,504.072,0.2153,0.0823,0.053,0.0616,0.0165,9.8158,4.361,11.161,0.0141,0.6,0.0699,267.0,328.0,0.081,0.062,0.372,1.7,0.24,0.6385,0.0385,0.663,0.2536,0.5514,0.801,0.1863,7.92,12.92,22.566,1.109,10.24,10.62,21.704,77.329,0.0616,0.0556,0.0628,0.0463,0.0507,0.1236,0.03,0.1414,3.1454,0.0355,0.0009,181.6178,0.1052,1981.7998,0.0182,0.0125,0.05536558175965811,0.0301,236.4633,2.7888,0.0522,0.3028,0.0358,6.5747,19.8379,48.8837,31.9195,0.0698,2.349,0.0301,1.264,0.1352,0.024,113.3089,60.4014,68.3228,152.6202,0.0342,0.0285,0.1632,0.6839,0.0372,0.0645,0.2378,0.0149,0.0615,7.1604,0.2759,4.3826,0.0505,2.7793,3.9476,6.9287,0.3068,3.2887,3.8884,6.6469,24.8176,0.0148,0.0236,0.0308,0.0229,0.0154,0.0651,0.0133,0.0765,1.0464,0.0136,0.0003,53.6978,0.0368,550.5071,0.009096957408011717,0.0103,66.2493,0.8355,0.0169,0.0953,0.0116,6.586,1.9309,3.1924,5.1982,3.2572,2.3004,35.0822,12.9658,5.5678,51.5208,2.7114,1.4497,4.787,5.0955,4.1194,640.0,7.5226,3.4316,7.2374,2.3018,58.4416,82.732,5.045,0.7674,0.454,1.0253,0.2512,5.9522,10.0704,2.2769,20.7229,5.9566,2.0,29.3115,2.0438,10.5765,5.6357,86.3233,2.9726,20.4929,85.4262,391.7329,166.8417,349.434,832.0,0.0,54.6448,658.44,43.1774,2.8998,1.4908,0.0932,9.8075,61.0488,505.0505,28.3114,500.0,12.655499040196991,3.1742,33.17265000000001,0.0988,4.7226,4.8086,1.5885,16.4864,75.17,25.37,0.68,11.458299999999996,0.2745,56.3599,6.1801,0.9046,0.7984,0.1237,80.837,4.02,0.2289,1.6851,0.0846,1.4801,25.0666,529.4391,2.0075,10.07,0.3509,3.6046,0.1086,1.902,17.4779,0.0099,1.987,0.0149,0.016,107.2427
-1.0,2991.63,2150.0556,1.4756,100.9744,1.501,0.0259,-0.0228,195.3137,14.1252,425.5294,0.9679,185.4027,12.3858,1.4006,-2803.0,1632.0,1.3098,1.996,7.3217,67.0111,2.7333,0.2253,85.9801,8.662,63.8972,66.1995,86.2277,81.32,2.743,365.3418,141.0591,749.0525,0.9694,132.7755,639.1764,66.1026,4.553,4.845,2889.0,0.9173,-1.97,365.2409,10.4386,119.0891,8.2124,21.97,28.4017,720.6508,147.6445,631.9745,86.1499,-0.0141,-0.0328,-0.0462,0.0044,-0.0133,-0.0058,-0.0622,7.2501,0.1318,0.9886,1866.3519,0.1674,9055.3399,0.0336,-0.0074,-0.0486,-0.0975,0.44615864131627514,0.9524,779.2658,0.9899,58.3178,0.5947,0.9701,6.2022,15.73,4.138,15.77,15.73,1.13,0.6844,3.225,-0.9461,0.7269,2.2711,997.5587,97.0,88.3,96.3,66.5999,286.615,0.3433,0.23175000000000004,0.1004,0.10045,0.0239,13.7171,15.976000000000003,5.285,0.0174,0.8700000000000001,0.0233,1216.0,6798.0,0.098,0.082,0.147,2.0,0.209,0.5679,0.1548,0.6572,0.4004,0.6665,0.808,0.1579,10.12,15.99,19.734,0.961,12.3,10.8,22.459,50.033,0.0546,0.0453,0.0341,0.0321,0.0632,0.0928,0.105,0.0356,3.9225,0.0328,0.0025,118.4443,0.0238,1245.4004,0.0151,0.0252,0.045729441995930625,0.017,134.7523,1.3617,0.0376,0.2723,0.0461,3.8778,26.4503,31.1556,35.3092,0.1408,1.7702,0.08085,4.96435,0.2202,0.0091,537.0646,107.3635,1796.4832,3281.7998,0.0439,0.0403,0.0685,0.7623,0.0275,0.0615,0.2052,0.0586,0.0769,7.1306,0.2966,4.6805,0.0443,3.6787,4.481,6.263,0.2501,3.3078,4.5451,6.8187,18.7626,0.0171,0.0194,0.0158,0.0132,0.0169,0.0468,0.0544,0.0193,1.2392,0.0103,0.0009,45.3368,0.0082,391.074,0.01251703285020874,0.0048,41.1477,0.392,0.0135,0.0848,0.0146,5.9663,1.1919,4.3393,2.9516,3.7039,3.0976,23.5855,23.2654,16.1177,122.4551,1.242,1.7989,6.94175,1.6614,154.3346,416.5441,7.4823,4.1082,2.0077,2.9846,29.2683,34.1716,6.0994,0.6605,1.787,1.0285,0.184,6.3612,11.1584,2.4383,16.2853,7.6219,2.5017,29.8536,1.963,9.2062,7.0871,149.7733,3.1165,31.5553,58.0767,386.7198,618.59025,69.4805,0.0,695.1311,0.0,57.2117,54.1035,2.9981,1.3872,0.2504,6.3463,14.1859,0.0,97.8166,0.0,10.712369548486036,1.7821,17.2922,0.0702,2.335,4.3906,2.0316,10.9105,73.46,16.99,1.32,7.7715,0.5314,28.6404,4.1532,1.7969,0.4384,0.1098,44.1134,11.969999999999999,0.2325,4.532500000000001,0.0885,4.638249999999999,23.6263,532.47,2.1429,9.14,0.1776,3.1224,0.0482,1.7165,8.2886,0.0135,2.6918,0.0149,0.016,107.2427
-1.0,2958.3,2200.2111,1.6485,98.3222,1.444,0.0168,-0.0001,199.3797,9.2942,409.8208,0.971,189.736,12.4363,1.3836,-3738.0,498.0,1.0932,1.7912,5.0945,73.0667,1.8889,0.1482,84.0623,8.9607,64.1176,66.1488,86.4051,79.43,2.945,362.4936,148.2109,756.9757,0.9674,136.9955,647.7,73.7908,4.556,4.79,2888.0,0.9168,-4.5718,362.0627,10.4419,123.6391,16.6764,24.5718,33.016,723.9597,145.3218,631.0236,161.8535,-0.0307,-0.0272,0.0567,0.0082,0.0186,-0.0341,-0.0048,6.9175,0.1366,0.9911,1804.9894,0.1927,8671.41,-0.1707,0.0177,0.0613,0.0057,0.4217006157501573,0.9111999999999999,730.8782,0.9899,57.7583,0.6061,0.9637,6.3808,15.73,3.853,15.78,15.77,1.163,0.6638,3.237,-0.3311,0.7069,2.2539,997.4334,103.0,62.8,68.3,46.5999,229.762,0.1258,0.23175000000000004,0.0627,0.073,0.0171,11.9357,5.385,19.841,0.015,0.31,0.0881,197.0,451.0,0.085,0.059,0.38,4.7,0.131,0.6214,0.0961,0.6507,0.4711,0.6833,0.912,0.191,9.41,9.37,30.227,0.661,16.55,14.07,25.521,79.86,0.0569,0.0353,0.0406,0.0245,0.0693,0.077,0.0594,0.0648,4.694,0.0653,0.0037,114.4329,0.1254,2025.4004,0.0132,0.0117,-0.039792092194954665,0.052199999999999996,122.0295,1.548,0.0553,0.4459,0.0358,6.5747,26.5103,19.552,23.1503,0.0447,2.5857,0.08085,1.7051,0.093,0.0245,91.3491,18.1842,28.3666,195.5011,0.036,0.0274,0.1675,1.3711,0.0381,0.0441,0.2527,0.0402,0.0485,8.1814,0.3104,4.8598,0.0563,3.1709,2.7816,10.3032,0.2305,4.2363,5.0106,7.5158,27.6259,0.0172,0.0147,0.0169,0.0111,0.018,0.0374,0.0287,0.0307,1.7106,0.0213,0.0013,39.1276,0.0371,658.5108,0.02801905827358544,0.018000000000000002,38.591,0.4805,0.0183,0.156,0.0116,6.586,1.9309,4.6722,2.1228,2.6527,2.118,21.9174,7.6342,16.1177,57.9395,4.8414,1.5415,2.4927,6.3658,1.8192,90.5622,7.775,3.2938,7.459,6.4325,47.6471,62.069,2.7832,0.7392,1.0728,1.0149,0.3443,6.7201,11.2002,2.4253,19.7401,6.8688,1.4467,40.9631,2.3295,6.3303,6.3653,99.2424,3.5252,16.8575,49.3409,185.0783,128.0145,43.1908,840.6368,412.8686,174.1935,0.0,67.8572,2.1957,2.7366,0.3711,6.3398,63.31987047269746,351.8797,48.4848,0.0,12.209157127205591,5.5677,16.6963,0.0578,2.6801,6.9883,1.5885,16.4864,73.862,21.04,1.29,9.3838,0.4611,57.5955,5.2327,1.7465,0.2903,0.0602,28.0255,11.6,0.2558,4.4652,0.0953,4.1332,36.8257,532.8227,2.1206,7.93,0.3692,2.7404,0.1041,1.4883,17.4117,0.0129,2.585,0.0191,0.0097,50.6198
-1.0,2998.88,2195.9778,1.5605,103.24,1.4066,-0.0094,-0.028,202.9538,13.3831,421.4825,0.9736,192.5139,12.5339,1.3784,-1363.875,-2741.25,1.262,2.0103,7.4347,68.7556,2.6111,0.1969,84.1966,9.2036,64.2192,66.3587,86.3105,77.28,3.118,363.7864,140.9027,749.3209,1.3516,142.5191,647.2082,229.4438,4.635,4.89,2876.0,0.9161,-0.5655,362.2909,10.5512,120.3373,12.3591,20.5655,24.6207,724.7002,152.2209,634.8491,171.74984999999998,-0.0384,-0.0278,0.0061,-0.0139,-0.0164,-0.0196,-0.0114,7.391,0.1302,0.9786,1701.7635,0.17570613789305123,8914.49490533535,0.2044,-0.014,-0.1191,0.0798,0.43702558358834676,0.9428,770.4638,0.9892,61.1938,0.602,0.9804,6.2153,15.73,4.138,15.77,15.73,1.13,0.6844,3.225,-0.9461,0.7269,2.2711,997.5587,110.0,172.3,128.9,46.3999,888.49,0.2816,0.1205,0.0964,0.0423,0.0206,7.6351,6.068,8.195,0.0139,0.6,0.0439,1052.0,4228.0,0.104,0.139,0.161,2.3,0.564,0.6127,0.26130000000000003,0.6773,0.2759,0.5554,0.504,0.2268,7.28,14.1,60.842,0.487,16.5,7.9,21.129,33.792,0.0684,0.0541,0.0344,0.0553,0.0541,0.0924,0.0914,0.1582,4.7044,0.0288,0.0066,103.132,0.050040502326182595,990.8178428274161,0.0257,0.0282,0.034425620629369796,0.0327,210.9461,2.8509,0.0206,0.342,0.0461,3.8778,27.8778,47.6787,42.8593,0.1025,2.1577,0.0436,2.1294,0.1352,0.0138,484.7462,474.1852,5823.189049999999,1880.1226,0.0478,0.0605,0.0725,0.8618,0.0493,0.1862,0.2232,0.0985,0.1272,6.0136,0.1499,4.9256,0.0589,2.1126,3.9004,17.3801,0.1531,2.4599,2.9635,6.5342,9.7868,0.0209,0.0255,0.0155,0.0262,0.0146,0.0487,0.0456,0.08248588237179322,1.3473,0.0108,0.0023,32.1823,0.015447647127815003,354.4515838100399,0.014839436483401192,0.0104,70.2549,0.8641,0.0073,0.1198,0.0146,5.9663,1.1919,5.1174,5.7455,5.17,2.1129,63.999,18.0483,8.5666,45.3408,1.9443,1.429,4.787,3.1862,0.0,154.2362,8.2409,6.9146,2.1655,3.3452,34.4681,70.0903,16.0156,0.7277,2.9167,1.0547,0.1486,5.1871,8.3391,2.4976,16.7812,5.1081,2.1786,26.5172,2.1348,4.6156,5.1023,133.5047,2.9156,10.8008,15.3286,178.0381,202.4322,764.9995,390.0856,562.5571,466.3265,0.0,63.6512,1.3061,1.2037,0.6724,6.0603,30.392151450422467,0.0,37.9822,0.0,11.063786871697646,3.4685,27.3791,0.1068,4.6589,5.5019,2.0316,10.9105,74.298,16.35,1.13,7.7865,0.457,42.2394,4.0437,1.5209,0.4384,0.1098,44.1134,4.66,0.1735,1.9581,0.064,1.7216,18.3783,532.8145,2.1082,6.88,0.2616,2.4746,0.0736,1.2913,12.4089,0.014,2.7923,0.0092,0.0388,255.5817
-1.0,2975.74,2162.5556,1.4305,100.4111,1.4968,-0.0201,-0.006,202.025,7.5413,408.2715,0.9675,192.6577,12.452,1.3863,-3900.75,-274.5,1.0873,1.7913,5.1005,69.2222,1.8,0.1381,85.1237,8.1605,64.415,66.3805,86.629,84.56,2.759,345.6836,141.2582,730.072,1.3443,141.3282,628.27,217.085,4.605,4.834,2803.0,0.9332,-2.0991,349.2018,10.2187,119.1591,12.6218,22.0991,28.2877,701.7843,147.2873,615.6482,131.3067,0.0199,-0.0206,-0.0012,0.0038,-0.0197,-0.0071,-0.0723,6.384,0.1371,0.9918,1794.4661,0.18444642030553315,8996.458439659866,0.1025,-0.0149,-0.1672,-0.0132,0.44170262926208426,0.9535,788.339,0.989,60.2067,0.5958,0.9618,6.4313,15.7,4.04,15.73,15.71,1.276,0.6481,3.061,0.0,0.7048,2.2959,993.8988,75.0,122.9,158.5,62.9001,142.106,0.1343,0.098,0.0434,0.0658,0.0253,7.6605,3.649,10.055,0.0164,0.18,0.0575,587.0,761.0,0.071,0.07,0.206,2.0,0.108,0.781,0.2361,0.5125,0.2893,0.9272,0.403,0.1015,6.11,21.42,30.983,1.403,20.52,7.73,30.321,73.76,0.06,0.057,0.0372,0.0729,0.0657,0.0826,0.0981,0.0715,4.6433,0.088,0.0003,106.3,0.06251914584808016,1128.0826626041758,0.0247,0.03420000000000001,0.045688490773291124,0.0113,71.6847,2.726,0.0348,0.3568,0.0546,4.1203,23.8613,38.3237,61.6696,0.0415,1.5089,0.0322,1.4541,0.0416,0.0209,250.0898,72.2974,115.8803,326.2724,0.033,0.0317,0.0924,0.6815,0.0226,0.0369,0.2953,0.0985,0.1213,6.1777,0.1243,8.5762,0.0312,2.0913,6.6006,9.1372,0.3786,2.0442,2.1557,9.2374,24.8187,0.0155,0.0272,0.0178,0.0343,0.0192,0.0412,0.0471,0.0298,1.6645,0.0283,0.0001,34.0203,0.019490811426214907,374.6108888658611,0.012989959357778937,0.0035,24.6792,0.8333,0.0116,0.1153,0.0208,7.9886,1.4213,3.468,4.1301,6.2963,2.9086,13.6504,9.3868,6.5474,48.3871,2.4628,1.6942,1.4455,4.1499,6.7936,277.2313,6.5302,3.9079,4.0388,2.8892,44.4444,53.58,2.3073,0.9175,2.8937,0.7956,0.0873,5.9823,9.5003,3.7966,7.5505,4.3233,3.4094,14.2723,7.4471,13.7297,16.1884,162.5757,4.3206,23.0732,56.1738,301.1292,502.2026,0.0,0.0,420.3562,0.0,98.8593,72.7325,2.1884,3.6254,0.0342,5.9238,29.18515383399911,0.0,40.8889,0.0,12.324534664371303,1.1901,9.0931,0.1174,4.5277,5.5478,2.3796,11.1581,76.58,19.9,1.19,8.753,0.5889,47.4082,5.0504,1.5539,0.3823,0.0858,40.3018,4.98,0.0877,2.0902,0.0382,1.8844,15.4662,532.4527,1.9857,5.83,0.3368,2.077,0.1016,1.0949,16.9589,0.0115,2.3077,0.0299,0.0071,23.6431
-1.0,2939.57,2205.5,2.3842,111.7644,1.5823,0.0113,-0.0022,202.3142,10.3149,419.4033,0.9689,192.3674,12.5339,1.3999,-4716.0,-679.0,1.2535,1.9937,7.164,74.6667,2.2556,0.1742,83.2054,8.4891,64.6669,65.9874,86.8889,80.94,3.123,370.2364,144.9773,759.3492,0.918,134.4645,649.6782,69.714,4.648,4.889,2873.0,0.918,-5.1618,368.7082,10.5245,119.8155,10.98,25.1618,31.5349,727.8143,150.1745,638.6982,97.9837,0.0045,-0.038,-0.0028,-0.0097,0.0006,-0.0207,0.0258,7.3503,0.1362,0.9487999999999999,1814.334,0.1853,9062.7601,0.2102,-0.0177,-0.1087,0.0,0.4365560770047998,0.9541,788.7158,0.9892,60.6749,0.5934,0.9781,6.3275,15.71,4.149,15.77,15.73,1.465,0.6866,3.106,0.0,0.6567,2.3021,996.759,108.0,94.4,83.5,56.5,411.964,0.5267,0.1934,0.0525,0.0505,0.0162,7.5899,8.04,4.387,0.0145,0.6,0.0924,483.0,2676.0,0.147,0.137,0.332,2.8,0.761,0.6385,0.0385,0.663,0.2536,0.5514,0.868,0.1177,8.28,10.8,26.056,0.482,14.32,10.7,23.047,69.505,0.0719,0.0585,0.0554,0.0602,0.0676,0.1149,0.0733,0.1371,3.0678,0.0288,0.013699999999999999,96.8622,0.0477,702.5996,0.0136,0.0183,0.04874258741107246,0.0153,75.172,2.8969,0.0332,0.4118,0.0548,1.9997,30.1312,34.1692,29.2577,0.1654,1.4419,0.0807,2.2797,0.1352,0.0251,198.5229,163.6694,3013.3694,1341.567,0.0641,0.0608,0.1423,0.9124,0.0401,0.2337,0.2378,0.0149,0.0615,7.2873,0.242,4.7148,0.0325,2.71,2.7297,7.2897,0.1367,2.8643,4.0747,6.5142,20.172,0.0244,0.0259,0.0258,0.0302,0.021,0.0554,0.0356,0.0751,1.1598,0.0108,0.0046,35.2678,0.0146,230.3679,0.011221053880766416,0.0054,25.3409,0.8841,0.0103,0.1327,0.0197,8.2601,0.7473,4.6747,3.2114,3.2554,2.5618,32.0008,22.0908,12.2227,77.9454,1.046,1.4926,4.787,6.6011,137.3834,394.109,11.7272,6.8715,4.6343,3.75,75.3695,75.1913,22.543,0.7674,0.454,1.0253,0.2512,6.8497,9.9671,2.4193,12.82,6.1578,1.6624,37.3756,2.0438,4.5798,4.2983,130.4186,3.1666,13.2882,70.9353,0.0,215.2714,0.0,693.3333,0.0,354.1063,531.3953,41.7371,2.4959,1.2037,1.3944999999999999,5.3387,25.7353,646.3576,40.3361,0.0,11.630321707013561,1.6031,9.5309,0.1289,4.7745,6.5077,2.3819,5.3479,73.254,14.53,1.33,6.7381,0.5058,27.0176,3.6251,1.8156,0.4384,0.1098,44.1134,4.98,0.0877,2.0902,0.0382,1.8844,15.4662,532.8145,2.1082,6.88,0.2616,2.4746,0.0736,1.2913,12.4089,0.0157,3.1439,0.0299,0.0071,23.6431
-1.0,3095.53,2211.0667,1.5788,97.0089,1.4075,0.028,-0.0284,201.193,11.272,429.2464,0.9767,191.497,12.5788,1.3733,-3970.25,-318.5,1.289,1.9735,7.2758,70.7889,2.3111,0.1937,84.5602,9.193,64.0158,66.2301,86.313,81.13,2.067,368.2091,142.8055,758.4422,1.2809,143.3491,654.3636,199.4314,4.633,4.91,2873.0,0.9172,1.7736,368.3382,10.3115,124.5791,14.3336,18.2264,25.5794,732.8628,148.6282,641.5455,102.5558,-0.0269,-0.036,-0.0458,-0.0018,-0.0298,-0.0149,-0.0654,7.1886,0.1362,0.9925,1794.7906,0.1826,9416.7499,0.1432,0.0521,-0.0669,0.0563,0.4217006157501573,0.9283,821.2525,0.9911,60.6665,0.5943,0.9686,6.2845,15.73,4.138,15.77,15.73,1.13,0.6844,3.225,-0.9461,0.7269,2.2711,997.5587,112.0,148.8,95.3,58.4001,326.624,0.1582,0.1303,0.11930000000000002,0.10045,0.0093,7.369,11.879,26.932000000000002,0.0075,0.26,0.0427,274.0,2360.0,0.143,0.126,0.159,4.8,0.605,0.3993,0.2272,0.603,0.2877,0.6709,0.512,0.1723,5.69,13.39,70.383,1.111,5.5,11.48,24.356,59.429,0.0754,0.0495,0.0382,0.0244,0.0536,0.0835,0.0897,0.0472,2.3549,0.0658,0.0055,61.5704,0.0242,1075.6006,0.03,0.0133,0.05584811431667841,0.0358,103.0349,3.0947,0.0362,0.4241,0.0461,3.8778,30.4318,49.067,31.72,0.0623,2.2105,0.0464,3.6154,0.0656,0.0142,125.9471,158.4159,535.7682,1110.9664,0.0615,0.0533,0.068,1.3878,0.055,0.1948,0.1651,0.0985,0.1202,6.5287,0.1277,4.3891,0.0558,1.6671,3.5582,18.5771,0.3124,3.2103,4.6421,6.8936,16.63,0.0226,0.0205,0.0175,0.0104,0.0148,0.0445,0.0431,0.0225,0.8725,0.0251,0.0017,23.1643,0.0079,289.6584,0.013472014494115192,0.0104,29.2622,0.9368,0.0112,0.1402,0.0146,5.9663,1.1919,5.1051,4.8069,3.9141,2.6413,29.5021,10.0184,9.2575,105.385,6.508749999999999,0.7703,2.067,3.1064,26.3208,740.9733,11.0939,6.3846,2.1853,6.7807,73.5577,78.4854,17.7206,0.4722,2.4711,0.942,0.2279,6.0373,10.5388,2.2722,13.4523,3.9693,2.0463,35.2918,3.098,10.7744,4.0938,38.3715,3.3234,18.8253,57.9479,280.0371,618.59025,53.246,0.0,280.4366,604.0404,72.1989,32.759,2.4959,2.7756,0.5498,3.4305,13.2518,534.6734,69.241,557.1429,12.318108080735815,3.8613,12.5461,0.0857,5.1012,6.7482,2.0316,10.9105,71.708,19.49,1.2,8.2859,0.5191,17.2601,4.8895,1.6735,0.7984,0.1237,80.837,4.98,0.0877,2.0902,0.0382,1.8844,15.4662,529.8827,1.9602,11.05,0.4564,3.8031,0.1355,2.0854,23.282,0.0167,3.3352,0.0232,0.0119,51.4726
-1.0,3073.26,2150.0556,1.4756,100.9744,1.3188,0.0422,-0.0189,200.0614,8.891,403.8893,0.9674,190.0632,12.5292,1.4397,-3332.75,-883.75,1.2805,1.9933,7.2822,72.6667,2.2444,0.1597,86.7657,8.451,63.9931,66.0272,87.0768,80.66,2.958,364.8018,137.7655,745.7105,1.3318,143.8155,646.3827,216.5192,4.601,4.851,2882.0,0.9185,-0.3409,363.6964,10.5665,117.4245,15.2782,20.3409,27.8262,717.8843,149.9836,631.1045,101.1505,-0.015,-0.0171,0.0093,-0.0057,-0.0076,-0.0123,0.0178,6.918,0.1424,0.9876,1734.2991,0.1595,9390.8,0.0911,-0.0195,-0.0192,-0.0646,0.42737772516883643,0.9357,789.4992,0.9894,60.5146,0.6062,0.9657,6.2936,15.7,4.04,15.73,15.71,1.276,0.6481,3.061,0.0,0.7048,2.2959,993.8988,94.0,87.6,91.8,66.5999,286.615,0.3433,0.073,0.0867,0.0687,0.0223,8.3289,2.872,11.669,0.0165,0.25,0.0286,679.0,3030.0,0.087,0.058,0.213,3.7,0.668,0.6521,0.1031,0.6666,0.4115,0.7402,0.701,0.2551,6.94,13.26,60.172,0.971,16.32,9.64,19.497,78.784,0.0854,0.0458,0.0374,0.0704,0.0742,0.1086,0.1195,0.0278,2.8505,0.0442,0.0025,139.4713,0.0234,1190.7002,0.0166,0.0148,0.04249144672976027,0.025,119.4808,2.746,0.0338,0.467,0.0546,4.1203,24.9295,28.066,28.6143,0.1408,1.7702,0.0273,0.998,0.0731,0.0101,277.6081,328.6711,407.2889,1431.8602,0.0403,0.0263,0.0983,1.259,0.0407,0.1889,0.2758,0.0428,0.1074,8.9079,0.3113,4.5247,0.0692,2.6849,3.7408,20.0073,0.2718,2.7444,3.7351,5.8722,27.1459,0.0259,0.0193,0.0159,0.031,0.0203,0.0565,0.0602,0.0133,1.0724,0.0143,0.0009,44.9543,0.0066,399.3693,0.014905601533934339,0.0086,41.5697,0.8166,0.011,0.1612,0.0208,7.9886,1.4213,4.2548,2.8504,3.7158,3.0976,23.5855,23.2654,5.5354,32.3023,2.8892,1.7105,1.9953,1.9838,29.4952,342.8571,6.7942,2.9098,2.9249,5.0917,80.198,81.4196,19.3505,0.7516,1.2206,1.0417,0.4189,6.1951,11.222,2.3504,19.158,4.8256,2.0514,27.7906,1.8727,9.1894,6.7362,106.8191,2.7159,16.8691,77.8879,568.1497,421.1494,754.9598,0.0,0.0,973.5234,155.9607,41.2044,1.2643,1.8607,0.2577,8.0419,14.6785,514.7826,30.9677,723.8095,12.719454607925293,2.6678,15.1337,0.1012,4.5378,7.4197,2.3796,11.1581,71.712,15.98,0.64,7.0604,0.2647,50.4199,3.9193,0.8925,0.7984,0.1237,80.837,3.48,0.0765,1.3064,0.0342,1.2812,8.6619,531.7464,2.2909,9.1299,0.2908,3.1198,0.0849,1.717,12.6938,0.0142,2.8253,0.0232,0.0119,51.4726
-1.0,3077.47,2180.8889,0.9085,94.2467,1.3145,0.041,-0.0209,200.4414,6.6311,403.6064,0.9711,190.3617,12.5263,1.4056,-3590.0,-216.25,1.3095,1.9968,7.3825,71.5556,2.6444,0.216,86.4072,9.4749,64.2671,65.8154,87.4597,79.79,2.705,364.1382,135.0464,743.3135,1.3955,145.1909,644.3755,225.6799,4.585,4.876,2879.0,0.9185,2.8236,363.9318,10.5389,117.87,13.9973,17.1764,24.5318,718.7817,148.5764,630.3782,110.1542,-0.0265,-0.0168,0.0127,-0.005,-0.0106,-0.0222,0.0223,7.3266,0.1346,0.992,1801.8746,0.1928,8313.7601,0.0439,-0.0316,-0.0312,-0.1218,0.44085204946746237,0.9477,710.2229,0.9892,60.114,0.5936,0.9796,6.3655,15.7,4.04,15.73,15.71,1.276,0.6481,3.061,0.0,0.7048,2.2959,993.8988,92.0,229.8,234.1,57.3999,1015.8822,0.1294,0.1186,0.0798,0.0662,0.0185,8.3205,2.101,14.505,0.0136,0.25,0.0385,232.0,1768.0,0.143,0.144,0.319,3.6,0.501,0.823,0.0977,0.5296,0.3123,0.7828,0.762,0.2187,4.22,17.0,46.076,0.708,11.64,7.84,22.399,47.923,0.0735,0.053,0.0344,0.0661,0.0477,0.1239,0.1046,0.0709,5.1807,0.0279,0.0006,160.4307,0.0226,775.5005,0.0302,0.0217,0.04251952920267049,0.0179,82.1948,2.6499,0.0489,0.3163,0.0546,4.1203,26.6999,77.8758,73.5215,0.043,3.1997,0.0474,0.6644,0.0734,0.0131,101.5164,183.9101,288.4892,796.2723,0.0613,0.0625,0.1531,1.0273,0.0287,0.1746,0.3088,0.0361,0.0678,7.6664,0.2187,4.2,0.0577,1.2997,4.3203,14.2893,0.1947,2.608,3.7486,6.5201,17.1366,0.0216,0.0247,0.0149,0.0278,0.0119,0.0602,0.0525,0.038,1.975,0.0087,0.0002,48.7204,0.0087,230.9622,0.01216938860799269,0.006,22.4589,0.8152,0.0168,0.1015,0.0208,7.9886,1.4213,4.1456,7.4672,9.8043,2.6319,77.0342,14.2425,9.0224,31.6841,3.5938,1.4033,1.9958,2.7384,19.3036,817.5723,10.9202,7.2117,4.321,5.0311,45.3782,44.4444,15.1931,0.9525,1.0316,0.8241,0.1196,7.0138,10.6704,2.1864,15.6723,2.9065,2.6382,20.4165,2.4082,6.718,7.1604,83.1586,3.1162,18.0471,43.5054,276.9666,449.1525,520.4724,955.194,0.0,470.6412,318.2941,70.7112,4.7556,1.135,0.064,8.9035,11.7215,525.2648,29.0353,541.1765,11.9830137102225,1.8896,11.5731,0.1013,4.4081,4.9683,2.3796,11.1581,77.462,17.22,0.8,6.3419,0.3527,118.7795,4.2752,1.0328,0.3823,0.0858,40.3018,4.98,0.0877,2.0902,0.0382,1.8844,15.4662,536.4482,1.4106,7.05,0.1166,2.5361,0.0358,1.3142,8.2645,0.0151,3.033,0.0232,0.0119,51.4726
-1.0,3169.0,2187.9889,0.9065,97.6567,1.4109,-0.0239,-0.0121,201.9371,8.5805,421.9984,0.9648,192.3393,12.5263,1.4281,-3482.5,5166.6667,1.307,1.98,7.5145,70.8889,2.1111,0.1631,84.6927,8.8973,64.1619,66.3435,86.4023,80.92,3.093,363.6173,140.0591,748.8325,1.3569,144.4055,648.0818,197.7005,4.601,4.851,2882.0,0.9185,3.6255,365.2173,10.2906,123.6845,10.7688,16.3745,22.6626,726.1698,149.6527,638.5545,96.5266,-0.0039,-0.022,0.0107,-0.01,-0.0159,-0.0099,0.0353,7.3924,0.1347,0.9864,1797.81,0.1795,9161.6101,0.0866,0.0353,-0.0484,0.0171,0.43006547595638867,0.9378,802.0003,0.9887,59.4884,0.5953,0.968,6.2404,15.7,4.04,15.73,15.71,1.276,0.6481,3.061,0.0,0.7048,2.2959,993.8988,64.0,117.7,163.1,52.0,329.086,0.1327,0.1114,0.0733,0.0558,0.0261,7.4662,5.911,12.918,0.0178,0.25,0.0283,272.0,16462.0,0.212,0.134,0.227,1.8,0.707,0.5756,0.0521,0.6154,0.368,0.8014,0.735,0.1631,8.26,13.54,51.998,0.807,14.35,10.16,24.679,52.318,0.0918,0.0558,0.0636,0.0591,0.0787,0.1062,0.0866,0.0711,3.1873,0.0883,0.0023,96.7629,0.0943,1528.0996,0.0126,0.0108,0.021572330019958508,0.0301,148.2086,2.7378,0.0302,0.4254,0.0546,4.1203,18.2466,43.5424,56.0735,0.0439,2.674,0.037,1.6483,0.0734,0.0122,127.7846,368.566,255.3971,8231.2318,0.0885,0.0649,0.0942,0.6294,0.0415,0.2167,0.2162,0.0253,0.055,8.1372,0.2408,5.1023,0.0469,2.375,3.8165,19.3037,0.2884,3.0561,3.9137,7.177,17.3616,0.0265,0.025,0.0279,0.0249,0.0241,0.0525,0.0445,0.0352,1.1106,0.0288,0.0007,30.1005,0.032,525.8016,0.010724908286474197,0.0111,50.2298,0.8348,0.0093,0.1349,0.0208,7.9886,1.4213,2.9592,3.7141,7.199,2.3766,30.0157,14.636,7.8957,68.8891,3.0611,1.8458,1.9958,1.9795,15.219,318.6194,16.2204,6.7677,3.0208,2.5392,80.5263,61.921,20.924,0.6796,0.5859,0.9591,0.3639,7.0046,11.3167,2.7149,12.0231,5.72,2.0892,26.3014,1.8727,7.8421,5.9102,133.2554,3.3985,16.7912,54.2006,0.0,214.8219,551.049,790.9548,666.876,879.1878,201.5592,43.1164,2.3758,3.6693,0.2365,5.3823,52.5514,0.0,21.5278,0.0,7.68135836032093,3.2115,18.4799,0.1149,4.6023,6.8168,2.3796,11.1581,74.49,13.98,1.59,6.3156,0.6281,77.6922,3.4314,2.1345,0.3823,0.0858,40.3018,10.06,0.1115,3.7386,0.0421,3.6279,16.4202,541.7199999999999,1.7961,15.390000000000002,0.6164999999999999,5.3345,0.18730000000000002,2.8874999999999993,28.50255,0.0127,2.5801,0.0166,0.0122,73.6335
-1.0,2923.19,2180.8889,0.9085,94.2467,1.3137,0.0345,-0.0137,200.346,8.1512,406.4545,0.9682,190.3936,12.5263,1.4106,-4291.25,-1476.0,1.331,1.9892,7.4025,67.4889,2.8,0.2313,83.9887,8.6968,64.296,66.2815,86.4285,81.92,2.537,365.3936,139.16,747.0293,1.3076,140.22,644.7736,190.4701,4.566,4.812,2888.0,0.9187,0.2336,363.9336,10.4915,119.3936,13.5536,19.7664,27.5825,719.4468,147.8927,631.22,100.8114,-0.0153,-0.0103,-0.0052,0.0109,-0.0164,-0.0273,0.0245,7.8782,0.1448,0.9902,1762.2851,0.1633,9585.77,0.0911,0.0632,-0.0548,0.0287,0.4341120956667721,0.9508,769.5868,0.989,60.1119,0.602,0.9796,6.4207,15.7,4.04,15.73,15.71,1.276,0.6481,3.061,0.0,0.7048,2.2959,993.8988,139.0,128.6,85.9,57.3999,1015.8822,0.1294,0.23175000000000004,0.0668,0.0578,0.021,8.2689,5.01,11.211,0.0154,0.25,0.0377,1148.0,2994.0,0.124,0.155,0.198,2.4,0.623,0.5703,0.1315,0.648,0.2873,0.6557,0.78,0.1924,6.6,12.37,54.645,0.691,13.93,8.66,19.723,86.192,0.0822,0.0346,0.028,0.0651,0.0837,0.0849,0.1007,0.0694,2.8399,0.0909,0.0009,80.9996,0.0407,737.0996,0.0142,0.016,0.05467726803525047,0.0136,97.1132,2.6592,0.0336,0.3313,0.0546,4.1203,32.7834,39.8996,29.991,0.043,3.1997,0.08085,1.5759,0.0734,0.0158,499.5093,295.2133,1249.001,1414.6828,0.0558,0.0776,0.0862,0.7457,0.0642,0.2324,0.2109,0.0478,0.1243,6.9544,0.2477,4.2745,0.0499,2.1109,3.3871,15.4483,0.2182,2.4821,3.311,5.8951,26.0127,0.027,0.0144,0.0132,0.0286,0.0241,0.0432,0.0504,0.0346,1.1803,0.0279,0.0003,27.9781,0.0118,197.2081,0.010950015479438274,0.0041,27.0023,0.8097,0.0103,0.1064,0.0208,7.9886,1.4213,6.4202,4.3993,3.4136,2.6319,77.0342,14.2425,16.1177,61.4635,2.7582,1.5946,1.9958,2.672,66.857,202.8455,9.3163,7.7919,2.6748,3.5561,57.1429,73.0548,18.2247,0.679,1.5116,1.0078,0.3511,5.635,10.4484,2.1638,14.7156,4.7069,1.9185,28.6895,3.2185,6.5863,5.2264,102.7773,2.7414,14.9065,85.4983,539.0164,181.3893,0.0,769.6552,516.1094,368.8645,282.6884,36.0472,2.0032,3.8012,0.091,4.5963,24.8915,0.0,37.2816,270.5882,12.957254704153728,1.4291,12.6189,0.1226,4.4237,5.1603,2.3796,11.1581,83.108,18.87,1.19,9.084,0.4836,54.7021,4.6341,1.4319,0.3823,0.0858,40.3018,4.98,0.0877,2.0902,0.0382,1.8844,15.4662,536.4482,1.4106,7.05,0.1166,2.5361,0.0358,1.3142,8.2645,0.0163,3.2914,0.0166,0.0122,73.6335
-1.0,3003.43,2205.5,2.3842,111.7644,1.4339,0.002,-0.0036,195.2903,12.269,411.9367,0.9839,184.6493,12.5914,1.397,-6375.125,-213.75,1.3068,1.986,7.3675,67.7222,2.7889,0.195,86.8862,8.9541,63.9146,66.419,86.2871,81.86,2.962,347.03,144.1127,735.4371,1.3038,140.9273,632.07,205.5773,4.605,4.866,2820.0,0.9312,-5.8273,352.1218,10.3873,118.2855,22.6591,25.8273,32.6759,702.7612,139.0036,609.4109,82.0727,-0.0245,-0.0475,0.0077,0.0061,0.0138,-0.056650000000000006,0.0178,8.5507,0.1328,0.9721,1893.7174,0.1816,9292.7699,0.0085,0.0084,0.03,0.019,0.4433728393077101,0.9445,828.4453,0.9892,59.7305,0.6089,0.9791,6.3133,15.71,4.149,15.77,15.73,1.465,0.6866,3.106,0.0,0.6567,2.3021,996.759,114.0,143.5,127.5,56.5,411.964,0.5267,0.1405,0.0708,0.0475,0.0079,13.0058,11.758,9.027,0.0048,0.34,0.0218,582.0,778.0,0.233,0.142,0.268,1.5,0.67,0.4126,0.1803,0.6482,0.184,0.7215,0.534,0.1396,7.21,20.96,49.439,1.5694999999999997,32.160000000000004,18.43,44.125,63.658,0.052,0.062,0.0434,0.0611,0.0632,0.0609,0.0494,0.0719,2.2196,0.033,0.0028,105.4143,0.1094,1226.7002,0.021,0.0164,0.05094237479467134,0.0184,113.9479,2.7446,0.0285,0.3357,0.0548,1.9997,29.7789,50.8728,38.1925,0.1654,1.4419,0.0468,4.1044,0.0665,0.0085,253.0301,252.1382,4230.7053,362.1311,0.0963,0.0595,0.1134,0.4631,0.0702,0.2781,0.166,0.0795,0.1205,5.4969,0.1552,9.1479,0.0528,2.5717,6.4966,14.2899,0.45265,5.248349999999999,6.425799999999999,12.0113,20.2417,0.0159,0.0255,0.0219,0.0286,0.0154,0.0303,0.0208,0.035,0.8021,0.0116,0.001,37.8153,0.0323,347.9843,0.016463560710250805,0.006,33.3176,0.8317,0.0093,0.1086,0.0197,8.2601,0.7473,5.182,4.7779,5.2076,2.5618,32.0008,22.0908,9.7984,95.835,2.1914,0.4889,2.7002,1.5576,138.0431,363.9766,17.8305,7.1501,3.6376,2.2149,68.1275,97.9487,19.1107,0.4749,2.0137,1.0142,0.1714,5.3742,10.4016,4.1609,10.71,5.1161,3.3161,24.0489,6.2079,15.138300000000001,17.537999999999997,293.3152,6.2788,35.3724,77.5629,211.9745,311.1669,764.9995,0.0,442.9091,56.9945,403.3661,25.9574,2.1839,1.3708,0.2883,5.5665,60.2578,0.0,34.4086,0.0,11.797989624563028,1.9529,13.7544,0.111,4.595,5.3178,2.3819,5.3479,73.254,14.53,1.33,6.7381,0.5058,27.0176,3.6251,1.8156,0.4384,0.1098,44.1134,10.24,0.1017,3.7294,0.0395,3.9959,16.8697,531.7464,2.2909,9.1299,0.2908,3.1198,0.0849,1.717,12.6938,0.0084,1.6866,0.0166,0.0122,73.6335
-1.0,2953.63,2195.9778,1.5605,103.24,1.5177,0.0183,-0.0137,192.9511,12.3279,426.8471,0.9705,182.9653,12.5643,1.3998,-3940.0,-1507.5,1.2937,1.9888,7.2512,69.4778,2.2333,0.1826,85.9801,8.662,63.8972,66.1995,86.2277,81.32,2.743,366.4209,137.62,744.9114,0.9867,132.7791,636.82,69.3656,4.553,4.845,2889.0,0.9173,-3.4873,365.31,10.6045,114.1327,10.1354,23.4873,29.2941,715.6173,147.2418,626.6846,94.2791,-0.0176,-0.0262,-0.0483,0.0017,-0.0113,-0.0095,-0.0659,7.2759,0.1292,0.9892,1877.4021,0.1962,9260.07,0.0984,-0.0205,-0.0371,0.0558,0.43013012862040934,0.9428,806.5799,0.9891,61.44380000000001,0.5949,0.9721,6.1337,15.73,4.138,15.77,15.73,1.13,0.6844,3.225,-0.9461,0.7269,2.2711,997.5587,154.0,208.4,200.6,46.3999,888.49,0.2816,0.2072,0.1136,0.10045,0.0223,13.1152,5.954,9.031,0.0153,0.22,0.0859,114.0,4129.0,0.114,0.034,0.166,1.8,0.653,0.5679,0.1548,0.6572,0.4004,0.6665,0.995,0.1384,11.84,17.17,22.784,0.523,14.17,7.01,20.001,68.755,0.0501,0.0635,0.0241,0.0438,0.0399,0.0802,0.101,0.096,5.1864,0.0494,0.0012,171.2139,0.1254,1888.2998,0.021,0.0134,0.04795812524334908,0.0191,227.7724,2.8182,0.0264,0.287,0.0461,3.8778,31.241,65.5357,61.8893,0.1025,2.1577,0.0735,2.0297,0.059,0.0344,49.9024,122.6295,749.0906,2004.6537,0.0482,0.0162,0.0804,0.63,0.041,0.2223,0.2052,0.0586,0.0769,9.080550000000002,0.3735,4.8507,0.0525,3.2198,4.483,7.0008,0.173,2.408,3.0119,5.6867,17.5234,0.0151,0.0296,0.0119,0.0237,0.0121,0.0438,0.0506,0.0448,1.8525,0.0153,0.0004,54.0554,0.0374,547.378,0.015693819637555288,0.0055,61.6875,0.8472,0.0096,0.0888,0.0146,5.9663,1.1919,7.0573,7.0557,8.0238,2.1129,63.999,18.0483,13.6525,48.2969,2.1157,1.5741,1.751,6.1359,42.4619,273.8972,8.8116,1.7096,2.2893,2.5908,67.1642,67.3767,19.3252,0.6605,1.787,1.0285,0.184,6.6617,11.757,2.5481,14.0231,8.9171,2.6962,32.8462,1.963,4.9319,8.0345,139.8062,2.7949,11.5799,72.9271,285.1654,282.8508,90.6832,0.0,711.3082,0.0,145.7306,71.2824,3.049,2.0378,0.1237,9.1197,63.31987047269746,0.0,35.4571,0.0,12.542752095910261,2.027,28.2393,0.1133,4.5798,4.6797,2.0316,10.9105,73.254,14.53,1.33,6.7381,0.5058,27.0176,3.6251,1.8156,0.6176,0.1409,58.4324,4.98,0.0877,2.0902,0.0382,1.8844,15.4662,532.47,2.1429,9.14,0.1776,3.1224,0.0482,1.7165,8.2886,0.0135,2.7038,0.0178,0.0305,171.3183
-1.0,3034.74,2192.1889,2.387,107.3989,1.5447,0.0036,-0.0125,201.9267,13.3326,406.3998,0.9789,191.7594,12.5788,1.4082,-6375.125,-7175.24995,1.287,2.0152,7.2467,73.0667,1.9444,0.1521,85.2544,8.3675,64.3032,66.0584,86.8342,63.93999999999998,1.582,370.3327,144.5391,759.293,1.2714,136.2909,651.1627,206.9758,4.633,4.91,2873.0,0.9172,-5.3264,369.3418,10.4104,119.2127,22.33,25.3264,36.1696,723.1234,140.2782,628.8327,171.74984999999998,-0.0134,-0.0188,-0.0485,-0.0052,-0.0267,-0.056650000000000006,-0.0466,7.1724,0.1338,0.9876,1884.7195,0.1643,10084.500049999999,-0.1515,0.0065,0.0606,-0.0887,0.4722945187487231,0.9111999999999999,886.7893,0.9898,58.3971,0.6068,0.9615,6.4011,15.72,2.398,15.71,15.73,0.9365,0.4108,3.398,0.3784,0.8741,2.2732,1000.1451,77.0,177.2,96.6,62.1001,324.222,0.6996,0.208,0.0386,0.0525,0.0089,9.4727,12.351,4.304,0.0075,0.26,0.0162,554.0,15822.0,0.117,0.097,0.151,2.5,0.663,0.5344,0.1325,0.4795,0.2052,0.6852,0.768,0.1411,12.72,12.68,46.014,1.162,22.16,7.71,18.791,93.845,0.0593,0.0599,0.0472,0.0562,0.0392,0.098,0.0374,0.0934,3.4398,0.0404,0.0032,122.5713,0.0192,563.2002,0.0225,0.0186,-0.039792092194954665,0.052199999999999996,244.27409999999998,1.5977,0.0398,0.2994,0.1218,3.971,22.7878,53.2261,33.7831,0.2231,1.4375,0.0612,3.8335,0.0656,0.0071,244.2103,65.2712,5823.189049999999,6841.7121,0.0481,0.0398,0.0661,0.8261,0.049,0.1926,0.2635,0.0502,0.0956,7.4312,0.2236,5.3971,0.0399,3.5563,3.5422,13.9689,0.3945,2.2289,2.1233,5.0869,32.7762,0.0163,0.0278,0.0258,0.0254,0.012,0.0552,0.018,0.0447,1.1414,0.017,0.0011,42.61,0.0064,159.5859,0.02801905827358544,0.018000000000000002,79.11909999999999,0.478,0.0133,0.1004,0.0426,6.553,1.2833,3.4142,5.8391,3.9286,2.8328,22.5787,29.3073,13.4653,92.6373,1.0591,0.7666,2.067,1.1483,179.203,192.2128,9.0909,4.8133,2.0837,3.4215,61.7143,100.5844,19.6393,0.6268,1.5839,0.7457,0.3651,6.7912,7.7349,2.639,11.0955,9.333,1.9473,22.2316,3.098,11.162,5.2679,99.2388,2.5986,16.6907,53.3928,441.5077,201.3445,115.8166,753.8462,367.3852,54.8991,200.2144,47.959,3.2146,1.6621,0.3239,6.5034,11.7108,508.7179,40.4332,0.0,11.761488188036113,5.5677,33.17265000000001,0.0788,2.736,4.6769,5.3587,10.7222,76.076,20.08,0.78,9.5827,0.2801,52.2661,5.0253,1.0253,0.4864,0.1043,51.6664,4.98,0.0877,2.0902,0.0382,1.8844,15.4662,533.1364,2.0133,7.24,0.2456,2.4138,0.0849,1.358,12.2013,0.0137,2.7317,0.0048,0.0178,255.5817
-1.0,3038.57,2205.5,2.3842,111.7644,1.4855,-0.0034,-0.0103,202.7426,10.7755,412.1746,0.9749,192.271,12.5339,1.4151,-3671.25,422.5,0.67205,1.7109999999999996,3.6572,72.8556,2.0222,0.1487,83.8792,8.6024,64.5517,65.9525,86.8309,79.8,2.243,365.5645,142.0136,753.0071,1.3192,140.9073,648.4855,228.264,4.635,4.89,2876.0,0.9161,-2.1264,367.3427,10.5905,119.8873,11.5146,22.1264,25.2418,727.7653,149.7409,636.9709,91.4862,-0.0146,-0.0119,-0.003,0.0017,-0.0081,-0.0287,-0.025,8.081,0.1272,0.9688,1814.3941,0.1953,8549.18,0.113,0.0167,-0.0452,-0.0575,0.4217006157501573,0.9701,634.0758,0.9899,58.316,0.5949,0.9794,6.352,15.71,4.149,15.77,15.73,1.465,0.6866,3.106,0.0,0.6567,2.3021,996.759,124.0,83.8,137.0,56.5,411.964,0.5267,0.1182,0.0893,0.0529,0.0199,7.5994,6.933,9.511,0.0141,0.6,0.044,130.0,214.0,0.216,0.21200000000000002,0.236,2.2,0.08,0.447,0.1694,0.5823,0.2034,0.7299,0.679,0.2514,7.13,14.69,49.379,0.365,13.96,13.61,22.169,76.557,0.0405,0.0513,0.0292,0.0659,0.0496,0.0991,0.0886,0.1654,3.5304,0.0642,0.0041,121.5801,0.0378,1099.2998,0.0126,0.0179,0.062079375980996276,0.011,159.5477,1.5499,0.06409999999999999,0.2755,0.0548,1.9997,31.2081,30.3951,43.8086,0.1654,1.4419,0.0414,1.9174,0.1352,0.0148,59.7404,25.5604,84.1601,91.1793,0.0904,0.0904,0.1073,0.7748,0.0215,0.0282,0.1774,0.069,0.0796,6.7247,0.2285,4.4991,0.0714,2.5006,3.9244,14.5512,0.1123,3.4721,4.8683,6.1979,23.6941,0.0128,0.0216,0.0131,0.0329,0.0121,0.0509,0.0454,0.08248588237179322,1.2218,0.0221,0.0014,41.3996,0.012,373.4555,0.012492139345791341,0.0038,49.7457,0.4558,0.0204,0.0868,0.0197,8.2601,0.7473,5.8646,2.7579,5.7554,2.5618,32.0008,22.0908,7.9569,64.3401,2.3075,1.4465,4.787,3.1093,5.5567,50.6509,23.078450000000004,10.417850000000001,6.4529,3.0197,14.8352,53.139,3.5585,0.5329,1.969,0.9021,0.1166,5.8704,11.175,2.2793,19.0575,5.0601,2.2653,21.6324,2.1348,3.4465,3.9454,121.2372,3.0462,19.4449,83.6815,277.754,172.0034,0.0,0.0,0.0,309.2496,662.9259,43.6872,2.672,2.7685,0.4213,6.7009,19.355,0.0,29.899,0.0,11.825263190595557,1.1368,25.1622,0.0693,2.6578,4.3369,2.3819,5.3479,73.254,14.53,1.33,6.7381,0.5058,27.0176,3.6251,1.8156,0.4384,0.1098,44.1134,4.98,0.0877,2.0902,0.0382,1.8844,15.4662,531.7464,2.2909,9.1299,0.2908,3.1198,0.0849,1.717,12.6938,0.0162,3.2353,0.0048,0.0178,255.5817
-1.0,2902.88,2205.5,2.3842,111.7644,1.4089,0.0156,-0.0142,200.3339,7.6398,412.8915,0.9715,190.5395,12.5214,1.3614,-3612.5,-3133.25,1.3427,1.989,7.4097,68.2667,2.3444,0.1846,84.8142,9.9095,64.2404,66.1883,86.5141,81.76,2.663,373.1718,144.1,762.8929,1.2544,137.6073,654.8791,215.4088,4.636,4.893,2869.0,0.9175,-5.7373,372.4636,10.3959,118.3627,17.0755,25.7373,34.4785,728.4144,146.9773,637.8036,101.619,-0.0167,-0.0355,-0.0011,0.0103,-0.0054,-0.0077,-0.0331,8.3073,0.1302,0.9724,1804.1424,0.1844,9156.08,0.1281,0.0288,-0.0323,-0.0277,0.43662218115053464,0.9444,802.2167,0.99,58.4412,0.6037,0.9669,6.3423,15.7,4.04,15.73,15.71,1.276,0.6481,3.061,0.0,0.7048,2.2959,993.8988,110.0,72.6,42.2,56.5,411.964,0.5267,0.1205,0.0689,0.0539,0.0158,8.3106,4.151,10.709,0.0136,0.2,0.0804,721.0,10139.0,0.153,0.118,0.388,2.2,0.639,0.2979,0.2102,0.6142,0.3466,0.6263,0.55,0.2151,9.53,14.31,74.698,0.876,18.41,7.68,18.988,66.33,0.0509,0.0596,0.0173,0.0377,0.0721,0.1168,0.0855,0.1557,3.1045,0.0356,0.013699999999999999,147.4913,0.0541,901.0,0.0143,0.0159,0.04582634638795155,0.0338,93.9112,1.465,0.0195,0.3075,0.0546,4.1203,27.8778,23.6573,11.0211,0.1654,1.4419,0.0416,1.3349,0.058,0.0251,305.1561,255.7766,1111.1191,4806.4478,0.0663,0.0516,0.1666,0.7348,0.056,0.2225,0.1171,0.0749,0.0983,6.9035,0.2039,4.6958,0.0581,2.5373,4.264,21.8794,0.2583,2.258,3.2053,5.3461,21.7652,0.0116,0.026,0.008,0.0167,0.0196,0.0581,0.0417,0.0708,1.0782,0.0112,0.0046,48.544,0.0196,330.5753,0.009931574757183625,0.0113,33.4005,0.4262,0.0068,0.1038,0.0208,7.9886,1.4213,5.1174,2.501,1.8677,2.5618,32.0008,22.0908,8.5525,54.3337,2.5937,1.4004,1.5973,5.9088,63.8062,323.5937,11.3945,5.9326,5.2363,3.2227,55.4502,89.404,18.4221,0.3512,2.1212,0.9561,0.168,5.8284,9.1534,2.4863,17.1443,6.9255,2.1851,34.6773,2.4264,8.4264,6.007,107.8156,2.6068,15.9798,65.2732,304.1075,0.0,0.0,702.1302,0.0,0.0,471.1044,37.3709,1.3061,1.4781,1.3944999999999999,8.1751,29.3102,0.0,44.8845,0.0,11.52727961265407,3.5804,11.7065,0.1022,2.5068,4.8482,2.3796,11.1581,74.638,18.15,0.72,8.0662,0.2708,19.4885,4.509,0.9647,0.4384,0.1098,44.1134,4.98,0.0877,2.0902,0.0382,1.8844,15.4662,528.9927,1.9172,8.91,0.1648,3.0344,0.056,1.6843,8.5942,0.0158,3.1508,0.0091,0.018,197.1279
-1.0,3001.45,2162.5556,1.4305,100.4111,1.6217,-0.0088,0.0064,201.9292,8.666,417.5414,0.9696,192.556,12.452,1.4334,-3732.25,-211.0,1.074,1.8057,5.155,72.9778,1.4667,0.1081,85.1237,8.1605,64.415,66.3805,86.629,84.56,2.759,343.0455,143.7882,730.8662,0.9116,138.8645,625.6982,138.8918,4.605,4.834,2803.0,0.9332,0.2055,346.2909,10.2887,123.9936,7.1904,19.7945,23.4023,707.4639,150.3445,620.6291,109.115,-0.014,0.0058,-0.0477,-0.0108,-0.0053,-0.0232,-0.0516,7.5433,0.1276,0.9876,1854.0569,0.17400442186088438,9036.230404331201,-0.1358,0.0614,0.0384,-0.0078,0.44223669422459944,0.9526,793.6932,0.9895,58.3055,0.6073,0.9688,6.3344,15.67,3.86,15.73,15.68,1.399,0.6872,3.092,0.2365,0.7422,2.2999,992.6206,122.0,193.3,169.2,62.9001,142.106,0.1343,0.23175000000000004,0.0609,0.062,0.024,9.9915,3.258,12.861,0.015,0.18,0.0394,441.0,323.0,0.057,0.042,0.429,1.7,0.158,0.781,0.2361,0.5125,0.2893,0.9272,0.38,0.1359,11.77,23.1,18.557,0.529,13.8,8.56,27.034,56.694,0.0732,0.0725,0.0671,0.0162,0.0831,0.0234,0.056,0.0704,2.4078,0.0837,0.0031,163.5249,0.06045830731216589,1199.4546538075074,0.0136,0.0145,0.05080024629634494,0.0185,108.272,2.5696,0.0187,0.288,0.0599,4.452,34.2831,72.0559,60.7425,0.0415,1.5089,0.08085,1.2567,0.0416,0.0146,192.448,66.0372,206.5807,139.9166,0.0268,0.0199,0.1923,0.622,0.0172,0.0559,0.2953,0.0985,0.1213,4.9396,0.1233,8.564,0.0362,2.9028,6.54,5.5593,0.1526,2.4241,2.6451,9.0388,18.1735,0.0197,0.0308,0.0293,0.0078,0.0227,0.0101,0.0261,0.0312,0.8437,0.0284,0.001,51.4774,0.018455697103878663,421.24677932472457,0.01198080597935548,0.0061,39.8135,0.7758,0.0067,0.0925,0.0216,7.9656,1.2073,5.5369,6.4402,6.8179,2.9086,13.6504,9.3868,16.0022,37.5952,3.0802,1.5457,1.4455,2.7508,13.3164,153.0806,5.3073,2.3259,7.544649999999999,2.3295,34.0909,50.8736,3.3682,0.9175,2.8937,0.7956,0.0873,3.9849,10.5155,4.03,14.908,8.4759,3.6919,13.3608,7.4471,5.1415,17.537999999999997,191.9219,3.8213,20.4763,51.958,523.0907,106.1882,33.9623,770.336,443.6019,240.8602,136.4341,31.9199,4.941799999999999,3.4291,0.3092,8.8198,30.24437174479699,0.0,39.604,400.0,13.069224661753763,1.9382,13.6415,0.1004,4.4071,4.5474,2.6043,11.947,73.254,14.53,1.33,6.7381,0.5058,27.0176,3.6251,1.8156,0.3823,0.0858,40.3018,7.97,0.2352,3.2584,0.1111,2.9898,28.6017,528.7918,2.0831,6.81,0.4774,2.2727,0.1495,1.2878,22.9183,0.0125,2.4872,0.0157,0.019,120.6365
-1.0,2975.72,2150.0556,1.4756,100.9744,1.4413,0.0086,-0.0173,204.3916,13.7905,412.2705,0.9666,194.4925,12.5214,1.4001,-3828.3333,-2236.6667,1.299,1.9762,7.324,74.2889,1.6333,0.1153,85.07,8.3845,64.3667,65.9729,86.8972,81.39,2.501,368.7091,143.2073,758.7537,1.3072,142.0636,653.98,240.9286,4.648,4.889,2873.0,0.918,-2.8245,367.7045,10.5732,120.3827,20.7773,22.8245,31.3699,727.3838,145.1155,633.2027,125.3191,0.0368,-0.0234,-0.0013,-0.0116,-0.0058,-0.0064,0.0255,7.7935,0.1353,0.9863,1765.303,0.179,8442.0198,-0.0574,-0.0353,0.0178,-0.0679,0.4434210911699117,0.9443,719.0809,0.9896,60.1442,0.5975,0.9799,6.289,15.63,4.431,15.68,15.67,1.087,0.7335,3.339,-1.797,0.7348,2.2908,995.6526,96.0,109.8,63.2,66.5999,286.615,0.3433,0.1077,0.0699,0.048,0.0227,8.9784,7.787,6.532,0.0167,0.2,0.0451,708.0,13898.0,0.145,0.127,0.443,2.3,0.534,0.5774,0.1081,0.5877,0.2247,0.6512,0.679,0.1883,3.98,13.04,41.193,0.333,16.09,9.63,23.927,90.46,0.0456,0.0214,0.0305,0.0482,0.0444,0.0617,0.1033,0.1444,2.8142,0.078,0.0019,67.6271,0.0595,872.7002,0.0137,0.0081,0.03931120495495405,0.038,110.215,3.1297,0.0422,0.3405,0.0568,2.7204,23.523,34.0502,21.0244,0.1408,1.7702,0.031,3.0257,0.058,0.0173,302.8337,183.0817,535.9219,6959.6941,0.0714,0.0616,0.1876,0.8038,0.0349,0.1866,0.2395,0.0423,0.1323,7.4528,0.2186,4.4606,0.0572,1.0916,3.9439,13.9487,0.1124,2.9297,3.9962,7.0276,25.8533,0.0124,0.0091,0.0134,0.0257,0.0128,0.0258,0.0492,0.0773,1.0391,0.0258,0.0006,20.5846,0.0175,278.7422,0.009999930669758518,0.0149,39.5034,0.8517,0.0116,0.0966,0.0193,4.9425,0.9543,4.2656,3.6899,2.4442,3.0976,23.5855,23.2654,7.4726,56.4662,1.5844,1.7301,1.5973,3.2212,26.6696,621.3711,11.1624,6.4263,6.0486,3.096,61.2245,86.7052,15.803,0.6787,1.2892,0.913,0.2774,6.2597,8.5471,2.1929,14.4041,2.8016,1.994,17.0976,2.0438,3.1495,3.4058,77.4404,3.2895,17.8964,72.1837,123.9762,40.0562,0.0,382.965,0.0,0.0,566.2745,36.11,3.1776,3.213,0.1888,3.8309,33.2364,259.7194,29.8507,568.4211,10.715337969064073,4.0256,15.3272,0.1683,5.2037,5.4147,2.4813,6.895,74.802,20.64,1.05,8.8672,0.3781,75.726,5.1125,1.4037,0.5059,0.1192,50.691,4.98,0.0877,2.0902,0.0382,1.8844,15.4662,529.4391,2.0075,10.07,0.3509,3.6046,0.1086,1.902,17.4779,0.012,2.4101,0.0157,0.019,120.6365
-1.0,3232.6099999999997,2217.0,1.6604,93.6611,1.5547,-0.0048,0.002,196.3053,13.3154,427.8671,0.9691,186.574,12.2937,1.4064,-6240.5,-312.75,1.284,1.9988,7.326,67.4333,2.8111,0.2312,85.8796,8.7441,63.8465,66.1072,86.2696,80.67,2.81,364.8836,143.9818,752.0459,0.972,132.04,640.9055,76.2535,4.556,4.79,2888.0,0.9168,-4.9336,363.9518,10.6086,119.0482,13.4246,24.9336,30.9695,721.0764,144.4809,627.4809,83.5375,0.0015,-0.0272,0.0295,0.0101,-0.002,-0.056650000000000006,0.0466,7.2892,0.1318,0.9743,1798.5367,0.1766,9734.09,-0.0189,-0.0595,-0.0104,-0.0401,0.4315175594029972,0.9193,854.0502,0.99,58.5896,0.6002,0.9663,6.2292,15.64,4.173,15.68,15.57,1.097,0.6828,3.112,0.0,0.6722,2.2799,993.1386,125.0,157.9,102.9,51.0,504.072,0.2153,0.21,0.0329,0.0586,0.0225,9.6854,11.096,8.854,0.0168,0.27,0.0303,675.0,1853.0,0.083,0.21200000000000002,0.328,1.9,0.45,0.5201,0.051,0.6308,0.2966,0.7712,0.863,0.128,9.13,15.47,18.886,0.654,17.38,9.72,20.19,40.355,0.0905,0.0265,0.056,0.0455,0.0606,0.0157,0.0374,0.0684,4.2067,0.0395,0.013699999999999999,103.5005,0.0317,706.0996,0.0167,0.0105,0.04443526540287218,0.0429,80.0664,1.2836,0.0485,0.3872,0.0554,3.6625,27.7994,48.527,42.808,0.0698,2.349,0.0707,3.5134,0.0734,0.0113,281.8138,99.7543,2689.5792,853.5191,0.038,0.09505000000000002,0.1642,0.7141,0.0331,0.1326,0.2081,0.0229,0.0822,6.9694,0.3011,5.3097,0.0387,2.9312,4.7474,5.6188,0.1963,2.6789,3.3057,6.396,12.4298,0.0242,0.0126,0.027,0.0215,0.017,0.0071,0.0171,0.0293,1.2977,0.0117,0.0046,38.4756,0.0103,194.7101,0.01461841842589269,0.0109,24.8987,0.3872,0.0159,0.1303,0.0194,5.2258,1.0848,5.6998,4.7045,3.655,2.3004,35.0822,12.9658,13.5071,83.3323,2.0693,1.7352,2.1963,2.153,93.2457,592.486,6.4642,10.417850000000001,4.4772,2.8176,53.3597,46.7083,14.0182,0.6056,0.5834,0.988,0.2839,5.3496,11.4112,2.6723,13.1686,6.9146,2.4138,24.7674,2.3295,6.1648,5.6364,129.4638,2.8,13.8891,48.3076,0.0,48.9834,154.1067,599.2583,794.9367,55.8626,146.9388,57.7114,2.4277,1.6444,1.3944999999999999,5.7547,17.9346,0.0,67.6923,500.0,11.824154192124467,4.6666,9.3749,0.05,2.1908,6.2154,2.4317,9.8537,73.254,14.53,1.33,6.7381,0.5058,27.0176,3.6251,1.8156,0.4864,0.1043,51.6664,6.53,0.0988,2.4692,0.0414,2.3483,11.2069,532.0782,2.0447,8.39,0.2226,2.7713,0.0758,1.5768,10.8891,0.0183,3.6449,0.0157,0.019,120.6365
-1.0,3053.48,2215.8111,2.3183,98.45,1.5718,0.0211,-0.0006,198.2412,10.2851,421.0322,0.9761,188.4529,12.5718,1.4246,-3865.5,-4533.25,1.3142,1.9918,7.294,69.6556,2.2111,0.204,84.7632,9.0402,63.9938,66.339,85.9998,63.93999999999998,4.31,366.2827,141.1827,753.228,1.3367,146.1618,653.6273,205.9865,4.638,4.893,2871.0,0.9223,3.1427,348.49,10.0862,124.3255,28.095450000000003,16.8573,42.99620000000001,707.4191,146.3909,619.2064,107.8942,0.0123,-0.0485,0.0003,-0.0198,0.0071,-0.0118,0.0056,8.4695,0.1362,0.9904,1760.9823,0.1823,8844.9701,-0.183,0.0372,0.0898,0.013,0.4574296779804472,0.9607,766.6326,0.9898,58.3477,0.6022,0.9791,6.2864,15.73,3.853,15.78,15.77,1.163,0.6638,3.237,-0.3311,0.7069,2.2539,997.4334,88.0,219.5,193.7,53.3,565.522,0.6157,0.23175000000000004,0.06,0.067,0.0126,11.7654,6.613,5.394,0.0102,0.37,0.0673,1745.0,11768.0,0.221,0.059,0.165,3.0,0.688,0.5484,0.1324,0.543,0.3245,0.6941,0.382,0.2109,4.01,13.53,61.241,0.637,21.18,18.43,27.704,85.332,0.0845,0.0453,0.0334,0.0419,0.076,0.0911,0.0915,0.0783,1.736,0.0799,0.0011,97.9939,0.0891,934.7002,0.0132,0.0207,0.059621677350959246,0.021,95.0254,1.5199,0.0552,0.4502,0.0358,6.5747,22.468,82.6943,68.9251,0.2167,2.3426,0.08085,2.1199,0.0976,0.0255,732.2197,434.4061,1397.1572,5270.5054,0.0927,0.0286,0.0674,0.9194,0.0418,0.2091,0.2186,0.0522,0.1543,6.58,0.1397,4.5317,0.064,1.1008,3.5077,21.3594,0.1943,5.248349999999999,6.425799999999999,9.4809,26.2083,0.0235,0.0196,0.0143,0.0196,0.0246,0.05,0.0457,0.0337,0.5566,0.0256,0.0003,37.6454,0.0257,280.3108,0.006832425920850239,0.0069,31.4459,0.4157,0.0168,0.1486,0.0116,6.586,1.9309,3.9444,7.1885,7.6714,2.4054,40.7053,26.5572,16.1177,64.297,1.2811,1.0494,2.9431,4.7227,77.2992,259.593,16.8157,2.9622,2.2621,4.3069,54.2714,67.6471,19.9735,0.647,1.4647,0.8485,0.1387,5.1599,8.8396,2.3604,15.7808,2.7435,2.07,29.7306,1.8484,6.3156,17.537999999999997,61.5323,3.9162,29.8167,79.0886,687.6907,246.1957,0.0,383.5962,0.0,777.0701,0.0,20.4973,3.084,3.21,0.1067,5.5647,48.8777,0.0,43.0108,0.0,12.288471139302032,2.1827,12.3952,0.0638,2.6049,7.1623,1.5885,16.4864,73.54,20.85,1.09,10.1482,0.3883,54.6508,5.1664,1.4822,0.2903,0.0602,28.0255,10.27,0.304,3.911,0.1227,3.86,38.05341532073962,532.1382,2.0329,9.02,0.2568,3.0501,0.0828,1.6951,12.6333,0.0213,4.2467,0.0157,0.019,120.6365
-1.0,2816.81,2195.9778,1.5605,103.24,1.4151,0.0213,-0.0179,195.8147,10.7529,406.3675,0.9644,185.9476,12.4361,1.3943,-4176.75,-602.75,1.271,1.9925,7.2602,67.7778,2.8222,0.2273,83.914,8.7286,64.4394,66.3143,86.3286,80.23,3.005,367.2246,126.7427,731.6706,0.9927,136.6645,630.6318,67.0449,4.627,4.849,2877.0,0.9228,7.71,364.1545,10.6655,114.4527,4.8598,12.29,13.2099,718.4607,148.0136,626.6209,146.7649,-0.0095,-0.0201,0.0069,0.0025,-0.0003,-0.0109,-0.0462,7.5539,0.1287,0.983,1880.0356,0.177,9379.6,0.2111,-0.0567,-0.0261,0.0176,0.4333035045928233,0.9477,814.326,0.9901,58.6259,0.6034,0.9783,6.2251,15.73,4.138,15.77,15.73,1.13,0.6844,3.225,-0.9461,0.7269,2.2711,997.5587,71.0,150.9,139.2,46.3999,888.49,0.2816,0.1409,0.11930000000000002,0.10045,0.0265,12.7737,12.069,10.943,0.0196,0.41,0.0803,601.0,2178.0,0.053,0.058,0.124,1.5,0.459,0.3728,0.1178,0.555,0.4271,0.6667,0.982,0.1166,6.11,13.95,21.943,0.405,6.97,7.33,17.816,66.741,0.0369,0.0581,0.0213,0.1228,0.0674,0.0809,0.0974,0.0829,3.4498,0.051,0.0017,127.8346,0.0627,689.6992,0.0207,0.011,0.05797712883978759,0.0161,76.7907,1.5505,0.0345,0.3626,0.0461,3.8778,19.8379,49.3949,43.5478,0.1025,2.1577,0.0444,3.6748,0.1227,0.0258,270.2103,104.655,867.7132,915.3085,0.0226,0.0286,0.0565,0.5333,0.0325,0.1496,0.153,0.0517,0.075,6.3838,0.2883,4.2782,0.035,1.717,3.5241,5.9008,0.1057,2.1285,2.7977,5.1343,21.509,0.0113,0.0266,0.0096,0.0575,0.0206,0.0423,0.0473,0.0382,1.3424,0.0158,0.0006,43.7991,0.0172,247.8166,0.014065383068010499,0.0056,27.3309,0.4488,0.0103,0.1232,0.0146,5.9663,1.1919,3.1924,5.3571,5.4435,2.1129,63.999,18.0483,9.9571,112.2394,2.6929,2.0332,3.2968,5.7583,49.2249,361.3438,4.1699,2.9109,1.7079,2.2131,28.3465,41.349,13.3245,0.4443,1.3497,0.8613,0.252,5.7867,12.5293,2.3265,11.7445,4.4708,2.2121,32.7288,2.5034,3.7973,7.7412,143.4211,2.4797,9.5891,45.4748,388.6768,185.1793,0.0,0.0,0.0,893.578,179.3402,45.669,2.0206,2.0938,0.1694,6.7996,35.4445,961.7486,29.7268,721.3115,12.702217742914884,1.6948,9.43,0.0555,2.6447,5.8244,2.0316,10.9105,73.254,14.53,1.33,6.7381,0.5058,27.0176,3.6251,1.8156,0.5059,0.1192,50.691,4.98,0.0877,2.0902,0.0382,1.8844,15.4662,532.1073,1.8126,7.83,0.2619,2.6162,0.0751,1.4715,14.448,0.0156,3.1475,0.0178,0.012,67.7994
-1.0,3100.96,2205.5,2.3842,111.7644,1.5172,0.0074,-0.0077,202.6372,9.3697,419.9955,0.9701,192.4855,12.5382,1.3898,-4412.25,-1841.25,1.3093,2.0275,7.3388,74.5889,2.1778,0.1582,85.1167,8.2963,64.3217,66.0225,86.955,80.59,3.53,371.3309,139.1745,751.3179,0.9659,135.5827,646.0882,68.3778,4.636,4.893,2869.0,0.9175,-3.1827,367.9182,10.5932,115.9918,13.9918,23.1827,29.8057,721.5122,148.1864,632.0964,105.0281,-0.0149,-0.0309,-0.044,0.0135,0.0246,-0.0167,-0.0261,7.1634,0.1371,0.9906,1834.1129,0.1784,8825.4601,-0.23135,0.0939,0.0775,0.1073,0.4217006157501573,0.9509,755.2512,0.9889,61.1788,0.5947,0.9792,6.2196,15.71,4.149,15.77,15.73,1.465,0.6866,3.106,0.0,0.6567,2.3021,996.759,76.0,203.0,161.6,56.5,411.964,0.5267,0.23175000000000004,0.0703,0.0441,0.0178,7.0501,5.939,10.783,0.0149,0.25,0.0649,1166.0,1713.0,0.224,0.178,0.146,2.3,0.585,0.6925,0.047,0.5372,0.2023,0.6042,0.91,0.2037,10.1,14.1,33.147,0.631,15.05,9.58,19.449,54.064,0.0481,0.0462,0.0259,0.045,0.0457,0.0718,0.0749,0.0695,3.9822,0.0767,0.0017,174.144,0.0361,394.7002,0.0369,0.0209,0.048503475914171645,0.0056,57.4454,2.9336,0.0284,0.3488,0.0548,1.9997,20.6337,71.8916,60.8745,0.1654,1.4419,0.08085,1.8704,0.0651,0.0198,546.2749,164.9432,2249.3555,745.5675,0.0926,0.0737,0.0621,0.666,0.0585,0.2324,0.2679,0.018,0.0912,7.2913,0.323,4.7094,0.0586,3.1306,4.2193,9.4822,0.1788,2.9127,3.5485,5.5737,20.0726,0.0121,0.0192,0.0108,0.0222,0.0131,0.0384,0.0392,0.033,1.4226,0.025,0.0005,51.77,0.0115,153.9828,0.013244397589033627,0.0019,22.914,0.8846,0.0092,0.1092,0.0197,8.2601,0.7473,3.5643,6.5464,6.4459,2.5618,32.0008,22.0908,16.1177,63.385,2.5674,1.5357,1.9939,4.6668,103.7793,93.0346,17.109,8.7793,1.9894,3.0836,101.0204,97.9635,17.7506,0.8136,0.5663,0.8352,0.2631,6.0808,10.1383,2.3193,21.094,7.4493,2.1824,48.4762,2.4264,5.9567,5.1469,107.5628,2.6956,14.9859,51.4757,323.4973,176.3359,102.3309,337.8928,291.5736,449.1754,265.7744,55.5903,4.941799999999999,3.2422,0.1695,9.4947,20.2487,0.0,51.1082,324.7525,12.992951258261359,0.5931,7.6061,0.1191,4.7952,5.6089,2.3819,5.3479,73.254,14.53,1.33,6.7381,0.5058,27.0176,3.6251,1.8156,0.4384,0.1098,44.1134,11.969999999999999,0.0993,4.532500000000001,0.0408,4.638249999999999,15.4451,529.4391,2.0075,10.07,0.3509,3.6046,0.1086,1.902,17.4779,0.0115,2.3182,0.0178,0.012,67.7994
-1.0,3004.07,2180.8889,0.9085,94.2467,1.2957,0.0186,0.007,193.584,8.6656,413.1059,0.9745,183.3713,12.5339,1.3829,-4057.25,-378.0,1.2688,1.9745,7.2538,72.1111,1.9333,0.1599,85.2544,8.3675,64.3032,66.0584,86.8342,63.93999999999998,1.582,363.6127,141.7373,750.4688,1.3041,141.1027,646.4527,196.5638,4.635,4.89,2876.0,0.9161,-3.5064,364.34,10.5752,118.2309,15.7082,23.5064,29.7574,720.7115,148.1736,630.7445,93.9988,-0.0231,-0.0331,-0.0026,0.0091,0.0149,-0.0123,-0.0298,6.9761,0.1339,0.9906,1862.0343,0.1820910269726177,9428.528954619,-0.0009,0.013,0.0624,0.0476,0.424958772100854,0.9409,852.6576,0.9895,59.3411,0.5992,0.9806,6.1307,15.71,4.149,15.77,15.73,1.465,0.6866,3.106,0.0,0.6567,2.3021,996.759,96.0,129.9,66.2,57.3999,1015.8822,0.1294,0.0716,0.0784,0.0649,0.0167,12.2549,4.499,11.138,0.0094,0.6,0.0714,439.0,15651.0,0.123,0.143,0.104,1.9,0.151,0.5344,0.1325,0.4795,0.2052,0.6852,0.826,0.2676,10.17,11.69,49.216,0.534,15.73,10.95,19.773,45.299,0.0639,0.0829,0.0352,0.0742,0.049,0.1332,0.0909,0.1435,5.1322,0.0783,0.0013,124.6465,0.05029020826426517,984.2185204104289,0.0102,0.0151,0.04051387176413063,0.0134,79.7015,2.568,0.0183,0.3208,0.0548,1.9997,24.2514,36.6888,22.4042,0.043,3.1997,0.0232,1.5094,0.1352,0.0241,191.7785,275.9348,734.75,7927.9995,0.0549,0.0619,0.0477,0.6431,0.0464,0.0543,0.2635,0.0502,0.0956,8.0069,0.2506,4.4317,0.0749,3.3205,3.2885,18.3397,0.1593,3.2216,3.8626,6.1328,16.2685,0.0185,0.0368,0.0152,0.0341,0.0119,0.0609,0.0434,0.0778,1.7799,0.0268,0.0004,40.7021,0.015193125608092037,290.31162628854327,0.010701454574281023,0.0038,23.8333,0.7685,0.0064,0.1092,0.0197,8.2601,0.7473,4.425,4.3241,2.6923,2.6319,77.0342,14.2425,5.5258,51.9177,2.6962,0.9693,4.787,5.1615,40.5447,0.0,9.6946,7.2423,1.4337,2.6348,72.4138,76.9284,4.2925,0.6268,1.5839,0.7457,0.3651,6.6197,9.9621,2.2938,20.5163,7.2075,1.8083,25.0382,2.1348,5.0496,3.7723,100.1391,2.7435,14.1851,48.191,276.6234,393.3571,0.0,539.5733,893.9597,736.0324,480.737,73.5687,2.5392,3.2085,0.1353,6.6941,29.834829174569272,774.359,42.7673,0.0,9.81961793915102,1.4272,9.3474,0.0892,4.3275,5.2319,2.3819,5.3479,72.94,20.87,0.7,9.6912,0.2895,26.5454,5.1986,0.9597,0.669,0.1583,65.5742,4.98,0.0877,2.0902,0.0382,1.8844,15.4662,532.8145,2.1082,6.88,0.2616,2.4746,0.0736,1.2913,12.4089,0.0167,3.3429,0.0059,0.0148,252.0031
-1.0,2974.97,2195.9778,1.5605,103.24,1.4411,-0.0039,-0.0065,202.4606,10.8377,415.4355,0.9708,192.0177,12.5292,1.4004,-4188.25,-1404.5,1.3382,2.0408,7.5518,72.1889,2.6667,0.1979,87.3732,8.5615,63.9323,66.0124,87.1811,78.7,2.851,347.68,148.5373,740.7476,1.2218,137.9545,634.1718,208.3195,4.605,4.866,2820.0,0.9312,-1.0455,348.35,10.1486,127.4918,9.8854,21.0455,27.2606,713.487,148.4445,624.2864,118.945,-0.0314,-0.0254,0.0123,0.0116,-0.0046,-0.0106,0.0119,7.4606,0.1296,0.9865,1851.0066,0.1712,8396.1,0.23764999999999997,0.0195,-0.1031,0.068,0.440238716172096,0.9496,714.9934,0.9899,58.4606,0.6013,0.9786,6.3033,15.7,4.04,15.73,15.71,1.276,0.6481,3.061,0.0,0.7048,2.2959,993.8988,80.0,150.2,73.7,46.3999,888.49,0.2816,0.1414,0.0713,0.0707,0.0242,7.5315,5.999,9.141,0.0173,0.25,0.0215,1058.0,2288.0,0.177,0.119,0.223,5.4,0.499,0.7249,0.2224,0.397,0.2113,0.7379,0.808,0.1345,8.71,20.55,60.8,0.364,18.23,16.72,32.756,80.238,0.0553,0.0542,0.0296,0.0665,0.0593,0.1229,0.0776,0.0518,3.5232,0.0404,0.0013,107.7797,0.0452,1479.1006,0.0227,0.0273,0.043245631723442646,0.0185,136.5109,2.7601,0.0289,0.4286,0.0546,4.1203,21.225,46.2755,27.7524,0.1025,2.1577,0.0531,1.8802,0.0731,0.0091,486.2455,360.3095,2068.3453,997.5358,0.0804,0.054,0.1071,1.7003,0.04,0.1852,0.3021,0.082,0.0952,6.2074,0.2195,9.3926,0.0462,2.3838,6.4482,20.9063,0.1258,4.3748,4.7673,10.6252,24.3075,0.0138,0.0256,0.0138,0.0277,0.0178,0.0571,0.043,0.027,1.1597,0.0133,0.0004,36.3217,0.0121,415.9572,0.013811900980181918,0.0066,38.7715,0.8218,0.0102,0.139,0.0208,7.9886,1.4213,3.6366,5.0488,2.9721,2.1129,63.999,18.0483,9.8123,55.3529,2.2003,1.7824,1.9953,1.5338,109.8072,162.9049,13.2262,5.8312,2.953,7.862050000000002,37.5,71.2521,14.217,0.8297,2.5979,0.621,0.4167,6.2126,8.5366,4.0683,11.0121,6.3137,3.2404,29.1859,6.2079,3.5867,17.537999999999997,184.4128,4.591,17.5397,67.4581,175.9396,0.0,538.4615,511.2069,0.0,735.545,434.3816,47.2238,2.9313,1.7169,0.1361,5.8228,26.4053,0.0,42.0627,0.0,12.446186438338536,1.9498,19.0926,0.0845,4.7213,6.8002,2.3796,11.1581,74.962,15.21,1.11,6.6615,0.4268,43.6669,3.7243,1.4808,0.6176,0.1409,58.4324,7.24,0.2127,2.8813,0.0874,2.6583,23.9104,531.7464,2.2909,9.1299,0.2908,3.1198,0.0849,1.717,12.6938,0.0198,3.9567,0.0059,0.0148,252.0031
-1.0,2987.8,2216.8333,1.7074,95.9856,1.3134,0.0158,0.0102,193.9392,8.2138,421.5779,0.97,183.8499,12.4363,1.4046,-5147.75,-98.75,1.2805,1.9637,7.1963,74.8778,2.4222,0.1856,85.4577,8.2061,64.4522,66.0643,86.7514,63.93999999999998,4.938,348.8918,143.2109,735.2515,1.2953,139.0945,631.1973,213.8219,4.4879999999999995,4.71,2829.0,0.9091,-4.25,350.5236,10.3063,118.9609,10.7146,24.25,31.9995,703.2519,150.9982,620.4827,96.1682,-0.01,-0.0421,0.0275,0.0103,0.0077,-0.0435,0.0142,7.5921,0.1325,0.9865,1812.344,0.1717,9053.8801,0.0777,-0.0353,0.0185,0.1811,0.4622388370282189,0.9525,781.6883,0.9894,59.6823,0.5964,0.9633,6.4103,15.71,4.149,15.77,15.73,1.465,0.6866,3.106,0.0,0.6567,2.3021,996.759,102.0,172.3,170.5,46.7,427.623,0.2488,0.127,0.0627,0.0634,0.0202,12.1765,5.237,11.214,0.0138,0.31,0.0252,1304.0,1260.0,0.187,0.162,0.078,4.9,0.649,0.4054,0.1451,0.5378,0.2945,0.7292,0.628,0.1437,7.53,15.84,71.891,0.233,13.92,5.55,27.4771,88.563,0.0802,0.0606,0.0398,0.0336,0.1153,0.0995,0.045,0.0746,2.7801,0.047,0.0028,154.3181,0.0276,1299.7998,0.0244,0.0117,0.0600031435309461,0.0136,136.7752,4.2887,0.0238,0.4127,0.0548,1.9997,24.852,58.5852,57.9394,0.0802,2.34,0.0476,1.8747,0.093,0.0088,607.0873,299.7582,2141.5137,525.0571,0.0809,0.0733,0.0355,1.3452,0.0789,0.1896,0.1762,0.0581,0.1046,6.2117,0.1958,7.7797,0.0456,2.4033,5.3168,18.7099,0.0735,1.7923,1.8371,9.0785,27.1404,0.021,0.0254,0.019,0.0142,0.0317,0.0531,0.0199,0.0341,0.9525,0.0149,0.0009,48.5394,0.0089,422.7962,0.01554544384443379,0.0044,44.3673,1.2302,0.0085,0.1277,0.0197,8.2601,0.7473,4.7205,5.7668,6.8487,2.1066,29.1178,14.5714,9.6693,63.7584,2.66,1.4218,2.4927,1.7926,93.0892,0.0,14.6037,8.2495,1.0839,6.544,123.8532,141.7365,19.1533,0.4744,1.7687,0.8344,0.2453,5.7468,3.6031,3.393,11.0975,5.4136,2.5095,33.6219,4.1441,2.2608,5.279,129.9165,3.9071,16.0732,92.0918,800.9988,191.0165,122.0708,0.0,0.0,103.4483,525.3521,36.6178,4.941799999999999,1.9352,0.2868,8.5148,16.0887,931.3433,42.2243,842.1053,13.49598896249663,1.4239,17.4974,0.1645,7.1859,6.4387,2.3819,5.3479,72.0510017599403,17.340243148357235,1.211073775498371,7.767019406757199,0.4733471438134549,49.07411414064084,4.3052541495088485,1.670618207673045,0.3284,0.0876,32.6609,9.95,0.1622,3.8666,0.0774,3.5186,23.2997,530.5455,1.9626,9.42,0.4069,3.491,0.1255,1.7755,20.7331,0.0132,2.6568,0.0059,0.0148,252.0031
-1.0,2955.33,2187.9889,0.9065,97.6567,1.3606,0.003,0.0107,193.0174,9.9712,406.1335,0.9775,182.5944,12.452,1.4175,-3753.75,-981.0,1.0772,1.8032,5.1418,72.0556,1.3222,0.1054,85.1237,8.1605,64.415,66.3805,86.629,84.56,2.759,346.0773,143.1582,733.5832,1.2907,141.52,630.7555,214.7045,4.605,4.834,2803.0,0.9332,2.3091,349.1691,10.0548,125.4673,10.8428,17.6909,23.8511,709.7321,145.2764,619.9127,122.698,0.0126,0.0075,-0.0515,-0.0071,0.0256,-0.0075,-0.0416,7.5951,0.1354,0.9877,1807.835,0.1764,8783.9301,-0.1397,0.0093,0.0568,0.0236,0.4467346850129732,0.9548,764.1455,0.9888,59.4081,0.5757999999999998,0.9654,6.3963,15.71,4.149,15.77,15.73,1.465,0.6866,3.106,0.0,0.6567,2.3021,996.759,104.0,73.2,87.6,52.0,329.086,0.1327,0.1306,0.0887,0.04,0.015,11.9891,6.874,6.196,0.009,0.18,0.0366,643.0,389.0,0.085,0.077,0.226,2.7,0.274,0.781,0.2361,0.5125,0.2893,0.9272,0.438,0.144,6.69,19.48,40.802,1.028,19.91,9.61,31.84,78.033,0.0985,0.0635,0.0822,0.0214,0.083,0.073,0.0483,0.0736,3.5108,0.0778,0.0017,157.0511,0.0257,613.2998,0.0217,0.0299,0.05518939744131768,0.0098,76.8229,2.5737,0.0205,0.1953,0.0548,1.9997,26.9838,23.2596,29.3168,0.0439,2.674,0.0499,1.8865,0.0416,0.0139,283.0365,72.4822,189.0033,171.7071,0.0352,0.032,0.1017,0.9382,0.0191,0.0719,0.2953,0.0985,0.1213,6.3138,0.141,8.3549,0.0394,2.0568,6.218,11.8488,0.2744,2.454,2.7099,9.7697,25.3563,0.0276,0.0275,0.0374,0.0106,0.0228,0.0388,0.0229,0.0342,1.4591,0.0262,0.0005,46.3128,0.0097,194.3988,0.01480190271503163,0.0034,25.2834,0.787,0.0072,0.0687,0.0197,8.2601,0.7473,4.7455,2.4769,3.4736,2.3766,30.0157,14.636,9.5988,68.9387,1.5256,0.9222,1.4455,2.5849,9.324,39.6534,7.8905,4.2701,4.3954,3.7471,52.9412,42.6765,5.7872,0.9175,2.8937,0.7956,0.0873,5.7964,9.8353,3.7547,11.1556,4.7272,3.0884,19.0038,7.4471,10.224,16.0679,183.6243,4.4862,29.3818,63.5976,781.3585,307.8788,41.5534,0.0,284.6004,646.1538,176.7107,46.2251,2.2899,3.19,0.1681,8.6872,14.5895,0.0,32.287,0.0,12.493923280119057,1.0265,10.0534,0.1277,4.3323,3.0533,2.3819,5.3479,71.996,17.88,0.93,7.9236,0.3702,78.4512,4.6741,1.2917,0.3823,0.0858,40.3018,4.98,0.0877,2.0902,0.0382,1.8844,15.4662,532.4527,1.9857,5.83,0.3368,2.077,0.1016,1.0949,16.9589,0.0095,1.9143,0.0209,0.0141,67.2425
-1.0,2990.57,2162.5556,1.4305,100.4111,1.6123,-0.0166,0.0017,201.4521,8.7335,416.3166,0.9675,192.0452,12.5373,1.3994,-3863.75,-329.0,1.0825,1.7985,5.1348,70.5667,1.5667,0.1236,85.1237,8.1605,64.415,66.3805,86.629,84.56,2.759,363.7282,137.5391,744.9876,1.3355,140.0409,641.3082,186.3586,4.63,4.869,2861.0,0.9191,-2.5027,362.8509,10.6173,115.0364,22.3227,22.5027,32.7483,712.2393,141.0982,618.9855,149.312,0.0081,-0.0452,-0.0438,-0.0275,-0.0181,-0.0126,-0.048,7.7454,0.1341,0.9911,1826.5261,0.1845,8808.85,-0.1331,-0.1256,0.0099,-0.0731,0.4365406128316618,0.9488,801.3997,0.9892,56.3776,0.5757999999999998,0.9686,6.1223,15.7,4.04,15.73,15.71,1.276,0.6481,3.061,0.0,0.7048,2.2959,993.8988,101.0,44.3,70.6,62.9001,142.106,0.1343,0.1726,0.0368,0.0435,0.0241,8.257,5.1,10.707,0.0153,0.23,0.0272,548.0,634.0,0.064,0.051,0.4,1.9,0.107,0.781,0.2361,0.5125,0.2893,0.9272,0.76,0.169,7.68,14.22,61.881,1.184,21.0,13.23,21.929,53.604,0.0638,0.0302,0.0412,0.0224,0.0645,0.0893,0.0903,0.0533,3.704,0.1363,0.0016,135.4246,0.0627,703.0,0.0235,0.0123,0.05644469977661709,0.0191,179.6282,2.0181,0.045,0.2446,0.0546,4.1203,26.4898,14.7446,24.1372,0.0415,1.5089,0.065,1.442,0.0635,0.0092,244.8447,51.9519,254.4188,265.8847,0.0266,0.0216,0.183,0.7141,0.0234,0.041,0.2953,0.0985,0.1213,8.5495,0.2822,4.2805,0.0483,2.5114,4.046,16.1817,0.3298,3.8422,4.4532,6.1548,18.803,0.0198,0.0139,0.0209,0.0111,0.0169,0.0495,0.044,0.0228,1.4909,0.0369,0.0004,49.5349,0.0205,217.012,0.012528485357036746,0.0069,55.7022,0.5944,0.0169,0.0792,0.0208,7.9886,1.4213,4.5431,1.4813,2.7854,2.9086,13.6504,9.3868,10.7055,58.3955,2.5718,1.5814,1.8345,1.9415,14.1831,192.7052,5.9122,2.8357,7.544649999999999,2.6925,38.2979,69.6043,2.2726,0.9175,2.8937,0.7956,0.0873,6.6973,10.6079,2.2906,12.6513,5.4841,2.2173,33.2053,2.5122,11.1516,3.4598,94.0745,3.0789,17.7475,35.9007,783.4229,205.7922,51.1416,234.8123,492.6897,718.0915,110.9839,47.8222,2.3861,5.6215,0.1656,7.4143,33.9626,320.0,118.77044999999998,782.2222,12.232846506781973,2.0088,22.4143,0.0954,3.5796,3.9957,2.3796,11.1581,73.254,14.53,1.33,6.7381,0.5058,27.0176,3.6251,1.8156,0.3823,0.0858,40.3018,2.86,0.1552,1.0306,0.0686,1.0575,17.5085,528.8655,2.0891,6.36,0.3659,2.2433,0.105,1.2026,17.5152,0.0117,2.3308,0.0274,0.0121,44.0961
-1.0,3219.75,2239.4111,1.2079,115.6522,1.3326,0.0314,0.0021,199.5896,7.4488,413.0175,0.9799,189.9923,12.5914,1.3921,-3094.75,-1755.0,1.372,1.994,7.3697,68.0889,2.5333,0.1941,85.549,8.7556,64.0533,66.2801,86.5808,63.93999999999998,4.194,365.5109,138.9291,747.9519,1.3281,142.8073,647.2473,206.7264,4.601,4.851,2882.0,0.9185,4.1691,366.0418,10.2998,123.0982,11.6023,15.8309,22.3694,725.5825,148.3573,637.4973,95.3934,0.0047,0.0157,0.0237,-0.0026,0.0006,-0.0168,0.0158,8.0949,0.1296,0.9878,1795.9323,0.1687,8508.81,0.0425,0.0056,-0.0867,-0.0217,0.42724920951408185,0.956,725.1428,0.9914,59.6793,0.6107,0.968,6.2602,15.82,4.029,15.84,15.79,1.064,0.6868,3.271,-0.4258,0.6888,2.2674,1006.0044,60.0,152.7,79.1,59.5,187.198,0.392,0.1799,0.0738,0.0535,0.008,11.8524,3.686,14.786,0.0065,0.34,0.034,846.0,5431.0,0.138,0.095,0.467,2.8,0.445,0.7299,0.0798,0.4009,0.1522,0.735,0.86,0.1579,6.62,16.36,49.742,1.221,13.18,12.77,24.616,58.401,0.0841,0.0749,0.072,0.0468,0.16685000000000003,0.1027,0.1133,0.083,3.3082,0.0351,0.0011,161.2598,0.0315,624.7998,0.0119,0.016,0.0441569287047775,0.0245,78.7383,3.1897,0.0445,0.3908,0.0749,4.0343,17.3974,47.4502,27.1296,0.134,1.2326,0.0619,1.3064,0.0665,0.0131,353.6923,141.8015,1166.0559,2419.5643,0.0607,0.0444,0.1922,1.0252,0.04,0.1806,0.2898,0.0306,0.1331,8.6883,0.3327,4.6509,0.0526,2.3099,4.5694,16.2376,0.3623,3.5887,4.873,7.408,18.2944,0.0225,0.0324,0.031,0.0218,0.0485,0.049,0.0535,0.0433,1.0421,0.0133,0.0003,48.7259,0.0088,221.7097,0.011491905877721495,0.0074,26.264,1.0085,0.0151,0.1198,0.0226,3.0215,1.2939,2.7378,4.7426,3.3329,2.6569,17.3252,32.4564,13.5002,49.4844,3.58,0.6601,2.7002,2.4431,78.8109,309.4587,10.0583,4.7643,6.3367,4.1123,47.3684,69.5478,13.4491,0.8532,0.9111,0.6259,0.2728,6.7057,10.984,2.385,11.8914,4.6356,2.5276,24.0618,1.8727,11.8546,5.2885,113.5983,3.3926,19.7365,61.2212,0.0,0.0,197.2603,0.0,0.0,675.4098,524.4866,40.8679,2.9313,1.4825,0.1158,8.9792,18.6863,0.0,39.6285,0.0,11.921621272541685,2.5632,10.8583,0.1061,5.3448,6.2425,3.3054,10.9599,72.564,17.45,1.79,7.719,0.6946,96.5532,4.4519,2.4668,0.1231,0.0321,12.6716,4.15,0.1296,1.7245,0.0518,1.6158,22.1882,531.7464,2.2909,9.1299,0.2908,3.1198,0.0849,1.717,12.6938,0.0139,2.8046,0.0274,0.0121,44.0961
-1.0,2962.45,2281.5667,2.5534,108.3144,1.3216,0.0474,0.0035,199.7879,8.978,415.341,0.9728,190.1955,12.5439,1.3969,-3892.25,-1980.5,1.3035,1.9675,7.3125,67.1222,2.1667,0.1754,84.4668,8.8909,64.1879,66.3049,86.5543,80.01,2.677,348.7936,143.3964,734.2186,0.9888,130.8745,623.0645,65.8819,4.605,4.823,2835.0,0.9323,-0.4491,348.01,10.2825,122.9473,9.8212,20.4491,23.9246,710.294,144.61,615.5673,72.8475,-0.0018,0.0689,0.0106,-0.0115,-0.0076,0.017100000000000004,-0.0347,6.7061,0.1351,0.9674,1848.717,0.1653,8655.28,-0.0343,-0.0242,0.0435,-0.1049,0.49403292283322847,0.9423,733.8493,0.9867000000000001,56.6905,0.5973,0.9773,5.9926,15.82,4.029,15.84,15.79,1.064,0.6868,3.271,-0.4258,0.6888,2.2674,1006.0044,100.0,193.6,164.1,87.1003,821.637,1.0612,0.127,0.0975,0.0493,0.016,11.3664,5.618,13.398,0.0127,0.35,0.0385,1269.0,2335.0,0.133,0.094,0.334,3.4,0.735,0.5756,0.1314,0.5726,0.1827,0.7894,0.747,0.1021,12.07,21.58,32.061,0.289,15.23,7.75,32.2599,24.16,0.0761,0.0535,0.0313,0.0173,0.0844,0.0964,0.0738,0.0998,6.041,0.0443,0.0065,79.8271,0.0287,1520.7998,0.0251,0.0237,0.120188138292432,0.0188,168.5944,5.2894,0.0299,0.2483,0.0749,4.0343,27.0458,64.1523,57.0838,0.36060000000000003,4.1378,0.0447,1.8528,0.0901,0.0132,524.1568,211.4308,776.2265,1651.0943,0.0593,0.0428,0.1524,1.1355,0.0607,0.2653,0.2256,0.0488,0.0725,5.9439,0.241,8.275,0.0309,3.8504,6.7202,10.1045,0.0913,2.4604,2.558,10.3775,8.5561,0.0219,0.0245,0.0139,0.0071,0.025,0.0501,0.0381,0.0465,2.1107,0.014,0.0026,27.6445,0.0095,543.173,-0.008012705515723625,0.0072,56.8907,1.5448,0.0087,0.0747,0.0226,3.0215,1.2939,4.5476,6.5351,6.5728,3.906427332733898,70.7515,64.9361,9.6092,62.5752,3.2258,1.3008,2.7902,2.7583,48.1213,117.8995,10.2033,4.7776,4.5675,5.0654,64.6154,109.4364,22.0905,0.6815,1.4779,0.8921,0.271,5.5391,4.8537,3.6969,10.3244,9.2226,3.4635,48.6643,5.42,2.8106,9.8416,155.0734,4.5418,12.9095,33.1652,0.0,0.0,162.8235,735.512,0.0,319.4805,287.401,90.0829,2.516,1.8677,0.6676,4.318,17.3677,0.0,48.0349,0.0,13.47300412565762,1.9932,22.974,0.25379999999999997,9.3304,4.1475,3.3054,10.9599,73.264,20.78,1.01,9.1573,0.4012,58.726,5.1001,1.3786,0.1203,0.034,12.7229,3.86,0.1741,1.5388,0.0683,1.4233,25.4636,532.1073,1.8126,7.83,0.2619,2.6162,0.0751,1.4715,14.448,0.0153,3.0481,0.025,0.0088,35.1564
-1.0,2949.12,2176.8,0.8864,96.2367,1.5576,-0.0205,0.0095,194.6139,9.1436,414.1562,0.9806,184.7505,12.6241,1.4252,-3162.5,-105.25,1.2917,2.0175,7.3262,70.9778,2.5778,0.1964,86.7657,8.451,63.9931,66.0272,87.0768,80.66,2.958,347.9582,143.2427,734.0064,1.3215,139.6882,630.8891,197.3372,4.605,4.866,2820.0,0.9312,-2.1136,348.8755,10.2773,121.1291,14.8573,22.1136,29.2308,704.7755,146.0273,616.0318,96.0222,0.0105,-0.0428,0.013,-0.0093,-0.0037,-0.026,0.0268,7.0985,0.1402,0.9926,1795.223,0.1599,8643.81,0.1533,0.0326,-0.052,0.0188,0.4397275531250857,0.9513,746.266,0.9895,55.696299999999994,0.5958,0.979,6.2987,15.82,4.029,15.84,15.79,1.064,0.6868,3.271,-0.4258,0.6888,2.2674,1006.0044,92.0,251.9,207.3,55.2998,602.306,0.0824,0.2021,0.0507,0.0655,0.0072,11.9188,3.768,15.049,0.0052,0.26,0.0685,436.0,1949.0,0.168,0.063,0.14,3.2,0.756,0.6521,0.1031,0.6666,0.4115,0.7402,0.668,0.167,5.43,21.15,68.114,0.461,18.13,11.6,28.56,89.161,0.0714,0.0588,0.0432,0.0752,0.0563,0.1054,0.11,0.0762,5.3997,0.0902,0.0006,70.627,0.0203,825.0,0.0135,0.0163,0.04994676653611596,0.0139,103.4513,1.3036,0.0415,0.3808,0.0749,4.0343,24.8926,74.8883,69.5457,0.0287,2.1779,0.0607,1.095,0.072,0.0243,225.5665,178.7202,163.5634,831.6399,0.0729,0.0304,0.0653,1.1595,0.0489,0.2376,0.2758,0.0428,0.1074,6.6639,0.214,8.9258,0.0483,1.7554,6.2248,20.9312,0.1328,3.0877,3.4555,9.1742,24.8479,0.0215,0.025,0.0199,0.0386,0.0152,0.0578,0.0569,0.037,2.0702,0.0287,0.0002,19.6552,0.008,305.8196,0.013671482285893108,0.0047,37.5606,0.3956,0.0138,0.1205,0.0226,3.0215,1.2939,4.0067,8.5415,8.1191,2.5404,41.2133,9.3014,12.9751,41.209,3.6337,0.5352,2.0596,4.8044,11.8261,0.0,13.0056,3.1227,1.9109,4.5085,62.069,77.8846,22.1096,0.7516,1.2206,1.0417,0.4189,6.4289,9.8644,4.0715,12.6373,3.8872,3.3524,34.5166,6.2079,4.4856,17.537999999999997,122.0276,4.0524,28.8166,92.8546,680.8105,311.9363,578.4615,602.9451,0.0,422.6705,284.5938,76.0689,1.7827,3.7141,0.0653,3.9342,12.7116,0.0,44.0529,0.0,11.876716454463779,1.4585,13.8625,0.0644,2.3828,6.0455,3.3054,10.9599,73.254,14.53,1.33,6.7381,0.5058,27.0176,3.6251,1.8156,0.3823,0.0858,40.3018,4.98,0.0877,2.0902,0.0382,1.8844,15.4662,531.7464,2.2909,9.1299,0.2908,3.1198,0.0849,1.717,12.6938,0.0111,2.2148,0.025,0.0088,35.1564
-1.0,3047.38,2201.8489495994418,2.5534,99.89935178608684,1.386,0.0225,0.0018,199.9191,9.0278,410.8521,0.9615,190.3475,12.4361,1.4005,-3625.0,51.75,1.2598,2.0225,7.3003,72.0667,2.5333,0.1846,84.8142,9.9095,64.2404,66.1883,86.5141,81.76,2.663,350.6636,142.1073,734.8025,0.9947,139.1173,631.8882,64.8251,4.569,4.8,2858.0,0.9325,-0.7664,352.8373,10.3173,121.3409,6.4922,20.7664,25.5758,709.2267,152.1755,626.3536,96.032,-0.0134,-0.0204,0.0238,-0.035,-0.0022,-0.056650000000000006,-0.0247,6.9822,0.1318,0.9721,1893.7174,0.1766,9724.2,0.0658,-0.0986,-0.0164,-0.0084,0.45006528298915405,0.9399,871.864,0.9867000000000001,56.7072,0.6079,0.9792,6.2779,15.82,4.029,15.84,15.79,1.064,0.6868,3.271,-0.4258,0.6888,2.2674,1006.0044,98.0,171.6,62.8,62.916189480270106,469.25178873875734,1.0612,0.1352,0.0785,0.0353,0.0302,11.792,6.188,8.924,0.0235,0.41,0.0606,152.0,1050.0,0.083,0.075,0.36,2.9,0.395,0.2979,0.2102,0.6142,0.3466,0.6263,0.896,0.1706,10.46,18.4,29.054,0.322,10.92,3.63,30.15,56.632,0.0798,0.0635,0.0523,0.0646,0.1083,0.0747,0.0345,0.0759,5.3779,0.0395,0.0028,105.4143,0.0464,812.7002,0.0213,0.0139,0.05618748836442175,0.0119,96.1763,5.0001,0.06409999999999999,0.4556,0.0749,4.0343,27.1387,59.377,22.0186,0.36060000000000003,2.1252336525325974,0.0499,1.5542,0.1227,0.0228,74.7306,82.5767,349.778,475.5189,0.0396,0.0326,0.1536,0.8832,0.0481,0.1473,0.1171,0.0749,0.0983,5.3262,0.2823,9.3035,0.0471,2.8053,5.621,7.2427,0.087,1.1788,1.4068,9.3504,17.521,0.0257,0.0264,0.0245,0.0287,0.0299,0.0421,0.0152,0.0348,1.6774,0.0117,0.001,37.8153,0.0138,276.0129,0.011845864658610771,0.0036,30.05,1.4774,0.0204,0.1495,0.0226,3.0215,1.2939,4.5555,5.6311,2.4182,2.8474848884892663,31.779911188956994,26.99171429803493,9.755,68.5437,2.1721,2.4469,3.2968,4.3271,20.5793,0.0,6.5886,3.7083,4.9313,4.0241,71.0526,89.404,11.4792,0.3512,2.1212,0.9561,0.168,5.4981,6.3544,4.0679,17.1523,7.5188,2.9119,44.8191,8.1274,3.121,7.9034,168.2017,4.2511,13.3631,58.972,594.1368,618.59025,270.8595,309.4838,0.0,55.4662,307.5988,77.0223,2.4277,1.6444,0.2883,5.5665,26.2896,845.6274,22.8805,271.6981,11.982013475401024,1.2701,11.0311,0.25379999999999997,8.8173,7.2571,3.3054,10.9599,73.072,16.11,1.37,6.9227,0.5369,29.0678,4.0029,1.8749,0.0868,0.0246,9.3586,4.98,0.0877,2.0902,0.0382,1.8844,15.4662,530.0846,1.9812,9.01,0.2753,2.596,0.0898,1.6997,13.8979,0.0162,3.2081,0.025,0.0088,35.1564
-1.0,3214.14,2239.4111,1.2079,115.6522,1.4857,0.016,0.002,199.3795,7.3519,414.1151,0.9704,189.7892,12.5263,1.435,-3465.25,2909.0,1.302,1.9888,7.2893,69.2,1.6556,0.1327,86.899,9.3181,64.1792,65.8829,87.4062,78.7,2.932,364.6855,135.4155,743.6279,1.3969,144.0909,644.1918,220.5999,4.585,4.876,2879.0,0.9185,0.4345,364.3336,10.5788,115.85,15.1727,19.5655,27.4583,716.1696,148.8355,629.0191,88.1454,0.0303,-0.0411,0.007,-0.0106,-0.0035,-0.0302,0.0182,7.5482,0.1423,0.9875,1806.371,0.1736,8303.9899,0.0266,0.0223,-0.0505,-0.0369,0.43547328293609766,0.9552,707.5451,0.9915,59.5098,0.5924,0.9796,6.3281,15.82,4.029,15.84,15.79,1.064,0.6868,3.271,-0.4258,0.6888,2.2674,1006.0044,154.0,170.2,176.0,59.5,187.198,0.392,0.2183,0.0575,0.0458,0.0194,11.7247,2.844,17.136,0.0155,0.25,0.0479,426.0,17919.5,0.195,0.128,0.166,2.9,0.491,0.5745,0.1364,0.6106,0.3029,0.6595,0.722,0.177,5.11,14.8,55.097,0.707,14.29,5.91,17.741,104.289,0.0826,0.0648,0.0361,0.0551,0.1317,0.0992,0.0867,0.0722,3.1087,0.0342,0.0014,120.0112,0.0205,638.0996,0.0134,0.0126,0.030159725618694705,0.0282,70.8829,3.6157,0.0443,0.3571,0.0749,4.0343,31.241,53.7446,50.66,0.134,1.2326,0.0702,1.0734,0.0734,0.0174,174.393,231.7218,404.5931,8734.9827,0.083,0.0602,0.0793,0.922,0.036,0.1721,0.2319,0.0558,0.109,7.3448,0.2228,4.6617,0.052,1.5078,4.0254,17.2142,0.2081,1.7932,2.5905,5.0947,29.07,0.0218,0.0269,0.0169,0.0259,0.0372,0.0529,0.0458,0.0389,1.098,0.0113,0.0004,39.3534,0.0072,234.0268,0.009217744421479782,0.0099,25.3536,1.0913,0.016,0.1118,0.0226,3.0215,1.2939,7.0573,5.2954,7.1967,2.6569,17.3252,32.4564,14.6934,38.6838,4.138,1.5992,1.9958,3.3366,27.415,620.11,14.977,6.4362,2.2773,4.1908,84.5638,92.7136,14.0858,0.6611,1.4633,0.9514,0.2182,6.4384,11.3355,2.4083,12.6688,3.5464,2.2975,24.976,2.4082,6.6832,9.9353,94.1822,2.4772,16.5269,118.3148,272.2142,0.0,764.9995,0.0,0.0,287.3239,396.1591,41.185,0.7731,1.4354,0.1437,6.6438,11.7939,519.5876,44.2748,1000.0,7.9653961890967055,2.9519,10.0181,0.1121,6.0759,5.6426,3.3054,10.9599,74.516,20.37,0.42,8.7619,0.2083,20.0395,5.0784,0.5636,0.1671,0.0327,17.4239,4.98,0.0877,2.0902,0.0382,1.8844,15.4662,536.4482,1.4106,7.05,0.1166,2.5361,0.0358,1.3142,8.2645,0.0233,4.6829,0.025,0.0088,35.1564
-1.0,3043.18,2197.1811399169223,2.5534,102.4601587042382,1.3571,0.0324,-0.0007,199.7352,11.3573,404.5955,0.9709,189.65,12.4455,1.3869,-3368.25,111.75,1.3215,2.0122,7.2327,69.3667,2.9778,0.2576,86.1541,8.9036,64.0553,66.3221,86.4182,81.44,3.069,346.6609,144.78,732.6821,1.0556,134.3836,625.8245,70.3267,4.586,4.809,2819.0,0.9324,2.9864,345.9236,10.1635,127.7664,11.4185,17.0136,19.9304,712.7517,142.0255,615.7155,69.4149,0.0214,-0.0465,-0.0009,-0.0247,-0.0148,-0.0144,0.0202,6.9185,0.1354,0.9908,1830.1596,0.1677,8609.3299,0.0798,-0.0744,-0.0358,-0.0329,0.450305889598146,0.9637,749.4623,0.9899,58.4186,0.6031,0.9805,6.2245,15.82,4.029,15.84,15.79,1.064,0.6868,3.271,-0.4258,0.6888,2.2674,1006.0044,108.0,124.6,174.7,58.386068097821806,489.0887552643163,1.0612,0.1006,0.077,0.0515,0.0162,11.4807,7.994,7.952,0.0136,0.35,0.0544,897.0,358.0,0.066,0.074,0.264,3.8,0.469,0.6969,0.1102,0.5171,0.273,0.7748,0.669,0.1466,10.48,19.19,20.193,0.277,17.57,13.15,32.61,20.051,0.1201,0.0248,0.0294,0.0616,0.1274,0.1187,0.0892,0.0766,3.1484,0.0494,0.0019,154.0029,0.0244,439.4004,0.012,0.0207,0.059328386385196274,0.0065,64.2831,2.5431,0.0409,0.3604,0.0749,4.0343,29.2189,45.8981,59.0764,0.36060000000000003,2.1742930804799547,0.0407,2.6777,0.0856,0.0219,422.495,202.7527,743.7752,156.953,0.0317,0.0383,0.1131,1.2855,0.0267,0.1582,0.2493,0.0447,0.0885,8.1537,0.2147,8.7521,0.0438,3.0593,6.8169,6.8514,0.0951,3.8171,3.7126,10.3048,6.3584,0.0327,0.0103,0.0122,0.0297,0.0354,0.0543,0.0512,0.039,0.9781,0.0153,0.0005,47.0829,0.0089,158.5774,0.011472292508602586,0.0019,21.106,0.715,0.0131,0.1207,0.0226,3.0215,1.2939,4.8526,4.0944,6.786,2.653724794686255,37.867235240835605,21.264450299943892,7.4129,70.3866,1.9654,1.4043,2.8123,3.9201,46.9383,320.3579,4.9943,3.6775,3.6501,5.4781,36.9403,31.8378,13.5571,0.8089,1.2376,0.8073,0.1431,7.2434,8.1848,3.9706,13.8868,7.7986,3.0664,28.7131,9.842500000000001,2.7254,17.3285,153.8733,4.5752,13.4499,28.8857,562.0357,0.0,0.0,516.3121,803.3841,620.5217,378.7392,45.5064,2.7317,2.0378,0.1874,8.4147,14.5804,0.0,38.0242,400.0,12.188476759366713,0.6712,8.5772,0.1114,4.3532,5.7895,3.3054,10.9599,72.876,15.86,0.49,6.4343,0.1798,73.987,4.0177,0.6724,0.3823,0.0858,40.3018,11.4,0.2349,4.2889,0.1018,4.2168,29.564,532.0973,2.085,7.74,0.3561,2.7235,0.1336,1.4546,17.0809,0.0104,2.05,0.025,0.0088,35.1564
-1.0,2976.92,2187.9889,0.9065,97.6567,1.4471,-0.013,-0.007,202.3199,11.497,413.0262,0.9672,192.9619,12.521,1.3859,-3756.75,194.0,1.0553,1.826,5.112,69.8778,1.8889,0.1563,85.1237,8.1605,64.415,66.3805,86.629,84.56,2.759,364.4518,139.2036,747.0781,1.3186,137.2518,640.9073,199.6505,4.63,4.869,2861.0,0.9191,-3.7245,363.3291,10.6186,115.4791,19.2018,23.7245,30.9009,716.1772,142.8973,621.7055,118.6852,-0.004,0.0155,-0.0469,-0.0288,0.0058,-0.0156,-0.0537,8.0016,0.1276,0.9876,1854.0569,0.1685,8691.9499,-0.1959,0.0028,0.0505,0.0021,0.4278677358499341,0.9526,766.662,0.9903,57.9007,0.5757999999999998,0.9716,6.0929,15.71,4.149,15.77,15.73,1.465,0.6866,3.106,0.0,0.6567,2.3021,996.759,104.0,86.4,29.7,52.0,329.086,0.1327,0.1274,0.0787,0.0479,0.0256,7.9004,10.45,6.818,0.016,0.37,0.0376,609.0,506.0,0.124,0.078,0.3,3.2,0.154,0.781,0.2361,0.5125,0.2893,0.9272,0.905,0.1907,7.42,13.73,33.544,0.53,16.7,15.83,23.924,84.147,0.1049,0.0786,0.0575,0.0133,0.077,0.0718,0.0453,0.0481,4.0139,0.0511,0.0031,163.5249,0.0192,1000.7002,0.0175,0.0202,0.05228930899288797,0.011,128.9055,2.4007,0.0474,0.3351,0.0548,1.9997,28.962,26.5618,10.027,0.0439,2.674,0.0386,2.8389,0.1059,0.013,277.4539,209.1403,218.558,222.1141,0.0554,0.0365,0.138,1.0756,0.0307,0.0506,0.2953,0.0985,0.1213,8.1594,0.2542,5.0305,0.049,2.4161,3.5438,11.6083,0.1729,4.3331,5.5302,7.0677,24.5878,0.0307,0.0336,0.0251,0.0055,0.0224,0.0371,0.0205,0.0216,1.4304,0.0169,0.001,51.4774,0.007,362.9295,0.012874172998953373,0.0046,50.2549,0.7745,0.0154,0.1035,0.0197,8.2601,0.7473,4.724,2.9023,1.1832,2.3766,30.0157,14.636,8.8037,90.8933,1.6507,1.6516,2.955,2.7166,13.6554,260.8247,11.7508,4.2716,5.8685,4.5794,47.6471,55.0107,3.2693,0.9175,2.8937,0.7956,0.0873,7.0901,11.9609,2.5641,14.4588,5.4061,2.1423,16.8014,2.5122,4.9912,3.7583,86.9709,3.3405,12.1526,70.8993,0.0,229.8246,28.3431,266.9556,0.0,289.92,89.6134,50.1631,4.941799999999999,2.164,0.3092,8.8198,11.3704,0.0,40.2721,0.0,12.548911281547003,1.1579,16.8139,0.0716,4.1463,5.4993,2.3819,5.3479,73.254,14.53,1.33,6.7381,0.5058,27.0176,3.6251,1.8156,0.3823,0.0858,40.3018,11.969999999999999,0.1344,4.532500000000001,0.0558,4.638249999999999,22.5964,526.2355,2.1114,8.15,0.2497,2.8447,0.0728,1.5487,11.8247,0.0122,2.435,0.0132,0.0233,176.4448
-1.0,3059.44,2239.4111,1.2079,115.6522,1.412,0.0174,0.0067,199.7805,15.3409,418.8917,0.9702,190.3525,12.5263,1.4107,-3719.25,3703.0,1.3263,1.9718,7.3573,72.9778,2.1556,0.1644,83.2054,8.4891,64.6669,65.9874,86.8889,80.94,3.123,346.3045,145.68,736.5226,1.2977,140.6509,632.6355,190.9267,4.605,4.866,2820.0,0.9312,-1.4782,348.3218,10.1575,124.2018,11.3628,21.4782,27.2906,709.232,148.7491,621.2727,101.7612,0.0263,-0.0432,0.0022,-0.0133,-0.0007,-0.0492,0.0055,7.7824,0.1331,0.9814,1777.9483,0.1863,8561.28,0.1052,0.0326,-0.0493,0.0203,0.4685915233338649,0.956,739.3275,0.9915,60.2227,0.595,0.9804,6.1815,15.78,4.014,15.84,15.8,1.376,0.7012,3.199,-0.0473,0.7873,2.2797,1002.4862,110.0,95.9,56.4,59.5,187.198,0.392,0.1726,0.0898,0.0427,0.0187,11.5573,10.809,5.403,0.0151,0.25,0.0571,1913.0,17919.5,0.181,0.14,0.415,3.2,0.613,0.6385,0.0385,0.663,0.2536,0.5514,0.536,0.1285,7.64,17.32,58.907,0.429,20.88,16.06,26.745,80.718,0.089,0.0491,0.0579,0.0793,0.1377,0.0535,0.1031,0.0769,3.7798,0.0457,0.0042,169.2571,0.0408,1233.5005,0.0143,0.0149,0.046479866826259486,0.0123,120.255,2.6067,0.0383,0.3742,0.0752,2.7976,28.2376,32.4375,19.8126,0.134,1.2326,0.0606,3.8617,0.0734,0.017,836.9693,377.1537,1934.8634,8475.0483,0.0753,0.0639,0.1854,1.0826,0.0482,0.2055,0.2378,0.0149,0.0615,5.4125,0.1438,8.9722,0.0368,2.1001,5.2066,18.0981,0.1281,4.0188,4.3165,9.0993,28.8174,0.0214,0.0201,0.0303,0.0352,0.0394,0.0269,0.0436,0.0368,1.2266,0.0152,0.0015,52.7109,0.0114,333.1657,0.010021477357711289,0.0035,33.0889,0.8036,0.0134,0.1339,0.0267,4.6717,1.0488,4.9575,3.1346,2.327,2.6569,17.3252,32.4564,12.2242,70.4587,1.2898,1.5576,1.9958,4.0454,118.2496,485.2822,13.6475,7.1003,5.6407,4.3849,64.9485,82.0946,18.0029,0.7674,0.454,1.0253,0.2512,4.4585,8.3745,4.0315,9.903,5.4319,2.7378,30.8532,6.2079,4.2235,17.537999999999997,183.758,3.771,31.632,79.321,338.725,358.3942,0.0,0.0,0.0,209.6594,0.0,48.5685,2.8552,1.8939,0.4259,9.5198,21.8908,0.0,39.4966,982.8571,8.882459714167831,1.2905,16.2655,0.0588,4.3284,6.0534,3.2973,7.7172,73.254,14.53,1.33,6.7381,0.5058,27.0176,3.6251,1.8156,0.3798,0.0689,39.598,4.98,0.0877,2.0902,0.0382,1.8844,15.4662,541.7199999999999,1.7961,15.390000000000002,0.6164999999999999,5.3345,0.18730000000000002,2.8874999999999993,28.50255,0.0127,2.5557,0.0152,0.0059,38.9527
-1.0,2995.84,2167.6888,1.5066,99.5989,1.4133,-0.0078,-0.0076,195.1813,12.8039,414.3287,0.9701,185.814,12.3858,1.3937,-3654.5,208.75,1.0935,1.7913,5.0743,72.9778,2.0111,0.1456,84.0623,8.9607,64.1176,66.1488,86.4051,79.43,2.945,368.9909,140.2,755.7109,1.304,143.2936,652.4845,190.5994,4.633,4.91,2873.0,0.9172,0.2945,370.9945,10.2815,120.4945,14.0181,19.7055,28.293,727.4179,146.9773,638.4664,96.3335,0.0073,-0.0513,-0.0461,-0.0214,0.0102,-0.008,-0.0349,7.5286,0.1329,0.9911,1804.9894,0.1846,8271.4301,-0.0447,-0.0344,0.0149,-0.193,0.4217006157501573,0.9473,712.3636,0.9894,59.4655,0.6037,0.9678,6.3262,15.72,4.224,15.76,15.72,1.262,0.6959,3.108,-0.8515,0.6814,2.2754,997.157,105.0,54.8,71.0,46.8,322.908,0.1387,0.1237,0.0607,0.0429,0.0184,11.9943,6.218,9.678,0.0146,0.8700000000000001,0.0893,190.0,311.0,0.092,0.059,0.292,4.2,0.159,0.6214,0.0961,0.6507,0.4711,0.6833,0.613,0.2307,8.04,14.38,71.073,1.128,18.69,7.8,22.993,64.937,0.1122,0.016,0.0272,0.0338,0.092,0.0708,0.1048,0.0619,3.2581,0.0799,0.0037,114.4329,0.0302,1614.3003,0.022,0.0171,0.05075127519141323,0.0311,170.1217,2.6112,0.0332,0.4029,0.0576,3.4277,26.4489,20.2029,25.1047,0.0422,1.6105,0.0444,2.0681,0.2202,0.0249,97.0086,46.4543,80.5419,155.5343,0.0377,0.0248,0.1467,1.2357,0.026,0.0472,0.2527,0.0402,0.0485,6.2424,0.1915,4.7623,0.0586,2.7146,3.5422,20.0927,0.309,2.2164,3.0622,6.4774,21.3831,0.0291,0.0077,0.0131,0.014,0.0218,0.0375,0.0475,0.0289,0.948,0.0256,0.0013,39.1276,0.0106,450.5055,0.014295685958651817,0.0105,50.3684,0.8073,0.012,0.1362,0.0203,4.9554,0.9944,4.8131,1.8292,2.8349,2.159,29.4617,9.2047,8.7529,48.5633,2.3358,1.5086,6.94175,6.4061,4.8433,148.982,8.4134,3.2938,5.7545,5.7552,44.7514,50.1527,3.386,0.7392,1.0728,1.0149,0.3443,5.5042,8.6305,2.4075,17.688,5.6109,2.2039,37.2892,3.098,10.9712,4.9463,133.3273,3.1609,19.1842,67.4086,0.0,162.0253,73.3587,430.0321,690.7317,0.0,177.3639,43.2765,3.3119,3.21,0.3711,6.3398,16.3578,0.0,24.2669,0.0,12.487497132712367,3.2821,23.8813,0.1126,4.3911,6.3686,2.5335,8.7762,73.254,14.53,1.33,6.7381,0.5058,27.0176,3.6251,1.8156,0.3823,0.0858,40.3018,4.98,0.0877,2.0902,0.0382,1.8844,15.4662,529.8827,1.9602,11.05,0.4564,3.8031,0.1355,2.0854,23.282,0.0177,3.5746,0.0152,0.0059,38.9527
-1.0,2913.84,2218.8111,1.897,115.38,1.5302,0.0133,-0.0051,199.5356,7.5335,403.1055,0.9702,189.5171,12.3896,1.3991,-3719.5,281.5,1.0605,1.8172,5.1603,72.3889,2.0111,0.1381,83.2054,8.4891,64.6669,65.9874,86.8889,80.94,3.123,345.8827,143.0982,733.4847,1.3356,142.56,631.5409,177.9097,4.605,4.866,2820.0,0.9312,5.6155,347.9173,10.1007,128.7136,7.7153,14.3845,20.1338,713.3509,149.1136,625.7445,99.5945,0.0212,-0.0124,-0.0492,0.0209,-0.0028,-0.0267,-0.05,7.9907,0.1325,0.9781,1849.957,0.1822,8488.5899,-0.0745,-0.0195,0.0083,0.025,0.4217006157501573,0.9538,718.3358,0.9896,59.1796,0.6048,0.9796,6.2504,15.78,4.014,15.84,15.8,1.376,0.7012,3.199,-0.0473,0.7873,2.2797,1002.4862,200.0,79.0,47.1,56.0,125.61,0.6591,0.1795,0.0923,0.0576,0.0152,6.4801,5.844,10.157,0.0123,0.23,0.1051,405.0,428.0,0.074,0.047,0.145,2.9,0.301,0.6385,0.0385,0.663,0.2536,0.5514,0.337,0.172,5.29,18.23,74.661,0.352,15.77,16.14,32.877,56.527,0.0676,0.0352,0.0623,0.0332,0.0933,0.0707,0.0813,0.0218,3.4743,0.0902,0.0107,171.5514,0.0587,515.4004,0.012,0.0137,0.05527660537889978,0.0147,51.4069,4.6369,0.0357,0.3633,0.0752,2.7976,45.32809999999999,24.9068,15.5141,0.255,1.041,0.0624,1.4783,0.0633,0.0355,212.6835,58.7785,189.2239,177.5096,0.0322,0.024,0.0676,0.974,0.0312,0.0913,0.2378,0.0149,0.0615,5.0686,0.0943,9.2944,0.0515,1.4591,5.5946,23.0809,0.108,4.6582,5.654,11.1323,20.3776,0.0208,0.0161,0.0286,0.0156,0.0291,0.0348,0.0365,0.009,1.2442,0.0283,0.0029,51.7347,0.0185,174.3664,0.01210241167774155,0.0057,20.2654,1.319,0.011,0.1348,0.0267,4.6717,1.0488,9.053150000000002,2.7112,1.9674,2.5239,12.3002,34.7471,11.7308,77.574,2.5197,1.2667,1.8564,7.5158,10.3509,152.0426,6.9778,2.5863,2.8099,4.0061,14.9171,66.613,6.265,0.7674,0.454,1.0253,0.2512,4.5218,9.2174,4.2205,12.8793,3.7107,2.8866,41.9657,6.2079,3.4849,17.537999999999997,204.3977,4.6088,29.1375,56.7572,318.1176,187.7333,67.514,446.8123,0.0,305.0657,43.6218,43.4795,1.8116,3.5396,1.0987,9.2733,32.2331,239.3013,29.9137,0.0,11.998422335441491,1.5396,7.1564,0.0725,7.8354,5.813,3.2973,7.7172,73.254,14.53,1.33,6.7381,0.5058,27.0176,3.6251,1.8156,0.7329,0.1946,68.8523,5.15,0.1274,2.3661,0.0527,1.9238,15.4627,541.7199999999999,1.7961,15.390000000000002,0.6164999999999999,5.3345,0.18730000000000002,2.8874999999999993,28.50255,0.0161,3.2264,0.0232,0.0134,57.7031
-1.0,3022.41,2239.4111,1.2079,115.6522,1.5124,0.0229,0.0091,199.5251,14.2835,420.9201,0.9722,190.0628,12.5263,1.4126,-3569.5,264.0,1.0948,1.7997,5.1523,74.4333,1.8667,0.1308,83.2054,8.4891,64.6669,65.9874,86.8889,80.94,3.123,364.4164,141.7718,751.7867,1.3131,141.4236,647.6118,217.9737,4.601,4.851,2882.0,0.9185,5.5191,362.8391,10.2444,127.2909,12.8988,14.4809,23.6405,728.1462,145.9682,636.0982,171.74984999999998,0.0311,-0.0431,0.0043,-0.0274,0.0144,-0.0079,-0.0009,6.8953,0.1303,0.9912,1784.3389,0.1775,8649.77,0.0085,0.0214,-0.0182,-0.0033,0.4217006157501573,0.9528,713.8871,0.9916,60.1658,0.5932,0.964,6.3311,15.78,4.014,15.84,15.8,1.376,0.7012,3.199,-0.0473,0.7873,2.2797,1002.4862,108.0,69.9,67.6,59.5,187.198,0.392,0.2042,0.0836,0.0686,0.0161,11.5211,8.339,6.996,0.0135,0.25,0.0702,435.0,381.0,0.074,0.05,0.372,3.0,0.078,0.6385,0.0385,0.663,0.2536,0.5514,0.677,0.2901,8.86,11.66,83.39,1.116,19.44,10.1,24.513,87.761,0.108,0.0486,0.0201,0.0663,0.1478,0.0479,0.1392,0.0807,4.1642,0.0642,0.0008,128.1719,0.1131,1816.6997,0.0172,0.013,0.03961121042540766,0.0288,195.0632,2.6188,0.0449,0.4648,0.0752,2.7976,29.124,24.3116,24.1622,0.134,1.2326,0.0635,2.901,0.0734,0.0249,184.1747,46.4363,90.6072,157.2832,0.0318,0.0232,0.1829,0.9887,0.0211,0.0258,0.2378,0.0149,0.0615,7.3597,0.2166,4.4539,0.0751,2.6393,3.1576,22.4898,0.3945,3.0828,4.3283,7.2757,25.7136,0.0257,0.0211,0.0087,0.031,0.044,0.0232,0.066,0.0387,1.3899,0.0219,0.0003,41.7191,0.0374,573.5442,0.01407954680841152,0.0092,59.0744,0.8011,0.0145,0.1485,0.0267,4.6717,1.0488,4.755,2.3127,2.6957,2.6569,17.3252,32.4564,13.5021,58.3819,1.6621,1.3873,1.9958,4.9709,6.0233,144.3182,6.7595,2.7782,7.2201,4.0305,42.8571,56.5845,1.6522,0.7674,0.454,1.0253,0.2512,6.0233,10.0514,2.319,22.0909,6.2649,1.8005,38.2569,1.8727,10.8938,6.0806,150.7119,3.3665,17.5424,41.0072,347.6162,165.7289,0.0,539.5391,332.0624,0.0,0.0,60.3918,2.9921,2.7098,0.0832,7.1832,63.31987047269746,0.0,33.4786,0.0,12.780872898632191,3.0194,27.3241,0.0344,4.3527,7.3419,3.2973,7.7172,71.946,18.45,0.88,8.6481,0.4086,42.7834,4.5185,1.2231,0.7329,0.1946,68.8523,11.73,0.2216,4.5127,0.0852,4.2532,36.7077,531.7464,2.2909,9.1299,0.2908,3.1198,0.0849,1.717,12.6938,0.0143,2.9081,0.0251,0.0113,45.014
-1.0,3026.86,2290.9442999999997,2.5534,88.4722,1.446,0.0107,-0.0026,198.8831,7.8656,425.1352,0.9711,189.1365,12.5469,1.4077,-3284.25,-626.3333,1.2848,1.9668,7.269,72.8222,2.2556,0.1823,84.1477,9.7571,64.331,66.003,86.8511,77.1,2.704,348.0636,148.1391,740.7887,1.256,136.1509,632.3536,231.3645,4.603,4.841,2823.0,0.9324,2.2618,346.6982,10.0688,130.4009,13.0386,17.7382,26.3682,714.4205,143.5618,620.6609,171.74984999999998,0.0173,-0.0541,0.0097,-0.0285,-0.0192,-0.0237,0.0131,7.8098,0.1339,0.9923,1807.03,0.1774,9004.15,-0.1955,-0.0391,0.0549,-0.0348,0.49403292283322847,0.9463,806.0877,0.9891,59.3528,0.61,0.9657,6.2868,15.7,4.435,15.67,15.71,1.503,0.7081,3.15,-0.0946,0.6815,2.2789,995.4129,75.0,229.2,161.2,69.2,0.0,1.0612,0.1206,0.0668,0.0456,0.0171,7.2075,4.134,13.48,0.012,0.27,0.0344,744.0,1873.0,0.157,0.16,0.287,5.4,0.537,0.6607,0.1713,0.4792,0.3363,0.8184,0.577,0.1135,10.51,18.52,58.518,0.794,16.74,12.76,33.193,83.014,0.1012,0.0673,0.0657,0.0887,0.0824,0.084,0.0925,0.0738,2.3618,0.1113,0.0012,107.9449,0.032,737.8994,0.0229,0.0237,0.120188138292432,0.0145,58.1951,2.7949,0.0129,0.3953,0.0856,2.3259,21.0142,74.4237,51.541,0.36060000000000003,4.1378,0.0443,1.3488,0.0736,0.01,346.0954,242.7056,1061.4397,938.3317,0.077,0.0706,0.1288,1.688,0.0552,0.1865,0.2608,0.0722,0.0591,6.9216,0.1888,9.1293,0.0359,2.6445,5.8917,17.2287,0.265,3.438,3.6691,10.5921,28.3603,0.0253,0.0279,0.0271,0.0407,0.0254,0.0445,0.0475,0.0326,0.8986,0.036,0.0004,39.0008,0.0101,248.4756,-0.008012705515723625,0.0054,22.571,0.8694,0.0046,0.128,0.0278,5.7265,0.8282,3.4296,7.5722,6.4541,3.0007,0.0,64.9361,8.3401,52.5577,3.1708,1.2353,2.1519,2.4415,78.4654,299.042,12.2203,8.1352,3.9483,7.862050000000002,62.069,92.6874,16.3992,0.7852,1.7556,0.7449,0.2765,6.0477,7.8305,4.0582,9.035,7.7194,2.9287,25.2926,6.6534,7.8857,17.537999999999997,128.388,4.6461,23.0764,36.8825,585.8177,0.0,764.9995,288.6797,438.0704,390.2954,563.3588,30.2411,3.1367,4.5066,0.1226,5.9736,18.0412,632.0,39.8804,971.4286,12.645378169757516,1.5363,7.2194,0.1065,4.7089,6.287,3.7544,6.3788,73.254,14.53,1.33,6.7381,0.5058,27.0176,3.6251,1.8156,0.0868,0.0246,9.3586,10.97,0.2543,4.1916,0.1009,4.1506,32.1964,532.1073,1.8126,7.83,0.2619,2.6162,0.0751,1.4715,14.448,0.0108,2.137,-0.0031,0.0168,255.5817
-1.0,3048.58,2218.8111,1.897,115.38,1.5169,0.0093,0.0123,199.5676,7.5794,403.4427,0.9709,189.5072,12.452,1.4016,-3709.75,58.5,1.0875,1.787,5.0995,74.3,1.8556,0.139,83.2054,8.4891,64.6669,65.9874,86.8889,80.94,3.123,364.3973,138.7436,747.1775,1.3387,142.9836,646.1246,212.8683,4.601,4.851,2882.0,0.9185,2.3936,364.8936,10.2194,121.1373,17.0237,17.6064,28.4191,718.7584,143.07,629.1009,128.6673,0.0155,-0.0303,-0.0572,-0.0133,0.0059,-0.0039,-0.0553,7.415,0.132,0.9894,1799.0342,0.1896,8986.93,0.169,0.0177,-0.0899,0.0947,0.4217006157501573,0.9439,688.053,0.9894,59.1506,0.6042,0.9689,6.2569,15.78,4.014,15.84,15.8,1.376,0.7012,3.199,-0.0473,0.7873,2.2797,1002.4862,118.0,158.2,125.5,56.0,125.61,0.6591,0.1988,0.0768,0.0443,0.0142,6.3229,4.091,8.852,0.0118,0.18,0.0881,877.0,934.0,0.105,0.075,0.397,2.2,0.217,0.6385,0.0385,0.663,0.2536,0.5514,0.658,0.2068,4.02,13.5,65.475,1.128,16.61,10.51,20.2141,83.297,0.0785,0.0245,0.0393,0.0262,0.0583,0.0838,0.0973,0.0939,2.8327,0.051,0.0013,129.8385,0.1254,455.2002,0.0151,0.0183,0.041033356117901904,0.0121,54.1382,2.3214,0.0318,0.3068,0.0752,2.7976,29.6763,47.0176,47.5336,0.255,1.041,0.066,1.2164,0.0416,0.0291,369.0297,47.5885,201.7992,413.8136,0.0497,0.0329,0.1695,0.7649,0.0302,0.0652,0.2378,0.0149,0.0615,8.0541,0.2461,4.5893,0.0604,1.5986,3.9721,21.0231,0.4447,2.9092,3.4872,5.9588,30.023,0.0228,0.0112,0.0183,0.0137,0.0196,0.0387,0.0498,0.0412,1.0398,0.0158,0.0004,40.841,0.0374,153.5128,0.012485695253379525,0.0041,19.2702,0.7359,0.0104,0.107,0.0267,4.6717,1.0488,5.3434,5.1893,4.9585,2.5239,12.3002,34.7471,13.1055,53.9755,2.1941,1.2113,1.4455,6.2876,12.5076,0.0,9.6552,4.197,7.544649999999999,2.961,37.7246,64.7482,4.6263,0.7674,0.454,1.0253,0.2512,6.1718,11.5104,2.3448,15.4479,2.8115,2.0894,30.7585,1.8727,11.0379,6.4555,97.5699,2.8124,15.9419,64.7383,506.6559,89.3345,45.8443,438.9647,0.0,0.0,169.8011,38.2024,3.03,2.0938,0.1362,7.2171,63.31987047269746,0.0,36.4312,0.0,12.155983226549896,1.284,7.8683,0.0971,3.9246,4.9037,3.2973,7.7172,73.254,14.53,1.33,6.7381,0.5058,27.0176,3.6251,1.8156,0.7329,0.1946,68.8523,4.16,0.1992,1.7787,0.0779,1.5668,24.2552,536.4482,1.4106,7.05,0.1166,2.5361,0.0358,1.3142,8.2645,0.0139,2.7619,-0.0031,0.0168,255.5817
-1.0,2928.89,2236.1111,2.03,90.4233,1.3663,-0.0123,-0.005,196.6394,9.71,445.34084999999993,0.9739,186.5854,12.4647,1.4161,-6100.0,-1271.0,1.2625,1.994,7.3428,72.7111,2.2889,0.1952,86.3898,8.5735,64.0188,65.9602,87.1288,80.69,2.295,365.3282,140.3582,750.5062,1.3207,141.3555,647.0418,205.8015,4.568,4.828,2892.0,0.9197,-2.7973,363.2864,11.0206,117.5609,28.095450000000003,33.141349999999996,42.99620000000001,667.3564000000002,137.6936,622.7364,107.3203,0.0105,-0.0147,0.0078,-0.0253,-0.0012,-0.0015,-0.0014,6.7988,0.132,0.9896,1809.8892,0.1693,8554.4699,-0.0238,-0.0567,0.0058,-0.0298,0.49125539905357796,0.9481,730.9848,0.9914,58.7594,0.6045,0.9799,6.3239,15.7,4.435,15.67,15.71,1.503,0.7081,3.15,-0.0946,0.6815,2.2789,995.4129,82.0,44.1,31.9,57.3,832.506,0.4172,0.1157,0.0694,0.0497,0.0152,11.9735,5.597,26.932000000000002,0.0111,0.34,0.0682,473.0,1260.0,0.14,0.048,0.103,2.0,0.68,0.784,0.0961,0.4997,0.2978,0.8545,0.575,0.2177,4.9,15.56,71.231,1.5694999999999997,32.160000000000004,18.43,50.50850000000001,14.082,0.1081,0.0823,0.0278,0.0595,0.1023,0.0959,0.0893,0.0795,3.6079,0.0282,0.0006,145.8688,0.0501,938.2998,0.0154,0.0163,0.07571477448118125,0.0187,103.1139,3.9916,0.044,0.2349,0.0856,2.3259,24.5398,15.6663,10.7959,0.1614,2.0354,0.0358,1.9785,0.0863,0.0256,196.249,200.0617,3728.6567,890.9545,0.068,0.0217,0.0483,0.6918,0.0633,0.2244,0.2994,0.0434,0.1099,6.6345,0.1992,4.9416,0.0604,1.5937,4.1609,20.7527,0.45265,5.248349999999999,6.425799999999999,15.979750000000005,5.1726,0.028,0.0437,0.0117,0.0249,0.0253,0.0491,0.0492,0.0402,1.1697,0.0099,0.0002,53.5579,0.0172,296.474,0.02801905827358544,0.0078,31.912,1.2196,0.0119,0.0781,0.0278,5.7265,0.8282,3.8361,1.5057,1.2735,2.5625,53.8284,20.5506,8.468,57.6416,6.508749999999999,1.1383,2.7277,4.8183,128.7705,99.1345,11.0891,2.4072,1.4027,2.7506,69.9029,91.1781,20.3221,0.9075,1.1212,0.7806,0.2883,5.4143,8.4926,2.5296,16.4822,3.4664,2.4048,34.6115,2.1632,15.138300000000001,17.537999999999997,293.3152,7.166999999999998,0.0,13.1215,0.0,410.4738,757.9618,403.5503,0.0,0.0,0.0,53.0675,3.0295,1.1538,0.0651,8.0595,29.5702,0.0,30.727,629.5082,12.610629068238943,1.9726,14.1062,0.1558,6.7932,3.714,3.7544,6.3788,73.254,14.53,1.33,6.7381,0.5058,27.0176,3.6251,1.8156,0.5028,0.1051,53.0018,4.98,0.0877,2.0902,0.0382,1.8844,15.4662,532.6327,2.1085,7.77,0.2588,2.7003,0.0793,1.4588,12.2751,0.0142,2.8319,-0.0031,0.0168,255.5817
-1.0,3006.8,2204.372023399876,2.5534,100.29332623659388,1.4814,0.018,-0.0001,199.4356,4.0678,416.3835,0.9752,189.7798,12.285800000000002,1.3799,-4170.75,132.0,1.2742,2.024,7.3492,68.0778,2.8111,0.2069,84.5275,9.1526,63.9818,66.2847,86.1978,81.75,2.114,352.47,140.4545,736.5834,1.3782,144.6873,637.6118,189.6229,4.604,4.851,2858.0,0.9315,-0.0864,352.7082,10.4215,120.3682,14.7073,20.0864,27.3817,709.2016,149.8282,622.9045,93.0103,-0.022,-0.0369,0.0158,-0.0217,0.0229,-0.0312,0.0187,7.5552,0.1358,0.9803,1849.4487,0.196,8696.4301,-0.2001,0.0512,0.0685,-0.0639,0.4624726921689919,0.9582,767.9431,0.9896,57.9715,0.6081,0.9781,6.3178,15.68,4.227,15.75,15.69,1.711,0.742,3.349,-0.7096,0.6819,2.274,996.6426,107.0,140.6,108.8,63.152179830726226,415.6942409567829,1.0612,0.1177,0.0698,0.0374,0.0141,11.5344,2.606,5.521,0.0116,0.8700000000000001,0.0953,989.0,1548.0,0.049,0.18,0.18,3.0,0.707,0.3596,0.1622,0.4046,0.2709,0.7271,0.467,0.1833,4.31,16.17,82.065,0.367,22.0,3.35,29.584,50.704,0.0719,0.0505,0.0656,0.0612,0.0617,0.1013,0.0606,0.0948,1.6653,0.0675,0.013699999999999999,153.6346,0.1254,1412.0,0.0231,0.013,0.06089288814185784,0.0231,147.8819,2.8898,0.0313,0.5006,0.0702,3.1894,28.4554,43.1457,32.1792,0.36060000000000003,2.2817368470072275,0.0407,0.8528,0.2202,0.0262,451.7974,98.2527,1336.5085,702.7005,0.0222,0.0841,0.0736,0.9667,0.0479,0.2391,0.1461,0.0639,0.1124,3.8922,0.1327,8.9581,0.0697,1.4018,4.6362,25.0633,0.103,1.0688,1.1679,9.2507,15.9996,0.0256,0.022,0.0272,0.0301,0.0166,0.0505,0.0323,0.0487,0.6577,0.0242,0.0046,47.655,0.0374,464.3826,0.016125517598320933,0.0084,47.0652,0.7964,0.0094,0.171,0.0239,6.687,1.0378,4.8938,4.6761,4.2887,2.854102227714022,29.52016555855052,27.52270738097154,7.9452,64.0638,1.3259,1.1866,6.94175,6.9072,68.8845,0.0,3.8454,8.8933,2.4492,4.4067,60.4743,84.5865,21.3552,0.4254,1.7719,0.6324,0.0595,3.1265,7.2693,3.9881,13.3017,2.9788,2.536,43.278,5.8843,3.5215,8.258,149.586,4.1715,13.592,54.5144,327.5626,128.0101,387.9556,284.5777,442.8415,194.3865,506.9519,22.0418,2.5775,2.8924,1.3944999999999999,8.3071,63.31987047269746,0.0,41.4734,552.7273,12.649095849508011,2.4129,19.2569,0.0763,4.9849,7.9241,3.0869,8.5603,72.428,18.24,0.69,8.7153,0.2639,5.3859,4.5416,0.9527,0.1497,0.0361,14.9541,7.61,0.2026,2.7451,0.0845,2.8681,26.3497,530.9445,1.9567,8.08,0.3375,2.9648,0.1018,1.5218,17.2472,0.0111,2.2344,-0.0031,0.0168,255.5817
-1.0,3051.8,2203.755051312877,2.5534,101.2275200980112,1.4714,0.0049,-0.0034,199.4483,9.1047,415.8009,0.9804,189.745,12.5492,1.3869,-3339.75,121.5,1.297,2.0145,7.303,68.3111,3.1111,0.2507,84.9605,9.0744,64.2376,66.2771,85.9594,80.69,2.308,353.5918,142.58,738.5864,1.2801,139.4591,635.6309,230.6258,4.598,4.799,2854.0,0.932,-0.2491,351.8782,10.3098,122.3309,10.5845,20.2491,24.1601,714.4263,150.8373,625.0464,159.011,0.0061,-0.0396,-0.0058,-0.0169,0.0025,-0.0222,0.0226,7.5752,0.1339,0.9898,1794.5947,0.1799,8546.6102,-0.1624,0.0223,0.091,-0.0637,0.4606591631517295,0.9467,742.5724,0.9891,59.465,0.6014,0.9594,6.5109,15.78,4.014,15.84,15.8,1.376,0.7012,3.199,-0.0473,0.7873,2.2797,1002.4862,98.0,206.2,97.5,62.51004510920558,446.80748928144965,1.0612,0.089,0.0642,0.0647,0.0077,11.8108,4.213,12.059,0.0064,0.8700000000000001,0.0534,1462.0,1310.0,0.097,0.148,0.251,2.7,0.823,0.4063,0.1045,0.7631,0.3678,0.8259,0.453,0.1356,6.14,17.97,56.912,0.233,20.89,4.63,28.627,31.879,0.0906,0.0238,0.0326,0.0614,0.101,0.0949,0.0751,0.1497,2.5552,0.0647,0.0015,83.4757,0.0329,868.6992,0.0146,0.0274,0.04986976947663471,0.0188,101.8912,2.5551,0.0289,0.4109,0.0752,2.7976,25.571,69.2301,36.0475,0.36060000000000003,2.0708308375206683,0.0338,1.2682,0.1753,0.0219,599.7796,154.7665,1384.9831,600.2413,0.04,0.0643,0.1078,0.8866,0.0366,0.2836,0.1513,0.0411,0.1665,4.9734,0.1687,9.0296,0.0365,1.7995,6.2915,20.2171,0.0816,1.3859,1.6847,8.9428,12.2513,0.0256,0.0105,0.0154,0.0279,0.0266,0.045,0.0364,0.0801,0.8142,0.0249,0.0005,26.5206,0.0108,354.242,0.01185879962522569,0.0056,40.6569,0.7455,0.0097,0.1307,0.0267,4.6717,1.0488,4.501,6.7567,3.8573,2.830132296704851,30.584290692654253,28.37549639469648,6.0487,46.2727,2.9002,0.6534,6.94175,3.8533,98.9595,0.0,7.4788,7.3467,3.4369,3.9525,38.5714,41.4894,24.859,0.4782,1.151,1.1879,0.2185,4.4175,7.5256,4.0762,10.595,4.4027,2.8271,24.6772,5.6815,2.26,7.5533,197.3633,4.007,11.0555,20.0483,0.0,148.056,0.0,596.31,0.0,337.5281,660.9272,33.731,3.1367,2.7149,0.1485,4.6515,18.2866,0.0,75.0345,0.0,12.111068481737734,1.9859,13.7214,0.1297,4.2969,6.3117,3.2973,7.7172,73.254,14.53,1.33,6.7381,0.5058,27.0176,3.6251,1.8156,0.0868,0.0246,9.3586,4.98,0.0877,2.0902,0.0382,1.8844,15.4662,532.1073,1.8126,7.83,0.2619,2.6162,0.0751,1.4715,14.448,0.0112,2.2572,0.0169,0.0157,93.0007
-1.0,2900.29,2198.1648137349166,2.5534,100.37293874704592,1.3988,0.0185,-0.0047,197.6899,14.3116,420.487,0.9715,187.6517,12.285800000000002,1.4089,-4698.5,-385.6667,1.3148,1.956,7.2262,73.4444,1.8333,0.1397,85.3996,8.2345,64.3522,66.2545,86.6958,79.7,2.272,366.1736,143.3973,755.0375,1.2133,137.3364,646.9073,167.2352,4.619,4.877,2878.0,0.9201,-1.7909,369.4391,9.8969,121.6064,16.9337,21.7909,32.6374,722.4,138.9282,629.9736,171.74984999999998,0.0129,-0.0318,-0.0125,-0.0296,-0.0175,-0.0486,-0.0037,8.0221,0.1303,0.991,1781.5089,0.1812,8780.11,-0.1056,0.1302,0.0756,-0.0326,0.44191855896732324,0.9511,761.1895,0.9903,57.3337,0.6014,0.9813,6.1356,15.73,4.25,15.75,15.75,1.087,0.7135,3.229,-0.8042,0.6976,2.2678,999.9423,100.0,140.8,211.3,61.50279744610506,439.4150917221608,1.0612,0.0927,0.0583,0.066,0.0168,5.2289,9.791,15.394,0.0118,0.8700000000000001,0.076,1125.0,7939.0,0.111,0.092,0.369,3.0,0.491,0.6177,0.1267,0.6515,0.3698,0.5388,0.631,0.2068,8.32,11.97,38.369,1.186,20.8,9.13,21.43,59.865,0.0578,0.0563,0.0497,0.046,0.0888,0.1133,0.0386,0.16615,2.6753,0.0321,0.0009,146.3063,0.1254,1624.1997,0.0095,0.014,0.05677203923370194,0.0088,180.1083,3.1404,0.0403,0.4055,0.07,2.9801,26.332,48.1866,61.7431,0.36060000000000003,2.2671155870729667,0.0393,3.3129,0.2202,0.0281,497.0824,146.0651,1936.0645,4529.1757,0.0486,0.0422,0.1563,1.1802,0.0383,0.1917,0.2497,0.0503,0.1016,7.2246,0.2359,5.0282,0.0611,2.6291,3.5074,11.9442,0.45265,2.8396,3.9299,6.766,21.1249,0.0177,0.0257,0.0225,0.0206,0.0243,0.0589,0.016,0.08248588237179322,1.0285,0.0094,0.0002,43.9222,0.0374,469.6598,0.015897669666092004,0.0033,53.8499,0.849,0.0144,0.1207,0.0237,4.4441,1.0791,4.5384,4.8547,8.6192,2.79044706474094,31.55607536782104,19.0172274660288,6.6273,68.4129,3.661,1.2101,6.94175,5.3958,92.604,0.0,8.4427,4.7035,5.1064,4.0847,81.8182,92.3628,14.2342,0.7233,1.5391,1.0124,0.236,5.6722,8.4311,2.4791,17.0483,6.0581,1.8503,22.9431,2.066,11.9835,5.7727,122.8323,2.9665,19.7794,33.9128,447.6283,496.0352,367.2655,300.1902,646.505,79.4647,0.0,33.3494,2.9921,1.3485,0.0946,8.2125,63.31987047269746,0.0,27.0636,280.0,11.290571516144368,0.9237,23.6614,0.0824,5.4774,6.6094,3.0878,8.0638,73.254,14.53,1.33,6.7381,0.5058,27.0176,3.6251,1.8156,0.1281,0.0312,13.2644,11.73,0.2815,4.532500000000001,0.128,4.4237,33.1324,531.1754,2.0396,8.09,0.2678,2.645,0.0775,1.523,13.1304,0.0099,1.9852,0.0169,0.0157,93.0007
-1.0,3051.1,2195.1,0.8279,96.31,1.4718,0.01,-0.0122,202.9634,14.8972,423.5936,0.9674,193.2885,12.6308,1.3929,-3564.0,-72.75,1.0868,1.7933,5.099,69.6222,2.1778,0.1679,86.0636,8.6384,64.5276,66.1139,86.8535,78.33,1.912,354.4218,144.3055,739.649,0.8838,130.6055,629.3327,158.9068,4.555,4.772,2881.0,0.9302,1.6018,356.0464,9.9356,125.9073,3.677,18.3982,21.8556,717.7934,147.3473,629.3009,121.7605,0.0022,-0.0546,0.0031,-0.0073,-0.0232,-0.0113,-0.0173,7.6407,0.1347,0.9918,1812.4306,0.1712,9730.05,-0.1641,-0.0121,0.0415,-0.1931,0.4436279725093092,0.9347,849.7665,0.9867000000000001,60.2588,0.605,0.965,6.3884,15.63,4.289,15.72,15.57,1.395,0.7463,3.257,-0.8042,0.6534,2.2859,995.0531,143.0,152.8,100.3,55.5,343.9039,0.0894,0.23175000000000004,0.0682,0.0372,0.0207,7.7406,10.398,6.957,0.0149,0.32,0.0563,141.0,580.0,0.072,0.056,0.385,3.7,0.06,0.6482,0.0899,0.5135,0.1895,0.8327,0.26,0.0789,9.98,21.88,19.077,0.282,11.15,7.8,28.989,74.925,0.0585,0.0455,0.0345,0.0961,0.0825,0.0911,0.0892,0.1501,3.4572,0.0329,0.0007,92.7361,0.0276,1826.5996,0.0275,0.0131,0.033214347320130594,0.0166,107.4156,5.4752,0.0343,0.4235,0.0773,3.0879,25.2442,47.0099,30.7187,0.0288,2.5095,0.08085,3.1618,0.0891,0.0198,58.4294,17.7106,101.7022,237.9249,0.0321,0.0237,0.1813,1.0663,0.0267,0.0217,0.2439,0.039,0.102,4.8429,0.0809,7.0777,0.0232,2.6162,5.8009,5.1568,0.1112,2.3369,2.9029,9.1619,24.6317,0.0151,0.0218,0.0147,0.0449,0.0206,0.0452,0.0466,0.0783,1.346,0.012,0.0002,33.0209,0.0092,577.4362,0.0142412610073211,0.0053,33.7238,1.5727,0.0104,0.1368,0.0258,6.4396,1.079,6.4883,5.008,3.9974,2.5284,22.5297,10.7941,16.1177,69.7984,1.6424,1.5403,2.5335,4.0413,6.5376,797.2509,6.6253,3.1228,7.544649999999999,5.3144,41.3265,49.4375,1.2761,0.7532,1.0413,0.7958,0.3495,4.6244,3.1738,3.2179,8.9265,7.6413,3.4767,12.0051,5.2516,2.8383,4.964,293.3152,4.0386,14.7336,61.5348,0.0,428.2353,0.0,0.0,392.6724,789.3805,868.8857,45.2473,2.1308,1.3481,0.0663,5.1167,16.1326,845.1613,28.1938,0.0,12.42776520352492,1.7728,12.6406,0.25379999999999997,9.0861,6.6285,3.3838,7.144,73.254,14.53,1.33,6.7381,0.5058,27.0176,3.6251,1.8156,0.1166,0.0272,12.2444,4.98,0.0877,2.0902,0.0382,1.8844,15.4662,530.0073,2.5161,6.91,0.2005,2.1481,0.0613,1.3038,7.9688,0.02,4.0281,0.0195,0.0388,255.5817
-1.0,2982.03,2195.1,0.8279,96.31,1.3068,0.0042,-0.0153,203.8107,14.7235,421.8452,0.9706,194.1223,12.6308,1.3599999999999999,-3692.25,313.75,1.0798,1.8037,5.1588,68.5556,2.2889,0.1737,86.0636,8.6384,64.5276,66.1139,86.8535,78.33,1.912,354.3327,150.6518,749.11,0.8509,131.1109,636.0955,166.5064,4.555,4.772,2881.0,0.9302,-2.8618,355.1273,9.9965,127.79,4.2245,22.8618,28.01,721.1,149.9636,632.8809,106.0501,-0.0034,-0.0333,-0.0082,-0.0083,-0.0365,-0.0319,-0.0347,6.7304,0.1362,0.9917,1836.5165,0.2076053562095811,8333.804850430151,-0.1373,0.027,0.0625,0.0123,0.45426064461925986,0.9521,675.5294,0.9867000000000001,59.0268,0.6038,0.9653,6.3501,15.63,4.289,15.72,15.57,1.395,0.7463,3.257,-0.8042,0.6534,2.2859,995.0531,75.0,169.9,234.0,55.5,343.9039,0.0894,0.0637,0.0793,0.0437,0.0191,7.9604,13.381,10.004,0.0132,0.32,0.0703,522.0,481.0,0.053,0.033,0.32,3.2,0.151,0.6482,0.0899,0.5135,0.1895,0.8327,0.378,0.0753,5.09,13.52,16.671,0.44,10.26,5.81,26.579,81.145,0.049,0.0591,0.0539,0.0445,0.0885,0.0717,0.0831,0.1333,4.7854,0.0754,0.0017,142.7283,0.06890029566137579,766.4069180310405,0.012,0.0192,0.05125747744791043,0.0198,164.4241,3.4922,0.0316,0.2971,0.0773,3.0879,23.8613,53.0415,77.4833,0.0288,2.5095,0.0223,3.6439,0.0891,0.025,239.5899,61.0266,78.8728,211.5725,0.023,0.0153,0.1477,0.9002,0.0242,0.0518,0.2439,0.039,0.102,5.4979,0.1212,6.6257,0.0226,1.2706,4.1583,5.7889,0.1199,1.8584,2.2325,8.4511,24.7184,0.014,0.0244,0.0222,0.0204,0.0226,0.0388,0.0372,0.0614,1.8432,0.0239,0.0005,49.7109,0.021161867169109908,323.16218408878257,0.013720343830460736,0.0067,60.2008,0.9942,0.0117,0.0987,0.0258,6.4396,1.079,3.468,5.6975,9.3311,2.5284,22.5297,10.7941,4.8743,90.8822,2.3715,1.361,2.5335,5.1903,4.7667,153.3068,4.9085,1.8295,6.2031,4.6677,30.5825,46.0653,3.2128,0.7532,1.0413,0.7958,0.3495,4.6877,4.1553,2.8347,8.8547,3.8822,2.1255,10.0122,5.2516,4.4016,5.1256,242.8684,3.6859,26.0092,76.5157,0.0,471.8563,546.0123,0.0,196.1696,260.2976,384.1499,71.1014,1.3948,3.0454,0.1669,7.7717,29.162461658986096,0.0,32.7345,0.0,11.926883928193524,2.0828,24.34,0.1914,5.9163,4.6788,3.3838,7.144,73.254,14.53,1.33,6.7381,0.5058,27.0176,3.6251,1.8156,0.2712,0.0559,27.9814,4.98,0.0877,2.0902,0.0382,1.8844,15.4662,530.0073,2.5161,6.91,0.2005,2.1481,0.0613,1.3038,7.9688,0.0163,3.2809,0.0308,0.0388,133.4494
-1.0,3088.81,2207.1,1.0251,96.9478,1.2374,0.016,-0.0044,196.6366,8.1245,408.8175,0.9736,186.7781,12.6308,1.4398,-3717.0,-368.5,1.0707,1.817,5.1155,69.9,1.9556,0.1462,86.0636,8.6384,64.5276,66.1139,86.8535,78.33,1.912,355.5491,148.6136,748.175,1.221,133.7345,637.8973,221.5811,4.546,4.752,2880.0,0.9302,-10.68,355.8373,10.3166,117.9336,19.62,30.68,38.574,709.601,144.5064,618.2773,131.3087,-0.0027,-0.0212,0.017,-0.0107,-0.0186,-0.0264,-0.0465,7.6462,0.1285,0.9875,1709.7678,0.1798,9566.7,-0.173,-0.0846,0.1035,-0.007,0.44726117441418034,0.9414,836.3172,0.9898,55.696299999999994,0.6012,0.9602,6.3967,15.62,4.406,15.71,15.61,1.38,0.7358,3.256,-1.229,0.7248,2.2931,992.304,72.0,295.8,84.7,56.0999,725.114,0.6998,0.12,0.0693,0.0465,0.0144,5.5873,3.545,21.334,0.0104,0.32,0.048,325.0,550.0,0.088,0.047,0.266,2.5,0.114,0.6482,0.0899,0.5135,0.1895,0.8327,0.411,0.1091,5.25,16.06,65.501,0.406,18.71,6.74,28.006,13.638,0.0738,0.0507,0.0375,0.1016,0.0773,0.1026,0.0773,0.1396,5.6014,0.0223,0.0024,129.0559,0.0808,867.2998,0.0155,0.0208,0.04625062006979397,0.0206,84.8903,1.4195,0.0219,0.2853,0.0749,3.3143,20.8088,117.80705,28.1163,0.2176,1.907,0.042,1.0312,0.0891,0.0168,146.6481,58.9032,153.1209,238.9065,0.0403,0.0202,0.1195,0.7746,0.0324,0.0313,0.2439,0.039,0.102,5.5075,0.1203,6.6444,0.0353,1.3004,5.1659,20.0754,0.1388,2.2891,3.308,9.2635,4.452,0.016,0.0218,0.0172,0.0422,0.0237,0.0505,0.0418,0.0725,1.8752,0.0076,0.0007,38.5233,0.0238,340.3263,0.015244710662593794,0.0084,32.9887,0.4215,0.0084,0.0899,0.0262,5.6246,1.0684,3.2587,9.5765,3.2695,2.5418,55.8454,64.9361,9.6979,43.6332,5.2185,1.0673,2.5335,3.3359,9.7659,149.2537,8.2185,2.5867,5.1999,3.5765,35.7955,69.0729,2.4134,0.7532,1.0413,0.7958,0.3495,5.1245,4.5083,2.7968,8.9338,3.9257,2.5176,29.5607,5.7562,3.9354,7.0039,95.3617,3.9467,8.9298,10.3862,0.0,276.6712,596.7695,723.6981,553.0997,292.803,300.3765,73.2581,4.7309,0.8714,0.2391,7.5482,44.957,0.0,24.4009,307.6923,11.90151637562179,2.1913,10.1505,0.0621,2.5794,4.4601,3.2646,7.42,74.624,9.55,0.95,4.5408,0.4015,87.9856,2.3593,1.2731,0.3072,0.0596,30.0409,5.54,0.1164,2.2028,0.0464,2.0974,19.9242,530.0073,2.5161,6.91,0.2005,2.1481,0.0613,1.3038,7.9688,0.0119,2.3804,0.0227,0.0284,125.129
-1.0,2969.65,2184.4222,1.3713,99.4367,1.2005,0.0081,-0.011,204.5621,10.2994,417.2819,0.9709,194.5922,12.6308,1.4391,-3625.5,210.75,1.087,1.801,5.202,68.3667,2.1444,0.1568,86.0636,8.6384,64.5276,66.1139,86.8535,78.33,1.912,354.8136,144.6455,740.4403,0.8869,131.2591,630.7182,158.0575,4.555,4.772,2881.0,0.9302,-0.5591,355.5682,10.1028,124.0864,4.5752,20.5591,24.9284,715.5119,147.4464,627.1009,107.3226,0.0219,-0.0069,0.0232,-0.0116,-0.0151,0.0045,-0.0441,6.8583,0.1321,0.9875,1709.7678,0.1724,9202.7698,-0.1521,-0.0688,0.0799,-0.0501,0.45905964320870174,0.9474,810.5024,0.9867000000000001,60.4686,0.5953,0.9687,6.3258,15.62,4.406,15.71,15.61,1.38,0.7358,3.256,-1.229,0.7248,2.2931,992.304,79.0,151.4,109.7,51.5,347.951,0.1186,0.1372,0.0933,0.0547,0.0172,7.8515,8.044,8.756,0.0122,0.32,0.0481,273.0,287.0,0.063,0.043,0.415,2.3,0.06,0.6482,0.0899,0.5135,0.1895,0.8327,0.431,0.0762,4.25,14.72,21.387,0.403,9.95,4.09,23.177,87.247,0.0659,0.0659,0.0335,0.0843,0.0786,0.0992,0.1327,0.1298,4.4396,0.0315,0.0024,129.0559,0.0231,1195.7998,0.0169,0.0233,0.04252340665614851,0.0217,136.598,5.817,0.0356,0.3399,0.0749,3.3143,23.4375,51.4074,39.277,0.0347,2.1105,0.0458,1.9626,0.0891,0.0206,126.4367,13.6229,179.5132,122.5272,0.0258,0.0193,0.2124,0.6538,0.0288,0.0212,0.2439,0.039,0.102,5.7273,0.1198,5.9213,0.0245,1.2186,4.7314,6.5779,0.1408,1.4027,2.0678,7.35,28.1794,0.0191,0.0271,0.0137,0.0391,0.0229,0.0549,0.0601,0.0656,1.4107,0.0122,0.0007,38.5233,0.0079,432.435,0.014075892813540946,0.0077,42.7833,1.6135,0.0136,0.1072,0.0262,5.6246,1.0684,3.5408,5.0982,4.4785,2.3576,34.1827,8.6458,11.4283,78.1019,2.0983,1.2542,2.5335,3.3432,11.6949,136.1803,5.7958,2.3876,7.544649999999999,3.3642,46.6321,47.8384,1.2751,0.7532,1.0413,0.7958,0.3495,5.0872,5.2197,2.5032,8.5954,3.2379,2.3338,13.5312,5.2516,3.989,3.7393,217.4767,3.2392,8.2424,81.2941,300.7416,357.6662,362.9709,678.3172,654.7855,0.0,294.3311,64.7326,1.5902,1.4041,0.2391,7.5482,13.4097,0.0,53.9515,313.5135,11.774342351986357,2.2901,16.8535,0.25379999999999997,9.6198,5.374,3.2646,7.42,75.228,13.38,0.93,5.8204,0.4241,74.3652,3.3246,1.2362,0.1166,0.0272,12.2444,4.98,0.0877,2.0902,0.0382,1.8844,15.4662,530.0073,2.5161,6.91,0.2005,2.1481,0.0613,1.3038,7.9688,0.0172,3.4481,0.0117,0.0373,255.5817
-1.0,2963.26,2199.3,0.8938,113.3544,1.4498,0.0097,0.015,203.0161,12.8735,410.5432,0.9655,193.0986,12.5184,1.4071,-3536.5,426.0,1.27,2.0225,7.3948,72.3222,2.5778,0.1838,85.1167,8.2963,64.3217,66.0225,86.955,80.59,3.53,363.4427,142.8727,751.5296,1.3373,141.1555,647.4709,198.6661,4.601,4.851,2882.0,0.9185,-2.9609,365.0436,10.3474,119.9118,14.9418,22.9609,30.9387,720.5909,147.5736,632.5291,94.0206,-0.0081,-0.0562,0.0122,0.0032,0.0074,-0.0179,0.0021,7.3513,0.1298,0.9907,1796.0427,0.1723,8965.11,-0.1031,0.0725,0.018,-0.0032,0.45303297516840313,0.9526,779.7144,0.9897,59.3887,0.5954,0.9638,6.3198,15.63,4.289,15.72,15.57,1.395,0.7463,3.257,-0.8042,0.6534,2.2859,995.0531,101.0,47.3,71.8,63.7,240.932,0.4632,0.1066,0.0648,0.0458,0.0254,7.602,12.71,12.917,0.0171,0.39,0.0297,1185.0,888.0,0.129,0.151,0.357,2.2,0.553,0.6925,0.047,0.5372,0.2023,0.6042,0.741,0.2333,5.74,12.96,81.638,0.945,15.06,8.78,20.303,61.781,0.0545,0.0642,0.0336,0.0563,0.0728,0.0881,0.1016,0.0807,4.5145,0.0605,0.0005,70.4683,0.0222,1052.1006,0.0193,0.0158,0.05361818366691068,0.0207,124.2963,2.5081,0.0246,0.4142,0.0773,3.0879,26.7437,17.2053,26.2431,0.1598,1.395,0.0348,3.3506,0.1083,0.0095,502.8114,84.6601,486.8706,411.0264,0.0532,0.0665,0.1501,0.809,0.0513,0.1863,0.2679,0.018,0.0912,7.597,0.2483,4.6887,0.066,1.8486,3.7058,21.4961,0.3278,2.6236,3.4965,6.027,19.6715,0.0134,0.0271,0.0144,0.024,0.0193,0.0463,0.0466,0.0395,1.5938,0.0207,0.0002,24.1928,0.0075,410.2679,0.016525954127542358,0.007,47.2703,0.7708,0.0076,0.1448,0.0258,6.4396,1.079,4.6918,1.5962,2.8369,2.8964,21.765,51.8223,7.3529,98.7296,3.1463,1.7736,3.1154,2.1093,32.4615,208.4507,10.1575,7.466,4.8277,3.0419,62.069,83.7969,15.8685,0.8136,0.5663,0.8352,0.2631,6.2843,10.4429,2.3085,17.4482,4.0664,2.0016,41.0931,1.8727,9.1328,6.6632,100.791,2.8175,19.77,65.71,671.8028,573.2143,461.4754,0.0,0.0,567.5978,0.0,61.4104,2.0799,2.5212,0.0501,3.9235,12.8972,348.2094,17.6991,410.2564,12.480410599853965,2.1781,15.9413,0.1,4.2233,6.5544,3.3838,7.144,74.458,22.64,1.05,9.8921,0.393,53.064,5.6358,1.4102,0.4084,0.0822,42.3007,10.26,0.204,3.8919,0.0882,3.7755,23.6002,541.7199999999999,1.7961,15.390000000000002,0.6164999999999999,5.3345,0.18730000000000002,2.8874999999999993,28.50255,0.0155,3.087,0.0117,0.0373,255.5817
-1.0,2936.59,2205.4973427808727,2.5534,102.7347926041081,1.4838,0.0033,0.005,204.3297,14.4462,414.4435,0.9773,194.5196,12.6614,1.3823,-3595.6667,313.25,1.298,1.9643,7.1467,70.5,2.0667,0.1709,84.5275,9.1526,63.9818,66.2847,86.1978,81.75,2.114,368.0409,129.4845,737.6034,0.9503,137.94,635.4655,78.137,4.624,4.86,2877.0,0.923,1.4791,365.25,10.7714,110.9636,13.0255,18.5209,26.0917,711.5116,146.2264,622.44,169.239,-0.0186,-0.0234,0.0039,-0.0155,0.004,-0.0321,0.0024,7.5416,0.1302,0.9906,1831.3966,0.1802,8740.08,0.1647,0.0474,-0.042,0.0499,0.45959602981784253,0.9516,754.4406,0.9894,59.2678,0.6098,0.9643,6.4041,15.68,4.412,15.74,15.69,1.22,0.728,3.249,-0.0473,0.8522,2.2779,998.1757,101.0,96.0,42.3,62.250531368331366,503.3484945186684,1.0612,0.23175000000000004,0.0569,0.0407,0.0092,10.5092,15.976000000000003,13.487,0.0074,0.25,0.0383,593.0,523.0,0.101,0.062,0.258,4.2,0.757,0.3596,0.1622,0.4046,0.2709,0.7271,0.723,0.0872,7.5,11.83,25.755,0.427,12.91,4.39,17.814,120.63,0.1198,0.0701,0.0504,0.0725,0.1213,0.0805,0.114,0.1098,4.1704,0.0356,0.0016,194.2869,0.0343,836.7002,0.0132,0.0143,0.0569768468933774,0.0213,117.5416,2.4733,0.0423,0.335,0.077,4.1984,27.3953,28.3807,13.8601,0.36060000000000003,2.055503248358565,0.08085,4.6119,0.0632,0.0106,251.8849,205.1055,106.2748,230.2989,0.0424,0.0305,0.1082,1.32,0.0375,0.2473,0.1461,0.0639,0.1124,7.1279,0.2519,4.1153,0.0304,2.2172,3.2408,9.0715,0.1124,1.1243,2.5955,4.8862,35.431,0.0355,0.0297,0.0225,0.0319,0.0321,0.0415,0.0496,0.0508,1.7542,0.0112,0.0005,59.782,0.0108,286.6183,0.010481420772475391,0.0061,31.3539,0.8149,0.0136,0.1122,0.0254,3.8251,1.335,4.6701,3.2691,1.7303,2.8185609612051463,33.44542718409197,20.520694620553016,16.1177,111.3651,3.2542,0.7553,1.9745,2.7692,5.2007,166.9593,7.7812,3.1564,3.61,5.9574,87.0968,66.71,22.0094,0.4254,1.7719,0.6324,0.0595,5.5619,11.7466,2.1548,9.1718,5.4371,1.8616,32.9613,3.8057,3.9642,9.9402,99.1132,2.5037,7.7717,71.2779,643.8697,186.4362,0.0,783.8449,0.0,355.417,0.0,55.2988,1.3061,1.4781,0.1572,10.6087,19.0475,0.0,23.8411,972.549,12.452839389807627,2.235,15.58,0.121,4.1731,5.2314,3.3805,11.8194,73.616,17.99,0.89,8.1167,0.3748,29.7084,4.4374,1.209,0.1203,0.034,12.7229,7.35,0.1997,2.6999,0.0761,2.9615,22.4798,530.2591,1.3721000000000003,8.28,0.1233,2.5755,0.0378,1.5615,12.5176,0.0147,2.9373,0.0117,0.0373,255.5817
-1.0,2968.78,2207.1,1.0251,96.9478,1.3985,-0.0105,-0.014,196.8639,7.2586,433.558,0.9712,187.0928,12.6308,1.3877,-3425.25,-318.0,1.1018,1.7997,5.2025,70.3333,2.0222,0.1457,86.0636,8.6384,64.5276,66.1139,86.8535,78.33,1.912,355.9664,143.5755,741.6246,1.2642,135.4027,634.9445,205.0431,4.546,4.752,2880.0,0.9302,1.2518,355.48,10.1041,124.8273,12.8672,18.7482,24.1495,717.4752,141.77,622.0773,137.5953,0.0061,-0.0292,-0.0063,0.0032,-0.0183,-0.0111,-0.0265,6.775,0.1239,0.9929,1753.6782,0.1691,9178.8601,-0.1624,-0.0158,0.082,-0.0749,0.434057075929831,0.949,810.743,0.9892,59.948,0.5977,0.9609,6.387,15.62,4.406,15.71,15.61,1.38,0.7358,3.256,-1.229,0.7248,2.2931,992.304,105.0,207.4,117.9,56.0999,725.114,0.6998,0.23175000000000004,0.0598,0.0423,0.0171,5.758,9.42,26.932000000000002,0.0114,0.32,0.0742,199.0,1217.0,0.081,0.05,0.337,2.6,0.125,0.6482,0.0899,0.5135,0.1895,0.8327,0.287,0.0957,5.64,16.54,64.945,0.49,16.73,10.77,28.873,31.915,0.1404,0.0766,0.039,0.1065,0.16685000000000003,0.0733,0.0951,0.16615,3.9454,0.0329,0.0006,122.2036,0.0232,718.2002,0.0147,0.017,0.035718938533631756,0.0197,79.9135,2.3563,0.0288,0.4121,0.0749,3.3143,26.7295,58.5616,34.6601,0.2176,1.907,0.08085,2.4184,0.0891,0.0263,81.9934,32.6637,367.1797,625.6426,0.0334,0.0212,0.1671,0.7906,0.0283,0.0392,0.2439,0.039,0.102,5.1882,0.0948,5.5663,0.0355,1.8988,5.0496,24.5584,0.1424,3.0686,3.9389,9.0238,9.5015,0.0372,0.0315,0.017,0.0483,0.0485,0.0391,0.0447,0.08248588237179322,1.2489,0.012,0.0002,36.476,0.0071,217.3565,0.013823450858953614,0.006,24.0156,0.7304,0.0094,0.1259,0.0262,5.6246,1.0684,4.8057,6.986,4.8092,2.5418,55.8454,64.9361,16.1177,129.7764,6.508749999999999,1.177,2.5335,5.35,22.918,382.7044,7.3519,2.7782,6.4777,3.6967,39.5604,70.7094,2.65,0.7532,1.0413,0.7958,0.3495,4.7898,5.9133,2.424,7.5674,4.1654,2.605,31.6738,5.7562,4.8495,6.1926,130.0203,4.0242,10.901,23.1948,0.0,0.0,0.0,0.0,401.0944,854.8315,713.2893,58.2344,2.5818,1.3481,0.065,6.9684,13.7387,0.0,50.7795,0.0,11.52113776903034,2.0758,9.8568,0.1192,3.9305,6.4516,3.2646,7.42,71.932,18.87,0.83,8.7636,0.325,65.1062,4.6715,1.1539,0.3072,0.0596,30.0409,4.98,0.0877,2.0902,0.0382,1.8844,15.4662,532.5155,2.3188,7.3,0.4262,2.5719,0.1441,1.3708,18.3819,0.0133,2.6718,0.0167,0.031,185.3578
-1.0,2898.17,2200.496872353598,2.5534,102.87834260190128,1.4425,0.0222,0.0037,199.394,6.9104,445.34084999999993,0.9741,189.7773,12.5204,1.4309,-3623.75,-178.75,1.3005,1.9885,7.2877,68.0889,2.7222,0.2308,85.9501,9.7137,64.3577,66.3288,86.9537,81.46,2.585,346.2564,148.7136,738.3929,1.2145,136.3773,631.3473,162.5403,4.571,4.806,2824.0,0.9324,0.0064,346.4655,10.0575,128.72,9.8903,19.9936,23.1671,715.2258,147.3509,622.5364,171.74984999999998,-0.0366,-0.0418,0.0141,-0.0028,-0.0071,-0.0253,0.0179,7.1733,0.1388,0.9916,1779.7088,0.1747,8444.6001,-0.0225,-0.0279,-0.0361,-0.0173,0.4460435622573906,0.9511,723.2262,0.9884,59.8217,0.609,0.9797,6.198,15.68,4.412,15.74,15.69,1.22,0.728,3.249,-0.0473,0.8522,2.2779,998.1757,115.0,225.1,225.7,62.50767760082147,458.4790489592898,1.0612,0.1483,0.0926,0.0502,0.0148,11.8106,3.86,26.932000000000002,0.0117,0.81,0.0313,496.0,634.0,0.073,0.146,0.119,2.4,0.72,0.3415,0.146,0.5738,0.3016,0.8439,0.766,0.1716,9.57,21.61,61.03,0.617,11.42,14.98,32.06,41.228,0.0906,0.0414,0.0332,0.0632,0.1029,0.1143,0.1101,0.0705,6.1214,0.0592,0.0012,114.1498,0.0355,867.3003,0.019,0.0202,0.046408449695145515,0.0199,101.8488,2.5365,0.0358,0.406,0.077,4.1984,28.2828,69.5259,67.6636,0.36060000000000003,1.9211274078385494,0.0554,1.1271,0.1284,0.0108,206.0105,43.8824,712.2033,270.3151,0.0322,0.0671,0.0563,0.7737,0.0648,0.2223,0.1408,0.0562,0.0657,6.3409,0.2304,9.8869,0.05,2.5495,6.0502,22.3972,0.169,4.1997,4.6958,10.3178,12.6064,0.0254,0.0191,0.0144,0.0278,0.028,0.0542,0.0538,0.0291,1.9835,0.0204,0.0004,41.616,0.0108,338.498,0.0124029729144134,0.0079,35.5742,0.7577,0.012,0.1294,0.0254,3.8251,1.335,5.0766,7.767,8.8591,2.8377570413108892,35.27977315957585,24.870728816267874,10.2809,55.8581,6.508749999999999,1.1962,6.4694,2.1861,46.6644,354.6853,5.6132,7.3422,1.6329,3.5248,58.7755,83.6302,21.7962,0.3973,1.503,0.8916,0.299,5.6721,8.0087,4.4805,14.1293,7.0173,3.4228,37.5476,7.3415,6.1347,17.537999999999997,115.4668,4.4825,16.8736,21.7763,247.3298,197.1429,448.227,0.0,0.0,436.0396,393.3054,85.3361,4.5389,2.4602,0.1215,6.414,20.3093,683.2981,27.8884,720.0,12.486629362997396,2.0966,14.0826,0.1362,4.2402,6.5505,3.3805,11.8194,73.254,14.53,1.33,6.7381,0.5058,27.0176,3.6251,1.8156,0.1203,0.034,12.7229,11.23,0.082,4.532500000000001,0.0301,4.1247,12.1132,531.1754,2.0396,8.09,0.2678,2.645,0.0775,1.523,13.1304,0.0161,3.1902,0.0167,0.031,185.3578
-1.0,3045.87,2168.5111,0.8752,101.6567,1.5442,-0.0135,0.0031,202.3699,8.585,413.464,0.9685,192.4274,12.5263,1.401,-4564.0,-5167.75,1.2825,1.9828,7.2212,72.6667,2.1889,0.1727,87.3041,8.3267,63.9771,66.0377,86.889,80.78,3.131,364.7836,136.38,744.2461,1.3372,140.7809,641.9445,173.2225,4.566,4.812,2888.0,0.9187,2.1927,364.03,10.4815,118.5727,12.06,17.8073,25.1118,719.1343,147.2818,629.8845,115.7673,0.0382,-0.0407,0.0141,-0.0177,-0.0293,-0.0038,0.019,8.105,0.1354,0.9888,1802.2084,0.1807,8614.2601,0.0053,0.0093,-0.0587,-0.0259,0.43004324817017137,0.9475,742.2628,0.9894,55.696299999999994,0.6038,0.9801,6.1931,15.73,4.25,15.75,15.75,1.087,0.7135,3.229,-0.8042,0.6976,2.2678,999.9423,133.0,81.3,116.3,61.7002,582.0881,0.0853,0.23175000000000004,0.047,0.046,0.02,7.7181,5.936,10.343,0.0155,0.25,0.0429,587.0,11241.0,0.104,0.188,0.1,5.1,0.573,0.8145,0.056,0.5984,0.327,0.9016,0.591,0.1944,6.5,14.87,51.978,0.943,16.2,9.09,17.989,70.982,0.0833,0.0579,0.0382,0.056,0.0672,0.1012,0.0945,0.0688,2.5795,0.0408,0.0014,103.7551,0.0274,1274.8003,0.0128,0.0168,0.03505314134429188,0.0207,128.3553,1.224,0.0333,0.3634,0.07,2.9801,27.0108,25.7509,35.4679,0.0321,1.5544,0.08085,1.6412,0.0734,0.0159,275.1344,146.85,1330.1586,5299.4149,0.0445,0.0809,0.046,1.5346,0.038,0.17,0.3281,0.0234,0.0966,8.0469,0.2325,4.3255,0.0574,1.9273,4.2549,17.5469,0.2545,2.5901,3.4006,5.4572,27.0112,0.0262,0.0248,0.0173,0.0263,0.0204,0.052,0.05,0.0342,1.0151,0.0148,0.0005,36.493,0.0107,482.614,0.013637748688643156,0.0085,49.0246,0.366,0.0107,0.1109,0.0237,4.4441,1.0791,6.0537,2.6692,4.6637,2.8453,49.6813,9.7519,16.1177,69.1439,2.5015,1.5998,1.9958,3.0614,70.1797,217.5221,8.1092,9.4818,1.3848,7.0183,63.9594,72.973,17.1067,0.9329,0.6722,0.9353,0.251,6.1324,11.7319,2.2779,14.5404,4.6171,2.3164,30.0065,3.2185,8.9968,7.624,134.3289,2.5015,20.4029,61.3144,217.8846,0.0,398.5765,379.9293,345.098,0.0,361.1549,31.8255,2.7317,1.7543,0.141,5.7571,15.1598,0.0,29.2027,0.0,11.92858797290738,2.1836,17.2924,0.0741,2.2437,5.8679,3.0878,8.0638,71.566,13.54,0.54,6.043,0.2512,47.3872,3.3179,0.7545,0.3823,0.0858,40.3018,10.44,0.2088,3.7864,0.0914,3.7972,38.05341532073962,536.4482,1.4106,7.05,0.1166,2.5361,0.0358,1.3142,8.2645,0.0234,4.6735,0.0167,0.031,185.3578
-1.0,2926.38,2207.1,1.0251,96.9478,1.3561,0.0021,-0.0012,199.5669,16.8844,418.6359,0.9692,189.7854,12.6308,1.4064,-3751.0,278.5,1.0768,1.81,5.1793,69.3778,2.1889,0.1609,86.0636,8.6384,64.5276,66.1139,86.8535,78.33,1.912,356.7891,142.6145,740.4624,1.2797,134.2164,633.62,225.423,4.546,4.752,2880.0,0.9302,3.6664,355.4064,10.0451,126.2809,9.8418,16.3336,21.3671,719.0953,142.0909,623.7782,130.0714,0.0055,-0.0339,-0.015,-0.0038,-0.0181,-0.0172,-0.0404,8.4147,0.1326,0.9876,1805.6859,0.1826,8873.83,-0.0488,-0.0549,0.0136,0.0331,0.43967153747383225,0.9534,777.3108,0.9885,60.9868,0.5964,0.9618,6.3733,15.59,4.392,15.69,15.63,1.343,0.7226,3.129,-0.1419,0.6589,2.319,993.4209,96.0,151.3,102.6,56.0999,725.114,0.6998,0.1777,0.0839,0.0362,0.0212,12.7698,15.976000000000003,5.385,0.0148,0.32,0.0304,171.0,268.0,0.04,0.024,0.25,2.3,0.11,0.6482,0.0899,0.5135,0.1895,0.8327,0.355,0.1344,3.36,14.57,78.08,0.784,18.17,11.48,31.592,30.215,0.0667,0.0881,0.0374,0.0596,0.0607,0.0939,0.0976,0.16615,2.5647,0.0907,0.001,56.2047,0.1254,1192.5,0.0145,0.0132,0.04860038274016559,0.0201,141.8768,3.0969,0.0221,0.3938,0.0814,5.122,26.2626,45.2668,32.5801,0.2176,1.907,0.0592,4.96435,0.0891,0.0122,75.0666,36.782,72.3049,137.0389,0.017,0.0106,0.1331,0.7429,0.0108,0.0395,0.2439,0.039,0.102,5.6297,0.0918,6.2022,0.035,0.9746,4.3296,22.2424,0.2288,3.7892,4.643,10.1415,9.3955,0.0153,0.0366,0.0167,0.0262,0.0166,0.044,0.0517,0.08248588237179322,0.8578,0.0331,0.0003,19.906,0.0374,470.0652,0.013902228202292045,0.0067,52.0082,1.0305,0.0078,0.1206,0.0275,3.4883,1.7481,4.3472,5.1702,4.3041,2.5418,55.8454,64.9361,13.1036,115.8231,1.2863,1.5248,2.5335,2.163,4.1056,96.2298,3.7149,1.326,4.827,3.3152,41.1168,20.511,2.3315,0.7532,1.0413,0.7958,0.3495,4.9721,5.9671,2.6725,10.5015,2.5034,2.2995,34.6371,5.7562,7.8048,7.8555,184.6203,4.3933,12.7691,23.2296,0.0,0.0,397.9967,0.0,519.5021,569.0962,470.7483,30.4783,1.5838,3.7,0.1053,3.1127,63.31987047269746,0.0,30.1288,623.7288,11.866349799983448,2.1134,18.2523,0.1729,5.0779,6.1788,3.5088,11.7149,73.254,14.53,1.33,6.7381,0.5058,27.0176,3.6251,1.8156,0.3072,0.0596,30.0409,2.4,0.1186,0.8974,0.0504,0.9013,19.9323,532.5155,2.3188,7.3,0.4262,2.5719,0.1441,1.3708,18.3819,0.0132,2.6468,0.0172,0.0222,128.684
-1.0,3033.46,2204.6667,0.9152,103.9611,1.2898,0.0187,0.0017,203.6734,13.8815,417.341,0.9665,194.143,12.4696,1.398,-3151.5,446.5,1.3287,2.0513,7.41,69.9333,2.7111,0.2129,84.5602,9.193,64.0158,66.2301,86.313,81.13,2.067,352.9209,148.0709,744.1631,1.203,137.6627,638.6545,226.1075,4.629,4.882,2813.0,0.9286,1.4845,357.2482,9.678249999999997,129.5555,11.4363,18.5155,28.777,715.3861,140.4145,627.2182,171.74984999999998,-0.0068,-0.0212,0.0304,-0.0024,-0.0076,-0.056650000000000006,0.0114,7.4674,0.1369,0.9796,1648.0234999999998,0.1113,7946.64,0.23764999999999997,-0.0363,-0.053,0.1815,0.46268561449002066,0.9306,670.1149,0.9891,60.0887,0.5824,0.9785,6.3188,15.59,4.392,15.69,15.63,1.343,0.7226,3.129,-0.1419,0.6589,2.319,993.4209,105.0,188.7,163.9,56.7,408.0831,0.0811,0.0527,0.0793,0.0653,0.0186,7.8334,12.379,6.979,0.0157,0.32,0.0454,847.0,626.0,0.18,0.133,0.346,2.8,0.548,0.3993,0.2272,0.603,0.2877,0.6709,0.575,0.1321,10.1,19.84,26.972,0.997,16.5,6.5,32.325,49.9,0.1006,0.0899,0.0462,0.0664,0.0993,0.1285,0.0424,0.1008,4.6799,0.0703,0.008,89.1078,0.0251,558.8999,0.0293,0.0121,0.050999027273911396,0.0111,59.968,2.4453,0.0348,0.4623,0.0814,5.122,28.5932,64.4643,52.5128,0.0283,1.7918,0.0221,3.8089,0.0722,0.0195,367.1135,72.7387,1157.7727,257.0052,0.0824,0.0651,0.1665,0.9798,0.0614,0.225,0.1651,0.0985,0.1202,6.7492,0.1843,8.5012,0.0345,2.8346,5.7839,8.9599,0.3248,2.092,3.2609,10.1083,16.3936,0.0275,0.0372,0.0228,0.0359,0.0288,0.0607,0.0185,0.044,1.6352,0.0241,0.0023,32.6117,0.0081,168.7511,0.012925250284324409,0.0034,17.5552,0.7519,0.0114,0.1713,0.0275,3.4883,1.7481,4.755,6.2206,6.7605,2.5718,37.828,8.8588,4.0859,89.1765,1.6723,1.6289,2.5662,3.244,87.9581,140.2016,13.5466,6.4839,4.6694,4.0038,47.9508,95.8246,16.5854,0.4722,2.4711,0.942,0.2279,6.5199,5.7473,3.7352,10.9801,7.3368,3.1065,11.9288,5.5784,10.5379,4.8937,144.277,4.5185,18.8472,27.8339,0.0,505.0562,218.4211,0.0,0.0,57.2007,888.1057,62.6707,2.7027,2.9789,0.8183,5.4752,22.5456,577.9104,52.4053,656.4103,11.498092811503042,1.1886,8.9489,0.0871,4.0695,7.3158,3.5088,11.7149,72.118,16.44,1.21,7.6571,0.4924,32.9255,4.2205,1.6778,0.327,0.0665,32.5471,3.67,0.1431,1.374,0.0596,1.3742,15.9859,536.5927,2.1566,6.82,0.4432,2.3058,0.1331,1.271,20.5512,0.014,2.7936,0.0246,0.0145,58.767
-1.0,3064.53,2182.5555,1.211,112.2922,1.3708,0.0061,0.0033,204.6342,15.4863,422.022,0.9654,194.9919,12.5169,1.4213,-1993.0,-4641.5,1.304,2.0362,7.3955,70.4333,2.7444,0.2268,84.5602,9.193,64.0158,66.2301,86.313,81.13,2.067,354.7836,150.4509,747.5538,0.8154,132.1627,637.3973,134.3555,4.573,4.802,2879.0,0.9303,-5.0355,354.6264,10.0384,125.4155,4.8451,25.0355,30.6968,716.857,153.9236,633.9655,122.9696,0.0061,-0.0114,0.0356,-0.0001,0.014,-0.0183,0.0256,7.0203,0.1447,0.992,1801.8746,0.1985,8490.0199,-0.0036,0.0679,0.0638,0.0475,0.4634,0.9429,672.2277,0.9894,59.7733,0.6117,0.9637,6.3925,15.54,4.791,15.58,15.57,1.144,0.8595,3.542,0.0,0.6159,2.3308,990.8618,120.0,190.2,161.6,57.6001,376.173,0.6685,0.23175000000000004,0.0762,0.0331,0.023,8.0089,15.976000000000003,5.182,0.0183,0.29,0.0311,572.0,14745.0,0.139,0.109,0.167,3.6,0.607,0.3993,0.2272,0.603,0.2877,0.6709,0.419,0.0709,4.29,17.28,49.702,0.216,8.34,2.73,24.653,87.624,0.0669,0.0717,0.0415,0.0711,0.048,0.0749,0.0811,0.0942,4.1342,0.0274,0.0006,160.4307,0.0206,855.1001,0.015,0.029,0.0126,0.0167,67.6606,2.5295,0.0245,0.3877,0.1013,3.2189,30.5982,67.2601,53.4836,0.1908,0.9259,0.08085,4.4948,0.0867,0.0105,267.6433,285.7371,5414.9528,7271.7708,0.0657,0.0543,0.0777,1.1979,0.0377,0.2056,0.1651,0.0985,0.1202,5.3448,0.1315,7.2869,0.0231,1.2481,5.1246,14.8167,0.0616,0.8043,0.968,7.9662,26.9745,0.017,0.0351,0.0171,0.0295,0.0152,0.0412,0.0455,0.0465,1.6136,0.0095,0.0002,48.7204,0.0064,257.4894,0.0039,0.0049,18.2461,0.767,0.0107,0.1355,0.0351,5.1399,1.076,5.5371,6.2065,6.877,2.6391,29.8292,55.1993,16.1177,106.9592,1.2279,1.8981,2.3169,2.1881,298.58439999999996,317.6775,10.6595,5.353,2.2581,5.1112,47.3684,43.6551,17.2476,0.4722,2.4711,0.942,0.2279,4.7888,3.8019,3.1774,8.6989,3.246,2.711,36.9929,6.2352,2.1518,4.3535,172.134,3.439,8.8998,71.2566,0.0,618.59025,199.5789,0.0,534.0463,441.9619,367.9688,58.8896,2.4873,1.1253,0.064,8.9035,10.4015,0.0,36.5442,569.863,2.7233,1.7677,10.0651,0.1088,4.2319,6.0642,4.3466,7.6215,80.178,15.13,1.68,6.33,0.7746,79.2962,3.7995,2.0953,0.2712,0.0559,27.9814,6.71,0.1178,2.9111,0.0497,2.4677,16.564,537.9264,2.1814,5.48,0.3891,1.9077,0.1213,1.0187,17.8379,0.015,2.9903,0.0057,0.0109,192.8017
-1.0,2959.51,2195.1,0.8279,96.31,1.412,0.0093,-0.0138,197.6313,14.2568,421.7796,0.9749,187.97,12.5582,1.4181,-3139.25,2093.5,1.292,1.9565,7.1818,74.7444,2.0222,0.1579,84.1675,9.004,64.0727,66.0271,86.4814,63.93999999999998,4.597,351.3773,149.8609,743.4401,0.8205,130.0727,631.3109,128.0235,4.595,4.864,2822.0,0.9266,-3.1427,353.2145,9.8927,126.7182,6.7622,23.1427,29.0454,714.3947,148.4118,628.3445,131.3357,0.025,-0.022,-0.0226,0.0008,-0.0094,0.0017,-0.0588,8.1779,0.1309,0.9766,1801.537,0.19975572909098627,9115.710295204208,0.115,0.0028,-0.0695,-0.1185,0.4756381628754762,0.9473,789.4424,0.9893,59.6595,0.6029,0.9808,6.2576,15.54,4.791,15.58,15.57,1.144,0.8595,3.542,0.0,0.6159,2.3308,990.8618,110.0,108.3,86.5,55.5,343.9039,0.0894,0.1907,0.0808,0.0456,0.0103,3.4112,9.012,6.78,0.0089,0.25,0.0575,968.0,17919.5,0.106,0.077,0.275,4.3,0.488,0.5264,0.0841,0.6249,0.4344,0.7404,0.64,0.0738,7.99,25.38,25.658,0.735,13.71,4.95,31.834,63.01,0.0653,0.0469,0.0244,0.0807,0.0668,0.1062,0.0925,0.0361,3.0842,0.0288,0.0057,131.267,0.07997231771104074,1093.9910637080538,0.0166,0.0262,0.021554863643729744,0.0299,144.5045,2.5843,0.0124,0.3827,0.1013,3.2189,28.8964,38.9348,29.7145,0.0288,2.5095,0.0596,2.7911,0.0754,0.0189,432.8695,260.4387,4104.1816,8994.62525,0.0483,0.0354,0.1287,1.5501,0.0474,0.1895,0.1883,0.0352,0.1283,7.1847,0.2253,8.6559,0.0232,2.3321,7.2692,8.1628,0.2152,1.3677,1.717,9.8151,19.4851,0.0147,0.0202,0.0112,0.0382,0.0176,0.0525,0.0431,0.016,1.0334,0.0108,0.0018,41.7988,0.0246782400320502,327.5954565724495,0.008450543936029764,0.0105,42.7063,0.7967,0.0044,0.1343,0.0351,5.1399,1.076,4.9416,3.6594,3.4076,2.5284,22.5297,10.7941,13.5055,63.2119,1.6075,0.9172,1.9907,4.0526,283.3161,0.0,8.2043,3.9356,3.8292,5.7529,64.2857,87.4032,15.4143,0.6254,0.9344,0.9753,0.2098,6.2127,4.8979,3.8588,8.9888,6.1427,4.0202,20.0416,5.4916,7.4297,4.9401,202.7458,4.4561,10.5683,47.9763,261.0042,156.7251,357.4751,0.0,0.0,0.0,61.3946,37.7137,1.9864,1.2037,0.5855,7.2864,29.91096213114774,0.0,54.7804,0.0,6.095435620756066,3.1586,18.3046,0.1011,4.3317,6.1154,4.3466,7.6215,72.406,16.78,0.52,7.1382,0.2072,34.2182,4.177,0.7182,0.1166,0.0272,12.2444,4.98,0.0877,2.0902,0.0382,1.8844,15.4662,536.5927,2.1566,6.82,0.4432,2.3058,0.1331,1.271,20.5512,0.0168,3.3809,0.0057,0.0328,255.5817
-1.0,3068.72,2195.1,0.8279,96.31,1.2462,0.0125,-0.0213,204.9821,9.8808,419.2563,0.9687,195.0773,12.6057,1.3869,-4945.5,4414.5,1.2887,1.9903,7.337,70.4444,1.7111,0.1314,84.6927,8.8973,64.1619,66.3435,86.4023,80.92,3.093,355.5845,147.0391,743.5157,0.8367,131.7264,634.35,123.8762,4.573,4.802,2879.0,0.9303,-0.6236,354.8136,10.0255,126.4155,3.9514,20.6236,25.3996,718.1161,151.85,633.0791,104.0345,-0.0007,0.0677,0.0291,0.0029,-0.0321,-0.0284,0.0243,6.8793,0.1423,0.968,1781.1794,0.1677,8921.35,0.2044,0.027,-0.0875,0.0888,0.4619516447476262,0.9504,754.5725,0.9867000000000001,55.696299999999994,0.593,0.9664,6.3721,15.56,4.538,15.62,15.58,1.295,0.7506,3.166,-1.088,0.6543,2.2919,990.6176,98.0,93.7,67.5,55.5,343.9039,0.0894,0.0965,0.083,0.047,0.0189,8.133,3.313,7.893,0.0149,0.27,0.0616,536.0,12141.0,0.225,0.113,0.34,1.8,0.699,0.5756,0.0521,0.6154,0.368,0.8014,0.611,0.0976,6.61,14.49,37.585,0.357,6.42,6.4,26.905,61.546,0.0621,0.0687,0.064,0.0649,0.0669,0.0889,0.11,0.0675,5.7339,0.0383,0.0026,58.3971,0.0225,767.5,0.021,0.0225,0.034597778298996296,0.0112,83.0044,5.1914,0.0422,0.357,0.0954,2.9012,26.9966,28.159,20.8671,0.0288,2.5095,0.03,1.2038,0.0819,0.0244,268.4486,63.0681,1898.9628,5675.7991,0.0941,0.0485,0.139,0.5918,0.0247,0.2592,0.2162,0.0253,0.055,6.1699,0.1667,6.6845,0.0288,1.9568,4.513,10.8985,0.1204,1.8555,2.4357,8.7604,20.8381,0.0185,0.0289,0.0298,0.0343,0.0173,0.0474,0.0574,0.0344,2.0207,0.0115,0.0008,18.2245,0.0065,259.294,0.007913859123917795,0.004,30.7627,1.5511,0.0148,0.1177,0.0311,6.0728,0.9115,4.6221,3.0534,2.7301,2.5284,22.5297,10.7941,7.7437,33.5296,1.8826,1.5365,2.1419,4.4408,87.6352,275.0255,17.4588,5.6777,4.634,2.5552,75.974,56.2975,19.6649,0.6796,0.5859,0.9591,0.3639,5.9423,5.1619,2.9944,11.6671,5.018,2.2842,30.3408,6.2352,3.5609,4.2479,162.4726,3.7466,26.2702,59.1592,0.0,607.9646,223.2158,0.0,276.947,386.9833,278.3505,83.3495,0.7731,1.6194,0.271,3.2786,13.4268,0.0,54.4651,0.0,8.077940816808315,1.1762,11.0002,0.25379999999999997,9.3634,5.6021,4.1625,6.9816,74.06,16.16,0.61,7.5451,0.2542,67.4198,3.9613,0.8237,0.1166,0.0272,12.2444,4.98,0.0877,2.0902,0.0382,1.8844,15.4662,537.9264,2.1814,5.48,0.3891,1.9077,0.1213,1.0187,17.8379,0.0171,3.4203,0.0057,0.0328,255.5817
-1.0,3000.24,2207.1,1.0251,96.9478,1.4642,0.0474,0.0118,197.1559,14.0,425.2735,0.9696,187.3301,12.4245,1.4107,-4110.75,123.25,1.2928,1.9828,7.284,74.8111,2.1556,0.1691,85.1305,8.6691,64.2262,66.0333,86.6187,79.93,3.315,364.8636,139.1191,748.267,1.3255,142.4836,646.4664,221.2695,4.579,4.856,2872.0,0.9219,-0.0445,363.5818,10.5277,119.0745,14.0746,20.0445,28.252,720.015,149.7355,632.3918,103.8607,-0.0106,0.0042,-0.0288,0.0072,0.0035,-0.017,-0.0675,7.5847,0.1254,0.9881,1809.9517,0.1737,8848.77,0.1525,0.0205,-0.0983,-0.1175,0.4697,0.947,762.0007,0.9894,59.7231,0.5938,0.9798,6.2215,15.54,4.791,15.58,15.57,1.144,0.8595,3.542,0.0,0.6159,2.3308,990.8618,80.0,159.9,98.6,56.0999,725.114,0.6998,0.123,0.0601,0.0416,0.0178,6.1312,5.173,10.95,0.0125,0.38,0.0726,773.0,903.0,0.145,0.103,0.372,4.4,0.512,0.6761,0.0512,0.7078,0.3306,0.7531,0.727,0.2051,5.61,14.47,45.971,0.368,14.61,11.98,25.769,59.973,0.0649,0.065,0.0719,0.0205,0.0447,0.1088,0.0649,0.0427,2.8963,0.14894999999999997,0.002,170.8728,0.0183,1513.1006,0.0157,0.0185,0.0364,0.0304,151.2059,3.8291,0.0632,0.3578,0.1013,3.2189,21.225,49.1074,31.511,0.2176,1.907,0.0438,1.5828,0.1061,0.0236,358.1046,202.121,550.039,412.7706,0.0651,0.0461,0.1608,1.5211,0.0397,0.1572,0.2946,0.0245,0.0751,7.5267,0.2129,4.3272,0.0525,1.7189,4.2725,12.3663,0.1346,3.3512,4.8589,7.0125,19.1622,0.0204,0.0339,0.0327,0.0086,0.0142,0.0542,0.0271,0.0209,0.9305,0.04725,0.0005,49.6306,0.005,518.4619,0.0108,0.0112,54.2401,1.1414,0.0201,0.1262,0.0351,5.1399,1.076,3.6366,5.3296,3.98,2.5418,55.8454,64.9361,8.4003,36.95,2.5748,1.2874,3.0585,5.1451,30.2378,732.6572,11.2164,5.1948,5.1071,5.8815,64.9485,69.1853,14.9883,0.7942,0.5911,1.102,0.219,6.5805,10.624,2.335,15.473,3.9373,2.2383,20.776,2.0823,3.4955,4.6777,103.8042,3.579,10.4121,57.7437,609.7987,182.2004,71.2424,622.0676,0.0,381.2041,63.2827,38.1863,3.7715,6.2731,0.1974,9.4407,10.5203,0.0,23.3364,0.0,7.7402,3.2079,19.8433,0.0827,6.4114,5.7515,4.3466,7.6215,74.622,16.1,1.15,6.8403,0.5194,25.912,3.9368,1.5411,0.4084,0.0822,42.3007,2.07,0.1302,0.9242,0.0493,0.7743,16.9858,534.3264,1.5887,5.4,0.2039,1.8036,0.054,1.0106,12.833,0.0132,2.6328,0.0057,0.0328,255.5817
-1.0,3232.6099999999997,2201.2889,2.1366,118.08009999999997,1.4279,-0.0047,-0.0068,197.1495,12.4499,412.8615,0.9719,187.1831,12.3235,1.4228,-4305.25,-1615.75,1.296,2.011,7.3635,73.3667,2.4444,0.1753,87.3732,8.5615,63.9323,66.0124,87.1811,78.7,2.851,362.9718,136.4164,744.6792,1.3046,147.1473,646.5355,168.1156,4.4879999999999995,4.747,2918.0,0.9097,-1.3327,362.85,10.7039,115.0836,22.0964,21.3327,31.7755,712.9036,146.5055,624.4391,148.4238,-0.0048,-0.033,-0.0327,0.0008,-0.0249,-0.0195,-0.0653,7.4497,0.1366,0.9858,1853.5033,0.1645,9360.7802,0.0993,-0.0084,-0.0358,-0.0388,0.4217006157501573,0.9441,808.663,0.9894,58.486,0.6039,0.9695,6.1893,15.53,4.166,15.59,15.54,1.324,0.7072,3.211,-0.7569,0.7076,2.3058,984.0379,94.0,178.1,130.3,42.5,118.174,1.0612,0.1933,0.0427,0.0708,0.0183,6.3185,7.132,4.428,0.0112,0.29,0.032,739.0,4519.0,0.096,0.093,0.196,3.1,0.579,0.7249,0.2224,0.397,0.2113,0.7379,0.427,0.2226,6.94,11.98,57.574,1.145,13.86,12.55,20.391,93.956,0.0794,0.0614,0.0312,0.0226,0.0966,0.1219,0.0995,0.0458,2.4547,0.0307,0.0024,121.8083,0.0381,640.2998,0.0135,0.0147,0.03628682248182663,0.0168,57.004,3.2418,0.011,0.4942,0.0838,3.2183,24.9295,48.8822,45.5087,0.36060000000000003,1.7009,0.0807,1.9879,0.0715,0.0109,302.7221,160.8133,1673.8617,2137.9968,0.0455,0.041,0.0877,1.0735,0.0346,0.2029,0.3021,0.082,0.0952,6.7894,0.1193,3.9714,0.068,2.1377,2.9785,14.9312,0.3017,3.2866,4.0712,5.7061,29.7885,0.0218,0.0269,0.0143,0.0094,0.0271,0.0614,0.0529,0.0228,0.9024,0.011,0.0008,41.2086,0.0128,204.0135,0.016116457447280873,0.0046,20.2706,1.1321,0.0042,0.1552,0.0289,4.999,0.8708,4.2548,5.4219,5.3889,1.9307,11.6377,54.1937,13.537,57.2856,1.0725,1.1524,2.3532,2.2498,83.1311,279.6844,7.4074,4.6246,2.6618,4.2254,53.1818,62.1673,17.625,0.8297,2.5979,0.621,0.4167,6.1823,11.1204,2.1718,17.0637,4.7164,1.853,34.2467,1.9551,10.697,5.2136,62.7251,2.8603,9.3806,63.3025,0.0,0.0,69.0604,0.0,489.0672,510.9114,70.1647,32.951,1.537,1.2997,0.2425,6.5718,23.1656,0.0,64.9573,0.0,11.779895468149562,1.7799,7.0492,0.0922,5.5428,7.9847,3.6325,8.4113,73.254,14.53,1.33,6.7381,0.5058,27.0176,3.6251,1.8156,0.3553,0.0929,32.3812,7.75,0.1763,3.1573,0.071,2.8651,22.8478,531.96,1.8347,12.7,0.286,4.465,0.0927,2.3874,15.5905,0.014,2.8039,0.0057,0.0328,255.5817
-1.0,2938.51,2207.1,1.0251,96.9478,1.2532,0.0089,-0.0058,194.5885,8.2589,410.5451,0.9782,184.7447,12.6337,1.4123,-6375.125,-3487.25,1.3055,1.9857,7.2532,74.4,1.9444,0.1528,84.0447,8.941,64.1636,65.9873,86.2164,80.48,2.6,361.7918,137.96,743.0575,0.9409,137.3464,637.0982,145.6361,4.592,4.819,2876.0,0.9205,2.6991,362.3664,10.361,120.6591,5.1982,17.3009,22.2363,720.8212,150.72,633.7455,116.0533,-0.0248,0.013,0.0076,-0.0021,0.0039,-0.0236,-0.10405,7.5171,0.133,0.9865,1793.8624,0.166317860047691,8904.38328447118,-0.0407,0.0326,-0.0079,-0.0514,0.43236123806727567,0.9535,767.7837,0.9895,59.6123,0.5975,0.981,6.2884,15.51,4.133,15.54,15.47,1.102,0.7157,3.204,-1.277,0.6799,2.3025,986.7484,119.0,151.7,266.2,56.0999,725.114,0.6998,0.1504,0.0841,0.0721,0.008,6.6565,3.445,6.533,0.0052,0.25,0.0412,31.0,7284.0,0.036,0.097,0.182,3.2,0.346,0.8623,0.0831,0.6194,0.3002,0.6331,0.664,0.1533,8.19,13.61,11.583,0.754,10.63,9.63,23.827,85.34,0.0787,0.0489,0.0692,0.0234,0.0637,0.0922,0.0369,0.16615,4.2329,0.0402,0.0027,127.5007,0.04955968489662971,1025.9437725026728,0.0298,0.0199,0.048200446113608464,0.0139,99.5945,4.1744,0.042,0.3206,0.0861,3.9777,30.8794,47.2661,88.6663,0.2176,1.907,0.043,1.1118,0.062,0.0131,12.842,102.8798,5823.189049999999,3185.7651,0.0161,0.0404,0.0746,1.1446,0.0183,0.1041,0.3681,0.0352,0.0529,8.2101,0.2236,4.5524,0.0407,2.3355,3.6423,3.9584,0.2155,3.0612,4.1574,6.8719,27.153,0.0186,0.0228,0.034,0.0097,0.0181,0.05,0.0171,0.08248588237179322,1.4608,0.0141,0.0008,37.5958,0.014897238078927635,395.5926490449295,0.011859449520938762,0.0046,41.2172,1.241,0.014,0.1137,0.0306,3.218,1.4167,5.31,5.1625,10.5839,2.5418,55.8454,64.9361,12.0012,41.7125,1.5913,0.5301,1.9788,2.9193,199.7773,208.8752,2.7576,4.8848,2.5092,4.3011,72.0,37.9636,10.5534,1.026,0.9293,0.9653,0.294,6.7691,12.0252,2.3944,16.2916,5.963,2.1362,7.9534,2.0715,7.2773,7.5751,204.4938,3.3055,8.4142,73.5352,317.5094,385.0394,305.8824,0.0,0.0,156.1905,179.4531,56.3098,1.8051,1.6457,0.2698,7.1076,32.75485949366157,0.0,53.0303,0.0,11.102414210150995,1.4598,12.9717,0.0848,7.0026,5.0985,3.7393,9.2152,72.934,21.53,0.8,10.1252,0.3112,56.1558,5.3579,1.0969,0.4084,0.0822,42.3007,6.69,0.1118,2.6595,0.0516,2.66,14.5175,536.0709,2.1472,8.3701,0.264,2.9583,0.076,1.5614,12.293,0.0199,4.0229,0.0148,0.0197,133.4114
-1.0,3126.61,2204.2889,1.5549,86.1089,1.4005,0.0474,0.008,196.4076,14.4799,426.604,0.9697,186.5015,12.5422,1.3995,-4190.0,-31.5,1.2847,1.9992,7.2177,72.1111,2.6333,0.2043,85.0209,8.8054,64.1615,66.2641,86.2893,79.58,2.597,345.1436,145.0118,734.8199,1.3122,141.8455,632.0009,203.6702,4.602,4.832,2820.0,0.9317,-2.5418,347.2836,10.3809,122.47,15.2091,22.5418,30.2702,704.5497,147.0382,616.7918,119.4628,0.0023,-0.0189,-0.0164,-0.0028,0.0001,-0.056650000000000006,-0.0577,7.1678,0.1362,0.989,1843.076,0.19395811843552668,9148.613330942215,0.1293,-0.0679,-0.0722,-0.081,0.4525670524291967,0.9496,798.3164,0.9897,56.3933,0.5981,0.9632,6.3597,15.51,4.133,15.54,15.47,1.102,0.7157,3.204,-1.277,0.6799,2.3025,986.7484,112.0,168.7,126.3,27.2,487.2451,0.4202,0.1635,0.0818,0.0469,0.0189,6.6887,9.621,7.617,0.0134,0.38,0.0479,740.0,1013.0,0.144,0.129,0.321,3.9,0.406,0.5073,0.0817,0.6815,0.3799,0.6053,0.353,0.154,6.95,19.78,49.26,0.421,19.29,11.89,34.043,57.268,0.0959,0.0636,0.0512,0.0211,0.0889,0.103,0.0395,0.0503,2.8386,0.0486,0.0019,170.5798,0.06469779189641761,1114.917384526153,0.0175,0.0194,0.056516242539587536,0.0258,97.8699,2.3139,0.0559,0.3243,0.0861,3.9777,30.4318,56.6818,41.6634,0.1387,2.7188,0.0512,2.8722,0.1116,0.0181,340.1719,111.1276,1045.9101,434.4165,0.0611,0.0538,0.1641,1.157,0.0565,0.1172,0.2105,0.0351,0.1003,5.179,0.114,8.7678,0.0414,1.8709,5.9269,14.9341,0.1122,3.0274,3.3228,10.458,18.6414,0.0262,0.0334,0.0252,0.0094,0.0273,0.0496,0.0186,0.0207,1.039,0.0174,0.0006,52.2975,0.019855540689541665,342.40979120576554,0.012260745462056074,0.0096,31.2313,0.716,0.0191,0.1207,0.0306,3.218,1.4167,5.1051,5.3956,5.2045,1.259215111510735,18.4703,27.0254,11.6741,66.4438,1.7855,1.3868,3.0298,3.4254,52.3628,0.0,11.2084,6.4524,4.4474,5.4083,45.5696,84.6656,12.8229,0.5967,0.9279,1.0622,0.3569,4.8125,8.3579,3.8897,11.7391,4.8997,3.1297,24.1862,7.1569,4.0555,17.3349,126.832,4.8319,17.2438,47.9379,0.0,618.59025,128.6585,0.0,0.0,65.1546,87.0996,39.6022,2.4959,2.0035,0.1891,9.2552,30.494216742694867,0.0,67.907,482.1918,12.392654136694349,2.7146,12.2595,0.0714,4.1031,5.0998,3.7393,9.2152,73.754,21.91,0.84,9.4887,0.3765,80.3674,5.4156,1.1389,0.2489,0.0455,24.6378,8.94,0.1184,3.1903,0.0508,3.3115,13.1632,532.1618,2.1401,7.11,0.4659,2.4357,0.1286,1.3361,21.7713,0.0101,2.0013,0.02,0.0169,84.6772
-1.0,3016.68,2204.6667,0.9152,103.9611,1.393,0.0474,0.0078,196.7879,14.2058,421.8451,0.974,186.8278,12.4245,1.3884,-3274.25,-1189.0,1.3303,2.019,7.3083,72.7444,2.3444,0.1769,84.0747,9.0355,64.0906,66.081,86.4257,79.67,3.082,356.5773,145.9573,745.6002,1.2397,138.2436,640.7782,225.6055,4.564,4.794,2883.0,0.9304,-1.1236,357.3836,9.943,124.8336,8.4991,21.1236,28.189,717.4112,150.0618,632.2791,125.4802,0.0034,-0.0233,-0.0259,0.0027,0.0105,-0.0221,-0.0712,7.0381,0.1339,0.9869,1874.8102,0.175,9789.3101,-0.1182,0.0512,0.0855,0.0226,0.4398894955072341,0.939,865.5273,0.9893,59.4138,0.5988,0.9793,6.2991,15.53,4.166,15.59,15.54,1.324,0.7072,3.211,-0.7569,0.7076,2.3058,984.0379,200.0,64.0,90.9,56.7,408.0831,0.0811,0.1233,0.0788,0.0406,0.0156,6.5372,11.321,5.908,0.0095,0.38,0.056,753.0,16370.0,0.159,0.072,0.16,4.9,0.412,0.7608,0.1354,0.6467,0.3592,0.8359,0.558,0.0995,6.07,13.59,36.138,0.806,13.14,3.9,27.184,77.329,0.0548,0.0656,0.031,0.0172,0.0633,0.0816,0.0827,0.0413,4.0503,0.0909,0.0013,119.0664,0.0524,718.0,0.0083,0.018,0.036824391284027175,0.0211,99.45,2.4618,0.0211,0.353,0.0838,3.2183,45.32809999999999,22.3972,30.421,0.0283,1.7918,0.0423,2.9964,0.1061,0.0203,312.0453,262.0636,725.6534,6744.2012,0.0712,0.0301,0.0735,1.5605,0.0391,0.1265,0.2762,0.0511,0.0874,6.2176,0.1584,6.7885,0.0353,1.7489,4.6197,11.0807,0.234,1.3561,2.1996,8.2173,28.0715,0.0182,0.0328,0.0143,0.0084,0.0194,0.043,0.041,0.0213,1.3871,0.0288,0.0004,42.7751,0.0162,258.121,0.012116765304672358,0.0068,30.5769,0.7525,0.0084,0.1302,0.0289,4.999,0.8708,9.053150000000002,2.1215,3.6611,2.5718,37.828,8.8588,8.8514,79.6927,1.4005,0.9768,3.0585,4.0341,50.0878,0.0,11.9526,3.5661,2.1893,6.7359,68.2464,63.3166,11.9946,0.9049,1.4981,1.009,0.2515,5.6285,4.3232,2.9179,8.0234,4.3908,2.1209,16.0182,5.0386,8.1062,5.247,154.6043,3.7892,10.2003,61.6265,0.0,0.0,66.5377,0.0,777.1429,374.2081,58.026,57.5487,4.002,3.849,0.133,6.3509,29.9466,555.9846,48.2173,480.0,9.222542309053729,2.2458,11.4901,0.1092,4.1434,5.6043,3.6325,8.4113,72.312,20.58,1.11,9.8514,0.4468,31.2545,5.1368,1.535,0.2712,0.0559,27.9814,4.98,0.0877,2.0902,0.0382,1.8844,15.4662,537.9264,2.1814,5.48,0.3891,1.9077,0.1213,1.0187,17.8379,0.0172,3.4167,0.0196,0.0165,84.1261
-1.0,3025.04,2182.4111,1.4529,84.34660000000002,1.3639,0.0474,0.004,201.1382,16.1815,425.1626,0.9712,191.4121,12.3869,1.3831,-3193.75,471.5,1.319,1.9825,7.2457,68.8778,2.4444,0.1927,85.0041,8.6472,64.0865,66.3097,86.5763,80.95,2.359,345.5173,148.3709,738.2645,1.2502,138.2818,632.17,175.147,4.572,4.807,2828.0,0.9325,-0.9091,346.4155,10.0963,127.4618,9.7,20.9091,27.7301,710.5345,150.0309,623.9082,108.9447,0.001,-0.0533,-0.0597,0.0172,0.0014,-0.0229,-0.0571,7.8653,0.1386,0.9879,1803.7358,0.2161,8742.7398,0.1198,-0.013,-0.0708,0.1129,0.46100621355756666,0.9501,666.0704,0.9894,59.1913,0.5905,0.9657,6.373,15.56,4.385,15.54,15.51,1.423,0.7399,3.286,-1.088,0.592,2.2915,988.7396,106.0,174.6,195.4,26.599799999999988,1015.8822,0.1292,0.1057,0.0664,0.0487,0.0205,12.0602,8.142,6.369,0.0141,0.2,0.1015,416.0,368.0,0.122,0.02,0.195,2.0,0.36,0.647,0.1272,0.5597,0.3606,0.6954,0.584,0.1183,7.78,23.95,43.376,0.438,16.93,11.85,34.732,53.693,0.0617,0.0635,0.0335,0.0269,0.0449,0.1015,0.094,0.0497,2.3873,0.0766,0.0013,163.8424,0.0723,1561.6006,0.0149,0.0146,0.05419675013252434,0.0206,138.8824,2.4475,0.0314,0.2509,0.0884,2.2514,27.6241,63.6668,70.6865,0.0419,2.8122,0.0372,2.8309,0.0567,0.0388,203.6572,163.8709,541.6736,178.433,0.0554,0.0091,0.0865,0.62,0.0279,0.1458,0.2597,0.0528,0.1275,5.9428,0.1905,9.3483,0.0437,2.8898,6.8381,15.1365,0.1285,3.3968,3.2483,10.5371,16.7373,0.0176,0.0312,0.0151,0.0117,0.0136,0.0517,0.0513,0.0246,0.7488,0.025,0.0004,51.0421,0.0228,476.3687,0.011107579736147262,0.0065,42.6146,0.7627,0.0108,0.0804,0.0304,4.0572,0.7145,4.8106,5.7718,7.5418,1.259215111510735,35.1869,8.8903,7.7496,50.3169,1.498,1.4506,1.6146,7.3384,39.6399,78.0488,9.2494,1.0088,2.6912,2.9037,36.8182,46.1938,10.4439,0.7611,1.471,0.8734,0.2933,5.3456,8.6203,4.3998,9.4646,5.6262,3.7885,24.7655,9.2841,4.3382,17.537999999999997,174.5362,4.8882,14.6891,49.2846,0.0,411.6694,45.0586,260.4786,0.0,410.0327,87.0022,30.3516,1.5148,3.2291,0.1313,9.0835,33.4384,681.0496,47.2761,0.0,11.994525190198962,2.1683,20.851,0.1171,4.1348,3.9371,3.858,5.6541,73.254,14.53,1.33,6.7381,0.5058,27.0176,3.6251,1.8156,0.2712,0.0559,27.9814,6.66,0.14,3.0782,0.0597,2.4419,23.0089,532.4527,1.9857,5.83,0.3368,2.077,0.1016,1.0949,16.9589,0.026000000000000006,5.21645,0.0171,0.0194,113.5506
-1.0,2983.64,2182.4111,1.4529,84.34660000000002,1.5203,0.0424,0.015,200.6989,9.2306,420.9236,0.9676,190.8191,12.7213,1.4061,-3801.5,227.75,1.3015,1.9635,7.0595,69.8222,2.7444,0.2193,84.5275,9.1526,63.9818,66.2847,86.1978,81.75,2.114,361.5464,139.8018,747.5106,1.3807,143.1973,644.5455,193.2566,4.601,4.851,2882.0,0.9185,-1.7382,363.1427,10.6192,118.0636,18.3764,21.7382,29.9212,717.5894,144.9627,626.1691,87.7423,0.004,-0.0429,0.0233,0.0077,0.0178,-0.0135,-0.0137,7.8815,0.1302,0.9839,1841.6363,0.1844,9482.5201,0.0938,-0.0195,-0.0825,0.0326,0.4271108936929353,0.9396,835.9395,0.9895,59.4669,0.6017,0.9692,6.2023,15.56,4.385,15.54,15.51,1.423,0.7399,3.286,-1.088,0.592,2.2915,988.7396,108.0,92.3,49.2,26.599799999999988,1015.8822,0.1292,0.1921,0.0567,0.046,0.0249,12.186,4.356,12.035,0.0161,0.27,0.0635,1975.0,572.0,0.162,0.142,0.239,2.9,0.8,0.3596,0.1622,0.4046,0.2709,0.7271,0.751,0.1875,7.52,14.25,52.757,0.845,19.38,8.65,20.097,56.382,0.0798,0.0772,0.0359,0.14704999999999996,0.0473,0.1308,0.0921,0.16615,1.6701,0.0356,0.0055,139.5237,0.0342,734.0,0.0089,0.0191,0.04182464546368503,0.0191,87.6077,2.6062,0.0192,0.3217,0.0884,2.2514,30.1312,33.745,19.1364,0.0419,2.8122,0.0707,1.3204,0.0812,0.0217,812.7084,168.9556,2770.0693,243.6451,0.0703,0.0626,0.1187,1.1065,0.0628,0.3085,0.1461,0.0639,0.1124,7.1458,0.2156,4.7132,0.0497,1.9406,3.8981,15.5861,0.2268,2.5421,3.2588,5.903,18.1479,0.0215,0.0376,0.0159,0.06770000000000001,0.0124,0.0631,0.0472,0.08248588237179322,0.5788,0.0112,0.0019,54.5902,0.0122,221.7825,0.017199425745846705,0.0069,24.246,0.7979,0.0075,0.1118,0.0304,4.0572,0.7145,4.6747,3.0935,1.9351,1.259215111510735,35.1869,8.8903,12.6352,47.1907,2.8592,1.6691,2.0786,4.5161,176.4041,251.1526,12.4472,7.232,3.3855,4.1534,51.0121,84.3465,24.1149,0.4254,1.7719,0.6324,0.0595,6.5026,11.3661,2.3994,13.5782,5.2515,2.2109,27.2989,1.8727,7.9573,6.9115,105.4614,2.8006,17.2971,64.2587,0.0,0.0,650.8039,611.3086,733.8008,679.7048,0.0,21.1895,1.3061,1.4781,0.5553,7.5761,18.5725,949.0683,20.6349,0.0,12.308647833384615,2.0297,10.4801,0.1086,4.3826,5.1868,3.858,5.6541,73.254,14.53,1.33,6.7381,0.5058,27.0176,3.6251,1.8156,0.4084,0.0822,42.3007,7.57,0.1919,3.2275,0.0739,2.8541,23.4168,523.3110000000001,1.3721000000000003,15.390000000000002,0.6164999999999999,5.3345,0.18730000000000002,2.8874999999999993,28.50255,0.016,3.1798,0.0171,0.0194,113.5506
-1.0,3036.24,2204.6667,0.9152,103.9611,1.3062,-0.0069,-0.0089,197.9591,9.7063,421.2666,0.9737,187.9706,12.4343,1.3878,-1450.5,-4088.5,1.2862,1.975,7.2083,73.2444,2.2444,0.1768,85.9625,8.7552,64.1204,66.2133,86.438,78.72,3.074,356.5982,147.34,747.6276,1.2413,135.8827,639.8209,221.2695,4.564,4.794,2883.0,0.9304,0.2327,359.08,9.8226,127.5727,8.0718,19.7673,26.7875,720.8402,145.0964,631.7491,128.8039,-0.0045,-0.0487,-0.041,-0.0049,-0.0138,-0.0272,-0.0692,7.1852,0.1353,0.9898,1799.5364,0.16250112613699952,8475.699984679075,-0.0841,0.04,0.0289,0.0166,0.4658770730538637,0.9493,708.735,0.9894,59.6612,0.6004,0.9807,6.0866,15.56,4.538,15.62,15.58,1.295,0.7506,3.166,-1.088,0.6543,2.2919,990.6176,75.0,178.1,152.2,56.7,408.0831,0.0811,0.1488,0.0785,0.0461,0.0115,3.6861,6.251,10.793,0.0096,0.23,0.0178,1685.0,12471.0,0.119,0.099,0.158,3.0,0.272,0.7793,0.0421,0.4885,0.2656,0.6352,0.478,0.1076,7.81,14.09,32.581,0.812,11.18,7.18,23.716,62.134,0.0536,0.0667,0.0404,0.0276,0.0491,0.0923,0.0587,0.0753,4.0471,0.074,0.0025,87.9587,0.048114202597678235,716.240545553095,0.0146,0.0166,0.04444195276825133,0.0183,181.9933,2.4107,0.0402,0.3325,0.0954,2.9012,21.0142,62.1891,57.2304,0.0283,1.7918,0.0573,1.9681,0.0588,0.006,783.0396,127.5252,4771.6156,6032.012,0.0545,0.0414,0.0666,1.0933,0.0532,0.0899,0.2831,0.0168,0.1038,5.7606,0.1473,6.2859,0.0316,2.354,4.7259,11.4359,0.3015,2.2113,2.6396,8.1245,24.6465,0.0153,0.0274,0.0171,0.0121,0.015,0.0497,0.0292,0.0393,1.4999,0.0259,0.0008,36.9457,0.013813740843027167,264.61979168514245,0.013652365293985386,0.0058,61.0351,0.7484,0.0136,0.1219,0.0311,6.0728,0.9115,3.4296,5.8658,5.9722,2.5718,37.828,8.8588,11.3917,64.4017,2.562,0.9891,1.8497,1.2862,298.58439999999996,305.0263,9.2517,5.0127,2.1919,4.0959,84.6535,87.6807,8.3022,0.9066,0.481,0.7618,0.377,5.6142,5.7418,2.7817,8.6678,5.7476,2.2022,14.7246,5.0386,8.2666,5.8555,138.5067,3.2901,16.7295,48.2392,0.0,0.0,67.2761,999.4911,670.0544,215.4128,108.8544,56.326,1.7712,3.166,0.2556,4.8879,31.192531257375826,646.2287,26.4706,595.3488,10.998952879220218,1.9309,25.6786,0.095,4.0406,5.4624,4.1625,6.9816,75.218,18.87,1.24,8.8195,0.5124,59.5011,4.714,1.6485,0.2712,0.0559,27.9814,5.57,0.2229,2.6541,0.0879,2.0518,38.05341532073962,534.3264,1.5887,5.4,0.2039,1.8036,0.054,1.0106,12.833,0.0229,4.5482,-0.014799999999999999,0.0148,87.8627
-1.0,2990.46,2204.6667,0.9152,103.9611,1.4058,0.0031,-0.0194,204.9192,11.9908,430.9007,0.9692,195.2834,12.4245,1.4273,-4423.75,-3934.0,1.3142,1.9867,7.134,73.4,2.4889,0.18,83.217,8.7538,64.2189,66.129,86.2393,80.98,3.32,364.6009,141.9873,748.736,0.8727,133.8773,640.4655,147.9305,4.612,4.81,2883.0,0.9203,-1.3018,362.8391,10.5007,120.6855,8.2146,21.3018,27.3802,721.3558,148.7264,632.2509,93.9496,0.014,-0.0267,-0.0271,-0.0187,-0.034,-0.0276,-0.0509,6.9399,0.1371,0.9891,1731.2344,0.20082658194551006,8854.263004778917,-0.1034,0.1228,0.0453,-0.0111,0.4432994875079307,0.9433,753.7796,0.9895,59.6445,0.5975,0.9655,6.2819,15.56,4.385,15.54,15.51,1.423,0.7399,3.286,-1.088,0.592,2.2915,988.7396,75.0,126.3,209.4,56.7,408.0831,0.0811,0.2302,0.0671,0.0398,0.0194,8.0225,6.315,11.969,0.0139,0.38,0.0349,803.0,14030.0,0.111,0.091,0.262,2.8,0.671,0.7049,0.0973,0.6193,0.4447,0.6147,0.795,0.1162,6.71,12.09,12.747,0.378,14.88,11.39,25.693,82.339,0.1129,0.0547,0.0335,0.0121,0.0947,0.084,0.0661,0.0804,4.8077,0.088,0.0016,129.5966,0.07238402430067553,977.3463838885514,0.0185,0.0138,0.04614577694775507,0.0326,153.1511,2.4142,0.0372,0.3667,0.0884,2.2514,23.8613,39.8351,70.1873,0.0283,1.7918,0.08085,1.9476,0.1061,0.0127,363.0376,149.5892,1027.009,6724.4755,0.0551,0.0421,0.1117,0.922,0.0416,0.2029,0.2837,0.0369,0.0746,7.819,0.2822,4.7613,0.0362,2.0233,3.317,4.5706,0.1267,3.2764,4.8758,7.7516,27.5909,0.0281,0.0254,0.0153,0.005,0.0294,0.0468,0.0318,0.0368,1.8241,0.0283,0.0006,38.2716,0.022117786937034242,351.17070707106893,0.011043323276809278,0.0104,52.7956,0.7512,0.0119,0.1115,0.0304,4.0572,0.7145,3.468,4.2234,8.3526,2.5718,37.828,8.8588,16.1177,52.6653,2.7777,1.4317,3.0585,2.4473,54.2978,356.6345,8.4459,4.5803,3.6726,3.8147,48.2143,73.3333,20.4013,0.8471,1.1113,0.9644,0.4049,6.204,10.4587,2.497,13.3172,5.0121,1.8877,8.6169,2.2717,3.5998,5.4439,181.1411,3.5618,19.4794,87.6416,807.1492,0.0,44.6494,505.9098,247.2406,239.4928,157.8018,69.2756,2.1884,3.6254,0.1665,7.4858,30.32754397941251,0.0,50.9091,193.9394,10.932750274439668,3.4546,20.3178,0.1217,4.0477,5.8381,3.858,5.6541,76.794,18.36,0.86,7.9206,0.3945,56.4484,4.6488,1.1199,0.3072,0.0596,30.0409,4.98,0.0877,2.0902,0.0382,1.8844,15.4662,534.3264,1.5887,5.4,0.2039,1.8036,0.054,1.0106,12.833,0.0123,2.4684,0.0354,0.0266,75.1897
-1.0,2911.22,2204.2889,1.5549,86.1089,1.4439,-0.0094,-0.0042,196.609,15.3045,426.2342,0.9717,186.8051,12.5582,1.3997,-3547.0,-6195.75,1.32,2.0263,7.3878,73.6444,1.9889,0.1538,84.1675,9.004,64.0727,66.0271,86.4814,63.93999999999998,4.597,351.4754,151.8391,748.178,1.2157,135.5145,638.8291,185.7214,4.595,4.864,2822.0,0.9266,-2.8845,352.5255,9.9012,128.9545,10.6327,22.8845,31.0334,717.1446,146.7164,628.1964,130.5565,0.0043,-0.0247,-0.0374,-0.0209,-0.0177,-0.0515,-0.0514,7.6746,0.1333,0.9935,1872.7924,0.19037299773081962,8800.338738460183,0.1219,0.0288,0.0071,0.0929,0.45414685018529277,0.9553,741.167,0.9867000000000001,59.6879,0.6046,0.9736,6.236,15.55,4.413,15.57,15.56,1.182,0.7416,3.194,-0.8988,0.6289,2.2982,986.9524,107.0,79.3,59.6,27.2,487.2451,0.4202,0.1046,0.0523,0.0635,0.0164,6.1629,9.151,7.112,0.0106,0.25,0.0389,2045.0,14615.0,0.124,0.204,0.498,4.2,0.66,0.5264,0.0841,0.6249,0.4344,0.7404,0.537,0.1479,6.88,24.61,42.878,0.727,21.05,6.55,37.411,72.146,0.0828,0.055,0.0479,0.0435,0.0976,0.1165,0.0383,0.1265,5.5513,0.0703,0.0014,171.5624,0.06809889770137412,1206.3366216573902,0.0212,0.0097,0.05617286655784848,0.0118,63.9431,5.681,0.0228,0.2722,0.0852,2.7707,28.2923,25.3561,19.7391,0.1387,2.7188,0.0401,2.7903,0.0754,0.0184,912.5788,189.4842,482.8996,6979.443,0.0612,0.09505000000000002,0.2048,1.4301,0.0446,0.2281,0.1883,0.0352,0.1283,6.4491,0.1753,9.2888,0.047,2.2085,6.9055,16.5308,0.2189,2.2685,3.8725,11.3169,22.0512,0.0222,0.0258,0.0222,0.0215,0.0284,0.0577,0.0162,0.0551,1.8027,0.0241,0.0005,53.6174,0.02106520544454933,417.69269302962914,0.011542025031958019,0.0044,26.3457,1.6195,0.0098,0.0719,0.0309,4.9568,0.7733,4.8146,2.7239,2.3312,1.259215111510735,18.4703,27.0254,7.2443,59.793,1.6686,1.0913,1.9907,2.7778,33.0984,235.8875,9.3939,10.0679,6.7815,5.7031,115.6425,81.9364,18.8362,0.6254,0.9344,0.9753,0.2098,5.8695,4.8077,4.1843,12.1625,5.0769,3.8524,23.0873,5.4916,7.3426,7.6771,197.9733,5.2167,10.6815,55.2604,0.0,0.0,116.2325,466.2884,659.1231,74.3328,245.8698,72.3341,2.6263,2.9789,0.138,9.1608,31.24991823687469,0.0,57.2133,980.6452,12.654266763866172,1.2401,8.6274,0.25379999999999997,9.5179,4.3647,3.7054,6.214,76.12,18.7,0.85,8.2747,0.3557,14.0102,4.6254,1.1167,0.2489,0.0455,24.6378,9.02,0.2519,3.5639,0.096,3.3979,35.6152,536.5927,2.1566,6.82,0.4432,2.3058,0.1331,1.271,20.5512,0.0153,3.067,0.0104,0.0185,178.0405
-1.0,2984.93,2177.4333,1.3321,84.34660000000002,1.3471,-0.0089,0.0135,198.5826,15.961,424.6136,0.9759,188.7828,12.4784,1.4322,-3839.25,-1067.25,1.27,1.9817,7.2503,73.9444,2.5,0.199,84.0447,8.941,64.1636,65.9873,86.2164,80.48,2.6,349.7618,145.5445,739.7118,1.2576,139.3945,634.7009,184.7557,4.538,4.772,2852.0,0.9306,-4.7682,350.9527,10.2153,120.7764,12.0564,24.7682,32.6371,707.0747,150.9155,622.6445,117.7499,-0.0122,-0.0464,0.0144,0.0029,-0.0161,-0.0003,0.0253,7.6084,0.1277,0.9911,1826.5261,0.17936683096221018,8790.133357098768,-0.1562,0.0419,0.0296,-0.0171,0.4588421107728864,0.9532,755.358,0.9892,58.5285,0.613,0.9635,6.2961,15.55,4.413,15.57,15.56,1.182,0.7416,3.194,-0.8988,0.6289,2.2982,986.9524,200.0,149.5,64.3,26.599799999999988,717.9661,0.2352,0.1668,0.0721,0.0669,0.0103,7.2555,5.902,4.861,0.0075,0.3,0.0307,1113.0,17919.5,0.089,0.148,0.082,3.8,0.536,0.8623,0.0831,0.6194,0.3002,0.6331,0.555,0.1266,9.9,19.53,79.626,0.905,22.63,10.69,30.9449,117.047,0.0947,0.0701,0.0161,0.0476,0.0948,0.0907,0.0999,0.0317,3.0765,0.075,0.0016,135.4246,0.042190602833806046,1008.6691416056256,0.0184,0.0157,0.03386862127766471,0.023,169.5419,3.2091,0.0159,0.3157,0.0852,2.7707,35.5939,48.4497,21.1376,0.0643,2.6329,0.0528,2.1033,0.0738,0.012,526.8605,93.2894,192.7302,8994.62525,0.0373,0.0681,0.0373,1.2208,0.0609,0.1819,0.3681,0.0352,0.0529,6.3801,0.1926,9.3789,0.0389,2.9304,5.6686,25.2362,0.2425,2.9751,3.1147,9.9433,35.7123,0.0238,0.0322,0.0069,0.022,0.032,0.0485,0.0457,0.0134,1.1301,0.0231,0.0004,49.5349,0.013472180975017858,340.18513084504417,0.011108968922900385,0.0087,55.2661,0.9527,0.006,0.1074,0.0309,4.9568,0.7733,9.053150000000002,5.0085,2.6435,1.259215111510735,24.3718,17.6584,12.3817,36.9776,1.1448,0.7727,2.4042,2.1457,11.0438,0.0,7.0079,7.4681,1.131,5.139,72.0,87.4372,16.3376,1.026,0.9293,0.9653,0.294,6.047,11.1856,4.2656,10.0662,7.1021,3.077,43.098,6.5349,8.8593,17.537999999999997,187.7018,4.3765,26.1532,99.403,776.2295,0.0,331.1304,0.0,565.109,0.0,125.0493,40.4358,1.8791,3.1851,0.1656,7.4143,29.806045187442663,703.6415,30.5677,0.0,7.960967074752732,2.4112,22.4452,0.1342,5.483,5.0138,3.7054,6.214,73.254,14.53,1.33,6.7381,0.5058,27.0176,3.6251,1.8156,0.7661,0.1838,57.0019,6.32,0.1306,2.3302,0.0593,2.4391,20.8127,537.1318,2.2109,8.44,0.4007,2.8748,0.1483,1.5713,18.1222,0.0118,2.3612,0.0191,0.0123,64.6789
-1.0,2987.19,2191.5,0.9431,97.72,1.4197,0.0026,-0.0023,196.9179,12.7241,416.7496,0.9724,186.9755,12.3557,1.4119,-2847.0,-1255.25,1.3385,1.9805,7.195,72.1556,2.2778,0.1746,84.0773,9.065,64.0426,66.0862,86.3325,77.37,2.478,368.91,126.0527,736.7704,1.0442,143.3045,638.2673,66.7512,4.658,4.905,2864.0,0.9204,3.3573,366.6418,10.9242,109.41,9.0228,16.6427,21.6069,715.1634,153.1927,629.2445,95.1568,0.0086,-0.0333,-0.043,-0.0206,-0.0272,-0.0073,-0.0527,7.6684,0.1277,0.9927,1802.9606,0.18435322914850316,8621.789751273409,-0.0625,0.0233,-0.0386,-0.1522,0.4676118251825666,0.9436,730.7202,0.99,56.2351,0.6217,0.9657,6.3367,15.5,4.523,15.59,15.56,1.522,0.7471,3.321,-0.9934,0.6652,2.2954,985.77,126.0,104.9,69.6,59.8999,678.285,0.2456,0.1428,0.0377,0.0555,0.0154,2.8956,6.774,6.463,0.0097,0.25,0.0363,675.0,3253.0,0.192,0.075,0.377,3.8,0.652,0.7106,0.242,0.6098,0.3182,0.6666,0.686,0.0862,5.62,12.77,25.063,0.491,8.29,6.53,16.325,50.64,0.1185,0.0631,0.0246,0.0381,0.1093,0.1286,0.0756,0.0673,3.3684,0.0663,0.0009,90.6754,0.05061411019932824,955.4484212371729,0.025,0.0149,0.05395493072666166,0.0246,137.1106,1.6489,0.0285,0.487,0.0838,4.2929,30.2483,35.3224,24.3698,0.0722,3.2619,0.0557,1.9479,0.0518,0.013,330.1984,191.4896,2868.8096,1387.9254,0.0804,0.0344,0.166,1.1337,0.0431,0.1898,0.2754,0.092,0.0439,7.0746,0.1822,3.6145,0.0259,1.7616,3.6718,7.9443,0.1321,1.9222,2.2076,4.6962,17.5396,0.0343,0.0272,0.0114,0.0172,0.0317,0.0693,0.0385,0.0329,1.2668,0.021,0.0003,28.1998,0.014539145646268278,348.33869149363795,0.012257494395472354,0.01,49.6921,0.505,0.0088,0.1544,0.0297,5.1303,1.3148,5.8359,3.5117,2.7699,2.7333,59.0884,26.0458,10.0587,53.2376,1.5508,1.0003,2.0234,2.5681,231.0151,259.1516,14.3444,3.7869,5.2397,5.2664,79.0244,85.3596,19.2393,0.8452,2.6702,0.9522,0.2657,5.7494,11.8998,1.8236,8.2507,3.9217,2.0007,37.5469,1.9581,4.4946,8.9571,91.8789,2.2827,19.2833,53.2174,0.0,618.59025,88.6562,530.5825,471.9266,0.0,127.704,43.9254,1.8791,2.8198,0.087,5.0293,29.26496774336391,903.0303,62.9442,928.0,11.648524424278794,2.6104,18.7638,0.0863,2.9321,7.6858,3.6525,10.7164,73.254,14.53,1.33,6.7381,0.5058,27.0176,3.6251,1.8156,0.3553,0.0929,32.3812,8.96,0.163,3.2355,0.0597,3.2496,25.2431,534.3936,1.9098,9.13,0.3669,3.2524,0.104,1.7085,19.2104,0.0154,3.0896,0.0055,0.0205,255.5817
-1.0,2970.42,2191.5,0.9431,97.72,1.3264,-0.0018,0.0067,197.3694,11.3795,403.4137,0.9732,187.4671,12.4096,1.4075,-2987.5,-477.25,1.262,2.0175,7.2343,72.6556,2.2222,0.1628,88.2693,7.64565,65.0056,66.396,87.2358,80.85,4.155,363.2545,139.7964,748.5756,1.2737,143.2418,646.2927,171.8575,4.4879999999999995,4.747,2918.0,0.9097,-2.6591,362.45,10.5299,117.1373,19.61,22.6591,33.3483,715.2273,147.0955,626.6827,125.7635,0.0146,-0.0134,-0.0703,-0.0045,-0.0179,-0.0164,-0.0776,7.6271,0.1351,0.9915,1814.1019,0.2338,9288.2701,0.1347,-0.0037,-0.0007,0.0913,0.43932424767955425,0.9432,658.4101,0.9896,58.2359,0.6085,0.9608,6.4724,15.55,4.413,15.57,15.56,1.182,0.7416,3.194,-0.8988,0.6289,2.2982,986.9524,176.0,88.4,37.3,59.8999,678.285,0.2456,0.1221,0.0413,0.0611,0.0139,3.1247,4.286,3.679,0.0095,0.3,0.0466,1231.0,2409.0,0.159,0.13,0.128,2.7,0.686,1.153,0.1057,0.4827,0.2214,0.944,0.64,0.2101,5.62,14.79,47.077,1.266,20.57,10.67,19.546,158.96999999999997,0.0979,0.0662,0.0663,0.0402,0.0933,0.0932,0.0326,0.0901,3.3701,0.0347,0.0005,101.1384,0.0649,648.3994,0.0147,0.0263,0.052831252689380104,0.0102,97.3195,4.1165,0.0279,0.2791,0.0852,2.7707,39.9928,30.7647,11.6625,0.0722,3.2619,0.0404,1.3562,0.0913,0.0189,507.1919,145.4198,1429.3575,1115.664,0.0719,0.0564,0.0558,0.8777,0.0491,0.2488,0.4707,0.0418,0.0485,7.5973,0.2188,4.2955,0.0554,1.6917,4.3481,13.0277,0.3429,2.833,3.9833,5.7175,50.93910000000001,0.0264,0.0278,0.0288,0.0188,0.0251,0.0525,0.0151,0.0389,1.1864,0.0116,0.0002,32.3881,0.0208,206.342,0.01189571788989166,0.0033,26.8035,1.2664,0.0094,0.085,0.0309,4.9568,0.7733,8.0236,2.976,1.4954,2.7333,59.0884,26.0458,9.2051,37.6641,0.912,0.9766,2.4175,3.3087,115.3808,504.7669,12.599,6.4436,1.7694,3.7162,90.0,90.3072,20.1422,1.0918,1.3907,0.6338,0.6795,6.5822,10.4509,2.2527,16.496,3.9234,2.2884,27.393,1.9551,12.0229,4.4051,104.8956,2.7328,21.9973,127.4089,668.5446,0.0,57.1632,0.0,520.6704,199.3884,116.0709,44.1855,1.7765,1.4115,0.0543,5.5751,27.7845,0.0,43.2133,0.0,12.253805949484281,1.0818,14.781,0.1005,7.0687,4.3115,3.7054,6.214,81.62,17.5,2.17,7.7504,0.88615,35.7838,4.4054,2.9958,0.3553,0.0929,32.3812,4.98,0.0877,2.0902,0.0382,1.8844,15.4662,536.9836,1.8675,7.47,0.222,2.5609,0.0674,1.3911,11.8876,0.0161,3.2243,0.0055,0.0205,255.5817
-1.0,3190.97,2181.1889,2.1195,108.14,1.3976,0.0102,0.0043,198.3192,11.7847,412.8539,0.9685,188.4248,12.6037,1.4109,-3395.5,-641.75,1.356,1.997,7.4597,73.1111,2.3667,0.1796,86.7657,8.451,63.9931,66.0272,87.0768,80.66,2.958,363.4509,128.4591,733.4141,1.4201,146.0445,637.9545,179.9986,4.566,4.812,2888.0,0.9187,15.64135,334.2809,11.195750000000004,135.43,22.5675,16.775,42.99620000000001,667.3564000000002,150.0855,619.7964,94.0853,-0.004,-0.0383,-0.0566,-0.018,-0.019,-0.0204,-0.0647,7.0842,0.1402,0.9928,1838.9694,0.1652,9288.4699,0.073,-0.0902,-0.076,0.0349,0.43409215881969354,0.9278,795.1223,0.9892,59.647,0.6101,0.9784,6.2627,15.55,4.413,15.57,15.56,1.182,0.7416,3.194,-0.8988,0.6289,2.2982,986.9524,63.0,121.0,166.4,51.3999,320.2949,1.0612,0.23175000000000004,0.0682,0.068,0.018,7.1369,5.24,6.927,0.0133,0.23,0.0453,452.0,2652.0,0.269,0.178,0.171,3.7,0.574,0.6521,0.1031,0.6666,0.4115,0.7402,0.896,0.2203,6.51,14.28,36.982,1.5694999999999997,17.88,8.28,50.50850000000001,72.359,0.0842,0.0518,0.0301,0.0247,0.1156,0.1162,0.1036,0.0673,2.5141,0.0902,0.0014,88.9279,0.0406,687.7998,0.0129,0.0122,0.016907472360983944,0.052199999999999996,123.7153,4.1456,0.0134,0.3815,0.0852,2.7707,18.2643,47.8396,63.4152,0.36060000000000003,2.1656,0.08085,1.5773,0.0635,0.0193,236.5939,141.3916,337.1197,1090.9129,0.1111,0.0889,0.0777,1.1752,0.0455,0.1968,0.2758,0.0428,0.1074,8.0467,0.2536,3.5453,0.0657,2.3029,3.6297,13.5633,0.45265,3.4114,6.425799999999999,15.979750000000005,19.3995,0.0266,0.0234,0.0136,0.0117,0.033,0.0613,0.0529,0.0297,0.9018,0.0287,0.0004,33.7603,0.012,218.5716,0.01664847583797284,0.018000000000000002,37.3275,1.1633,0.0057,0.1282,0.0309,4.9568,0.7733,2.9369,3.792,6.7082,2.3565,23.9224,58.2515,16.1177,44.4643,1.6778,1.3704,1.8249,3.2086,21.7641,413.245,19.8378,8.9134,2.2923,5.0608,71.831,80.198,17.2108,0.7516,1.2206,1.0417,0.4189,7.1454,10.9373,1.8411,15.5152,4.4575,2.2384,20.5457,3.2185,15.138300000000001,17.537999999999997,79.2288,7.166999999999998,47.129650000000005,76.9079,0.0,618.59025,43.6203,643.787,610.7753,507.8431,104.0588,35.4892,1.7827,3.7141,0.1406,4.8357,24.5562,0.0,29.5931,387.6289,12.155617160528696,5.5677,15.5593,0.1959,6.9502,6.0913,3.7054,6.214,75.87,15.3,1.35,7.5118,0.5421,74.6683,3.7447,1.7794,0.2327,0.0678,21.4914,3.07,0.1732,1.2008,0.0665,1.1665,22.3349,525.6236,2.034,10.76,0.3671,3.415,0.1198,2.0471,18.0469,0.0191,3.8397,0.0371,0.0125,33.6823
-1.0,2977.92,2192.7556,1.7393,118.08009999999997,1.3699,-0.0021,0.0082,196.2391,12.6516,412.1643,0.9741,186.2888,12.5422,1.4381,-4143.25,-247.0,1.3182,1.9785,7.329,73.6333,2.5556,0.2144,86.4072,9.4749,64.2671,65.8154,87.4597,79.79,2.705,347.3445,141.2491,731.7243,1.3314,142.8173,631.4109,211.7951,4.602,4.832,2820.0,0.9317,0.6055,348.5918,10.2231,121.8545,8.3091,19.3945,26.314,705.4103,152.6555,623.1018,113.5777,0.0074,-0.0261,-0.021,-0.0114,-0.0245,-0.0039,-0.0571,6.7408,0.1388,0.9857,1863.5193,0.1888,9109.5299,0.0343,-0.0028,-0.0263,-0.0255,0.4395038510695237,0.9501,786.2472,0.9896,55.9835,0.6019,0.9667,6.2695,15.55,4.413,15.57,15.56,1.182,0.7416,3.194,-0.8988,0.6289,2.2982,986.9524,115.0,218.5,203.8,54.7,44.993,1.0612,0.0986,0.0454,0.0756,0.0141,2.9956,14.811,7.754,0.0088,0.38,0.0942,463.0,516.0,0.074,0.176,0.251,3.3,0.423,0.823,0.0977,0.5296,0.3123,0.7828,0.574,0.1421,7.77,18.85,40.511,0.407,16.48,15.6,27.955,79.043,0.0988,0.0735,0.0197,0.0432,0.1159,0.1444,0.107,0.0628,4.4138,0.0621,0.0034,100.627,0.1254,1420.0,0.012,0.0218,0.05937885218903341,0.0246,139.6306,1.6386,0.0379,0.4624,0.0852,2.7707,28.2828,68.6103,67.9151,0.36060000000000003,2.3376,0.0322,4.0281,0.1116,0.0364,215.4196,165.2049,1331.507,223.3473,0.0339,0.0736,0.1165,1.0235,0.0364,0.1397,0.3088,0.0361,0.0678,6.4327,0.1722,9.3519,0.0426,2.2344,5.5713,11.309,0.122,4.0432,4.7136,9.7102,24.5256,0.0264,0.0315,0.0092,0.0183,0.0331,0.0746,0.0557,0.0287,1.2363,0.0194,0.0009,34.8115,0.0374,405.1257,0.013799241682962959,0.0068,40.9403,0.5305,0.0134,0.1595,0.0309,4.9568,0.7733,5.0766,7.3373,8.0288,2.4946,5.1877,64.9361,7.1976,117.0679,1.8813,0.9055,3.0298,6.554,70.7898,208.9069,5.6135,8.8956,3.4248,4.4817,35.2174,52.228,12.6769,0.9525,1.0316,0.8241,0.1196,6.4576,9.5505,4.2288,10.6752,5.4405,2.9854,19.1275,7.1569,3.9812,17.537999999999997,198.3372,3.9629,19.224,69.5938,0.0,0.0,205.7143,0.0,588.787,0.0,109.9344,65.4789,4.5389,2.574,0.3426,5.3998,63.31987047269746,0.0,64.5161,0.0,12.957932743682097,2.5924,17.7591,0.059,2.9269,7.3749,3.7054,6.214,71.892,16.63,1.03,6.9184,0.4708,54.8772,4.0994,1.4327,0.2489,0.0455,24.6378,4.98,0.0877,2.0902,0.0382,1.8844,15.4662,532.1618,2.1401,7.11,0.4659,2.4357,0.1286,1.3361,21.7713,0.0135,2.7156,0.0371,0.0125,33.6823
-1.0,3042.12,2195.4444,1.5978,85.1011,1.3829,-0.0019,0.0017,197.1153,12.9499,413.0978,0.9717,187.5079,12.5269,1.4064,-5829.0,-1808.75,1.3302,1.9882,7.1635,72.0778,1.4778,0.1182,84.078,8.9605,64.1054,66.0683,86.4061,79.09,2.799,368.0964,128.8873,738.9984,1.0511,143.2191,640.2027,66.7214,4.658,4.905,2864.0,0.9204,4.7545,367.9245,10.7373,113.6418,6.6745,15.2455,19.4363,719.5621,151.9618,633.5282,96.0189,-0.024,-0.0497,-0.0335,-0.0021,-0.0302,-0.0172,-0.0465,8.3658,0.1277,0.9907,1703.3708,0.2033,8224.6899,0.0247,0.066,-0.0321,-0.003,0.43503442551683225,0.9515,709.1509,0.9899,56.7563,0.6101,0.9636,6.4019,15.55,4.413,15.57,15.56,1.182,0.7416,3.194,-0.8988,0.6289,2.2982,986.9524,126.0,184.2,221.1,26.599799999999988,627.6799,0.1857,0.23175000000000004,0.0573,0.0701,0.0131,3.5903,7.459,5.526,0.0111,0.35,0.0417,631.0,17135.0,0.055,0.115,0.165,4.1,0.761,0.7797,0.0866,0.5089,0.3349,0.7614,0.496,0.1827,6.84,6.91,31.284,0.38,8.44,9.06,16.312,47.428,0.0932,0.0555,0.03,0.0374,0.1072,0.1252,0.1051,0.0536,3.4051,0.0811,0.0015,113.7875,0.1254,466.0996,0.0115,0.0135,0.04106081615628257,0.0152,63.3128,2.0768,0.0252,0.4706,0.0852,2.7707,30.2483,64.8495,70.0096,0.0642,1.8942,0.08085,2.8321,0.1091,0.0154,275.2058,110.1646,3906.7568,8109.9476,0.0267,0.0532,0.0761,1.2921,0.0456,0.2314,0.318,0.0392,0.0537,7.6244,0.1798,3.7801,0.0515,2.21,2.0277,9.832,0.1297,2.7215,3.6721,5.1388,17.9776,0.0254,0.0232,0.0137,0.0158,0.03,0.0591,0.0487,0.022,1.1902,0.0295,0.0006,37.3225,0.0374,129.6545,0.009228144816690561,0.0054,17.9384,0.6511,0.0081,0.1531,0.0309,4.9568,0.7733,5.8359,6.055,9.0442,1.259215111510735,21.5388,11.62,16.1177,57.5989,1.3377,1.146,2.794,2.9621,154.9494,878.8110999999999,4.1346,5.784,2.3033,5.6883,81.203,109.1165,22.4985,0.9274,0.9664,0.7938,0.4081,6.6776,12.9571,1.8123,17.3773,4.7759,1.0793,46.8875,1.9581,3.5391,7.2421,126.4512,2.2669,16.6064,49.3944,388.9411,0.0,111.6418,0.0,414.2266,611.0465,115.2688,40.7025,1.8791,3.3073,0.1559,6.6801,63.31987047269746,0.0,39.4521,552.1127,8.931197199752463,1.5975,8.928,0.1296,3.6592,7.3512,3.7054,6.214,73.544,21.53,1.14,8.5091,0.4188,48.0383,5.3872,1.5501,0.2327,0.0678,21.4914,4.98,0.0877,2.0902,0.0382,1.8844,15.4662,534.3936,1.9098,9.13,0.3669,3.2524,0.104,1.7085,19.2104,0.0125,2.5118,0.0239,0.0104,43.5641
-1.0,3070.74,2181.1889,2.1195,108.14,1.3508,0.0046,-0.0066,196.4058,12.2875,411.6915,0.9783,186.7469,12.651,1.4052,-4477.0,-98.75,1.2942,1.995,7.2072,72.5667,1.9667,0.1613,85.9625,8.7552,64.1204,66.2133,86.438,78.72,3.074,368.1864,138.1264,746.9188,0.8804,133.0745,639.3873,123.4655,4.574,4.85,2884.0,0.9202,-0.2709,364.3218,10.5896,117.8555,10.4146,20.2709,25.1055,721.8133,146.7955,628.9727,130.2585,0.0031,-0.0349,-0.0402,-0.0217,-0.0317,-0.016,-0.0594,8.4617,0.1452,0.9781,1849.957,0.19279532583069148,9205.504759325675,-0.0107,0.04,0.0132,0.0382,0.44690350806779755,0.9423,809.423,0.9897,58.0887,0.6218000000000002,0.9811,6.3634,15.5,4.523,15.59,15.56,1.522,0.7471,3.321,-0.9934,0.6652,2.2954,985.77,113.0,219.8,208.9,51.3999,320.2949,1.0612,0.2183,0.0396,0.0499,0.0055,3.5733,6.969,8.49,0.0055,0.25,0.0457,519.0,17919.5,0.055,0.04,0.231,3.1,0.172,0.7793,0.0421,0.4885,0.2656,0.6352,0.775,0.0987,6.17,16.13,29.987,0.531,15.33,6.16,18.7859,99.144,0.094,0.0552,0.0438,0.0183,0.0966,0.0946,0.0609,0.0807,2.1293,0.0698,0.0107,171.5514,0.05854657569092361,1075.377436187045,0.0108,0.0249,0.027895073196508108,0.0085,120.8694,4.0518,0.0275,0.2856,0.0838,4.2929,27.7689,82.0827,79.3182,0.36060000000000003,2.1656,0.08085,2.2335,0.0571,0.0176,230.2482,140.6257,612.0997,8994.62525,0.0243,0.0183,0.1048,1.1269,0.0497,0.0542,0.2831,0.0168,0.1038,7.9792,0.286,4.6242,0.0284,1.8941,4.385,8.767,0.1405,2.0225,3.0668,5.5541,32.9641,0.0247,0.0256,0.0201,0.0091,0.0309,0.0499,0.0326,0.037,0.7883,0.0248,0.0029,51.7347,0.017856086327485213,318.9393650057117,0.005528392820657607,0.003,35.4197,1.2567,0.01,0.0881,0.0297,5.1303,1.3148,5.2354,7.1579,8.3582,2.3565,23.9224,58.2515,16.1177,56.7164,2.0622,0.5593,1.9761,3.2494,28.7916,0.0,4.2496,2.005,3.2051,4.2719,61.0169,100.4132,5.243,0.9066,0.481,0.7618,0.377,6.2523,10.6352,2.4542,11.2091,4.6365,2.5227,24.2878,2.211,5.0143,8.731,147.1975,2.6026,12.7956,76.1133,0.0,368.0,45.5224,445.0331,298.1875,380.0312,135.973,25.1641,3.5807,2.9185,1.0987,9.2733,29.20778956104988,0.0,35.8056,688.3721,6.929827454415673,0.8989,14.9328,0.0688,6.9752,4.4876,3.6525,10.7164,73.864,10.74,0.52,4.4003,0.2228,71.4683,2.6543,0.704,0.2327,0.0678,21.4914,7.9,0.3378481311764915,2.9554,0.1352392452747727,3.1116,38.05341532073962,526.2355,2.1114,8.15,0.2497,2.8447,0.0728,1.5487,11.8247,0.0148,2.9621,0.0049,0.0123,248.6235
-1.0,3002.54,2182.5555,1.211,112.2922,1.2634,0.0052,-0.004,196.8602,11.9019,413.3802,0.9766,187.0188,12.648,1.4235,-3667.25,-1140.0,1.096,1.7945,5.1753,66.7222,1.9,0.1453,85.4593,8.7326,63.9602,66.2215,86.441,78.98,3.128,351.1809,142.6855,735.1069,1.2586,135.2173,629.0836,216.3488,4.4879999999999995,4.71,2828.0,0.9091,-2.8555,351.5118,10.3005,119.83,15.0036,22.8555,30.1789,704.928,142.7382,614.08,112.3859,0.0306,-0.0365,0.0013,-0.02,-0.0184,-0.056650000000000006,0.0176,7.6501,0.1292,0.9904,1799.7156,0.1859,9033.72,0.23764999999999997,0.0577,-0.1004,0.0485,0.45825827009753606,0.9588,777.0182,0.9893,60.0488,0.61,0.9654,6.3768,15.51,4.133,15.54,15.47,1.102,0.7157,3.204,-1.277,0.6799,2.3025,986.7484,109.0,102.3,90.7,57.6001,376.173,0.6685,0.1347,0.0687,0.0473,0.0083,3.9535,7.225,7.715,0.0057,0.22,0.02,450.0,880.0,0.08,0.051,0.35,1.5,0.205,0.5349,0.1591,0.5057,0.3306,0.6916,0.521,0.0846,4.78,16.4,57.015,0.227,14.7,3.05,27.849,55.582,0.0956,0.0518,0.0673,0.0585,0.1332,0.0815,0.0372,0.0461,3.8866,0.0408,0.0011,136.1191,0.0819,703.0996,0.0279,0.0191,0.05611382693521025,0.0101,93.3546,2.3542,0.0202,0.319,0.0861,3.9777,28.124,29.3111,31.2759,0.1908,0.9259,0.0435,2.2901,0.0562,0.0077,184.0333,55.2841,104.3947,413.9098,0.0344,0.0213,0.1625,0.4684,0.0279,0.0557,0.2192,0.0647,0.1356,5.6773,0.1728,7.5867,0.0279,1.6278,5.494,20.0242,0.076,0.9976,1.5591,8.5455,17.2698,0.0279,0.023,0.0312,0.0258,0.0376,0.0437,0.0171,0.0199,1.3735,0.0156,0.0003,46.748,0.0236,246.1693,0.014020364567522408,0.0035,29.4592,0.7151,0.0072,0.1067,0.0306,3.218,1.4167,5.0357,3.4071,3.5571,2.6391,29.8292,55.1993,10.6618,60.7045,1.8663,0.5818,1.7394,1.4071,6.9534,77.193,7.2993,2.842,6.763,2.2481,42.1053,61.2385,4.3509,0.6259,1.8213,0.7906,0.3498,5.6922,2.523,3.2534,6.7199,3.5351,2.607,26.3533,4.0489,2.2038,3.9723,97.9765,3.9506,9.6829,49.4564,312.4821,618.59025,0.0,667.4601,443.5374,52.8034,261.5603,50.8048,2.1676,1.6869,0.1062,7.5634,44.0536,0.0,51.3761,787.0968,12.375953595305765,1.0527,12.0145,0.1162,3.9205,5.003,3.7393,9.2152,71.76679819201189,16.95436180717328,1.177951247892159,7.5726874319431365,0.49540456846683667,55.726720491012905,4.229702370191066,1.673537912831757,0.327,0.0665,32.5471,6.15,0.1517,2.3662,0.0591,2.417,22.5697,531.9873,2.068,10.25,0.2424,3.4925,0.0906,1.9267,11.7201,0.0181,3.5944,0.0049,0.0123,248.6235
-1.0,3068.64,2192.7556,1.7393,118.08009999999997,1.4404,-0.005,0.0046,196.9707,12.7147,417.0155,0.9716,187.0809,12.4137,1.4123,-1363.875,-139.0,1.2545,2.016,7.2932,74.3889,2.4,0.2052,84.4599,8.5508,64.0917,66.1608,86.4687,86.12,2.427,355.98,145.0636,743.9442,1.2402,137.1009,638.1445,218.8733,4.562,4.796,2885.0,0.9305,3.8873,355.6664,9.9054,128.9509,6.2525,16.1127,23.3578,720.5864,148.1082,632.7255,111.1551,0.0026,0.0011,0.0041,-0.0362,-0.0138,-0.0221,0.0301,6.8512,0.1276,0.992,1879.1794,0.1733,8766.68,-0.0464,0.0753,0.031,0.0282,0.46071841187194296,0.9527,773.2555,0.9895,60.0258,0.6113,0.9798,6.2572,15.55,4.413,15.57,15.56,1.182,0.7416,3.194,-0.8988,0.6289,2.2982,986.9524,122.0,122.5,77.3,54.7,44.993,1.0612,0.1909,0.0378,0.057,0.0183,7.422,8.321,7.217,0.0118,0.26,0.0214,1205.0,1142.0,0.063,0.121,0.216,3.5,0.573,0.664,0.17,0.6315,0.38,0.8873,0.467,0.1224,8.24,11.74,69.272,0.76,9.51,5.59,28.97,48.917,0.1067,0.0423,0.0744,0.0867,0.1328,0.0856,0.0623,0.0558,4.2,0.0862,0.0034,113.608,0.0479,1159.2998,0.0095,0.0124,0.04132069686672163,0.0266,128.665,5.0993,0.0226,0.3797,0.0852,2.7707,34.2831,36.4021,28.2916,0.36060000000000003,2.3376,0.0686,2.6049,0.0714,0.0076,551.6946,126.3922,5823.189049999999,510.1385,0.0259,0.0591,0.1,1.2946,0.0772,0.1897,0.2489,0.0697,0.0605,5.0034,0.1415,6.9699,0.0416,2.5965,3.9623,22.3388,0.2476,1.9974,2.7538,9.007,17.9458,0.0291,0.0204,0.0356,0.0433,0.0335,0.0482,0.0279,0.0244,1.3879,0.0264,0.0009,35.9836,0.0131,472.1413,0.012905331596587076,0.0096,53.7555,1.5279,0.0087,0.1321,0.0309,4.9568,0.7733,5.5369,3.992,3.0945,2.4946,5.1877,64.9361,13.2535,65.4438,1.7306,1.2196,2.0945,1.516,0.0,821.5827,5.0219,6.002,2.9616,4.705,104.1667,121.8192,17.4176,0.7862,1.9887,0.9853,0.1008,4.9132,4.6738,2.9372,9.8718,6.0102,1.8397,31.6494,5.7609,7.6726,4.8701,152.0994,4.0203,9.9816,44.0079,0.0,618.59025,0.0,366.5344,620.2899,281.5819,185.2282,61.3028,4.941799999999999,3.5287,0.3397,6.0456,27.6703,0.0,55.9322,454.321,10.754565360385058,2.787,16.6394,0.1242,8.4952,6.0685,3.7054,6.214,73.254,14.53,1.33,6.7381,0.5058,27.0176,3.6251,1.8156,0.327,0.0665,32.5471,5.68,0.0936,2.2717,0.0359,2.134,10.9921,536.5927,2.1566,6.82,0.4432,2.3058,0.1331,1.271,20.5512,0.0111,2.1984,0.0068,0.028,255.5817
-1.0,2983.24,2187.9889,0.9065,97.6567,1.3573,-0.006,0.0085,193.4051,10.0122,404.0235,0.9755,183.0224,12.521,1.4235,-3587.5,-529.0,1.0943,1.7853,5.1025,71.1778,1.7667,0.1299,85.1237,8.1605,64.415,66.3805,86.629,84.56,2.759,365.1082,139.4491,748.7936,1.3071,137.6055,642.1627,196.7846,4.63,4.869,2861.0,0.9191,-3.2373,364.8945,10.5659,116.2118,18.1627,23.2373,30.2685,718.525,142.8936,624.0,106.3748,-0.0075,0.025,-0.0425,-0.0044,0.0404,-0.0133,-0.0535,7.6109,0.1276,0.9868,1658.4331,0.14755246188715765,8728.29294045187,-0.1892,0.0074,0.1137,-0.1177,0.42629239249372086,0.9393,739.9595,0.9889,59.7417,0.5757999999999998,0.9709,6.1246,15.71,4.149,15.77,15.73,1.465,0.6866,3.106,0.0,0.6567,2.3021,996.759,200.0,71.5,29.3,52.0,329.086,0.1327,0.0916,0.1026,0.0521,0.0174,12.316,5.813,11.303,0.0106,0.37,0.0343,414.0,1541.0,0.064,0.053,0.305,2.1,0.153,0.781,0.2361,0.5125,0.2893,0.9272,0.706,0.1786,4.25,13.54,61.068,0.647,18.8,13.95,23.228,37.138,0.0987,0.0453,0.0777,0.0127,0.0802,0.0874,0.0577,0.0617,3.165,0.0511,0.0016,61.8668,0.043325688439354304,1135.010006871869,0.0172,0.0234,0.05134672896860215,0.0275,136.415,2.5707,0.06409999999999999,0.2473,0.0548,1.9997,45.32809999999999,23.8196,11.7197,0.0439,2.674,0.0299,1.9943,0.1059,0.0135,189.28,52.7344,75.0044,652.9691,0.0278,0.0219,0.1569,0.7311,0.0232,0.043,0.2953,0.0985,0.1213,7.5403,0.2201,4.5097,0.0456,1.5015,3.8476,16.3388,0.1892,3.841,4.8414,6.9301,11.8864,0.0305,0.0208,0.0347,0.0056,0.0252,0.0465,0.028,0.0292,1.2289,0.0169,0.0005,18.6678,0.014986942701385134,403.57335835752735,0.012812816200319408,0.0101,49.2366,0.7703,0.0204,0.0688,0.0197,8.2601,0.7473,9.053150000000002,2.3967,1.1911,2.3766,30.0157,14.636,6.7489,58.0593,2.7976,1.0912,2.955,2.4074,4.7387,291.3043,5.8488,2.9688,5.9775,2.9504,33.9623,54.6621,3.2464,0.9175,2.8937,0.7956,0.0873,6.431,11.8108,2.4292,13.6642,3.0885,2.1085,31.0329,2.5122,6.1235,3.5969,103.5089,3.2327,9.4782,34.9124,0.0,112.1287,29.8824,0.0,216.3366,434.6516,115.3271,41.5853,4.941799999999999,2.164,0.1637,3.7304,29.609131927921933,0.0,52.6708,0.0,12.26563828462716,2.9229,18.4355,0.1972,4.303,4.0379,2.3819,5.3479,73.344,11.82,0.96,4.9317,0.4428,31.9377,2.889,1.3089,0.3823,0.0858,40.3018,6.06,0.1889,2.6385,0.0751,2.1957,29.4518,526.2355,2.1114,8.15,0.2497,2.8447,0.0728,1.5487,11.8247,0.0249,4.9406,0.0138,0.0162,117.7603
-1.0,3073.57,2217.4111,1.4802,101.3511,1.4234,-0.0045,0.003,196.7117,12.6488,409.9657,0.9792,187.1111,12.4784,1.4,-3793.25,436.5,1.2863,2.0035,7.3618,71.2,2.4222,0.2107,84.5602,9.193,64.0158,66.2301,86.313,81.13,2.067,364.7455,139.3291,748.2283,0.8881,136.99,641.0645,133.6459,4.646,4.897,2849.0,0.9257,-1.1627,365.3227,10.4144,118.1664,11.2145,21.1627,26.3724,721.8559,149.1809,632.67,105.0266,-0.0105,0.0026,-0.0324,-0.0037,0.009,-0.0096,-0.0714,7.5896,0.1284,0.9884,1822.7572,0.2022,8382.2999,0.0613,0.0577,-0.1,-0.0245,0.4581,0.9568,608.6508,0.9867000000000001,57.8267,0.6056,0.9603,6.447,15.55,4.413,15.57,15.56,1.182,0.7416,3.194,-0.8988,0.6289,2.2982,986.9524,136.0,144.6,85.7,55.5,328.512,0.1825,0.1935,0.038,0.0487,0.006,3.6005,8.667,9.369,0.0056,0.3,0.043,1547.0,950.0,0.233,0.135,0.402,2.2,0.673,0.3993,0.2272,0.603,0.2877,0.6709,0.529,0.1021,9.83,24.52,27.504,0.514,16.43,7.76,30.744,76.657,0.0862,0.0505,0.0246,0.0378,0.1059,0.0947,0.1197,0.0347,3.9907,0.06,0.0009,86.2507,0.0395,414.2998,0.0137,0.0225,0.0186,0.0109,41.5754,2.4127,0.0151,0.2864,0.0852,2.7707,32.7903,51.0773,29.2331,0.0584,2.2199,0.0789,2.5053,0.0738,0.0158,647.1019,316.441,1165.8071,423.9697,0.1092,0.0583,0.1748,0.9138,0.0556,0.2221,0.1651,0.0985,0.1202,6.354,0.1528,8.775,0.0287,2.9848,7.2316,8.9375,0.1415,2.4537,2.444,10.518,29.6349,0.0255,0.0219,0.0108,0.017,0.0302,0.0521,0.0588,0.0169,1.3574,0.0185,0.0003,26.7368,0.0104,144.3775,0.0056,0.0032,14.5468,0.8955,0.0054,0.0874,0.0309,4.9568,0.7733,6.0149,4.7046,3.3892,2.5029,31.8238,12.3273,13.594,68.5202,2.2853,0.5678,2.4042,3.0743,68.411,217.6403,18.1147,6.7382,5.4607,3.0899,45.4128,85.9177,19.4396,0.4722,2.4711,0.942,0.2279,5.5573,5.3471,3.768,11.5016,7.1757,3.8249,20.5798,7.0555,4.9355,7.7349,146.5067,4.259,14.0589,72.9882,819.9762,0.0,116.7568,0.0,0.0,0.0,48.5994,52.5817,2.4152,2.5102,0.094,4.7319,19.5226,0.0,32.7345,645.1613,4.0638,1.1397,6.8359,0.25379999999999997,4.1724,4.443,3.7054,6.214,73.254,14.53,1.33,6.7381,0.5058,27.0176,3.6251,1.8156,0.2327,0.0678,21.4914,4.98,0.0877,2.0902,0.0382,1.8844,15.4662,526.2355,2.1114,8.15,0.2497,2.8447,0.0728,1.5487,11.8247,0.0115,2.3235,0.0138,0.0162,117.7603
-1.0,2962.43,2201.2889,2.1366,118.08009999999997,1.4448,0.0042,0.0017,197.4565,13.4669,415.699,0.972,187.5979,12.5269,1.4041,-3223.25,-546.5,1.2995,1.9918,7.105,73.2667,2.2111,0.1599,83.8405,8.7164,64.3573,66.2013,86.3672,81.21,1.427,363.3982,140.4445,750.0849,1.298,145.8218,649.6645,172.3464,4.4879999999999995,4.747,2918.0,0.9097,-0.7418,363.0345,10.5456,119.7027,14.6909,20.7418,27.8256,722.2593,152.2364,634.9736,115.0192,0.0208,-0.0165,-0.0151,0.0083,0.0011,-0.0027,-0.0696,7.5106,0.1301,0.9917,1829.8594,0.1716,8632.4399,0.178,0.0307,-0.1011,-0.0746,0.43560735679428464,0.9485,647.8838,0.9895,58.2904,0.595,0.9677,6.3004,15.55,4.413,15.57,15.56,1.182,0.7416,3.194,-0.8988,0.6289,2.2982,986.9524,104.0,94.7,95.7,42.5,118.174,1.0612,0.1377,0.0388,0.0606,0.017,3.3635,10.507,5.554,0.0105,0.35,0.0465,2060.5,1077.0,0.165,0.21200000000000002,0.498,4.6,0.681,0.7184,0.0885,0.455,0.3017,0.6572,0.658,0.1864,9.56,13.19,26.145,0.382,10.72,8.57,20.4,55.433,0.16345,0.0731,0.0489,0.0499,0.16685000000000003,0.1374,0.0893,0.0561,5.9826,0.0341,0.0015,128.3752,0.019,662.4004,0.0178,0.0193,0.053293536567155714,0.0191,86.6883,3.8031,0.0411,0.5374,0.0852,2.7707,29.0426,35.0233,40.4635,0.36060000000000003,1.7009,0.0477,2.7424,0.1091,0.015,912.5788,129.2813,1089.6055,472.5537,0.0738,0.09505000000000002,0.2273,1.4663,0.03,0.2064,0.2733,0.0409,0.1014,6.6487,0.1712,4.8451,0.0618,3.0183,3.5241,9.0046,0.1302,2.8608,3.6393,6.3143,16.9326,0.0415,0.0336,0.0226,0.0226,0.0485,0.0657,0.045,0.0278,1.8732,0.01,0.0005,36.9286,0.007,246.9946,0.016465465978979476,0.0077,36.1015,1.2289,0.0145,0.1781,0.0309,4.9568,0.7733,4.8509,3.1967,3.7631,1.9307,11.6377,54.1937,9.5309,78.0209,1.3361,1.0753,2.794,3.3133,74.5831,197.0723,12.6972,10.417850000000001,7.544649999999999,6.2784,58.794,53.7874,20.3581,0.8569,1.0152,0.707,0.1319,6.0237,10.0823,2.5496,14.3641,6.5559,2.0303,15.17,1.9551,3.6224,5.6139,72.9705,2.8245,13.7936,48.1946,972.2005,406.6759,329.9174,0.0,0.0,0.0,80.6614,79.656,1.3377,1.459,0.1551,7.0156,11.0427,0.0,43.418,703.0303,14.166488734922893,2.0089,13.3802,0.1155,6.5243,8.5295,3.7054,6.214,74.498,11.99,1.41,5.229,0.5215,70.8405,2.9241,1.8927,0.5539,0.1031,50.554,4.98,0.0877,2.0902,0.0382,1.8844,15.4662,526.2355,2.1114,8.15,0.2497,2.8447,0.0728,1.5487,11.8247,0.0132,2.6392,0.0138,0.0162,117.7603
-1.0,2918.48,2204.6667,0.9152,103.9611,1.4174,0.0384,0.008,195.5345,14.4055,423.699,0.9727,185.6873,12.5582,1.4186,-3606.25,-1354.3333,1.2677,2.0308,7.3575,74.0444,2.4444,0.167,84.1675,9.004,64.0727,66.0271,86.4814,63.93999999999998,4.597,351.7273,151.5936,747.4,1.2,134.6173,637.9382,217.4366,4.629,4.882,2813.0,0.9286,-6.7227,353.42,9.8552,124.8709,9.5452,26.7227,34.9591,712.4409,151.4573,629.7482,132.1238,0.0199,-0.0094,-0.0283,0.0077,0.0277,-0.0068,-0.0771,7.8582,0.1452,0.9871,1701.5523,0.1813757242726065,9686.246434856972,-0.074,0.0046,-0.0012,0.0214,0.45985080305958626,0.9239,888.9527,0.9896,59.5625,0.5939,0.9733,6.2375,15.51,4.133,15.54,15.47,1.102,0.7157,3.204,-1.277,0.6799,2.3025,986.7484,152.0,143.0,159.8,56.7,408.0831,0.0811,0.1585,0.068,0.0531,0.015,6.3489,12.986,12.594,0.0105,0.25,0.0157,844.0,16320.0,0.118,0.174,0.16,3.4,0.933,0.5264,0.0841,0.6249,0.4344,0.7404,0.695,0.1113,10.63,23.41,40.443,0.553,17.92,6.22,37.884,119.768,0.0716,0.0553,0.0254,0.037,0.0626,0.1079,0.1195,0.0525,2.4374,0.0698,0.003,192.7689,0.06304268900203913,1254.7853808822958,0.0149,0.0168,0.053691152467260195,0.0263,173.0358,2.4643,0.0172,0.202,0.0861,3.9777,33.5981,45.848,56.5877,0.0283,1.7918,0.055,3.7287,0.0754,0.0056,374.9809,128.3001,309.8326,8201.7767,0.0514,0.0719,0.0774,1.1949,0.0324,0.2853,0.1883,0.0352,0.1283,7.5373,0.2437,9.1959,0.0307,2.7979,6.3152,12.1161,0.1427,2.1441,3.4519,11.2169,41.5029,0.0196,0.0252,0.0114,0.0157,0.0161,0.0517,0.0589,0.0243,0.8188,0.0248,0.0009,59.3795,0.019651634973965673,393.8106194192471,0.00981525104308497,0.0072,53.3196,0.7467,0.0059,0.0648,0.0306,3.218,1.4167,6.793,4.8998,6.3785,2.5718,37.828,8.8588,11.1822,90.1464,2.9724,1.0791,1.9907,1.1074,20.2149,0.0,9.3078,8.5683,2.1747,4.5918,77.7273,54.491,27.3367,0.6254,0.9344,0.9753,0.2098,6.7069,5.4158,4.0895,9.2792,7.8965,3.6696,18.5999,5.5784,5.6113,7.5198,187.7385,5.3175,13.2817,90.6483,359.686,449.5935,130.742,814.3089,389.8826,0.0,68.0493,31.0172,3.5807,2.9185,0.3013,11.329,30.384284276459084,0.0,27.9612,0.0,10.484589348181274,2.842,19.4651,0.1169,4.1373,3.2385,3.7393,9.2152,72.59,19.97,0.42,8.8373,0.1949,53.6194,5.1386,0.5786,0.1166,0.0272,12.2444,4.98,0.0877,2.0902,0.0382,1.8844,15.4662,536.5927,2.1566,6.82,0.4432,2.3058,0.1331,1.271,20.5512,0.0112,2.2371,0.0437,0.0388,136.2608
-1.0,2924.54,2190.7666,0.8017,84.34660000000002,1.3207,-0.0116,-0.0128,199.5963,18.0388,431.1893,0.9732,189.7948,12.3896,1.4034,-4147.25,209.75,1.2578,2.0205,7.2685,72.4,2.5444,0.2127,83.3726,8.7512,64.4292,66.1116,86.446,79.55,2.586,344.9691,140.9209,727.0601,0.9341,134.9255,620.8155,137.2522,4.605,4.834,2803.0,0.9332,0.4445,349.4755,9.9855,121.3655,9.4115,19.5555,26.4206,700.6395,142.4264,613.2673,159.765,-0.0224,-0.0295,-0.0616,0.0127,-0.0305,-0.0253,-0.0549,8.3931,0.1319,0.9872,1798.0777,0.18492643269505116,8874.29254676516,-0.0465,-0.0977,-0.024,-0.0396,0.4691493461837396,0.9537,778.1142,0.9889,58.7687,0.5855,0.9677,6.2559,15.88,3.403,15.9,15.81,1.925,0.5353,3.451,-0.7709,0.8705,2.3301,1010.0694,200.0,138.5,96.5,27.9001,1015.8822,0.1014,0.0401,0.0466,0.0579,0.0207,9.853,12.241,6.998,0.0125,0.23,0.0488,1495.0,514.0,0.138,0.058,0.369,4.5,0.994,0.4433,0.1044,0.4988,0.2631,0.5958,0.593,0.0614,6.97,22.13,20.082,1.301,17.13,10.58,30.001,150.598,0.1074,0.0742,0.0376,0.0185,0.0944,0.082,0.0776,0.0461,3.2471,0.0721,0.0004,66.3705,0.05881860573370565,1092.482909018557,0.0126,0.0093,0.06756734852478852,0.0147,87.0496,3.961,0.0222,0.3135,0.128,4.2447,35.5939,44.3841,26.5283,0.0332,3.2456,0.015,4.2824,0.0633,0.0161,613.7385,188.2363,895.5689,218.0296,0.0618,0.0254,0.1558,1.7003,0.051,0.3163,0.2147,0.0411,0.099,6.7892,0.1753,8.8593,0.0189,1.8798,6.8001,5.8623,0.45265,2.8349,3.1412,9.7291,50.93910000000001,0.029,0.0346,0.0161,0.0087,0.0284,0.0449,0.0384,0.0191,1.0921,0.0259,0.0001,17.8548,0.017920813439515945,371.2391638512794,0.011058047825623288,0.006,30.1621,1.2738,0.0075,0.0897,0.0436,6.3715,1.2835,9.053150000000002,4.7358,3.9367,1.2735,35.6365,12.6489,3.0362,67.8592,1.6229,1.2824,1.8564,3.4743,50.009,245.0536,10.972,2.8706,5.0767,6.2155,90.393,77.5862,30.8238,0.5317,1.1929,0.7742,0.3098,5.9947,9.8566,4.1305,6.5702,5.1658,3.5647,14.6315,7.4471,13.0288,17.537999999999997,182.0111,4.2819,26.0274,94.2622,479.5981,366.8727,30.0325,742.5762,268.8525,307.0227,83.8944,38.6877,2.0477,2.9756,0.0433,3.6912,31.251695894340006,865.1163,52.0885,251.4286,12.38765409658506,1.5448,11.1873,0.1563,6.74,5.0118,5.4933,11.0135,75.544,21.53,0.69,9.5904,0.293,24.7162,5.3813,0.9134,0.2019,0.0509,18.888,4.98,0.0877,2.0902,0.0382,1.8844,15.4662,528.7918,2.0831,6.81,0.4774,2.2727,0.1495,1.2878,22.9183,0.0138,2.7638,0.0148,0.0091,61.4005
-1.0,3107.42,2177.4333,1.3321,84.34660000000002,1.4119,-0.0053,0.0056,196.504,9.1036,411.1353,0.9723,186.6655,12.6037,1.4304,-4251.3333,1854.3333,1.2675,2.0078,7.2542,69.9667,2.0667,0.1703,87.0772,8.3823,64.2004,66.0609,86.9644,79.04,2.648,350.44,143.2664,736.2976,1.3053,135.4391,629.1455,206.3561,4.538,4.772,2852.0,0.9306,-1.5091,350.4364,10.1449,121.7573,10.8065,21.5091,28.1825,708.115,147.3009,619.4945,122.5998,-0.0286,-0.0262,0.0211,0.0162,-0.0149,-0.0216,0.0296,7.6951,0.1343,0.9914,1845.2409,0.18964892785535903,9318.195632051422,-0.0833,0.0279,0.0699,-0.0089,0.4407753073814761,0.9351,843.0966,0.99,56.5738,0.6005,0.9822,6.1254,15.88,3.403,15.9,15.81,1.925,0.5353,3.451,-0.7709,0.8705,2.3301,1010.0694,103.0,202.2,126.7,26.599799999999988,717.9661,0.2352,0.1837,0.0445,0.052,0.0153,4.934,5.274,10.749,0.0103,0.23,0.0212,281.0,17919.5,0.095,0.068,0.185,2.1,0.487,0.7101,0.1531,0.6607,0.4526,0.7958,0.58,0.1026,5.31,19.56,44.629,1.208,19.65,12.55,34.431,100.546,0.0942,0.0548,0.036,0.0641,0.1011,0.0694,0.0803,0.0546,2.0063,0.0811,0.0022,122.7334,0.05713369514332581,1086.5957795591225,0.011,0.0187,0.02789442337200737,0.0222,126.1402,2.2714,0.0522,0.2574,0.128,4.2447,26.5103,65.058,47.4949,0.0643,2.6329,0.0579,1.741,0.0635,0.0077,130.0112,165.1625,805.2331,8994.62525,0.0427,0.0352,0.0838,0.8031,0.0381,0.1624,0.297,0.0645,0.0721,6.6894,0.2293,9.3758,0.0371,1.5836,6.4652,13.7146,0.3287,3.383,4.0554,11.1581,36.2961,0.0277,0.024,0.0179,0.0295,0.0326,0.0366,0.0385,0.0253,0.7395,0.0295,0.0006,45.9278,0.015821031102148816,343.47792459375916,0.009800340603961715,0.0064,41.1402,0.7863,0.0174,0.0999,0.0436,6.3715,1.2835,4.6722,6.507,5.2689,1.259215111510735,24.3718,17.6584,13.0105,57.9329,2.6145,1.0556,1.8249,1.4814,37.0707,0.0,7.4951,3.3869,2.5502,3.0014,48.3871,76.3209,14.9555,0.8155,1.8268,1.0291,0.2628,5.5216,10.9237,4.422,7.8574,3.9206,3.109,21.6272,6.5349,11.9075,17.537999999999997,181.8351,4.8624,18.683,82.0115,329.1548,618.59025,304.1518,624.7972,464.9916,371.7593,184.4595,26.0724,3.3499,3.3073,0.2263,6.6513,31.848542579706802,0.0,23.816,0.0,6.82111853365758,2.3773,14.9615,0.0626,4.015,4.2016,5.4933,11.0135,73.254,14.53,1.33,6.7381,0.5058,27.0176,3.6251,1.8156,0.7661,0.1838,57.0019,4.98,0.0877,2.0902,0.0382,1.8844,15.4662,537.1318,2.2109,8.44,0.4007,2.8748,0.1483,1.5713,18.1222,0.0096,1.9228,0.0141,0.025,176.9394
-1.0,3033.22,2187.3444,1.5876,85.4189,1.316,-0.014,0.0007,197.1669,8.4107,414.0499,0.9718,187.4169,12.5596,1.404,-4401.5,3958.25,1.3055,1.9883,7.2513,73.9222,1.5556,0.1307,85.07,8.3845,64.3667,65.9729,86.8972,81.39,2.501,364.3518,134.6245,742.5533,1.3907,144.42,643.3964,229.7429,4.585,4.876,2879.0,0.9185,2.44,363.6736,10.5956,117.0645,14.4828,17.56,24.7969,717.7564,148.1755,628.9136,105.127,-0.0151,-0.0188,0.0082,-0.0032,-0.0176,-0.0235,0.0314,7.5718,0.1362,0.982,1732.694,0.19953937226682095,9112.770132869107,-0.1131,-0.066,0.0827,0.0259,0.43956125148493086,0.9484,784.4956,0.9897,57.626,0.6014,0.9628,6.4955,15.88,3.403,15.9,15.81,1.925,0.5353,3.451,-0.7709,0.8705,2.3301,1010.0694,121.0,148.5,128.8,26.599799999999988,614.2949,0.3585,0.2034,0.0894,0.10045,0.0164,3.4996,3.252,11.362,0.0112,0.24,0.0353,659.0,17919.5,0.154,0.083,0.18,2.0,0.504,0.5774,0.1081,0.5877,0.2247,0.6512,0.57,0.2079,4.47,15.56,81.623,0.733,14.86,7.95,18.657,74.47,0.1088,0.0864,0.0706,0.0733,0.0882,0.0829,0.0686,0.0522,4.2145,0.0754,0.013699999999999999,131.1781,0.06147693494268533,1052.429670355264,0.0126,0.022,0.00978431273062702,0.0157,60.9542,2.7346,0.0205,0.4091,0.128,4.2447,27.0516,52.4603,42.929,0.1132,2.8455,0.0614,1.2465,0.0754,0.0118,323.0614,190.4265,1184.1938,8994.62525,0.0631,0.0419,0.0835,0.616,0.0471,0.1757,0.2395,0.0423,0.1323,7.4166,0.1718,3.8851,0.0554,1.3348,3.9558,23.5664,0.213,2.4518,3.373,5.5556,24.9439,0.0275,0.0399,0.0308,0.0339,0.0285,0.0472,0.0366,0.0231,1.4536,0.0239,0.0046,43.7632,0.018380850000639423,334.39622715166246,0.011413166072250052,0.0061,19.1374,0.8288,0.0071,0.1281,0.0436,6.3715,1.2835,5.5064,4.8958,5.0584,1.259215111510735,21.3086,22.581,15.4565,38.6649,2.7441,1.1493,1.9109,2.5149,60.1613,660.3929,11.7962,4.1745,2.4823,2.7055,127.49480000000001,116.3265,15.199,0.6787,1.2892,0.913,0.2774,6.3592,10.9267,2.0312,14.9513,3.0951,2.4184,35.528,2.4082,6.9179,7.0559,102.6047,2.5994,13.8121,70.8381,722.6235,429.8507,764.9995,0.0,470.3546,292.2258,166.1098,55.6606,1.3948,3.0454,1.3944999999999999,7.5708,30.72465160399903,0.0,45.6853,495.7746,5.645857279462414,1.6517,7.7699,0.0847,4.7455,6.2989,5.4933,11.0135,73.268,7.754999999999999,1.14,3.591300000000003,0.4588,87.7482,1.8687000000000005,1.5559,0.3622,0.0851,32.2873,4.98,0.0877,2.0902,0.0382,1.8844,15.4662,536.4482,1.4106,7.05,0.1166,2.5361,0.0358,1.3142,8.2645,0.0241,4.8026,0.0236,0.0113,47.8577
-1.0,2989.59,2204.2889,1.5549,86.1089,1.4089,0.0447,0.0027,196.8566,15.3649,420.0638,0.9735,186.8526,12.5169,1.3841,-3595.5,229.75,1.0657,1.809,5.0393,74.5889,1.8111,0.1388,83.9888,8.886,64.1475,66.0072,86.2011,81.12,2.164,362.7882,136.9709,744.9977,1.3379,145.6173,645.3764,187.7574,4.57,4.772,2883.0,0.92,-3.45,363.2073,10.6828,113.5209,16.75,23.45,32.4091,712.5886,151.8982,628.6264,108.9445,-0.0003,-0.029,0.0042,-0.0077,0.0006,-0.0151,0.0143,7.2634,0.1338,0.9897,1692.1908,0.1975174208502113,8847.493942588178,-0.0721,0.0279,0.0413,0.0403,0.4448894966837209,0.9519,755.5239,0.9867000000000001,58.653,0.6053,0.9784,6.2366,15.53,4.166,15.59,15.54,1.324,0.7072,3.211,-0.7569,0.7076,2.3058,984.0379,123.0,79.5,79.4,27.2,487.2451,0.4202,0.1998,0.0757,0.0448,0.0171,6.3657,7.778,11.006,0.0103,0.29,0.0536,659.0,565.0,0.093,0.065,0.185,3.8,0.08,0.8153,0.128,0.606,0.3099,0.7251,0.655,0.1548,7.87,12.82,91.396,0.391,12.84,6.11,17.97,91.159,0.066,0.0631,0.0304,0.0779,0.0985,0.1072,0.0633,0.0535,3.9487,0.0845,0.0022,194.6327,0.06629326695634546,1164.210241831743,0.0123,0.0127,0.05175567951097193,0.0153,103.0555,4.5266,0.022,0.4272,0.0838,3.2183,30.4082,27.0517,24.1057,0.1387,2.7188,0.065,2.6539,0.0867,0.0175,297.9445,66.5601,153.0414,240.403,0.0432,0.0318,0.0915,1.1461,0.0299,0.027,0.3122,0.0526,0.1126,7.5951,0.2071,4.5261,0.0455,2.615,3.296,27.935,0.1247,1.61,2.6907,4.8512,25.578,0.018,0.0265,0.014,0.0385,0.0305,0.0521,0.0345,0.0263,1.3219,0.0262,0.0006,59.824,0.021972393230135154,376.34776893409844,0.010691479216075129,0.0049,33.182,1.2979,0.0081,0.1604,0.0289,4.999,0.8708,5.5407,2.6592,3.1684,1.259215111510735,18.4703,27.0254,14.1813,50.6218,2.6201,1.0539,2.3169,3.871,9.651,245.9195,8.7262,3.5931,3.6712,5.0946,44.1718,59.8078,1.7041,0.9707,1.4405,0.9447,0.3495,5.7472,11.8784,2.4667,11.5698,5.4046,1.9864,48.6777,2.1163,3.6601,11.4252,76.6566,2.5218,21.0668,83.6747,0.0,392.535,0.0,0.0,0.0,418.5124,372.8223,54.3638,2.9146,3.456,0.218,11.5018,28.910651026815298,613.8973,26.4808,0.0,11.931684673999817,1.6053,13.6403,0.25379999999999997,7.7177,6.8491,3.6325,8.4113,73.04,21.08,0.76,9.2907,0.3101,34.351,5.2465,1.0405,0.327,0.0665,32.5471,4.98,0.0877,2.0902,0.0382,1.8844,15.4662,538.1373,2.1186,8.4399,0.2002,2.961,0.0562,1.5684,9.449,0.0243,4.8194,0.0244,0.0319,130.7654
-1.0,2921.78,2177.4333,1.3321,84.34660000000002,1.2769,-0.0074,0.0086,197.467,13.3439,411.5272,0.9735,187.51,12.6037,1.4027,-3741.25,333.25,0.67205,1.7109999999999996,3.2448,74.1444,1.7222,0.143,84.0132,9.152,64.2079,66.0632,86.236,78.21,2.808,363.7273,124.7764,727.0177,1.1079,141.4073,629.9109,60.0506,4.4879999999999995,4.711,2915.0,0.9091,4.9209,361.6409,10.914,109.6973,8.7527,15.0791,18.784,708.2337,149.82,621.1582,105.4212,-0.0392,-0.0334,-0.0702,0.0007,-0.0082,-0.0262,-0.052,7.517,0.1309,0.9746,1791.148,0.1849,9330.76,0.1136,0.0074,0.0296,0.0109,0.42539531230786753,0.9457,724.656,0.9899,56.5065,0.5828,0.9676,6.2924,15.88,3.403,15.9,15.81,1.925,0.5353,3.451,-0.7709,0.8705,2.3301,1010.0694,104.0,69.4,149.9,26.599799999999988,717.9661,0.2352,0.1402,0.0387,0.0474,0.0137,3.3302,7.124,6.272,0.0093,0.23,0.0605,716.0,249.0,0.277,0.21200000000000002,0.341,3.4,0.096,0.7358,0.26130000000000003,0.6199,0.4196,0.804,0.883,0.1116,11.03,13.13,26.577,0.627,12.42,3.33,16.931,80.527,0.1241,0.0647,0.0541,0.0251,0.0985,0.1023,0.1272,0.0862,1.3682,0.0328,0.0103,102.4259,0.0308,1534.7998,0.0181,0.0185,0.06346306842329141,0.0216,174.02,2.0798,0.0399,0.4205,0.128,4.2447,25.7124,24.7067,53.6443,0.0643,2.6329,0.0417,2.3324,0.0635,0.0187,311.6681,144.5153,309.1271,115.6644,0.12369999999999999,0.09505000000000002,0.1451,1.23,0.0343,0.0323,0.3063,0.0985,0.0881,7.9323,0.2643,3.7526,0.0386,3.6147,3.697,9.2763,0.1683,1.258,2.603,4.7928,23.1537,0.0347,0.0286,0.0265,0.0121,0.0292,0.0528,0.0526,0.0357,0.4814,0.0121,0.0031,32.8903,0.0116,416.354,0.011419237677781448,0.0075,48.8386,0.7352,0.0132,0.1324,0.0436,6.3715,1.2835,4.7198,2.3753,6.0352,1.259215111510735,24.3718,17.6584,10.9798,53.3877,1.5241,0.956,1.8249,4.3103,19.1647,74.7187,23.078450000000004,10.417850000000001,7.544649999999999,4.5856,34.8387,86.014,4.6382,0.8758,2.9167,0.9655,0.3314,7.3077,11.4044,1.8497,10.0692,7.8002,2.0844,44.2576,2.6025,5.7449,10.1826,141.8992,2.3906,16.5905,76.386,316.3799,0.0,35.7677,0.0,0.0,485.0334,165.61,18.2016,2.9784,1.3674,1.0608,5.7185,16.656,0.0,24.948,0.0,12.734269384109107,2.2881,24.0141,0.0789,3.6806,6.6824,5.4933,11.0135,73.216,16.3,1.16,8.0127,0.5422,55.1282,4.0854,1.5844,0.7661,0.1838,57.0019,6.82,0.1479,2.7297,0.0613,2.6032,18.0422,532.1618,2.1401,7.11,0.4659,2.4357,0.1286,1.3361,21.7713,0.0112,2.2231,0.0243,0.0249,102.4834
-1.0,2905.07,2192.7556,1.7393,118.08009999999997,1.4443,-0.0025,-0.0025,197.1465,8.4577,412.5956,0.9732,186.9028,12.5169,1.3958,-3607.0,339.25,1.0715,1.8055,5.0362,73.5667,1.9333,0.1476,83.9888,8.886,64.1475,66.0072,86.2011,81.12,2.164,354.8745,145.4491,742.3219,0.8899,134.3627,634.6864,158.4379,4.563,4.79,2879.0,0.9306,-4.6173,362.1855,9.6825,120.8318,4.4964,24.6173,30.6183,711.7036,149.88,632.8973,124.7749,-0.0134,-0.0367,0.0166,0.0029,-0.013,-0.0264,0.0264,8.1698,0.1338,0.9897,1825.8502,0.18044015750260034,8860.377925287808,-0.086,-0.0121,0.0399,-0.0682,0.4444967573697346,0.9548,753.5341,0.9894,59.7162,0.5963,0.9794,6.3327,15.74,4.775,15.8,15.77,1.461,0.8019,3.259,-0.0946,0.6595,2.2453,1015.5533,102.0,108.8,80.7,54.7,44.993,1.0612,0.1445,0.0548,0.0682,0.0169,6.4098,5.016,8.918,0.0101,0.29,0.0728,161.0,524.0,0.046,0.037,0.293,4.8,0.154,0.8153,0.128,0.606,0.3099,0.7251,0.406,0.0598,4.03,15.14,31.591,0.811,5.18,7.24,24.943,99.764,0.082,0.0335,0.0309,0.0649,0.09,0.1009,0.0887,0.0763,2.4431,0.0789,0.0014,102.6923,0.05191202544925827,1029.638281291132,0.0142,0.012,0.046398889828216494,0.0186,114.5496,2.5193,0.0564,0.3844,0.0916,2.5593,27.7739,34.3492,27.4239,0.36060000000000003,2.3376,0.0477,1.9332,0.0867,0.0248,76.1949,21.5639,89.6326,227.6479,0.0198,0.0166,0.1477,1.462,0.0237,0.0443,0.3122,0.0526,0.1126,5.0832,0.1373,6.7429,0.0204,1.5217,4.7115,8.7718,0.3014,2.0061,2.4934,8.387,28.7097,0.0208,0.0154,0.0145,0.0341,0.0203,0.0487,0.0428,0.0398,0.8913,0.0256,0.0004,35.0086,0.01709439175549031,407.06212030411916,0.016705669610904327,0.0064,45.3846,0.7725,0.0185,0.1309,0.0321,4.6088,0.6799,4.6536,3.7452,3.2365,2.4946,5.1877,64.9361,10.0049,59.3067,2.1614,1.0395,2.3169,5.2142,5.822,154.4584,4.293,2.0493,5.8178,6.5247,46.5517,47.4398,3.2988,0.9707,1.4405,0.9447,0.3495,4.7989,4.7577,2.9133,6.7147,2.9993,2.3854,19.939,5.341,8.376,4.9739,115.2032,3.5047,14.9727,79.9552,609.9489,0.0,389.7898,0.0,774.6641,335.9848,288.7417,29.9037,3.2146,3.2357,0.1399,5.6244,28.831120571179902,0.0,58.5885,0.0,12.057979506382788,1.9533,15.2016,0.0937,4.2188,6.0699,4.0807,6.401,72.162,8.34,1.13,3.6795,0.4557,56.0054,2.1687,1.5659,0.3072,0.0596,30.0409,9.09,0.0892,3.7328,0.0344,3.3285,12.9932,538.1373,2.1186,8.4399,0.2002,2.961,0.0562,1.5684,9.449,0.011,2.1977,0.0215,0.0175,81.281
-1.0,3026.67,2192.7889,1.9935,104.5867,1.4241,0.0008,-0.0031,196.7202,12.0612,422.943,0.9743,187.05,12.6057,1.4237,-4981.75,-2335.3333,1.2723,1.9955,7.2803,75.0333,1.6333,0.1384,84.1675,9.004,64.0727,66.0271,86.4814,63.93999999999998,4.597,349.5218,152.8255,749.941,1.205,138.9145,641.2618,191.9981,4.595,4.864,2822.0,0.9266,-1.65,349.4636,10.0689,131.1755,11.5891,21.65,29.6873,720.2537,149.0336,629.6727,115.3818,-0.0161,-0.0583,0.0036,-0.0087,-0.0348,-0.025,0.0207,7.2845,0.1309,0.9823,1814.3705,0.1944336352726731,8976.08639622074,-0.1372,0.0205,0.045,0.0494,0.456172782423544,0.9567,775.1126,0.9892,60.2503,0.6033,0.9727,6.2071,15.74,4.775,15.8,15.77,1.461,0.8019,3.259,-0.0946,0.6595,2.2453,1015.5533,96.0,224.1,170.2,57.7,644.683,1.0612,0.1144,0.0452,0.0511,0.0106,3.7375,12.952,4.275,0.0094,0.27,0.0577,986.0,6227.0,0.149,0.178,0.418,5.4,0.489,0.5264,0.0841,0.6249,0.4344,0.7404,0.511,0.1346,12.06,18.25,52.479,0.428,21.2,4.35,32.16,108.221,0.0662,0.054,0.0393,0.0633,0.0945,0.088,0.0738,0.047,4.1406,0.0627,0.0039,135.3843,0.06778028533580227,1014.300944330203,0.0177,0.0148,0.057702936095180624,0.0091,73.2383,2.3576,0.0291,0.2247,0.0916,2.5593,25.526,73.7304,57.4092,0.36060000000000003,1.835,0.0378,3.3389,0.0819,0.0202,456.2948,244.9536,2333.7594,3404.5194,0.0609,0.0921,0.1924,1.7003,0.0321,0.1421,0.1883,0.0352,0.1283,6.444,0.1829,9.6104,0.0355,3.6781,6.2712,16.2814,0.1176,1.3649,1.9802,9.579,31.621,0.0209,0.0236,0.0167,0.0293,0.0296,0.0491,0.039,0.0253,1.1928,0.0227,0.0011,42.9751,0.02039194774860588,308.8171996245725,0.012015001283596434,0.003,22.2268,0.7621,0.0089,0.0722,0.0321,4.6088,0.6799,4.411,7.4042,6.7278,2.6314,50.8191,64.9361,8.0331,107.3858,1.0108,0.9602,2.1419,4.0515,100.4065,266.6429,11.7115,8.9201,5.7416,7.862050000000002,61.2245,69.3419,14.8327,0.6254,0.9344,0.9753,0.2098,5.7336,5.732,4.3222,11.1681,8.6816,2.846,27.3331,5.4916,4.2507,4.4444,182.9306,4.4651,13.4462,93.7938,412.1401,447.205,0.0,0.0,252.692,295.4955,226.7793,56.8413,1.9092,2.6107,0.4007,7.4618,30.587905513203292,0.0,40.5157,0.0,12.141097691183994,0.9527,9.4487,0.1086,3.9129,3.6196,4.0807,6.401,74.242,16.71,0.91,7.2778,0.4202,75.4404,4.1465,1.2257,0.2306,0.0584,22.5533,7.11,0.1386,2.6287,0.0505,2.6893,18.3361,536.2964,2.0719,8.39,0.3412,2.9758,0.1146,1.5644,16.4699,0.0178,3.56,0.0104,0.0127,122.5713
-1.0,2883.88,2177.4333,1.3321,84.34660000000002,1.3881,-0.0146,0.0048,197.0141,10.6616,430.134,0.9801,187.1766,12.5914,1.39,-2756.25,-3620.0,1.2973,1.9327,7.1595,73.0,2.1111,0.1639,85.9625,8.7552,64.1204,66.2133,86.438,78.72,3.074,347.6,145.0136,733.9506,0.956,130.0791,622.6927,72.7673,4.602,4.832,2820.0,0.9317,-2.9818,351.53,10.1625,122.0318,10.1857,22.9818,28.4637,705.4869,139.9827,613.5445,90.3664,-0.0209,0.0538,0.0276,0.0075,-0.0193,0.0041,0.0237,7.8386,0.1341,0.9903,1777.6835,0.1968,8564.8599,-0.1345,-0.0233,0.0401,-0.0381,0.4529764972910608,0.9583,736.1004,0.9895,58.198,0.6073,0.9645,6.3965,15.88,3.403,15.9,15.81,1.925,0.5353,3.451,-0.7709,0.8705,2.3301,1010.0694,101.0,129.8,102.7,26.599799999999988,717.9661,0.2352,0.23175000000000004,0.0401,0.10045,0.007,3.3321,5.768,8.813,0.0052,0.34,0.05,926.0,4802.0,0.173,0.138,0.42,4.0,0.916,0.7793,0.0421,0.4885,0.2656,0.6352,0.93,0.1537,9.04,20.23,28.025,0.813,16.05,16.41,31.329,61.6,0.1082,0.0532,0.0508,0.0493,0.1067,0.0872,0.0615,0.1181,3.2091,0.0637,0.0011,85.2867,0.1254,892.3003,0.0161,0.0182,0.048445375929945744,0.0238,88.585,4.2385,0.0207,0.3969,0.128,4.2447,26.4898,42.0822,33.2316,0.0643,2.6329,0.08085,1.7605,0.0665,0.019,382.1739,158.4874,1168.0672,2208.6539,0.0826,0.0585,0.175,1.3,0.0444,0.3119,0.2831,0.0168,0.1038,6.3746,0.2553,9.0215,0.0503,2.6002,7.0983,9.0061,0.2189,4.4203,4.7003,10.4614,18.4538,0.0258,0.024,0.0228,0.0217,0.0345,0.0474,0.0311,0.062,1.1178,0.0213,0.0004,26.036,0.0374,265.8129,0.014226045992219896,0.0067,25.9191,1.3016,0.0071,0.1226,0.0436,6.3715,1.2835,4.5431,4.5009,4.0828,1.259215111510735,24.3718,17.6584,16.1177,54.1005,2.0489,0.5308,2.7002,3.5951,93.5329,132.6519,13.3359,7.1401,5.8663,5.4795,90.0,85.4237,26.5935,0.9066,0.481,0.7618,0.377,6.3751,9.8473,4.2322,16.0769,6.9496,3.2488,38.5132,7.1569,8.0,17.537999999999997,157.574,4.4408,28.1809,68.167,517.5486,239.6396,178.4615,0.0,451.229,0.0,498.8384,40.9397,2.3861,2.6846,0.1127,4.7976,63.31987047269746,0.0,18.8139,0.0,12.27509021733244,2.4815,12.0344,0.1228,7.283,6.2044,5.4933,11.0135,72.464,20.04,1.31,9.2412,0.5738,50.334,4.9767,1.8078,0.3974,0.0715,38.5903,4.98,0.0877,2.0902,0.0382,1.8844,15.4662,536.4482,1.4106,7.05,0.1166,2.5361,0.0358,1.3142,8.2645,0.0136,2.7151,0.02,0.0164,82.0875
-1.0,2996.65,2191.3556,1.4549,97.1556,1.2956,0.0005,0.0046,195.0127,12.1021,420.1645,0.9789,184.7379,12.649,1.4018,-3811.75,-200.5,1.3267,2.011,7.3252,72.3,2.6889,0.2068,83.3726,8.7512,64.4292,66.1116,86.446,79.55,2.586,346.4464,143.2164,730.7111,0.8599,133.7045,623.3673,143.2621,4.6,4.846,2815.0,0.9336,2.0318,347.5673,10.2384,125.2482,6.2829,17.9682,21.6831,709.028,146.1618,618.9773,135.7362,-0.0127,-0.0214,-0.0103,-0.0004,0.011,-0.005,-0.0717,7.9526,0.1362,0.9922,1840.5871,0.17109133854289293,9091.106718334064,-0.1331,-0.0381,0.0389,-0.1061,0.4419527241422765,0.9484,791.9736,0.9895,58.5099,0.5903,0.9803,6.2771,15.74,2.431,15.8,15.77,0.9885,0.4492,3.578,0.6623,0.8781,2.3187,1004.653,119.0,100.4,211.7,60.4001,329.892,0.2045,0.0876,0.0502,0.0897,0.0074,7.8345,10.041,6.015,0.0053,0.29,0.044,648.0,1160.0,0.068,0.121,0.137,3.8,0.422,0.4433,0.1044,0.4988,0.2631,0.5958,0.78,0.0974,6.74,22.01,29.881,0.254,10.52,15.57,32.59,71.657,0.0961,0.0493,0.0407,0.0561,0.1047,0.0886,0.0551,0.0617,3.5635,0.0742,0.0012,89.0863,0.04822748691496764,1036.145505114941,0.018,0.0087,0.059310580400492585,0.0163,160.9988,3.0834,0.019,0.3428,0.1283,4.5384,30.8794,34.9064,80.329,0.0724,1.3259,0.0349,3.2928,0.0734,0.0177,291.4497,19.906,772.7692,482.688,0.0327,0.0574,0.0593,1.1811,0.0287,0.1441,0.2147,0.0411,0.099,7.8022,0.2578,9.0252,0.0288,2.4289,6.6975,8.1033,0.0917,4.1558,4.3985,10.597,22.5787,0.0227,0.0226,0.0189,0.0235,0.0288,0.049,0.0293,0.0282,1.2461,0.0241,0.0004,31.009,0.015496046095915941,291.74643106403386,0.015011620811734596,0.0056,45.6759,0.9857,0.0069,0.1071,0.0416,5.0152,1.3978,5.31,3.3504,8.4275,2.7563,29.6805,14.0551,6.7613,82.9691,1.4316,0.5403,2.2927,3.1416,46.3567,578.5536,5.1253,6.0169,1.8702,5.2559,48.3471,38.6889,12.6638,0.5317,1.1929,0.7742,0.3098,6.9246,9.147,4.2078,11.3293,5.041,3.5308,20.8576,7.8847,2.4809,17.537999999999997,167.4394,4.5964,27.3469,52.7914,754.4652,443.1461,543.3414,0.0,807.2893,0.0,86.083,44.809,1.3948,2.9911,0.1229,4.8401,30.11320858988652,0.0,23.7037,487.8049,12.224194992933338,1.7138,20.3288,0.1187,5.2699,5.461,5.5321,11.6176,73.254,14.53,1.33,6.7381,0.5058,27.0176,3.6251,1.8156,0.2019,0.0509,18.888,11.969999999999999,0.0864,4.532500000000001,0.0346,4.638249999999999,13.3515,526.2355,2.1114,8.15,0.2497,2.8447,0.0728,1.5487,11.8247,0.0145,2.8752,0.0201,0.0106,52.6841
-1.0,2992.07,2191.3556,1.4549,97.1556,1.3636,-0.0103,-0.0056,197.4771,12.9528,430.2847,0.9713,187.8911,12.5394,1.3948,-4675.5,-6804.5,1.2917,1.9872,7.2177,73.4556,2.2556,0.1467,84.0447,8.941,64.1636,65.9873,86.2164,80.48,2.6,364.6691,138.8455,745.9366,0.9245,136.1945,639.7091,138.4885,4.592,4.819,2876.0,0.9205,-0.2255,362.4964,10.5509,118.62,9.5871,20.2255,26.0373,719.8994,150.05,631.1664,97.0141,-0.043,-0.0354,-0.0232,-0.0015,-0.0227,-0.022,-0.0515,6.9894,0.1286,0.985,1846.6229,0.1796877726094518,9737.583965365833,-0.0248,0.0214,0.0064,-0.0709,0.4217006157501573,0.9278,889.5813,0.989,59.4308,0.5892,0.9807,6.1885,15.74,4.775,15.8,15.77,1.461,0.8019,3.259,-0.0946,0.6595,2.2453,1015.5533,81.0,86.9,55.4,60.4001,329.892,0.2045,0.1198,0.0429,0.0483,0.0149,4.2089,11.539,5.99,0.0121,0.38,0.035,574.0,9505.0,0.079,0.049,0.185,3.3,0.571,0.8623,0.0831,0.6194,0.3002,0.6331,0.686,0.128,6.3,10.52,22.086,0.368,8.82,7.17,22.9269,84.742,0.0784,0.0462,0.0299,0.0202,0.1089,0.0856,0.0776,0.0581,5.4688,0.0423,0.0042,142.6219,0.05639315895251823,839.4215560903754,0.0107,0.026,0.060700326096570056,0.008,52.3416,3.8445,0.0367,0.3697,0.0916,2.5593,23.0129,26.3833,18.4852,0.0724,1.3259,0.0409,3.147,0.117,0.014,236.6071,115.2635,1716.5497,6721.05,0.0345,0.0227,0.0838,1.1599,0.0367,0.1684,0.3681,0.0352,0.0529,7.4119,0.2188,4.1463,0.0361,1.93,3.1431,6.465,0.111,2.4612,3.5926,6.3633,26.2637,0.0205,0.022,0.0158,0.0084,0.0321,0.0467,0.0402,0.0259,1.7096,0.0158,0.0014,49.9295,0.017141242624195044,289.05965893153905,0.014074731150657044,0.0032,20.4835,1.2287,0.012,0.1353,0.0321,4.6088,0.6799,3.8042,2.9043,2.3529,2.7563,29.6805,14.0551,8.7859,89.0849,1.3921,1.2411,3.0305,2.5116,80.3978,139.687,6.1157,2.4657,2.5631,4.4925,53.202,63.4091,17.8518,1.026,0.9293,0.9653,0.294,6.148,10.3496,2.168,13.845,4.6257,1.6445,15.9479,2.0715,3.4879,6.6852,91.9986,3.1847,21.2662,87.3502,182.2196,618.59025,86.9752,0.0,377.0925,352.7273,112.8703,78.2445,3.4989,1.7257,0.4272,7.7234,32.697181503970164,0.0,26.8757,0.0,13.987212586224086,0.8586,5.7558,0.1166,6.4688,5.9738,4.0807,6.401,73.254,14.53,1.33,6.7381,0.5058,27.0176,3.6251,1.8156,0.3136,0.0737,29.8161,4.98,0.0877,2.0902,0.0382,1.8844,15.4662,532.3782,2.0882,9.63,0.4495,3.1077,0.1526,1.8089,21.5254,0.026000000000000006,5.21645,0.0311,0.0317,101.9627
-1.0,2931.11,2208.5889,0.8396,107.63,1.3488,-0.0018,0.0035,197.2649,10.549,413.7864,0.9753,186.9972,12.6057,1.4123,-3560.75,125.5,1.3128,1.9855,7.249,72.0,2.3111,0.1912,84.0773,9.065,64.0426,66.0862,86.3325,77.37,2.478,350.2718,154.1718,748.358,0.7916,126.7836,631.2273,131.6754,4.591,4.817,2831.0,0.9246,-2.0455,352.2455,9.709,132.1264,5.863,22.0455,27.9357,720.4223,145.0573,629.4291,93.5594,0.0066,-0.0195,0.0112,-0.0129,0.0056,-0.0538,0.0012,7.8289,0.13,0.9885,1762.7289,0.1912,8185.2001,0.23764999999999997,-0.0567,-0.1266,-0.0084,0.4562663492812713,0.9688,690.4482,0.9867000000000001,60.0482,0.5871,0.9654,6.287,15.73,4.722,15.77,15.73,1.21,0.7753,3.179,-0.1892,0.6153,2.2544,1001.6042,126.0,235.6,192.6,62.8999,512.1301,0.1643,0.1447,0.0546,0.0683,0.0134,3.8822,3.991,5.21,0.0088,0.27,0.0175,435.0,829.0,0.22,0.119,0.232,4.2,0.647,0.7106,0.242,0.6098,0.3182,0.6666,0.258,0.0759,7.76,20.12,19.521,0.66,13.1,8.46,37.4901,54.497,0.08,0.0497,0.0451,0.092,0.0918,0.1229,0.02,0.057,3.169,0.0408,0.0068,109.8116,0.1254,693.7002,0.0202,0.0188,0.0506048086517617,0.01,79.4234,5.7363,0.048,0.2875,0.0817,3.4701,34.1254,69.8749,62.6731,0.0524,2.5101,0.0475,1.2739,0.0819,0.0064,186.3384,81.1557,662.8375,346.1045,0.0975,0.0502,0.1034,1.2052,0.0746,0.2034,0.2754,0.092,0.0439,6.0673,0.0851,8.6054,0.0224,2.3003,6.037,5.6109,0.24,2.6198,3.284,11.0516,15.765,0.0214,0.025,0.0223,0.0399,0.0258,0.0603,0.0088,0.0267,1.0099,0.0156,0.0022,39.5947,0.0374,254.8919,0.014274682700382896,0.0034,29.7715,1.6955,0.0169,0.0929,0.0281,4.8083,1.1947,5.3097,8.0379,7.7474,2.848,45.8762,19.5676,10.7282,37.833,1.2591,0.9006,2.1419,1.2384,42.6596,660.5578,16.7587,5.9935,3.2004,5.8333,64.9038,113.4805,19.8615,0.8452,2.6702,0.9522,0.2657,6.0296,4.2874,3.9258,9.5867,6.1207,3.1874,14.8251,5.5025,6.7978,5.9564,223.435,5.2039,18.9051,58.2486,0.0,598.7952,764.9995,709.5652,0.0,37.192,0.0,40.4789,3.5388,1.6869,0.6842,6.2296,63.31987047269746,0.0,31.5082,655.7377,11.89437573533537,1.0313,11.5032,0.25379999999999997,9.5528,4.5727,3.6235,7.7788,73.254,14.53,1.33,6.7381,0.5058,27.0176,3.6251,1.8156,0.327,0.0665,32.5471,4.98,0.0877,2.0902,0.0382,1.8844,15.4662,537.9264,2.1814,5.48,0.3891,1.9077,0.1213,1.0187,17.8379,0.0137,2.7041,0.0311,0.0317,101.9627
-1.0,2966.2,2192.7889,1.9935,104.5867,1.4379,-0.0144,-0.0068,196.0577,15.2552,419.9065,0.9758,185.7708,12.4108,1.3829,-3794.0,498.25,1.0743,1.808,5.129,70.5111,2.1778,0.176,86.0636,8.6384,64.5276,66.1139,86.8535,78.33,1.912,356.9309,147.0536,747.9092,1.2194,131.7136,635.6982,204.1915,4.626,4.829,2843.0,0.9317,0.9027,357.8955,9.8508,127.9564,9.76,19.0973,27.1184,720.7908,140.0864,625.9382,128.6714,-0.0031,-0.0269,0.0035,-0.0122,-0.0151,-0.0422,-0.023,7.0595,0.1362,0.9893,1836.8223,0.18653973728173956,8392.324338763983,-0.0865,0.0065,0.0764,0.045,0.4380390871060402,0.9479,663.5978,0.9897,57.5749,0.5813,0.9635,6.1103,15.74,2.431,15.8,15.77,0.9885,0.4492,3.578,0.6623,0.8781,2.3187,1004.653,74.0,54.4,42.9,57.7,644.683,1.0612,0.1683,0.0601,0.0452,0.0112,3.7936,13.082,3.973,0.0083,0.37,0.0754,274.0,204.0,0.024,0.007,0.317,2.7,0.282,0.6482,0.0899,0.5135,0.1895,0.8327,0.431,0.1104,4.63,17.23,46.033,0.63,20.44,10.68,35.233,146.004,0.0759,0.0718,0.0403,0.1059,0.1353,0.083,0.0581,0.1353,3.4429,0.0928,0.0012,135.4501,0.05135321014985189,1093.7889821405913,0.0095,0.0198,0.05460940134285111,0.0124,90.9434,2.3069,0.0296,0.1976,0.1283,4.5384,20.7455,21.0969,15.6553,0.36060000000000003,1.835,0.059,3.4585,0.0995,0.0286,124.5512,21.7639,91.1629,96.2683,0.0108,0.0032,0.1457,0.9413,0.0309,0.0758,0.2439,0.039,0.102,5.366,0.1147,6.5022,0.0321,1.3546,5.4196,15.5243,0.2217,3.685,5.2582,11.3493,44.7087,0.0208,0.03,0.0203,0.0494,0.0393,0.0438,0.0254,0.0607,1.17,0.0281,0.0004,41.1341,0.016344472044297023,355.0536690678953,0.010248732160931584,0.0054,29.1754,0.81,0.0114,0.0657,0.0416,5.0152,1.3978,3.3999,1.834,1.6574,2.6314,50.8191,64.9361,11.7043,85.7545,0.9462,0.8503,2.9813,5.4507,5.2715,40.9433,2.2341,0.3872,6.1805,3.8292,22.9592,58.5227,5.9986,0.7532,1.0413,0.7958,0.3495,4.9113,3.7401,2.7879,9.0555,3.5152,2.7104,22.544,6.3522,6.3954,7.7526,209.4259,4.8881,14.12,113.4705,0.0,330.4948,0.0,0.0,548.7603,137.841,588.2609,48.7691,1.3948,3.8057,0.1193,7.3742,30.166557097323942,0.0,50.2564,0.0,11.943000711209608,1.3099,13.7046,0.1375,4.0068,3.2335,5.5321,11.6176,76.734,21.08,0.73,9.1928,0.3015,10.3574,5.2708,0.9513,0.2306,0.0584,22.5533,3.49,0.1345,1.3993,0.0649,1.3245,19.2227,532.5155,2.3188,7.3,0.4262,2.5719,0.1441,1.3708,18.3819,0.016,3.2226,0.035,0.0117,33.4695
-1.0,2984.99,2190.7666,0.8017,84.34660000000002,1.3108,-0.0077,-0.012,199.3199,14.1414,420.0188,0.9806,189.6757,12.649,1.4236,-3909.0,7084.9583,1.328,1.9768,7.0012,71.9333,1.8111,0.1487,84.078,8.9605,64.1054,66.0683,86.4061,79.09,2.799,364.0327,141.2055,749.4515,0.8822,134.5627,639.8009,130.1283,4.574,4.85,2884.0,0.9202,-4.8809,364.4082,10.6001,116.3245,17.8318,24.8809,34.2526,715.1988,141.2364,621.9691,153.7235,-0.0242,-0.0365,-0.0279,0.0068,-0.0235,-0.0118,-0.0672,7.6448,0.1333,0.9907,1703.3708,0.1755,8305.7,-0.0161,0.0205,0.0108,-0.0263,0.4583925569371723,0.9543,726.0233,0.9894,58.2256,0.6048,0.9799,6.1435,15.77,4.891,15.75,15.72,1.21,0.8348,3.157,-0.8515,0.6402,2.2535,1002.7238,96.0,145.8,81.2,27.9001,1015.8822,0.1014,0.1075,0.065,0.0571,0.007,9.2734,6.373,8.187,0.0052,0.29,0.0198,656.0,17919.5,0.117,0.077,0.309,4.2,0.26,0.7797,0.0866,0.5089,0.3349,0.7614,0.878,0.1037,9.8,16.85,10.505,0.6,19.42,10.65,20.11,60.018,0.0842,0.0557,0.0399,0.0266,0.0979,0.103,0.0961,0.0504,3.8305,0.0783,0.0015,113.7875,0.0292,729.5,0.0138,0.0107,0.0320948328521804,0.017,89.2966,3.3952,0.0303,0.2064,0.0859,6.6618,24.2514,40.0235,21.364,0.0332,3.2456,0.0356,1.9887,0.0734,0.0066,308.5184,94.4334,743.1783,7711.8916,0.0486,0.0342,0.1358,1.3416,0.0456,0.09,0.318,0.0392,0.0537,9.080550000000002,0.3115,4.4407,0.0316,2.8672,4.2548,3.9638,0.1779,3.1474,3.7784,5.8792,19.7623,0.0248,0.0272,0.018,0.0126,0.0301,0.0511,0.0475,0.0261,1.3307,0.0268,0.0006,37.3225,0.0084,223.9771,0.006821223928452183,0.005,27.1365,1.129,0.0106,0.0638,0.0294,4.8346,2.1426,4.425,4.8844,3.2466,1.2735,35.6365,12.6489,8.2013,45.0664,1.9492,0.526,2.2927,1.3908,41.0335,249.9235,8.8102,3.8953,4.4135,5.8387,49.6933,96.1883,7.8695,0.9274,0.9664,0.7938,0.4081,7.2851,11.0406,2.3234,11.7584,7.2829,2.6336,8.0728,2.211,5.6603,4.2811,108.9064,2.8118,12.4043,39.0428,348.564,615.4696,95.426,0.0,437.8321,812.685,75.0279,50.1065,2.4756,3.2085,0.1559,6.6801,16.6449,910.6383,50.4801,0.0,5.73549823721043,1.7773,12.2994,0.1146,5.8311,3.3597,3.8103,17.33,72.654,21.82,1.37,10.3602,0.5268,52.1576,5.4297,1.8857,0.2019,0.0509,18.888,7.19,0.178,2.9645,0.0735,2.8292,27.4928,531.96,1.8347,12.7,0.286,4.465,0.0927,2.3874,15.5905,0.0126,2.5101,0.0156,0.0101,64.4686
-1.0,3031.93,2205.5,2.3842,111.7644,1.6024,-0.0043,0.0032,191.0777,10.8383,401.0626,0.9652,181.1119,12.5214,1.4016,-3204.5,-4113.25,1.2705,2.007,7.3025,72.7556,2.3111,0.1831,85.2544,8.3675,64.3032,66.0584,86.8342,63.93999999999998,1.582,365.7891,141.7309,753.4849,1.3411,142.9127,650.4327,229.8475,4.635,4.89,2876.0,0.9161,-3.88,364.2691,10.5987,117.8509,18.4936,23.88,32.1774,721.3075,149.8191,631.9391,88.6323,-0.0162,-0.0295,0.012,0.0062,0.01,-0.0191,-0.0314,7.5404,0.1345,0.9901,1834.6782,0.19190215342336747,8746.403020380185,-0.0897,-0.0381,0.0529,-0.0699,0.4393538210551633,0.9425,757.8104,0.9899,58.2965,0.5958,0.9813,6.2396,15.73,4.138,15.77,15.73,1.13,0.6844,3.225,-0.9461,0.7269,2.2711,997.5587,104.0,152.0,115.8,56.5,411.964,0.5267,0.199,0.0663,0.0581,0.0283,13.1289,8.922,10.724,0.0185,0.2,0.0433,1659.0,9027.0,0.059,0.08,0.354,2.8,0.779,0.5344,0.1325,0.4795,0.2052,0.6852,0.586,0.2506,7.06,11.49,51.58,0.379,13.25,14.27,21.853,40.42,0.0454,0.0534,0.0169,0.0211,0.0622,0.1013,0.0741,0.1477,4.2812,0.0466,0.0007,110.7666,0.056319531118554145,887.0867562032336,0.0209,0.0244,0.06130653376969261,0.0204,193.851,1.4776,0.0304,0.3261,0.0461,3.8778,28.0608,55.5122,39.2072,0.1654,1.4419,0.0644,3.3321,0.058,0.0168,678.4318,138.2061,247.4476,4430.0174,0.0268,0.0418,0.1455,0.9112,0.0576,0.2471,0.2635,0.0502,0.0956,7.4903,0.2058,4.8735,0.0707,2.0996,3.4838,18.0168,0.1178,3.7858,5.0788,6.1778,12.1594,0.0122,0.0235,0.0086,0.0086,0.0177,0.0498,0.0366,0.0807,1.5791,0.0153,0.0003,30.8876,0.01740478494494939,387.4602910781188,0.012884457889971905,0.0068,73.9163,0.4204,0.0129,0.1092,0.0146,5.9663,1.1919,4.7822,5.0133,4.4872,2.5618,32.0008,22.0908,12.4192,82.3194,2.6739,1.9127,1.5973,3.0865,15.8527,219.4615,4.6438,3.986,4.8477,3.8485,69.2308,97.2087,22.6593,0.6268,1.5839,0.7457,0.3651,6.553,11.6771,2.4472,18.6849,4.9401,1.7665,22.441,2.1348,3.5759,4.7518,71.6465,3.0296,8.9307,45.6042,280.1388,253.6817,175.8333,996.1962,0.0,388.4666,470.3822,56.7768,2.5277,1.9059,0.0725,6.0374,29.26669459987435,0.0,36.999,0.0,12.679387012838028,2.1668,25.5804,0.0648,2.5347,5.2265,2.0316,10.9105,72.246,19.06,0.56,9.1005,0.2281,28.6739,4.7358,0.7751,0.4384,0.1098,44.1134,4.98,0.0877,2.0902,0.0382,1.8844,15.4662,529.4391,2.0075,10.07,0.3509,3.6046,0.1086,1.902,17.4779,0.0173,3.482,0.0138,0.0173,125.3032
-1.0,3067.02,2190.7666,0.8017,84.34660000000002,1.3059,0.0076,0.0021,196.9858,11.2121,419.5594,0.9803,186.7461,12.6627,1.4173,-3984.25,-60.75,1.2428,2.0072,7.2348,71.1444,2.6778,0.2138,85.0209,8.8054,64.1615,66.2641,86.2893,79.58,2.597,368.7255,127.5673,738.2685,1.0751,142.9736,639.2664,72.5326,4.584,4.825,2883.0,0.9207,4.7573,366.54,10.8015,112.3245,7.2728,15.2427,19.8525,718.4161,153.1291,631.9936,98.6675,-0.0356,-0.02,-0.0455,0.0027,0.0031,-0.002,-0.0738,8.019,0.1403,0.9886,1847.2026,0.188414060434961,8851.975255592759,-0.0153,0.0558,0.0348,0.0045,0.42730014061026234,0.9564,753.0981,0.9887,59.5307,0.587,0.9799,6.2747,15.74,2.431,15.8,15.77,0.9885,0.4492,3.578,0.6623,0.8781,2.3187,1004.653,71.0,206.3,107.5,27.9001,1015.8822,0.1014,0.1067,0.0544,0.0527,0.007,7.7373,5.588,5.469,0.0052,0.26,0.0311,344.0,1166.0,0.147,0.139,0.125,4.2,0.46,0.5073,0.0817,0.6815,0.3799,0.6053,0.941,0.1554,7.03,15.36,18.203,0.412,11.75,7.86,20.264,60.788,0.106,0.1017,0.0369,0.0285,0.1087,0.0544,0.0593,0.0718,3.0232,0.0721,0.0026,127.3998,0.04794091309261328,1205.268414991282,0.0101,0.0152,0.05272785636731786,0.0087,70.9779,4.0755,0.0369,0.4077,0.1283,4.5384,20.8353,58.6871,35.7746,0.0332,3.2456,0.0406,1.7435,0.0682,0.0107,162.1201,144.9031,504.889,535.5529,0.0689,0.0688,0.0514,1.2709,0.029,0.1836,0.2105,0.0351,0.1003,7.1218,0.2463,3.947,0.0468,1.8774,3.9446,6.0212,0.1146,2.2514,3.2279,5.8048,17.9363,0.0276,0.0443,0.0159,0.0129,0.0306,0.0264,0.0301,0.0329,1.0454,0.0259,0.0008,35.8716,0.015105025635838903,373.3330654862532,0.01088245836117484,0.0031,22.0675,1.2328,0.0127,0.1456,0.0416,5.0152,1.3978,3.2496,6.7264,4.1216,1.2735,35.6365,12.6489,8.1705,49.8391,1.3035,0.5305,2.0533,2.1929,30.7712,0.0,11.8286,6.9249,1.7278,5.9035,41.0788,37.422,13.9038,0.5967,0.9279,1.0622,0.3569,7.1842,10.9668,2.0031,14.4588,4.917,2.4028,25.0963,9.842500000000001,3.8143,6.0094,161.562,2.8207,10.6245,61.6089,297.9621,0.0,62.6374,0.0,0.0,0.0,97.29,37.7009,1.9962,2.9756,0.266,6.8969,30.578709745576706,0.0,42.0499,706.6667,11.865696735691811,0.9051,9.4248,0.0884,6.8461,6.4982,5.5321,11.6176,73.254,14.53,1.33,6.7381,0.5058,27.0176,3.6251,1.8156,0.6788,0.112,54.6099,4.98,0.0877,2.0902,0.0382,1.8844,15.4662,536.9836,1.8675,7.47,0.222,2.5609,0.0674,1.3911,11.8876,0.0166,3.3213,0.0197,0.0068,34.6093
-1.0,2949.9,2264.7,0.8785,99.6356,1.338,-0.0018,-0.0063,197.2191,15.0503,424.8755,0.9805,187.5111,12.5061,1.4102,-1363.875,217.0,1.297,1.9925,7.2735,70.8778,2.6222,0.2104,85.2836,8.8331,64.3688,66.0106,87.0785,75.34,3.396,366.9455,142.46,755.6155,1.2925,143.5773,652.9827,187.1462,4.594,4.823,2874.0,0.9187,-5.0918,366.8482,10.6039,117.3682,18.1127,25.0918,33.8967,721.7187,150.6536,634.87,104.3115,-0.0059,0.0395,0.0464,-0.0029,-0.0081,-0.0074,0.018,7.271,0.1211,0.9848,1781.0447,0.1984,8771.79,0.181,-0.0409,-0.0504,-0.1297,0.4643,0.937,657.6512,0.9867000000000001,58.0529,0.5997,0.9646,6.4229,15.77,4.891,15.75,15.72,1.21,0.8348,3.157,-0.8515,0.6402,2.2535,1002.7238,131.0,81.3,109.1,65.3999,252.631,0.0763,0.1644,0.0594,0.0575,0.0057,3.6503,8.191,4.048,0.0042,0.23,0.046,981.0,1185.0,0.053,0.129,0.228,3.0,0.372,0.7982,0.26130000000000003,0.6623,0.3935,0.8184,0.666,0.1971,5.26,10.54,38.453,0.467,19.48,8.83,23.421,91.734,0.0928,0.0559,0.12045,0.0547,0.0931,0.108,0.0553,0.0557,4.7241,0.0642,0.0093,81.3291,0.0527,461.7998,0.0231,0.0253,0.0152,0.0218,49.2613,4.17,0.0331,0.5114,0.0859,6.6618,30.0527,29.4486,34.5203,0.0224,2.2553,0.0588,2.8306,0.0572,0.0165,401.0391,132.275,3249.2406,537.4936,0.0245,0.0606,0.1017,0.9217,0.0345,0.1118,0.3019,0.0985,0.1418,6.8619,0.1778,4.5765,0.0572,1.8498,3.2787,12.7367,0.1576,3.0654,4.2702,6.9834,26.7514,0.0235,0.0254,0.055099999999999996,0.0263,0.0281,0.0552,0.0247,0.0229,1.6403,0.023,0.0023,24.7412,0.0149,159.6654,0.0042,0.0065,14.6481,1.3024,0.0119,0.1482,0.0294,4.8346,2.1426,5.9659,2.756,4.458,2.8878,20.8591,8.6883,12.2867,54.4243,0.9528,0.426,1.8391,3.2641,298.58439999999996,546.0829,4.0864,6.4743,3.1347,4.2326,45.7627,55.5966,11.517,0.9359,2.9167,1.0289,0.2679,5.4831,10.1713,2.4101,15.2499,3.6635,1.6141,20.547,3.9799,4.404,6.518,107.5489,3.2452,16.9196,87.9424,0.0,268.75,117.9515,0.0,0.0,747.2973,309.0153,64.9719,2.8899,2.622,0.9397,4.5664,26.5798,0.0,31.8091,909.0909,3.267,2.3262,7.4905,0.25379999999999997,7.1831,7.9619,3.8103,17.33,73.086,16.77,0.52,7.3738,0.1851,119.7528,4.1464,0.7115,0.1882,0.0419,19.2616,4.98,0.0877,2.0902,0.0382,1.8844,15.4662,535.9345,2.2444,6.35,0.2394,2.2925,0.0822,1.1849,10.667,0.0134,2.6906,0.0295,0.018,61.0329
-1.0,3012.34,2192.7889,1.9935,104.5867,1.301,-0.006,0.0006,196.9294,14.6744,429.8016,0.9788,187.3349,12.4814,1.4067,-3599.6667,115.0,1.2897,1.993,7.2565,74.5778,2.7889,0.2014,84.1818,9.2189,64.0575,66.0288,86.6498,77.7,3.051,362.8145,138.1427,745.8558,1.3864,143.2536,644.2109,215.0964,4.631,4.865,2871.0,0.92,-0.6345,361.9364,10.5788,117.5082,13.7836,20.6345,28.4314,717.4244,150.9827,630.4273,139.8383,-0.011,-0.0134,-0.0016,0.0037,0.0152,-0.036,-0.0345,8.5428,0.1333,0.9854,1851.8727,0.18350725937475898,8801.243452591327,0.1503,0.013,-0.0366,0.0885,0.42384057686808085,0.9534,734.6906,0.9895,58.5441,0.6069,0.9803,6.0283,15.74,4.775,15.8,15.77,1.461,0.8019,3.259,-0.0946,0.6595,2.2453,1015.5533,95.0,111.6,122.3,57.7,644.683,1.0612,0.0865,0.0525,0.0701,0.0069,7.762,6.986,3.612,0.0069,0.3,0.0477,1840.0,2668.0,0.219,0.113,0.405,5.4,0.509,0.6269,0.26130000000000003,0.5831,0.4214,0.7039,0.678,0.2588,7.54,12.84,44.448,0.688,17.86,9.99,20.935,94.309,0.0646,0.076,0.0529,0.0502,0.103,0.1168,0.036,0.1268,1.8923,0.0703,0.0016,112.0614,0.050799043027005275,1103.97239951757,0.0182,0.013,0.05451662726648418,0.0166,74.6033,3.0848,0.0435,0.4265,0.0916,2.5593,25.5114,37.1997,41.7721,0.36060000000000003,1.835,0.0303,2.5151,0.058,0.0205,773.0877,285.9981,386.0315,1212.3006,0.095,0.0465,0.1728,1.7003,0.0597,0.1748,0.2642,0.0985,0.1078,7.9629,0.2276,4.4711,0.0688,2.0139,3.9116,13.7343,0.1902,3.2824,4.1705,6.3555,23.4056,0.0231,0.0328,0.0284,0.0221,0.0321,0.0614,0.0157,0.0659,0.6233,0.0241,0.0006,37.0117,0.01519699246218216,351.34309592941526,0.01458377759935461,0.0062,24.6279,1.0002,0.013,0.1482,0.0321,4.6088,0.6799,4.3207,3.7048,5.0619,2.6314,50.8191,64.9361,6.6488,47.6068,0.8404,0.7068,2.4036,3.3931,21.3631,0.0,16.98,5.6698,5.5812,7.862050000000002,46.6135,106.7292,15.0706,0.7447,2.9167,0.9103,0.284,6.2952,10.7353,2.3832,18.6708,5.2634,1.9931,20.6642,2.7595,6.5036,6.1187,129.5741,2.9181,9.2356,67.4415,586.6061,618.59025,0.0,0.0,770.9571,99.9306,367.8028,22.1513,2.6263,2.9789,0.1618,6.0512,29.9073345254589,686.4686,40.0,0.0,12.890096798847518,1.7388,10.1544,0.1184,5.2692,7.0758,4.0807,6.401,73.152,19.67,0.58,8.764,0.222,38.1262,4.9152,0.7929,0.453,0.0838,43.4013,4.96,0.0859,2.0788,0.0414,1.9396,12.5454,537.1318,2.2109,8.44,0.4007,2.8748,0.1483,1.5713,18.1222,0.0185,3.6852,0.0263,0.007,26.5137
-1.0,3018.7,2192.7889,1.9935,104.5867,1.3517,-0.0029,-0.0065,197.561,14.5302,429.3525,0.9696,187.9833,12.4343,1.4246,-6205.0,-2495.3333,1.238,1.9745,7.1593,73.6556,2.1889,0.1814,83.3424,8.7786,64.2226,66.2251,86.4039,80.45,2.741,364.8536,139.7645,748.0995,1.3143,139.4273,644.0455,177.4255,4.57,4.772,2883.0,0.92,-4.7227,362.5255,10.661,115.0418,16.8155,24.7227,32.7695,715.3301,149.6627,627.23,123.9781,-0.0429,-0.0086,0.0022,0.0024,-0.0069,0.0069,-0.0636,7.3076,0.1277,0.9884,1806.5995,0.1711802809854973,9244.44201007775,0.0163,-0.0577,0.0128,0.0539,0.42461839700825954,0.9473,816.0149,0.9894,58.4145,0.5917,0.9779,6.0208,15.74,2.431,15.8,15.77,0.9885,0.4492,3.578,0.6623,0.8781,2.3187,1004.653,200.0,64.2,112.1,57.7,644.683,1.0612,0.1031,0.0488,0.0599,0.0165,8.1517,14.937,6.823,0.0141,0.23,0.0303,1018.0,2476.0,0.112,0.111,0.175,4.0,0.452,0.6821,0.1359,0.3681,0.1841,0.8099,0.76,0.1829,5.36,14.78,60.258,0.461,13.47,12.87,22.36,78.908,0.0783,0.0664,0.0353,0.0444,0.1019,0.0916,0.0756,0.0694,4.6934,0.0811,0.0013,105.4355,0.048197667418964585,960.5563328921555,0.0117,0.0125,0.06555971313734002,0.0266,105.0104,3.4522,0.0158,0.3638,0.1283,4.5384,35.5939,22.0413,38.1245,0.36060000000000003,1.835,0.0396,4.625,0.0588,0.0111,469.5433,96.1856,3787.1477,1318.7495,0.0515,0.0483,0.0773,1.417,0.0462,0.1947,0.2556,0.0542,0.084,8.3869,0.2517,4.3177,0.0546,1.6669,4.3154,16.7335,0.1344,3.6433,5.2272,6.5622,25.458,0.0214,0.0277,0.0169,0.0187,0.0333,0.0473,0.0386,0.0301,1.5564,0.0295,0.0004,32.2928,0.014550965567222449,318.94959842189996,0.012392784250567394,0.0095,34.9346,1.196,0.0061,0.1337,0.0416,5.0152,1.3978,9.053150000000002,2.1267,4.6125,2.6314,50.8191,64.9361,7.6276,102.7998,1.5891,1.4575,1.8497,2.124,146.8815,99.2252,9.0468,5.6217,2.4444,5.4307,91.3706,82.1188,13.9842,0.8184,1.5476,0.5732,0.3858,7.1645,12.1991,2.2048,13.9184,3.8443,2.2949,33.9624,2.1163,4.3242,3.9551,80.1046,3.1258,9.2067,63.6467,182.3315,618.59025,0.0,0.0,0.0,0.0,109.0338,64.2256,1.8791,3.3073,0.1293,5.8361,32.71022578790031,0.0,36.0287,632.2581,13.0796158250073,2.8119,12.8687,0.1061,5.9099,6.0427,5.5321,11.6176,73.254,14.53,1.33,6.7381,0.5058,27.0176,3.6251,1.8156,0.453,0.0838,43.4013,4.98,0.0877,2.0902,0.0382,1.8844,15.4662,537.9264,2.1814,5.48,0.3891,1.9077,0.1213,1.0187,17.8379,0.0117,2.3417,0.0146,0.009,61.5936
-1.0,2935.39,2179.7333,1.4843,84.34660000000002,1.3076,0.0046,0.0044,195.2444,9.5642,412.6753,0.9796,185.0653,12.6088,1.4091,-1630.25,-690.75,1.3545,2.008,7.3005,72.2333,2.4,0.1952,86.4072,9.4749,64.2671,65.8154,87.4597,79.79,2.705,363.7291,135.4045,743.5936,1.3536,147.2636,646.3973,201.0412,4.574,4.85,2884.0,0.9202,-2.0164,362.1227,10.7267,113.3882,17.5373,22.0164,30.4711,713.1225,153.3491,628.86,88.9522,-0.0082,0.0771,-0.0093,-0.0097,0.0082,0.0081,-0.0663,7.5767,0.1448,0.9662,1768.0997,0.2144,8874.9001,0.063,-0.0902,-0.0008,-0.0045,0.4626,0.926,691.2322,0.9895,57.9925,0.5849,0.9659,6.401,15.74,4.775,15.8,15.77,1.461,0.8019,3.259,-0.0946,0.6595,2.2453,1015.5533,117.0,135.3,84.2,32.3999,1015.8822,0.3124,0.1363,0.0443,0.0618,0.0077,8.1878,4.549,10.436,0.0045,0.25,0.0548,742.0,3619.0,0.125,0.099,0.104,3.0,0.385,0.823,0.0977,0.5296,0.3123,0.7828,0.813,0.2073,6.91,13.04,37.31,0.323,7.79,8.92,19.116,57.636,0.0724,0.0583,0.0445,0.024,0.1106,0.0995,0.0983,0.0622,1.7165,0.0695,0.0065,128.7933,0.1254,695.8008,0.0105,0.0185,0.0161,0.0398,50.8055,2.7625,0.0346,0.4781,0.0916,2.5593,30.8666,47.2227,27.8325,0.0942,3.0239,0.0463,1.405,0.0589,0.0192,316.9805,157.8533,5823.189049999999,1644.036,0.0526,0.0457,0.0496,0.9,0.0335,0.1276,0.3088,0.0361,0.0678,7.6205,0.2169,4.0258,0.0572,1.8185,3.5333,12.1462,0.0933,2.5794,3.8933,5.72,19.9598,0.0235,0.0243,0.0197,0.0111,0.0321,0.0538,0.0528,0.0294,0.7238,0.0222,0.0024,40.0078,0.0374,251.0047,0.0053,0.0137,17.2641,0.8281,0.0121,0.1592,0.0321,4.6088,0.6799,5.2073,4.6093,3.2694,1.4864,53.0016,21.0501,10.424,47.5629,2.5289,0.4566,1.9827,3.8868,298.58439999999996,523.9233,9.2285,4.9303,1.4246,4.1532,45.8333,63.5174,11.3398,0.9525,1.0316,0.8241,0.1196,7.2691,11.7352,2.1623,15.3116,4.6923,2.0173,18.5584,2.211,3.0112,6.8349,44.4195,2.6806,19.0485,64.7944,879.5748,260.2679,257.3727,0.0,0.0,0.0,93.816,22.6546,2.0032,2.8899,0.6732,7.2843,63.31987047269746,0.0,49.0296,181.4433,3.4882,4.3036,7.35,0.1172,4.7635,7.4684,4.0807,6.401,71.038,15.11,0.37,5.8339,0.1406,32.9326,3.8571,0.5209,0.6098,0.1946,48.2835,4.98,0.0877,2.0902,0.0382,1.8844,15.4662,536.9836,1.8675,7.47,0.222,2.5609,0.0674,1.3911,11.8876,0.0177,3.5492,0.026,0.0136,52.1827
-1.0,3232.6099999999997,2223.5333,0.8714,97.2189,1.3511,0.012,-0.0049,196.8531,12.1514,424.4775,0.9783,187.2392,12.4933,1.4038,-3664.25,3147.6667,1.3045,1.9928,7.3738,67.9,1.9222,0.1564,85.4593,8.7326,63.9602,66.2215,86.441,78.98,3.128,363.2718,140.1118,746.0321,0.9143,136.24,639.6236,142.1894,4.592,4.819,2876.0,0.9205,-0.3773,361.8891,10.4607,119.7345,8.5627,20.3773,25.9834,720.0486,149.4373,631.0609,91.3364,-0.0057,-0.0163,0.0205,-0.0063,-0.0012,-0.056650000000000006,-0.0373,7.222,0.1263,0.99,1839.0217,0.1867,9184.45,0.1556,-0.0223,-0.0343,0.0967,0.4330276989802432,0.953,790.2035,0.9867000000000001,56.4055,0.6031,0.9819,6.3153,15.74,2.431,15.8,15.77,0.9885,0.4492,3.578,0.6623,0.8781,2.3187,1004.653,71.0,151.3,111.4,62.8,623.677,0.1098,0.1491,0.0516,0.0674,0.0066,3.8663,6.074,5.617,0.0062,0.41,0.0803,179.0,8244.0,0.182,0.07,0.136,2.6,0.461,0.5349,0.1591,0.5057,0.3306,0.6916,0.856,0.1416,6.36,13.55,18.586,0.466,15.52,14.12,23.972,100.894,0.0788,0.0711,0.0576,0.0893,0.1069,0.0951,0.0185,0.1581,2.7361,0.0408,0.0018,187.6508,0.0426,1937.5005,0.0174,0.0117,0.050663864871495934,0.0153,217.5815,3.8246,0.0159,0.2463,0.1283,4.5384,18.1881,56.813,37.0411,0.0349,2.7627,0.0507,1.8224,0.0765,0.0299,81.3736,146.5196,398.2281,4325.3344,0.0755,0.0306,0.071,0.7762,0.0436,0.1497,0.2192,0.0647,0.1356,7.987,0.3138,4.59,0.041,1.8421,3.917,6.9306,0.1484,4.0104,5.0486,7.0597,28.3707,0.0251,0.0314,0.0257,0.0387,0.0301,0.0532,0.0084,0.0799,0.9989,0.0156,0.0005,59.3701,0.0139,591.0801,0.007963822590342964,0.0045,63.401,1.0262,0.0053,0.0891,0.0416,5.0152,1.3978,3.1984,4.622,4.8926,2.8243,46.1236,12.6007,11.0359,49.9862,1.3233,0.6311,3.2818,5.7172,23.0061,261.9083,13.9517,3.5127,1.8444,3.8292,78.0347,94.6023,13.0275,0.6259,1.8213,0.7906,0.3498,6.4167,11.5051,2.368,15.4835,4.6682,2.1184,13.0713,2.0715,4.4548,5.5289,181.2518,3.3292,7.2446,110.4642,0.0,312.5275,435.0792,0.0,0.0,29.4703,423.8606,37.8862,2.3747,1.6869,0.1781,10.2038,22.8025,594.2857,38.7824,0.0,10.1295938941489,1.6025,27.5349,0.2453,6.7805,3.8996,5.5321,11.6176,75.332,15.7,0.91,6.957,0.362,59.5219,3.8508,1.208,0.2019,0.0509,18.888,6.39,0.2759,2.5679,0.1091,2.5254,31.9165,534.3264,1.5887,5.4,0.2039,1.8036,0.054,1.0106,12.833,0.0243,4.8547,0.0298,0.0208,69.9837
-1.0,2998.06,2223.5333,0.8714,97.2189,1.3454,-0.0032,0.0028,197.2059,10.2245,423.5405,0.9758,187.1494,12.6037,1.3928,-3624.5,615.25,0.67205,1.7109999999999996,3.5215,72.7556,1.8778,0.1486,84.0132,9.152,64.2079,66.0632,86.236,78.21,2.808,349.2,141.7891,734.3837,1.3232,138.9373,629.9264,198.4495,4.538,4.772,2852.0,0.9306,-3.9073,350.4464,10.3362,117.8818,14.3964,23.9073,30.5276,703.8561,147.2018,615.53,110.2461,-0.0191,-0.0221,0.0113,-0.0055,0.0114,-0.0013,0.02,7.406,0.1313,0.9911,1872.5133,0.1863,8694.69,-0.093,-0.0046,0.0705,-0.0089,0.4315452281782497,0.9468,733.7906,0.9898,56.7643,0.6047,0.9818,6.0609,15.74,4.775,15.8,15.77,1.461,0.8019,3.259,-0.0946,0.6595,2.2453,1015.5533,200.0,150.4,115.1,62.8,623.677,0.1098,0.1668,0.0386,0.0556,0.0106,3.5572,3.379,10.023,0.008,0.23,0.1043,364.0,253.0,0.247,0.21200000000000002,0.187,4.5,0.116,0.7358,0.26130000000000003,0.6199,0.4196,0.804,0.428,0.1576,7.64,21.98,51.551,1.306,21.37,16.83,30.67,91.997,0.077,0.0635,0.0509,0.0968,0.1077,0.0682,0.08,0.0349,5.4081,0.0789,0.0014,171.2301,0.0545,1830.2998,0.0146,0.0151,0.05364803111780064,0.0215,184.637,2.2537,0.0126,0.2543,0.0916,2.5593,37.9731,48.8907,34.5437,0.0349,2.7627,0.058,0.9682,0.0635,0.0348,183.3885,46.1158,117.037,106.4812,0.1109,0.09505000000000002,0.0841,1.7003,0.0312,0.0365,0.3063,0.0985,0.0881,6.3454,0.1391,9.2388,0.048,2.2662,6.8424,15.6724,0.3615,4.8319,4.9127,10.4888,30.9204,0.0233,0.0271,0.0218,0.0418,0.0311,0.0369,0.042,0.0165,1.7354,0.0256,0.0004,52.6728,0.0167,536.9343,0.012989492301082262,0.0079,57.8456,0.7755,0.0052,0.0837,0.0321,4.6088,0.6799,9.053150000000002,5.0166,4.6686,2.8243,46.1236,12.6007,12.3978,33.0482,2.3665,0.818,1.8249,7.4907,7.4217,41.1215,23.078450000000004,10.417850000000001,5.3102,6.1851,47.929,61.2565,5.4141,0.8758,2.9167,0.9655,0.3314,5.8992,10.2194,4.275,11.9081,5.4989,3.4893,25.9769,6.5349,12.6352,17.537999999999997,148.4397,4.3574,12.2925,83.447,403.6697,230.6994,764.9995,0.0,598.2456,0.0,174.5,73.0233,1.5998,3.2357,0.141,9.1444,29.2384,0.0,55.814,0.0,11.920024852252423,2.2728,25.1621,0.0767,3.9704,4.1949,4.0807,6.401,72.57,20.96,0.66,9.6555,0.2725,65.1647,5.2553,0.9095,0.3974,0.0715,38.5903,6.82,0.1199,2.7395,0.0556,2.6044,13.6088,529.31,2.286,7.62,0.2984,2.5652,0.1061,1.4396,13.0533,0.0151,3.005,0.0115,0.0142,122.9917
-1.0,2943.76,2190.7666,0.8017,84.34660000000002,1.3214,0.0009,-0.0074,199.1401,14.6762,419.9804,0.9736,189.4619,12.4267,1.4153,-3580.5,86.0,1.2833,1.9915,7.305,71.3889,2.5333,0.2157,85.0209,8.8054,64.1615,66.2641,86.2893,79.58,2.597,363.5445,139.9,747.0976,0.9166,136.1091,639.5536,147.228,4.592,4.819,2876.0,0.9205,-2.0718,363.4627,10.4988,117.8282,9.3546,22.0718,27.9451,719.1525,149.8873,631.1782,127.9445,-0.0199,-0.0094,-0.0202,0.0206,-0.0157,0.0007,-0.0434,7.8079,0.1347,0.9928,1838.9694,0.1669,9160.05,0.0772,0.0149,-0.0337,-0.0317,0.4332069834619522,0.9578,752.6073,0.9886,60.1589,0.5848,0.9802,6.3617,15.88,3.403,15.9,15.81,1.925,0.5353,3.451,-0.7709,0.8705,2.3301,1010.0694,120.0,219.0,176.3,27.9001,1015.8822,0.1014,0.0684,0.0832,0.0519,0.0151,10.1695,9.128,6.71,0.0116,0.24,0.0458,1147.0,1157.0,0.082,0.098,0.27,3.3,0.351,0.5073,0.0817,0.6815,0.3799,0.6053,0.749,0.1765,6.83,13.66,17.744,0.541,11.79,14.47,26.12,60.074,0.0803,0.0734,0.0507,0.0279,0.1063,0.098,0.1231,0.0443,3.5049,0.0883,0.0014,88.9279,0.0153,600.9004,0.0127,0.0194,0.059043480032814954,0.0071,66.962,3.7526,0.0311,0.3305,0.128,4.2447,27.2841,73.6543,64.9478,0.0332,3.2456,0.0217,3.1395,0.0658,0.0173,519.2747,338.1936,545.2856,566.4915,0.0341,0.0473,0.1164,1.1963,0.0432,0.1033,0.2105,0.0351,0.1003,7.132,0.2122,4.5867,0.045,2.0664,3.6932,5.4315,0.1568,3.7712,5.1257,7.4053,22.5639,0.0236,0.0315,0.0236,0.014,0.0303,0.0474,0.0615,0.0214,1.0929,0.0288,0.0004,33.7603,0.0058,219.1846,0.012328397883113818,0.002,23.3268,1.1836,0.0105,0.1185,0.0436,6.3715,1.2835,5.2921,7.4395,7.1032,1.2735,35.6365,12.6489,5.1763,62.196,1.5977,1.1914,1.9313,3.2332,36.9781,0.0,6.39,4.9209,3.6961,4.6226,35.5263,57.9598,10.8233,0.5967,0.9279,1.0622,0.3569,6.4696,11.015,2.4002,19.2543,5.018,2.1359,12.0521,2.0715,5.153,5.3298,126.0343,3.6321,14.005,46.9532,404.4067,0.0,137.7778,516.9605,625.1994,0.0,102.1326,44.8893,2.3758,3.6693,0.1406,4.8357,9.1842,0.0,32.4662,0.0,11.842584027180486,0.7391,8.8973,0.1377,6.2378,5.1957,5.4933,11.0135,73.18,17.41,0.61,7.3145,0.2562,102.717,4.2717,0.8336,0.2019,0.0509,18.888,5.54,0.2458,2.2522,0.1031,2.0814,30.5859,536.0709,2.1472,8.3701,0.264,2.9583,0.076,1.5614,12.293,0.0135,2.6977,0.0115,0.0142,122.9917
-1.0,3015.71,2204.6667,0.9152,103.9611,1.3868,0.0184,0.0035,205.2948,10.7448,422.4175,0.9647,195.8273,12.5318,1.4205,-3816.6667,92.0,1.3232,1.954,7.165,72.1556,2.3556,0.1826,83.8405,8.7164,64.3573,66.2013,86.3672,81.21,1.427,348.4927,142.1273,732.0894,1.3109,140.9991,631.6191,199.8245,4.602,4.832,2820.0,0.9317,1.3464,349.3518,10.1818,123.4736,11.2718,18.6536,25.6961,706.3933,147.5218,620.3473,100.1165,0.0105,-0.0284,0.0098,-0.004,0.0122,-0.0513,-0.0607,8.1317,0.1341,0.9903,1777.6835,0.18394795173472656,9017.471663961125,-0.0417,-0.053,-0.0073,-0.047,0.4316980875659231,0.9578,770.9484,0.9898,55.696299999999994,0.5933,0.9628,6.3627,15.85,2.175,15.88,15.87,1.031,0.4169,3.7820000000000005,0.0,0.8667,2.3367,1010.8564,101.0,85.4,86.1,56.7,408.0831,0.0811,0.23175000000000004,0.0793,0.0473,0.0229,8.2863,6.593,6.065,0.0186,0.4,0.0303,866.0,1100.0,0.09,0.103,0.238,4.1,0.654,0.7184,0.0885,0.455,0.3017,0.6572,0.588,0.1484,7.52,20.19,47.924,0.81,17.29,12.64,31.792,59.43,0.0812,0.0561,0.0561,0.0715,0.086,0.1197,0.0422,0.0689,3.4071,0.0404,0.0011,85.2867,0.05959780155041161,1168.6376255640355,0.0227,0.0204,0.03779866304799759,0.0074,34.0054,1.5146,0.0576,0.4083,0.1337,5.4799,26.4898,25.5269,28.1687,0.0283,1.7918,0.08085,1.9421,0.1166,0.0102,354.967,118.3286,2101.5666,506.6662,0.0402,0.0451,0.099,1.3116,0.0364,0.2155,0.2733,0.0409,0.1014,6.7639,0.1879,9.0978,0.0437,2.0192,5.9867,16.5726,0.2173,3.4991,3.7292,10.2883,19.4472,0.0234,0.0235,0.0294,0.0342,0.0251,0.0612,0.018,0.0302,1.0743,0.017,0.0004,26.036,0.018372483024108696,363.99661774883214,0.0152907989405133,0.0025,10.8901,0.4622,0.0204,0.136,0.0461,8.1977,2.01,4.5431,2.8318,3.4011,2.5718,37.828,8.8588,16.1177,61.3598,1.4358,1.9301,3.1919,2.1345,107.1354,0.0,6.8014,5.2712,3.3217,5.6822,42.4528,62.9945,19.1129,0.8569,1.0152,0.707,0.1319,6.4679,9.8363,4.1409,11.324,5.3334,3.1965,23.983,7.1569,7.9554,17.537999999999997,153.3912,4.5006,27.1558,59.3609,775.179,174.2236,729.5918,0.0,979.1411,82.2612,113.5558,41.8988,2.3861,1.6621,0.1127,4.7976,29.823700201252972,914.2857,47.0588,757.8947,12.01756742065455,0.7714,4.4109,0.0654,2.7263,6.4169,5.7227,14.0018,74.378,20.12,1.35,9.8929,0.5476,27.83,4.9721,1.8151,0.327,0.0665,32.5471,4.98,0.0877,2.0902,0.0382,1.8844,15.4662,532.1618,2.1401,7.11,0.4659,2.4357,0.1286,1.3361,21.7713,0.0196,3.9229,0.0128,0.0113,88.1365
-1.0,2930.66,2187.3444,1.5876,85.4189,1.2872,-0.0117,0.0286,205.7439,10.9312,418.7533,0.966,196.0574,12.3937,1.4197,-3671.5,434.25,0.67205,1.7109999999999996,3.6015,74.7778,1.8,0.137,83.8792,8.6024,64.5517,65.9525,86.8309,79.8,2.243,364.5036,138.02,747.2171,1.3175,145.2373,647.7609,168.8753,4.4879999999999995,4.747,2918.0,0.9097,-1.8045,362.14,10.6895,116.2155,17.2736,21.8045,30.1905,717.0266,152.1318,630.4873,89.1839,-0.0185,-0.013,-0.034,-0.0194,0.0338,-0.0361,-0.0625,7.5892,0.1318,0.9884,1754.6661,0.2025,8537.2601,0.2309,0.0781,-0.0841,0.0365,0.4217006157501573,0.9447,712.5588,0.9897,58.5008,0.5942,0.968,6.3306,15.73,4.722,15.77,15.73,1.21,0.7753,3.179,-0.1892,0.6153,2.2544,1001.6042,96.0,87.2,77.6,26.599799999999988,614.2949,0.3585,0.09,0.0475,0.049,0.0277,10.0866,12.078,11.839,0.0159,0.24,0.0267,378.0,311.0,0.206,0.21200000000000002,0.245,2.7,0.101,0.447,0.1694,0.5823,0.2034,0.7299,0.461,0.2188,4.15,14.05,41.164,0.524,13.51,12.47,24.171,87.564,0.0677,0.0593,0.0464,0.0239,0.0948,0.1083,0.0185,0.057,4.7676,0.0349,0.0077,92.5856,0.1254,673.5996,0.0201,0.0136,0.05882881571315984,0.0322,49.3846,2.4578,0.0201,0.419,0.0817,3.4701,25.1548,28.4471,24.5653,0.1132,2.8455,0.0326,3.6662,0.0582,0.0089,155.906,28.5818,98.5985,131.5811,0.0898,0.09505000000000002,0.1201,0.8857,0.0303,0.0335,0.1774,0.069,0.0796,6.6992,0.1368,4.6402,0.0578,1.4526,3.6404,13.1095,0.1457,3.6739,5.8156,6.9691,23.9942,0.0205,0.0267,0.0209,0.0107,0.0301,0.0555,0.0088,0.0264,1.6507,0.0118,0.0023,31.2982,0.0374,193.1309,0.011644270925692084,0.011,12.9277,0.6935,0.0078,0.1397,0.0281,4.8083,1.1947,4.359,2.9754,3.0571,1.259215111510735,21.3086,22.581,6.9921,110.4913,2.8272,1.6506,1.9365,1.8792,6.3734,71.6177,23.078450000000004,10.417850000000001,6.8027,3.6107,38.8889,69.3431,4.5988,0.5329,1.969,0.9021,0.1166,5.8052,11.9113,2.4263,16.6075,2.8574,2.169,24.3754,1.9551,4.902,3.7775,78.2117,3.371,16.0332,98.1836,365.4521,0.0,70.2941,488.0309,320.1774,51.2821,91.2,62.8212,2.4277,1.4637,0.7815,5.2765,63.31987047269746,0.0,42.0438,466.6667,11.533465684081943,3.4063,6.9306,0.0793,4.2013,6.6183,3.6235,7.7788,77.388,17.09,0.3,7.0335,0.1182,61.6571,4.2607,0.3877,0.2489,0.0455,24.6378,4.98,0.0877,2.0902,0.0382,1.8844,15.4662,536.9836,1.8675,7.47,0.222,2.5609,0.0674,1.3911,11.8876,0.0127,2.5505,0.0091,0.0169,185.8369
-1.0,3142.21,2223.5333,0.8714,97.2189,1.3465,-0.0054,-0.017,197.6639,12.8377,417.7611,0.9691,188.1801,12.4096,1.3957,-2662.25,1930.0,1.2725,1.97,7.3145,72.9667,1.7889,0.1361,86.7232,8.3271,64.0969,65.9364,87.0707,63.93999999999998,5.041,364.6964,139.4373,749.0056,1.2759,142.2245,646.3582,167.1114,4.4879999999999995,4.747,2918.0,0.9097,-4.4309,361.9064,10.7565,115.0064,22.5082,24.4309,35.1566,713.8489,146.9373,623.85,80.979,-0.0346,-0.0442,-0.0487,-0.0067,-0.026,-0.0086,-0.0721,7.5396,0.1289,0.986,1756.7379,0.1632,9355.37,0.1017,-0.0344,-0.0803,-0.0011,0.4530081381384701,0.9423,798.4615,0.9897,58.7752,0.5898,0.9794,6.1656,15.74,4.635,15.77,15.75,1.513,0.7813,3.325,-1.088,0.42800000000000016,2.2785,1011.88,115.0,156.0,112.5,62.8,623.677,0.1098,0.1118,0.0646,0.066,0.0171,7.9768,8.902,7.022,0.014,0.3,0.0344,534.0,12686.0,0.091,0.098,0.166,2.7,0.535,0.7345,0.1843,0.5273,0.4718,0.8375,0.88,0.2081,7.73,14.17,38.454,0.625,13.84,14.04,21.727,135.056,0.082,0.0627,0.0443,0.0262,0.1041,0.0874,0.085,0.0204,2.5245,0.0645,0.0027,126.4283,0.0286,1186.7998,0.0133,0.0154,0.03974615351755795,0.0366,90.3392,2.7484,0.0375,0.4005,0.0999,3.6156,28.2828,51.812,44.8048,0.0349,2.7627,0.0347,2.3251,0.0913,0.0117,272.3789,332.495,1792.5389,7018.1135,0.0422,0.0435,0.0791,1.0,0.0516,0.1623,0.2893,0.0693,0.044,8.4078,0.2713,4.4708,0.0605,2.1323,4.0869,11.0696,0.1843,4.129,4.2589,6.2797,43.1295,0.0216,0.0317,0.0186,0.0121,0.0304,0.0474,0.0436,0.0092,0.9359,0.0235,0.0009,38.2038,0.008,376.7887,0.006983320961203609,0.0131,32.3035,0.8349,0.0124,0.1354,0.0368,3.595,1.2929,5.0766,4.9647,4.7073,2.8243,46.1236,12.6007,8.3032,69.3425,1.6809,1.4398,2.4175,2.4633,144.5018,657.3057,7.1513,4.9746,2.2695,3.7003,61.4907,108.7347,15.0535,0.8469,2.2129,0.8227,0.4351,7.3376,11.3671,2.3117,16.3138,5.4351,2.1923,23.011,1.9551,5.8104,3.5302,61.4887,3.0436,22.2981,166.779,237.1227,331.746,53.7712,0.0,336.1538,991.2536,28.294,33.4834,2.6386,2.6342,0.2767,7.1968,17.5188,0.0,26.2741,691.8919,9.337224411506662,3.8892,11.3142,0.1209,4.6761,6.4963,4.3832,5.638,71.72,19.92,0.75,8.4412,0.2977,110.2345,4.9529,1.0457,0.3974,0.0715,38.5903,3.18,0.231,1.1594,0.0861,1.1921,31.3757,526.2355,2.1114,8.15,0.2497,2.8447,0.0728,1.5487,11.8247,0.0252,4.9959,0.0091,0.0169,185.8369
-1.0,2977.74,2192.7889,1.9935,104.5867,1.4241,-0.0043,-0.0012,197.2154,8.9226,399.1635,0.9747,186.7007,12.4267,1.3915,-3568.5,-437.5,1.3058,1.9625,7.2393,72.7889,2.3444,0.1779,88.2693,7.64565,65.0056,66.396,87.2358,80.85,4.155,356.8182,149.1136,749.2785,1.2163,134.8845,640.8164,221.3933,4.564,4.794,2883.0,0.9304,-2.1155,357.9709,9.9633,126.9982,9.4814,22.1155,25.8775,723.401,147.3955,632.3645,171.74984999999998,-0.0067,-0.0388,-0.0325,0.0102,-0.0122,-0.056650000000000006,-0.0623,6.7207,0.1413,0.9708,1785.2521,0.1691,8847.39,0.1654,-0.0233,-0.0681,-0.1163,0.44413755818840495,0.9536,736.7056,0.9896,58.2458,0.5934,0.9812,6.3603,15.74,4.635,15.77,15.75,1.513,0.7813,3.325,-1.088,0.42800000000000016,2.2785,1011.88,104.0,87.4,121.1,57.7,644.683,1.0612,0.23175000000000004,0.0414,0.0714,0.0151,4.0358,5.747,4.904,0.0098,0.24,0.0471,856.0,1967.0,0.143,0.037,0.285,2.1,0.368,1.153,0.1057,0.4827,0.2214,0.944,0.384,0.108,3.16,18.57,41.772,0.544,16.08,4.69,24.97,47.5,0.0755,0.0652,0.0799,0.0119,0.1016,0.117,0.0704,0.0738,3.0482,0.0333,0.002,146.7935,0.029,641.9004,0.0291,0.0194,0.048932946835967495,0.0138,66.4055,3.2866,0.0279,0.2517,0.0999,3.6156,27.6624,26.2132,44.8352,0.36060000000000003,1.835,0.0717,1.9837,0.0658,0.0166,408.3336,124.5187,676.0165,840.9433,0.0762,0.0157,0.1308,0.69,0.0395,0.1403,0.4707,0.0418,0.0485,5.7323,0.1197,7.1052,0.0331,0.9783,5.4133,13.641,0.1918,1.4979,1.9396,8.2409,16.552,0.024,0.0287,0.0376,0.0051,0.03,0.0569,0.0311,0.0327,1.2328,0.0117,0.0006,44.3981,0.01,188.0678,0.014593141549822296,0.0051,22.1358,1.1426,0.0091,0.0956,0.0368,3.595,1.2929,4.8145,2.9351,4.6372,2.6314,50.8191,64.9361,16.1177,64.4092,1.2286,1.0047,1.9313,3.3826,43.2675,449.6,10.9516,1.8854,3.9369,2.8851,42.654,69.7064,10.4621,1.0918,1.3907,0.6338,0.6795,5.053,4.9291,3.0832,8.8808,2.3427,2.8979,18.8678,5.0386,5.4601,5.5828,169.5952,3.4517,8.8797,27.1926,0.0,0.0,36.6436,999.1395,960.9856,87.8353,118.5542,45.3555,3.1047,1.4057,0.2049,8.2226,17.1801,0.0,47.6089,960.0,12.134536529725438,1.4478,9.0138,0.0779,5.6427,3.958,4.3832,5.638,73.248,14.06,0.85,6.3642,0.3433,35.2166,3.5919,1.1604,0.3136,0.0737,29.8161,4.98,0.0877,2.0902,0.0382,1.8844,15.4662,534.3264,1.5887,5.4,0.2039,1.8036,0.054,1.0106,12.833,0.0165,3.2961,0.0363,0.0135,37.2277
-1.0,3042.45,2191.3556,1.4549,97.1556,1.3345,0.0085,0.0097,196.752,12.7776,413.289,0.9755,186.4429,12.3869,1.4326,-6375.125,-2980.0,1.3335,2.0065,7.448,71.7,1.7556,0.1571,86.7232,8.3271,64.0969,65.9364,87.0707,63.93999999999998,5.041,344.3245,143.81,731.3436,0.9224,139.42,627.5545,142.8061,4.605,4.834,2803.0,0.9332,-3.6509,348.3382,10.1326,120.1591,5.9923,23.6509,29.6804,701.6633,155.1155,623.6127,102.0092,-0.0156,-0.0454,-0.0552,0.0013,0.0027,-0.0142,-0.0717,8.1309,0.1378,0.9901,1800.3704,0.1635,8709.7301,0.1122,0.067,-0.0458,0.0361,0.45417713911338986,0.9572,756.0542,0.9894,59.6947,0.5777,0.9648,6.4518,15.74,4.635,15.77,15.75,1.513,0.7813,3.325,-1.088,0.42800000000000016,2.2785,1011.88,103.0,81.0,79.6,60.4001,329.892,0.2045,0.1082,0.0522,0.0585,0.011,3.7667,12.321,5.996,0.0086,0.2,0.0861,739.0,13617.0,0.076,0.154,0.345,1.7,0.713,0.7345,0.1843,0.5273,0.4718,0.8375,0.524,0.0731,5.62,16.88,20.238,1.168,11.47,10.08,32.3979,68.773,0.0455,0.0629,0.0278,0.0513,0.115,0.1095,0.0964,0.0934,2.8427,0.0494,0.001,95.624,0.0244,1028.2998,0.0132,0.0133,0.06124275691186504,0.0139,101.8042,2.2709,0.0312,0.4005,0.0999,3.6156,26.0095,23.972,23.5957,0.0724,1.3259,0.041,4.2107,0.0567,0.0368,308.3083,206.2369,5823.189049999999,7649.7202,0.034,0.0668,0.1499,0.6245,0.0353,0.2218,0.2893,0.0693,0.044,6.2494,0.1522,8.3823,0.0254,1.6113,5.3942,5.3991,0.3126,3.0092,2.9107,10.2124,25.0575,0.0173,0.0266,0.0117,0.0228,0.0313,0.0568,0.049,0.0429,1.1413,0.0195,0.0003,33.3723,0.0071,372.1767,0.011269846233889299,0.0049,37.8993,0.71,0.0114,0.1228,0.0368,3.595,1.2929,4.7464,2.6623,3.1451,2.7563,29.6805,14.0551,8.1078,96.4263,1.4508,0.881,1.6146,6.0129,267.9262,456.9463,5.6993,7.6751,4.6321,2.371,39.8734,69.3777,20.3604,0.8469,2.2129,0.8227,0.4351,5.3177,8.8311,3.8459,7.922,4.031,2.6898,14.1717,7.4471,11.5271,17.537999999999997,191.4135,4.6173,20.9173,67.4184,291.9006,0.0,93.019,0.0,0.0,677.6801,130.265,34.9614,1.8142,2.0323,0.1038,5.3114,14.9205,575.1351,39.9202,422.2222,10.798767907124391,1.4514,13.4652,0.0865,3.8043,6.2071,4.3832,5.638,73.254,14.53,1.33,6.7381,0.5058,27.0176,3.6251,1.8156,0.6788,0.112,54.6099,9.31,0.0667,3.8204,0.0257,3.4414,10.9698,528.7918,2.0831,6.81,0.4774,2.2727,0.1495,1.2878,22.9183,0.0143,2.8637,0.0363,0.0135,37.2277
-1.0,3051.2,2190.7666,0.8017,84.34660000000002,1.3226,0.0025,0.0085,198.5596,13.4235,422.4587,0.9808,188.8572,12.479,1.3872,-4173.25,94.0,1.294,2.0002,7.3335,74.3667,2.8333,0.2082,84.1818,9.2189,64.0575,66.0288,86.6498,77.7,3.051,362.4545,143.9145,751.587,0.8728,136.1236,642.4927,141.2025,4.594,4.823,2874.0,0.9187,-2.5382,364.6755,10.237,121.3764,6.8877,22.5382,29.1744,722.4126,150.7482,636.8,124.5219,-0.0174,-0.0336,-0.0491,0.0147,0.0037,-0.0223,-0.0674,7.6743,0.1452,0.9758,1759.9908,0.1842551004059444,8557.967468727325,-0.0757,0.0102,-0.023,0.0561,0.4472693084870357,0.9385,681.8888,0.9894,58.4712,0.594,0.9685,6.1396,15.74,4.635,15.77,15.75,1.513,0.7813,3.325,-1.088,0.42800000000000016,2.2785,1011.88,96.0,104.6,73.6,27.9001,1015.8822,0.1014,0.1419,0.0545,0.0671,0.0069,9.9167,7.586,6.212,0.0054,0.23,0.0907,967.0,936.0,0.186,0.141,0.188,5.3,0.437,0.6269,0.26130000000000003,0.5831,0.4214,0.7039,0.832,0.1207,7.64,13.43,21.878,0.934,12.28,7.88,22.699,65.226,0.0969,0.0458,0.0363,0.0084,0.0992,0.1389,0.0824,0.0963,3.8487,0.0617,0.0113,225.3136,0.05747213150119451,1106.3616009449916,0.0226,0.0149,0.059187486433913694,0.0328,107.6641,3.1246,0.06409999999999999,0.4496,0.0999,3.6156,26.0072,33.7244,21.1165,0.0332,3.2456,0.0413,2.3697,0.0592,0.0324,445.2243,251.9934,1440.4114,392.8384,0.0859,0.0654,0.0778,1.6225,0.0289,0.1346,0.2642,0.0985,0.1078,8.1182,0.3033,5.058,0.0352,2.6602,3.7901,6.7157,0.3111,2.58,3.7634,6.628,18.6623,0.025,0.0202,0.0163,0.0042,0.0298,0.0664,0.0419,0.0445,1.5684,0.0245,0.0034,68.971,0.016964137126289233,340.5380582608234,0.01223110566544372,0.012,34.5218,0.9584,0.0204,0.1502,0.0368,3.595,1.2929,4.4611,3.4282,3.0646,1.2735,35.6365,12.6489,10.7288,56.513,1.4704,0.5546,1.8431,6.5392,74.1389,878.8110999999999,14.374,7.0491,2.5636,7.1268,35.2941,40.8218,12.893,0.7447,2.9167,0.9103,0.284,6.4367,9.7627,2.7824,13.8331,5.6125,2.0903,15.4941,3.9799,9.1238,5.4953,178.2888,3.1421,13.003,52.3811,556.2971,180.1377,17.1254,673.1128,0.0,369.5067,142.7724,50.1505,3.5807,2.5797,1.1626,12.802,31.629047887845825,0.0,30.8582,0.0,12.293346166880799,3.4946,15.7891,0.1167,5.3439,7.3236,4.3832,5.638,73.254,14.53,1.33,6.7381,0.5058,27.0176,3.6251,1.8156,0.6788,0.112,54.6099,4.98,0.0877,2.0902,0.0382,1.8844,15.4662,528.7918,2.0831,6.81,0.4774,2.2727,0.1495,1.2878,22.9183,0.0115,2.3059,0.0153,0.023,149.8127
-1.0,3028.34,2179.7333,1.4843,84.34660000000002,1.3307,-0.0077,0.0046,197.2747,8.852,414.6622,0.9698,187.024,12.3937,1.4058,-6375.125,-1109.25,1.3255,1.9918,7.2343,72.4889,2.5111,0.2049,85.9625,8.7552,64.1204,66.2133,86.438,78.72,3.074,363.6891,128.6345,731.9676,1.0905,141.6718,633.9955,59.3627,4.4879999999999995,4.711,2915.0,0.9091,4.4209,361.1209,10.8385,113.0555,11.7637,15.5791,19.1247,712.8429,148.0555,622.2318,123.7995,-0.0446,-0.0449,-0.0197,0.0019,-0.0432,-0.012,-0.0675,7.7328,0.1329,0.9903,1777.6835,0.16265532386266968,9026.187657645158,-0.0417,0.1302,-0.0312,-0.1536,0.4416645520020932,0.9565,773.9208,0.9899,56.0862,0.6048,0.9665,6.3101,15.74,4.775,15.8,15.77,1.461,0.8019,3.259,-0.0946,0.6595,2.2453,1015.5533,102.0,82.6,105.8,32.3999,1015.8822,0.3124,0.0793,0.0416,0.0698,0.0203,6.7384,5.245,11.651,0.0123,0.24,0.0384,1264.0,2148.0,0.13,0.088,0.316,3.8,0.623,0.7793,0.0421,0.4885,0.2656,0.6352,1.097,0.2066,9.86,12.44,29.981,0.376,11.95,5.85,17.914,20.655,0.0749,0.0574,0.0458,0.0256,0.0512,0.0874,0.0961,0.0391,5.0355,0.0844,0.0011,85.2867,0.056510667798963105,1114.0584163790488,0.0286,0.0178,0.05317331660536556,0.0111,55.3047,1.7839,0.0482,0.3705,0.0916,2.5593,27.7739,25.5454,34.4165,0.0942,3.0239,0.0308,1.6219,0.0582,0.0143,667.2576,198.221,5823.189049999999,1027.2975,0.0591,0.0402,0.1413,1.2454,0.0316,0.2034,0.2831,0.0168,0.1038,9.080550000000002,0.309,4.1487,0.0605,3.003,3.5106,11.2839,0.1213,2.1211,2.4389,4.9975,6.611,0.0188,0.0255,0.0196,0.0128,0.0141,0.0388,0.0484,0.0173,1.5513,0.0265,0.0004,26.036,0.01895713119973648,381.1028351664089,0.011890902800146201,0.0042,21.2276,0.5317,0.0165,0.1315,0.0321,4.6088,0.6799,4.6536,2.7276,4.2325,1.4864,53.0016,21.0501,5.9594,59.2522,2.8098,1.2645,1.9365,2.7309,149.092,193.6444,9.8076,4.4182,4.3681,5.2422,39.823,43.4382,18.7037,0.9066,0.481,0.7618,0.377,7.0032,12.1585,2.1081,18.9486,6.9597,1.9622,50.5048,2.6025,3.4691,9.5086,101.5839,2.513,12.543,16.6842,168.1021,0.0,130.2799,0.0,202.3148,804.1841,57.883,65.1189,3.3119,3.4613,0.1127,4.7976,34.37066271161457,0.0,55.0206,217.1429,12.076889435684592,1.1647,7.146,0.0802,3.1807,5.8709,4.0807,6.401,73.264,17.15,0.94,7.9391,0.4032,61.9805,4.2696,1.283,0.3553,0.0929,32.3812,11.969999999999999,0.266,4.532500000000001,0.1212,4.638249999999999,38.05341532073962,532.1618,2.1401,7.11,0.4659,2.4357,0.1286,1.3361,21.7713,0.0189,3.8027,0.0139,0.0097,70.2425
-1.0,3068.78,2217.4111,1.4802,101.3511,1.4994,0.0,-0.006,204.6972,11.004,408.419,0.9685,194.8254,12.4055,1.3906,-3766.5,-983.75,1.0685,1.8135,5.1885,75.5778,1.6,0.125,83.7826,8.4768,64.3889,65.9402,86.7188,81.63,2.34,352.2827,145.7736,741.0388,1.2215,137.3973,635.4536,230.0452,4.653,4.908,2805.0,0.9312,0.5773,357.4782,9.678249999999997,126.3509,6.9914,19.4227,27.5901,713.4487,147.5245,631.3536,112.7761,-0.0223,-0.0305,-0.0071,0.0005,-0.0201,-0.056650000000000006,0.0181,7.5705,0.1292,0.9716,1878.3495,0.1775,8707.69,0.0963,-0.0939,-0.0155,0.0709,0.4429782220649874,0.9489,741.2251,0.9889,59.5695,0.598,0.9649,6.3128,15.74,4.678,15.76,15.75,1.404,0.7567,3.169,-0.8988,0.5922,2.2869,1002.1417,126.0,108.4,74.5,55.5,328.512,0.1825,0.23175000000000004,0.0487,0.0676,0.0193,12.8839,7.874,8.031,0.0166,0.23,0.0824,432.0,799.0,0.039,0.025,0.264,2.4,0.153,0.6805,0.1259,0.5613,0.255,0.5347,0.755,0.1064,9.46,16.62,64.809,0.899,12.3,12.43,38.322,113.936,0.1191,0.0554,0.0614,0.1092,0.1272,0.1316,0.0421,0.1305,3.0438,0.0431,0.013699999999999999,132.1595,0.0326,918.9004,0.0161,0.0075,0.0363692612830292,0.0182,93.9465,3.8602,0.0484,0.3134,0.0929,2.1538,34.1254,33.4405,24.3523,0.0584,2.2199,0.08085,2.5795,0.0654,0.0317,193.5019,44.3349,201.7961,358.1781,0.0185,0.0115,0.1224,0.7345,0.034,0.0527,0.2823,0.0562,0.094,6.9072,0.2116,7.3586,0.0351,2.8807,5.1162,16.2835,0.3234,3.9902,5.1645,11.6036,32.9611,0.0346,0.0243,0.0289,0.0476,0.0333,0.0632,0.0192,0.069,1.1536,0.0158,0.0046,45.6055,0.01,312.4615,0.014558297286615292,0.005,27.8971,1.2009,0.0175,0.1054,0.0339,3.9965,0.8686,5.3097,3.5323,3.0377,2.5029,31.8238,12.3273,16.1177,71.5558,1.9664,1.7093,1.854,5.9263,11.3102,81.2198,3.65,1.3785,5.0882,3.1755,68.75,79.2,3.2135,0.8122,1.4849,0.8717,0.2014,6.8638,5.9613,3.4408,8.714,6.8851,2.6155,28.1723,5.4518,9.458,8.3972,175.9312,5.3714,10.145,101.0285,534.2304,615.5556,0.0,0.0,653.913,42.8826,720.9945,40.2054,2.1676,1.7597,1.3944999999999999,7.0359,18.3657,0.0,21.646,411.8812,12.092144935371882,1.9144,12.6745,0.1634,6.4802,4.9649,4.0619,5.0447,71.784,17.99,1.13,8.0683,0.4545,142.8333,4.4964,1.5742,0.7661,0.1838,57.0019,6.62,0.2406,2.4898,0.1072,2.47,28.4126,532.7627,2.2678,7.5,0.2171,2.5324,0.0698,1.4078,9.5747,0.0193,3.8875,0.0139,0.0097,70.2425
-1.0,3072.29,2177.0333,1.5726,98.7978,1.2963,-0.0059,-0.0077,197.2896,12.7014,429.1395,0.9795,187.9379,12.651,1.406,-3748.75,-680.75,1.2855,1.975,7.3375,72.2778,1.9111,0.1366,84.0773,9.065,64.0426,66.0862,86.3325,77.37,2.478,346.77,146.2691,737.2773,1.3113,140.6482,633.6873,212.743,4.602,4.832,2820.0,0.9317,-0.1882,351.1755,9.8079,126.0809,16.2055,20.1882,29.5672,707.7101,140.2255,617.4818,159.4965,-0.0082,-0.0278,-0.0196,-0.0056,0.0147,-0.0101,-0.0591,8.1731,0.1292,0.9927,1802.9606,0.19487716149269463,8766.381498761752,-0.0085,-0.0474,-0.0498,-0.2049,0.4776459093604004,0.9462,745.8543,0.9894,58.2202,0.5917,0.9675,6.3093,15.72,4.682,15.76,15.72,1.385,0.8266,3.381,-0.9934,0.655,2.2604,999.4826,104.0,184.6,120.4,63.6001,365.1101,0.1737,0.1956,0.0362,0.0565,0.0079,3.7777,15.976000000000003,7.108,0.0052,0.25,0.0439,1038.0,2172.0,0.163,0.103,0.33,4.2,0.645,0.7106,0.242,0.6098,0.3182,0.6666,0.505,0.0873,4.76,18.44,25.074,1.398,25.42,13.26,30.995,35.436,0.106,0.0138,0.0334,0.015,0.103,0.0824,0.1125,0.0699,2.4953,0.0783,0.0009,90.6754,0.06767858822260883,907.254076512691,0.0296,0.0323,0.05618430368172664,0.0213,131.8658,4.0263,0.0292,0.4591,0.0905,4.1069,27.9508,53.4473,39.1039,0.0574,2.135,0.0687,4.7296,0.0571,0.0154,450.6916,292.373,964.3182,1007.2998,0.0703,0.0488,0.1516,1.2316,0.0322,0.2063,0.2754,0.092,0.0439,5.9,0.1346,9.3258,0.0296,1.4933,5.7253,7.0865,0.45265,3.8097,2.815,9.6557,11.6065,0.0273,0.0057,0.0174,0.007,0.0267,0.0399,0.0509,0.0299,0.8659,0.0268,0.0003,28.1998,0.019144936371188234,329.52384536714254,0.014563570056696184,0.0072,48.1995,1.2527,0.012,0.1583,0.0308,6.176,1.315,4.8794,6.0085,5.1142,2.9214,30.8441,11.0484,15.0887,132.6865,1.6563,0.5358,1.9761,3.1217,61.6739,319.0599,12.6799,5.2152,4.4974,5.8109,52.3256,77.6241,19.9773,0.8452,2.6702,0.9522,0.2657,4.8447,9.3458,4.1691,6.6612,3.3843,2.91,11.786,7.1569,14.2538,17.537999999999997,156.8605,4.3796,19.0365,22.2174,0.0,160.0,76.6284,0.0,560.5442,0.0,118.3242,30.5308,1.7025,3.2085,0.087,5.0293,30.719760829354477,0.0,35.9788,705.8824,12.493398509812769,2.2515,17.6798,0.1101,6.9157,7.2762,4.0059,10.6207,73.254,14.53,1.33,6.7381,0.5058,27.0176,3.6251,1.8156,0.3105,0.0696,32.1048,7.93,0.1207,3.4115,0.0489,3.1541,20.5451,532.1618,2.1401,7.11,0.4659,2.4357,0.1286,1.3361,21.7713,0.0108,2.157,0.0101,0.014,138.3371
-1.0,2959.86,2192.7889,1.9935,104.5867,1.4599,-0.0075,-0.0109,196.7724,13.0184,422.0214,0.9712,186.483,12.3896,1.424,-3554.0,-478.25,1.3062,2.026,7.252,72.2667,2.4222,0.1866,83.3726,8.7512,64.4292,66.1116,86.446,79.55,2.586,345.2755,141.3564,730.0804,1.356,144.0418,630.6736,208.3201,4.605,4.834,2803.0,0.9332,-2.2382,347.3691,10.21,119.1182,10.0306,22.2382,30.0506,700.0298,155.2618,621.7491,110.4156,-0.0012,-0.0152,-0.033,0.0001,0.0009,0.0074,-0.0641,7.9156,0.1319,0.9914,1845.2409,0.1725,9473.2401,-0.0743,0.0707,0.0607,0.0076,0.44382464870709826,0.9529,774.396,0.9897,58.2971,0.5847,0.9637,6.4947,15.74,4.775,15.8,15.77,1.461,0.8019,3.259,-0.0946,0.6595,2.2453,1015.5533,200.0,170.0,122.6,57.7,644.683,1.0612,0.1846,0.038,0.044,0.0167,7.9123,8.463,8.321,0.0123,0.23,0.0327,943.0,3846.0,0.166,0.071,0.197,3.6,0.769,0.4433,0.1044,0.4988,0.2631,0.5958,0.331,0.1018,7.62,19.47,69.227,1.019,19.01,10.49,33.436,95.694,0.0891,0.0538,0.0277,0.0651,0.1067,0.0746,0.0757,0.0788,3.0604,0.0783,0.0022,122.7334,0.0304,1437.0996,0.0095,0.0156,0.05471058948992691,0.0131,63.4666,3.9464,0.0237,0.4652,0.0916,2.5593,35.5939,53.4029,33.3828,0.36060000000000003,1.835,0.0652,3.229,0.0633,0.0123,429.3704,67.8202,1189.4405,1729.8852,0.0706,0.0388,0.0849,1.1715,0.0344,0.2679,0.2147,0.0411,0.099,5.7998,0.0998,9.3525,0.0321,2.2613,5.8426,19.9286,0.2844,2.7854,3.2273,10.517,25.3161,0.0237,0.0233,0.0124,0.0304,0.0297,0.0344,0.0385,0.0346,0.9098,0.0268,0.0006,45.9278,0.0091,474.0847,0.014164224528907718,0.0052,21.3886,1.2479,0.0087,0.1493,0.0321,4.6088,0.6799,9.053150000000002,5.7435,5.0292,2.6314,50.8191,64.9361,12.6447,65.0082,1.9717,1.2665,1.8564,2.2943,71.6095,804.1819,12.7081,3.5044,2.7165,4.9815,45.4128,57.3556,23.2678,0.5317,1.1929,0.7742,0.3098,5.0974,9.0763,4.2372,7.5087,5.2901,3.0872,33.2311,7.4471,9.9804,17.537999999999997,189.52,4.7764,17.592,86.6671,0.0,242.6156,197.2727,0.0,0.0,0.0,122.9329,38.6632,2.0477,3.2085,0.2263,6.6513,17.6239,742.8571,43.2184,621.0526,12.374794307635042,1.3765,8.1956,0.0896,6.7695,7.1631,4.0807,6.401,73.254,14.53,1.33,6.7381,0.5058,27.0176,3.6251,1.8156,0.6788,0.112,54.6099,4.98,0.0877,2.0902,0.0382,1.8844,15.4662,528.7918,2.0831,6.81,0.4774,2.2727,0.1495,1.2878,22.9183,0.0169,3.3712,0.0168,0.0349,207.2955
-1.0,3169.64,2167.4222,1.4892,84.34660000000002,1.4378,-0.0007,0.0043,204.5716,8.4475,405.3128,0.9672,194.7261,12.5169,1.4223,-4552.5,340.5,1.3257,2.0122,7.3092,69.0222,2.6778,0.2087,85.9501,9.7137,64.3577,66.3288,86.9537,81.46,2.585,356.1055,146.2773,743.4764,0.8442,132.2473,634.63,131.3588,4.573,4.802,2879.0,0.9303,-1.1655,356.8391,9.9491,125.1118,3.15,21.1655,26.6318,716.8446,151.6782,633.6291,117.8905,-0.0004,-0.0454,0.0253,0.0032,0.0023,-0.006,0.0329,7.2862,0.1378,0.9866,1808.0062,0.1779,8248.1599,0.23764999999999997,0.0381,-0.1207,0.1045,0.44899410323600586,0.9531,713.6876,0.9892,59.823,0.5909,0.964,6.3893,15.71,4.936,15.78,15.76,1.39,0.8258,3.209,-0.5677,0.5887,2.2868,1001.4281,106.0,146.2,188.4,27.9001,1015.8822,0.2155,0.105,0.0379,0.0754,0.0188,12.4041,4.42,5.206,0.0171,0.29,0.1032,1077.0,114.0,0.064,0.059,0.182,2.8,0.709,0.3415,0.146,0.5738,0.3016,0.8439,0.541,0.0862,7.27,16.41,34.218,0.404,7.55,5.18,27.247,85.942,0.0754,0.078,0.0196,0.0471,0.0859,0.1332,0.1016,0.0549,3.2575,0.0621,0.0009,80.184,0.0185,925.8994,0.028,0.0251,0.05291866152631891,0.0154,89.6596,2.2646,0.0476,0.357,0.0847,3.7838,27.4915,57.1404,68.2649,0.0665,3.0932,0.0388,1.7104,0.0867,0.0402,467.259,174.7653,1596.9125,58.643,0.0285,0.0282,0.0856,0.7345,0.0371,0.2437,0.1408,0.0562,0.0657,5.8631,0.1571,6.4428,0.0263,1.9659,4.6089,10.6165,0.1322,1.9408,2.9709,9.2687,29.6634,0.0206,0.0322,0.0089,0.0242,0.0271,0.0628,0.0534,0.0282,1.2754,0.0194,0.0003,27.3567,0.0048,312.164,0.01281060833042931,0.0058,28.1753,0.7109,0.0153,0.112,0.0326,3.8148,1.2159,4.8334,4.6125,7.348,1.2873,39.8777,14.4725,7.3029,52.3229,1.2844,1.7684,2.3169,7.2559,70.6205,33.4802,4.8275,2.932,2.49,4.0567,33.61,56.5495,20.7898,0.3973,1.503,0.8916,0.299,5.3523,5.1478,2.723,10.2132,5.4973,2.5858,26.0493,6.2352,4.0607,6.3943,239.6827,3.801,18.2623,72.8998,0.0,0.0,186.166,0.0,0.0,0.0,166.9962,44.7078,1.8142,2.574,0.0913,4.4349,10.4088,0.0,32.7185,975.6098,12.075272552057454,1.6199,12.5629,0.1173,3.7856,5.5868,3.7039,8.8823,72.522,16.87,0.35,6.9525,0.1366,69.968,4.1917,0.4826,0.2489,0.0455,24.6378,4.98,0.0877,2.0902,0.0382,1.8844,15.4662,537.9264,2.1814,5.48,0.3891,1.9077,0.1213,1.0187,17.8379,0.0247,4.9372,0.0168,0.0349,207.2955
-1.0,3011.32,2184.9889,2.1987,114.5856,1.3834,0.0002,-0.0026,197.3856,12.0918,426.4408,0.9741,188.203,12.4653,1.4018,-4392.0,-747.75,1.2408,1.9785,7.2315,71.2556,2.6556,0.1991,84.0132,9.152,64.2079,66.0632,86.236,78.21,2.808,355.4055,149.0436,747.2024,0.8293,132.21,636.6591,134.9147,4.573,4.802,2879.0,0.9303,-0.4527,356.91,10.0468,128.5909,4.8178,20.4527,21.1738,726.0286,149.1936,634.6945,171.74984999999998,-0.0183,0.0001,-0.0089,-0.0048,0.021,-0.0323,-0.0249,7.0184,0.1337,0.9487999999999999,1853.4161,0.2181,9074.49,-0.0702,0.1163,-0.0278,-0.1402,0.4606,0.9539,772.3911,0.989,60.0095,0.5925,0.9771,6.3829,15.72,4.682,15.76,15.72,1.385,0.8266,3.381,-0.9934,0.655,2.2604,999.4826,161.0,78.1,163.4,53.7,187.582,1.0612,0.2138,0.0457,0.0625,0.0118,4.183,9.424,13.616,0.0099,0.43,0.0482,845.0,1807.0,0.052,0.154,0.247,4.6,0.485,0.7358,0.26130000000000003,0.6199,0.4196,0.804,0.521,0.0665,5.22,11.05,23.999,0.901,9.37,11.38,30.985,60.52,0.082,0.0275,0.028,0.0474,0.0994,0.0881,0.1013,0.16615,4.2083,0.0624,0.013699999999999999,137.9384,0.1254,825.0,0.034,0.0138,0.0169,0.0166,100.3594,2.2515,0.0152,0.3704,0.0905,4.1069,34.8872,23.3145,54.6588,0.36060000000000003,1.4895,0.0663,2.9188,0.0878,0.018,363.4799,100.5332,793.8627,795.166,0.0237,0.0659,0.104,1.5581,0.047,0.1696,0.3063,0.0985,0.0881,5.8218,0.1815,6.0454,0.023,1.7995,3.7304,8.4462,0.2474,3.2307,3.8507,9.1641,17.4245,0.0229,0.0127,0.0123,0.0221,0.0296,0.0433,0.0512,0.08248588237179322,1.4482,0.0175,0.0046,45.5658,0.0374,226.4159,0.0049,0.0052,27.0416,0.7034,0.0058,0.1296,0.0308,6.176,1.315,7.1553,2.5935,6.7592,2.4577,16.6857,64.058,15.4545,77.937,3.1929,1.0165,3.4496,3.4406,40.5282,241.6583,4.191,7.7837,3.4156,6.4556,56.4854,64.7879,14.3176,0.8758,2.9167,0.9655,0.3314,5.1153,5.1193,2.6063,8.0191,3.9483,1.7356,17.7883,6.2352,8.968,7.0456,194.4848,4.2677,10.5842,31.2434,449.3151,618.59025,532.5843,0.0,418.5273,313.8652,890.8199000000001,59.9607,2.6169,2.578,1.3944999999999999,7.4424,63.31987047269746,912.3967,29.8795,224.0,3.6769,1.7437,12.9933,0.1106,3.7519,5.803,4.0059,10.6207,79.978,11.43,1.89,5.0927,0.7683,42.1565,2.8448,2.3631,0.4946,0.085,48.9498,9.32,0.1335,3.8006,0.0587,3.3874,21.1633,538.5645,2.3008,4.84,0.2905,1.7648,0.0865,0.8987,12.6242,0.0195,3.9016,0.0168,0.0349,207.2955
-1.0,2969.29,2155.8556,1.0047,118.08009999999997,1.3297,0.002,0.0016,197.5638,11.3117,419.077,0.9761,187.7423,12.5169,1.4059,-4699.5,-1671.75,1.285,1.9728,7.1947,75.1778,2.0556,0.1534,84.1675,9.004,64.0727,66.0271,86.4814,63.93999999999998,4.597,354.0927,145.4345,742.5582,0.8851,134.8882,634.4155,158.9801,4.563,4.79,2879.0,0.9306,-3.8991,360.1227,9.8342,121.5355,3.3288,23.8991,30.4731,712.0851,150.5136,632.1718,113.5641,-0.0047,-0.03,0.0141,-0.0004,0.04,-0.0147,0.0343,7.1468,0.1302,0.9766,1801.537,0.19241885254864288,9104.1840862983,0.1134,-0.0158,-0.0828,-0.0563,0.4530191602303588,0.9425,793.7064,0.9894,59.3632,0.5914,0.9779,6.2795,15.72,4.682,15.76,15.72,1.385,0.8266,3.381,-0.9934,0.655,2.2604,999.4826,109.0,67.0,57.8,55.1001,155.339,0.4697,0.1452,0.0679,0.0547,0.0123,4.8046,9.358,8.161,0.0096,0.29,0.057,1288.0,3301.0,0.091,0.134,0.339,4.7,0.704,0.5264,0.0841,0.6249,0.4344,0.7404,0.501,0.0752,6.8,13.49,29.152,0.896,7.46,2.49,21.1219,112.485,0.0645,0.018,0.052,0.0885,0.0786,0.1174,0.0887,0.0486,2.6777,0.0288,0.0057,131.267,0.06170216636055731,1031.371046517714,0.0139,0.0204,0.046649400250375006,0.0414,184.0143,2.587,0.0227,0.4566,0.0905,4.1069,28.124,20.1473,19.6957,0.1829,1.9767,0.0518,2.7628,0.0867,0.0198,566.7422,280.7027,1958.7269,1382.3078,0.0404,0.0614,0.1534,1.4558,0.052,0.2043,0.1883,0.0352,0.1283,5.4053,0.1561,6.7309,0.0267,2.2534,4.5969,8.608,0.2357,0.8378,0.9228,6.898,31.6422,0.0153,0.0092,0.024,0.0428,0.0227,0.057,0.0436,0.0269,1.0398,0.0108,0.0018,41.7988,0.01753575546384216,290.47731407899636,0.016681451640926003,0.0134,51.6563,0.7949,0.0094,0.1701,0.0308,6.176,1.315,5.0357,2.2564,2.2591,2.5558,19.1274,46.7471,10.9194,82.7283,1.9474,0.9797,2.3169,4.0522,89.6478,197.4578,7.0817,6.7925,4.7118,6.2518,63.2432,118.6097,21.5966,0.6254,0.9344,0.9753,0.2098,5.3065,5.1913,3.0128,8.4938,5.0412,2.1264,18.3369,5.341,9.1111,5.5704,224.1019,2.9662,19.1307,99.0498,0.0,230.7692,626.5487,0.0,293.6836,601.3559,141.8978,37.4665,1.3061,1.2037,0.5855,7.2864,29.46660423412177,0.0,32.4723,0.0,12.819545512390228,4.3889,23.1842,0.1106,4.358,7.2708,4.0059,10.6207,73.482,18.81,1.59,8.6008,0.6505,24.2763,4.5791,2.1638,0.4084,0.0822,42.3007,4.98,0.0877,2.0902,0.0382,1.8844,15.4662,532.9918,2.0745,8.52,0.3277,3.0747,0.1037,1.5985,15.7946,0.0158,3.1536,0.008,0.0272,255.5817
-1.0,3028.64,2192.7889,1.9935,104.5867,1.3532,0.0006,0.0051,197.651,8.633,416.3043,0.9767,187.6622,12.4055,1.3985,-3739.25,-1600.75,1.3273,2.0093,7.396,75.1222,2.1333,0.1883,84.0019,8.4597,64.627,65.9528,86.6684,80.95,2.299,353.4364,147.0545,742.4881,1.2084,135.7164,636.2073,217.3951,4.653,4.908,2805.0,0.9312,1.5118,355.4664,9.678249999999997,128.5664,5.4095,18.4882,26.6434,715.8447,148.7118,632.7446,114.3688,-0.0169,-0.0509,-0.0039,0.008,0.0253,-0.028,0.0178,7.2091,0.1298,0.9909,1819.5327,0.1824,8992.5401,-0.087,-0.0828,0.0177,-0.0775,0.44591327912933054,0.9533,781.7403,0.9888,59.3408,0.598,0.9638,6.3225,15.72,4.682,15.76,15.72,1.385,0.8266,3.381,-0.9934,0.655,2.2604,999.4826,77.0,205.9,120.2,57.7,644.683,1.0612,0.0703,0.0518,0.0521,0.0144,4.0152,6.68,5.603,0.0091,0.23,0.0678,1020.0,3479.0,0.09,0.147,0.354,1.9,0.677,0.6579,0.1058,0.6214,0.3036,0.5005,0.448,0.0805,7.18,17.29,57.333,0.844,10.66,12.08,39.556,68.608,0.0859,0.0339,0.0624,0.1036,0.1197,0.0605,0.1425,0.1536,3.9425,0.0605,0.0007,72.7094,0.0449,1119.3008,0.0176,0.0125,0.05000602510971411,0.0227,131.0986,3.7917,0.0247,0.3333,0.0905,4.1069,22.7878,69.7433,46.4121,0.36060000000000003,1.835,0.0205,1.8646,0.0654,0.0214,447.3741,82.9915,499.9389,1515.2297,0.0399,0.0646,0.165,0.6099,0.0332,0.2103,0.244,0.0411,0.099,6.6226,0.126,8.0716,0.0313,2.0288,5.7894,18.754,0.3095,4.0081,4.7946,11.8409,29.2085,0.0226,0.0159,0.0284,0.0453,0.033,0.0326,0.0636,0.0806,1.3804,0.0207,0.0002,26.3183,0.0156,355.5158,0.013926464460696349,0.0069,39.7073,1.2047,0.0082,0.1099,0.0308,6.176,1.315,3.4142,6.7984,4.7459,2.6314,50.8191,64.9361,5.195,77.3775,1.3459,0.9274,1.854,4.8453,30.6211,217.3356,6.7809,7.3162,4.7864,2.5292,65.625,52.5664,20.3909,0.7832,1.2511,0.9615,0.323,5.8822,6.0318,3.6371,6.6644,5.2905,2.7177,26.3727,5.4518,8.8176,8.2526,197.0602,5.5258,15.2907,59.9884,507.5332,287.8981,0.0,0.0,239.367,508.9286,865.3521,54.6875,2.0799,2.5212,0.0736,3.996,24.6017,917.4312,27.0153,332.5843,12.022946878881932,2.3821,16.7701,0.1617,6.3897,5.2719,4.0059,10.6207,77.28,18.03,0.48,8.2361,0.2227,65.3162,4.4704,0.6211,0.3136,0.0737,29.8161,6.91,0.3378481311764915,2.8883,0.1352392452747727,2.5354,38.05341532073962,534.02,2.1718,7.35,0.1779,2.5999,0.0649,1.3764,8.1919,0.0145,2.9103,0.0199,0.0097,48.7045
-1.0,3059.59,2191.3556,1.4549,97.1556,1.4663,-0.0123,-0.0019,205.7271,6.5667,403.7625,0.9788,195.5467,12.651,1.4203,-3046.0,-660.0,1.2793,2.0068,7.313,74.4667,2.5667,0.1919,87.3732,8.5615,63.9323,66.0124,87.1811,78.7,2.851,367.4291,138.0209,747.0865,0.8953,133.9191,639.3691,122.317,4.574,4.85,2884.0,0.9202,-2.3127,364.96,10.6757,115.7082,10.9218,22.3127,28.8298,718.2566,147.7791,628.4473,112.4876,-0.0108,0.0072,-0.0317,-0.0002,0.0243,-0.0148,-0.0648,7.4124,0.1211,0.9859,1860.9427,0.1755,8203.1301,0.0196,-0.093,-0.0225,0.0607,0.49403292283322847,0.9397,811.4751,0.9887,59.5424,0.5879,0.9814,6.1226,15.72,4.682,15.76,15.72,1.385,0.8266,3.381,-0.9934,0.655,2.2604,999.4826,109.0,73.5,61.1,60.4001,329.892,0.2045,0.1138,0.0362,0.0584,0.0115,10.1067,3.786,9.16,0.0055,0.25,0.0257,623.0,1787.0,0.153,0.084,0.289,3.5,0.649,0.7249,0.2224,0.397,0.2113,0.7379,0.762,0.1046,7.01,15.11,21.346,0.526,17.29,13.21,23.227,76.811,0.1543,0.0365,0.0583,0.0227,0.16685000000000003,0.0685,0.0855,0.0824,3.9182,0.0878,0.0021,153.3604,0.0941,853.3003,0.0151,0.0105,0.11021777121104245,0.052199999999999996,244.27409999999998,3.9548,0.018,0.2167,0.0905,4.1069,28.3874,27.5614,19.2572,0.0724,1.3259,0.0438,1.2423,0.0571,0.0099,269.6572,196.8847,932.9023,854.7612,0.0714,0.0364,0.122,1.0012,0.0483,0.216,0.3021,0.082,0.0952,8.7002,0.3132,4.2295,0.0301,1.8321,4.4132,6.2838,0.1573,3.5417,4.6313,6.5714,26.3387,0.0387,0.015,0.0254,0.0105,0.0485,0.0326,0.0367,0.0391,1.4773,0.029,0.0007,49.1822,0.0271,234.2707,0.01858107384409899,0.0171,79.11909999999999,1.203,0.0056,0.0707,0.0308,6.176,1.315,5.0551,2.4023,2.4782,2.7563,29.6805,14.0551,7.7612,57.6543,2.2687,0.5656,1.9761,1.8109,66.1195,270.7576,11.9601,4.1859,3.9519,4.7001,66.2338,89.1141,18.394,0.8297,2.5979,0.621,0.4167,6.7224,11.6649,2.2628,11.6873,5.2345,2.3633,17.4514,2.211,4.9271,4.8311,158.3071,3.2338,16.5478,68.284,0.0,618.59025,71.6088,0.0,282.1833,578.6802,127.2587,52.8599,3.7163,3.6323,0.2165,8.241,53.6051,0.0,61.0086,296.0,11.732456722507289,5.5677,33.17265000000001,0.085,6.642,3.5395,4.0059,10.6207,72.722,16.43,1.19,7.6916,0.4307,47.215,4.0147,1.6364,0.3136,0.0737,29.8161,6.7,0.1442,2.4591,0.0597,2.6323,23.8789,525.2427,2.1327,10.19,0.1867,3.5335,0.0525,1.9401,8.7554,0.0148,2.9427,0.0199,0.0097,48.7045
-1.0,3006.22,2192.7889,1.9935,104.5867,1.4522,-0.0039,-0.0075,205.1896,9.8013,410.3304,0.9669,195.2844,12.4333,1.4086,-3603.0,379.75,1.097,1.794,5.1295,74.8556,1.7222,0.1336,83.7644,8.5529,64.4494,65.8836,86.7495,79.56,2.398,357.1618,146.87,747.0348,1.2022,129.9582,633.99,202.9997,4.626,4.829,2843.0,0.9317,0.6482,359.0445,9.6991,127.5182,6.768,19.3518,27.4139,719.6209,141.6091,628.1718,109.7885,-0.0172,-0.0334,-0.0021,0.0048,-0.0104,-0.024,0.0326,7.9377,0.1336,0.9919,1819.2093,0.1361,9015.5001,-0.2077,0.0363,0.056,-0.0469,0.4233574973152916,0.9531,765.2489,0.9887,59.1391,0.5988,0.9811,5.9926,15.71,4.936,15.78,15.76,1.39,0.8258,3.209,-0.5677,0.5887,2.2868,1001.4281,111.0,134.2,106.5,57.7,644.683,1.0612,0.1044,0.0422,0.0444,0.0206,13.0302,5.203,12.69,0.017,0.4,0.0576,443.0,204.0,0.123,0.088,0.404,3.3,0.137,0.487,0.1108,0.646,0.3649,0.5729,0.522,0.0929,3.72,15.55,54.863,0.923,11.48,5.59,27.096,80.194,0.0934,0.0643,0.0356,0.0848,0.111,0.0881,0.0638,0.1166,2.9443,0.075,0.0011,99.0383,0.0535,648.2998,0.0174,0.0164,0.04734845380831565,0.009,59.7004,3.664,0.0373,0.2832,0.0847,3.7838,28.2605,41.3655,33.2299,0.36060000000000003,1.835,0.0368,2.1083,0.123,0.0209,199.4265,48.6715,194.3571,105.8785,0.051,0.0362,0.1793,1.0549,0.0377,0.0431,0.1913,0.0451,0.1291,5.8779,0.1375,6.648,0.0315,1.168,4.8633,17.1964,0.3202,2.0155,2.9396,8.2969,23.4718,0.0221,0.0283,0.0152,0.0406,0.033,0.0428,0.0352,0.064,0.8698,0.0231,0.0004,29.1077,0.0167,182.9275,0.01385985165561928,0.003,17.9383,1.1693,0.013,0.0897,0.0326,3.8148,1.2159,4.9768,4.4641,4.2175,2.6314,50.8191,64.9361,7.189,53.0849,3.0926,1.7579,3.2172,4.0927,11.657,53.7196,11.2124,4.9052,7.544649999999999,4.4085,34.8387,87.604,2.8928,0.5814,1.2955,1.0023,0.1769,5.3477,4.3985,2.9032,7.7309,2.8625,2.4527,27.0261,6.3522,9.5164,5.2855,169.6219,3.7653,7.3791,73.044,544.2098,618.59025,0.0,0.0,843.0622,266.1105,357.3946,37.0922,2.9199,3.1851,0.1097,5.444,39.2783,0.0,38.934,0.0,11.54188657997197,0.9402,7.8014,0.1597,6.1956,4.7869,3.7039,8.8823,73.254,14.53,1.33,6.7381,0.5058,27.0176,3.6251,1.8156,0.6788,0.112,54.6099,9.93,0.142,3.9802,0.0579,3.6773,19.6342,533.7318,2.0706,8.13,0.5545,2.8606,0.18730000000000002,1.5232,26.7805,0.0175,3.5322,0.0199,0.0097,48.7045
-1.0,3128.11,2223.5333,0.8714,97.2189,1.3907,0.0074,0.0078,206.1518,10.2565,422.2935,0.9722,195.8071,12.3896,1.3937,-4727.5,-658.3333,1.2935,1.9752,7.1602,73.6,1.5222,0.1189,84.0832,8.947,64.0969,65.9674,86.8002,79.28,2.87,362.7791,143.3973,752.1971,0.8815,140.1291,646.3055,137.8333,4.594,4.823,2874.0,0.9187,-4.3518,364.0655,10.4279,119.0455,8.7955,24.3518,31.4736,720.7234,155.3027,638.4136,123.1009,-0.0324,-0.0366,-0.062,0.0025,0.0337,-0.056650000000000006,-0.0557,7.361,0.1333,0.99,1801.2336,0.1914138459811795,8927.650942281305,0.1515,-0.0465,-0.0742,0.0282,0.4217006157501573,0.955,759.4163,0.989,60.0423,0.586,0.9626,6.5223,15.72,4.682,15.76,15.72,1.385,0.8266,3.381,-0.9934,0.655,2.2604,999.4826,103.0,159.4,122.0,62.8,623.677,0.1098,0.2172,0.0454,0.0514,0.0203,10.1398,4.122,4.693,0.0119,0.23,0.0237,1827.0,12082.0,0.117,0.154,0.204,5.1,0.477,0.6365,0.0766,0.4996,0.2831,0.6548,0.755,0.1272,11.35,10.08,28.654,0.588,12.61,12.42,21.508,72.156,0.0804,0.0031999999999999876,0.0573,0.0294,0.1024,0.0848,0.042,0.0818,5.27,0.0703,0.0013,76.9235,0.06850015857013894,943.8492605625838,0.014,0.0154,0.05003775698235019,0.0179,203.5817,2.247,0.0304,0.3053,0.0905,4.1069,24.9823,52.0818,43.2648,0.0349,2.7627,0.08085,1.0539,0.0633,0.009,757.6035,212.0039,1704.8868,6276.0352,0.0496,0.0724,0.0853,1.546,0.0476,0.1846,0.2471,0.0321,0.115,7.8757,0.2508,4.7623,0.0353,3.7642,2.8181,10.6299,0.1985,3.7352,4.5465,6.6488,21.8542,0.0236,0.0024999999999999988,0.0259,0.0121,0.031,0.0401,0.0186,0.0373,1.6955,0.0241,0.0005,25.1037,0.020186573387788995,257.21775277441367,0.011485001027741673,0.0063,58.3502,0.7079,0.0096,0.106,0.0308,6.176,1.315,4.7256,5.0957,5.1539,2.8243,46.1236,12.6007,15.6182,40.189,1.1113,1.2261,1.8564,1.699,74.2464,0.0,9.0452,7.7965,2.8491,6.9293,111.6788,108.5047,13.8083,0.757,0.8562,0.7794,0.4401,6.1966,11.0183,2.5124,14.4261,8.0997,1.5596,20.7889,3.9799,5.6387,3.6037,143.3689,2.9842,12.1182,58.6153,247.8613,9.6491,47.4385,0.0,251.632,70.2635,146.7923,71.5941,2.6263,2.9789,0.1351,4.2706,32.084980315131645,0.0,36.036,624.0,11.458051033761555,1.8759,26.8077,0.0988,3.7423,4.6801,4.0059,10.6207,73.254,14.53,1.33,6.7381,0.5058,27.0176,3.6251,1.8156,0.3974,0.0715,38.5903,4.98,0.0877,2.0902,0.0382,1.8844,15.4662,528.7918,2.0831,6.81,0.4774,2.2727,0.1495,1.2878,22.9183,0.0144,2.9002,0.0237,0.0112,47.3376
-1.0,2908.94,2187.3444,1.5876,85.4189,1.4167,0.0041,-0.0056,197.3067,10.241,413.497,0.9732,188.2131,12.5596,1.4122,-1972.75,5363.0,1.3462,1.9972,7.422,73.0222,2.4556,0.1786,86.7232,8.3271,64.0969,65.9364,87.0707,63.93999999999998,5.041,347.3754,142.4327,730.9004,0.9287,136.8055,626.6136,79.0751,4.612,4.877,2811.0,0.9337,5.9282,350.0364,10.0757,128.3609,7.8606,14.0718,17.7128,713.1875,141.6127,620.01,105.2222,-0.0096,-0.0379,0.0041,0.0093,0.016,-0.0173,0.0168,7.2792,0.1185,0.9901,1800.3704,0.1612,8362.9301,0.0475,-0.0363,-0.0548,-0.0037,0.46985191481415123,0.9492,716.1447,0.9897,57.6837,0.5924,0.9636,6.4434,15.72,4.682,15.76,15.72,1.385,0.8266,3.381,-0.9934,0.655,2.2604,999.4826,111.0,167.8,195.9,26.599799999999988,614.2949,0.3585,0.1862,0.0396,0.0524,0.0136,4.4896,8.391,12.633,0.0106,0.24,0.0405,524.0,17919.5,0.08,0.078,0.347,2.2,0.232,0.7345,0.1843,0.5273,0.4718,0.8375,0.763,0.1235,6.26,20.13,39.207,0.639,14.65,18.43,33.233,78.303,0.0631,0.0624,0.0334,0.0685,0.0907,0.0766,0.098,0.0746,3.5304,0.0903,0.001,95.624,0.0262,1111.0005,0.0119,0.0211,0.029003102740327885,0.0236,109.2724,2.7536,0.0291,0.3944,0.0905,4.1069,28.2849,58.3233,62.9648,0.1132,2.8455,0.0691,3.1246,0.0754,0.0159,229.3576,305.6047,3257.6094,8994.62525,0.0442,0.0325,0.1577,0.6924,0.031,0.0736,0.2893,0.0693,0.044,5.5561,0.2783,9.2514,0.0338,2.1468,5.9776,10.0805,0.188,5.1988,5.4859,11.272,27.5764,0.0198,0.0262,0.0157,0.0314,0.0258,0.041,0.0504,0.0389,1.3854,0.0285,0.0003,33.3723,0.0075,356.8159,0.006901047173637168,0.0087,34.6198,0.842,0.0099,0.1286,0.0308,6.176,1.315,5.0263,5.7684,7.6494,1.259215111510735,21.3086,22.581,13.1437,81.9354,3.0552,1.0873,1.9109,2.8715,298.58439999999996,353.7945,5.9424,3.9054,4.6753,3.0128,36.6516,53.7648,6.5791,0.8469,2.2129,0.8227,0.4351,5.8179,9.6467,4.1751,13.2964,4.5758,3.2125,49.582,6.7062,6.342,17.537999999999997,186.3726,4.6598,17.3872,74.4168,656.0104,263.2911,0.0,972.0027,478.75,567.2938,444.7094,48.4997,1.1818,3.7465,0.1038,5.3114,16.2367,0.0,45.3001,0.0,6.121148876570144,2.491,15.2584,0.1488,4.7736,6.1207,4.0059,10.6207,73.766,17.66,1.93,8.2522,0.6858,100.4837,4.3697,2.6164,0.192,0.0435,18.9966,8.79,0.2157,3.9604,0.0892,3.2522,24.7258,541.7199999999999,1.7961,15.390000000000002,0.6164999999999999,5.3345,0.18730000000000002,2.8874999999999993,28.50255,0.0118,2.3583,0.0237,0.0112,47.3376
-1.0,2996.04,2190.7666,0.8017,84.34660000000002,1.4158,-0.0029,0.0,196.4876,8.7782,407.6755,0.9799,186.2299,12.6627,1.3885,-1495.25,-2619.6667,1.2537,2.0075,7.2933,72.2444,2.1444,0.1691,85.8815,8.7609,64.2677,66.1478,87.0545,80.67,2.791,364.4309,127.6664,733.9094,1.4773,144.7164,636.8136,191.8245,4.569,4.801,2889.0,0.9186,5.6382,362.6691,10.7493,113.3045,18.7736,14.3618,23.5333,710.3761,142.0664,618.04,152.5655,-0.0146,0.0031,-0.0297,0.0026,0.0312,-0.0288,-0.0659,7.3192,0.1301,0.989,1772.6296,0.2254,8331.01,0.1926,0.1014,-0.0741,0.0552,0.451700359144823,0.9495,713.7977,0.9899,58.7891,0.5942,0.9789,6.1467,15.72,4.682,15.76,15.72,1.385,0.8266,3.381,-0.9934,0.655,2.2604,999.4826,104.0,151.8,141.1,27.9001,1015.8822,0.1014,0.1625,0.0473,0.0573,0.007,3.8659,4.041,6.887,0.0126,0.26,0.0294,539.0,222.0,0.125,0.045,0.145,3.1,0.445,0.8935,0.1203,0.599,0.3334,0.7783,0.691,0.191,3.61,14.1,39.511,0.485,17.05,7.37,18.577,136.379,0.1029,0.0395,0.072,0.0151,0.1017,0.0517,0.0573,0.0705,4.454,0.0419,0.0013,94.9424,0.1254,1526.8003,0.02,0.0127,0.040177043984789995,0.0253,163.6531,2.1853,0.0368,0.3063,0.0905,4.1069,29.0426,46.8417,50.8581,0.0332,3.2456,0.0533,1.3619,0.0682,0.012,226.9045,345.987,5823.189049999999,116.1091,0.0531,0.0197,0.0595,0.9501,0.0413,0.1395,0.3447,0.044,0.1456,7.2133,0.1744,3.8034,0.0554,1.0338,3.77,11.1611,0.1532,2.2798,2.7998,5.3559,39.8446,0.0277,0.0162,0.0338,0.0072,0.0287,0.028,0.0273,0.0374,1.5511,0.0141,0.0004,29.6902,0.0374,472.3201,0.0149788711409404,0.0109,54.0287,0.721,0.0128,0.0937,0.0308,6.176,1.315,4.8509,5.0667,5.5205,1.2735,35.6365,12.6489,11.4775,46.0346,1.6893,1.2828,2.0533,2.1145,298.58439999999996,8.4744,9.9701,2.2416,1.9881,4.291,60.6218,76.8725,13.5281,1.0404,1.3733,0.932,0.33,6.8134,11.6945,2.0347,12.9282,2.4945,2.2142,20.5975,1.8038,4.5119,7.396,90.819,2.6151,11.141,89.3905,704.7945,241.9602,50.799,0.0,165.7051,199.1312,106.9397,60.8543,1.3377,1.7697,0.1326,5.356,63.31987047269746,0.0,49.3827,256.8807,11.741469767523299,2.6681,22.9271,0.0932,3.7172,4.9839,4.0059,10.6207,74.854,10.91,0.76,4.9069,0.2863,85.6474,2.6698,1.0153,0.2019,0.0509,18.888,8.17,0.1185,3.0952,0.0493,3.2857,15.2498,525.6127,2.0059,10.25,0.507,3.524,0.1483,1.9501,25.276,0.0163,3.2608,0.0181,0.0123,67.6676
-1.0,3232.6099999999997,2216.8111,2.5148,114.5533,1.3966,-0.0057,-0.0169,196.7066,11.59,419.9885,0.9788,187.569,12.649,1.3996,-1626.25,-1101.6667,1.3257,1.9972,7.2677,73.2556,2.3889,0.1672,87.3041,8.3267,63.9771,66.0377,86.889,80.78,3.131,363.5882,138.9982,745.3955,0.9039,138.0109,640.5973,127.5001,4.574,4.85,2884.0,0.9202,-3.1818,362.2491,10.6145,115.8164,10.5846,23.1818,28.4535,716.942,151.9473,630.0127,126.7863,-0.0161,-0.0245,-0.0361,-0.018,0.007,-0.0235,-0.0634,7.9161,0.1453,0.9682,1808.2634,0.1714,8727.23,0.18,0.0419,-0.1277,-0.0062,0.428081820960859,0.9577,736.3461,0.9897,57.5882,0.5821,0.9677,6.2528,15.72,4.682,15.76,15.72,1.385,0.8266,3.381,-0.9934,0.655,2.2604,999.4826,154.0,158.9,159.2,52.5999,247.333,1.0612,0.23175000000000004,0.0644,0.0781,0.0059,3.7709,8.042,9.356,0.0055,0.29,0.0518,512.0,1001.0,0.175,0.043,0.243,3.8,0.582,0.8145,0.056,0.5984,0.327,0.9016,0.92,0.1249,9.45,9.71,20.67,0.603,13.32,10.63,19.978,79.26,0.0936,0.0619,0.0346,0.0194,0.1168,0.0858,0.0884,0.0624,2.8226,0.0257,0.0051,119.436,0.0314,691.5,0.0139,0.0169,0.05218852320124462,0.027,79.8328,2.5588,0.0337,0.4718,0.0905,4.1069,31.241,63.2504,51.7272,0.36060000000000003,1.8095,0.08085,2.5481,0.0734,0.0182,229.5096,163.9743,3457.3597,512.1956,0.0748,0.0177,0.1106,1.043,0.0344,0.1935,0.3281,0.0234,0.0966,8.8926,0.3294,4.5683,0.036,2.9084,3.1884,6.1029,0.1798,3.1279,4.2743,6.1471,25.1056,0.0239,0.0254,0.0156,0.008,0.0336,0.0383,0.0443,0.0288,0.9389,0.0097,0.002,41.4354,0.0085,241.398,0.013545244507226361,0.0081,25.5588,0.7388,0.0098,0.1506,0.0308,6.176,1.315,7.0573,4.8948,6.3685,2.3728,20.7772,52.1217,16.1177,69.3874,2.2277,0.5624,2.2927,3.6982,298.58439999999996,90.8623,13.2001,2.153,3.3435,5.1873,66.9767,73.5548,17.2717,0.9329,0.6722,0.9353,0.251,7.415,11.5038,2.4241,13.8194,6.8473,1.5158,16.2118,2.211,5.6809,6.7003,125.8435,2.7866,9.5916,62.5147,581.3665,438.2301,53.7024,649.7914,0.0,376.5708,98.4615,35.6561,1.1008,1.0731,0.5314,6.605,18.2986,0.0,46.3768,800.0,11.943413770605323,2.8196,10.8417,0.1507,4.4434,7.545,4.0059,10.6207,73.254,14.53,1.33,6.7381,0.5058,27.0176,3.6251,1.8156,0.192,0.0435,18.9966,4.98,0.0877,2.0902,0.0382,1.8844,15.4662,526.2355,2.1114,8.15,0.2497,2.8447,0.0728,1.5487,11.8247,0.0103,2.0418,0.0266,0.0063,23.5979
-1.0,2965.57,2210.3556,1.6941,118.08009999999997,1.3109,0.0174,0.0038,198.7557,10.1855,406.7646,0.9768,188.7086,12.4192,1.4233,-3254.75,-1381.25,1.288,1.9945,7.2138,69.8111,2.0889,0.2038,86.2987,8.6382,64.0152,65.9456,86.4852,83.34,1.989,355.9064,123.9455,719.0705,0.9715,142.6036,622.4555,125.2735,4.552,4.805,2910.0,0.9322,3.6809,355.1027,10.798,107.6264,7.6719,16.3191,19.1895,699.881,152.0545,614.7836,86.6621,-0.021355152539345612,-0.00010260230234085399,0.0176445151471053,0.001702912314552621,-0.01356167744568787,-0.015647121828077017,0.01790616786151933,6.7671,0.1311,0.9927,1844.0774,0.1607,8736.0401,-0.1318,-0.0298,0.0943,-0.0225,0.4406258502291649,0.9572,760.1157,0.9893,59.8747,0.5999249740891444,0.964,6.4208,15.95,2.032,15.93,15.93,1.333,0.38,3.726,0.0,0.8722,2.3124,1016.2833,108.0,215.6,225.4,70.2,255.2159,0.6609,0.0698,0.0666,0.0419,0.0122,10.1572,12.738,13.622,0.0086,0.32,0.0618,1380.0,1679.0,0.213,0.06,0.164,4.1,0.534,0.6438,0.1388,0.5329,0.3042,0.8453,0.418,0.0717,5.54,12.17,27.8,0.386,13.36,4.74,22.442,40.864,0.0789143347512803,0.060143361532046385,0.0541287485682822,0.0653664963255165,0.06479032239630567,0.08095846357075343,0.07515355313948469,0.08162180209661926,4.7098,0.0405,0.0005,122.8406,0.0563,1115.7002,0.0106,0.0186,0.057672105938458784,0.0255,134.2051,2.3112,0.03570965683122413,0.2964,0.1189,2.3226,29.543,80.0506,73.2418,0.2961,1.46,0.0235,3.4533,0.0701,0.0226,582.1783,179.7081,161.186,707.0523,0.0909,0.0272,0.0767,1.2191,0.05,0.2259,0.2477,0.0609,0.1307,4.8908,0.1254,5.4701,0.0244,1.5492,3.5589,8.3122,0.1077,1.5695,2.3598,7.4215,14.8694,0.022567558499239332,0.027564157078931284,0.024693520492114707,0.03022155871934329,0.01990317413883219,0.03750124497610818,0.0360860488232998,0.03696177973787313,1.4268,0.0136,0.0002,38.6017,0.0166,370.8696,0.015881812042900154,0.0079,45.6521,0.812,0.011652324952825532,0.0933,0.0445,7.5116,0.7168,4.8344,7.2701,9.0598,3.176,28.0236,39.0112,5.3244,125.0596,3.3489,0.8821,2.5767,4.3406,11.9518,121.5566,16.5373,3.0083,2.2734,5.873,105.3191,81.4613,16.7462,0.746,1.6072,0.8325,0.3027,4.3747,7.2209,2.5052,7.3805,3.8849,1.9552,22.1915,5.4235,3.5747,4.8129,174.1427,3.2065,10.2041,47.1533,319.41784712975755,200.72634672396217,203.53079633091687,302.9486815430231,232.3007250192797,350.0447274172144,273.8942779034999,69.5983,4.1633,1.6537,0.0471,6.6614,35.025,0.0,41.5902,0.0,13.349346126629843,2.6598,17.6559,0.1025,3.86,4.6165,5.1421,5.3813,73.254,14.53,1.33,6.7381,0.5058,27.0176,3.6251,1.8156,0.784,0.1946,59.5232,5.04,0.1443,1.8995,0.0584,1.9642,21.7271,532.2627,2.1154,10.15,0.4655,3.6284,0.1383,1.907,22.006,0.0136,2.7204,0.0216,0.0263,121.9426
-1.0,3109.18,2210.3556,1.6941,118.08009999999997,1.3502,0.0201,0.0037,198.3003,11.2404,409.1461,0.9767,188.2842,12.4192,1.4116,-3730.0,-364.0,1.0922,1.8,5.1925,70.2444,1.6556,0.1176,86.2987,8.6382,64.0152,65.9456,86.4852,83.34,1.989,361.3127,124.2764,725.2391,0.9606,140.0609,625.65,126.7592,4.661,4.891,2876.0,0.9337,5.6627,361.2009,10.6081,109.9391,5.782,14.3373,18.4428,706.7963,149.74,620.88,105.3182,-0.021061565684244388,-0.008539815107079268,-0.025089182626363615,0.001448623464789675,0.00017064844694239523,-0.017783825074689986,0.0015742242190223688,7.0831,0.137,0.9914,1757.9872,0.1629,9025.91,-0.1072,0.0158,0.0269,-0.0574,0.44454516586814274,0.9525,773.5831,0.9894,59.898,0.5941453239441858,0.9776,6.18,15.95,2.032,15.93,15.93,1.333,0.38,3.726,0.0,0.8722,2.3124,1016.2833,72.0,178.7,93.4,70.2,255.2159,0.6609,0.1518,0.065,0.0446,0.0116,10.4086,9.016,9.473,0.0082,0.32,0.0193,381.0,767.0,0.045,0.026,0.406,2.2,0.218,0.6438,0.1388,0.5329,0.3042,0.8453,0.331,0.0638,5.4,15.1,17.0,0.314,11.05,4.19,21.917,75.422,0.10816115789399107,0.0550601284154946,0.05660403353467214,0.05424617067325527,0.07173656506053294,0.08540379902623374,0.07859274898503299,0.08241433295110437,3.9962,0.0353,0.001,127.9775,0.0199,1283.1006,0.0182,0.0159,0.0459584266265618,0.0267,178.7222,2.359,0.03299505300338164,0.2791,0.1189,2.3226,20.8088,61.1084,30.5203,0.2961,1.46,0.0547,2.5395,0.0701,0.0059,167.3567,83.4361,143.4736,338.6099,0.0195,0.0118,0.1968,0.7955,0.0186,0.0647,0.2477,0.0609,0.1307,5.8961,0.1073,5.7403,0.0194,1.5614,4.4994,5.5657,0.1205,1.4681,1.7267,7.2278,21.0342,0.029687930492131677,0.02480434005840168,0.025384279835239644,0.027133808509830534,0.02275842292705907,0.04127272621039679,0.037711675379653614,0.03873123434193832,1.3702,0.0134,0.0003,51.5621,0.0064,454.1431,0.015789047583895214,0.0094,55.5175,0.8225,0.011585214339508628,0.0892,0.0445,7.5116,0.7168,3.2587,5.7475,3.8154,3.176,28.0236,39.0112,11.2424,80.2109,2.3153,0.8445,2.5767,1.3673,9.0617,210.7143,4.1199,1.4444,7.544649999999999,3.1319,30.2013,58.6957,4.6254,0.746,1.6072,0.8325,0.3027,5.48,6.8798,2.4262,6.641,3.8555,2.4135,13.4113,5.6228,2.96,4.9573,191.11,3.1009,12.2339,71.6135,321.26738839366334,201.42305471231225,204.51965895662033,301.86863219512264,225.06316572215917,349.4786040816269,274.6319812783395,56.4181,4.941799999999999,1.4521,0.1006,7.2798,12.2391,0.0,25.6,0.0,12.286457019773904,2.8033,23.1032,0.0993,3.9383,4.5166,5.1421,5.3813,73.254,14.53,1.33,6.7381,0.5058,27.0176,3.6251,1.8156,0.784,0.1946,59.5232,8.72,0.0852,3.1799,0.0353,3.3846,13.1086,533.0909,2.3195,10.72,0.2697,3.4073,0.084,2.0109,11.6285,0.0109,2.1905,0.0273,0.0139,50.8827
-1.0,3108.98,2210.3556,1.6941,118.08009999999997,1.2901,0.0202,0.0031,198.5649,10.3371,406.8378,0.9765,188.5195,12.4192,1.4191,-3021.3333,-747.6667,1.3245,1.996,7.3193,70.8333,1.9444,0.1583,86.2987,8.6382,64.0152,65.9456,86.4852,83.34,1.989,356.0455,125.1109,720.2915,0.9689,141.8227,622.9791,125.6108,4.552,4.805,2910.0,0.9322,3.2882,355.3945,10.755,108.3991,9.8361,16.7118,20.2216,700.0698,150.34,614.1336,95.2043,-0.01594169104727472,-0.012046609385266221,0.0007430613421341992,0.0006103847718310768,0.003100203367758847,-0.015336058909529653,0.023948466621078857,7.0296,0.137,0.9873,1816.7937,0.1765,8754.1,-0.0911,-0.08,0.0326,-0.0997,0.4463383809844499,0.952,762.9815,0.9891,60.0114,0.6010301464138849,0.9628,6.4327,15.95,2.032,15.93,15.93,1.333,0.38,3.726,0.0,0.8722,2.3124,1016.2833,129.0,199.7,124.4,70.2,255.2159,0.6609,0.0606,0.0661,0.0515,0.012,10.3683,7.773,10.025,0.0087,0.32,0.0409,791.0,17888.0,0.144,0.081,0.248,3.5,0.561,0.6438,0.1388,0.5329,0.3042,0.8453,0.353,0.1811,6.75,12.83,31.763,0.321,12.24,5.79,23.982,56.776,0.09155838195953005,0.051351629719219055,0.05377874444228492,0.06711744332997616,0.06223745933406921,0.08748160476267319,0.08124564997348831,0.07858234754763596,4.0605,0.0433,0.0018,68.5605,0.1254,1986.6001,0.0224,0.0163,0.037613144604751125,0.0295,183.5581,2.505,0.03251038077720625,0.3699,0.1189,2.3226,30.2511,64.2276,42.192,0.2961,1.46,0.018,2.0568,0.0701,0.0146,351.9285,54.8574,828.9067,8994.62525,0.0623,0.043,0.1104,1.0112,0.039,0.1879,0.2477,0.0609,0.1307,5.3304,0.0935,5.5226,0.051,2.1989,3.9,8.4984,0.0917,2.1514,2.5921,7.9054,16.4928,0.02650910211611901,0.023978781974262633,0.024255284709636275,0.030858460139612534,0.018012300057207997,0.0400861673437119,0.03818901128999068,0.0359061009313757,1.4043,0.0144,0.0005,22.6596,0.0374,625.3729,0.014063837615460276,0.0097,61.0103,0.861,0.011111816986091375,0.1293,0.0445,7.5116,0.7168,5.9597,6.4233,4.902,3.176,28.0236,39.0112,4.6972,75.1952,2.4641,0.8934,2.5767,2.885,53.1222,0.0,10.872,4.0581,3.3883,4.9412,108.0,80.8421,15.9849,0.746,1.6072,0.8325,0.3027,4.8196,6.2504,2.5681,18.6917,4.7595,2.0595,25.2868,5.4235,2.9847,3.5794,124.4397,3.4257,9.3874,59.636,297.48722473130545,222.73375008160883,202.3535561686784,310.41358164407524,281.8010893994503,343.6708200326095,273.2507730266046,57.7624,4.941799999999999,1.7799,0.1873,3.7737,63.31987047269746,938.1295,23.221,213.9535,9.387779053032292,3.1029,24.058,0.1108,4.1742,5.7508,5.1421,5.3813,73.254,14.53,1.33,6.7381,0.5058,27.0176,3.6251,1.8156,0.784,0.1946,59.5232,4.86,0.0488,1.8429,0.0196,1.8975,7.3792,532.2627,2.1154,10.15,0.4655,3.6284,0.1383,1.907,22.006,0.0192,3.8442,0.0172,0.0126,72.9676
-1.0,3100.19,2212.8445,1.7835,113.8833,1.4294,-0.0014,0.0135,198.2298,11.1683,418.488,0.9766,188.9703,12.4192,1.4236,-5580.75,-2538.75,1.326,1.991,7.3528,72.8556,2.5222,0.1808,85.8638,8.1728,64.4062,65.8936,86.3506,82.03,2.863,352.4473,141.4382,735.4713,1.257,138.8391,632.7245,233.3669,4.602,4.817,2821.0,0.9337,4.6964,351.5464,10.0043,126.1345,8.1758,15.3036,21.7822,713.6891,149.7245,627.4054,97.265,-0.0009801543293321835,-0.0008037754022271748,-0.011137694323325786,0.00046957215047373213,0.010692818089752282,-0.01938437264659742,-0.006657124351309995,7.6372,0.1347,0.9929,1753.6782,0.1778,9435.89,-0.0515,0.066,0.0395,-0.0243,0.4381685578792669,0.9611,756.6812,0.9892,58.0119,0.5990294589483032,0.9537,6.5584,15.69,4.947,15.73,15.67,1.541,0.8012,3.135,0.0,0.5768,2.2886,997.7594,143.0,186.5,133.2,66.7002,237.2999,0.6726,0.0546,0.0624,0.0575,0.0113,7.4782,13.009,8.464,0.0087,0.23,0.0587,844.0,5016.0,0.179,0.083,0.334,3.4,0.411,0.6512,0.1731,0.4033,0.3852,0.8963,0.592,0.1628,5.11,20.03,78.643,0.804,11.04,16.33,27.05,74.744,0.06811606880251699,0.061163436043301905,0.053764960208667945,0.06795670544496848,0.09814979527550205,0.08628732064672484,0.09813911301211312,0.06713385896466292,3.3233,0.0889,0.0006,122.2036,0.0563,483.2998,0.0118,0.0225,0.06878940345509515,0.0066,63.1642,3.3389,0.03407997632644036,0.3972,0.0856,3.3907,25.2442,63.615,45.0806,0.2678,0.8103,0.0186,3.7015,0.0611,0.0205,375.3979,209.1513,4827.0041,2205.8341,0.0835,0.0378,0.1395,1.1802,0.0498,0.147,0.2323,0.0712,0.0826,6.1135,0.1962,8.4352,0.0485,1.6131,5.911,24.5293,0.2285,4.6627,5.5725,9.853,25.8521,0.01705362526465084,0.02719408328166678,0.02343026889426844,0.029776899582496047,0.028239599447489272,0.04343379823100363,0.047826227759446824,0.030836434493923044,1.2435,0.0278,0.0002,36.476,0.0154,151.9498,0.011152075615601451,0.002,19.9378,1.0836,0.011072714432653058,0.1145,0.0323,4.3682,1.0918,6.4883,6.0158,5.3481,3.0142,22.2074,37.7125,3.8198,116.4818,2.0225,0.8921,1.852,4.1253,177.5209,197.5775,13.4992,4.1688,4.5425,4.6668,51.5419,94.0381,12.2245,0.7584,2.1185,0.6262,0.6701,5.3512,9.4812,3.7545,12.9516,3.6805,3.1657,33.6993,6.5208,8.0366,17.537999999999997,135.0334,3.7902,19.7218,76.8457,320.6312048587028,204.19210522975143,193.13185718176607,299.8845170108596,252.9316390425423,362.02444891409226,268.2210817778149,43.5141,2.1308,3.6439,0.065,6.9684,31.6889,569.6203,44.0831,439.4366,11.962671886703744,0.6898,8.3475,0.1229,5.7556,6.0566,3.7409,8.0758,75.416,13.45,1.36,6.0923,0.6347,59.7444,3.3314,1.8033,0.1266,0.0332,13.0316,5.54,0.2741,2.4562,0.1135,2.1926,37.3466,529.3845,2.3706,8.72,0.3509,2.8049,0.1212,1.6472,14.8024,0.0165,3.3383,0.0063,0.0252,255.5817
-1.0,3093.24,2212.8445,1.7835,113.8833,1.3482,0.006,0.0139,197.7489,9.8197,413.5953,0.975,188.4943,12.4555,1.404,-3503.25,-1678.75,1.3225,1.984,7.2372,71.0444,2.5333,0.2019,85.8638,8.1728,64.4062,65.8936,86.3506,82.03,2.863,349.49,134.1955,723.6092,1.3182,143.1618,626.8473,212.4879,4.596,4.83,2804.0,0.9353,-2.4436,349.4609,10.4529,111.7518,14.1564,22.4436,29.9794,693.6298,151.4782,612.6909,98.1681,-0.0008474611201166882,-0.0006229554238706692,0.0054990125733155315,-0.00451394262730391,-0.026474362629583165,-0.022405514877725484,0.005189628070021546,7.1516,0.1272,0.992,1895.5238,0.1656,9253.3099,-0.0375,0.014,0.0575,-0.0432,0.43704835040950785,0.9522,816.6171,0.9893,58.2191,0.5997014256046432,0.978,6.3222,15.69,4.947,15.73,15.67,1.541,0.8012,3.135,0.0,0.5768,2.2886,997.7594,109.0,190.8,183.4,66.7002,237.2999,0.6726,0.0808,0.0771,0.0619,0.0118,8.2406,5.837,8.917,0.009,0.29,0.0321,1254.0,3259.0,0.174,0.099,0.232,2.8,0.565,0.6512,0.1731,0.4033,0.3852,0.8963,0.838,0.1689,11.63,16.96,69.717,0.16,15.75,4.77,26.841,57.004,0.08784025905071403,0.05391080279794638,0.054536724387481694,0.06430210195829114,0.07674835654705914,0.0811652256582105,0.07952977201929395,0.06931955224938954,6.9694,0.0476,0.0011,117.0676,0.0404,1174.0,0.0125,0.0178,0.059418228836648546,0.017,115.8643,3.5177,0.036455566357986954,0.3302,0.0856,3.3907,28.6968,62.0215,62.3836,0.2678,0.8103,0.0246,1.6646,0.0697,0.0114,599.6418,316.1786,701.4829,1366.4271,0.0754,0.0423,0.1054,0.9488,0.0619,0.1919,0.2323,0.0712,0.0826,7.3467,0.2326,7.6336,0.0483,3.2325,5.0635,19.0226,0.0584,1.6601,1.9007,8.2275,20.4507,0.02303268385771571,0.024584926314197883,0.025267876884899884,0.029105332224684574,0.022592214241130393,0.03979544428935844,0.03798006172628782,0.03213974868019893,2.3721,0.0154,0.0004,41.3734,0.0142,345.5103,0.014125626742381076,0.0055,35.8723,1.0468,0.012286065285987375,0.1194,0.0323,4.3682,1.0918,4.8245,6.1683,7.3708,3.0142,22.2074,37.7125,5.9931,59.4416,2.156,0.924,2.3283,2.2835,44.3874,194.1325,13.1569,4.9899,3.2056,3.9412,75.0,99.5597,16.5457,0.7584,2.1185,0.6262,0.6701,7.1247,4.7096,3.9347,12.814,8.1237,2.7056,32.8099,4.4452,1.5307,2.6308,111.2571,3.8696,14.1112,58.0677,317.83333341447303,202.6400651124835,202.20057072662064,303.4186707543678,239.71611494396333,351.2889991071992,273.01929279540843,97.4528,2.2801,2.058,0.1158,6.176,24.3731,0.0,37.684,0.0,13.174244012842525,1.7879,14.1883,0.1593,6.0422,5.2222,3.7409,8.0758,73.254,14.53,1.33,6.7381,0.5058,27.0176,3.6251,1.8156,0.1266,0.0332,13.0316,8.19,0.1374,3.0286,0.0574,3.219,15.5389,530.3709,2.3435,6.49,0.4154,2.176,0.1352,1.2237,17.7267,0.0249,4.9623,0.0134,0.0142,105.7142
-1.0,3008.77,2167.4222,1.4892,84.34660000000002,1.2895,0.0023,-0.0024,203.9768,8.8905,410.8538,0.9743,194.0587,12.6088,1.3982,-3986.0,-1.75,1.3323,2.0217,7.3893,72.6,2.6333,0.2096,83.8405,8.7164,64.3573,66.2013,86.3672,81.21,1.427,346.8036,144.9591,736.4434,1.3085,143.0818,634.8445,197.8797,4.602,4.832,2820.0,0.9317,1.5645,349.2773,10.1375,126.5236,11.6236,18.4355,24.9562,711.4872,147.42,623.2209,96.2382,-0.0031875936377563363,-0.0070809147128015615,-0.004036429452967005,-0.005738361657094279,0.0037752098527162603,-0.021530061120492376,0.0027625123526122675,7.5584,0.1341,0.99,1755.6484,0.17110364649642973,8976.245344749026,-0.154,-0.067,0.0698,-0.1092,0.45607384056745714,0.9544,775.9137,0.9898,58.5492,0.5957956839700559,0.9675,6.2797,15.71,4.936,15.78,15.76,1.39,0.8258,3.209,-0.5677,0.5887,2.2868,1001.4281,101.0,59.9,73.4,27.9001,1015.8822,0.2155,0.1009,0.0435,0.0659,0.01,12.7499,6.173,8.739,0.01,0.25,0.0462,733.0,1098.0,0.087,0.042,0.352,3.9,0.439,0.7184,0.0885,0.455,0.3017,0.6572,0.494,0.1435,5.67,18.33,39.334,0.724,18.2,16.45,30.456,67.182,0.06739366873999388,0.05730071591242494,0.04857889073708288,0.05454090212399457,0.09244510210106427,0.09032305037691335,0.09495245007165351,0.06876973758028457,2.8003,0.0404,0.0013,94.1166,0.053993619601069714,1045.3994375944314,0.0168,0.0144,0.06065612278718385,0.0257,146.889,2.4448,0.034624281319029115,0.4119,0.0847,3.7838,26.4898,20.1542,26.0309,0.0665,3.0932,0.0409,1.9613,0.0589,0.0158,356.1788,154.3006,1078.9362,457.4016,0.036,0.0196,0.1613,1.3829,0.0371,0.1413,0.2733,0.0409,0.1014,4.885,0.171,8.8471,0.0435,1.7491,5.2167,10.8999,0.1935,4.6357,4.8806,10.6853,20.4368,0.017815008812192876,0.025885629835437532,0.022637402426377372,0.02572625796213185,0.026294604499166208,0.046253487646929214,0.04726985991581299,0.03405935056054533,1.0062,0.017,0.0004,36.6777,0.015502732210720474,309.59470039349634,0.012603173800576614,0.0087,43.0143,0.6937,0.011413277039241465,0.1356,0.0326,3.8148,1.2159,4.5431,1.9908,2.8871,1.2873,39.8777,14.4725,7.8247,69.4333,2.127,1.0296,1.9827,3.3049,57.6267,0.0,6.5303,2.0774,4.7637,5.3719,22.7848,54.878,13.3946,0.8569,1.0152,0.707,0.1319,4.0859,9.6924,3.9468,10.9636,3.9628,2.8873,19.8777,7.1569,7.1418,17.537999999999997,156.5779,4.2806,24.3103,69.8081,323.0447612904128,202.7356329915345,203.48926162647084,301.1057559346163,231.14958018423653,351.9682799270642,273.00754984432615,37.0488,2.3861,1.6621,0.1276,5.3608,30.049527535954237,365.1347,30.0107,477.7778,11.9877864345753,2.6931,18.9311,0.0921,4.1756,6.5589,3.7039,8.8823,74.714,21.95,1.32,10.0157,0.4793,55.4022,5.4341,1.7667,0.2489,0.0455,24.6378,4.98,0.0877,2.0902,0.0382,1.8844,15.4662,532.1618,2.1401,7.11,0.4659,2.4357,0.1286,1.3361,21.7713,0.016,3.2008,0.0222,0.008,36.2975
-1.0,3027.01,2212.6334,1.0096,113.4278,1.441,0.0035,0.0142,197.1271,8.7114,413.0515,0.9698,187.9233,12.6092,1.3936,-3666.25,133.0,1.0535,1.821,5.215,72.3444,1.6778,0.1328,85.8638,8.1728,64.4062,65.8936,86.3506,82.03,2.863,351.2718,148.4955,744.6106,1.1765,138.7064,638.4736,239.4878,4.602,4.817,2821.0,0.9337,2.9545,351.5218,9.8641,131.45,6.6796,17.0455,23.5939,721.0167,149.7855,632.7573,102.6606,0.0014039242733089319,0.004046668531121261,-0.03108736756198749,0.005383857564497954,-0.016992636793387528,-0.02146207980027961,-0.019451308510771315,7.5779,0.1346,0.9868,1811.5088,0.1531,8688.79,-0.0479,0.053,0.0266,-0.0515,0.4426524909788452,0.9573,608.6508,0.9893,59.7619,0.597880877338315,0.9608,6.5429,15.69,4.947,15.73,15.67,1.541,0.8012,3.135,0.0,0.5768,2.2886,997.7594,71.0,161.2,81.3,74.3,166.529,0.4137,0.05,0.0778,0.0553,0.0186,7.7576,3.735,11.024,0.0134,0.25,0.0429,498.0,356.0,0.108,0.051,0.285,2.4,0.212,0.6512,0.1731,0.4033,0.3852,0.8963,0.539,0.1486,4.83,18.44,62.677,0.807,13.08,17.12,29.887,74.724,0.07098451070018309,0.05575909091535128,0.052022352482505974,0.06346152857001972,0.07379270983885589,0.08033860891130895,0.09618713451789518,0.07272266005587089,2.729,0.0433,0.0028,133.5287,0.0252,1086.2002,0.0134,0.0184,0.05648317687682103,0.0146,71.3152,2.2512,0.03172843100202825,0.2509,0.0856,3.3907,18.4413,52.2946,26.4288,0.1559,0.6033,0.0198,0.979,0.0735,0.016,225.7452,46.9645,124.6659,160.3475,0.0465,0.024,0.1338,0.8662,0.0391,0.072,0.2323,0.0712,0.0826,5.8635,0.1687,9.0297,0.0422,1.6698,5.8421,17.6405,0.2524,4.6798,5.2289,10.2144,27.2906,0.018027230409214813,0.025320689435429367,0.022773725107687978,0.02820021985572564,0.023400332417324643,0.039637816162780615,0.046363166285422655,0.03535974686293925,0.9688,0.0154,0.0008,44.3466,0.0078,361.5646,0.010663561009564969,0.0048,26.7382,0.8128,0.01066128752548227,0.0933,0.0323,4.3682,1.0918,3.2573,5.3254,3.2982,3.358,15.397,40.9747,3.4698,42.875,2.6689,1.3863,1.9827,3.0762,6.9553,267.6692,10.2515,2.8007,5.465,3.3175,35.7616,87.364,4.4281,0.7584,2.1185,0.6262,0.6701,5.1527,8.6063,3.9679,12.6304,3.4822,2.8881,26.1713,6.5208,8.1812,17.537999999999997,195.8205,4.1451,31.2662,72.7874,322.15590510405053,201.47499098812605,205.05320535759,301.63370464481994,220.16411403615598,349.19369503642946,274.766946957816,36.013,2.2904,1.7835,0.2826,7.3711,16.4276,0.0,35.094,659.6491,12.272540524874046,1.5207,11.8691,0.1021,3.767,3.834,3.7409,8.0758,73.852,18.04,0.81,7.3831,0.3789,146.2962,4.4494,1.0968,0.3214,0.0717,31.5689,4.98,0.0877,2.0902,0.0382,1.8844,15.4662,527.8955,2.3099,9.66,0.3761,3.3632,0.0984,1.8299,16.2833,0.0171,3.4656,0.0253,0.0224,88.5812
-1.0,3183.63,2195.4444,1.5978,85.1011,1.4129,-0.0081,-0.0005,206.1546,9.1213,410.5477,0.9766,195.7831,12.5453,1.4069,-3793.5,816.0,1.3105,2.0257,7.3228,73.2333,2.1222,0.1614,85.3687,9.97415,63.7914,66.4257,86.8485,80.27,3.244,350.8118,149.4091,743.4228,0.8693,129.3473,629.5682,114.6762,4.657,4.93,2821.0,0.9327,-4.99,351.51,10.261,124.4191,7.8891,24.99,30.6875,712.7354,145.75,621.6791,96.7501,0.004836869572024449,0.005177095191069764,0.010636510544093758,-0.008613776756199773,-0.012199278528084584,-0.019843757849565803,0.007436049718045901,7.7181,0.1301,0.9858,1719.8538,0.1803,9155.38,0.0617,0.0065,-0.1203,-0.0063,0.4464594215704185,0.9294,767.2725,0.9895,58.3851,0.595207691832354,0.9792,6.1454,15.7,4.749,15.74,15.72,1.343,0.8223,3.037,-0.8515,0.6102,2.2555,1002.4237,106.0,114.7,126.6,26.599799999999988,627.6799,0.1857,0.2015,0.0367,0.0681,0.012,9.9435,5.384,12.931,0.0066,0.2,0.0215,969.0,10949.0,0.079,0.058,0.202,4.0,0.371,0.7025,0.058,0.6831,0.2769,1.0002,0.598,0.0608,3.82,22.69,20.144,0.368,20.08,8.53,36.551,79.198,0.08861324529273203,0.05689701235175096,0.05434943331504427,0.0636733701182664,0.0849881079666549,0.08669604036610157,0.08752087066623615,0.07685725314423833,3.2575,0.0419,0.0041,150.4263,0.0209,1396.7998,0.013,0.0184,0.041555798228155916,0.0289,145.6428,3.0797,0.03386643254442478,0.3829,0.0858,4.3794,28.8477,38.93,40.2278,0.0642,1.8942,0.0619,1.5013,0.0471,0.0077,411.2739,77.0152,844.5971,5263.7578,0.0367,0.0256,0.0902,1.3883,0.0414,0.1118,0.2942,0.0234,0.1159,6.2058,0.1723,8.5238,0.0175,1.2369,6.7415,6.3634,0.0982,2.2251,3.2051,11.294,24.151,0.024409525883256067,0.02505764723641213,0.024539679525505675,0.027956404205141436,0.02489517907050537,0.043418305040414606,0.04342216602799463,0.04031458258144711,1.3397,0.0141,0.0013,49.3534,0.0073,455.485,0.011678895786303937,0.0095,48.0251,0.963,0.01128030167686785,0.1208,0.0299,4.5876,1.3627,4.7179,3.6028,5.0681,1.259215111510735,21.5388,11.62,14.2614,59.0269,3.1497,0.6728,1.5942,1.5268,46.4742,0.0,6.0282,2.8631,2.7585,5.462,84.8168,92.2918,11.0699,0.8229,0.4281,1.0708,0.1137,5.8122,4.2099,3.6321,6.998,2.9533,3.6041,17.566,5.1735,3.5864,7.4506,254.5281,5.1283,18.304,81.8583,309.15150182070903,216.5849099091751,204.49383177858059,306.0824646075587,258.3123447986648,346.2172044793984,273.08699559973144,42.2062,1.3377,1.7697,0.4162,8.7465,11.5746,0.0,31.7101,0.0,10.098010012669794,3.1042,18.9819,0.1205,5.2749,6.2305,3.8032,9.8289,74.932,15.47,1.07,7.0423,0.4254,33.3056,3.7633,1.428,0.2327,0.0678,21.4914,7.27,0.0733,2.6265,0.0341,2.8852,10.5337,534.5864,1.8987,7.46,0.3124,2.6462,0.0959,1.3955,16.4543,0.0117,2.3203,0.0253,0.0224,88.5812
-1.0,3072.2,2195.4444,1.5978,85.1011,1.3148,-0.0024,0.0039,197.2462,10.6286,419.9373,0.9739,187.2912,12.5269,1.3909,-1786.0,-7175.24995,1.291,1.9987,7.117,72.3333,2.0889,0.1704,84.078,8.9605,64.1054,66.0683,86.4061,79.09,2.799,360.9582,130.3245,732.5656,1.0824,142.4945,633.7773,61.7328,4.4879999999999995,4.711,2915.0,0.9091,3.0682,361.1555,10.8129,113.3927,8.7491,16.9318,20.6576,711.908,150.48,625.0282,105.1729,-0.0177,-0.055,-0.0278,0.0093,-0.0116,-0.0203,-0.0489,7.1753,0.1343,0.9907,1703.3708,0.1748,8347.72,-0.0932,0.0019,0.0032,-0.1254,0.4381922875798123,0.9547,708.3268,0.9895,58.6392,0.5938,0.9648,6.2952,15.71,4.936,15.78,15.76,1.39,0.8258,3.209,-0.5677,0.5887,2.2868,1001.4281,100.0,201.0,121.1,26.599799999999988,627.6799,0.1857,0.1738,0.0329,0.0446,0.0135,4.0299,5.833,9.08,0.0107,0.35,0.082,545.0,3469.0,0.186,0.062,0.141,4.4,0.493,0.7797,0.0866,0.5089,0.3349,0.7614,0.643,0.2379,7.15,13.52,22.086,0.497,12.57,7.76,18.925,50.594,0.1029,0.0476,0.0294,0.0113,0.0865,0.0723,0.0941,0.0723,2.7526,0.075,0.0015,113.7875,0.0353,797.4995,0.0203,0.0134,0.06265271317021526,0.0215,101.0332,3.1222,0.0371,0.4196,0.0847,3.7838,28.415,67.6876,45.3495,0.0642,1.8942,0.0545,1.9378,0.1091,0.0315,265.1276,304.6714,5823.189049999999,2452.9534,0.0819,0.0308,0.0576,1.5215,0.0628,0.1694,0.318,0.0392,0.0537,7.3852,0.2136,4.385,0.0673,2.1903,4.1392,7.8306,0.147,2.4513,3.6651,5.5944,15.9084,0.0272,0.0223,0.0134,0.0051,0.026,0.0382,0.0469,0.0347,0.9744,0.0231,0.0006,37.3225,0.0107,233.2522,0.013227001469106369,0.0085,28.3721,0.9519,0.0147,0.1353,0.0326,3.8148,1.2159,4.587,6.5425,5.0323,1.259215111510735,21.5388,11.62,13.2187,54.88,2.1622,1.1005,2.794,5.8969,298.58439999999996,32.2323,14.4074,3.1019,1.9812,6.0829,95.7447,109.1265,15.056,0.9274,0.9664,0.7938,0.4081,5.5103,11.8627,2.2113,21.9749,5.0177,2.1332,35.7768,2.6025,4.5964,7.8488,143.6714,2.6583,11.2799,48.1055,581.1507,497.1279,40.7207,932.6146,623.2759,462.9766,147.9284,38.3623,3.3499,3.1851,0.1559,6.6801,20.2187,0.0,42.1053,0.0,13.997351006272929,2.2484,14.2636,0.1286,5.3244,6.6648,3.7039,8.8823,72.228,19.1,1.39,8.4989,0.5323,62.7106,4.8073,1.9245,0.2327,0.0678,21.4914,4.98,0.0877,2.0902,0.0382,1.8844,15.4662,532.1618,2.1401,7.11,0.4659,2.4357,0.1286,1.3361,21.7713,0.0178,3.5459,0.0236,0.0065,27.5514
-1.0,2958.43,2192.7556,1.7393,118.08009999999997,1.4386,-0.0179,-0.0048,204.1995,12.0395,423.1666,0.9696,193.9751,12.5318,1.397,-3431.25,-804.0,1.2328,2.0263,7.1725,73.1444,2.2111,0.1912,85.9625,8.7552,64.1204,66.2133,86.438,78.72,3.074,364.1282,128.8982,734.8409,1.4451,144.0718,637.0982,184.9305,4.569,4.801,2889.0,0.9186,2.9691,362.8627,10.8347,111.8673,18.8782,17.0309,24.1042,710.7367,143.49,618.22,112.2533,-0.006851985958065354,-0.009707586475779212,-0.026565562746486804,-0.0008959067854050901,-0.011950877673353677,-0.02115335322772436,-0.012220636738567603,7.1105,0.1337,0.9885,1734.4893,0.18162648205716436,8607.002267648346,0.0556,-0.0279,-0.032,-0.0072,0.44404664258348914,0.9443,690.568,0.9896,58.3444,0.6009633226386781,0.9637,6.4131,15.69,4.947,15.73,15.67,1.541,0.8012,3.135,0.0,0.5768,2.2886,997.7594,114.0,146.2,168.0,54.7,44.993,1.0612,0.1429,0.0472,0.0641,0.0249,11.9458,7.902,8.745,0.0153,0.4,0.017,919.0,317.0,0.111,0.092,0.048,3.2,0.529,0.7793,0.0421,0.4885,0.2656,0.6352,0.406,0.1615,3.64,13.04,20.08,0.572,15.91,8.22,17.344,46.446,0.09929242584756316,0.0574474764862454,0.046755280222544826,0.05595397033036706,0.08782201897856001,0.08651931852638417,0.08075319675952407,0.0759837671111068,3.2187,0.0457,0.0016,104.1158,0.05277300978746713,845.8179919034174,0.0109,0.0178,0.058237251807460116,0.0258,139.8181,2.58,0.032847348846991246,0.285,0.0856,3.3907,29.7789,44.1357,54.8547,0.36060000000000003,2.3376,0.0573,2.8082,0.1166,0.0076,385.1809,255.746,131.7912,146.399,0.049,0.0417,0.0224,1.0561,0.0345,0.1848,0.2831,0.0168,0.1038,6.8537,0.1417,3.908,0.0443,1.2101,3.5034,7.3323,0.1566,2.4445,3.1229,5.1929,14.3477,0.02533673245742648,0.026023767451932023,0.0209906132310117,0.02654549503372368,0.026084224974184,0.04275507389656985,0.038030788069150945,0.03685345193405682,1.1405,0.0152,0.0005,32.9887,0.016915309267272263,213.02730084983045,0.012938716389113737,0.0091,35.7701,0.7771,0.010933027415491696,0.0888,0.0323,4.3682,1.0918,5.182,4.9418,6.7495,2.4946,5.1877,64.9361,9.9335,65.6342,2.0666,1.5766,3.1919,1.2169,8.1603,39.4279,9.0043,4.5404,0.6692,4.3749,63.3166,58.0476,15.8758,0.9066,0.481,0.7618,0.377,5.4486,11.9552,2.0811,11.1746,2.5265,2.0468,10.8581,1.8038,5.2793,8.3313,84.2771,2.4403,7.2682,41.3761,321.8710313161496,199.93256424962868,204.36221808549226,302.1795380304971,224.18542436840244,350.25411334454344,274.1395263625334,45.2664,2.2444,1.8939,0.1584,6.0027,28.813309256272593,0.0,36.715,773.3333,13.103663783110244,2.7343,20.2468,0.1777,4.4221,4.4433,3.7409,8.0758,77.316,15.66,1.12,6.9993,0.4339,61.8688,3.9006,1.4486,0.3622,0.0851,32.2873,4.98,0.0877,2.0902,0.0382,1.8844,15.4662,532.1618,2.1401,7.11,0.4659,2.4357,0.1286,1.3361,21.7713,0.0157,3.1578,0.04,0.0123,30.7574
-1.0,2939.35,2195.1,0.8279,96.31,1.4366,0.0083,-0.0029,197.5556,8.5775,402.9121,0.9733,187.6454,12.452,1.4017,-3753.25,40.5,1.0862,1.8035,5.1737,69.5,2.0222,0.16,85.1237,8.1605,64.415,66.3805,86.629,84.56,2.759,344.4836,133.8045,717.1754,0.9623,139.5845,617.8727,140.5981,4.605,4.834,2803.0,0.9332,2.3318,346.9336,10.479,116.1364,10.3865,17.6682,20.9574,696.218,148.7873,611.8573,136.1427,-0.007609917841083058,-0.001124249552616724,-0.019893241515852478,-0.0049432772478444215,0.013384788901719485,-0.018931832437783853,-0.005545311995235336,7.2,0.1305,0.9926,1873.9783,0.17349483290592183,8950.040690064523,0.0,0.0,0.0,0.0,0.4571279578402272,0.956,779.401,0.9867000000000001,59.0924,0.5924604712105763,0.9599,6.4061,15.92,1.671,15.91,15.87,1.309,0.3161,3.7820000000000005,-0.1419,0.8712,2.2877,1015.7622,104.0,75.6,48.2,55.5,343.9039,0.0894,0.23175000000000004,0.0888,0.0576,0.0139,4.1734,12.795,6.021,0.0103,0.18,0.0373,216.0,538.0,0.054,0.027,0.252,3.1,0.185,0.781,0.2361,0.5125,0.2893,0.9272,0.783,0.136,11.86,22.26,15.332,1.5694999999999997,14.65,9.49,37.1,110.377,0.09539779538538613,0.04534795631088076,0.05822539102655455,0.055624645870258366,0.09449646649739851,0.07342793519893553,0.08056307751686079,0.07226489047397203,4.9165,0.0511,0.0008,135.1934,0.03894097768254062,1142.5871251376275,0.0148,0.0224,0.04300325562147786,0.0249,101.2534,5.6776,0.031340617151664786,0.8346,0.112,4.5432,26.9838,23.4359,15.653,0.0288,2.5095,0.08085,3.53,0.0416,0.0134,99.5234,22.8254,155.8619,226.1423,0.0225,0.0132,0.1148,1.1057,0.0229,0.0629,0.2953,0.0985,0.1213,7.4274,0.2396,11.205,0.0374,3.2042,7.2987,4.314,0.45265,2.7074,2.6286,11.9491,35.5251,0.027461813376865735,0.02240057991899544,0.025874884856273032,0.024739819176599856,0.026383475407025292,0.04241064998166105,0.04041697660045669,0.0354338949330767,1.6269,0.0169,0.0003,46.2283,0.012771109705758843,403.79270305213197,0.01585882143316715,0.0091,37.9529,1.6239,0.010476075926190969,0.2622,0.038,7.6319,1.6184,4.7455,2.572,1.9112,2.5284,22.5297,10.7941,16.1177,149.1686,1.4944,1.0549,1.4455,2.6603,9.6183,0.0,4.9712,1.4971,4.8707,4.4604,34.6154,40.0,3.9157,0.9175,2.8937,0.7956,0.0873,6.8363,12.2866,5.2417,14.132,8.4966,3.6027,10.9048,7.4471,15.138300000000001,17.537999999999997,141.0491,5.3288,32.0751,81.0745,322.1616664148623,201.80308252984156,204.9141391395541,301.5928488650294,223.341235627352,349.2779827288751,274.69187723262064,68.2839,2.2981,2.164,0.0787,7.2142,29.111450466285344,0.0,40.0932,669.3878,11.742248903217167,2.6094,12.9912,0.25379999999999997,9.6081,13.138399999999997,4.8945,10.5805,73.254,14.53,1.33,6.7381,0.5058,27.0176,3.6251,1.8156,0.2712,0.0559,27.9814,1.69,0.0584,0.8263,0.0233,0.6313,7.2788,532.4527,1.9857,5.83,0.3368,2.077,0.1016,1.0949,16.9589,0.0111,2.2144,0.0085,0.0212,247.6285
-1.0,3020.79,2210.3556,1.6941,118.08009999999997,1.3405,0.0201,0.0018,197.6796,10.4652,411.7631,0.976,187.6334,12.4192,1.399,-3758.25,653.0,1.0785,1.805,5.1602,69.5889,2.1778,0.1574,85.1911,8.5494,64.195,65.9044,86.5361,81.95,2.338,355.8555,129.0891,725.2654,0.9554,141.4173,626.3618,128.7229,4.552,4.805,2910.0,0.9322,2.8009,357.4073,10.5717,111.89,8.16,17.1991,21.0159,704.2495,148.9045,618.2018,89.4155,-0.02108401787576808,-0.0043999652130888856,-0.022669241269738793,0.0039155287770774455,-0.007071534725706902,-0.0204360039940076,0.0046854203398145056,6.0842,0.137,0.9878,1808.1907,0.1732,8389.1501,-0.0918,0.0028,0.0592,-0.0056,0.44093932912102707,0.9577,730.4147,0.9893,59.9228,0.5961966162932695,0.9577,6.5236,15.95,2.032,15.93,15.93,1.333,0.38,3.726,0.0,0.8722,2.3124,1016.2833,72.0,152.7,63.2,70.2,255.2159,0.6609,0.1097,0.0882,0.0472,0.0126,10.4613,6.309,4.447,0.0086,0.32,0.0374,153.0,144.0,0.041,0.013,0.277,2.0,0.079,0.67,0.0775,0.6558,0.2698,0.7831,0.359,0.0739,6.26,10.93,28.733,0.256,13.68,5.87,22.951,59.569,0.08613943895403754,0.05828052228128802,0.053446632929960325,0.05720942895672648,0.07420059773657639,0.0825450660886069,0.07720304092273825,0.08031874059704422,4.0262,0.0433,0.0014,155.8743,0.027,1329.7002,0.0069,0.0205,0.04531143699262363,0.0209,153.9048,2.2716,0.030696824651199384,0.2895,0.1189,2.3226,20.8088,47.8823,19.2472,0.2961,1.46,0.0411,2.0794,0.0701,0.0127,71.8488,15.2616,79.0754,59.3633,0.0188,0.0061,0.1386,0.739,0.0295,0.0231,0.2638,0.0316,0.1102,5.7768,0.1053,5.274,0.0235,1.6438,3.7626,9.3104,0.0876,1.7103,2.234,7.1712,23.4946,0.025833151366352995,0.025633577462701687,0.02402807809301214,0.027016270533019873,0.02259658306215001,0.039516027324942304,0.0373113071126638,0.040126437373572306,1.3381,0.0144,0.0004,48.218,0.008,378.8996,0.013231802031448421,0.0066,43.6128,0.8088,0.010539436437300227,0.0959,0.0445,7.5116,0.7168,3.2587,5.055,2.5278,3.176,28.0236,39.0112,8.1835,60.2856,1.08,0.8832,2.5767,2.6769,4.6032,22.0521,3.8016,0.7202,5.368,2.874,45.9184,56.5279,1.6609,0.7865,0.9065,1.0216,0.168,5.151,7.6769,2.4438,7.734,4.4266,1.745,22.3216,5.4235,2.4216,5.2105,167.6474,3.2589,8.4887,66.6205,322.8471216526172,201.97193360501518,205.78502416316311,301.2546613283056,217.90493582486982,348.7306811392675,275.0417842095645,66.175,4.941799999999999,1.7799,0.1436,8.6205,15.5915,0.0,37.4312,0.0,11.770237983776983,2.1858,21.0709,0.1158,3.7909,4.4379,5.1421,5.3813,74.95,13.15,1.36,5.9056,0.5133,41.8115,3.2692,1.8145,0.784,0.1946,59.5232,4.05,0.1204,1.7015,0.0557,1.5777,17.1567,532.2627,2.1154,10.15,0.4655,3.6284,0.1383,1.907,22.006,0.0126,2.5295,0.0174,0.0234,134.3983
-1.0,3031.78,2182.5555,1.211,112.2922,1.3485,0.0151,0.0003,197.2941,9.8858,410.2755,0.9752,187.0171,12.5582,1.4259,-4892.0,410.0,1.2685,1.977,7.1085,72.4889,2.4778,0.1781,83.3726,8.7512,64.4292,66.1116,86.446,79.55,2.586,343.9136,139.2936,725.0466,0.914,139.7864,622.9936,142.5621,4.513,4.764,2855.0,0.9295,1.5745,345.4982,10.3617,120.8682,8.4647,18.4255,21.0974,703.9493,150.1273,616.4936,130.5133,-0.005095036001393993,-0.009201717170148088,0.0025394322151286453,-0.007685023735671634,0.025128005290564415,-0.018598549534708568,0.01133743369316259,7.2233,0.1292,0.9914,1845.2409,0.18361296983921294,9312.838475542714,-0.0383,0.0233,0.0365,0.0167,0.4312263996052419,0.9392,826.7217,0.9895,59.9764,0.5965381145454909,0.9602,6.5951,15.92,1.671,15.91,15.87,1.309,0.3161,3.7820000000000005,-0.1419,0.8712,2.2877,1015.7622,93.0,64.7,56.6,57.6001,376.173,0.6685,0.2181,0.0814,0.0443,0.0132,4.3099,9.008,6.663,0.0095,0.25,0.0325,423.0,603.0,0.102,0.209,0.385,2.5,0.398,0.4433,0.1044,0.4988,0.2631,0.5958,0.623,0.0824,5.66,16.49,22.068,0.38,13.15,15.55,27.611,19.501,0.08748359888210684,0.053857401626906914,0.04915331297505243,0.05827521651521694,0.08407169804841053,0.06143807800683165,0.07698585718696016,0.08152835958154422,3.4599,0.075,0.0022,122.7334,0.05543304338997676,1066.0327094559902,0.0064,0.0159,0.051945743049592874,0.0319,125.9354,2.4154,0.03428271163301156,0.4422,0.112,4.5432,26.5059,23.607,20.7457,0.1908,0.9259,0.0706,2.597,0.0754,0.0125,198.7779,163.2715,1691.5123,249.7532,0.0449,0.09505000000000002,0.1722,0.9185,0.0343,0.1491,0.2147,0.0411,0.099,6.3127,0.1586,8.6833,0.0243,1.7302,5.3121,6.7552,0.0985,4.2793,4.9792,9.8611,6.1782,0.023179693445859885,0.025963470029728625,0.023132373145834537,0.026206637570583738,0.02457185282333385,0.03251543523904549,0.03827904132284689,0.04107011373224285,1.2741,0.0231,0.0006,45.9278,0.017262931057873118,329.8315197500173,0.014793647551385038,0.01,38.1639,0.7389,0.011705078260632796,0.141,0.038,7.6319,1.6184,4.1617,2.1341,2.2384,2.6391,29.8292,55.1993,16.1177,91.1204,1.624,0.9783,1.9907,2.2807,81.0711,147.0732,8.041,10.417850000000001,5.4161,3.4488,44.3946,61.1978,12.3932,0.5317,1.1929,0.7742,0.3098,6.2312,10.2374,3.9777,9.0145,4.049,2.6469,15.4796,6.1265,3.6673,17.537999999999997,155.3509,3.9223,17.624,14.9418,324.8535923508969,202.818465169498,202.64714446886597,299.7502105379574,225.99912976637435,354.1080154464908,272.31381730438244,47.8993,1.7025,3.1851,0.2263,6.6513,29.139508622253754,657.3643,46.022,0.0,12.028007838622445,3.3931,15.2331,0.1228,4.0272,6.7055,4.8945,10.5805,73.578,21.4,1.17,9.4405,0.4437,47.3662,5.3339,1.5901,0.3072,0.0596,30.0409,4.98,0.0877,2.0902,0.0382,1.8844,15.4662,537.9264,2.1814,5.48,0.3891,1.9077,0.1213,1.0187,17.8379,0.0138,2.7512,0.0235,0.0275,117.0945
-1.0,2902.96,2181.1889,2.1195,108.14,1.3255,-0.0052,-0.0016,197.0672,10.1901,417.7591,0.9773,186.7857,12.6037,1.3786,-4549.25,-617.25,1.3005,1.964,7.2425,73.2222,2.1444,0.166,84.1818,9.2189,64.0575,66.0288,86.6498,77.7,3.051,363.2564,139.3927,747.3901,1.361,142.4155,645.0645,215.2778,4.631,4.865,2871.0,0.92,-2.7673,362.1491,10.6428,116.6255,16.18,22.7673,29.9103,717.4798,150.11,628.8845,110.9244,-0.0036114106593781448,-0.0008906187158899403,-0.021168303951091816,-0.0007375971326618186,0.006231744262740702,-0.019877085956012126,-0.016579125911634796,8.0902,0.13,0.9925,1794.3678,0.18250049801240575,9422.737022456336,-0.0369,0.0288,0.0152,-0.114,0.4217006157501573,0.9404,817.4893,0.9892,59.9352,0.5939732869055792,0.9811,6.0213,15.92,1.671,15.91,15.87,1.309,0.3161,3.7820000000000005,-0.1419,0.8712,2.2877,1015.7622,113.0,65.0,48.5,51.3999,320.2949,1.0612,0.1201,0.0436,0.0628,0.0103,3.9255,5.933,5.5,0.0074,0.23,0.0834,1397.0,3244.0,0.153,0.078,0.17,4.8,0.358,0.6269,0.26130000000000003,0.5831,0.4214,0.7039,0.783,0.2402,7.43,11.24,51.296,0.591,12.54,7.72,20.411,69.136,0.10499403303733014,0.0467936894946718,0.055147816580848885,0.05606420648705002,0.09863134146744879,0.07834945211393363,0.06245926054460896,0.08287617707102937,2.7795,0.041,0.0012,116.1804,0.05998976551707316,1223.1732911201814,0.0168,0.0132,0.0573478849502399,0.0101,51.3397,4.5077,0.03619128211746132,0.3422,0.112,4.5432,27.7689,26.7955,17.1095,0.36060000000000003,2.1656,0.0393,1.6356,0.0635,0.0337,608.9408,164.2062,2507.6885,1480.0839,0.0712,0.0347,0.0764,1.5344,0.0821,0.1248,0.2642,0.0985,0.1078,8.0658,0.2376,4.4424,0.066,2.1592,3.2134,15.7174,0.1751,2.3169,3.2284,5.4755,20.9181,0.030230384705950478,0.020856892079912925,0.02491452421190827,0.02686407157208691,0.028797296367087666,0.041130102068994145,0.029702285462527775,0.041854510128610474,0.8953,0.014,0.0004,37.7986,0.017046197689436923,387.80850064245357,0.012927083661578711,0.003,17.4421,1.3503,0.01243570157716915,0.1181,0.038,7.6319,1.6184,5.2354,2.2391,1.9284,2.3565,23.9224,58.2515,9.061,58.2232,1.3165,0.7592,1.8249,6.0487,113.6231,525.5569,11.7647,3.9715,2.3473,6.5554,116.5803,159.51774999999998,10.786,0.7447,2.9167,0.9103,0.284,6.9317,11.3994,2.3039,17.648,5.2171,1.7425,23.8278,2.7595,5.553,7.2626,77.5034,2.8448,12.4644,62.3272,321.2119627154797,204.22099430166026,200.2253670216971,300.9578675064782,238.75336510136626,355.09444862699473,271.1101900359653,34.357,1.8466,1.6469,0.1251,6.4747,30.580517785944494,0.0,21.9931,0.0,12.947553432521218,1.0689,6.2802,0.1641,7.521,5.6835,4.8945,10.5805,73.378,17.66,1.47,8.6547,0.5971,53.3145,4.4911,2.0033,0.2327,0.0678,21.4914,4.98,0.0877,2.0902,0.0382,1.8844,15.4662,537.0846,2.1754,7.28,0.4146,2.7342,0.143,1.3555,19.059,0.013,2.5982,0.0086,0.016,184.8703
-1.0,3025.21,2179.7333,1.4843,84.34660000000002,1.3687,-0.007,-0.0033,203.747,10.0892,415.3753,0.9718,193.5113,12.5373,1.4022,-3399.5,-568.0,1.2735,1.9777,7.2923,71.9111,2.3333,0.2029,84.0773,9.065,64.0426,66.0862,86.3325,77.37,2.478,347.4245,142.8945,732.7838,1.3323,141.1509,631.47,205.0604,4.602,4.832,2820.0,0.9317,-2.3109,348.6973,10.28,120.5836,11.3236,22.3109,29.508,703.2758,150.8655,620.1464,93.9177,0.011164519993943411,-0.002518473793578724,0.006932822293692298,-0.016835546842371082,0.005841374564571095,-0.02074589321147794,-0.014288429222444388,7.6263,0.1309,0.99,1801.2336,0.18041767874862283,8983.279086724066,0.2231,0.0586,-0.0848,-0.0055,0.46833902346096923,0.9521,773.0223,0.9898,58.8254,0.5945226943404355,0.9644,6.3363,15.69,4.947,15.73,15.67,1.541,0.8012,3.135,0.0,0.5768,2.2886,997.7594,200.0,83.1,110.0,32.3999,1015.8822,0.3124,0.1352,0.0325,0.0558,0.0225,12.1361,8.173,9.286,0.0137,0.23,0.0477,1074.0,2552.0,0.044,0.106,0.131,3.0,0.563,0.7106,0.242,0.6098,0.3182,0.6666,0.525,0.0912,3.93,14.24,34.801,1.066,20.66,11.17,29.57,59.146,0.08300169253061458,0.05170395561169697,0.05084215961521865,0.05445022472913125,0.09050676436254002,0.09045458955474384,0.0915693982529646,0.06790538939241622,1.6463,0.0328,0.0013,76.9235,0.05063650878418116,961.0519518282802,0.024,0.017,0.07138370985587866,0.018,195.7474,1.9649,0.03540961206329167,0.4507,0.0856,3.3907,35.5935,28.4766,28.3526,0.0942,3.0239,0.0464,2.5752,0.0635,0.0182,487.9477,200.5808,660.9985,1422.4918,0.0191,0.0506,0.061,0.9675,0.0393,0.1782,0.2754,0.092,0.0439,5.8205,0.1367,8.6338,0.0277,1.2419,4.9132,9.8151,0.2792,3.1327,3.472,9.7347,19.6172,0.02262648084068692,0.022942892721988517,0.022686765197057875,0.026369898029281982,0.026830745954039975,0.04700090953907515,0.04319101086039394,0.03423329009381371,0.5453,0.0121,0.0005,25.1037,0.014149227769996164,304.1939100997265,0.01329087814879627,0.0071,60.3625,0.5809,0.012030983250344823,0.155,0.0323,4.3682,1.0918,9.053150000000002,2.7469,4.3942,1.4864,53.0016,21.0501,9.8782,81.0076,2.2356,1.4074,1.8345,3.4054,43.0946,449.2958,3.455,5.3596,1.7964,4.1718,64.2857,59.6386,16.8771,0.8452,2.6702,0.9522,0.2657,5.9754,9.3636,3.9011,6.8444,2.7843,2.2551,16.9711,7.1569,10.3696,17.537999999999997,182.4502,4.2046,24.2332,62.9764,319.70996792105217,203.7868898435483,203.3994978015497,302.59158103449334,238.58135884824569,350.2251941434136,273.3714415352207,21.5879,2.9784,1.3674,0.1351,4.2706,30.660562024846893,0.0,46.6586,546.0317,11.833152108695492,1.8908,25.3224,0.1056,3.3403,7.1129,3.7409,8.0758,73.254,14.53,1.33,6.7381,0.5058,27.0176,3.6251,1.8156,0.3553,0.0929,32.3812,4.98,0.0877,2.0902,0.0382,1.8844,15.4662,531.96,1.8347,12.7,0.286,4.465,0.0927,2.3874,15.5905,0.0158,3.1428,0.012,0.0055,46.1076
-1.0,3072.1,2177.4333,1.3321,84.34660000000002,1.4359,-0.0114,0.0096,198.0586,9.562,410.3331,0.9802,187.5534,12.4933,1.4184,-3484.25,-499.0,1.3115,2.0252,7.4247,71.4222,2.7333,0.2183,87.3041,8.3267,63.9771,66.0377,86.889,80.78,3.131,345.0,144.1236,731.8228,0.8934,137.9009,627.0245,143.1937,4.513,4.764,2855.0,0.9295,0.0627,348.0709,10.1262,124.1864,7.8182,19.9373,23.9783,707.8445,150.3782,622.6355,116.9858,-0.01575440647719939,-0.0058404817051241065,0.007423880357863344,-0.003667772690151519,-0.001778981018672493,-0.020195392430379135,0.003537587462843106,7.5566,0.1453,0.9899,1836.3814,0.1965,9022.4899,0.1407,-0.026,-0.0905,-0.0336,0.4536384428735256,0.9514,762.6247,0.9899,56.5933,0.5949731113368684,0.9638,6.59,15.92,1.671,15.91,15.87,1.309,0.3161,3.7820000000000005,-0.1419,0.8712,2.2877,1015.7622,108.0,124.5,152.5,26.599799999999988,717.9661,0.2352,0.1362,0.0599,0.0781,0.0091,7.58,7.695,8.502,0.0052,0.41,0.0209,1513.0,1529.0,0.208,0.156,0.263,2.4,0.631,0.8145,0.056,0.5984,0.327,0.9016,0.602,0.0655,4.58,21.34,29.91,0.733,12.88,13.88,31.118,124.529,0.08896991198234501,0.0565392060690412,0.05085475209268697,0.05747018970756401,0.07940905102182383,0.08034781398255908,0.0854746488244981,0.06402900207713927,2.9499,0.0346,0.0021,91.675,0.1254,1171.7002,0.0126,0.0155,0.05877777981436108,0.0152,123.8996,2.2007,0.034838274050271,0.4836,0.112,4.5432,29.2189,47.3426,55.3547,0.0643,2.6329,0.051,2.2235,0.0765,0.0081,646.8108,359.9559,677.8763,674.9375,0.0924,0.0711,0.1202,0.8378,0.0555,0.2084,0.3281,0.0234,0.0966,5.5391,0.1558,9.0326,0.0247,1.7186,6.7006,8.8547,0.2059,3.8687,4.4074,10.5175,32.0668,0.025689092388102283,0.02564826015807925,0.02365560832025975,0.026428006479517943,0.024490829248806134,0.0420157961618724,0.041600966686292845,0.03252115430717079,1.1257,0.0116,0.0006,28.0185,0.0374,409.334,0.01453180092607621,0.0045,41.1795,0.7564,0.01204280512192294,0.1501,0.038,7.6319,1.6184,4.8526,4.0526,6.0161,1.259215111510735,24.3718,17.6584,9.4856,80.4748,2.072,0.5327,3.2818,1.4756,46.581,306.4128,15.8597,7.7028,3.5422,3.3603,43.9024,82.9008,18.2183,0.9329,0.6722,0.9353,0.251,5.4174,8.5066,4.0922,7.3334,3.3212,3.4034,20.8878,6.1265,7.2387,17.537999999999997,164.7427,4.3962,17.6024,106.448,321.16631757559924,202.25312297007054,203.36647872504068,302.3255632685094,231.26367220963604,351.14396788677493,273.2292964042742,39.0379,1.1008,1.4427,0.2088,4.9922,63.31987047269746,0.0,55.4855,0.0,13.179948385040838,1.5988,16.2465,0.0696,3.8887,7.3384,4.8945,10.5805,72.322,21.09,0.94,8.9181,0.3745,116.5082,5.1665,1.2997,0.3974,0.0715,38.5903,4.98,0.0877,2.0902,0.0382,1.8844,15.4662,534.3264,1.5887,5.4,0.2039,1.8036,0.054,1.0106,12.833,0.0132,2.6249,0.0277,0.0074,26.733
-1.0,3012.3,2217.4111,1.4802,101.3511,1.3832,0.0042,0.0023,197.0611,8.6079,412.41,0.9735,187.5852,12.4386,1.4128,-3660.25,176.5,1.0968,1.8005,5.26,72.3778,1.8444,0.1393,83.7667,8.4509,64.452,65.9248,86.6899,81.29,2.229,356.56,145.4745,744.8183,1.2189,132.0336,634.0682,206.0714,4.626,4.829,2843.0,0.9317,5.9345,358.6545,9.728,131.4091,9.4222,14.0655,17.8357,726.9825,135.88494999999995,625.6173,133.3649,-0.003837958718750367,-0.02532242282348568,0.01712573355316993,-0.004705440364931243,-0.0013161182408287786,-0.021967745454516248,0.004110700301628911,7.573037638015004,0.1296,0.9929,1796.4239,0.2007,8936.0899,0.054,0.0428,-0.1019,-0.0308,0.438970391887058,0.9542,789.1009,0.9897,58.0278,0.5914890804004981,0.9812,5.9926,15.7,4.749,15.74,15.72,1.343,0.8223,3.037,-0.8515,0.6102,2.2555,1002.4237,118.0,155.6,103.8,55.5,328.512,0.1825,0.1077,0.0543,0.0515,0.0133,4.3776,4.431,11.501,0.0116,0.31,0.0433,252.0,501.0,0.072,0.022,0.359,2.0,0.167,0.7733,0.1183,0.6734,0.3231,0.5856,0.273,0.1091,4.18,17.63,45.98,0.851,17.69,5.27,24.991,20.105,0.10930480627391094,0.057608775516479166,0.05069444481315177,0.053706942992905043,0.08108150201946096,0.09477562589046928,0.08513350442137438,0.08617883786464478,3.804327579296381,0.0866,0.0009,116.4772,0.1254,668.4004,0.0171,0.0223,0.040274463753059264,0.0212,81.6422,2.8113,0.03152608242640728,0.2858,0.0858,4.3794,28.7871,53.4386,37.416,0.0584,2.2199,0.0346,1.2586,0.0874,0.0114,113.6222,66.6702,133.2776,256.149,0.0322,0.0096,0.1896,0.676,0.0236,0.0502,0.2972,0.0483,0.1284,5.737,0.0805,7.0711,0.036,1.2924,5.3479,15.561,0.3041,1.8009,2.5422,8.378,6.0925,0.03117733502355921,0.02541436787302616,0.023175138239301528,0.025251745563885306,0.0234610795401336,0.047478142518246,0.04260507508116711,0.04186244447708815,1.3374824207294178,0.0281,0.0003,39.0237,0.0374,252.0734,0.015380210142414523,0.0078,31.3189,0.8622,0.010662494578808298,0.0957,0.0299,4.5876,1.3627,5.2343,5.1655,4.2078,2.5029,31.8238,12.3273,7.7863,51.4759,2.7887,1.1921,2.4922,3.0663,8.0869,283.8527,6.5649,1.2219,6.8251,2.7633,43.3735,49.5215,3.5067,0.9232,1.4003,1.0448,0.2812,5.1576,3.4989,3.0802,8.9483,3.1659,2.7805,22.3127,6.3522,8.7479,5.2356,187.7481,3.4376,9.6467,15.0752,322.2785832836565,201.8876934099928,205.21614208436807,301.63676500619215,220.8535293298088,349.12341788068153,274.79806622256274,51.004921720616615,1.929,3.5494,0.0922,6.4838,63.31987047269746,0.0,44.9761,695.6522,11.636610034893856,2.2207,10.3462,0.1148,4.8447,4.816,3.8032,9.8289,73.254,14.53,1.33,6.7381,0.5058,27.0176,3.6251,1.8156,0.7661,0.1838,57.0019,6.86,0.0264,2.5496,0.0107,2.5378,3.8967,532.17,2.151,9.16,0.5035,3.1634,0.1463,1.7213,23.4054,0.013,2.5976,0.0097,0.0172,176.6783
-1.0,3076.33,2217.4111,1.4802,101.3511,1.312,-0.0043,-0.0063,197.1494,9.5226,418.6958,0.9741,187.6694,12.6037,1.3784,-3926.5,-2056.75,1.3205,1.996,7.2752,73.0222,2.6333,0.2108,83.3424,8.7786,64.2226,66.2251,86.4039,80.45,2.741,365.0164,141.4382,748.6558,0.875,133.0009,639.4555,138.9758,4.594,4.823,2874.0,0.9187,-3.1909,363.4636,10.5787,118.2473,9.06,23.1909,29.0235,719.6323,148.6845,630.3955,142.9508,-0.001191409496294149,-0.022039688612947167,0.015457741726391139,-0.004704747305932108,0.0009855447362668857,-0.02326884134432298,0.0034894175521855697,7.3182,0.1366,0.9884,1806.5995,0.1739,9086.9999,-0.1942,-0.0149,0.0666,0.0175,0.42822069036934884,0.9529,790.397,0.9898,56.8354,0.5961004928223977,0.9642,6.3838,15.7,4.749,15.74,15.72,1.343,0.8223,3.037,-0.8515,0.6102,2.2555,1002.4237,103.0,139.2,81.4,55.5,328.512,0.1825,0.23175000000000004,0.0431,0.0654,0.0116,4.2484,7.312,12.355,0.0097,0.23,0.0785,1305.0,5778.0,0.072,0.049,0.258,4.2,0.6,0.6821,0.1359,0.3681,0.1841,0.8099,0.923,0.1499,9.01,15.52,23.351,0.726,17.64,16.1,25.521,73.662,0.08403072579468092,0.06080570152974388,0.048628329985628715,0.058067720560807834,0.08618238464061989,0.08822355578930363,0.07215760604053026,0.07261716355690515,2.0075,0.0663,0.0013,105.4355,0.0257,433.2002,0.0182,0.0175,0.048682067070886514,0.0143,48.9205,2.3032,0.03456021998720988,0.3133,0.0858,4.3794,26.5103,49.8957,28.6965,0.0584,2.2199,0.0774,2.0615,0.0635,0.0261,555.3476,169.4016,998.6049,2782.1079,0.0373,0.0241,0.1215,1.5579,0.0427,0.2006,0.2556,0.0542,0.084,8.7513,0.2791,4.7877,0.0382,2.7877,4.0451,6.9629,0.2134,4.5999,5.6991,7.7951,25.7584,0.02261741918575,0.025696777850482577,0.02237020896252171,0.027145609703162682,0.02552388079352716,0.046437212289831276,0.03709580345392652,0.037352160279441056,0.6782,0.021,0.0004,32.2928,0.0087,157.6661,0.0108582139004145,0.0053,18.2365,0.7317,0.011319757619648835,0.103,0.0299,4.5876,1.3627,4.6722,4.5249,3.3142,2.5029,31.8238,12.3273,16.1177,76.7855,2.9508,0.9998,1.8249,5.6958,55.7239,280.9286,5.4525,2.4549,3.5463,5.7517,68.3544,65.9462,18.0542,0.8184,1.5476,0.5732,0.3858,7.1312,11.6659,2.5852,17.1338,6.7744,2.4271,16.8022,3.9799,6.8628,5.979,194.7007,3.5464,14.2379,51.5296,314.34983188174806,205.71383355509414,200.95957596799113,304.12638017463786,249.39244391992634,351.102195981445,272.5610564498413,27.4314,2.1957,2.8198,0.1293,5.8361,14.7789,525.3283,88.6747,0.0,11.912423486226952,1.4975,6.1894,0.06,4.0525,4.9077,3.8032,9.8289,73.284,19.42,1.52,8.0834,0.5524,67.3071,4.7538,2.0741,0.7661,0.1838,57.0019,8.13,0.3378481311764915,2.9276,0.1344,3.0974,38.05341532073962,528.7918,2.0831,6.81,0.4774,2.2727,0.1495,1.2878,22.9183,0.0157,3.1743,0.015,0.0176,117.4564
-1.0,2793.085000000001,2204.2889,1.5549,86.1089,1.2811,0.0037,0.0017,206.3719,10.0726,422.2221,0.9698,196.0343,12.4137,1.4303,-3648.5,718.0,1.0727,1.81,5.173,66.6111,2.4111,0.1856,84.86,8.436,64.2984,66.4827,86.6737,83.24,3.183,356.9364,142.9645,741.34,1.2319,138.8745,638.7755,216.648,4.562,4.796,2885.0,0.9305,3.4827,354.8918,10.1192,126.4473,7.4646,16.5173,23.4619,717.8781,149.9718,631.3109,120.8525,-0.015198152611466065,-0.015005392091412939,-0.03169085594280874,0.009009509494186621,0.05054397690589618,-0.014320275395139574,-0.03474811750493573,7.7329,0.1354,0.9907,1753.2399,0.2052397567998844,8596.419486594006,-0.0115,0.0791,0.0492,0.0922,0.4320769141631049,0.9589,747.4732,0.9867000000000001,58.7007,0.5903654484642006,0.9792,6.2109,15.7,4.749,15.74,15.72,1.343,0.8223,3.037,-0.8515,0.6102,2.2555,1002.4237,200.0,153.1,125.8,27.2,487.2451,0.4202,0.08,0.0465,0.064,0.0238,10.1121,5.869,16.652,0.0143,0.26,0.0347,298.0,310.0,0.081,0.054,0.316,3.1,0.145,0.9135,0.229,0.58,0.2886,0.9359,0.292,0.0842,4.79,14.58,30.08,0.579,12.66,4.64,24.498,69.717,0.08300208152138912,0.060867045675750214,0.04832612806019032,0.060679142986340764,0.0793881481693336,0.10233350246603412,0.08895909188754743,0.08467415894299071,4.7845,0.082,0.0012,158.3331,0.06249742960256846,1141.0289555915847,0.019,0.0126,0.037226263246802005,0.0163,80.2047,3.6106,0.030342064728357522,0.3814,0.0858,4.3794,45.32809999999999,44.4488,45.1156,0.1387,2.7188,0.0258,1.9857,0.0714,0.0126,166.6561,96.5345,86.6276,132.2926,0.0403,0.0285,0.1355,0.9636,0.0202,0.0418,0.3404,0.0886,0.0984,5.0416,0.1016,6.5725,0.0291,1.6323,4.0958,9.209,0.1648,1.6326,2.6512,8.0994,20.3522,0.023414196813044026,0.02533256511914174,0.021970725209325095,0.028111793079132974,0.0227542742485084,0.04619034046871995,0.04562082360253655,0.03986663128397495,1.5163,0.0267,0.0003,50.1456,0.018014888944792848,358.50105932709073,0.01049962432645549,0.0048,23.8208,1.1212,0.010022585640112568,0.1289,0.0299,4.5876,1.3627,9.053150000000002,5.5263,4.9345,1.259215111510735,18.4703,27.0254,6.2447,58.2668,3.9439,1.477,2.0945,2.4253,5.0158,43.1755,7.5507,2.9834,6.1086,4.6539,20.7373,29.6407,3.0644,1.0765,2.7143,0.902,0.1054,4.8692,4.8613,2.9323,6.8367,3.4492,2.2825,13.8843,5.7609,5.7218,4.9349,169.6001,3.4126,13.2492,57.6877,323.08352669028926,202.52359664901772,205.80555134308608,301.5158637291777,221.3993442376338,348.8320629932273,274.85050186471443,61.8714,3.0276,3.3352,0.1172,9.0309,29.10583408114988,840.0,49.9452,451.7647,11.58635412043337,1.7046,10.7301,0.25379999999999997,6.1508,6.1412,3.8032,9.8289,76.872,8.41,0.78,3.9051,0.2899,53.7875,2.1475,1.0147,0.327,0.0665,32.5471,4.98,0.0877,2.0902,0.0382,1.8844,15.4662,536.5927,2.1566,6.82,0.4432,2.3058,0.1331,1.271,20.5512,0.0155,3.0997,0.0105,0.0133,127.3154
-1.0,2951.14,2212.6334,1.0096,113.4278,1.4492,-0.0134,0.0127,202.8564,9.272496147050067,414.35045052766,0.9763133102891666,192.57640910898775,12.6092,1.3895,-4102.5,-1399.0,1.3128,1.9992,7.2808,73.3444,2.1778,0.1672,85.8638,8.1728,64.4062,65.8936,86.3506,82.03,2.863,352.6955,143.3073,737.3036,1.2478,139.9682,635.9709,227.6335,4.602,4.817,2821.0,0.9337,4.6227,352.0273,9.8776,127.93,6.7499,15.3773,21.6323,715.6714,150.3718,630.3291,118.1982,-0.00577527264996891,-0.008152174689776304,-0.012547113017220446,0.0024134341079091876,0.007690411306314676,-0.026069987744131586,-0.005862572241107811,6.1756,0.1265,0.9903,1870.7013,0.1595,9314.7502,-0.0202,0.0019,-0.0086,-0.0362,0.42942867713570776,0.9473,795.9418,0.9894,59.7028,0.5990337110523198,0.966,6.445,15.805177032926121,3.6374745819861554,15.843243680557954,15.7988134942172,1.162495772040895,0.6216017609135644,3.2564684936724992,-0.49023746161540727,0.7330973707456954,2.295637176956992,1006.6245497169654,107.0,118.6,58.9,74.3,166.529,0.4137,0.1253,0.0718,0.0372,0.0182,8.8833,7.43408050241505,13.620953294334981,0.012064539882559414,0.25,0.0751,483.0,690.0,0.107,0.087,0.178,2.7,0.691,0.6512,0.1731,0.4033,0.3852,0.8963,0.71,0.1457,5.97,20.06,51.317,0.923,12.37,16.86,29.934,121.799,0.07932103439509132,0.055597306004975616,0.05800626759120664,0.06072356983407454,0.07827577768637373,0.071037166896459,0.09705452698058192,0.07412125511780662,2.8671,0.1034,0.0011,131.4014,0.0248,1865.2998,0.0114,0.0165,0.05982040253554499,0.0178,226.0522,2.2182,0.03451892851486457,0.3286,0.07021137639510647,3.7799908316696307,30.1426,40.2247,20.5821,0.1559,0.6033,0.0445,2.234056747727878,0.0735,0.0234,212.0613,170.7325,622.673,347.4953,0.0446,0.0389,0.0781,1.0549,0.0443,0.2133,0.2323,0.0712,0.0826,7.0816,0.238,8.3264,0.0427,2.0766,6.0817,20.2224,0.2764,4.6477,4.9971,10.52,40.4148,0.021690033648314858,0.024730076190093278,0.025290792133948227,0.027982082618277754,0.023781428001654448,0.03508770169644182,0.04668649146636979,0.03593789668633635,0.9559,0.0292,0.0003,43.1227,0.0067,591.6603,0.011103917315685429,0.0067,67.1847,0.8102,0.010638758641388558,0.0981,0.024272598291769004,6.648525315714691,1.2476523652377731,4.866,4.0188,2.5316,3.358,15.397,40.9747,8.646,80.83950362217651,3.3408447984527694,1.2387270256710536,1.9827,5.4071,35.7587,49.3209,8.1508,4.3516,2.4448,3.6813,64.2857,70.5648,20.4176,0.7584,2.1185,0.6262,0.6701,6.5524,9.0365,3.694,11.6772,4.2653,3.1542,22.5437,6.5208,9.3443,17.537999999999997,183.2624,4.1826,30.9873,103.0464,321.2924789103511,200.09555416523756,202.4907292518881,301.6653639329391,232.27335936227055,352.0215173454631,273.4716917518507,46.4268,1.1063,4.2718,0.1097,7.0242,15.5272,0.0,38.2022,0.0,13.458758703652023,1.8763,28.4006,0.1025,3.7154,5.0986,3.0464622524646963,9.716416598861148,73.254,14.53,1.33,6.7381,0.5058,27.0176,3.6251,1.8156,0.3409,0.0701,33.7121,6.621968636371256,0.15600347857710323,2.6717148869803227,0.06533923089831903,2.4811059703326586,21.368765745459104,527.9364,2.3919,9.69,0.374,3.2754,0.1043,1.8354,15.635,0.0118,2.3817,0.032,0.0148,46.4573
-1.0,2899.41,2179.7333,1.4843,84.34660000000002,1.3424,-0.0045,-0.0057,203.9867,11.7692,419.3404,0.9693,193.747,12.5373,1.4072,-6228.25,356.0,1.2817,1.954,7.0793,71.1444,2.2222,0.1753,83.8405,8.7164,64.3573,66.2013,86.3672,81.21,1.427,369.9009,128.6527,739.615,1.0736,138.0482,636.6018,56.3603,4.658,4.905,2864.0,0.9204,2.8182,368.4282,10.7991,111.4709,9.4918,17.1818,22.4678,717.1472,147.2109,627.11,100.7715,-0.011310465288463079,0.010417791742967322,-0.011499703507900638,-0.0034667111127198863,0.0012043622125150755,-0.016921611566061638,-0.02472412713315547,7.7716,0.1309,0.9861,1869.4215,0.1804,9201.7201,0.1671,0.0884,-0.0988,-0.0373,0.4379479746080328,0.952,727.6761,0.9894,58.3514,0.5952745666797036,0.9636,6.4295,15.69,4.947,15.73,15.67,1.541,0.8012,3.135,0.0,0.5768,2.2886,997.7594,200.0,96.1,155.0,32.3999,1015.8822,0.3124,0.127,0.0322,0.056,0.0247,12.6181,8.107,6.819,0.0155,0.23,0.0179,1280.0,565.0,0.123,0.159,0.26,5.4,0.585,0.7184,0.0885,0.455,0.3017,0.6572,0.783,0.1506,6.46,16.19,29.69,0.369,12.71,7.67,15.915,65.531,0.10419445792405209,0.05889976947354639,0.054631856951041446,0.05646827654096703,0.07270630784285637,0.09660267560265468,0.09950635784220332,0.08031750766149323,5.1355,0.0807,0.0027,134.6324,0.0307,526.1006,0.0122,0.0187,0.058846234719210244,0.0173,54.6842,3.5114,0.03504355070629635,0.1713,0.0856,3.3907,35.5935,31.2833,52.8556,0.0942,3.0239,0.0517,2.9464,0.0635,0.0057,523.1165,149.1755,2943.6257,263.4654,0.052,0.076,0.1242,1.7003,0.0471,0.2144,0.2733,0.0409,0.1014,7.5769,0.2046,3.9586,0.0419,2.0696,4.6516,8.9013,0.1005,2.4058,3.0939,5.0473,21.0569,0.027918569221913513,0.026847159057905134,0.02478135147977243,0.0264025970506451,0.02479315174164154,0.048457147604037853,0.046755294216708335,0.039566263224798344,1.9324,0.0264,0.0011,50.9032,0.0084,187.2835,0.011939062468979782,0.0061,19.8033,1.1642,0.012184091168335038,0.052,0.0323,4.3682,1.0918,9.053150000000002,3.3145,6.2897,1.4864,53.0016,21.0501,9.4604,68.8833,1.6261,1.6027,1.8345,1.2706,114.1894,158.7079,9.5963,8.1372,3.6727,7.862050000000002,99.0,78.1369,16.8685,0.8569,1.0152,0.707,0.1319,6.2801,10.2446,1.9069,14.0254,4.6795,2.5432,52.679,1.9581,3.4169,7.114,133.905,2.2192,12.1317,65.0293,326.85739118882435,203.54304305285407,200.28404193837162,297.96774700591243,229.98482693523306,358.21390155568974,269.8119313784652,66.0806,2.9784,3.3974,0.2755,7.2018,17.0405,0.0,53.1915,235.7895,12.378383515477772,1.8187,7.5149,0.1236,6.0178,2.6649,3.7409,8.0758,77.166,16.9,0.8,8.5138,0.3141,85.1806,4.2063,1.0367,0.3553,0.0929,32.3812,4.98,0.0877,2.0902,0.0382,1.8844,15.4662,536.3418,2.0153,7.98,0.2363,2.6401,0.0785,1.4879,11.7256,0.0143,2.8669,0.0068,0.0138,203.172
-1.0,3052.31,2198.5667,0.8763,98.4689,1.4333,-0.0061,-0.0093,204.0173,9.162,405.8178,0.9696,193.7889,12.402,1.3949,-3675.5,339.0,1.087,1.8023,5.1515,72.8444,2.0,0.1416,84.0623,8.9607,64.1176,66.1488,86.4051,79.43,2.945,351.4055,151.0709,745.4058,0.8566,132.9045,635.3809,158.273,4.585,4.803,2829.0,0.9255,-3.3555,349.6427,10.1602,127.7155,13.2491,23.3555,31.4027,714.0031,144.7736,622.1318,131.2343,-0.00802191250501716,-0.020533601343600355,0.005947757325012515,-0.004625732712344163,-0.015951844255847475,-0.021832200477223,0.002220535490797426,7.4522,0.1371,0.9911,1872.5133,0.1949,8624.8599,-0.23135,-0.0372,0.0855,0.035,0.4505478874878833,0.9561,755.7527,0.9899,57.102,0.5925762719461343,0.9806,6.2902,15.92,1.671,15.91,15.87,1.309,0.3161,3.7820000000000005,-0.1419,0.8712,2.2877,1015.7622,88.0,235.3,219.8,59.2,355.026,0.1119,0.111,0.0468,0.0571,0.0213,12.7883,7.625,6.953,0.0154,0.28,0.081,504.0,367.0,0.055,0.043,0.268,2.7,0.081,0.6214,0.0961,0.6507,0.4711,0.6833,0.58,0.0736,10.3,16.83,29.344,0.595,24.47,4.67,32.053,151.826,0.1002081060664889,0.05245449460841681,0.05111112099545889,0.054418834427721635,0.08521415788696685,0.0982446923410355,0.06848723824045597,0.08158804740151684,3.3349,0.0799,0.0014,171.2301,0.1098,406.5,0.0369,0.0223,0.05217260733302306,0.0049,47.9077,2.6542,0.029884789295330075,0.3786,0.112,4.5432,22.468,92.684,78.5664,0.0406,2.1731,0.0354,2.5246,0.079,0.0233,232.9741,43.8368,153.4503,191.4071,0.0249,0.0192,0.1347,0.8847,0.0239,0.0234,0.2527,0.0402,0.0485,6.4134,0.1929,8.8413,0.0185,2.8052,5.2651,8.1996,0.1654,1.5594,1.8258,9.8899,50.93910000000001,0.02883914874627122,0.023702712780011168,0.022789176400737812,0.025032701532675825,0.025711262110172273,0.050594619900381055,0.03342088596189002,0.039707811838591185,1.2069,0.0256,0.0004,52.6728,0.0328,135.9672,0.01164974239998073,0.0014,15.2502,0.8398,0.009581775883062898,0.1281,0.038,7.6319,1.6184,3.9444,7.7089,8.7134,2.6927,31.5674,12.7651,7.7444,83.2242,1.7133,1.588,2.2577,5.8047,8.5703,108.2596,5.0598,2.3859,5.2024,3.7065,35.0,43.7991,1.7202,0.7392,1.0728,1.0149,0.3443,5.8394,4.7925,4.0712,8.5921,7.7499,2.6488,18.5401,5.4961,5.8562,6.6554,184.6921,4.4892,28.703,115.6908,322.7093992150632,201.9326355994138,205.65602319068577,301.68519813205535,219.91556032438515,349.1517418451977,274.6640764490805,44.7503,4.941799999999999,3.21,0.141,9.1444,56.3371,874.5098,29.4372,700.0,12.105840822825991,0.5075,6.3391,0.1214,4.6482,6.0192,4.8945,10.5805,73.254,14.53,1.33,6.7381,0.5058,27.0176,3.6251,1.8156,0.3105,0.0696,32.1048,4.56,0.1308,1.742,0.0495,1.7089,20.9118,537.9264,2.1814,5.48,0.3891,1.9077,0.1213,1.0187,17.8379,0.0131,2.6238,0.0068,0.0138,203.172
-1.0,2978.81,2206.3,0.8236,99.4122,1.4330307243208835,-0.002542640358268733,-0.000398112853999405,199.74936029198074,9.335041607196423,412.5094217936193,0.9712630150504518,190.3761622627564,12.4555,1.4256,-4102.0,-1226.0,1.293,1.9435,7.2315,71.2667,2.2333,0.1659,85.8638,8.1728,64.4062,65.8936,86.3506,82.03,2.863,350.3145,134.8609,724.8053,1.3337,142.8818,628.0573,216.6705,4.596,4.83,2804.0,0.9353,1.1664,348.5336,10.388,116.0273,10.6773,18.8336,25.8939,698.9114,152.8191,617.38,97.2315,0.0035507733902812033,0.0024208464790179407,0.018958483784540348,0.002757470482460181,-0.031200297252847647,-0.026207713807604276,0.009034191225268273,7.7772,0.1326,0.9869,1820.3629,0.158,8992.6702,-0.0223,-0.0177,0.0022,-0.0978,0.43995077791803083,0.9488,704.2686,0.9891,59.2046,0.5962186146111688,0.9767,6.279,15.800031949214777,3.989367988270046,15.840542204412028,15.815443857816954,1.201581539997719,0.6539088626651955,3.12288256209208,-0.8871638374910193,0.7194951364927231,2.3005475743440917,1005.0132791675605,85.0,146.9,134.0,73.4001,300.262,0.1071,0.11511979579869908,0.06763699159132996,0.059638790967037336,0.013460253910711494,6.7672750154358425,6.548741220391689,13.45098540033595,0.011869971457774797,0.29,0.0467,1178.0,1355.0,0.109,0.074,0.273,3.2,0.529,0.6512,0.1731,0.4033,0.3852,0.8963,0.515,0.1666,4.06,14.64,81.803,0.175,19.37,8.15,29.379,59.503,0.08007742507116146,0.048373498129291176,0.055365044742336944,0.05964112653533077,0.08521231698249798,0.08156222501042087,0.07702117807432271,0.07031272743246195,3.1351,0.0461,0.002,100.3093,0.0441,1089.0996,0.0153,0.0137,0.05885497509626875,0.0176,117.3369,3.6774,0.03311073574236657,0.3431,0.0708004899397564,3.8038165503888095,23.4219,45.4934,47.4105,0.0371,2.1398,0.04014111661000568,1.923904254518575,0.0697,0.0193,543.1264,236.9079,1843.3524,554.7786,0.0452,0.032,0.1258,1.0989,0.0419,0.1511,0.2323,0.0712,0.0826,6.9172,0.1973,6.4476,0.0529,1.1387,4.342,21.7147,0.0705,2.3404,3.3226,9.0228,15.8426,0.021387872952372558,0.021320757237856175,0.024657606448938607,0.0276754029871238,0.02521131091133086,0.04104389486133514,0.039186513756397215,0.034664416373906055,1.1369,0.0158,0.0007,29.1159,0.0126,289.1673,0.013416069162792513,0.0063,33.8398,1.0546,0.011165081893133703,0.1238,0.024056057628176968,6.879635965785223,1.2769698023761642,3.8777,4.9315,5.6308,3.3268,27.0385,12.9988,8.064616286409901,65.74454231191685,3.223580376981525,1.265808211088384,2.3283,3.2772,89.2735,110.522,8.43,3.8076,3.7752,4.4902,85.0746,91.0248,15.1523,0.7584,2.1185,0.6262,0.6701,5.7291,6.4807,2.8922,12.4928,2.8415,2.331,37.7546,4.4452,1.6846,3.3785,181.4129,4.2035,6.8976,61.1973,322.39380402232786,200.88942866491163,200.8252988168774,301.0659005136638,232.7452920917204,354.3820099643447,272.0321344990384,40.3111,1.4328,1.8729,0.2032,5.5104,27.9086,0.0,54.833,0.0,12.73304495576634,1.8539,16.6608,0.0943,6.2114,5.4641,3.064577202557138,9.572175491713748,74.156,16.07,1.5,7.0023,0.5605,74.1541,4.1095,2.0228,0.1266,0.0332,13.0316,11.09,0.2388,4.4128,0.0965,4.3197,29.0954,530.3709,2.3435,6.49,0.4154,2.176,0.1352,1.2237,17.7267,0.0153,3.059,0.0197,0.0086,43.5231
-1.0,2894.92,2177.0333,1.5726,98.7978,1.4622,-0.0072,0.0032,197.2448,9.7354,401.9153,0.974,187.3818,12.3937,1.3868,-4001.5,394.75,1.2875,1.988,7.3255,70.5111,2.9667,0.2386,84.5602,9.193,64.0158,66.2301,86.313,81.13,2.067,370.5845,127.4127,738.774,1.0855,141.9164,639.9136,69.6385,4.584,4.825,2883.0,0.9207,4.4682,367.87,10.8024,111.8809,7.7718,15.5318,20.4223,718.3517,152.3909,632.1418,96.2286,-0.019142266848517775,-0.011803863299258893,-0.009959430902140576,-0.0009718014656206891,-0.011016640052423254,-0.02252745232833655,-0.008733443792198037,7.7508,0.1369,0.9796,1648.0234999999998,0.19333743018254673,8058.78258098057,0.1759,0.1451,-0.1165,0.1368,0.4579792784370046,0.9485,608.6508,0.9896,58.2686,0.5967971764870971,0.9805,6.2416,15.72,4.682,15.76,15.72,1.385,0.8266,3.381,-0.9934,0.655,2.2604,999.4826,107.0,103.0,66.6,63.6001,365.1101,0.1737,0.1268,0.0341,0.0876,0.0131,3.714,8.253,26.128,0.0099,0.24,0.0219,1740.0,1093.0,0.098,0.193,0.25,2.2,0.69,0.3993,0.2272,0.603,0.2877,0.6709,0.98,0.0846,5.23,15.26,20.392,0.459,9.49,7.32,16.211,58.463,0.0759445473231375,0.0593410692770773,0.052795063938371856,0.06034819684523124,0.09488634313083344,0.0911468322281126,0.07580360599342015,0.08440562180611869,3.2586,0.0703,0.008,89.1078,0.06359413559455085,886.6892702639195,0.0186,0.0146,0.05746812636370863,0.0249,99.4298,3.8706,0.03187617596157941,0.4089,0.0905,4.1069,28.2923,32.8227,24.9751,0.0574,2.135,0.0417,2.725,0.0582,0.0088,713.8171,129.7832,1166.7646,461.6935,0.0444,0.0812,0.1185,0.8085,0.0498,0.2506,0.1651,0.0985,0.1202,7.5822,0.2638,3.6462,0.0291,1.7443,4.3165,6.1491,0.1328,2.282,2.7126,5.0973,17.4598,0.02200084210830193,0.025071804770481917,0.023837799704324154,0.028259145527649895,0.026203002182357354,0.04588430718058206,0.03679691582755755,0.041723921581195485,1.054,0.0241,0.0023,32.6117,0.01887510592622614,322.43399259240374,0.012268521355433007,0.0092,36.1327,1.2378,0.010609683439166545,0.1426,0.0308,6.176,1.315,4.8146,3.558,2.6303,2.9214,30.8441,11.0484,8.6717,84.7734,6.5009,1.0199,1.9365,1.5785,67.5247,276.8841,7.6117,9.7082,3.4127,3.1201,47.191,69.5855,21.0344,0.4722,2.4711,0.942,0.2279,7.1859,11.5766,1.8786,7.7909,3.6853,2.3847,29.2827,9.842500000000001,4.2491,8.0979,122.1087,2.2567,9.541,60.7543,323.2433362228799,202.34581657498893,203.89651662624937,300.95066857587165,221.5780069919049,351.9841857578914,272.86177671425077,42.0423,2.7027,2.9789,0.8183,5.4752,30.430188444338153,433.3952,78.4993,456.4103,12.572734254520764,2.6258,16.4179,0.1171,6.6428,6.5512,4.0059,10.6207,73.254,14.53,1.33,6.7381,0.5058,27.0176,3.6251,1.8156,0.192,0.0435,18.9966,4.98,0.0877,2.0902,0.0382,1.8844,15.4662,534.3936,1.9098,9.13,0.3669,3.2524,0.104,1.7085,19.2104,0.0178,3.5662,0.0262,0.0245,93.4941
-1.0,2944.92,2195.4444,1.5978,85.1011,1.3674239364401435,0.0026188968087268727,-0.002023192705835841,199.42958571052128,10.760026779101636,420.9711009586894,0.9737749263853758,189.21099700159024,12.479,1.4048,-3951.75,-425.0,1.302,2.0085,7.3395,73.0667,2.5889,0.2021,83.3424,8.7786,64.2226,66.2251,86.4039,80.45,2.741,362.81,142.4364,749.5107,0.8728,134.03,639.2764,135.5562,4.594,4.823,2874.0,0.9187,1.8718,362.0827,10.4236,124.3082,8.5542,18.1282,23.3129,726.1978,146.8064,633.1973,125.9159,-0.01069244181964385,-0.0167782093011207,0.01606540712452531,0.0012051746582164152,0.011588046414799047,-0.020206413013497578,-0.007556195088389672,7.5935,0.1362,0.9758,1759.9908,0.1889,7952.41,0.1756,-0.0632,-0.1077,0.0521,0.4381936287595183,0.9432,683.5622,0.9893,59.8578,0.5969472112571964,0.9636,6.4084,15.7754339671329,3.8281069569721833,15.797931357846855,15.731246445491776,1.300408849524993,0.6375763020581089,3.1903885248826667,-1.4976630841240204,0.7354574779058094,2.3059679799662605,1002.7813904901187,112.0,203.3,68.1,26.599799999999988,627.6799,0.1857,0.11608650448039873,0.05137555181516651,0.03818800183839505,0.01741129290829165,12.165844993947644,6.266515214585384,12.631447442497393,0.011863032533428103,0.23,0.0351,763.0,1797.0,0.051,0.05,0.308,3.9,0.37,0.6821,0.1359,0.3681,0.1841,0.8099,0.718,0.1327,6.59,13.8,23.171,0.841,16.09,12.32,26.87,96.624,0.0894519225621725,0.05356456421961989,0.05420367787684688,0.05493088759906303,0.08323061457247694,0.07384361471559453,0.08796635629136978,0.08250774895323928,4.2218,0.0658,0.0113,225.3136,0.0442,1213.0996,0.0158,0.0154,0.04599691907164208,0.0366,121.7717,2.2955,0.031959811781901014,0.2669,0.07079670152443218,3.8517202539821813,30.4318,56.6312,21.1967,0.0642,1.8942,0.040650195168919614,2.1090120703758406,0.0592,0.0116,346.0101,139.2623,222.9699,820.0988,0.0249,0.023,0.1306,1.4975,0.0565,0.1272,0.2556,0.0542,0.084,8.3205,0.2731,4.7709,0.0367,2.1018,3.9572,7.9496,0.2603,3.7842,5.1037,7.8671,35.7844,0.023025966783233535,0.02364974615917273,0.02451558226366101,0.024605725905181786,0.023883817235488575,0.03585066076546872,0.04113250221355304,0.039687072094357574,1.4477,0.0251,0.0034,68.971,0.0124,396.5927,0.012662346437525975,0.0129,43.7175,0.7244,0.010560391505189504,0.0815,0.024370522771877512,6.916754139260421,1.248300468818211,5.1051,6.9034,2.7787,1.259215111510735,21.5388,11.62,8.581975884775556,59.5880377478946,2.519226303134868,1.2577500022634496,1.8431,2.4978,12.7285,422.8235,3.9171,2.4894,4.1965,5.3376,50.2146,88.0704,10.9273,0.8184,1.5476,0.5732,0.3858,6.4359,11.0506,2.5162,15.2078,4.9168,2.1587,17.0933,3.9799,8.0682,6.9907,188.0953,3.7001,20.0799,76.7369,320.23277786293323,203.15896535678556,204.314404507497,302.28980033562465,233.45429095529062,349.62897001538397,273.8109515548888,55.5972,2.4959,2.7756,1.1626,12.802,23.3883,0.0,75.8621,317.6471,12.238090740176629,3.8849,17.8143,0.0942,3.835,4.1651,3.0450845590759235,9.527714762062889,73.254,14.53,1.33,6.7381,0.5058,27.0176,3.6251,1.8156,0.2327,0.0678,21.4914,8.42,0.1307,3.0894,0.0493,3.2639,21.1128,528.7918,2.0831,6.81,0.4774,2.2727,0.1495,1.2878,22.9183,0.0181,3.6275,0.0117,0.0162,137.7844
1.0,2932.61,2186.4111,1.5102,95.4878,1.4436,0.0041,0.0013,202.0179,9.5157,416.7075,0.9674,192.7035,12.5404,1.4123,-4047.0,-1916.5,1.3122,2.0295,7.5788,67.1333,2.3333,0.1734,84.7569,8.659,64.1114,65.8389,85.65082499999998,36.3425,5.434,364.3782,131.8027,734.7924,1.2992,141.0845,637.2655,185.7574,4.501,4.748,2936.0,0.9156250000000001,23.8245,364.5364,10.1685,115.6273,11.3019,16.1755,24.2829,710.5095,145.8,625.9636,84.7681,-0.0078,-0.0052,0.0213,-0.0054,-0.1134,-0.0182,0.0287,7.1041,0.1362,0.988,1685.8514,0.1497,9317.1698,0.0553,0.1218,0.0134,-0.0301,0.4684,0.9231,718.5777,0.9899,58.4808,0.6015,0.9772,6.4527,15.9,2.882,15.94,15.95,0.8798,0.4777,3.272,-0.1892,0.8194,2.2592,998.444,89.0,126.4,96.5,45.1001,306.038,0.3263,0.0754,0.0483,0.0619,0.0221,8.266,4.819,8.443,0.0177,0.47,0.0497,562.0,2100.0,0.187,0.117,0.068,2.1,0.319,1.0824,0.0369,0.5753,0.3141,0.9677,0.745,0.1959,9.21,17.87,60.11,0.949,16.73,5.09,22.624,79.618,0.0339,0.0494,0.0696,0.0406,0.0401,0.084,0.0349,0.0718,2.4266,0.0963,0.0152,182.4956,0.0284,839.6006,0.0192,0.017,0.142929741063238,0.0273,104.4042,4.1446,0.060025000000000016,0.4166,0.0487,3.9133,23.551,41.3837,32.6256,0.1117,2.5274,0.0249,1.5306,0.1185,0.0167,251.4536,329.6406,325.0672,902.4576,0.08,0.0583,0.0326,0.6964,0.0416,0.1041,0.3846,0.0151,0.1175,5.7247,0.2682,6.1797,0.0546,2.568,4.6067,16.0104,0.2777,1.5481,2.9844,6.2277,24.7959,0.0105,0.0208,0.0327,0.0171,0.0116,0.0428,0.0154,0.0383,0.7786,0.0302,0.0046,58.0575,0.0092,283.6616,0.0221,0.01,28.7334,1.2356,0.0179,0.1375,0.019,11.4871,1.1798,4.0782,4.3102,3.7696,2.0627,18.0233,21.6062,5.2231,50.6425,2.0261,1.8268,3.7479,3.522,18.7546,109.5747,14.2503,5.765,0.8972,3.1281,60.0,70.9161,8.8647,1.2771,0.4264,0.8973,0.2748,4.8795,10.0984,3.1182,15.079,6.528,2.8042,32.3594,3.0301,9.3327,8.3977,148.0287,3.1842,13.3923,93.9245,434.2674,151.7665,190.3869,746.915,74.0741,191.7582,250.1742,34.1573,1.0281,3.9238,1.5357,10.8251,18.9849,0.0,173.443425,244.2748,28.089792063513592,2.9626,14.5293,0.0751,7.087,6.4568,2.1538,9.3046,74.654,16.16,0.85,7.1619,0.3752,23.0713,3.9306,1.1386,0.3718,0.1233,24.7524,1.1,0.36970000000000003,0.4122,0.145075,0.4119,46.2315,535.0245,2.0293,11.21,0.1882,4.0923,0.064,2.0952,9.2721,0.0157,3.1745,0.05445,0.0436,82.8602
1.0,2994.05,2195.1222,1.3204,103.34,1.5144,-0.019,0.0013,201.7125,11.8566,411.9572,0.9664,191.4207,12.4663,1.4195,-1976.0,360.5,1.1460249999999994,1.8536500000000005,6.655225,68.7111,1.9444,0.1656,84.7569,8.659,64.1114,65.8389,85.65082499999998,36.3425,5.434,366.1545,120.2818,723.2513,0.9543,138.1345,624.5709,113.0565,4.647,4.931,2891.0,0.9241,27.8373,364.89,10.6091,108.1191,7.8579,12.1627,16.9061,706.3452,144.5955,617.6045,112.0789,0.0035,0.0003,-0.0411,-0.0002,-0.0996,0.0011,0.0356,7.4902,0.1355,0.9883,1732.2002,0.1669,8476.17,0.042,0.0149,-0.0108,-0.0082,0.4608,0.938,640.6005250000001,0.9906,58.5394,0.6004,0.9799,6.2058,15.75,3.148,15.73,15.71,0.946,0.5328,3.299,-0.5677,0.778,2.3715,993.1274,89.0,170.8,146.2,53.0999,380.5909,0.1151,0.1327,0.0512,0.0517,0.0349,13.6246,9.66,10.227,0.0183,0.46,0.0624,2200.0,776.0,0.31125,0.22575,0.5395000000000001,2.2,0.107,1.0824,0.0369,0.5753,0.3141,0.9677,0.323,0.0963,3.04,18.95,34.253,0.477,17.24,4.07,25.579,118.057,0.0644,0.0527,0.059,0.0667,0.0427,0.0969,0.0215,0.1047,2.3422,0.0963,0.0087,68.026,0.0713,1104.5,0.0134,0.0128,0.058,0.0448,138.0032,2.6472,0.0293,0.382,0.0488,3.6163,23.551,58.9465,50.6152,0.0372,2.0875,0.0519,3.3436,0.1243,0.0229,954.2884,580.3358250000001,2281.7211,418.6848,0.14465,0.10255000000000002,0.2505,0.7623,0.0375,0.0351,0.3846,0.0151,0.1175,5.2778,0.1106,6.2918,0.0242,0.8803,5.1803,9.4138,0.1202,1.0726,2.0216,6.8075,36.4186,0.0167,0.0236,0.0262,0.0304,0.0124,0.0507,0.0093,0.0528,0.8216,0.0302,0.003,22.956,0.0235,414.2061,0.0092,0.0156,50.0169,0.8859,0.0101,0.1291,0.0165,7.1493,1.1704,4.0782,5.7046,5.7374,2.419,36.3803,8.7145,8.7623,81.4734,2.4825,1.8942,3.6899,4.3945,200.7591,215.2566,24.817950000000003,11.369775,7.932874999999999,3.2018,51.4286,70.0671,3.0546,1.2771,0.4264,0.8973,0.2748,4.4107,10.9742,3.2242,10.0934,2.2007,3.0341,30.2973,9.453724999999999,4.4961,9.4525,219.3969,3.6213,24.5336,105.3338,0.0,99.4809,162.1884,0.0,97.2892,0.0,293.8947,31.2702,2.5832,3.9238,0.8832,3.9271,42.7355,615.015,87.1111,0.0,12.5838,4.7811,21.6661,0.114,4.5221,6.155,2.0579,9.4805,74.512,17.93,0.89,7.8882,0.3612,32.4934,4.3557,1.1944,0.7213,0.220675,53.157,9.26,0.1224,3.3206,0.045,3.4822,15.4411,532.1764,1.8715,9.5699,0.2723,3.3618,0.0862,1.7983,14.5507,0.0158,3.2115,0.0355,0.0205,57.8122
1.0,2928.84,2196.2111,0.9959,97.9156,1.469,0.017,-0.0154,202.1264,9.1084,419.9018,0.9673,192.0134,12.5263,1.421,-3869.75,752.5,1.1460249999999994,1.8536500000000005,6.655225,64.7667,2.0667,0.1603,85.4274,9.6234,63.9315,66.3322,86.9476,61.1,3.217,360.7891,143.8782,749.2445,1.1927,136.8118,641.4791,213.618,4.636,4.915,2865.0,0.9316,25.0836,362.5064,9.7813,128.9618,9.4424,14.9164,21.6833,727.5613,144.17,635.6382,63.7271,-0.0223,0.0051,0.0083,0.0035,-0.0001,-0.0261,0.0223,6.6383,0.132,0.9695,1652.712175,0.1997,8789.5001,0.0,0.0,0.0,0.0,0.4727,0.9359,725.8145,0.9899,59.5776,0.5985,0.9638,6.304,15.88,2.661,15.89,15.86,0.9082,0.4467,3.267,-0.5677,0.8038,2.2764,997.4308,123.0,112.8,150.5,51.7,250.3359,0.2773,0.1097,0.0966,0.0364,0.0327,12.733,4.678,11.597,0.0167,0.48,0.0378,2200.0,143.0,0.072,0.047,0.103,2.3,0.08,0.5087,0.27635,0.5245,0.4343,0.8582,0.407,0.1409,7.17,23.08,72.888,0.746,13.78,2.08,41.002,73.696,0.137,0.0699,0.0775,0.0846,0.0908,0.0375,0.0369,0.0576,3.9528,0.0732,0.0042,104.4568,0.0535,740.5996,0.0417,0.0328,0.0458,0.0435,53.6078,3.064,0.0317,0.4577,0.035,4.1301,30.9815,45.1359,50.3528,0.0856,2.4003,0.037,1.4144,0.1286,0.0114,954.2884,255.566,128.014,68.7047,0.03,0.0195,0.043,0.728,0.0218,0.0293,0.218,0.10140000000000002,0.0908,4.6853,0.1079,10.6289,0.0431,1.7992,7.0204,23.0631,0.2879,0.6579,1.814,11.2743,24.8109,0.037,0.0291,0.0328,0.0357,0.0262,0.0158,0.0155,0.0259,1.4606,0.0215,0.0013,39.6184,0.0166,230.4763,0.0097,0.0125,13.9769,0.9904,0.0091,0.1455,0.0111,9.4089,1.6248,5.6188,3.8514,6.07,2.3541,15.5899,27.8475,7.4677,51.3594,2.7618,1.725,3.8319,2.6594,7.6232,19.0033,7.9778,2.6561,3.3943,3.5512,43.5484,34.9272,2.2717,0.5955,2.8755499999999996,0.8204,0.1925,4.1797,9.369,4.8339,11.811,5.2408,3.5979,34.1207,5.2729,7.6268,11.0886,145.9369,5.6355,51.7796,115.6431,613.8337,73.812,0.0,0.0,0.0,141.3793,258.5859,59.5454,0.7578,3.1045,0.4323,6.3993,26.8017,0.0,67.9406,0.0,9.6888,4.6512,7.3859,0.0625,5.1428,7.2606,1.5371,9.1512,75.82,14.32,0.43,7.1523,0.1713,67.3761,3.5881,0.5671,0.4385,0.1039,42.3877,3.32,0.0856,1.4571,0.0352,1.2567,13.0129,533.7464,2.1865,7.74,0.28,2.8659,0.0841,1.4501,12.8058,0.028074999999999996,5.606624999999998,0.037,0.0279,75.5077
1.0,2963.97,2224.6222,1.2924,104.8489,1.4474,0.0144,-0.0119,195.3787,9.7561,422.3675,0.9692,185.5963,12.4582,1.4029,-1025.25,131.75,1.1460249999999994,1.8536500000000005,6.655225,62.5,2.4222,0.1992,85.0922,9.2007,64.2199,66.505,87.96645000000001,74.57,1.946,354.2945,138.28,732.4237,0.8974,137.0027,629.5773,133.2749,4.558,4.755,2887.0,0.9323,17.6382,353.3127,10.4491,115.9182,10.2273,22.3618,28.1392,704.2846,150.1191,619.35,78.7486,-0.0151,0.004,-0.0549,0.0573,0.0629,-0.016,0.027,7.3445,0.134,0.9827,1839.845,0.2717,8651.3099,-0.01,-0.0419,-0.032,-0.0362,0.4564,0.9228,736.1852,0.9862499999999997,56.5635,0.5961,0.9638,6.4127,15.77,3.038,15.81,15.8,0.8467,0.511,3.171,0.0,0.7661,2.3262,998.4607,70.0,209.2,197.9,64.0999,295.563,0.1782,0.0731,0.0999,0.0457,0.0214,5.7405,7.568,10.272,0.014,0.48,0.0493,2200.0,527.0,0.31125,0.22575,0.5395000000000001,2.2,0.127,0.5969,0.1513,0.5896,0.3715,0.8207,0.722,0.0992,9.59,19.25,32.266,0.491,17.34,3.91,21.191,66.817,0.1363,0.061,0.1075,0.0894,0.0873,0.0515,0.0637,0.0864,3.3189,0.0884,0.016925000000000003,157.0715,0.1053,959.7998,0.0135,0.0123,0.142929741063238,0.06130000000000001,148.298,3.8517,0.0304,0.3141,0.0263,4.23,19.0952,78.3785,65.5491,0.061,2.5782,0.0233,2.3209,0.1291,0.0181,954.2884,580.3358250000001,2050.5,263.5,0.14465,0.10255000000000002,0.2505,0.8617,0.0332,0.0398,0.2118,0.058,0.0694,4.9515,0.2701,6.6228,0.0308,2.8768,5.1568,10.4504,0.1525,1.2491,1.9153,6.5641,18.924,0.0428,0.0252,0.0515,0.0386,0.0254,0.0276,0.0279,0.0401,1.2958,0.0299,0.0058000000000000005,44.0573,0.031975,324.5754,0.030154253845916208,0.020499999999999997,48.2171,1.0806,0.0114,0.1162,0.0087,14.2037,1.2284,3.1272,7.0581,7.5262,2.8814,31.185,13.7861,5.0503,77.572,2.432,1.4406,3.8529,3.5155,294.203525,400.0,24.817950000000003,11.369775,7.932874999999999,3.52,41.2844,54.2108,3.6702,0.7015,1.6445,0.9181,0.6748,5.2329,5.5901,3.1345,11.058,6.9999,3.0576,24.2101,7.7302,4.699,6.1078,169.5462,3.0089,15.768,84.8485,901.9024,98.8254,162.99,152.356,81.9411,398.125,320.2966,45.1884,1.8655,3.5795,1.75355,8.5372,63.37365000000001,697.8723,125.5385,728.8889,28.089792063513592,6.4666999999999994,20.1441,0.24217499999999997,6.8096,4.8988,1.1299,10.9513,81.434,14.17,1.06,6.3017,0.5242,68.5814,3.5513,1.3017,0.1233,0.0267,13.4909,7.033435720511597,0.12319081903866244,2.8522905409009915,0.04906620684960955,2.669414188090652,22.233727163791315,532.6446,2.2808,11.42,0.3692,3.7724,0.1163,2.144,16.1875,0.0094,1.8483,0.0202,0.0289,142.908
1.0,2884.74,2160.3667,1.4022,105.4978,1.5585,-0.0317,-0.0138,196.1842,11.6229,434.7942,0.9696,187.3435,12.4761,1.429,-2069.0,-112.25,1.1460249999999994,1.8536500000000005,6.655225,62.5,2.0667,0.1874,85.0922,9.2007,64.2199,66.505,87.96645000000001,74.57,1.946,356.2155,140.5218,737.734,1.2401,137.3727,634.11,207.6625,4.558,4.755,2887.0,0.9323,18.3936,355.0636,10.167,118.9155,13.1691,21.6064,29.3176,708.4164,146.9618,620.9409,80.3773,-0.0665,-0.0026,-0.0613,0.0405,-0.0906,-0.0162,0.0225,6.8634,0.135,0.9663,1843.7237,0.1624,8621.49,0.0,0.0,0.0,0.0,0.4689,0.9496,762.9077,0.9862499999999997,56.8545,0.5865,0.9702,6.2733,15.96,3.034,16.04,16.03,0.9838,0.5088,3.192,-0.4731,0.8093,2.2936,1010.834,100.0,133.7,136.5,77.9001,205.346,0.1604,0.1067,0.0421,0.0598,0.0203,13.1305,6.161,16.081,0.0149,0.49,0.033,2200.0,1045.0,0.31125,0.22575,0.5395000000000001,3.4,0.107,0.5969,0.1513,0.5896,0.3715,0.8207,0.568,0.117,4.54,16.0,53.795,0.893,16.72,3.34,25.702,109.351,0.1312,0.0373,0.0732,0.0593,0.0738,0.1285,0.0859,0.082,5.3001,0.0936,0.0064,87.8372,0.0354,854.9004,0.0229,0.0258,0.142929741063238,0.0152,102.3936,3.8766,0.0431,0.2749,0.0395,3.591,29.7595,49.1815,47.7554,0.0568,2.7759,0.0385,1.9332,0.1326,0.0115,954.2884,580.3358250000001,2400.8614,445.8747,0.14465,0.10255000000000002,0.2505,1.021,0.0344,0.0351,0.2118,0.058,0.0694,5.1588,0.1677,6.9612,0.03,1.5733,4.6015,18.595,0.244,0.9001,1.3682,7.264,34.706,0.0386,0.0162,0.0361,0.0327,0.0239,0.0632,0.043,0.0373,2.1044,0.0282,0.0023,27.2835,0.0115,262.7605,0.030154253845916208,0.0058,33.175,1.1806,0.0123,0.1005,0.0134,11.3622,1.3173,4.5968,4.6347,5.4284,3.6059,22.8175,11.4366,6.8462,53.0074,3.6985,1.5379,3.9275,2.3113,214.0648,930.9577,24.817950000000003,11.369775,7.932874999999999,5.44,67.7419,62.4185,3.0796,0.7015,1.6445,0.9181,0.6748,5.4097,4.0065,3.1906,9.4325,3.3049,2.5232,25.905,7.7302,8.7833,5.8277,126.964,3.6281,36.3944,136.0472,197.3489,49.8663,96.6979,182.2785,141.7931,531.0665,364.04,77.2227,1.6302,3.8838,0.6654,4.7641,21.7883,893.5065,60.1156,0.0,28.089792063513592,1.5959,13.4215,0.24217499999999997,6.8185,4.3821,1.7238,9.2211,74.558,15.91,0.91,7.7465,0.4079,63.3533,3.9718,1.2205,0.1567,0.0348,16.2531,6.226449683407828,0.15025721005774303,2.4560529187664812,0.0634746254570794,2.3768000131551785,22.161320313181818,536.0054,1.9902,8.76,0.1682,3.1106,0.0503,1.6343,8.4505,0.0099,1.9771,0.0098,0.0213,216.8869
1.0,2958.09,2222.6778,1.4431,110.5644,1.478,-0.0131,0.0079,199.6664,5.4971,409.9835,0.9731,189.8925,12.5724,1.4081,-4939.75,-1403.75,1.338,2.0135,7.5423,68.3222,2.1889,0.1827,84.7569,8.659,64.1114,65.8389,85.65082499999998,36.3425,5.434,362.8327,137.6736,740.5161,1.2288,137.6055,638.1118,218.5681,4.501,4.748,2936.0,0.9156250000000001,24.9027,361.2645,9.9598,122.5764,10.8518,15.0973,22.6227,717.8934,143.4191,627.26,96.0843,-0.0459,0.0047,-0.0813,0.0549,0.0841,-0.0079,0.0313,7.033,0.1392,0.966,1831.8286,0.1963,8660.4701,0.0015,0.0679,0.0446,0.1063,0.4643,0.9461,656.7414,0.9903,59.4302,0.608,0.9763,6.2346,15.93,2.647,15.96,15.93,0.6055,0.4429,3.491,-0.0473,0.8139,2.3397,1011.7456,89.0,133.6,98.3,67.7998,277.494,0.6531,0.127,0.0469,0.0565,0.017,7.2769,5.662,12.671,0.0063,0.38,0.0334,73.0,2073.0,0.095,0.124,0.232,2.2,0.347,1.0824,0.0369,0.5753,0.3141,0.9677,0.345,0.1305,4.36,13.74,56.979,0.912,19.62,3.35,24.65,76.057,0.1423,0.0916,0.1076,0.1415,0.0872,0.0598,0.0791,0.1442,3.6584,0.0954,0.016925000000000003,99.7323,0.0722,1793.6997,0.0243,0.0156,0.0267,0.036,198.888,2.6639,0.0393,0.3502,0.0545,2.9624,23.551,47.1241,37.4513,0.2386,2.2619,0.0432,1.9785,0.1157,0.0112,34.0722,116.2999,2230.3298,956.8286,0.0428,0.0658,0.1222,0.7396,0.0486,0.1014,0.3846,0.0151,0.1175,4.0902,0.1237,6.4567,0.0418,1.4851,3.7176,20.1427,0.3398,1.2445,2.5708,7.2276,27.2031,0.0433,0.0378,0.0499,0.0598,0.0272,0.0245,0.0332,0.0727,1.1657,0.0341,0.0058000000000000005,31.9075,0.0219,693.1412,0.0046,0.0138,80.04797500000002,0.9237,0.0111,0.1113,0.0179,6.2984,1.131,4.0782,4.5164,3.8667,3.0504,17.9305,45.2554,8.5927,102.9999,3.0906,0.6467,3.0225,2.3706,94.5797,147.6759,7.1001,6.1584,3.076,3.22,54.8223,72.8102,9.6276,1.2771,0.4264,0.8973,0.2748,3.9054,8.2369,3.2063,10.6163,3.1685,2.1532,26.0692,3.0301,9.1568,8.1255,180.7996,3.4337,32.3644,79.1566,309.6844,150.6579,173.9932,158.8885,71.127,0.0,461.0711,52.0175,3.3756,3.9138,1.75355,5.4444,36.7703,0.0,172.0755,646.5753,5.7587,3.8094,30.2841,0.0773,4.4824,5.6169,2.3284,6.888,71.584,28.1425,2.2725,11.903800000000002,0.9803000000000002,135.32388127520446,6.729199999999999,3.0105500000000003,0.3718,0.1233,24.7524,6.312032728142712,0.2144159719311188,2.9107326627318733,0.07569862372997402,2.384588713178547,21.225360143337166,533.9509,1.8946,7.03,0.2962,2.2791,0.0865,1.3166,15.6351,0.0105,2.0882,0.015,0.0151,100.7279
1.0,2962.14,2221.5778,1.1878,111.3444,1.5424,-0.0177,0.014,198.7302,6.4395,417.85,0.9729,189.1758,12.5473,1.3947,-1465.75,-4444.6667,1.2542,1.9875,7.2032,63.5111,2.4222,0.1862,84.6216,9.1585,64.4425,66.374,86.279,74.54,2.215,355.3409,153.76,755.293,1.0771,133.8709,642.9718,202.5914,4.585,4.832,2890.0,0.933,15.1509,359.0427,9.7464,128.9109,10.7536,24.8491,30.1427,725.1503,144.2645,632.2182,169.69280000000003,-0.0506,-0.0173,-0.0658,0.0593,0.0951,-0.0051,0.0077,7.7702,0.1392,0.9908,1797.941,0.1643,8416.3099,0.064,-0.0512,-0.0636,-0.002,0.474,0.941,731.0955,0.9916,57.5651,0.596,0.9673,6.3296,15.93,2.647,15.96,15.93,0.6055,0.4429,3.491,-0.0473,0.8139,2.3397,1011.7456,89.0,125.9,92.9,67.5999,531.4619,0.5138,0.1158,0.0601,0.0605,0.0052,5.4998,7.882,18.283,0.0125,0.41,0.0481,1848.0,4507.0,0.173,0.039,0.156,3.6,0.626,0.7927,0.0637,0.4054,0.2872,0.7343,0.459,0.1119,5.63,17.18,62.291,0.796,17.38,3.93,21.889,59.212,0.1431,0.0696,0.14367499999999997,0.0669,0.082,0.0749,0.0691,0.0384,2.2585,0.0811,0.0005,131.8158,0.1053,1437.1997,0.0117,0.0165,0.07,0.0197,154.7894,2.7806,0.0285,0.1656,0.0545,2.9624,23.551,44.9322,34.7118,0.1752,2.1387,0.0352,2.6204,0.1209,0.0134,876.6031,580.3358250000001,4175.3221,2304.3082,0.0835,0.0168,0.071,1.1741,0.0582,0.2309,0.2956,0.027,0.0557,4.1708,0.1306,5.9578,0.0326,1.798,4.6026,17.8483,0.3098,1.2764,2.467,6.4496,16.6716,0.0428,0.0293,0.06367500000000001,0.0327,0.0237,0.0391,0.0332,0.0197,0.9534,0.026,0.0002,41.0749,0.031975,551.1498,0.0207,0.0082,56.543,0.7928,0.0114,0.0665,0.0179,6.2984,1.131,4.0782,4.2503,3.6493,3.0429,35.3454,43.2564,7.5079,122.4017,4.3755,1.2867,3.2676,3.4503,294.203525,101.4024,13.7931,1.9623,2.1657,5.6683,74.3119,104.7136,18.7313,0.9368,0.695,0.6291,0.6752,3.923,7.2386,2.8618,10.3914,4.2055,2.672,30.7471,2.7541,8.1671,5.9343,161.6201,3.0185,20.4473,29.7559,283.0161,137.89,101.749,138.2945,78.8006,0.0,498.7013,29.0662,3.3756,3.3332,0.0537,7.3315,63.37365000000001,0.0,75.2941,756.3636,14.7676,2.0948,21.1722,0.1442,4.8304,2.6159,2.3284,6.888,74.82,19.34,0.89,8.7395,0.3393,49.7553,4.7138,1.1895,0.1928,0.0518,19.5713,4.38,0.1718,1.6599,0.0642,1.6841,27.8426,537.6273,2.2025,12.21,0.2089,4.2202,0.0636,2.2711,9.4847,0.0201,3.9635,0.0189,0.0086,45.4264
1.0,2912.87,2166.5222,1.0647,104.5211,1.5336,-0.0283,0.005,201.7858,5.1046,408.7597,0.9679,191.6925,12.4871,1.4199,-4311.75,-531.0,1.3072,1.9992,7.3775,69.0667,2.5667,0.2146,84.1874,10.273224999999998,64.68729999999996,66.2535,87.5105,79.48,2.419,349.4655,129.1318,718.1845,0.9464,142.2927,620.89,130.8965,4.575,4.848,2859.0,0.93,5.03,348.4873,10.9983,94.1618,23.28,34.97,38.8982,679.2864,154.9609,597.61,25.993049999999982,-0.0227,-0.0565,-0.0564,0.015,-0.0774,-0.0222,-0.0074,8.0515,0.1335,0.9904,1801.9478,0.1568,8925.6301,0.0892,0.0372,-0.0483,-0.0395,0.4731,0.9345,767.6058,0.9907,57.3774,0.5972,0.9787,6.3215,15.82,3.2,15.9,15.83,1.125,0.5261,3.142,-0.4258,0.7692,2.3248,1001.9434,88.0,100.4,146.9,53.3,508.087,0.4927,0.108,0.0546,0.0729,0.0213,5.4857,5.137,19.374,0.0168,0.52,0.0338,299.0,564.0,0.068,0.043,0.071,1.9,0.393,0.6385,0.1324,0.4191,0.3423,1.0308,0.277,0.0765,5.0,22.24,19.174,0.449,21.82,10.53,37.9,9.412,0.056,0.0306,0.0285,0.0572,0.0401,0.0982,0.0924,0.0382,2.7819,0.0704,0.0006,61.0977,0.0238,577.7998,0.0164,0.0137,0.142929741063238,0.0233,84.6817,3.976,0.0285,0.4259,0.0198,2.6861,23.8212,40.4482,49.3298,0.1873,2.9023,0.043,1.7362,0.1452,0.0107,134.7207,87.9825,1016.4662,231.6693,0.0284,0.021,0.0335,0.745,0.0396,0.1515,0.2445,0.0528,0.1371,5.3607,0.087,10.1112,0.0217,1.7826,6.1708,6.2164,0.123,3.3789,2.2805,11.2241,2.9471,0.013,0.0125,0.013,0.0263,0.0114,0.0553,0.0461,0.0178,0.9995,0.0237,0.0002,17.5528,0.0081,185.4212,0.0277,0.0079,28.1321,1.13,0.0102,0.1399,0.0071,9.8109,0.8501,3.8077,3.4468,6.0051,2.4602,56.0138,46.276,7.0421,100.634,4.7397,1.7323,4.1643,2.3818,54.0616,106.2147,5.2018,2.1508,0.9624,2.751,42.8571,66.6494,11.3906,0.7584,1.2446,0.6476,0.3063,5.2595,7.7827,4.6956,8.0881,3.5139,3.582,14.6482,5.2322,4.0825,11.8626,93.7285,5.5794,26.1277,42.8291,246.4924,65.2104,101.4184,267.8914,126.9554,416.6855,517.9661,34.5513,3.0701,2.9212,0.0566,3.3906,15.2055,0.0,113.0045,660.0,28.089792063513592,2.4937,11.0319,0.1151,6.9295,6.7381,0.8516,6.9271,71.844,20.24,0.7,8.2986,0.3207,74.1079,5.0054,0.9743,0.4436,0.0822,47.2964,5.96,0.1283,2.7516,0.0461,2.2692,20.0533,528.4727,2.1628,8.67,0.5747,2.9727,0.15,1.6406,26.5739,0.0116,2.3051,0.0137,0.0155,113.3721
1.0,2993.59,2169.4667,1.2412,100.8444,1.5533,0.0173,0.0067,199.3216,7.359,416.8137,0.9695,189.5409,12.4622,1.3733,-3525.5,-485.5,1.289,2.0105,7.2763,69.0667,2.2667,0.144,87.83992499999997,10.273224999999998,64.68729999999996,66.8426,86.9275,65.83,5.171,362.1818,125.3255,722.9962,0.9465,140.8573,628.3646,123.9121,4.549,4.785,2908.0,0.9261,25.0382,359.6073,10.4823,110.3636,9.691,14.9618,20.2052,702.791,148.7027,618.6736,61.7909,-0.0274,0.0501,0.0455,0.0266,-0.0754,-0.0296,-0.0374,7.2666,0.1361,0.9707,1836.6503,0.1567,8800.4,-0.0451,0.0409,0.13525,-0.1383,0.4573,0.9453,759.8721,0.9909,58.0644,0.603,0.9658,6.2187,15.98,3.207,16.01,15.96,1.483,0.545,3.335,-1.108,0.8142,2.3326,1013.5244,92.0,163.1,254.0,60.7,307.865,0.1184,0.0946,0.0766,0.0596,0.0214,10.9006,4.342,10.931,0.0145,0.38,0.12487500000000004,109.0,1524.0,0.208,0.098,0.113,1.8,0.315,0.538,0.1308,0.5536,0.2099,0.8605,0.61,0.0763,4.23,13.19,26.241,0.28,21.28,9.5,27.685,80.561,0.0806,0.0575,0.0969,0.0208,0.0639,0.1006,0.1003,0.0963,3.8399,0.0436,0.0084,88.7012,0.0268,1572.5996,0.0283,0.0356,0.142929741063238,0.01,130.8226,3.7145,0.023,0.4019,0.0588,2.3121,26.3184,65.3567,85.0263,0.0333,2.1868,0.03,1.3986,0.1232,0.044225,48.9583,262.8269,504.3864,749.7113,0.0973,0.0464,0.0525,0.5895,0.024,0.1169,0.2099,0.0541,0.0928,4.7265,0.1953,5.6056,0.0254,1.3072,3.8678,6.7717,0.098,2.6724,3.6487,7.4193,28.8787,0.0235,0.0257,0.0408,0.0107,0.0164,0.0534,0.0437,0.0498,1.2703,0.0142,0.003,29.847,0.0073,532.7832,0.030154253845916208,0.0036,49.354,1.2535,0.0075,0.1371,0.0179,5.839,0.8497,4.0737,5.4483,10.8272,2.7979,25.9704,9.5426,6.0902,59.0026,2.6225,1.4986,3.0492,8.965549999999999,30.4921,313.9032,16.1365,4.8744,1.553,2.6062,30.8824,43.75,9.2632,0.5279,0.5603,0.741,0.1794,4.8263,5.6413,2.6706,8.0648,3.003,2.0991,21.1771,5.3095,2.6712,4.1046,219.5858,3.9393,36.8704,130.3768,294.631,104.9749,45.7143,240.6213,133.4218,338.2799,257.7163,52.8428,3.1587,1.7999,0.8621,4.8295,17.1238,0.0,96.9697,745.4545,28.089792063513592,1.0566,17.2164,0.1128,6.3972,6.4626,2.5188,5.3272,73.89,20.23,0.67,8.9451,0.28,61.4214,5.0414,0.9068,0.0706,0.0218,7.2369,7.94,0.1314,3.3165,0.0508,3.0382,17.5247,530.9973,2.1898,7.23,0.3743,2.5312,0.1159,1.3616,17.0935,0.0087,1.7469,0.0246,0.0138,56.0357
1.0,2946.86,2174.8666,1.0455,103.6,1.5516,-0.0343,0.0065,195.9192,4.7895,406.4293,0.9684,185.649,12.4871,1.3857,-3990.5,-1657.25,1.2922,2.0433,7.389,69.5556,2.6556,0.219,84.3585,8.7495,64.2234,65.9449,86.7325,78.13,4.063,348.7573,131.3309,720.0985,0.9438,140.3218,620.41,132.1553,4.575,4.848,2859.0,0.93,23.3109,349.7327,10.4054,114.6418,8.77,16.6891,20.8271,699.2714,149.5082,613.8827,74.8493,-0.0058,-0.006,-0.0667,0.0073,-0.0843,-0.0127,-0.0108,7.4486,0.1304,0.9895,1854.7794,0.192,9295.6198,-0.0748,-0.014,0.0126,-0.0532,0.4649,0.9426,792.1467,0.9908,58.3569,0.5896,0.9676,6.1904,15.82,3.2,15.9,15.83,1.125,0.5261,3.142,-0.4258,0.7692,2.3248,1001.9434,120.0,109.3,129.0,59.5,533.891,0.4845,0.0998,0.0667,0.0584,0.0261,7.1186,7.491,14.69,0.0148,0.52,0.0536,760.0,6822.0,0.103,0.129,0.122,2.0,0.394,0.9352,0.0935,0.4883,0.26,0.9184,0.261,0.0726,4.53,22.73,46.511,0.288,12.39,6.68,30.944,73.326,0.0843,0.0393,0.0302,0.0823,0.0293,0.0757,0.0945,0.0664,2.7148,0.0432,0.0018,98.6211,0.0429,962.0,0.0211,0.0103,0.0421,0.0215,90.1303,2.7385,0.0257,0.3324,0.0198,2.6861,30.5926,42.2178,45.3961,0.1512,4.149099999999999,0.0373,2.3194,0.1452,0.0207,318.781,83.0682,616.853,3181.7059,0.0494,0.0583,0.0511,0.7038,0.0675,0.1218,0.3493,0.0383,0.1666,5.1077,0.0786,10.5917,0.0237,1.4141,6.9333,12.8759,0.0907,1.6202,1.907,9.3877,25.5563,0.0217,0.0188,0.0148,0.0364,0.0078,0.0409,0.046,0.031,1.103,0.0169,0.0005,33.3433,0.0135,293.5467,0.0068,0.0069,29.6293,0.8285,0.0091,0.1215,0.0071,9.8109,0.8501,5.4129,3.709,5.0909,2.7358,51.3738,46.3425,6.432,156.4061,3.6144,1.525,4.1643,3.8696,32.828,411.6458,7.9706,6.3135,1.6511,2.8754,41.4226,93.6073,11.4288,1.1086,1.0684,0.7603,0.2056,4.9748,9.3047,4.8941,7.6966,3.2283,3.6637,35.1942,5.2322,2.7678,7.4755,141.277,4.4252,27.3414,97.9649,0.0,107.8929,123.4346,403.4423,89.825,741.1765,617.6744,36.4466,2.8074,1.7835,0.1781,5.3171,22.3234,345.4927,18.0064,0.0,9.0516,2.2862,11.378,0.0774,4.6927,5.3698,0.8516,6.9271,81.614,16.73,1.34,8.2142,0.633,52.9871,4.0859,1.6419,0.1692,0.0418,17.8215,6.372040835992878,0.14845193317317415,2.5559822714248943,0.05981787926340436,2.439698005741509,21.657858020817763,533.3209,2.068,6.43,0.1643,2.3127,0.0589,1.2057,7.9429,0.0151,3.0407,0.0296,0.0165,55.8324
1.0,2942.31,2172.9778,1.3658,101.84,1.5717,-0.0105,0.0052,201.4822,6.5073,418.8194,0.9678,191.4413,12.4622,1.4002,-4299.25,-1993.5,1.2688,2.0032,7.2175,68.3556,1.9444,0.155,87.83992499999997,10.273224999999998,64.68729999999996,66.8426,86.9275,65.83,5.171,350.1718,130.9627,721.845,1.3601,143.3936,624.5282,203.7573,4.612,4.927,2832.0,0.9342,23.9555,349.5864,10.4667,114.9182,11.31,16.0445,21.1546,700.6904,148.7136,613.2182,128.4445,-0.0296,0.0008,0.0026,0.0148,-0.0877,-0.023,0.0048,7.9217,0.1307,0.9896,1787.9799,0.1992,9073.13,0.04,-0.0233,-0.0055,0.0171,0.4641,0.9341,768.0063,0.9909,58.3318,0.5977,0.9687,6.2095,15.82,3.2,15.9,15.83,1.125,0.5261,3.142,-0.4258,0.7692,2.3248,1001.9434,77.0,249.8,180.1,54.2,416.54,0.171,0.113,0.0423,0.0542,0.0208,5.3839,7.591,13.021,0.0159,0.38,0.0408,157.0,3258.0,0.145,0.111,0.186,2.6,0.398,0.538,0.1308,0.5536,0.2099,0.8605,0.347,0.0948,7.58,21.39,54.6,0.373,22.08,5.09,34.951,27.101,0.0442,0.0489,0.026,0.0352,0.0211,0.0934,0.0711,0.0713,4.5112,0.0869,0.0011,126.1464,0.0181,1427.7002,0.0119,0.014,0.0244,0.0245,143.2883,4.2139,0.0259,0.3374,0.0198,2.6861,20.3137,79.8544,64.5401,0.0527,2.2847,0.0414,2.1598,0.1232,0.0134,75.7144,157.5423,1074.1298,1373.41,0.0705,0.0498,0.0791,0.9315,0.0304,0.1249,0.2099,0.0541,0.0928,5.5385,0.0956,10.5646,0.026,2.0483,6.4838,17.6538,0.0951,1.4343,2.6459,11.2246,8.3462,0.012,0.0224,0.0124,0.0151,0.0056,0.0493,0.0353,0.0376,1.7671,0.0266,0.0004,35.9167,0.0061,560.261,0.0058,0.0075,58.433,1.3943,0.0082,0.1172,0.0071,9.8109,0.8501,3.5472,8.4899,7.3608,2.4943,34.0698,12.5191,7.1897,116.6541,3.109,1.6462,3.0492,2.9109,58.5684,163.4312,11.4286,5.541,2.5771,3.8036,66.8571,63.2258,11.781,0.5279,0.5603,0.741,0.1794,5.7172,7.7198,4.8211,6.9735,5.2861,3.425,26.7966,5.7506,3.5637,8.9455,195.2252,4.9881,8.4811,21.0994,149.2613,154.1371,0.0,142.9297,106.4691,309.1304,0.0,56.9472,3.0612,3.6768,0.1129,7.0552,9.1015,0.0,49.0667,0.0,5.2585,2.6267,18.6572,0.0963,7.224,5.4331,0.8516,6.9271,75.4794721029849,17.04023052016576,1.2140003801578483,7.816045833822494,0.4769251960633534,72.12589276839284,4.21594629594765,1.5843837166570767,0.4002,0.0722,41.0905,6.574222550360132,0.13829452688912533,2.5404251876762887,0.054246730953207395,2.488356314006366,21.21794479211937,533.1055,2.3497,6.59,0.5991,2.3055,0.1492,1.2361,25.4953,0.0098,1.9519,0.0296,0.0165,55.8324
1.0,2935.94,2164.4111,0.9799,100.5189,1.4786,0.0049,0.0116,198.6318,2.2493,396.9681,0.9685,188.6797,12.4649,1.395,-950.75,58.0,1.1460249999999994,1.8536500000000005,6.655225,63.4,2.5556,0.2097,84.0432,8.7487,64.3732,66.6566,87.96645000000001,36.3425,5.143,350.5009,129.4427,720.7304,1.3782,149.1045,629.0482,197.2575,4.612,4.927,2832.0,0.9342,2.5209,346.4873,11.0273,91.9636,32.87715,37.4791,46.2635,674.467,156.8709,595.3218,109.5826,-0.0062,-0.0455,-0.0652,0.0122,-0.0935,-0.0037,-0.0473,7.4219,0.1394,0.9649,1841.8205,0.1507,8249.76,0.0204,0.0056,-0.17099999999999999,-0.0241,0.4628,0.9125000000000003,704.9014,0.9909,58.6473,0.595,0.9569,6.6157,15.82,3.434,15.85,15.82,0.9933,0.5598,3.008,-0.1419,0.7304,2.3237,1004.0281,93.0,175.8,136.7,54.7,727.5059,0.8565,0.0674,0.0673,0.0563,0.0219,12.1424,2.303,20.335,0.0165,0.46,0.0393,2200.0,232.0,0.31125,0.22575,0.5395000000000001,1.6,0.065,0.879,0.1015,0.6257,0.3244,0.6083,0.38,0.0972,8.03,18.78,50.936,0.175,26.55,13.67,39.54,89.846,0.0648,0.0313,0.037,0.0435,0.0502,0.0962,0.0732,0.0763,3.0636,0.0592,0.016925000000000003,104.542,0.0243,485.7002,0.0381,0.032,0.0267,0.06130000000000001,77.3077,3.2904,0.0342,0.3049,0.0214,3.4441,23.0517,61.8727,49.0014,0.2608,3.6006,0.0233,0.7662,0.1369,0.0128,954.2884,580.3358250000001,1901.5,116.0,0.14465,0.10255000000000002,0.2505,0.5723,0.0399,0.02,0.3131,0.0388,0.0328,5.1458,0.1044,10.5768,0.0267,2.3281,5.6985,14.6668,0.0556,3.4954,3.2819,11.6925,32.6838,0.0168,0.0138,0.0164,0.0219,0.0159,0.0455,0.0375,0.0404,1.0964,0.0197,0.0058000000000000005,33.4483,0.008,165.6415,0.0056,0.020499999999999997,22.3949,1.0293,0.0103,0.1174,0.0072,8.563,1.3416,4.2149,5.9879,5.2861,2.5272,60.2937,66.341825,4.5585,102.3887,5.1226,1.6997,3.6904,2.8179,294.203525,400.0,24.817950000000003,11.369775,7.932874999999999,2.5237,31.3043,53.4181,1.8867,1.0459,1.1601,0.972,0.6752,5.01,8.5984,4.9593,7.0535,5.3855,2.9855,25.8221,5.7506,1.587,15.5496,78.7218,5.8624,26.5792,81.9893,0.0,149.4033,66.6837,411.6863,102.8877,0.0,161.4245,41.2783,2.7982,2.4732,1.75355,5.676,16.1466,0.0,101.1287,0.0,5.7689,6.4666999999999994,10.9672,0.0562,5.6104,4.6084,0.9228,7.7076,74.074,17.09,0.31,7.5999,0.1324,65.3723,4.1722,0.4185,0.3004,0.0557,32.2583,2.28,0.0764,0.9316,0.0303,0.8651,11.7924,535.2509,2.2864,9.32,0.3201,3.0902,0.1112,1.7412,14.0012,0.0138,2.7309,0.0201,0.022,109.4273
1.0,3004.09,2223.8,1.1705,110.06,1.4441,-0.0177,0.0263,200.0352,4.2144,404.6055,0.971,189.0149,12.5473,1.4062,-3017.75,538.5,1.1460249999999994,1.8536500000000005,6.655225,63.6,2.5222,0.2153,85.1197,9.1784,64.229,66.56,87.96645000000001,74.8,3.698,352.2036,143.1018,736.5657,0.8404,133.4555,628.7609,129.8657,4.557,4.794,2849.0,0.929,15.9527,353.9182,10.1635,119.0545,7.4773,24.0473,30.4154,706.1504,148.3109,621.2836,115.4989,-0.0578,-0.0084,-0.0437,0.0796,0.015,-0.0003,0.0365,7.2863,0.1341,0.9814,1902.0905,0.1601,8722.96,0.0699,-0.0158,-0.0312,0.0962,0.4673,0.9502,753.9392,0.9862499999999997,55.9712,0.6113,0.9762,6.417,15.78,3.564,15.7,15.71,1.05,0.577,2.965,-0.615,0.7382,2.3351,1004.4368,95.0,165.8,160.8,68.0999,297.1899,0.3751,0.1263,0.0366,0.0398,0.0196,5.1055,2.859,7.51,0.0145,0.41,0.0389,2200.0,744.0,0.31125,0.22575,0.5395000000000001,2.8,0.1,0.6723,0.06,0.4614,0.2699,0.6609,0.43,0.0939,5.88,14.12,52.203,1.322,13.73,6.08,22.072,85.912,0.1326,0.0765,0.0909,0.0628,0.0859,0.054,0.0815,0.0522,3.0246,0.0472,0.016925000000000003,135.0925,0.0396,956.5996,0.0175,0.011,0.0297,0.0036,78.3816,2.3459,0.032,0.3778,0.0243,2.6061,24.7946,52.7503,52.8454,0.1406,2.0638,0.0406,0.8568,0.1209,0.0121,954.2884,580.3358250000001,2027.8528,359.805,0.14465,0.10255000000000002,0.2505,0.7969,0.0266,0.0304,0.2397,0.0291,0.0392,6.4035,0.1483,6.2104,0.0278,1.867,4.7527,14.5126,0.3653,1.7173,1.7277,7.4385,23.5595,0.0397,0.0317,0.0406,0.0273,0.0246,0.0256,0.0451,0.0286,0.9289,0.0153,0.0058000000000000005,52.1028,0.0146,332.3357,0.0056,0.0014,29.1564,0.773,0.0111,0.1259,0.0091,10.6008,0.9207,4.3222,5.5191,6.7316,3.0623,19.7715,32.0435,8.7457,67.8394,1.8561,1.4902,3.2676,2.7656,144.114,138.1616,24.817950000000003,11.369775,7.932874999999999,4.4025,27.7533,35.7585,2.8564,0.7898,0.6535,0.7184,0.6752,5.8773,6.988,2.4392,11.1713,4.406,2.2457,40.1977,8.6073,13.0074,8.8195,183.6233,3.1257,25.6666,74.3834,229.511,99.1575,143.5429,107.8892,360.601,0.0,143.2099,41.5108,0.8947,1.9924,1.75355,7.1023,24.7576,0.0,31.6049,0.0,6.3504,0.3815,10.3963,0.24217499999999997,4.1913,5.8869,1.0409,6.7215,72.098,15.45,0.47,6.2498,0.2144,76.4442,3.8721,0.6519,0.3004,0.0557,32.2583,2.75,0.1563,1.066,0.0563,1.0404,26.7783,533.7473,2.2437,8.22,0.2701,2.8877,0.085,1.54,12.0404,0.0121,2.4037,0.0207,0.0301,145.6339
1.0,2990.22,2206.5112,1.2691,101.6667,1.4729,0.0206,0.003,191.81587500000003,11.4142,408.2936,0.9799,182.24885,12.5724,1.422,-5157.25,64.0,1.298,1.9905,7.3815,68.0,2.6,0.2262,85.794,8.7599,63.9715,65.9194,86.838,79.42,1.886,363.9736,130.7109,733.3332,1.2814,142.8191,637.5036,198.5732,4.638,4.87,2892.0,0.9291,18.3209,360.1082,10.6814,109.0318,26.1263,21.6791,29.9815,703.3516,142.2373,611.3773,111.7341,-0.0609,0.0055,-0.074,0.057,0.0137,0.0088,-0.0248,7.3931,0.1306,0.9904,1775.4565,0.1629,8307.91,0.0,0.0,0.0,0.0,0.475,0.9527,714.136,0.9909,58.1062,0.6046,0.9666,6.1819,15.74,3.133,15.71,15.73,0.9034,0.5746,3.338,0.0473,0.8434,2.3903,1006.1589,146.0,182.7,157.4,72.2,174.8,0.4694,0.1325,0.0621,0.0372,0.0062,4.9117,7.58,8.432,0.0037,0.35,0.0571,662.0,1687.0,0.082,0.096,0.109,1.4,0.457,0.8929,0.0973,0.5785,0.3503,0.7153,0.494,0.1384,5.02,15.29,56.273,0.293,11.61,3.75,17.472,61.901,0.1848,0.0576,0.1057,0.0574,0.1287,0.0748,0.0741,0.0393,5.0637,0.0851,0.0006,92.9583,0.0263,1842.1006,0.0125,0.0072,0.0818,0.0385,195.7011,2.3288,0.0547,0.3396,0.1206,4.6053,36.4612,73.5217,56.7312,0.1527,1.2074,0.0418,2.2256,0.097,0.0177,293.2547,123.2027,5088.9574,824.032,0.0384,0.0436,0.0475,0.495,0.0507,0.1492,0.3274,0.0384,0.1583,5.115,0.1844,5.727,0.0402,1.5558,4.2151,17.4972,0.0917,1.1841,1.6065,5.5592,21.3161,0.0502,0.0236,0.0465,0.0253,0.0343,0.0306,0.0317,0.0186,1.9229,0.0265,0.0002,28.6717,0.0083,661.2165,0.0155,0.011,74.8551,0.6924,0.0154,0.1242,0.0413,2.2381,1.4345,6.749,6.1099,6.3374,3.2721,14.0497,36.9824,8.9956,66.4086,2.0652,0.376,2.7839,4.0147,229.5409,0.0,6.3174,4.8229,1.4767,2.0588,42.3077,68.0747,12.9641,1.0407,1.1106,0.9043,0.362,4.3162,5.5925,2.7145,10.8036,3.5149,2.3984,28.3387,4.5908,2.7431,7.5116,44.4379,2.4841,11.9686,55.4003,303.5106,45.0176,77.5938,225.5916,544.9909,839.6601,158.3082,68.4923,5.59805,3.5477,0.0603,5.2357,16.1683,455.336,66.5208,372.6708,17.2276,4.0383,27.4039,0.0806,4.0078,5.4935,5.0462,11.9059,82.242,21.77,2.11,10.192,0.9372,87.3485,5.3963,2.5656,0.3259,0.0726,34.4987,12.19,0.1387,4.809654608726158,0.0575,4.9468,19.4405,535.8027,1.9736,7.39,0.3366,2.3288,0.0857,1.3792,17.0532,0.0099,1.9589,0.0194,0.0169,87.3034
1.0,2980.84,2187.5222,1.4503,102.4622,1.4672,-0.0088,0.0071,195.2619,14.1603,426.2799,0.9742,186.1483,12.453161896203596,1.3929,-4228.75,-1994.75,1.309,2.0062,7.422,68.1222,2.3667,0.204,84.3585,8.7495,64.2234,65.9449,86.7325,78.13,4.063,357.7509,130.1245,725.1731,1.2873,139.9645,627.84,203.4994,4.594,4.865,2891.0,0.9318,9.05,353.4373,10.9359,99.1745,30.5082,30.95,39.683,685.4901,144.72,597.3318,103.4133,-0.0264,-0.0067,-0.0263,0.0049,-0.1023,-0.0233,0.0267,7.0697,0.1336,0.9711,1780.3646,0.1464,8999.1098,-0.17427499999999999,0.0344,0.118,-0.1932,0.4544,0.9494,760.5687,0.9862499999999997,55.5313,0.5995,0.9699,6.1034,15.81,3.566,15.84,15.78,1.21,0.5619,3.034,0.0,0.7332,2.3348,1004.2077,84.0,201.6,171.6,40.5,141.839,0.3901,0.0544,0.0366,0.0385,0.0119,3.4001,9.301,8.417,0.0079,0.5360596809365052,0.0655,599.0,3523.0,0.138,0.106,0.212,3.0,0.298,0.9352,0.0935,0.4883,0.26,0.9184,0.599,0.2241,5.55,9.72,80.761,0.366,6.73,4.49,16.146,63.059,0.0672,0.0443,0.0682,0.0706,0.0614,0.0788,0.0486,0.1445,4.434,0.0894,0.0042,125.5107,0.0305,760.2998,0.04325000000000001,0.038974999999999996,0.1343,0.0228,65.5066,2.6554,0.0572,0.3816,0.0395,5.0666,23.3475,76.622,62.6897,0.1416,1.4624,0.0187,2.5505,0.12940476376801735,0.0213,270.7513,353.7272,881.5881,1683.2456,0.0574,0.0445,0.0999,0.8829,0.0399,0.1074,0.3493,0.0383,0.1666,4.4627,0.1987,5.1001,0.0596,1.8775,3.0379,24.6111,0.1015,1.4645,1.1593,5.2623,23.1316,0.0193,0.0209,0.03,0.0335,0.0212,0.0405,0.0211,0.0715,1.8231,0.0278,0.0013,38.5539,0.0092,239.8239,0.0221,0.0069,20.6854,0.8564,0.0179,0.1315,0.0111,8.2934,1.482,3.8286,6.7632,6.5278,1.8514,11.1802,26.8972,3.7077,65.6838,1.9745,0.8118,4.434963266204733,4.7026,47.6027,176.6136,10.5424,5.2835,2.8564,4.4038,46.4789,59.8039,8.6075,1.1086,1.0684,0.7603,0.2056,3.7792,6.2556,2.3932,17.4059,3.9653,1.5482,39.6861,9.453724999999999,3.3468,10.0731,22.0596,2.3554,9.6388,60.9777,254.1243,117.1958,268.6965,0.0,77.0472,208.137,542.2139,62.7188,3.9494,3.8062,0.433,7.0497,20.8047,0.0,74.7826,843.2432,28.089792063513592,2.3966,8.6128,0.24217499999999997,4.7819,6.2521,1.6936,12.064,71.906,17.56,1.22,8.0411,0.4869,87.9887,4.2998,1.6967,0.1343,0.0391,13.9158,8.56,0.0642,3.7768,0.0282,3.2333,9.895,532.2164,2.3626,9.7599,0.3866,3.2033,0.1142,1.8338,16.3616,0.028074999999999996,5.606624999999998,0.0297,0.0436,187.3554
1.0,2971.99,2239.3,1.2479,100.1189,1.5824,-0.0006,0.0064,201.9597,4.7482,404.6931,0.9695,192.31,12.4659,1.416,-3914.75,1334.5,1.3057,1.9688,7.1745,62.8333,2.7111,0.2103,83.8746,9.2658,64.3328,66.594,87.96645000000001,73.32,2.051,351.2655,128.3009,719.4658,1.387,146.8727,626.4391,220.7331,4.575,4.848,2859.0,0.93,12.4309,347.1809,10.885,100.7318,22.91,27.5691,37.4995,681.9664,155.6164,603.5291,94.8504,-0.0078,-0.0001,-0.0618,0.0116,-0.0741,-0.0216,-0.022,7.5321,0.1322,0.9887,1883.8396,0.1997,9054.92,0.0,0.0,0.0,0.0,0.4501,0.9336,771.4724,0.991,57.7826,0.5977,0.9594,6.5992,15.81,3.566,15.84,15.78,1.21,0.5619,3.034,0.0,0.7332,2.3348,1004.2077,119.0,114.5,141.8,89.59945000000002,369.522,0.1696,0.0605,0.0605,0.0406,0.0158,5.8219,6.407,18.685,0.0122,0.3,0.0473,424.0,13977.0,0.152,0.084,0.124,4.8,0.282,0.6716,0.1856,0.5349,0.3241,0.6378,0.201,0.1312,7.75,16.99,56.977,0.256,22.69,7.5,35.49,99.301,0.0546,0.0585,0.0265,0.0603,0.0242,0.0903,0.0938,0.0283,2.5736,0.0768,0.0025,171.8003,0.0548,870.8994,0.016,0.0118,0.142929741063238,0.0249,76.5322,2.5844,0.0321,0.3216,0.0395,5.0666,30.9957,47.4083,52.1789,0.0553,2.5608,0.0209,2.0035,0.0675,0.0142,188.5831,187.2011,741.3557,9883.2315,0.0705,0.0382,0.0576,1.5484,0.0407,0.0949,0.2601,0.0812,0.0753,5.3995,0.0735,9.9304,0.0343,2.1588,5.2706,16.5883,0.074,2.4745,3.1564,10.6675,27.0557,0.0147,0.0256,0.0123,0.026,0.0072,0.0471,0.0473,0.0124,0.9773,0.0247,0.001,50.9815,0.0157,310.3258,0.0287,0.0091,29.9797,0.7591,0.0094,0.1135,0.0111,8.2934,1.482,5.3672,3.8526,5.6661,3.9666750000000004,30.9807,13.5951,3.8232,134.9359,4.6171,1.2543,2.4066,3.3368,44.8815,0.0,11.6408,4.2667,1.7283,7.6393,36.8852,55.1506,8.563,0.8007,2.0033,0.8315,0.6752,5.2468,6.7576,4.5357,9.4589,5.2767,2.7122,25.8126,5.2322,2.3519,9.2721,99.0397,5.2041,18.9788,104.6923,703.3816,74.7126,97.4939,208.284,121.8623,433.7572,128.6364,34.1681,1.5126,3.1781,0.2576,9.1197,27.4183,0.0,68.6627,869.5652,28.089792063513592,2.6626,9.9203,0.1234,4.4725,4.8728,1.6936,12.064,80.39,18.25,1.46,8.5986,0.5797,67.9833,4.5583,1.8161,0.3155,0.0593,33.199,4.14,0.2177,1.5754,0.0873,1.5619,29.6955,531.81,2.2115,13.76,0.1968,4.5061,0.0755,2.5874,8.9008,0.0094,1.8952,0.0278,0.0042,15.2909
1.0,2992.4,2191.6667,1.3529,103.4233,1.4993,-0.0091,0.0006,199.6784,7.6212,395.5722,0.972,189.5104,12.4659,1.4033,-1941.5,502.0,1.1460249999999994,1.8536500000000005,6.655225,62.7556,2.7889,0.2252,85.6039,8.7588,64.1668,66.6948,87.96645000000001,36.3425,5.103,354.0755,154.8682,755.794,1.0611,136.2627,645.2064,201.2522,4.607,4.828,2875.0,0.934,11.5591,357.5818,9.7739,126.4273,13.7328,28.4409,39.2802,716.5138,147.4645,631.4736,93.5638,-0.0416,0.0089,-0.0623,0.0083,-0.0956,-0.0416,-0.0264,6.3328,0.1323,0.9905,1805.2925,0.1536,8887.5198,-0.0104,0.0381,0.0132,-0.1275,0.4687,0.9481,781.5414,0.9862499999999997,57.887,0.5988,0.9589,6.4276,15.78,3.62,15.83,15.83,0.9933,0.6314,3.361,0.0473,0.7509,2.3532,1006.4114,92.0,162.0,144.3,70.3999,774.816,0.6112,0.1061,0.0666,0.0871,0.021,9.8675,3.617,6.156,0.0122,0.3,0.0562,2200.0,1104.0,0.31125,0.22575,0.5395000000000001,3.2,0.073,0.4277,0.1036,0.4883,0.2468,0.6791,0.409,0.1668,5.89,13.04,48.896,1.033,15.66,7.92,20.533,72.05,0.1176,0.0898,0.0508,0.0802,0.0532,0.108,0.0565,0.0241,4.9126,0.0496,0.001,106.5371,0.038,1249.2998,0.0175,0.0192,0.0461,0.0182,146.4547,2.0666,0.0408,0.3887,0.0437,4.0441,24.2871,60.0743,55.5934,0.1968,3.1604,0.0314,1.2138,0.0675,0.0183,954.2884,580.3358250000001,2243.428,585.3819,0.14465,0.10255000000000002,0.2505,1.1035,0.0323,0.0253,0.1537,0.0449,0.1125,4.1373,0.115,5.9438,0.0577,1.9145,3.9535,17.601,0.3593,2.1534,3.0739,6.3113,18.8217,0.0259,0.0418,0.0281,0.0381,0.0173,0.0547,0.0231,0.0102,1.622,0.0145,0.0003,32.0989,0.0124,504.0827,0.0108,0.0068,55.3223,0.6917,0.0123,0.1462,0.0131,5.5066,1.1227,4.1167,5.4137,5.849,3.2122,69.965,45.1768,7.0768,47.4598,1.5562,1.2508,2.4066,4.0078,205.3052,219.9203,24.817950000000003,11.369775,7.932874999999999,5.0992,35.8566,49.2847,2.0964,0.4996,1.1828,0.761,0.6752,3.4174,7.2255,2.8428,15.7186,4.3225,2.0211,24.2959,2.4178500000000005,10.569,4.5481,114.0337,2.8657,36.4566,77.0063,282.5225,364.6701,128.7319,644.3603,112.9412,135.8173,91.2015,77.5737,2.3438,2.122,0.1019,5.9014,24.7224,0.0,117.8744,858.5366,9.838,1.9221,18.7392,0.24217499999999997,3.5701,6.047,1.8575,9.0242,73.26,23.42,1.63,10.5828,0.6168,88.3507,5.6924,2.2249,0.3638,0.1162,24.2141,10.29,0.0489,4.1759,0.023,3.8954,6.4671,533.9136,2.4527,9.27,0.4407,3.3384,0.1273,1.7362,17.9666,0.028074999999999996,5.606624999999998,0.0095,0.0184,192.2985
1.0,3002.85,2232.5889,1.67,104.1067,1.4518,0.0066,0.0151,198.8576,5.7237,403.9325,0.9735,189.4203,12.4827,1.4029,-2079.25,181.0,1.2722,1.9748,7.1235,60.2667,3.1667,0.2732,85.8965,9.2405,64.0502,66.4353,87.96645000000001,74.19,2.634,353.6709,156.6227,757.4377,1.0768,134.71,645.0036,194.1495,4.607,4.828,2875.0,0.934,18.5764,354.1645,9.7949,135.1991,10.6818,21.4236,30.0601,727.3776,144.9582,634.3218,25.993049999999982,-0.0594,0.0038,-0.0698,0.0209,0.0097,0.0,-0.0323,7.6683,0.1406,0.9896,1787.9799,0.191,8721.5101,0.0714,-0.0828,-0.0278,0.04,0.463,0.953,725.5646,0.9907,59.2637,0.5969,0.9642,6.3798,15.75,3.276,15.78,15.74,0.9082,0.5489,3.136,0.0,0.771,2.3592,1001.0291,86.0,213.7,164.1,60.5,245.0861,0.5144,0.0685,0.0399,0.0606,0.0187,12.1069,3.443,13.191,0.0122,0.42,0.0495,692.0,403.0,0.067,0.095,0.168,3.3,0.44,0.5928,0.1211,0.5421,0.4071,0.8008,0.602,0.1342,6.13,11.67,79.699,1.127,17.62,11.59,19.811,10.399,0.1134,0.0398,0.0383,0.057,0.0958,0.0619,0.1035,0.0489,3.6287,0.0399,0.0011,126.1464,0.0501,1081.2998,0.0244,0.0235,0.0385,0.0102,125.4066,2.664,0.0271,0.3617,0.06,3.3889,23.3035,73.4182,54.3442,0.1837,1.7272,0.0264,1.0697,0.127,0.0173,322.4101,73.4909,2187.4828,183.1375,0.0321,0.0416,0.0697,1.1192,0.035,0.1305,0.241,0.043,0.0372,4.4137,0.171,6.1942,0.0394,1.8027,3.6098,22.9007,0.3187,3.7869,5.368,6.1268,3.3325,0.0327,0.0163,0.0187,0.0269,0.0254,0.0282,0.0514,0.0232,1.1679,0.014,0.0004,35.9167,0.0126,334.6286,0.0056,0.0034,35.7912,0.769,0.0074,0.1335,0.021,5.4086,1.0643,3.8665,7.1166,6.5586,2.7099,14.2718,30.8039,4.7183,60.1531,3.2656,1.2543,3.3647,3.5298,221.0893,222.6519,5.2663,4.8107,2.3584,5.4757,25.2632,42.8223,13.2623,0.6901,1.3104,0.8464,0.6752,4.0772,7.202,2.9795,12.4659,4.5505,1.8093,41.0503,2.4178500000000005,11.506,5.7471,164.954,2.7236,26.6958,40.667,190.8087,40.4883,81.6619,458.5103,641.4508,0.0,151.3932,47.3208,2.4885,1.6536,0.1129,7.0552,26.214,0.0,65.2038,278.6517,8.3082,1.0703,17.284,0.1102,4.4952,5.6692,2.5433,8.8973,73.16,27.75,2.2725,10.3714,0.9803000000000002,135.32388127520446,6.729199999999999,3.0105500000000003,0.1692,0.0418,17.8215,6.395827455447413,0.15243255207306558,2.724429107221755,0.060075310805109305,2.4274813714388688,21.094240630144917,532.1818,2.2788,11.6,0.2934,4.1584,0.093,2.1797,12.8759,0.0093,1.8612,0.0364,0.0166,45.6835
1.0,3003.13,2171.9,1.3811,99.22,1.424,-0.008,0.0074,199.1319,5.5904,414.1055,0.9732,189.421,12.469,1.4152,-5583.25,-588.25,1.295,1.9972,7.2677,67.6333,2.5778,0.1731,85.324,9.6272,64.1596,66.2984,87.0383,65.55,4.682,360.4536,127.5782,725.3678,1.3525,142.7427,630.7745,216.5385,4.581,4.809,2894.0,0.9332,6.6636,354.6227,10.9597,94.2418,32.4018,33.3364,43.541,681.8268,149.5082,598.3727,73.701,-0.029,-0.0698,0.13335,0.0234,-0.0087,0.0032,0.021,7.6008,0.1349,0.9729,1761.9102,0.1514,8857.02,-0.029,-0.0214,0.0137,-0.0703,0.4549,0.9352,699.5907,0.9907,58.8617,0.6092,0.9641,6.2347,15.75,3.276,15.78,15.74,0.9082,0.5489,3.136,0.0,0.771,2.3592,1001.0291,118.0,189.7,164.3,44.8,169.5431,0.4018,0.1102,0.0492,0.0302,0.0233,12.4012,5.123,13.747,0.0121,0.45,0.0423,556.0,3536.0,0.18,0.034,0.137,1.9,0.486,0.357,0.1151,0.5534,0.2904,0.8667,0.624,0.1317,4.65,11.76,57.741,0.342,16.45,6.45,18.071,88.611,0.1645,0.10762500000000004,0.0328,0.15517499999999998,0.0819,0.0496,0.1231,0.05,4.1869,0.0437,0.0028,101.0912,0.0316,1160.7002,0.0187,0.0224,0.142929741063238,0.0167,126.4066,2.2887,0.0285,0.3668,0.06,3.3889,31.2321,68.4225,56.4517,0.1579,1.8979,0.036,1.8087,0.1432,0.0134,248.3967,212.4068,2950.4505,1679.6066,0.078,0.0153,0.0605,0.6819,0.0551,0.1651,0.1433,0.0484,0.0811,5.0305,0.1788,5.1967,0.0393,1.6364,3.5185,17.8067,0.1054,1.9027,2.3976,5.9623,26.7676,0.0446,0.047775,0.0155,0.06725,0.0248,0.0217,0.061,0.021,1.3814,0.0143,0.001,35.7538,0.01,367.1524,0.030154253845916208,0.0058,42.7772,0.6831,0.0093,0.1236,0.021,5.4086,1.0643,5.3852,6.3167,6.0531,2.0627,9.3573,29.0909,7.7387,91.6398,3.3197,1.2438,3.609,2.9904,109.2912,601.105,13.8996,1.7023,1.885,2.8093,34.9138,101.6688,14.3175,0.4184,1.1956,0.8625,0.1706,3.5428,5.6593,2.4821,9.7346,3.2576,1.8644,26.6655,5.4007,3.1205,7.8415,50.7689,2.6504,46.8326,120.2304,566.3869,105.7562,428.651,349.7198,573.4104,0.0,237.5297,55.0842,1.6311,1.8695,0.285,5.7376,20.858,204.333,44.8598,800.0,28.089792063513592,1.7873,18.0686,0.1262,3.8883,5.8837,2.5433,8.8973,80.588,15.93,1.44,6.6333,0.5656,85.1656,3.9831,1.7869,0.2173,0.0388,22.6253,4.04,0.1145,1.9797,0.0484,1.5339,17.9238,527.1709,2.3873,11.21,0.562,3.6972,0.1916,2.1264,23.5428,0.0119,2.3794,0.0058,0.0169,270.988
1.0,2973.86,2196.6555,1.2188,101.89,1.4544,-0.0052,-0.0003,198.2289,9.5221,403.3885,0.972,187.5112,12.469,1.3993,-3718.5,1500.25,1.1460249999999994,1.9012,6.655225,65.8,3.1444,0.2229,85.4579,8.6667,64.2122,66.0973,86.9255,36.3425,4.866,358.9764,124.9991,721.505,1.3362,147.7673,631.7427,214.7661,4.544,4.782,2910.0,0.933,26.7745,357.16,10.3983,111.7736,10.5591,13.2255,20.1161,701.3889,152.25,621.1836,72.1031,-0.0542,-0.0066,-0.0333,0.0577,0.0753,-0.0412,0.0171,7.0149,0.1418,0.9907,1832.1146,0.2036,8549.8,-0.0928,-0.0223,0.001,-0.1042,0.455,0.9471,738.6785,0.9907,57.9642,0.5964,0.9749,6.704525,15.79,3.609,15.85,15.8,0.9176,0.6274,3.565,0.6623,0.6956,2.3403,1012.1967,136.0,123.9,151.3,64.0999,480.957,0.1297,0.0525,0.08,0.0626,0.0203,4.0267,12.328,6.774,0.0123,0.45,0.0359,145.0,157.0,0.124,0.08,0.123,3.1,0.16,0.9365,0.132,0.4569,0.2885,0.8603,0.404,0.1392,6.32,9.41,40.839,0.284,13.62,9.01,24.0891,104.261,0.1249,0.0821,0.0713,0.0973,0.106,0.0947,0.0529,0.096,4.7209,0.0353,0.0006,63.5398,0.067,1460.8999,0.0308,0.0193,0.1085,0.0203,147.5352,2.9093,0.0273,0.3552,0.0699,2.3331,34.4617,48.7921,48.2584,0.0405,1.4215,0.0184,3.6773,0.1432,0.0121,79.3662,247.4448,361.1809,68.4513,0.051,0.0339,0.0555,0.8846,0.0196,0.0639,0.3615,0.0519,0.0767,4.422,0.1205,4.8639,0.0447,1.7369,2.742,12.7978,0.091,2.4717,3.5393,7.3148,29.4107,0.0371,0.0337,0.0335,0.0422,0.0317,0.0501,0.0231,0.0498,1.5485,0.0132,0.0002,18.7764,0.0193,457.432,0.0255,0.0068,43.9254,0.8653,0.0087,0.1253,0.0262,2.7696,0.8687,6.0503,4.1663,6.4137,2.9181,45.1098,10.6427,3.6098,129.4674,1.6793,1.261,3.609,2.5684,21.1913,10.4649,12.4561,4.2078,2.3334,4.7112,19.0813,25.1246,3.4017,1.0959,1.5234,0.7115,0.1857,4.1284,5.664,2.353,10.4207,4.277,1.4895,19.0156,4.8682,2.7312,3.4713,128.9886,3.4345,40.9515,144.5999,230.2835,194.4346,292.4117,183.7686,125.7636,128.3202,559.7668,67.2986,2.3187,1.4623,0.0569,3.4681,32.8879,0.0,68.7631,0.0,23.8527,2.1444,19.9729,0.1249,5.0191,5.2619,2.9848,6.3787,80.404,21.84,1.53,10.2357,0.7361,48.3734,5.4453,1.9029,0.3311,0.0895,32.8864,5.22,0.0543,2.0481,0.0234,1.9676,8.6607,535.0655,2.2935,8.1,0.1188,2.8442,0.0441,1.5138,5.1798,0.0128,2.5391,0.0199,0.0117,58.5665
1.0,2959.86,2208.0,1.5714,100.2478,1.468,0.0033,0.0018,196.7845,3.3456,419.7146,0.9787,188.7133,12.3376,1.3945,-952.75,1437.0,1.1460249999999994,1.8808,6.655225,63.9,3.2444,0.2213,84.5407,9.1638,64.2232,66.7256,87.96645000000001,74.21,2.963,365.1745,134.7691,740.0988,1.2782,140.8545,640.7982,204.4244,4.649,4.89,2870.0,0.9343,26.4509,364.0036,10.1474,121.22,8.3455,13.5491,16.2355,723.8633,147.2291,632.4527,169.69280000000003,-0.0068,0.0199,-0.055,0.0275,0.0519,-0.0023,0.0192,7.0874,0.1361,0.9636,1881.9657,0.1566,8564.08,-0.0803,0.0,0.1096,0.0716,0.4747,0.9444,743.4139,0.9906,59.0892,0.5956,0.9811,6.2337,15.72,3.937,15.77,15.74,1.097,0.656,3.085,-0.0473,0.7304,2.3497,1000.0948,73.0,184.5,95.8,51.7,846.8969,1.03,0.0971,0.0458,0.0476,0.0147,6.0277,5.295,16.435,0.0055,0.18,0.0253,574.0,138.0,0.138,0.097,0.083,4.6,0.172,0.5614,0.0776,0.6004,0.3236,0.6467,0.228,0.1241,3.84,15.5,57.751,0.322,17.84,3.55,24.366,37.836,0.0853,0.0746,0.0741,0.0892,0.0542,0.0753,0.0881,0.1179,4.4947,0.0436,0.0131,138.3851,0.0359,1086.2002,0.0177,0.0334,0.0543,0.0281,123.3745,4.5096,0.0246,0.3927,0.0831,3.72,19.4722,68.4336,38.9485,0.31855,2.955,0.0338,1.5064,0.0571,0.0078,243.0574,345.8902,4777.9626,57.4978,0.0567,0.0415,0.0384,1.3407,0.0254,0.051,0.2238,0.033,0.0915,4.8377,0.0726,6.6825,0.0345,1.0947,4.8146,19.443,0.0963,1.0708,1.1331,7.3017,10.2951,0.023,0.0307,0.0312,0.0386,0.0158,0.0322,0.0445,0.0522,1.6452,0.0142,0.0049,49.5449,0.012,396.2052,0.0148,0.0103,45.692,1.2621,0.0074,0.1337,0.0314,5.3196,1.2374,3.3281,6.2334,3.8456,2.3415,46.1277,66.341825,6.6146,158.2659,3.9158,0.5658,1.459,1.8114,0.0,9.6033,14.2268,5.1575,1.6739,7.1987,12.3288,37.9518,3.7453,0.6641,0.8463,0.9349,0.6752,4.1104,5.7432,3.0909,9.7109,2.7262,2.4189,28.2505,5.1235,3.1732,4.7764,213.7686,3.3661,7.2331,17.0223,0.0,240.0644,162.2556,197.0461,145.1566,0.0,612.4675,63.419,3.1587,1.7999,1.3638,7.3532,22.9395,0.0,98.0306,0.0,11.4453,2.9804,16.5957,0.106,7.6318,6.2993,3.5363,9.4854,81.316,18.15,1.68,8.3114,0.7505,47.0943,4.487,2.066,0.1631,0.0359,16.8093,4.59,0.25,1.8099,0.0903,1.873,33.1318,535.4327,2.3964,10.45,0.3497,3.559,0.1117,1.9517,14.5937,0.0138,2.763,0.014,0.018,128.2819
1.0,2964.77,2181.5111,1.3012,100.9333,1.4047,-0.008,0.0038,195.5249,11.7113,408.0994,0.9748,185.6482,12.5098,1.3982,-4438.25,1576.75,1.1460249999999994,1.8818,6.655225,69.0111,2.3111,0.1836,84.818,8.6309,64.2144,65.9697,86.7969,78.31,2.408,358.2536,152.1936,757.5634,1.079,136.8164,647.2636,221.8122,4.612,4.871,2889.0,0.933,-12.1527,363.4,9.9826,120.0409,23.1272,32.1527,42.2381,715.3253,140.6955,624.1364,116.9935,0.0222,-0.0128,-0.0629,-0.0111,-0.0117,-0.0208,-0.0232,7.4108,0.1302,0.9904,1802.995,0.2002,9209.45,0.0334,0.08,-0.0002,0.0178,0.45851305412203636,0.9501,786.0266,0.9907,58.974,0.598,0.9773,6.3543,15.83,3.925,15.81,15.77,1.097,0.6745,3.161,-0.0946,0.7598,2.3378,1012.6356,127.0,165.6,152.0,60.6001,377.64,0.0904,0.0947,0.0413,0.0354,0.0159,5.7957,13.812,11.782,0.0081,0.41,0.0443,582.0,53.0,0.083,0.069,0.181,3.2,0.103,0.9737,0.1305,0.5099,0.3314,0.8317,0.338,0.0866,6.48,20.22,56.252,0.824,15.99,6.63,19.918,105.003,0.0488,0.0471,0.0343,0.0595,0.0558,0.0498,0.0795,0.0694,3.4617,0.0338,0.0009,81.6494,0.0339,1166.2998,0.0142,0.0103,0.05332536463274301,0.0284,137.713,2.9257,0.0276,0.2933,0.0875,3.4688,31.3971,56.7401,56.7683,0.0285,2.0836,0.0298,4.499025,0.1137,0.0162,254.4884,207.906,1828.5727,23.7539,0.0367,0.0316,0.0924,1.1494,0.0213,0.0363,0.3588,0.0526,0.1081,4.4012,0.095,7.5104,0.0296,1.6939,5.5044,16.9551,0.241,1.7701,2.5996,6.241,35.3803,0.0132,0.02,0.0148,0.0257,0.0168,0.0227,0.0426,0.0326,1.1321,0.0113,0.0003,27.0638,0.0101,357.5263,0.012637013213771182,0.0087,43.1384,0.9903,0.009,0.101,0.0327,3.2576,1.1126,5.8347,5.5856,6.0211,2.7779,32.0827,6.9466,6.7415,117.9376,2.887,0.8327,3.2774,3.1675,91.2071,3.3613,8.4243,3.6668,3.5562,4.6369,56.25,38.1356,2.2187,1.148,1.5117,0.7941,0.3166,4.2958,4.192,3.2318,8.0268,4.7363,3.1239,25.3602,5.2467,8.2543,3.6321,69.1393,2.7845,22.4486,89.7512,219.5726,218.5615,94.6698,501.573,426.5525,383.1325,298.4946,46.711,1.6133,1.4054,0.0888,4.5285,16.9548,464.2254,141.0405,455.814,12.052001003577816,2.986,17.5201,0.0724,4.961,4.6153,3.7432,8.6702,81.354,21.11,1.44,9.2421,0.6358,83.5888,5.2717,1.77,0.5784,0.1201,57.5388,7.28,0.0691,2.6124,0.029,2.7772,10.4638,536.0109,2.2047,6.11,0.3094,1.9061,0.0838,1.1399,14.0347,0.0155,3.1012,0.014,0.018,128.2819
1.0,2889.26,2184.8778,1.016,102.5333,1.5285,-0.0073,0.0003,197.595,4.4969,410.5465,0.9631,188.1796,12.5102,1.3969,-3759.75,-831.5,1.28,1.9977,7.2737,70.1889,1.8222,0.1788,84.87,9.4832,64.23,66.4374,87.3382,65.34,3.102,350.0027,145.0791,740.3189,1.2028,141.0573,636.1391,228.2032,4.595,4.879,2827.0,0.9334,2.5827,350.7109,10.7566,107.6618,31.4,37.4173,48.12,692.1989,146.3664,604.7391,108.4071,-0.0121,-0.0046,-0.0054,0.0307,-0.0796,-0.0581,0.0084,7.1087,0.1274,0.9854,1791.5292,0.2019,8513.0,0.0666,-0.027,-0.0592,-0.0654,0.47,0.9495,738.8106,0.9901,57.9178,0.6016,0.9708,6.1391,15.76,3.093,15.77,15.8,0.8893,0.606,3.423,0.1419,0.8434,2.3997,1004.8728,127.0,107.2,74.7,76.7,558.185,0.4409,0.1091,0.0358,0.0233,0.0162,4.1476,4.712,24.113,0.0151,0.6,0.0859,820.0,1790.0,0.15,0.136,0.12,3.1,0.599,0.6371,0.1478,0.5819,0.3782,0.9871,0.361,0.0541,8.27,18.11,71.412,0.26,12.11,8.9,23.794,59.247,0.1519,0.0401,0.0565,0.1308,0.0695,0.1047,0.049,0.0649,4.6847,0.0799,0.0029,94.5033,0.0487,1071.6001,0.0182,0.0218,0.1309,0.0225,130.9623,3.0988,0.025,0.4214,0.0993,4.2332,31.3971,34.6472,25.0115,0.153,2.1479,0.0391,1.7437,0.1539,0.0272,359.4694,161.1653,609.3797,746.7934,0.0736,0.0632,0.0507,0.9307,0.0917,0.1725,0.2501,0.0613,0.1104,5.2221,0.0999,10.3893,0.0204,2.4886,6.2002,18.179,0.0891,2.4386,2.5395,8.2586,19.7701,0.0404,0.0183,0.0267,0.0591,0.0217,0.0542,0.0211,0.0269,1.7006,0.0257,0.0009,28.274,0.0166,306.6656,0.0171,0.0085,38.6256,0.8424,0.0079,0.1448,0.0386,6.1702,1.2397,5.8347,3.7103,2.9535,3.5105,58.0929,43.3916,7.1378,104.7831,5.8734,1.5684,4.7961,6.1523,37.8749,215.2736,11.7188,6.8077,1.6498,4.4167,120.97437500000001,141.12735000000004,17.3774,0.7507,1.5588,0.906,0.1937,4.4314,6.3414,4.5386,4.4981,5.8629,2.8469,31.2932,7.7588,2.4171,6.8455,38.5669,3.4375,4.9742,54.6523,0.0,141.1972,0.0,226.1082,131.6153,84.41,772.619,65.9004,1.2557,3.2523,0.2913,5.275,24.1391,0.0,111.7043,800.0,27.8511,2.3722,17.7261,0.0453,5.3504,6.8647,4.1391,11.4437,81.476,19.71,1.75,8.9499,0.8339,39.0201,4.8933,2.1479,0.3311,0.0895,32.8864,3.36,0.1453,1.5174,0.0555,1.2908,21.2832,531.7309,2.3944,9.84,0.2547,3.6718,0.091,1.8506,10.6375,0.0159,3.1548,0.0419,0.0098,23.3511
1.0,3041.56,2184.8778,1.016,102.5333,1.5473,-0.0128,0.0032,200.0665,4.8999,409.967,0.9601,190.1566,12.5102,1.4118,-1609.5,1893.5,1.2875,1.9905,7.238,69.3222,1.9333,0.1394,84.87,9.4832,64.23,66.4374,87.3382,65.34,3.102,351.1755,143.7655,738.9797,1.2131,140.8873,635.8282,239.4934,4.595,4.879,2827.0,0.9334,4.4282,351.6009,10.7294,108.1936,29.8373,35.5718,45.5115,693.4682,146.1964,605.9909,107.3965,-0.0034,-0.013,-0.0143,0.0523,0.1063,-0.061900000000000004,0.0252,7.5202,0.1386,0.9698,1765.5097,0.1553,7929.63,-0.17427499999999999,0.0037,-0.0134,-0.24905000000000002,0.4717,0.927,665.0964,0.9903,59.6106,0.6021,0.97,6.1745,15.73,3.18,15.78,15.77,0.9271,0.5815,3.425,0.0,0.8764,2.4244,1014.2878,93.0,80.0,69.3,76.7,558.185,0.4409,0.1232,0.0403,0.0416,0.0282,9.9605,5.39,14.411,0.0204,0.6,0.0374,2200.0,14224.0,0.094,0.072,0.387,3.6,0.406,0.6371,0.1478,0.5819,0.3782,0.9871,0.459,0.1378,3.99,18.8,56.562,0.334,14.64,6.64,26.006,58.611,0.1209,0.0385,0.0291,0.1051,0.0831,0.0582,0.061,0.0597,4.0532,0.0893,0.0057,148.5872,0.0474,826.2998,0.04325000000000001,0.0147,0.0264,0.0227,79.0819,2.4962,0.0211,0.4414,0.1179,3.0933,25.045,28.2396,23.4079,0.153,2.1479,0.0339,1.94,0.1539,0.0125,954.2884,580.3358250000001,2547.2565,6631.5799,0.0414,0.0339,0.1594,1.1787,0.0434,0.1372,0.2501,0.0613,0.1104,4.5434,0.1368,10.2472,0.0399,1.1884,6.2264,16.1358,0.117,1.9124,1.8143,8.7986,19.7316,0.0335,0.0172,0.0133,0.0525,0.0259,0.026,0.0266,0.0254,1.3615,0.0282,0.002,51.6383,0.012,269.0478,0.0055,0.0081,25.4376,0.8357,0.0067,0.1463,0.042,3.1434,0.8555,4.1278,2.6302,2.7625,3.5105,58.0929,43.3916,7.9623,110.002,3.5152,2.1285,4.7961,2.6498,294.203525,751.2015,7.301,3.6172,5.3468,5.1931,41.3793,79.6016,12.2179,0.7507,1.5588,0.906,0.1937,4.1404,6.7819,4.4012,11.3623,2.832,2.9568,23.6174,7.7588,3.1129,6.5993,49.0661,3.7501,12.5394,54.5744,0.0,52.4166,583.1871000000001,158.929,54.7378,79.6865,236.67,53.8977,2.0929,3.7252,0.5894,8.4161,30.5317,0.0,74.1021,0.0,5.6021,2.4539,11.8903,0.0971,4.1875,7.1481,4.8629,8.5745,74.302,20.16,1.26,9.1316,0.4789,37.3616,4.9712,1.6958,0.7942,0.1527,82.0961,6.659483351256967,0.17131465596558212,2.593250221038087,0.06857844126712895,2.51208100770376,21.489670631072393,530.9354,2.5619,7.69,0.1731,2.6177,0.0665,1.4484,6.7554,0.028074999999999996,5.606624999999998,0.0419,0.0098,23.3511
1.0,3058.89,2221.9444,1.5296,99.2678,1.4068,0.0057,0.0033,198.6727,13.2758,408.0131,0.9736,189.1198,12.5506,1.4222,-2617.75,-6087.0,1.2483,1.9855,7.1288,62.7889,2.5556,0.2173,85.7375,9.0998,64.0107,66.6946,87.96645000000001,36.3425,5.31,360.3618,140.6082,748.1764,1.3021,145.3473,646.3173,213.973,4.569,4.841,2868.0,0.9163,4.9745,358.7136,10.9302,105.5827,32.0718,35.0255,46.6654,701.511,149.9491,614.2455,115.0276,-0.0084,0.0173,-0.0886,0.0244,0.0755,-0.0084,-0.0052,6.4707,0.1299,0.988,1767.801,0.2031,8641.0299,0.0999,0.0409,-0.0343,-0.0526,0.4577,0.9432,664.1478,0.9898,60.9465,0.5972,0.9627,6.4367,15.74,2.723,15.75,15.73,0.9744,0.5065,3.531,0.7569,0.83,2.4067,1005.8207,85.0,74.7,89.9,59.5,326.111,0.3041,0.0667,0.032,0.0351,0.0068,9.1109,12.747,11.771,0.0065,0.36,0.0482,656.0,9735.0,0.151,0.092,0.101,4.2,0.479,0.9046,0.0954,0.6261,0.3587,0.7054,0.376,0.1142,4.47,23.58,40.022,0.36,20.86,7.29,27.349,66.324,0.1085,0.0638,0.0339,0.057,0.1066,0.0412,0.0948,0.034,3.8807,0.0362,0.0023,127.6479,0.0275,924.7002,0.0191,0.0099,0.1286,0.057,91.3987,2.2887,0.0313,0.3608,0.1069,2.129,26.6401,27.6842,25.6734,0.099,1.4077,0.0273,3.6485,0.0947,0.0155,283.9413,261.0139,1129.4764,4242.4646,0.0693,0.0421,0.0461,1.2762,0.0226,0.1372,0.3349,0.0405,0.0703,6.13,0.1092,10.7788,0.034,1.5004,7.5469,13.8555,0.1011,2.2651,2.7966,8.1859,21.6571,0.0344,0.0266,0.0159,0.0255,0.0315,0.0175,0.049,0.015,1.309,0.0139,0.0007,38.8656,0.0114,275.9559,0.022,0.0166,27.1311,0.6359,0.0098,0.1298,0.0386,5.8848,0.7013,3.8406,2.4421,3.5897,2.6778,21.0164,19.8827,4.7412,96.0167,2.885,0.663,2.8684,3.3862,100.277,138.7345,12.0969,4.6336,1.4168,6.6891,23.4783,27.6074,14.0597,1.0551,1.0486,0.9781,0.6752,4.6176,8.1148,4.7445,8.7738,3.0754,3.6484,18.7042,6.5742,3.2936,7.094,65.0414,3.8986,14.6159,57.6592,0.0,193.4799,64.3704,436.3264,54.5876,0.0,650.7177,59.973,1.6936,1.505,0.2369,7.2207,13.5408,716.7421,65.996,381.8182,28.089792063513592,6.0411,13.7618,0.1074,3.7553,5.6054,4.443,5.7516,74.11,21.52,1.51,9.518,0.5768,59.303,5.3419,2.0375,0.1927,0.0444,20.6779,2.99,0.1531,1.1533,0.0742,1.2268,21.5469,536.36,2.2707,10.12,0.2024,3.4818,0.0552,1.8868,8.912,0.028074999999999996,5.606624999999998,-0.0012,0.022,0.0
1.0,2928.03,2221.9444,1.5296,99.2678,1.4494,-0.0013,0.0042,201.4312,4.4757,414.649,0.9673,191.5444,12.5037,1.41,-3309.3333,-2283.75,1.275,1.9697,7.0448,63.7889,2.5444,0.1986,85.7375,9.0998,64.0107,66.6946,87.96645000000001,36.3425,5.31,358.9591,140.4891,746.5078,1.2928,145.2345,644.6827,200.3328,4.574,4.795,2878.0,0.9188,27.4136,358.6082,10.0919,127.9027,12.9837,12.5864,19.9389,726.5689,147.1009,633.6118,69.8397,-0.0251,-0.0898,-0.0366,0.0335,0.0757,-0.0192,-0.009,7.3203,0.1358,0.9663,1843.7237,0.1598,8611.2201,-0.0067,0.0121,0.1128,-0.0149,0.4647,0.951,757.6615,0.9905,59.149,0.5861,0.9786,6.2851,15.73,3.18,15.78,15.77,0.9271,0.5815,3.425,0.0,0.8764,2.4244,1014.2878,61.0,210.2,164.2,59.5,326.111,0.3041,0.087,0.0461,0.0351,0.0229,8.4696,3.786,21.184,0.0176,0.52,0.052,410.0,2601.0,0.17,0.12,0.316,3.3,0.671,0.9046,0.0954,0.6261,0.3587,0.7054,0.723,0.1663,11.64,23.86,50.11,1.211,24.1,5.93,36.95,100.04,0.1178,0.0438,0.0472,0.0469,0.0846,0.0637,0.1064,0.0595,3.2549,0.0437,0.0064,87.8372,0.052,872.3994,0.0174,0.0208,0.0343,0.0122,89.7316,4.551,0.0318,0.3924,0.1179,3.0933,15.9558,72.8116,59.0982,0.099,1.4077,0.0302,1.2763,0.153,0.0167,181.9586,259.3548,71.0657,1151.2273,0.079,0.0493,0.1608,1.1185,0.0627,0.2046,0.3349,0.0405,0.0703,6.987,0.2039,11.3803,0.0455,3.2284,7.559,17.0481,0.39,1.6624,2.6499,10.5465,32.7984,0.0329,0.0196,0.0218,0.0221,0.0245,0.0294,0.049,0.0244,1.1442,0.0143,0.0023,27.2835,0.0158,228.7502,0.0061,0.004,26.1474,1.2834,0.0092,0.131,0.042,3.1434,0.8555,2.8234,7.1789,6.5758,2.6778,21.0164,19.8827,6.0023,84.5896,5.1089,1.8153,4.1588,3.6902,4.2607,113.8916,13.3333,6.0921,4.4856,5.1733,90.393,104.2529,20.6688,1.0551,1.0486,0.9781,0.6752,6.4966,8.9117,5.1457,12.8639,8.0146,3.701,25.0134,5.2947,11.9997,8.8348,185.6174,5.0855,56.03874999999999,143.2423,469.4396,125.3219,128.2297,252.4431,84.1758,553.446,661.1111,44.4645,1.546,1.8695,0.6654,4.7641,32.5247,959.0778,77.6903,0.0,7.3813,1.2787,11.8432,0.1141,7.6941,6.243,4.8629,8.5745,81.724,23.16,1.88,10.2848,0.7354,87.2661,5.6939,2.3004,0.4962,0.0792,51.1223,6.59,0.1812,2.7987,0.0737,2.5235,27.4253,536.0336,2.2646,7.3701,0.366,2.592,0.1074,1.3749,16.1636,0.0203,4.046,0.0077,0.0204,264.7525
1.0,2936.64,2221.9444,1.5296,99.2678,1.51,-0.0174,0.008,200.3313,4.7401,428.7618,0.9698,191.0186,12.548,1.4201,-937.25,125.75,1.1460249999999994,1.8536500000000005,6.655225,61.3333,2.3222,0.2123,85.0922,9.2007,64.2199,66.505,87.96645000000001,74.57,1.946,356.6718,148.2945,749.0804,0.9514,133.2645,638.2309,66.8028,4.589,4.857,2880.0,0.9341,12.8982,363.3164,9.6744,121.1927,10.8136,27.1018,34.6022,714.4782,142.9082,627.4173,78.4583,-0.0153,0.0324,-0.0557,0.06,0.0195,-0.0398,-0.018,7.3674,0.1253,0.9905,1859.3656,0.1519,8538.2901,-0.0463,0.0102,0.11,0.0195,0.4663,0.9425,744.9208,0.9904,59.1221,0.58,0.9705,6.2071,15.75,3.51,15.78,15.79,0.9933,0.6278,3.287,0.2365,0.8374,2.3954,1003.8518,93.0,170.5,171.6,59.5,326.111,0.3041,0.125,0.0365,0.0293,0.0091,8.2702,5.776,13.117,0.0086,0.2,0.0351,2200.0,503.0,0.31125,0.22575,0.5395000000000001,3.2,0.067,0.5969,0.1513,0.5896,0.3715,0.8207,0.538,0.1811,9.48,24.53,31.94,1.098,14.16,5.98,21.183,104.524,0.1193,0.1029,0.0434,0.0698,0.0748,0.0342,0.0632,0.0375,3.8328,0.0385,0.0005,108.5968,0.0348,1591.7002,0.0175,0.0237,0.0265,0.0199,173.89,4.4628,0.0378,0.3935,0.1079,3.2025,25.9567,70.8351,61.5839,0.099,1.4077,0.0474,1.8402,0.0572,0.0123,954.2884,580.3358250000001,1874.5,251.5,0.14465,0.10255000000000002,0.2505,1.1948,0.0328,0.0252,0.2118,0.058,0.0694,5.4567,0.194,7.0527,0.0637,2.7153,6.4163,10.8059,0.3819,1.5679,2.0838,6.1319,32.363,0.0341,0.0424,0.0181,0.0316,0.0216,0.0169,0.026,0.0163,1.3487,0.0154,0.0002,32.999,0.0105,567.2815,0.006,0.0077,58.9857,1.259,0.0101,0.1301,0.04,5.5788,1.2482,4.3078,5.806,6.8376,2.6778,21.0164,19.8827,8.2781,121.8542,3.0593,0.8833,1.5939,2.471,294.203525,400.0,24.817950000000003,11.369775,7.932874999999999,5.2174,55.9809,45.2119,1.9175,0.7015,1.6445,0.9181,0.6748,4.9009,4.8147,3.1981,19.0372,7.1137,3.8434,47.8124,5.1071,11.3496,8.111,130.9457,2.9648,43.263,133.2224,779.102,161.9197,125.3142,124.7056,175.1601,158.6943,208.3333,52.023,2.2342,1.6059,0.0479,5.8405,22.9276,399.5785,74.6667,0.0,5.684,2.111,23.3434,0.0852,7.5485,6.3394,4.5063,8.5967,76.834,25.14,1.5,11.6094,0.6068,77.6952,6.1752,1.9523,0.7094,0.2077,69.6312,7.17,0.2284,2.8432,0.1062,2.9485,30.3087,532.0545,2.538,9.38,0.4371,3.5158,0.1218,1.763,17.2239,0.0139,2.7935,0.0158,0.0186,118.2289
1.0,3074.69,2221.9444,1.5296,99.2678,1.4746,-0.011,0.0285,201.0161,5.1672,417.2615,0.9718,191.5589,12.548,1.4143,-6684.6875,-6083.25,1.2592,2.0057,7.0812,64.1333,2.7222,0.2196,85.6626,9.1502,64.1871,66.6125,87.96645000000001,72.29,3.958,357.3218,148.1245,749.6201,0.9257,134.6209,640.0673,72.4651,4.589,4.857,2880.0,0.9341,12.3073,361.7682,9.9619,120.4318,13.2064,27.6927,34.9855,714.6346,144.6609,626.8609,82.3511,-0.0137,0.0023,-0.103,0.0232,-0.0442,-0.0177,0.0064,7.4638,0.1365,0.9847,1829.0059,0.1837,8932.8999,0.0654,-0.0288,-0.026,-0.1094,0.4679,0.9482,744.4078,0.9905,59.0127,0.5975,0.9796,6.1941,15.76,3.093,15.77,15.8,0.8893,0.606,3.423,0.1419,0.8434,2.3997,1004.8728,90.0,74.6,102.5,59.5,326.111,0.3041,0.076,0.0475,0.09185000000000001,0.0087,8.4912,2.932,19.383,0.0077,0.2,0.038,275.0,16855.0,0.14,0.123,0.202,3.3,0.264,0.6135,0.0636,0.4658,0.2945,0.7314,0.533,0.1684,11.24,17.18,30.463,0.933,22.81,8.0,23.105,49.938,0.123,0.0515,0.0311,0.0341,0.066,0.11,0.112,0.0487,4.1614,0.0432,0.0042,164.0906,0.0205,1169.5,0.0277,0.0141,0.0592,0.0419,104.4417,4.6582,0.0247,0.4662,0.0993,4.2332,27.5907,27.3041,31.3388,0.099,1.4077,0.0249,1.0439,0.0572,0.0134,112.9926,170.5696,2610.2404,7927.3992,0.0587,0.0536,0.0838,1.0356,0.0287,0.0987,0.2261,0.0244,0.0427,5.5162,0.1679,7.3807,0.0499,3.6771,4.8472,8.7353,0.2546,2.454,2.5729,6.9874,19.4009,0.0305,0.0237,0.0147,0.0157,0.0222,0.0481,0.0535,0.0218,1.2428,0.0169,0.0013,53.9414,0.0069,329.6399,0.0096,0.0128,30.0787,1.2911,0.0087,0.1576,0.0386,6.1702,1.2397,4.0794,2.4263,4.2856,2.6778,21.0164,19.8827,5.1541,56.7427,4.6453,0.7944,1.5939,2.6855,77.6204,277.0723,11.1177,6.1324,2.8526,5.1455,40.4082,41.9028,7.9978,0.7162,0.6953,0.7257,0.6752,4.9507,5.8127,3.3538,18.1904,8.3494,2.6841,42.0382,5.1071,9.3657,4.5669,172.7193,3.2331,22.4882,60.6404,894.9523,140.7104,33.0988,284.0237,248.7281,630.9859,760.9375,55.7545,2.1985,1.7835,0.4271,8.9716,11.15,550.2439,123.5443,851.6129,12.6467,4.4161,14.0302,0.1153,7.8936,7.5259,4.1391,11.4437,78.44860601218903,17.147860089964492,1.3046250629538145,7.88599145124921,0.5298184389061933,60.964310744463056,4.237135158721939,1.636087951907269,0.5777,0.0863,59.3942,10.48,0.1674,3.8235,0.0632,4.2866,23.9308,532.4191,2.3255,12.41,0.389,4.21,0.1279,2.3309,16.7292,0.0154,3.085,0.0104,0.0221,211.6182
1.0,2938.03,2138.8778,1.2559,103.34,1.4701,-0.0056,0.0107,200.7632,6.1867,421.2201,0.977,190.8119,12.5849,1.4054,-3287.6667,1410.5,1.1460249999999994,1.8827,6.655225,63.1333,3.2222,0.215,85.2575,9.094,64.235,66.6677,87.96645000000001,36.3425,4.839,359.4255,129.0055,723.7822,0.9401,136.2964,624.7273,69.5736,4.581,4.809,2894.0,0.9332,21.7573,356.8064,10.4915,110.7627,13.1337,18.2427,21.8247,701.9575,144.0245,611.5936,61.1503,-0.0203,0.014,-0.0118,0.008,0.1006,-0.0192,0.0331,7.1572,0.1348,0.9879,1836.552,0.2079,8438.2601,0.0333,0.1423,0.0018,-0.0055,0.4555,0.9359,705.2311,0.9905,59.0053,0.5888,0.9676,6.1781,15.76,3.093,15.77,15.8,0.8893,0.606,3.423,0.1419,0.8434,2.3997,1004.8728,80.0,124.3,143.1,54.5,353.903,0.1767,0.124,0.0412,0.0468,0.0075,8.3001,7.531,15.227,0.0058,0.28,0.0344,1661.0,100.0,0.09,0.101,0.031,4.7,0.1,0.6491,0.1001,0.5695,0.4025,0.6695,0.69,0.1764,7.74,10.43,40.203,0.322,17.36,7.79,21.978,31.604,0.0445,0.0653,0.0446,0.1028,0.0354,0.0558,0.0616,0.0847,2.7076,0.0738,0.0022,182.1221,0.1053,502.3994,0.0121,0.0128,0.0829,0.0392,55.2815,4.7405,0.0323,0.4139,0.0993,4.2332,21.2352,49.0532,53.6717,0.0574,1.9688,0.0375,2.0953,0.0814,0.0111,790.6033,238.9742,1064.6569,42.9379,0.039,0.0445,0.0128,1.2923,0.0294,0.0379,0.2391,0.0369,0.0519,5.5,0.2223,4.4664,0.0523,2.0383,3.3505,11.9689,0.1192,2.2036,2.4938,6.326,9.3618,0.011,0.0305,0.0192,0.0437,0.0093,0.0229,0.0312,0.0426,0.8459,0.0235,0.0007,54.2373,0.031975,163.7842,0.02,0.014,18.245,1.3044,0.0129,0.1346,0.0386,6.1702,1.2397,3.6495,4.2307,5.7681,2.5481,33.8144,14.0706,8.4348,121.7283,3.615,0.5923,2.2249,2.4499,57.3659,7.0897,9.3946,5.3645,0.6279,7.4446,24.8276,44.186,2.1763,0.7613,1.1012,0.8866,0.6752,4.6713,6.5424,2.2584,18.7675,5.6788,1.6695,57.7848,5.4007,3.0692,3.1599,132.1795,3.131,9.6725,51.6825,219.1444,199.6942,583.1871000000001,442.5,55.4948,320.0,255.6981,37.8306,2.2255,3.0647,0.2273,9.9165,59.2798,952.5581,171.1628,245.7516,18.2085,4.193,7.8388,0.112,8.0341,6.6988,4.1391,11.4437,73.582,22.27,1.3,11.1961,0.54,66.4235,5.4557,1.7667,0.7933,0.1494,84.391,3.1,0.1832,1.2537,0.0745,1.2795,23.3691,535.6864,1.908,10.25,0.1837,3.6083,0.0513,1.9134,9.6275,0.0112,2.2701,0.0104,0.0221,211.6182
1.0,3038.21,2273.7556,1.4105,105.0467,1.3666,-0.0154,0.0047,198.4092,14.1879,426.1956,0.9678,188.3863,12.6063,1.3956,-5585.0,1369.0,1.1460249999999994,1.8875,6.655225,70.9778,2.3111,0.1493,85.482,9.3998,64.2033,66.3747,87.2029,65.12,2.939,351.6955,138.7636,726.0449,0.9465,131.1364,621.5955,53.1335,4.592,4.834,2835.0,0.9348,25.5282,348.7482,10.1691,124.2918,10.2433,14.4718,18.5633,707.4816,140.7909,613.8309,107.5406,-0.0153,-0.0157,-0.0752,0.0009,-0.1013,-0.0178,-0.0558,7.5128,0.1307,0.9894,1795.1792,0.1874,8037.17,0.0596,0.0028,-0.0286,0.1142,0.4673,0.9599,656.0378,0.9901,56.1472,0.5929,0.9767,6.351,15.88,3.024,15.91,15.91,0.8987,0.5233,3.276,0.0,0.8123,2.366,1014.2044,110.0,55.4,137.7,89.59945000000002,136.066,0.4069,0.0679,0.0415,0.0443,0.0264,12.6565,9.745,11.587,0.0173,0.59,0.0666,438.0,57.0,0.13,0.086,0.161,3.9,0.17,0.5095,0.1872,0.5517,0.3155,0.8867,0.802,0.1909,10.89,14.55,31.056,0.422,17.67,6.3,36.726,55.285,0.0968,0.0581,0.0495,0.0599,0.0587,0.0671,0.084,0.0501,3.8877,0.0826,0.0021,156.2135,0.0719,1006.2002,0.0158,0.0131,0.0801,0.0074,77.9276,1.9267,0.0187,0.4353,0.0932,3.3912,30.6953,20.6508,42.3555,0.1272,2.027,0.0237,2.5709,0.1692,0.0259,201.0133,332.6029,3206.8469,25.6515,0.0547,0.037,0.0718,1.1256,0.0286,0.0567,0.1989,0.0786,0.0872,5.0178,0.2136,9.3491,0.0568,3.1794,4.8607,7.9414,0.1501,1.7481,2.4673,11.3063,19.9741,0.0232,0.0238,0.0213,0.025,0.0174,0.0353,0.0448,0.0231,1.3484,0.0254,0.0006,48.6883,0.0229,344.5932,0.0126,0.0027,23.7367,0.6217,0.0069,0.1509,0.0347,3.5452,1.0632,4.9735,1.8234,5.4603,3.9666750000000004,8.7794,28.8464,4.9684,68.6852,2.7187,1.7835,4.6802,4.7715,129.6509,4.1636,13.4194,4.5563,3.1693,5.4947,25.9615,61.6071,3.6749,0.596,1.9916,0.8593,0.1327,4.248,6.63,4.3894,20.1661,8.3043,2.3408,58.449,6.1587,4.1498,9.1478,172.5034,5.1911,15.8452,51.4085,631.3901,127.2031,79.6278,0.0,66.2226,473.2394,89.7447,51.748,2.6005,3.4666,0.2114,8.7018,38.38,0.0,65.3061,0.0,17.149,0.7736,11.8785,0.0424,3.4315,6.8548,3.9396,8.9504,73.84,11.72,1.45,5.3751,0.5947,59.7293,2.8368,1.9637,0.4844,0.118,39.2586,7.25,0.0836,2.9035,0.0376,2.7683,12.2133,531.9191,1.757,8.45,0.2756,3.0961,0.074,1.5886,15.6838,0.0126,2.5302,0.0279,0.0123,44.1754
1.0,3037.49,2205.2889,1.2733,98.8056,1.3605,0.0125,-0.0034,199.7563,6.8695,396.9662,0.961,189.4059,12.3741,1.4036,-4709.25,-2523.5,1.2825,1.9655,7.3855,69.0667,2.4,0.2109,84.3232,8.5218,64.2803,66.1861,87.0459,78.42,3.645,355.7327,140.5945,737.2861,1.292,135.7709,632.0982,174.1437,4.616,4.845,2845.0,0.9315,20.8336,356.8482,9.9218,121.4282,13.8522,19.1664,27.9009,709.3852,141.6909,619.9673,71.0513,-0.0359,-0.0155,-0.0482,0.0385,-0.093,-0.029,0.0641,6.786,0.1318,0.9874,1801.128,0.1927,8745.81,0.033,0.0186,-0.0152,0.0432,0.4689,0.9671,746.2591,0.9905,59.6121,0.5858,0.9678,6.3231,15.94,2.992,15.97,15.96,1.187,0.5126,3.345,0.5677,0.838,2.3646,1012.1633,80.0,68.7,163.9,58.3,468.7301,0.5377,0.0522,0.0625,0.0425,0.0223,4.8596,3.482,8.915,0.0198,0.57,0.0422,2017.0,6857.0,0.228,0.066,0.233,1.3,0.446,0.8705,0.1031,0.5282,0.3729,0.8096,0.539,0.1709,7.57,20.56,45.544,0.999,14.54,5.18,34.156,100.343,0.0794,0.0683,0.0308,0.0771,0.0713,0.081,0.082,0.0955,4.1052,0.0444,0.0042,132.916,0.0294,1631.0996,0.0103,0.0105,0.0769,0.0183,159.6516,2.1871,0.060025000000000016,0.4905,0.0963,2.866,20.7374,28.2032,46.8474,0.1775,2.2417,0.0222,1.3234,0.1626,0.0157,954.2884,260.7016,1515.4571,3267.0697,0.0983,0.0349,0.1226,0.3808,0.0654,0.1482,0.3146,0.0448,0.1021,5.3134,0.1489,9.5862,0.0526,2.6756,5.7026,15.5202,0.3755,1.615,2.8779,10.1162,32.8141,0.025,0.0292,0.0132,0.0359,0.0245,0.0401,0.0439,0.0473,1.3247,0.0159,0.0013,42.7792,0.0102,550.0035,0.0112,0.0065,53.7866,0.7658,0.0179,0.1513,0.0348,3.5528,0.9957,3.5984,2.2617,6.6542,2.6436,28.751,42.23,3.8368,50.6875,2.2458,2.0553,4.6064,3.0052,71.3489,271.7258,17.7778,3.3579,3.1548,1.8822,58.3333,91.0432,13.089,1.0323,1.2102,0.8217,0.243,5.1331,6.821,4.3428,13.2278,5.5756,3.2527,26.1531,5.9115,10.0687,6.6788,104.9653,4.8149,35.3189,141.2262,221.247,282.8157,159.9585,185.1347,87.0968,282.5151,148.8698,60.4955,1.7448,1.8022,0.4257,7.3796,15.2802,0.0,98.9474,0.0,16.3993,1.888,21.3936,0.0727,3.6688,7.757,4.0715,8.0982,77.1,24.0,0.57,10.6023,0.2603,59.1938,5.8603,0.7393,0.1898,0.0391,19.874,6.363969114757711,0.16115542788129064,2.519596479932912,0.06833429913028558,2.429117723047974,22.052355068381377,533.8327,1.5604,9.28,0.2225,3.3426,0.0623,1.7384,14.2564,0.0201,4.0334,0.044,0.0133,30.2219
1.0,2940.65,2214.0556,1.3772,102.9389,1.4978,0.0221,-0.0055,201.9724,7.7634,410.5165,0.9803,191.6082,12.4578,1.3924,-5078.5,783.75,1.3348,1.9835,7.3065,61.5778,3.1556,0.2334,86.3416,9.219,64.0969,65.8265,86.336,77.9,2.163,364.1273,140.2436,747.4044,1.239,141.7336,646.1045,201.7344,4.561,4.767,2897.0,0.9266,0.7582,363.3782,10.2557,121.0018,17.7409,19.2418,28.0488,719.3555,143.9836,628.3636,100.6331,0.0169,-0.0219,-0.0747,0.0147,-0.0985,-0.0169,-0.0357,7.1093,0.1288,0.9904,1844.4508,0.1604,8340.3199,-0.0438,0.0288,0.0291,-0.0232,0.4686,0.9423,728.1562,0.9909,58.4142,0.5969,0.9781,6.2949,15.77,2.632,15.83,15.83,0.9744,0.4541,3.341,0.7569,0.823,2.3834,1011.6333,148.0,105.7,120.65533197722706,48.5999,378.13,0.1789,0.1373,0.0501,0.0516,0.0087,7.0638,5.004,13.084,0.0044,0.3,0.0329,958.0,716.0,0.241,0.172,0.473,1.3,0.341,0.7865,0.1347,0.5479,0.3375,0.7062,0.57,0.2052,7.02,7.74,57.628,0.611,13.27,7.26,20.864,91.444,0.0917,0.0356,0.0364,0.0758,0.0749,0.1135,0.0862,0.062,2.4393,0.073,0.0004,91.7754,0.0294,1358.2998,0.0112,0.0203,0.0413,0.0305,108.0401,2.4242,0.0448,0.6271,0.0795,2.7454,26.2466,33.0717,38.596033100493464,0.0568,1.8472,0.0414,1.5159,0.0755,0.0106,397.4455,118.317,1907.1047,336.6307,0.1146,0.0755,0.1975,0.5286,0.0506,0.1327,0.2922,0.049,0.0687,5.6836,0.1712,4.5966,0.0586,1.7857,2.3346,15.2324,0.2056,2.2152,3.3317,6.6205,29.0455,0.0273,0.0168,0.0153,0.0312,0.0236,0.0586,0.0423,0.0289,0.8269,0.0251,0.0001,30.787,0.0086,450.0402,0.0078,0.0106,39.8244,0.6498,0.0135,0.2015,0.0286,4.5224,1.1,6.6371,3.5944,4.866727736304172,2.1951,32.8587,12.9901,9.1669,64.4566,3.1872,0.451,2.4081,2.3657,79.7086,91.3557,18.0558,8.6715,6.4737,2.1112,38.0282,62.5416,10.0088,0.9109,1.4607,0.8548,0.1908,5.1218,8.9345,2.1472,16.5587,4.953,1.1979,28.5663,2.4178500000000005,5.9576,6.6776,74.799,2.9004,7.5369,90.8687,542.2025,86.6707,101.4047,509.0909,115.2284,510.0592,173.5479,34.3113,2.8719,3.0291,0.0409,4.9758,18.3326,0.0,61.3699,0.0,8.8137,3.2315,14.8375,0.0575,4.1501,9.9618,3.3361,7.4873,75.108,22.96,0.38,10.6759,0.1564,24.9458,5.6772,0.5059,0.2835,0.0534,30.1487,9.8,0.119,3.473,0.0527,3.9298,13.865,529.0654,2.4848,6.89,0.5791,2.3555,0.1673,1.3023,23.3076,0.0188,3.7356,0.0118,0.0098,83.1192
1.0,3045.71,2197.6444,0.7865,99.9211,1.4257,-0.0343,-0.0016,199.1869,11.9209,413.6465,0.9732,189.0528,12.4527,1.4098,-3497.5,-936.75,1.2965,2.004,7.3795,62.9889,2.6111,0.2179,85.9034,9.2171,64.0491,65.9275,86.2908,36.3425,6.25,360.5709,154.6955,761.8176,0.9149,131.5455,646.8118,66.3869,4.601,4.828,2902.0,0.9257,-11.8245,361.5055,10.3023,122.8709,19.3763,31.8245,39.6487,722.1689,143.0591,627.4355,104.4863,-0.0019,0.0311,-0.0893,-0.008,-0.0893,-0.0124,-0.033,8.3631,0.1324,0.9672,1833.2007,0.192,8402.5,0.0639,-0.0158,-0.0922,0.0436,0.4607,0.9492,719.1702,0.9902,57.6752,0.5846,0.9791,6.2218,15.84,4.036,15.88,15.82,1.092,0.6774,3.037,-0.2838,0.758,2.3101,1003.854,79.0,189.0,169.5,61.1001,449.614,0.0848,0.1189,0.0583,0.0643,0.0087,5.1483,7.286,8.913,0.0065,0.35,0.0428,1197.0,2139.0,0.195,0.034,0.208,3.1,0.539,0.795,0.1095,0.4956,0.3436,0.8384,0.612,0.1068,4.87,16.46,25.448,0.776,18.75,10.39,24.452,64.592,0.0904,0.0459,0.0751,0.0754,0.075,0.0776,0.0801,0.0556,2.5031,0.042,0.0108,122.293,0.0194,680.5,0.0149,0.0201,0.0817,0.0345,78.2726,2.3528,0.060025000000000016,0.4066,0.0778,4.3742,22.2733,68.0018,57.7551,0.0281,2.0781,0.0433,2.4312,0.1009,0.0116,523.042,301.5409,267.3244,997.2142,0.0881,0.0196,0.0949,0.9675,0.0536,0.1622,0.2921,0.0399,0.1186,4.6801,0.182,6.1837,0.033,1.4886,4.474,7.6891,0.2095,3.0308,4.5417,7.3802,20.4,0.0251,0.0223,0.0326,0.0342,0.0233,0.0397,0.0397,0.026,0.9286,0.0125,0.004,44.4369,0.0055,179.0491,0.0108,0.0115,22.7061,0.6996,0.0179,0.1338,0.0271,5.2764,1.3342,3.5619,6.2054,6.8065,2.7803,36.0547,10.785,8.34,61.1195,2.1547,0.6629,2.8106,3.0331,16.2402,228.3427,15.0405,1.6966,2.8186,4.9215,53.617,69.3014,15.3493,0.9255,1.1879,0.7738,0.1406,4.1601,8.326,2.9549,11.6735,3.7021,2.5448,38.3329,2.4178500000000005,7.5323,5.1924,96.7675,3.3859,9.7649,61.8187,0.0,67.2035,84.4109,936.7681,86.8495,643.3735,168.4848,29.9308,2.1905,1.7242,1.1116,6.671,10.1293,968.6747,49.1018,0.0,17.7449,3.6377,10.8837,0.0693,4.0794,6.5345,3.3695,11.6144,76.76782728911138,17.161345056843874,1.221910909269264,7.728688206614046,0.4738033138584756,64.6259437398993,4.232185455666292,1.6008807342915217,0.228,0.0478,23.3263,6.387876248314508,0.17146524968230523,2.393293339163308,0.06868295954715795,2.4344348722950584,22.098560988344726,530.7709,2.1968,5.03,0.2034,1.7479,0.0639,0.9477,9.2608,0.0121,2.4419,-0.0034,0.0093,270.988
1.0,3035.98,2230.0333,1.5739,99.0522,1.372,0.0005,-0.0181,206.8379,6.0494,400.5666,0.9642,196.4468,12.6063,1.4069,-3112.0,45.5,1.29,1.9985,7.362,67.2222,2.5889,0.2106,84.9715,8.6013,64.0262,66.2377,86.9247,76.97,4.019,356.3727,134.8636,731.2024,1.3512,139.7364,630.9727,212.0235,4.608,4.85,2829.0,0.9337,8.4236,352.6027,10.8486,103.2873,26.3554,31.5764,40.0125,691.1899,148.7273,604.6173,102.4215,-0.0053,-0.061,-0.0696,0.0574,-0.1027,-0.0278,-0.0141,6.3269,0.1324,0.9894,1830.5433,0.1602,8074.26,-0.0082,0.0019,-0.0605,0.0701,0.4702,0.9382,640.6005250000001,0.9904,58.6268,0.5948,0.9663,6.2951,15.82,2.942,15.85,15.83,1.035,0.5474,3.531,1.608,0.7987,2.3704,1005.6244,117.0,113.8,83.3,64.7998,228.498,0.1528,0.0672,0.0439,0.0491,0.0266,9.2899,3.905,15.005,0.0194,0.59,0.1135,320.0,994.0,0.112,0.067,0.154,1.8,0.592,1.0039,0.0452,0.5476,0.3005,0.7709,0.398,0.1028,3.97,19.45,36.518,0.519,20.94,14.45,40.385,52.284,0.101,0.0527,0.0268,0.0473,0.081,0.1145,0.1023,0.0406,5.3761,0.0857,0.0007,98.6659,0.0152,1615.9004,0.0168,0.0118,0.0402,0.0446,142.3884,2.8429,0.0383,0.5302,0.0978,3.7035,30.3453,38.2663,25.7277,0.0532,2.0831,0.0234,1.2506,0.1692,0.0325,131.5966,109.4608,1259.7971,420.6903,0.0522,0.0292,0.0641,0.5869,0.033,0.1764,0.3668,0.0207,0.0807,5.5239,0.1622,9.4088,0.0376,1.2177,5.5062,13.1123,0.129,3.9506,4.1084,12.2731,16.6793,0.0347,0.0243,0.0142,0.0209,0.0248,0.0599,0.0501,0.0179,1.9778,0.0259,0.0002,33.6141,0.0046,545.9157,0.0075,0.0148,47.4136,0.9214,0.0119,0.1779,0.0333,4.0192,1.2963,5.3879,3.7484,3.3887,2.9058,13.6933,9.7087,4.898,64.5522,3.7459,2.0087,4.6802,8.0658,91.9987,0.0,8.6822,3.3525,2.0918,2.6777,27.0386,39.8945,16.8613,1.1815,0.5252,0.8553,0.1928,5.2108,6.0802,4.1846,7.6049,2.8411,3.0825,17.2236,5.8273,4.784,14.6485,79.4523,5.8428,9.1251,51.0479,0.0,158.7349,67.9354,141.115,111.4626,367.9856,287.4336,84.9726,3.1165,3.5251,0.0699,5.39,9.4855,882.243,132.5301,0.0,8.5531,4.7505,22.7693,0.0561,4.8491,8.422,4.1259,10.6569,80.048,19.06,1.42,8.2792,0.6018,97.2075,4.7615,1.7739,0.3544,0.0695,36.9618,8.3,0.2231,2.9885,0.089,3.1608,33.1776,538.0918,2.1799,6.27,0.2085,2.2679,0.0692,1.1652,9.5646,0.0116,2.3038,-0.0034,0.0093,270.988
1.0,2984.45,2230.0333,1.5739,99.0522,1.356,-0.0055,-0.0225,207.0302,11.4256,407.276,0.9537,197.8428,12.6063,1.4119,-4054.0,1549.5,1.1460249999999994,1.893,6.655225,66.8556,2.8333,0.2091,84.9715,8.6013,64.0262,66.2377,86.9247,76.97,4.019,356.3809,135.1182,731.0404,1.3732,140.8155,632.3145,213.4114,4.608,4.85,2829.0,0.9337,8.9764,352.0827,10.8756,104.0945,25.2836,31.0236,39.7661,691.2743,150.8536,607.0309,96.1599,-0.0198,0.0046,-0.0726,0.0561,-0.1202,-0.0188,-0.0537,7.8936,0.1322,0.9902,1881.5296,0.1613,8914.8399,0.0451,-0.0363,-0.0941,-0.0406,0.4681,0.9499,776.46,0.9905,59.6315,0.5935,0.9767,6.3556,15.88,3.024,15.91,15.91,0.8987,0.5233,3.276,0.0,0.8123,2.366,1014.2044,119.0,185.2,181.2,64.7998,228.498,0.1528,0.0674,0.0693,0.0797,0.0258,8.5982,10.778,7.425,0.0254,0.59,0.0426,507.0,156.0,0.113,0.079,0.188,2.8,0.162,1.0039,0.0452,0.5476,0.3005,0.7709,0.439,0.0873,6.35,19.98,81.399,0.408,22.33,11.34,37.72,51.411,0.137,0.0553,0.028,0.0398,0.1183,0.1491,0.085,0.0333,4.8121,0.0765,0.0011,117.8053,0.0374,936.4004,0.0182,0.0174,0.0439,0.0134,93.9495,2.2538,0.0179,0.4632,0.0932,3.3912,30.9957,56.0821,59.8501,0.0532,2.0831,0.0233,2.9904,0.1692,0.0147,210.955,298.8516,445.6086,64.3195,0.0473,0.0341,0.0814,0.8263,0.0262,0.0501,0.3668,0.0207,0.0807,5.8925,0.1601,8.8834,0.0283,2.3199,5.3506,25.2781,0.1096,3.3168,4.1516,11.6832,16.0339,0.0387,0.0262,0.0122,0.0174,0.0337,0.0709,0.0451,0.0171,1.7826,0.0255,0.0004,40.0895,0.0129,343.7443,0.0072,0.0045,30.8244,0.6927,0.0066,0.1521,0.0347,3.5452,1.0632,5.3672,6.2055,7.4138,2.9058,13.6933,9.7087,4.9705,94.3317,1.8231,2.6585,4.6802,3.0143,19.8323,10.0678,11.7098,4.1733,3.6825,4.1881,28.2353,33.475,3.4823,1.1815,0.5252,0.8553,0.1928,5.6485,6.1724,4.01,6.3551,4.5094,3.1598,38.1418,5.8273,3.7515,11.038,88.3182,5.4566,12.3034,53.4641,690.8289,155.3371,54.8398,210.8499,124.0691,452.1277,61.9535,60.9623,1.5126,3.2166,0.1133,6.2611,23.1581,0.0,129.4964,0.0,9.383,1.4078,12.0997,0.0664,3.7796,7.2873,3.9396,8.9504,75.7428722940736,17.25200582890481,1.1960417862942245,7.7033697589665495,0.5040236999504599,70.45373021308785,4.270428501602903,1.5758373201655913,0.9412,0.1514,95.8686,5.65,0.1959,2.2881,0.0745,2.1622,28.2615,536.3273,2.2994,5.84,0.3228,2.1568,0.0895,1.0889,14.037,0.0138,2.7552,0.0198,0.0069,34.7486
1.0,2900.69,2191.1111,0.9366,102.51,1.5192,-0.0168,0.0104,198.1951,7.4172,414.5525,0.9794,187.8982,12.4527,1.4105,-5604.6667,-668.0,1.3035,1.9963,7.2257,67.7111,1.7778,0.152,84.1154,9.2281,64.081,66.4082,86.9417,36.3425,5.364,348.1491,137.6445,724.2693,1.0083,133.8882,619.6818,54.1691,4.575,4.84,2822.0,0.9378,-1.42,348.1973,10.3301,116.2245,8.9208,21.42,27.1504,697.1189,147.4409,611.8627,107.9067,-0.0023,-0.009,-0.0292,0.0108,0.0192,-0.0321,-0.0522,7.5888,0.138,0.9871,1794.9025,0.1998,8799.9801,-0.0685,-0.0744,0.13525,-0.0047,0.48765465742352787,0.9444,695.2041,0.9904,57.5919,0.5989,0.972,6.205,15.85,3.997,15.89,15.88,1.097,0.6639,3.386,0.0,0.7021,2.3235,1002.4991,129.0,254.6,129.0,66.7998,189.1969,0.2942,0.1343,0.0734,0.0302,0.0072,5.11,4.336,12.851,0.0036,0.35,0.0819,2200.0,11045.0,0.101,0.1,0.229,1.9,0.363,0.8535,0.0896,0.5157,0.4241,0.7737,0.658,0.1608,9.62,21.78,22.825,0.305,15.94,6.39,36.763,67.735,0.038,0.0488,0.0298,0.0517,0.0634,0.0823,0.0699,0.0475,4.1424,0.0438,0.002,91.399,0.0458,1106.9004,0.0218,0.0272,0.05978153221365928,0.0507,99.3698,3.2323,0.0207,0.6146,0.0827,7.0766,33.0087,75.4875,42.3465,0.0946,1.88,0.0515,1.3083,0.1009,0.0301,954.2884,160.6266,1719.9728,4949.9322,0.0431,0.0431,0.0985,0.6214,0.0299,0.1171,0.3143,0.0401,0.1204,6.2946,0.2128,9.8181,0.0477,2.6669,7.1086,7.7985,0.0953,1.9109,2.0522,10.5626,23.1017,0.0119,0.0207,0.0129,0.0244,0.0204,0.0387,0.0395,0.0214,1.4361,0.0142,0.0006,28.0191,0.015,329.1774,0.008309527449951854,0.0196,33.4895,1.112,0.0078,0.1905,0.0271,6.0035,2.0668,5.8608,8.7772,5.1952,3.0487,12.0923,31.4154,8.8402,58.4589,3.1,0.3697,2.8106,5.8098,56.8276,0.0,7.7484,5.0094,3.1692,2.806,50.625,66.4474,10.6601,1.0147,0.9705,0.8048,0.2481,6.3019,8.6673,4.4934,15.9451,7.1851,3.5147,42.1366,7.0363,2.9525,7.8469,178.6832,5.2736,18.8937,62.7718,0.0,0.0,176.7521,587.377,427.5325,217.5875,90.9091,54.5855,1.739,1.8046,0.2043,5.0921,22.9105,0.0,173.443425,450.0,11.993992099868919,5.371,14.2936,0.1045,5.6124,9.9056,3.5592,16.952,80.594,26.21,1.57,11.903800000000002,0.6126,78.3896,6.4491,1.948,0.1094,0.028,11.5017,3.57,0.1676,1.3113,0.0744,1.4447,25.0667,535.9227,1.911,8.65,0.1435,3.1242,0.0437,1.614,7.508,0.0115,2.2888,0.0154,0.0271,176.0329
1.0,2916.02,2185.9333,1.629,98.6822,1.4114,-0.0005,-0.0088,202.5579,11.2227,423.8263,0.9642,192.3847,12.6063,1.4022,-4836.25,374.75,1.2773,2.0023,7.3305,65.6778,3.0556,0.2492,84.9715,8.6013,64.0262,66.2377,86.9247,76.97,4.019,354.0864,137.4073,730.1885,1.0428,134.8818,626.3755,47.8022,4.632,4.898,2828.0,0.9335,9.2082,352.4627,10.7656,106.6155,19.5491,30.7918,36.9278,693.2606,147.7482,606.8264,91.0124,-0.0318,-0.081,-0.0506,0.057,-0.0989,-0.022,-0.031,7.3307,0.1337,0.9707,1836.6503,0.1632,8747.37,0.0357,-0.0028,-0.0562,0.0561,0.4774,0.9578,690.0066,0.9906,59.9297,0.5911,0.971,6.1849,15.77,2.632,15.83,15.83,0.9744,0.4541,3.341,0.7569,0.823,2.3834,1011.6333,94.0,130.3,140.3,60.3,220.325,0.4348,0.0641,0.0503,0.0686,0.0323,7.1043,5.9,12.14,0.0192,0.59,0.0261,1022.0,405.0,0.087,0.097,0.118,1.6,0.601,1.0039,0.0452,0.5476,0.3005,0.7709,0.807,0.2052,8.25,21.54,30.086,0.624,23.37,8.88,39.677,51.7,0.1257,0.056,0.0567,0.1292,0.0804,0.086,0.0968,0.038,4.5065,0.0769,0.0084,88.7012,0.0398,1647.7998,0.0157,0.0117,0.0907,0.0094,136.4937,2.5557,0.0317,0.5422,0.0795,2.7454,25.5771,45.927,47.544,0.1338,1.9511,0.0201,2.0488,0.1692,0.0075,454.6841,415.786,3604.8504,211.7961,0.0381,0.0399,0.0488,0.5472,0.0514,0.2161,0.3668,0.0207,0.0807,7.1479,0.2979,10.221,0.0744,2.4198,6.7114,9.2475,0.1617,3.2601,4.1595,12.0253,18.0422,0.0375,0.0272,0.0234,0.0565,0.0247,0.0436,0.0494,0.0179,1.4854,0.0242,0.003,29.847,0.013,542.1893,0.027,0.003,45.9526,0.7601,0.0127,0.175,0.0286,4.5224,1.1,4.1605,4.4684,5.6859,2.7585,13.275,26.6905,4.5415,52.5719,2.8644,1.9899,4.6802,1.8599,155.8439,108.072,6.8115,4.8445,1.6097,2.4361,68.7273,67.4097,17.6091,1.1815,0.5252,0.8553,0.1928,5.5523,10.2396,4.6079,19.6791,6.1165,3.4388,62.9386,5.9788,5.7962,11.171,119.545,5.7232,16.1603,56.8055,395.0501,247.2406,255.336,140.9445,86.9126,440.0,122.4819,61.4748,2.0937,3.1948,0.8621,4.8295,24.4199,0.0,149.1124,0.0,18.9997,0.9859,19.7815,0.0617,4.2644,8.7664,3.3361,7.4873,73.212,20.17,1.06,9.7927,0.401,53.88,4.985,1.4478,0.1492,0.034,15.0943,9.2,0.1677,3.8707,0.0703,3.4704,23.3564,535.7882,2.2067,7.65,0.2636,2.4762,0.0826,1.4278,11.9444,0.0096,1.9224,0.0154,0.0271,176.0329
1.0,2963.75,2204.9223,1.5138,100.4322,1.5105,-0.0009,0.0134,199.3709,4.5468,406.6076,0.96,188.9803,12.6571,1.3859,-929.375,-1756.75,1.2915,1.988,7.288,69.4333,2.2111,0.1723,86.4478,8.8287,63.9006,66.2532,87.0337,78.11,3.708,354.7673,139.4555,735.2533,1.2772,135.4845,629.7073,173.8408,4.623,4.845,2831.0,0.9331,8.5273,353.3482,10.6997,107.9827,22.3637,31.4727,39.0387,696.2145,146.0127,607.3436,52.4995,0.0079,0.007,-0.0151,0.0234,-0.0974,-0.0217,0.0283,7.4502,0.1246,0.93875,1795.2952,0.1474,9262.3499,0.0034,0.0205,-0.0898,-0.1008,0.4748,0.9332,845.30765,0.9905,59.0384,0.5943,0.9708,6.3014,15.79,2.778,15.79,15.83,1.002,0.4767,3.317,0.0,0.8187,2.4,1012.0556,80.0,106.1,71.7,52.0,200.118,0.554,0.0773,0.0562,0.054,0.0242,6.6028,2.574,11.553,0.0183,0.54,0.0438,1395.0,2375.0,0.096,0.091,0.284,2.2,0.389,0.7997,0.127,0.6414,0.3904,0.8191,0.577,0.1288,10.27,17.1,68.46,0.403,19.51,6.43,36.883,24.734,0.0858,0.0446,0.078,0.1031,0.0732,0.0902,0.1006,0.0676,4.1303,0.0389,0.016925000000000003,237.44749999999996,0.0347,819.2998,0.025,0.0205,0.0302,0.0087,113.0851,2.6639,0.0224,0.4466,0.0811,2.0618,22.1285,34.3707,21.6594,0.2063,1.4999,0.0258,0.9041,0.1646,0.0155,632.3176,186.0043,5284.7124,1016.2219,0.0449,0.0391,0.1315,0.7778,0.0354,0.1239,0.3256,0.0452,0.1113,5.9026,0.1828,9.3697,0.0393,2.9828,5.4365,18.6141,0.1146,1.7986,3.363,10.3563,7.2417,0.0263,0.0187,0.0355,0.0464,0.0249,0.0513,0.0422,0.0283,1.5776,0.0147,0.0058000000000000005,79.85469999999998,0.0114,242.0149,0.0061,0.0029,38.8788,0.8748,0.007,0.1475,0.0295,4.3076,0.7521,3.6438,3.5799,2.7645,2.3584,11.1943,36.5967,5.1176,56.611,2.8413,1.9104,4.2664,3.1583,0.0,135.1928,7.4332,4.5775,3.8968,3.1685,36.1809,67.8917,11.3735,0.9251,1.4387,1.0037,0.2356,5.8461,6.2385,4.2403,10.0836,7.5802,2.7155,39.3809,5.9605,3.7665,6.7696,87.2397,5.2976,14.0681,47.1129,0.0,148.5429,583.1871000000001,312.4033,92.6316,462.5287,238.6584,55.4379,2.4245,1.636,1.75355,13.139225,23.5027,0.0,37.299,0.0,6.3554,0.9324,12.3614,0.063,4.5122,7.0875,3.3789,5.5865,78.376,13.46,0.92,6.2668,0.3941,82.0384,3.3234,1.1738,0.0926,0.0236,9.4814,6.08,0.225,2.4103,0.0859,2.3165,36.4847,532.2127,1.5093,10.53,0.1619,3.8958,0.0518,1.9785,10.7299,0.0099,1.965,0.0154,0.0271,176.0329
1.0,3107.79,2280.8222,0.6815,101.9111,1.4454,-0.0152,-0.0087,203.213,9.1952,423.2751,0.9545,193.5871,12.4322,1.4159,-5544.0,1529.0,1.1460249999999994,1.8902,6.655225,67.9,2.9889,0.2079,85.4451,8.5788,63.9261,66.2147,86.8039,76.55,3.473,351.4318,131.6564,722.4329,1.3006,141.7745,624.8627,131.3034,4.567,4.804,2833.0,0.9354,17.1745,350.3473,10.6015,108.8309,17.8636,22.8255,31.0321,691.4008,147.8209,606.9991,69.719,0.0011,0.0196,-0.0685,0.0199,-0.1025,-0.0153,-0.0284,6.8001,0.1403,0.9821,1834.4234,0.1779,8901.2899,0.0711,-0.0419,-0.1154,-0.1577,0.4625,0.9521,755.8564,0.9904,59.6177,0.5954,0.9775,6.3857,15.79,2.778,15.79,15.83,1.002,0.4767,3.317,0.0,0.8187,2.4,1012.0556,101.0,196.4,184.1,49.3,329.133,0.1278,0.1086,0.0474,0.052,0.0266,4.5726,5.26,9.244,0.0228,0.52,0.0417,504.0,32.0,0.142,0.104,0.188,3.1,0.073,0.8274,0.1079,0.6305,0.3533,0.6734,0.386,0.1375,5.8,18.11,102.905,0.35,25.46,4.44,29.623,95.2,0.1368,0.0569,0.0814,0.0478,0.1064,0.0874,0.102,0.0669,2.9458,0.0487,0.0065,176.028,0.0455,450.5,0.0243,0.0158,0.0776,0.0076,43.9816,4.7025,0.0338,0.6169,0.0811,2.0618,30.9273,64.2129,60.2447,0.0475,1.5597,0.0294,1.5935,0.1563,0.013,208.4137,254.9157,2895.3525,16.8721,0.0608,0.0435,0.0789,0.9823,0.0224,0.0255,0.3166,0.0436,0.0989,5.081,0.1148,9.5984,0.0437,1.7789,5.2496,33.3704,0.1073,1.3675,1.5233,9.3472,27.4138,0.0394,0.0262,0.0348,0.0212,0.0274,0.0442,0.0549,0.0313,0.91,0.0142,0.0022,53.2993,0.0136,141.5761,0.0176,0.0021,15.5021,1.2716,0.0111,0.1964,0.0295,4.3076,0.7521,4.5478,6.3196,7.451,2.1615,29.2372,18.76,7.5134,57.2039,2.1839,2.3927,4.1827,2.9431,120.8874,2.0929,14.4529,5.5019,3.6924,4.5655,20.0743,30.3046,1.5752,0.9683,1.258,0.9863,0.1985,4.4817,6.198,4.3862,10.5717,4.091,2.8982,67.14087500000002,6.701,3.3014,7.1946,142.5244,4.2845,19.1863,136.5481,0.0,165.2869,69.8065,534.1701,85.2475,667.7578,235.9788,43.3199,1.7816,2.0187,0.6595,9.5958,25.6015,773.0887,46.7043,675.5556,16.7703,0.7935,5.8188,0.0805,7.8877,9.6601,3.3789,5.5865,74.288,14.47,0.63,6.5538,0.2756,135.32388127520446,3.5596,0.848,0.588,0.0989,61.233,4.38,0.1015,1.6826,0.0371,1.6471,15.567,533.1445,1.722,8.16,0.1799,2.8813,0.0634,1.5305,10.4454,0.0112,2.2523,0.0154,0.0271,176.0329
1.0,3075.78,2243.7778,1.816,102.0978,1.4362,0.0062,0.0073,199.9113,6.4443,412.7534,0.962,190.2908,12.46,1.3837,-3476.25,1445.75,1.1460249999999994,1.8763,6.655225,68.1556,2.0778,0.1578,83.9167,9.4043,64.4134,66.5991,86.8908,65.84,4.021,362.8009,138.4545,741.5104,1.0925,138.3609,639.6164,45.6938,4.566,4.808,2909.0,0.9271,16.0155,360.6964,10.5182,114.47,13.3955,23.9845,30.1316,711.3787,151.0545,626.2209,103.6775,0.0046,0.0156,-0.0445,0.0202,-0.0845,-0.0199,0.0417,6.7064,0.1277,0.9719,1802.8347,0.1916,8606.88,-0.1632,-0.0419,0.0402,-0.24905000000000002,0.4672,0.9346,725.4545,0.9862499999999997,55.3123,0.6066,0.9615,6.4037,15.85,4.557,15.89,15.89,1.267,0.7377,3.126,-0.9934,0.6764,2.3052,1004.96,184.0,199.5,199.0,74.2,351.526,0.4695,0.1069,0.0472,0.0384,0.0189,5.4611,2.972,16.1,0.0175,0.47,0.1218,524.0,322.0,0.135,0.102,0.235,2.7,0.128,0.4764,0.0593,0.5445,0.2655,0.8549,0.937,0.2306,8.47,10.72,21.404,0.503,17.66,6.91,17.569,142.078,0.0863,0.0307,0.0392,0.1,0.0636,0.0751,0.0841,0.0773,1.7996,0.0952,0.0023,53.2061,0.0355,1545.5,0.0421,0.0205,0.0431,0.06130000000000001,156.9064,5.2912,0.0259,0.4249,0.0732,4.96,45.49945,78.2368,64.2409,0.1406,1.6857,0.0316,0.8672,0.1544,0.0441,229.2181,270.2522,826.6415,144.7374,0.0556,0.0427,0.0971,0.9501,0.0157,0.048,0.2038,0.0224,0.1139,6.3346,0.282,5.3233,0.0827,2.9203,4.1288,7.3599,0.1547,2.1899,2.5623,5.597,41.9574,0.0263,0.0143,0.0162,0.0467,0.0235,0.0372,0.0452,0.0357,0.659,0.0301,0.0006,16.8205,0.0113,490.8856,0.0077,0.0191,52.3511,1.4075,0.0077,0.1539,0.0244,5.1735,1.846,8.453000000000001,6.4862,7.7261,3.3069,23.3895,25.8517,7.4431,46.1185,3.9006,1.8196,3.7721,8.8035,55.7497,22.2722,13.6329,5.4364,4.662,3.9615,33.6898,35.493,2.7606,0.5677,0.631,0.8453,0.1337,5.7966,8.2049,2.5646,21.106,6.1217,1.676,46.8422,2.4178500000000005,4.7822,6.9188,131.8353,2.4697,48.6252,137.0385,0.0,75.199,224.7191,315.5349,88.902,423.1447,185.4829,26.8333,1.5664,4.0584,0.2351,2.9512,18.5336,743.7642,54.0707,693.3333,9.2222,6.4666999999999994,21.6287,0.24217499999999997,9.566,6.6353,3.1758,12.8413,80.396,13.83,1.8,6.3704,0.7505,73.3922,3.4182,2.2389,0.0926,0.0236,9.4814,6.445494055551431,0.13064364296646722,2.5590108190039347,0.04725432859729378,2.4554907154139527,21.308075716349965,531.3791,2.408,8.02,0.3561,2.5928,0.1029,1.5093,14.7868,0.0102,2.0347,0.0274,0.0142,51.9067
1.0,3054.18,2178.7333,0.7367,101.4922,1.45,-0.0089,0.0004,199.216,8.131,417.8892,0.9709,189.5445,12.4527,1.3972,-3771.25,405.0,1.3213,2.0088,7.4315,66.6889,2.7667,0.2131,85.1817,8.6211,63.9846,66.1702,86.955,77.92,2.514,360.7118,151.83,757.5096,0.9469,134.2118,646.7536,59.5951,4.566,4.808,2909.0,0.9271,9.8782,361.49,10.1675,121.7082,15.99,30.1218,37.9277,719.5819,147.5655,630.7636,78.8726,0.0307,-0.0099,-0.0385,0.021,-0.0801,-0.0222,0.0507,6.7639,0.1297,0.9641,1847.4067,0.1867,9038.9,-0.0139,-0.0614,-0.0008,-0.0723,0.4669,0.9445,778.2324,0.9911,58.6532,0.6006,0.9623,6.4203,15.85,4.557,15.89,15.89,1.267,0.7377,3.126,-0.9934,0.6764,2.3052,1004.96,87.0,225.5,174.8,47.0999,224.705,0.0958,0.103,0.0745,0.0425,0.0069,5.3577,3.685,8.643,0.007,0.35,0.0487,1310.0,193.0,0.146,0.095,0.168,2.1,0.655,0.631,0.0928,0.5188,0.3157,0.8079,0.59,0.1357,6.54,11.88,21.195,0.878,22.45,9.83,20.915,41.563,0.0853,0.0474,0.0297,0.0954,0.0764,0.0766,0.0798,0.0958,5.4749,0.0358,0.0116,122.635,0.0196,1351.3994,0.0271,0.0112,0.0236,0.0159,154.3551,3.507,0.0294,0.4775,0.0732,4.96,25.239,67.3929,57.8948,0.0333,1.9727,0.0325,1.2448,0.1009,0.0145,562.8856,267.6781,834.3015,86.8293,0.0654,0.0411,0.0722,0.6214,0.0411,0.2179,0.231,0.0354,0.1079,5.2386,0.197,5.3055,0.0454,2.27,3.3479,5.8108,0.2415,2.9479,3.144,6.6108,12.943,0.0242,0.0211,0.013,0.0448,0.0229,0.0417,0.0417,0.0521,1.6721,0.0115,0.004,38.1266,0.006,416.4857,0.0057,0.0044,45.4559,0.9412,0.009,0.1559,0.0244,5.1735,1.846,3.8991,7.3833,7.2577,2.1618,21.6195,13.0099,7.1037,45.3204,2.0683,0.723,2.8106,3.4819,45.9264,47.6543,11.0501,4.7293,2.2606,3.149,32.5301,62.878,19.222,0.7408,1.0765,0.8108,0.2094,4.8903,9.0364,2.4978,14.329,4.8729,1.8369,35.565,2.4178500000000005,8.6354,5.9733,140.4007,2.9065,17.4445,52.6963,278.3034,85.4054,247.9532,364.3517,95.6603,359.8647,189.1412,80.9425,2.6214,1.4897,1.2022,6.6382,10.5209,310.0346,60.8414,278.7879,5.065,1.6886,19.8341,0.057,5.9792,7.437,3.1758,12.8413,77.804,15.2,1.25,6.4626,0.4576,82.1987,3.7361,1.6066,0.588,0.0989,61.233,5.52,0.1961,2.0045,0.0726,2.2299,31.0204,531.8655,2.3718,9.79,0.4351,3.3984,0.1322,1.8407,18.3443,0.0153,3.0396,0.0177,0.0184,104.4612
1.0,3008.84,2177.3222,1.3101,101.1478,1.4833,0.0138,0.0012,201.6866,6.8,408.6435,0.967,191.8214,12.46,1.422,-3711.5,394.75,1.313,2.0135,7.3625,67.1444,2.4667,0.187,83.8879,9.1757,64.3159,66.5922,86.9721,67.17,3.967,351.2491,126.1482,714.0061,1.4232,144.77,622.1673,219.5427,4.594,4.83,2828.0,0.9354,24.14,349.5,10.4984,110.2882,12.3364,15.86,22.8392,691.1669,150.0427,609.8309,87.1094,-0.0007,0.0097,-0.0699,0.0121,-0.077,-0.0254,0.0568,7.8928,0.1248,0.9684,1810.6216,0.1613,8597.71,-0.0551,0.0326,0.0515,0.0985,0.4715,0.9199,749.1421,0.9918,58.6369,0.6107,0.979,6.317,15.8,4.631,15.86,15.85,1.149,0.7585,3.182,0.4258,0.6909,2.298,1003.6322,88.0,75.3,134.6,46.3999,264.955,0.1939,0.0997,0.0449,0.0394,0.0297,8.9274,2.018,19.731,0.018,0.47,0.0446,839.0,667.0,0.199,0.09,0.201,3.0,0.628,0.5922,0.1025,0.4757,0.2374,0.8575,0.262,0.1228,5.31,16.43,43.897,0.332,15.96,4.13,28.824,74.611,0.0604,0.0366,0.0275,0.1064,0.055,0.0799,0.1243,0.1615,2.8315,0.0689,0.016925000000000003,104.3135,0.0421,1251.3999,0.0288,0.0226,0.0385,0.06130000000000001,111.6737,3.7027,0.0161,0.5514,0.0683,5.515,23.7868,25.7299,46.4736,0.0586,1.6927,0.0305,0.5995,0.1544,0.0129,445.5067,340.1513,2910.4347,336.4584,0.091,0.0417,0.0907,0.9632,0.0421,0.2212,0.2589,0.0368,0.1076,5.2159,0.0757,8.8703,0.0348,1.8127,4.701,12.3084,0.0939,1.0836,1.1313,9.2313,29.0145,0.0187,0.0168,0.0125,0.047,0.0145,0.0442,0.0642,0.0848,0.9684,0.024,0.0058000000000000005,32.1597,0.0106,484.2093,0.0085,0.020499999999999997,44.3299,0.9887,0.0052,0.1783,0.0203,4.5598,1.6097,3.932,2.5026,5.3351,2.1311,24.322,14.8011,6.7216,29.6765,4.8284,1.8575,3.7721,3.1393,166.5634,168.9677,15.1561,4.4698,2.7301,4.468,81.0811,63.6364,17.9737,0.7059,1.1172,0.7396,0.2334,4.9708,5.4777,4.119,8.6291,3.6679,2.6408,19.9947,6.4645,3.1624,7.6164,129.3732,4.1703,18.1271,85.6521,0.0,91.8444,152.2175,455.4865,103.7999,489.8522,284.2059,35.8741,3.4455,2.8605,1.75355,5.7612,26.1192,0.0,32.2078,0.0,8.1735,6.4666999999999994,14.9069,0.0731,6.3146,8.7293,2.974,14.1115,76.60605846282574,17.0655508632984,1.2571335343377754,7.837501573663286,0.507945401579782,66.91634781261797,4.229898418385075,1.6440952237623967,0.4075,0.0853,40.3321,6.3425484626246,0.13224989443202625,2.4543610150587307,0.05213036313238914,2.4180963495800487,20.701251451203326,531.2245,2.484,7.07,0.3547,2.5411,0.1247,1.3309,14.2779,0.0153,3.0408,0.0121,0.0169,139.833
1.0,2983.31,2244.1111,0.9197,100.8067,1.5312,0.0133,-0.0037,202.0064,7.5912,410.4986,0.9665,192.1077,12.4786,1.4202,-4188.3333,1609.0,1.1460249999999994,1.8873,6.655225,63.6111,2.7889,0.2243,85.5455,9.2655,63.8677,65.769,86.4804,36.3425,3.923,351.6518,152.6527,752.5447,1.1716,138.0845,642.3891,194.2846,4.658,4.912,2816.0,0.9359,1.3718,355.2118,10.4571,114.0245,21.5173,38.6282,45.875,706.6697,151.6355,620.8718,128.4803,-0.0199,-0.0179,-0.0673,0.0161,-0.0853,0.0101,-0.0178,7.6976,0.1394,0.9868,1789.3866,0.1611,8242.0499,0.0568,-0.0567,-0.0825,0.0018,0.4687,0.9474,640.6005250000001,0.9909,57.9408,0.5936,0.9629,6.323,15.8,4.631,15.86,15.85,1.149,0.7585,3.182,0.4258,0.6909,2.298,1003.6322,118.0,191.8,143.3,54.3,301.194,0.2973,0.1031,0.0885,0.0566,0.0294,9.6825,4.628,15.579,0.018,0.6,0.0375,570.0,104.0,0.082,0.103,0.202,2.5,0.09,0.6627,0.1444,0.6033,0.3108,0.8366,0.339,0.1127,4.76,21.48,111.15325,0.22,18.45,6.67,32.451,79.248,0.0463,0.056,0.0895,0.0557,0.0511,0.0816,0.1098,0.0459,2.2283,0.112,0.016925000000000003,171.531,0.066,1076.7998,0.0112,0.0211,0.0743,0.0284,111.8624,2.356,0.0342,0.4572,0.0683,5.515,31.2321,58.7385,50.925,0.1157,1.8732,0.0396,1.371,0.1746,0.015,278.9247,248.618,1018.122,48.8876,0.0379,0.0431,0.0895,0.8923,0.036,0.0358,0.2484,0.0539,0.1416,5.3321,0.1093,10.4152,0.0408,1.4433,6.8632,35.80629999999999,0.0564,1.8195,2.2024,10.1866,22.0969,0.0152,0.0292,0.0425,0.0265,0.016,0.0445,0.0506,0.0218,0.829,0.0347,0.0058000000000000005,52.2676,0.0181,371.5008,0.0134,0.0087,34.65,0.7779,0.0107,0.1604,0.0203,4.5598,1.6097,5.3852,6.4291,5.3611,2.4197,17.9632,32.3291,6.7334,60.9655,3.7951,1.8646,4.8082,2.6377,46.1281,6.4636,8.5394,5.4577,4.1128,3.9301,25.0996,51.263,1.9563,0.7747,1.5584,0.9446,0.1371,4.8741,6.7604,4.6197,9.6202,3.4472,3.3438,57.4811,6.1651,2.1038,6.446,85.7451,4.5921,10.1597,61.6811,232.3714,115.882,82.7637,316.7764,95.6343,0.0,258.5915,28.9483,2.7982,4.6272,1.75355,9.586,40.9797,683.4008,62.0321,472.1311,15.8517,3.0002,18.2362,0.0605,4.0663,7.2306,2.974,14.1115,81.21,15.08,2.24,6.4433,0.8682,58.6817,3.7725,2.7583,0.2173,0.0388,22.6253,6.458441349172991,0.13819720710054015,2.6291084733236145,0.058111342986739756,2.4674250478762016,21.093770356773536,533.7727,1.7872,6.98,0.164,2.2646,0.0569,1.3077,9.1778,0.0216,4.2939,0.0291,0.0237,81.3456
1.0,2997.92,2201.5777,0.7679,99.9956,1.4932,-0.0012,0.0028,202.001,8.0224,415.5934,0.9685,192.1203,12.4337,1.3878,-4001.0,-944.75,1.2813,2.002,7.3315,68.3222,2.3222,0.2103,84.3232,8.5218,64.2803,66.1861,87.0459,78.42,3.645,348.7564,136.4509,724.5407,1.3279,140.5009,625.7082,180.2234,4.537,4.778,2859.0,0.9309,22.4382,348.2364,10.3353,118.8891,8.4962,17.5618,20.3988,704.1419,151.0945,618.22,169.69280000000003,-0.021,-0.0017,-0.0836,-0.0048,-0.0939,0.0104,0.0739,6.6246,0.1361,0.9893,1863.0963,0.1911,8538.6601,0.0512,0.0353,-0.0059,0.0439,0.4643,0.9466,733.0903,0.9905,59.4586,0.5996,0.9771,6.3272,15.8,4.631,15.86,15.85,1.149,0.7585,3.182,0.4258,0.6909,2.298,1003.6322,89.0,59.8,85.9,53.8999,292.371,0.0645,0.083,0.0404,0.0509,0.0287,9.5014,5.714,16.354,0.0171,0.49,0.0487,238.0,1438.0,0.161,0.119,0.149,2.0,0.374,0.8705,0.1031,0.5282,0.3729,0.8096,0.511,0.1055,8.17,18.15,54.715,0.276,14.95,3.84,37.302,69.935,0.0606,0.0555,0.0158,0.0957,0.0547,0.0689,0.0633,0.1701,6.4655,0.0359,0.0013,106.7943,0.0281,1102.1001,0.0174,0.0216,0.0259,0.0361,102.2584,2.0267,0.0297,0.5011,0.0683,5.515,26.8857,18.2014,29.6831,0.0217,2.4246,0.0296,1.6501,0.1571,0.0177,102.8721,175.4734,991.9755,651.4667,0.0696,0.0562,0.0639,0.7311,0.0257,0.1434,0.3146,0.0448,0.1021,6.1843,0.1542,9.2578,0.0326,2.2267,5.5285,14.8748,0.073,1.1382,2.1191,10.6687,23.0252,0.0176,0.0269,0.0074,0.0424,0.0131,0.0323,0.0299,0.0724,1.9373,0.0129,0.0004,36.45,0.0098,341.3183,0.0064,0.0114,32.3395,0.7354,0.0103,0.1678,0.0203,4.5598,1.6097,4.1794,1.9947,3.4233,2.4482,29.9413,8.4061,5.5587,71.2259,3.9351,1.7694,3.9409,3.5119,53.2117,152.2096,12.5659,5.9441,2.0323,2.9273,43.0622,39.9366,11.1461,1.0323,1.2102,0.8217,0.243,5.8981,5.1081,4.409,7.9439,5.8149,2.9007,30.3595,6.1236,2.6705,8.0663,175.9613,5.2975,6.1709,31.5478,288.1426,79.3991,114.5079,0.0,73.3564,605.7416,230.0981,97.5977,3.2324,1.4757,0.1276,5.7321,14.7014,0.0,48.8372,736.8421,5.5848,3.8088,13.949,0.0749,3.4086,7.9198,2.974,14.1115,74.436,17.08,0.76,8.3167,0.3386,71.1457,4.2622,1.021,0.3311,0.0895,32.8864,6.384093520015923,0.14201625321476594,2.5901057269928662,0.05929138665850624,2.4157435764456467,20.892180367574188,535.83,1.6951,5.32,0.1566,1.9197,0.0623,0.9929,9.2356,0.0116,2.3646,0.0291,0.0237,81.3456
1.0,2936.59,2196.6889,1.5925,99.1133,1.4934,-0.0074,-0.0151,198.9536,13.605,424.5817,0.9599,188.977,12.4786,1.4158,-3591.25,371.75,1.2455,1.9928,7.2247,66.9778,2.2444,0.1786,85.564,9.7484,63.7678,66.4937,87.0605,63.86,2.746,365.1273,140.5345,745.0674,0.9819,137.28,642.9418,58.6684,4.56,4.816,2914.0,0.925,19.1027,365.3982,10.0961,119.6373,12.8245,20.8973,26.8797,718.1876,145.0818,630.1173,97.9123,0.0022,0.0137,-0.0205,0.0497,-0.0265,-0.0289,0.0628,7.6925,0.1248,0.9861,1792.3103,0.1993,8910.18,-0.0427,0.0363,0.0493,0.049,0.4644,0.9516,761.6652,0.9908,58.666,0.6044,0.9586,6.5592,15.74,3.263,15.78,15.75,1.002,0.5738,3.502,0.5204,0.698,2.3865,1002.1998,88.0,107.3,74.2,60.3999,177.502,0.4493,0.1003,0.0721,0.0572,0.0277,6.7289,14.60075,5.888,0.0193,0.6,0.039,1359.0,462.0,0.089,0.069,0.204,2.9,0.332,0.8054,0.2068,0.6932,0.3907,0.7981,0.51,0.1067,5.51,12.72,14.076,0.919,14.05,10.95,19.6349,100.881,0.2,0.0742,0.0522,0.0548,0.1187,0.0562,0.0981,0.0476,2.026,0.0689,0.0016,88.9163,0.0455,965.9004,0.0165,0.0139,0.0248,0.016,82.4865,2.6972,0.025,0.5526,0.0818,2.5145,23.7868,34.3988,27.3247,0.1364,2.3748,0.0398,4.499025,0.1746,0.0137,633.0427,187.3524,926.8288,204.1917,0.037,0.0307,0.0925,0.88,0.0399,0.1285,0.3198,0.0847,0.0536,4.2466,0.1891,4.8072,0.0299,2.1985,3.3716,4.6022,0.2815,3.3783,3.7354,6.064,26.4024,0.063,0.0323,0.0228,0.0289,0.0339,0.0239,0.0551,0.0222,0.7164,0.024,0.0005,27.3361,0.0129,314.9794,0.0056,0.0054,28.6259,0.7038,0.0091,0.1879,0.0278,3.7634,1.0342,3.932,3.6539,2.9372,2.7496,11.1418,28.2114,6.7163,113.767,1.3868,2.0131,4.8082,2.756,61.0651,124.2771,7.1457,3.4626,2.8236,4.3298,49.0099,72.8065,10.1799,0.9413,2.1214,1.0871,0.0947,3.3303,9.9406,2.2688,10.8628,4.0137,1.9784,23.9925,2.4178500000000005,9.1025,3.6611,109.5557,2.734,9.6257,103.032,0.0,176.247,267.3171,238.9833,212.0755,339.153,75.766,26.3378,3.4455,2.8605,0.16,4.961,22.8348,0.0,26.546,758.9744,5.3498,1.6792,10.8298,0.0656,4.5976,8.4247,3.4265,6.3792,76.23026404301866,16.980274492848782,1.2419671727565211,6.9594431582911005,0.5003133395129951,44.17740060654054,4.1827725660661175,1.6280685341298873,0.2163,0.0464,21.2957,6.355728167479474,0.14909347352646882,2.5326191843689383,0.06034802101491689,2.4226343130563848,20.966659283581166,524.487325,2.5047,16.27995,0.5586,5.675924999999999,0.19935000000000003,3.0781499999999995,22.304,0.0174,3.47,0.0171,0.0096,56.0858
1.0,2975.92,2238.5444,0.901,99.31,1.461,0.0185,0.0058,200.2615,9.1894,410.4279,0.9779,189.992,12.4496,1.4044,-4999.75,187.0,1.3165,1.98,7.3192,66.4556,2.7778,0.2172,85.1817,8.6211,63.9846,66.1702,86.955,77.92,2.514,361.3055,138.9327,742.8003,1.1658,137.7636,638.0018,40.2614,4.566,4.808,2909.0,0.9271,13.6809,363.6564,10.6211,112.6136,18.0182,26.3191,33.0758,709.7245,143.7136,619.9836,89.1211,0.0132,-0.0001,-0.0827,0.0128,-0.0197,-0.0239,-0.0374,6.578,0.1314,0.9739,1759.3842,0.1944,8929.55,-0.0118,-0.0205,-0.0143,-0.0477,0.4653,0.9424,773.9955,0.9899,55.287049999999994,0.6004,0.9776,6.3066,15.74,3.263,15.78,15.75,1.002,0.5738,3.502,0.5204,0.698,2.3865,1002.1998,92.0,93.8,174.4,80.2002,284.437,0.2501,0.1067,0.0539,0.0523,0.0107,9.7497,4.382,12.476,0.0058,0.26,0.0385,681.0,411.0,0.063,0.102,0.188,2.2,0.759,0.631,0.0928,0.5188,0.3157,0.8079,0.767,0.2284,12.24,7.57,14.732,0.519,18.54,8.14,20.504,56.851,0.0903,0.0443,0.0311,0.0339,0.0692,0.0214,0.1008,0.037,4.7795,0.0559,0.016925000000000003,153.9373,0.0341,669.7998,0.0166,0.0254,0.142929741063238,0.0231,78.3188,2.2659,0.0423,0.59,0.0818,2.5145,22.8062,35.3058,58.5259,0.0882,0.9053,0.0408,1.0421,0.0708,0.0138,288.5285,230.0918,1907.2756,172.6673,0.0282,0.0494,0.0781,0.7282,0.0367,0.2691,0.231,0.0354,0.1079,7.4121,0.3128,5.1674,0.0731,3.6406,2.7494,4.9548,0.1572,2.1187,3.0849,6.1966,20.7674,0.0234,0.0213,0.0134,0.015,0.025,0.01,0.051,0.0165,1.6238,0.0166,0.0058000000000000005,48.4665,0.011,234.2981,0.030154253845916208,0.0066,24.7063,0.625,0.0126,0.1958,0.0278,3.7634,1.0342,4.1633,3.152,7.6282,3.5827,17.1436,27.7575,7.3035,47.6856,3.0398,0.5952,2.0884,2.7392,83.8242,219.7861,4.7854,5.1515,2.5686,3.3105,72.0,59.8465,22.449,0.7408,1.0765,0.8108,0.2094,5.779,7.9247,2.5675,19.5892,8.8848,1.1865,36.5909,2.4178500000000005,4.8865,7.9564,102.8961,2.889,15.2723,63.7907,685.064,103.6864,41.0039,539.0458,108.6294,422.199,99.0629,72.6583,2.7397,2.3027,1.75355,8.7495,17.5464,0.0,74.7875,0.0,28.089792063513592,2.4463,10.1188,0.0787,4.1301,9.3551,3.4265,6.3792,72.67,14.06,0.95,5.7936,0.3672,50.9056,3.5128,1.3073,0.1454,0.0332,15.2751,6.327116202744963,0.12495940920582302,2.460978528800802,0.05416511972054869,2.4218362841328336,20.861154867151352,531.2809,2.3875,10.32,0.5133,3.578,0.1694,1.9425,21.4982,0.0174,3.4886,0.0107,0.0071,66.2997
1.0,2973.53,2177.3222,1.3101,101.1478,1.3955,-0.0259,0.0003,199.7621,12.9393,421.5235,0.9678,190.1023,12.46,1.4032,-5428.5,1578.25,1.1460249999999994,1.8872,6.655225,68.2333,2.3889,0.1807,84.3575,8.531,64.2467,66.3319,87.0242,77.59,3.893,350.4082,139.4,730.7454,1.2914,141.5709,631.3791,132.9639,4.567,4.804,2833.0,0.9354,14.75,350.1027,10.4051,114.15,10.0455,25.25,32.5387,698.2066,157.0809,621.3336,87.6682,-0.0127,-0.036,0.0085,-0.0027,-0.0871,-0.0514,0.0654,7.1851,0.1361,0.9795,1881.7384,0.2717,8697.5999,-0.0059,-0.0307,-0.0292,0.1899,0.47,0.951,751.7362,0.9908,58.446,0.5981,0.9765,6.3282,15.84,4.036,15.88,15.82,1.092,0.6774,3.037,-0.2838,0.758,2.3101,1003.854,88.0,125.1,110.9,46.3999,264.955,0.1939,0.134,0.0634,0.0541,0.0266,5.6024,9.085,4.307,0.0168,0.47,0.0288,588.0,75.0,0.136,0.087,0.179,3.0,0.168,0.8708,0.0529,0.5231,0.2941,0.8196,0.461,0.202,9.58,18.46,93.423,0.302,17.75,4.86,28.113,128.472,0.0895,0.0376,0.0274,0.122,0.06,0.0745,0.0904,0.0775,3.8991,0.05,0.006,176.709,0.0337,927.0996,0.0294,0.0152,0.0438,0.0101,73.6553,2.7678,0.0363,0.473,0.0778,4.3742,23.7868,44.9126,38.4425,0.0586,1.6927,0.0484,2.8089,0.1544,0.0095,269.6294,322.8679,1820.3541,35.9479,0.0571,0.041,0.0775,1.0,0.0224,0.0544,0.3131,0.0196,0.1132,6.106,0.1737,9.4814,0.0568,3.1288,5.6242,27.6009,0.0833,1.6169,2.1105,9.0981,36.5963,0.0298,0.0164,0.014,0.0502,0.0166,0.0364,0.0472,0.0373,1.396,0.0161,0.002,53.8909,0.0096,346.8185,0.0072,0.0032,27.0277,0.8041,0.0102,0.1564,0.0271,5.2764,1.3342,3.932,4.2071,4.4365,2.1311,24.322,14.8011,9.6026,70.2126,1.0218,1.7394,3.7721,2.0489,73.8694,4.7521,13.8141,4.6099,3.4745,4.3967,37.6744,38.7454,3.5985,1.0323,0.62,0.8142,0.2858,5.6106,7.3888,4.2462,15.6441,6.7669,2.9238,67.14087500000002,6.701,2.9024,7.2011,176.6966,4.0265,20.7864,146.5435,704.3778,52.7905,0.0,0.0,85.5339,175.8755,118.411,54.2659,3.2324,2.0389,0.6143,9.3907,9.236,479.6844,105.4264,0.0,9.3158,1.0591,9.798,0.0693,4.7356,7.4744,3.3695,11.6144,75.67700462663882,17.318967718486082,1.227365775753721,7.915289034715346,0.5315948743050232,58.378040673373896,4.290484299768688,1.636694651329542,0.9412,0.1514,95.8686,6.417718902323792,0.15212142804919512,2.5043547399927704,0.061718638619995936,2.458139326566722,20.298519576924946,534.1736,1.7757,9.3,0.2149,3.285,0.0654,1.741,12.1012,0.0155,3.0955,0.021,0.0156,74.0589
1.0,2954.36,2238.5444,0.901,99.31,1.4086,-0.0087,-0.0014,199.7549,10.4274,414.821,0.966,189.515,12.4896,1.3839,-2435.5,1501.0,1.1460249999999994,1.8925,6.655225,67.4667,2.4444,0.1736,85.6608,9.5713,64.1016,66.437,86.8261,64.39,2.501,348.6818,132.8773,717.304,1.0373,137.0736,618.6327,48.9119,4.584,4.814,2823.0,0.936,8.0955,347.3954,10.3356,120.9727,4.4283,11.9045,14.1135,703.1905,147.2491,615.6173,106.6977,0.0073,0.0223,-0.0525,0.0751,-0.0118,-0.0291,-0.0153,8.4215,0.1283,0.9849,1763.6142,0.1938,8701.1101,0.0515,0.1535,-0.0459,0.1187,0.4628,0.9534,740.0678,0.9909,59.0927,0.604,0.958,6.4746,15.74,3.263,15.78,15.75,1.002,0.5738,3.502,0.5204,0.698,2.3865,1002.1998,131.0,162.0,58.5,80.2002,284.437,0.2501,0.0681,0.0631,0.0592,0.0342,9.9205,9.045,6.33,0.0198,0.93,0.0506,327.0,106.0,0.129,0.084,0.171,1.9,0.188,0.6791,0.1233,0.6064,0.3812,0.799,0.813,0.1433,9.1,19.0,22.705,0.26,8.77,5.42,31.699,109.543,0.233325,0.0745,0.08,0.0934,0.149,0.0299,0.0604,0.0482,3.3942,0.0392,0.0017,92.8213,0.0276,679.0,0.0162,0.0148,0.0916,0.0179,75.7608,3.6717,0.0384,0.4824,0.0818,2.5145,33.4829,53.3178,22.9517,0.0882,0.9053,0.0215,2.4663,0.1923,0.017,146.0762,276.5362,2095.3188,50.8003,0.0535,0.0367,0.0768,0.6519,0.0176,0.0571,0.254,0.0553,0.0801,5.9448,0.2825,9.1487,0.0503,3.1734,5.6908,7.4643,0.0827,1.6847,1.538,9.5106,34.1705,0.06957500000000001,0.0304,0.0358,0.04,0.04535,0.0134,0.0262,0.0214,1.268,0.0133,0.0005,28.9089,0.0085,212.2821,0.0146,0.0054,23.1902,1.2161,0.0107,0.1741,0.0278,3.7634,1.0342,5.908,5.4834,2.2858,3.5827,17.1436,27.7575,4.8345,86.7429,1.526,2.0544,7.4462,3.6534,181.4822,7.062,13.2003,4.4386,3.347,2.8162,24.5455,29.3854,4.052,0.7928,1.2882,0.946,0.2093,5.7015,7.4279,4.2017,13.8111,6.6388,3.0713,46.4202,6.7525,2.5156,4.935,198.0461,4.5079,25.5496,102.6667,0.0,104.4515,177.7355,198.4682,254.4681,207.9174,314.0065,40.3042,2.0267,1.6238,0.1733,5.2631,14.2381,0.0,33.8425,780.6061,19.7945,1.8774,10.237,0.0627,6.2135,7.4512,3.4265,6.3792,77.51343098697828,16.988605913140493,1.2527514958892412,7.617529366933003,0.5246496677364463,58.661972392891265,4.191733191469161,1.6447580257680174,0.228,0.0478,23.3263,6.454259555415406,0.12807554175772048,2.5394798616493173,0.0541023318661529,2.4477324450010647,20.501946586364397,531.9845,1.8554,10.89,0.2317,3.9933,0.0704,2.0471,12.4884,0.026,5.2369,0.0226,0.0106,46.9253
1.0,2887.33,2201.5777,0.7679,99.9956,1.3901,-0.001,0.006,199.1747,9.2258,430.7835,0.9566,189.6877,12.46,1.3939,-3813.482520312359,-320.07618031428046,1.174345733826734,1.924709949949479,6.655225,70.33529618799732,2.0901736130968196,0.16961136967142443,86.106,8.7879,63.9266,65.9625,86.7106,76.05,2.287,353.6418,119.7,709.2932,1.4182,144.9927,618.3345,188.7016,4.609,4.843,2821.0,0.937,5.8091,347.8518,11.1209,88.35032500000001,32.87715,34.1909,38.9877,670.3055,149.1209,589.180775,120.9721,0.0137,-0.0554,-0.0001,0.0063,-0.0831,-0.0263,0.0353,7.2347,0.1363,0.9812,1757.8129,0.1694,8821.9001,-0.0638,-0.0391,-0.0113,-0.057,0.4673,0.9125000000000003,739.4489,0.9862499999999997,56.3196,0.6013,0.9632,6.3303,15.82,4.21,15.87,15.85,1.569,0.7024,3.105,-0.0946,0.6955,2.3167,1014.2967,73.0,227.7,197.3,53.8999,292.371,0.0645,0.1146,0.0519,0.0474,0.0313,9.1759,4.551,14.271,0.0229,0.47,0.0376,889.0454940476336,4409.109997858071,0.13408441996844103,0.10773765348212708,0.2501307503201816,2.805692712416822,0.40783374553479657,0.7367,0.1184,0.4407,0.2412,0.9064,0.29,0.0983,6.98,19.36,70.013,0.161,20.29,10.28,28.401,86.643,0.1221,0.0612,0.0093,0.0501,0.079,0.0773,0.1165,0.0634,3.8323,0.0509,0.0128,128.3335,0.0519,921.5,0.0143,0.023,0.0305,0.0364,89.7966,3.166,0.0308,0.3676,0.0774,2.166,18.8746,78.9401,67.9444,0.0217,2.4246,0.0415,1.695,0.1544,0.0155,409.3916375015846,244.64337829730462,2003.7763791725176,2170.8929562677095,0.06107893299434307,0.05258855355499044,0.12369176180218283,0.8841782640952277,0.03851124793272852,0.1305537876616656,0.2818,0.0464,0.1352,5.3249,0.0932,9.4097,0.0274,2.0405,5.3773,18.7622,0.0433,3.5775,2.6837,9.6871,29.406,0.0378,0.029,0.0043,0.0257,0.0261,0.0384,0.0521,0.0287,1.385,0.0188,0.0037,42.9149,0.0136,330.6749,0.0051,0.0116,29.607,0.8443,0.0092,0.119,0.0248,4.5167,0.8411,3.299,7.8862,7.7337,2.4482,29.9413,8.4061,8.2439,49.329,3.3128,2.3928,3.7721,2.6983,99.84021416014379,205.1998968109623,16.194010460294475,10.140194936854936,7.932874999999999,4.043972152830255,58.449420015065144,73.45204477630412,11.64771344571952,0.8556,1.3475,0.6894,0.3322,4.7393,6.2573,4.4615,6.9292,4.814,3.131,37.1025,6.0818,1.4477,14.5949,56.5927,4.237,13.4498,71.6223,890.4284,136.9894,0.0,0.0,93.0205,442.9658,179.6034,52.9712,3.5228,2.1145,1.3061,7.3007,30.6491,0.0,48.6957,780.9524,6.5334,3.987,12.1437,0.24217499999999997,5.6215,5.8064,3.3431,6.1986,80.88,22.73,1.58,10.7442,0.6502,82.1305,5.5941,1.9535,0.1492,0.034,15.0943,10.74,0.2141,4.0885,0.0886,3.9886,27.5994,533.8264,2.3352,8.42,0.3121,2.9466,0.0955,1.5773,13.3646,0.0169,3.3258,0.0353,0.019,53.746
1.0,3098.45,2197.6778,1.3168,102.9611,1.5057,-0.0213,0.0039,198.56,12.1401,419.5144,0.9572,188.8003,12.46,1.4068,-3449.75,-1159.5,1.268,2.009,7.3295,66.3556,2.5333,0.1972,85.3625,8.5952,64.0145,66.2273,86.7997,36.3425,5.211,361.0745,143.5345,747.2375,1.0883,136.9591,641.5682,46.2053,4.566,4.808,2909.0,0.9271,14.0673,361.1736,10.35,117.6018,13.3482,25.9327,33.4275,713.81,149.4445,628.22,90.7632,-0.0036,-0.0137,0.0032,0.0192,-0.0867,-0.0224,0.0507,8.1275,0.1283,0.9851,1855.7416,0.188,8740.31,0.0626,-0.0595,-0.1297,-0.0418,0.4676,0.9333,754.4612,0.991,58.0154,0.5881,0.9664,6.3452,15.72,3.084,15.74,15.73,1.12,0.5563,3.257,0.0,0.7931,2.3796,1001.6543,119.0,219.4,197.2,56.6001,314.341,0.1487,0.0778,0.0591,0.0561,0.0232,6.0348,10.186,10.762,0.0216,0.61,0.0563,2198.0,1628.0,0.091,0.096,0.271,1.4,0.524,0.8576,0.1268,0.4657,0.293,0.6545,1.006,0.1042,13.744999999999997,12.07,17.839,0.53,19.9,9.35,18.892,124.388,0.1735,0.0471,0.0295,0.0823,0.1418,0.0796,0.0721,0.0607,3.2161,0.0991,0.0028,110.4727,0.0276,577.0,0.013,0.0311,0.142929741063238,0.0068,60.8499,2.7553,0.0275,0.4612,0.0862,5.2514,28.558,77.8992,69.5795,0.0546,1.6977,0.0284,3.3996,0.1748,0.0164,954.2884,135.5089,229.9947,695.5312,0.0421,0.0393,0.1222,0.4157,0.033,0.1602,0.355,0.0474,0.1424,8.13395,0.364425,5.0748,0.0306,4.001600000000001,3.4296,4.4853,0.1618,3.0607,3.1219,5.558,41.0287,0.0423,0.0214,0.0124,0.0434,0.0397,0.037,0.0392,0.0276,1.0072,0.03,0.0009,32.9041,0.0102,171.962,0.024,0.0021,19.2695,0.7941,0.0096,0.1549,0.0291,3.7933,1.7874,5.275,7.081,8.0826,2.5755,29.7451,11.2896,5.1669,83.9038,2.5654,2.2587,4.8957,3.9999,14.6098,140.4053,7.1767,4.7785,3.6974,2.1098,63.1579,45.6338,14.7449,1.0047,1.4749,0.7275,0.2732,5.708,9.3915,2.5443,9.577,9.8219,1.8813,38.6081,2.4178500000000005,5.1208,7.4149,149.0839,2.6466,37.4547,137.0468,0.0,129.0411,0.0,737.3416,91.8373,322.2346,119.7239,39.5709,1.8706,4.1589,0.2816,5.953,14.6945,0.0,23.2288,512.5,28.089792063513592,0.7284,8.0653,0.1117,4.7493,7.2691,3.6213,11.4075,74.88806985667412,16.606574877372513,1.1914266530254634,7.390279066567937,0.4879259861686738,75.08255930544516,4.105862256645316,1.5792046328390985,0.1124,0.0284,11.6369,6.451662143862166,0.1402506613464853,2.5655591103719146,0.0589585289863926,2.4687513305413535,21.763279876896625,531.1509,2.3937,10.44,0.4549,3.3998,0.1238,1.9655,19.0018,0.0123,2.456,0.0358,0.0162,45.2582
1.0,2950.18,2196.6889,1.5925,99.1133,1.4454,-0.0125,-0.0162,199.7992,8.0652,414.9417,0.979,190.5632,12.4661,1.4051,-2877.5,-99.75,1.2842,2.0017,7.1653,66.8889,2.4889,0.1937,85.564,9.7484,63.7678,66.4937,87.0605,63.86,2.746,353.7145,137.5555,732.7166,1.257,134.9109,626.1809,200.8876,4.638,4.863,2824.0,0.9341,5.0809,350.7936,10.7687,102.6364,21.1545,34.9191,45.2166,687.5,151.5964,605.0264,76.9068,0.0246,0.0079,-0.0739,0.0326,-0.1181,-0.0221,-0.0522,7.3715,0.1281,0.9897,1871.0413,0.1865,8980.1699,-0.01,0.0381,-0.0025,0.0559,0.472,0.9504,707.6926,0.9909,57.6322,0.5987,0.9758,5.9953,15.79,4.184,15.84,15.85,1.064,0.7275,3.245,0.2365,0.6755,2.3099,1000.7826,142.0,84.0,43.1,60.3999,177.502,0.4493,0.1286,0.1096,0.0422,0.0109,17.773650000000004,4.487,12.161,0.0079,0.31,0.0519,672.0,1680.0,0.143,0.079,0.169,2.5,0.66,0.8054,0.2068,0.6932,0.3907,0.7981,0.282,0.1206,5.8,21.25,43.241,0.289,21.17,3.95,32.686,74.679,0.1677,0.0669,0.0936,0.0394,0.154125,0.17032499999999995,0.0688,0.0485,3.333,0.0328,0.0011,160.1476,0.0584,677.0996,0.0127,0.0126,0.0666,0.0322,107.6124,3.3341,0.0174,0.3737,0.0645,5.3239,35.1495,30.261,13.1632,0.1364,2.3748,0.0462,1.7705,0.0744,0.0153,313.2161,320.5718,453.5442,796.1082,0.073,0.0392,0.0751,0.9185,0.0521,0.2057,0.3198,0.0847,0.0536,5.876,0.0815,9.1262,0.0384,1.5242,6.468,16.316,0.0936,1.3223,2.6605,10.0016,23.65,0.0499,0.0302,0.0433,0.0162,0.04535,0.0802,0.0325,0.0245,1.2389,0.0128,0.0004,46.9775,0.019,219.4953,0.0146,0.0096,37.1426,1.0183,0.0055,0.1233,0.0227,4.4604,1.6678,6.1435,2.8473,1.7121,2.7496,11.1418,28.2114,8.897,55.6342,2.9308,0.8075,2.4867,3.6936,32.3197,0.0,11.1349,3.9465,2.3586,3.7375,32.1429,76.9363,19.6273,0.9413,2.1214,1.0871,0.0947,4.939,6.0775,4.1324,9.5938,4.2991,3.3936,21.525,5.7868,2.6837,7.7068,100.0731,4.7543,38.0473,97.1032,682.2273,567.62975,53.2792,555.9478,146.709,311.3122,93.001,45.215,3.3556,1.3885,0.1154,8.5593,31.3436,0.0,53.4918,858.5366,14.1084,3.3891,15.2061,0.0601,5.7851,6.2325,2.7919,14.8581,81.906,12.67,1.02,5.8062,0.4903,49.3799,3.0673,1.2453,0.0926,0.0236,9.4814,6.22,0.1534,2.2159,0.0639,2.5067,20.5556,529.5736,2.3868,11.54,0.4945,4.001,0.1308,2.1791,20.7173,0.011,2.1872,0.0275,0.0314,114.1967
1.0,2936.04,2186.9889,1.2981,103.3322,1.5044,0.0038,0.0137,199.2556,9.2069,412.0623,0.9678,187.0558,12.4337,1.392,-2110.25,1612.25,1.1460249999999994,1.8758,6.655225,65.9111,2.3778,0.1672,85.482,9.3998,64.2033,66.3747,87.2029,65.12,2.939,351.9564,117.3973,706.3051,1.4734,147.4036,616.7573,204.3357,4.609,4.843,2821.0,0.937,28.5145,350.1873,10.6759,105.9118,10.8703,11.4855,15.3918,690.9133,150.9482,607.0473,74.6686,-0.0182,-0.044,-0.0551,0.0121,-0.0917,-0.027,-0.0432,8.4844,0.1335,0.9694,1803.9505,0.1534,8542.08,-0.0497,-0.0428,0.0548,0.0753,0.4591,0.9574,654.6793,0.9904,58.6614,0.6015,0.9807,6.275,15.79,4.184,15.84,15.85,1.064,0.7275,3.245,0.2365,0.6755,2.3099,1000.7826,77.0,230.7,150.0,52.8999,215.431,0.1318,0.0767,0.0698,0.09185000000000001,0.0176,6.0951,8.707,11.663,0.0158,0.49,0.0468,294.0,39.0,0.056,0.057,0.088,5.475,0.117,0.5095,0.1872,0.5517,0.3155,0.8867,0.275,0.1285,5.21,19.35,38.526,0.26,16.3,4.31,30.8961,101.065,0.1774,0.0593,0.0383,0.1045,0.107,0.0868,0.0846,0.0553,3.0767,0.0704,0.0031,94.1011,0.0225,769.4004,0.0164,0.0178,0.114,0.0124,81.7457,3.015,0.0293,0.3278,0.0645,5.3239,19.7952,75.834,54.6892,0.0493,2.1389,0.0219,2.8009,0.1571,0.0161,133.9714,208.6295,3556.2941,17.2699,0.0238,0.0233,0.0371,1.7348750000000002,0.0279,0.0354,0.1989,0.0786,0.0872,5.7813,0.083,8.86,0.0365,1.532,5.5559,12.6389,0.0713,1.4384,1.915,9.5792,35.0094,0.0457,0.0266,0.0158,0.0444,0.0298,0.0392,0.0442,0.0245,1.0173,0.0237,0.001,29.4544,0.0071,214.5253,0.0193,0.0043,23.5719,0.9914,0.0083,0.1178,0.0227,4.4604,1.6678,3.4904,7.8575,5.8268,2.4188,22.6956,10.1551,5.0985,94.5703,2.8304,1.6318,3.9409,3.3641,294.203525,2.419,5.8016,3.0388,1.7933,8.318725,29.4393,52.6246,2.5466,0.596,1.9916,0.8593,0.1327,5.3046,5.8179,4.0501,8.7234,3.5345,3.1374,18.8543,6.0818,2.4354,5.7595,149.9497,4.4718,21.1349,135.3513,976.4018,322.2826,189.7413,887.5065,94.6823,313.9147,127.8613,36.2633,3.0701,2.9212,0.3184,5.2164,14.6817,0.0,51.1628,747.8261,24.838,1.2953,12.4864,0.0851,5.1397,5.2235,2.7919,14.8581,82.794,19.09,0.8,7.5474,0.3079,108.1069,4.6545,0.9662,0.4436,0.0822,47.2964,5.68,0.3519,2.1214,0.1331,2.1391,46.2315,532.2545,2.4656,12.05,0.3883,4.1489,0.1249,2.264,15.7488,0.0184,3.6857,0.0046,0.018,270.988
1.0,3118.63,2170.5444,1.439,104.53,1.4385,-0.0029,0.0099,199.2032,10.0795,410.1935,0.9695,189.1268,12.4616,1.3759,-3857.75,-4475.75,1.272,1.9497,7.1532,71.2,2.3778,0.2013,85.4465,9.1855,63.7996,65.7014,86.3482,84.98,1.88,349.0073,128.6027,714.777,1.3427,144.4345,622.0445,171.8753,4.622,4.883,2821.0,0.9363,3.7982,347.7664,10.62,112.4009,17.65,16.2018,22.3823,692.3947,144.2273,604.3945,106.8394,-0.0296,0.0207,-0.0468,0.0097,0.0038,-0.0236,-0.0578,7.2252,0.1249,0.9896,1873.5524,0.1697,9248.9599,0.1773,0.027,-0.1217,0.0679,0.4593249280280247,0.9448,809.5983,0.9909,59.1346,0.6035,0.9779,6.4299,15.85,4.325,15.87,15.92,1.456,0.7094,3.145,0.2838,0.716,2.2881,1004.7456,81.0,171.7,116.7,45.0999,156.716,0.1148,0.0594,0.0448,0.0565,0.0255,11.8915,11.476,4.218,0.016,0.51,0.0402,225.0,4254.0,0.152,0.074,0.148,4.8,0.364,0.4812,0.2553,0.6521,0.3178,0.8823,0.618,0.1676,10.36,18.7,58.204,0.164,17.84,4.93,32.717,73.154,0.1251,0.0518,0.0282,0.0427,0.0779,0.0865,0.1179,0.0464,4.4421,0.0519,0.0017,123.4945,0.0298,818.7002,0.0184,0.032,0.06560788429293374,0.0264,115.1912,3.0283,0.0264,0.4532,0.0686,2.996,22.7229,57.1556,36.5983,0.0405,2.5807,0.0201,3.4722,0.1588,0.014,94.9421,135.6085,260.2004,1878.9198,0.076,0.0327,0.0684,1.4824,0.0564,0.1404,0.1883,0.10140000000000002,0.0857,6.2071,0.1781,8.999,0.0494,2.6395,4.9778,18.5676,0.0516,1.3561,1.9144,9.9375,17.9475,0.0364,0.023,0.0137,0.0193,0.0241,0.0376,0.0552,0.0201,1.5098,0.017,0.0005,35.5065,0.0125,245.551,0.01439209234025281,0.007,33.4049,0.8427,0.0108,0.1469,0.0225,3.1806,0.9889,3.6701,5.5056,4.7078,2.0778,17.0147,7.9778,4.1292,113.8543,1.0283,1.6453,4.0926,2.924,15.4753,95.0455,11.9497,3.7954,2.069,6.7416,54.6729,84.4371,10.7202,0.5632,2.7797,1.0221,0.2614,5.8881,5.7464,4.2139,12.4838,7.1728,3.0062,33.8641,6.6629,1.5443,4.822,101.0768,4.7252,11.0357,68.471,422.8137,460.4444,91.2393,800.5138,0.0,499.5763,80.2768,61.4804,1.9209,2.1109,0.1696,6.5915,17.5799,0.0,83.3747,0.0,13.443819140296242,2.7989,14.2282,0.0555,5.1211,7.0491,2.9982,8.2293,74.31902711657625,17.175377409758166,1.202043981093542,7.685207427551966,0.48166527944318793,61.29527985023777,4.272433564137747,1.629529423675815,0.1001,0.0259,10.3089,4.98,0.0877,2.0902,0.0382,1.8844,15.4662,524.487325,2.0687,16.27995,0.2813,5.675924999999999,0.0787,3.0781499999999995,13.5991,0.016,3.1946,0.0075,0.0112,150.3448
1.0,3013.98,2167.5,1.3719,102.1733,1.5523,-0.011,0.0096,199.158,7.2777,412.9145,0.968,188.6077,12.4753,1.3795,-3932.0,-6087.0,1.3077,1.9483,7.2233,70.6444,2.0,0.1389,85.4465,9.1855,63.7996,65.7014,86.3482,84.98,1.88,366.5909,129.7645,732.2325,1.0245,137.1691,633.5245,48.7259,4.657,4.896,2861.0,0.9242,5.0473,361.9836,10.4124,114.8118,12.1605,14.9527,20.2979,711.9345,146.0409,622.8364,80.1635,-0.0095,0.0249,-0.0258,0.0183,-0.009,-0.0243,-0.042,6.3871,0.135,0.9899,1850.6233,0.1984,8667.56,0.0867,0.0177,-0.0396,0.1997,0.45408317330695147,0.9476,750.6866,0.9912,57.7808,0.5993,0.9667,6.2946,15.84,4.429,15.7,15.67,1.39,0.706,3.108,0.4258,0.752,2.2948,1006.3928,139.0,76.2,105.7,42.2,311.329,0.0995,0.1181,0.0493,0.0531,0.0274,6.316,3.59,20.467,0.0161,0.64,0.12487500000000004,237.0,11050.0,0.066,0.085,0.094,3.9,0.356,0.4812,0.2553,0.6521,0.3178,0.8823,0.892,0.1311,8.59,23.74,15.587,0.573,20.83,5.83,34.777,54.163,0.177,0.0537,0.0347,0.0142,0.154125,0.0871,0.0783,0.0577,4.2752,0.0636,0.001,98.8339,0.0446,988.7002,0.0311,0.0124,0.06274838705428654,0.0105,103.1868,2.2984,0.0307,0.4168,0.0691,2.5663,36.4136,27.3981,31.323,0.032,2.4447,0.0361,1.1059,0.1819,0.044225,104.698,103.6613,329.6796,6041.8568,0.0301,0.0455,0.0435,1.3389,0.034,0.1061,0.1883,0.10140000000000002,0.0857,5.2693,0.287,11.1439,0.0381,2.2591,7.5967,5.3828,0.1564,2.0308,1.4347,10.8116,17.3646,0.0472,0.0236,0.0163,0.0068,0.0448,0.0427,0.0435,0.0302,1.2133,0.0193,0.0003,33.4964,0.0134,411.3032,0.013863426808343068,0.0032,41.5168,0.6425,0.0098,0.1394,0.0234,4.1983,0.9168,6.3228,2.5282,4.2471,1.9469,29.1383,7.2557,7.6081,49.3286,4.9567,1.662,5.1301,8.965549999999999,19.8627,159.9055,5.0468,4.3629,1.3014,5.5206,70.0,80.64,10.3102,0.5632,2.7797,1.0221,0.2614,3.7235,8.3073,4.9203,12.7967,6.2624,3.7473,31.9891,5.8835,5.5031,8.3702,171.2921,4.8849,25.0945,67.5656,0.0,175.4902,55.0921,907.9755,810.3525750000001,322.8866,137.4628,66.9341,3.4803,2.6935,0.1025,5.3406,22.4579,467.9245,48.1046,0.0,13.278457510014265,1.1082,13.7457,0.0905,3.9778,6.622,3.0097,6.7884,83.016,16.49,1.19,7.9725,0.4538,61.6507,4.137,1.4335,0.5414,0.0968,53.0444,4.98,0.0877,2.0902,0.0382,1.8844,15.4662,532.7,2.3601,10.46,0.1936,3.7087,0.0595,1.9636,8.2046,0.0129,2.572,0.0104,0.0083,79.8045
1.0,2917.09,2213.7556,0.7217,104.1667,1.4628,0.0163,-0.0264,201.146,10.4777,417.8509,0.9703,190.7588,12.6278,1.4275,-5749.3333,328.75,1.271,2.008,7.349,67.4889,2.7111,0.2124,84.9715,8.6013,64.0262,66.2377,86.9247,76.97,4.019,354.9836,136.7809,732.7662,1.3661,137.4809,629.2455,217.1607,4.608,4.85,2829.0,0.9337,10.9955,353.1318,10.7197,107.7764,20.9055,29.0045,37.4668,695.2994,147.4318,608.34,103.406,0.0053,0.0552,-0.0568,0.0194,-0.1139,-0.038,-0.0367,6.6704,0.1306,0.9636,1881.9657,0.1602,8783.23,0.0359,-0.0195,-0.1327,0.031,0.4673,0.9528,761.2689,0.9907,58.4879,0.606,0.9763,6.2355,15.77,4.348,15.76,15.75,1.239,0.6881,3.091,-0.0473,0.6586,2.3073,998.4948,143.0,88.6,134.1,53.9001,415.735,0.0594,0.0773,0.0977,0.0871,0.0292,10.4271,5.97,12.043,0.0145,0.55,0.061,789.0,256.0,0.079,0.093,0.085,1.4,0.587,1.0039,0.0452,0.5476,0.3005,0.7709,0.436,0.0845,6.64,17.14,59.21,0.471,23.96,10.75,43.157,35.436,0.0993,0.0463,0.124,0.0359,0.0518,0.0825,0.0581,0.0356,4.048,0.0851,0.0131,138.3851,0.0474,910.5996,0.0177,0.0186,0.0334,0.024,116.0519,2.591,0.0212,0.527,0.0679,4.3986,27.7474,32.334,44.287,0.0218,3.1379,0.0304,1.7561,0.1672,0.0194,337.2154,233.637,1778.9076,122.2903,0.0355,0.043,0.0372,0.4676,0.0506,0.1933,0.3668,0.0207,0.0807,5.4651,0.1473,9.2144,0.0244,2.1414,5.2277,16.3236,0.1515,3.4743,4.4095,12.4533,11.885,0.0306,0.0194,0.0553,0.0155,0.0191,0.0454,0.0271,0.0154,1.239,0.0265,0.0049,49.5449,0.0155,255.7476,0.008,0.0071,32.8346,0.6847,0.0077,0.1767,0.0217,4.3521,1.6404,6.48,3.0373,5.3236,2.4348,37.3339,8.226,5.2843,56.978,2.8821,1.4978,4.3555,4.2698,58.5633,77.8707,6.2156,4.6315,1.1566,2.0744,40.5738,67.3117,17.4593,1.1815,0.5252,0.8553,0.1928,5.1298,6.2728,4.2611,6.1852,4.8298,2.7239,27.2655,5.8273,4.3938,12.3125,114.611,6.207,7.2705,34.2688,0.0,86.9076,63.2321,267.6138,72.4161,152.8947,96.9367,60.6864,5.59805,3.5477,1.3638,7.3532,29.5969,246.971,64.6204,0.0,7.1397,2.5188,15.2445,0.0809,4.43,8.4514,2.9445,11.6625,72.488,15.49,0.89,7.4357,0.3757,57.1569,3.8653,1.2278,0.1741,0.0429,17.5409,6.385348793892596,0.14342223529547013,2.5323309430665706,0.0566084349509037,2.430526295875254,20.70936627343651,537.6618,2.2127,8.37,0.2784,2.5383,0.0925,1.5567,12.5829,0.0184,3.6824,0.0061,0.0141,233.2441
1.0,2977.43,2218.0555,0.8579,105.8133,1.4849,-0.002,0.0082,196.4381,11.0801,406.0418,0.9683,185.3838,12.4616,1.4237,-3855.5,5333.3125,1.264,1.9572,7.235,71.2333,1.9,0.139,85.4465,9.1855,63.7996,65.7014,86.3482,84.98,1.88,351.4273,130.8782,717.8685,0.9977,137.4055,619.7109,55.2319,4.61,4.849,2802.0,0.9366,-5.7182,349.0073,10.805,105.16,20.0191,25.7182,31.4501,686.4185,145.5245,599.6918,94.7971,-0.0239,0.0387,-0.0293,-0.0139,-0.008,-0.0221,0.0508,7.4191,0.1311,0.9891,1815.6927,0.1886,8552.3599,-0.0094,0.0623,0.0377,0.115,0.491575,0.9431,740.1718,0.9909,59.3036,0.5991,0.9699,6.2525,15.87,3.165,15.87,15.85,1.035,0.5609,3.275,-0.2365,0.8117,2.3672,1006.3086,87.0,69.7,142.4,70.5,340.8611,0.3963,0.0492,0.0448,0.0472,0.019,1.7483,14.357,6.744,0.0148,0.51,0.0244,470.0,20186.0,0.101,0.091,0.132,3.3,0.413,0.4812,0.2553,0.6521,0.3178,0.8823,0.754,0.129,10.59,18.17,18.515,0.349,17.81,6.17,33.862,87.83,0.0566,0.0457,0.039,0.0753,0.0358,0.1188,0.0765,0.0989,4.9945,0.0634,0.0028,155.6282,0.0342,1068.0996,0.0272,0.0109,0.044120943316330874,0.0188,107.0672,3.7525,0.0332,0.4286,0.0806,5.0751,22.6063,21.784,45.3903,0.1205,1.6024,0.018,4.1461,0.1588,0.0086,226.9249,188.4277,385.2597,9243.8117,0.045,0.0374,0.0568,1.1467,0.0589,0.1411,0.1883,0.10140000000000002,0.0857,4.4785,0.2541,10.0673,0.0332,2.8903,5.4602,5.4372,0.0968,1.8397,1.5005,10.016,25.0255,0.0144,0.0209,0.0177,0.0356,0.0107,0.062,0.0398,0.0541,1.5896,0.0183,0.0008,50.874,0.0099,390.3285,0.00596032680926029,0.0066,37.58,1.226,0.0101,0.1459,0.0277,5.452,1.4396,3.9608,2.3409,6.1986,3.1785,22.4629,46.1964,3.3134,129.5748,1.6609,1.5308,4.0926,1.716,21.9427,324.5213,7.9905,4.6494,1.8245,4.6327,84.2105,128.0576,12.3316,0.5632,2.7797,1.0221,0.2614,5.0338,6.5481,4.7254,12.9332,7.7071,2.932,33.5223,6.3246,3.23,8.5489,88.9652,4.9331,14.7744,92.6505,236.8201,376.1317,257.2161,256.861,0.0,345.7627,194.685,67.3198,1.9829,2.714,0.2841,8.5713,18.1146,512.9412,49.0251,465.6716,6.103066036386653,1.9945,14.4652,0.123,6.3277,6.8554,3.4056,13.0763,74.374,14.15,0.9,6.0911,0.3829,81.4369,3.531,1.2101,0.2569,0.056,27.5462,4.98,0.0877,2.0902,0.0382,1.8844,15.4662,530.6027,2.397,7.11,0.2709,2.3928,0.0895,1.34,11.3021,0.0174,3.4919,0.0005,0.0115,0.0
1.0,3102.59,2196.0889,1.8246,95.6322,1.4727,-0.0005,-0.0076,203.9804,8.5539,401.3223,0.9618,194.6896,12.6006,1.4092,-3594.0,-535.25,1.315,1.9535,7.2865,70.3889,2.6444,0.2214,85.1059,8.5987,64.3081,66.236,86.7807,79.98,3.312,351.5136,136.6827,731.3372,1.4273,143.4509,631.6473,192.0281,4.518,4.764,2873.0,0.9247,2.4173,350.3764,10.367,119.1,13.9918,17.5827,26.1512,705.186,148.1791,617.6555,68.7715,-0.0084,-0.024,-0.083,-0.0101,-0.1077,-0.0227,-0.0075,7.0552,0.1366,0.9897,1660.6167,0.1904,8825.4101,-0.17427499999999999,-0.0558,0.1282,0.0892,0.4593,0.9611,759.4872,0.9908,57.6042,0.5955,0.9671,6.3219,15.78,3.175,15.79,15.73,0.9413,0.5406,3.124,1.088,0.8361,2.3695,1004.3856,144.0,104.1,37.0,59.2,560.981,0.1702,0.131,0.0458,0.0344,0.0173,8.4231,13.832,13.173,0.0155,0.62,0.0749,485.0,1843.0,0.043,0.074,0.099,1.2,0.534,0.7495,0.1266,0.7112,0.406,0.6115,0.721,0.2154,6.17,21.56,34.213,0.388,27.32,6.18,32.399,106.862,0.0525,0.0505,0.0396,0.0588,0.065,0.0807,0.1193,0.0425,2.9891,0.082,0.0017,109.6056,0.0254,1219.2002,0.0182,0.0215,0.0225,0.0105,126.1286,2.1427,0.0314,0.4733,0.0817,3.8222,34.7928,34.5604,13.7278,0.0499,2.5669,0.051,3.7798,0.1013,0.0282,219.3392,580.3358250000001,357.3486,786.9707,0.0191,0.0346,0.0434,0.3621,0.0619,0.158,0.2959,0.0469,0.1246,4.6886,0.196,10.4452,0.056,1.7958,6.1157,8.8165,0.1305,1.6383,1.7242,10.1406,33.8173,0.0142,0.0213,0.0168,0.027,0.0158,0.0408,0.0573,0.0202,1.1727,0.0258,0.0007,42.2978,0.0077,389.4114,0.0063,0.0038,40.892,0.6218,0.0098,0.1588,0.0288,4.7805,1.2918,6.5413,3.3553,1.4712,2.6957,43.9001,9.3304,8.8952,161.7039,3.2824,1.6072,4.9204,5.3129,22.8715,344.3251,3.27,3.7881,1.3587,1.7048,45.3782,94.8319,15.61,0.8807,1.4724,1.1059,0.0881,4.6712,7.5942,4.6732,15.0885,4.3011,3.4133,17.8167,5.0321,3.7426,6.8514,195.2565,4.5944,40.5725,155.3872,626.3982,246.3415,70.822,642.7689,74.9478,525.5507,566.6667,42.3677,3.2208,3.4156,0.1732,6.6003,13.3201,321.7961,40.4949,320.0,4.8934,1.0902,16.6071,0.1199,3.7197,7.4866,3.4486,9.8724,75.557547232871,17.22707826049908,1.2476368242002662,7.800448270331281,0.5022354589370404,42.912687449591054,4.250609954713936,1.6213792855394604,0.2197,0.0392,23.0054,6.16090650398072,0.17012050037774393,2.411051814532363,0.070779615808666,2.364682000083998,21.4602639506196,532.1854,2.2439,9.11,0.3075,3.1309,0.1085,1.7118,13.705,0.0162,3.2466,0.0329,0.0055,16.6695
1.0,2942.41,2207.0444,1.7571,97.0189,1.5272,0.0181,0.0022,198.4701,7.8206,406.6101,0.9622,188.6922,12.6278,1.3857,-3943.0,-6087.0,1.2683,1.9875,7.362,69.0111,1.8,0.1527,86.4541,8.5687,64.0072,66.3241,87.032,79.03,3.186,351.6627,147.6009,742.6692,1.0224,128.6018,627.8655,54.528,4.623,4.845,2831.0,0.9331,1.9482,354.3964,10.6254,109.5491,16.3328,38.0518,45.3921,697.2771,147.5873,611.5327,88.3704,-0.0015,-0.0168,-0.0595,0.0324,0.0048,-0.023,-0.0347,7.6607,0.1332,0.9717,1830.7683,0.1564,8738.47,0.016,0.0121,0.0052,-0.0576,0.4631,0.9485,749.6408,0.9912,57.4901,0.6077,0.9738,6.0229,15.77,3.067,15.8,15.73,1.248,0.5494,3.31,0.0,0.8217,2.3735,1003.61,117.0,86.6,62.6,54.5,449.78,0.1339,0.0466,0.0626,0.0537,0.0262,6.8705,2.908,13.994,0.0194,0.55,0.044,909.0,11997.0,0.18,0.083,0.315,1.4,0.476,0.7108,0.0714,0.4659,0.4023,0.7245,0.46,0.1237,9.75,18.34,11.289,0.555,23.83,13.33,42.373,49.969,0.1212,0.057,0.0269,0.0479,0.0738,0.0318,0.1108,0.0369,2.2858,0.0317,0.0089,218.5775,0.0249,1193.9004,0.0172,0.0188,0.0167,0.029,113.1111,2.6655,0.0457,0.3408,0.0842,4.66,28.3307,25.4787,23.0253,0.0412,3.3728,0.0148,0.9874,0.1672,0.0138,373.2921,176.7182,775.1174,6015.8812,0.0868,0.042,0.1304,0.4936,0.0327,0.1592,0.2833,0.0273,0.1231,5.8213,0.1524,9.9818,0.0367,3.4266,5.5144,3.6713,0.1501,3.7717,4.5214,12.478,14.8112,0.0381,0.0263,0.011,0.0223,0.022,0.0135,0.0519,0.0159,0.8055,0.0111,0.0031,65.521,0.0073,367.988,0.0044,0.0097,38.3838,0.8379,0.0145,0.1205,0.0284,2.9225,1.2479,5.4255,2.9432,2.4805,2.4694,35.4267,7.6185,3.0514,37.1837,3.4416,2.02,4.3555,3.1754,38.5747,115.7304,14.1928,4.1761,4.2787,2.0287,100.0,74.6725,13.8399,0.8222,0.8327,0.7279,0.2039,4.7972,8.733,4.685,12.0968,7.5815,2.921,20.7031,5.9605,5.2234,13.4643,145.9027,6.0769,13.8483,56.545,0.0,196.2134,80.4366,227.9537,659.0674,482.2633,106.4935,29.8381,2.1014,1.3214,0.9199,11.9391,15.9315,0.0,91.9861,0.0,3.6093,3.057,15.0887,0.0527,4.6364,5.6588,3.5463,11.5617,81.71,16.95,1.47,8.0126,0.667,47.6677,4.161,1.799,0.3144,0.0822,34.6592,1.7,0.2311,0.7223,0.0848,0.6509,32.3747,534.8673,2.1953,8.73,0.227,2.9771,0.0734,1.6322,10.3402,0.0161,3.1998,0.0235,0.0355,150.7761
1.0,2973.55,2235.0556,1.6347,109.9856,1.4969,-0.0098,-0.0134,197.8825,10.5555,404.7087,0.9811,187.5323,12.448,1.4007,-4129.5,-2502.0,1.278,2.0012,7.178,69.7111,2.1444,0.1782,85.5528,8.9546,64.1864,66.2016,86.9821,78.38,1.831,352.3291,137.9845,726.0147,1.0347,130.3136,620.6273,50.4426,4.598,4.87,2824.0,0.9338,1.0045,349.7927,10.3011,118.9891,8.0984,18.9955,23.2147,702.8,146.2291,615.0109,100.6796,0.0029,-0.0089,-0.0157,0.0203,0.058,-0.0029,0.0222,7.4675,0.1337,0.9896,1803.2516,0.2227,8777.9,0.0096,0.0642,-0.0674,-0.1227,0.464,0.965,641.4075,0.9903,58.8773,0.6116,0.9754,6.3106,15.81,4.019,15.89,15.85,1.116,0.6206,2.887,0.7569,0.7025,2.2909,1000.9047,161.0,61.4,96.1,52.7002,340.736,0.0928,0.1218,0.0462,0.0417,0.0078,10.0629,6.354,10.531,0.0043,0.33,0.0973,666.0,8105.0,0.144,0.127,0.285,2.2,0.331,0.76,0.0593,0.6347,0.4036,0.6944,0.702,0.1294,13.744999999999997,26.84,12.0,0.465,16.46,8.79,34.547,71.269,0.11,0.0116,0.0474,0.0987,0.0893,0.0606,0.0924,0.0665,3.1349,0.0372,0.0011,98.3363,0.1053,516.2002,0.0191,0.0217,0.0221,0.0233,89.8027,3.23,0.0286,0.413,0.0262,4.6775,34.8872,17.1917,33.027,0.0315,1.8399,0.0445,2.0313,0.0877,0.032,295.6861,212.7871,456.6198,3825.6122,0.064,0.0563,0.1211,0.9253,0.0316,0.1313,0.3021,0.0227,0.1049,6.8,0.2352,9.1142,0.0366,3.9978,7.9621,3.7989,0.1558,2.7822,3.0917,10.8638,24.7192,0.0264,0.0051,0.0222,0.043,0.0259,0.0281,0.0468,0.0331,1.0397,0.0141,0.0004,37.5749,0.031975,148.5574,0.0069,0.0069,25.5468,1.033,0.0107,0.1364,0.0096,13.3817,1.5604,7.1553,2.0649,3.7887,2.3579,26.1569,5.6797,8.1369,60.1964,2.6021,0.4391,2.651,6.9496,25.6932,323.9408,11.2676,6.346,3.9705,3.1559,46.6321,49.9377,9.7216,0.8883,0.6623,0.9888,0.1188,5.8411,9.3634,4.121,12.5095,9.8219,4.3247,23.7894,6.4112,4.5141,9.2614,203.2498,4.9156,17.2766,70.7879,0.0,23.8193,583.1871000000001,440.037,104.4377,0.0,299.8873,41.9798,2.6169,1.5311,0.1075,5.4533,63.37365000000001,0.0,49.5495,591.3043,4.7713,2.4158,14.0009,0.0762,5.4859,6.5448,1.1443,10.6698,79.83,12.46,0.76,5.6731,0.3022,45.0745,3.0921,0.952,0.1454,0.0332,15.2751,8.42,0.1371,3.0639,0.0594,3.3694,22.1363,534.4918,2.3933,8.18,0.389,2.8777,0.1072,1.5304,16.256,0.0103,2.0493,0.0255,0.026,102.1652
1.0,3003.82,2163.5889,1.7014,104.8333,1.524,-0.0016,0.0061,199.9288,6.5965,408.7776,0.9628,189.0968,12.4998,1.4198,-5336.0,-1327.75,1.2555,2.0435,7.2685,67.5,2.5333,0.2107,85.2227,8.5288,64.1901,66.0973,86.6692,78.52,3.182,355.7091,135.7718,732.486,0.918,137.1155,628.5964,116.4941,4.588,4.834,2857.0,0.9261,5.4991,357.9436,10.4158,121.2709,11.9794,14.5009,17.5983,714.8877,138.9373,618.1518,97.7746,-0.0146,0.0312,-0.0493,-0.0124,0.0374,-0.0126,0.0395,5.9468,0.1398,0.9871,1762.7554,0.2054,8564.1802,-0.0301,-0.0372,-0.0166,0.0359,0.4608,0.94,729.4385,0.9862499999999997,56.4388,0.589,0.9754,6.1296,15.94,5.261,15.97,15.99,1.418,0.8522,3.278,-0.5677,0.6786,2.2773,1009.9188,84.0,109.2,56.0,56.8999,288.1161,0.3835,0.0727,0.0465,0.0395,0.0214,10.493,4.116,15.72,0.015,0.17,0.0482,1532.0,2684.0,0.248,0.148,0.324,2.5,0.249,0.7978,0.0929,0.6767,0.4021,0.7542,0.558,0.0919,7.85,25.56,31.942,0.498,20.41,4.16,35.399,95.437,0.0556,0.10762500000000004,0.0472,0.0468,0.0428,0.1104,0.0897,0.0909,6.8852,0.0743,0.0018,160.7245,0.0395,1164.9004,0.021,0.0118,0.0217,0.0399,126.4605,2.5332,0.0481,0.3057,0.0341,2.2571,24.4949,37.7818,14.4648,0.1216,1.3812,0.0266,1.2234,0.0473,0.0139,687.7308,346.775,2483.2759,1241.4399,0.1141,0.0703,0.1693,0.745,0.0558,0.0913,0.2868,0.0384,0.1474,6.5321,0.187,11.3343,0.0308,2.4408,7.6773,8.4419,0.1654,1.4555,1.517,10.6178,29.6591,0.0172,0.047775,0.0205,0.0214,0.0107,0.0497,0.0468,0.0498,2.2474,0.0231,0.0008,49.4774,0.0147,327.0606,0.0067,0.0115,33.4963,0.7999,0.0159,0.1069,0.0117,12.7224,0.689,3.8189,3.6354,2.2158,2.6299,19.8922,22.5423,4.7702,62.3963,3.8456,1.5564,1.36,3.3956,108.5082,202.1465,19.7531,7.2425,4.4576,3.7037,55.2632,71.2025,7.4355,0.9361,1.0887,1.0542,0.3236,6.1483,8.8089,5.1317,10.0148,5.7251,4.0662,27.4194,5.588,4.7812,9.6231,170.3759,4.9517,21.2435,97.6092,379.8463,329.791,94.8809,345.8586,295.3846,710.495,229.981,111.63655000000001,2.0749,3.169,0.1846,9.1178,19.246,0.0,29.4537,760.0,4.7135,4.2501,17.3367,0.24217499999999997,4.4883,4.9879,1.4958,5.5315,78.44,16.83,1.2,7.9569,0.5087,27.8293,4.0949,1.5298,0.5711,0.1258,54.3883,6.07,0.0252,2.4378,0.0091,2.2879,3.3424,538.8482,2.2732,7.09,0.1496,2.454,0.0482,1.3158,6.5829,0.0169,3.3669,0.0048,0.0226,270.988
1.0,3061.22,2170.9667,1.043,104.9756,1.4867,-0.0091,0.0005,199.8174,11.3399,422.1476,0.9758,189.1094,12.5478,1.4233,-4063.5,260.5,1.2975,2.0103,7.3555,68.9111,2.8778,0.2302,86.5513,8.8043,64.056,66.2008,86.7995,36.3425,5.044,355.7391,139.2764,739.2181,1.3704,143.6491,638.6645,185.9695,4.586,4.822,2859.0,0.9247,13.3709,354.5773,10.0,132.6473,3.7778,6.6291,12.0446,727.1735,149.6009,636.8255,68.0936,0.0083,-0.0103,-0.0931,-0.0125,0.0065,-0.0164,-0.039,8.3965,0.1259,0.9899,1764.543,0.1642,8213.75,-0.0452,0.0474,0.0083,0.0134,0.4529,0.943,701.3914,0.9862499999999997,56.6647,0.5932,0.9699,6.5296,15.94,5.261,15.97,15.99,1.418,0.8522,3.278,-0.5677,0.6786,2.2773,1009.9188,112.0,169.3,158.9,47.0,377.083,0.3053,0.0619,0.0685,0.0594,0.0151,10.4038,5.414,7.268,0.0081,0.23,0.0846,1256.0,768.0,0.173,0.123,0.281,1.8,0.881,0.6332,0.0727,0.5321,0.4456,0.8126,0.376,0.1324,5.74,22.8,43.092,1.005,10.48,4.08,36.907,113.521,0.0459,0.10762500000000004,0.0381,0.0344,0.0475,0.0445,0.0855,0.1254,2.2501,0.0807,0.0049,144.3723,0.0339,737.2002,0.0164,0.0133,0.0234,0.0152,65.301,2.3441,0.0398,0.2872,0.0341,2.2571,30.2504,49.6224,64.2691,0.0982,2.265,0.022,1.8924,0.0716,0.0289,572.4592,206.9412,506.4389,345.9099,0.0814,0.054,0.1301,0.5419,0.0533,0.2916,0.2673,0.033,0.1135,5.5776,0.1113,10.9979,0.0332,2.0262,6.4324,13.8158,0.2781,1.3145,1.5679,11.0866,36.114,0.0116,0.047775,0.0161,0.0159,0.0124,0.0182,0.0453,0.0532,0.932,0.0252,0.0014,47.8253,0.0106,242.9103,0.0056,0.0053,23.5635,0.7575,0.0112,0.1102,0.0117,12.7224,0.689,4.9833,5.5305,6.6647,2.1649,23.562,29.2712,4.1635,47.7429,1.7217,0.8297,1.833,5.9445,30.1464,294.8177,13.3333,6.1186,3.8203,2.6121,34.749,65.1544,26.036,0.7316,0.8254,0.8307,0.1527,4.7226,8.1564,4.9773,9.6634,3.9959,3.57,23.1715,6.1462,10.05,6.8226,277.4078,5.0754,44.6837,166.7131,554.2642,380.8301,36.9396,380.0,681.9923,520.5479,321.7447,26.7983,1.7471,3.3547,0.4989,8.1819,20.6439,950.0,46.4912,627.451,5.1758,1.6142,9.3102,0.24217499999999997,4.1367,4.3978,1.4958,5.5315,72.364,14.43,0.86,6.7903,0.3503,105.8482,3.5421,1.1884,0.1031,0.0253,10.8294,6.567868855833818,0.15897476743125769,2.5932897687861844,0.06842461941932104,2.489479637949805,21.55651579105408,537.0373,2.0049,9.14,0.1252,3.1241,0.0395,1.7019,6.244,0.0145,2.932,0.0331,0.021,63.2615
1.0,2990.72,2155.6333,0.8024,101.4333,1.4756,0.0125,-0.0096,198.4986,10.1323,414.9614,0.9814,189.0383,12.448,1.3964,-4816.0,-858.5,1.2888,1.9852,7.2767,65.3778,1.8889,0.2851,84.9334,8.5459,64.1179,66.2647,86.6954,77.72,2.013,350.9955,136.2991,724.8676,1.0184,134.0464,621.3409,55.247,4.598,4.87,2824.0,0.9338,1.9245,349.2055,10.3481,118.2236,9.5869,18.0755,22.7319,702.1357,145.6355,613.0645,90.114,0.0005,0.023,-0.008,-0.0081,-0.0824,-0.0229,0.0234,7.239,0.1378,0.9685,1823.8228,0.19,8363.76,0.0807,0.093,-0.0698,-0.013,0.4652,0.9339,705.4618,0.9903,57.9313,0.5914,0.9661,6.3092,15.92,4.567,15.99,15.99,1.338,0.6982,3.019,0.2365,0.7287,2.2728,1008.7232,133.0,67.9,96.8,55.2,330.043,0.1043,0.1285,0.0712,0.09185000000000001,0.0048,11.4256,6.991,7.161,0.0042,0.33,0.1099,1115.0,4264.0,0.134,0.035,0.181,5.475,0.731,0.9273,0.1506,0.5927,0.396,0.5986,0.99,0.2209,13.744999999999997,25.63,17.776,0.435,19.28,11.56,35.725,55.346,0.0483,0.0563,0.0886,0.1394,0.0644,0.0664,0.0608,0.0469,4.3983,0.0389,0.0069,58.3865,0.021,631.5996,0.0125,0.0168,0.0362,0.0269,79.914,3.0983,0.0345,0.3934,0.0322,5.223,34.5365,21.1206,28.0162,0.0379,2.2388,0.0447,2.3267,0.0877,0.0352,509.6685,158.7123,1321.6931,1944.2046,0.0561,0.0165,0.0918,1.7348750000000002,0.0917,0.2277,0.3312,0.0536,0.1319,6.8691,0.3244,8.7757,0.0614,4.001600000000001,7.8563,4.9239,0.1231,3.2594,3.3364,11.1521,18.8515,0.0136,0.0278,0.0386,0.0608,0.0165,0.0333,0.0277,0.0247,1.6564,0.0147,0.0022,17.7745,0.007,215.7419,0.0084,0.0094,25.2555,1.0545,0.0103,0.1308,0.0106,11.6371,1.8206,5.9241,2.2704,3.991,2.5607,30.8439,13.004,8.7083,68.9974,1.7257,0.4244,2.651,7.8675,61.1503,496.6803,10.3977,1.763,2.4874,8.318725,120.97437500000001,128.0203,21.1197,1.0918,1.7625,0.9244,0.1629,6.6981,6.8379,3.973,21.6935,9.8219,4.1249,32.1755,6.4112,4.2037,9.1606,201.1081,5.088,25.0367,61.4178,0.0,71.5375,0.0,796.9064,80.6315,265.5022,200.6417,60.7586,1.3787,1.636,0.7131,3.2013,11.0496,398.2222,54.9102,392.0,7.7789,2.8854,11.3279,0.0957,5.3483,6.2358,1.4182,13.3877,81.576,15.38,2.2725,6.7441,0.9803000000000002,62.5803,3.7743,3.0105500000000003,0.0926,0.0236,9.4814,10.4,0.141,4.3586,0.0633,4.1582,22.4452,534.72,2.3705,7.04,0.2603,2.6664,0.0868,1.3166,10.9822,0.0275,5.4146,0.0182,0.0139,76.6094
1.0,2949.82,2173.4556,1.0304,110.5422,1.4031,0.0027,0.0017,204.03,7.3062,402.2922,0.9632,193.3385,12.5553,1.4065,-4364.0,-5136.3333,1.3048,2.0192,7.278,67.4222,2.3,0.1983,84.6614,8.7994,64.1107,66.1349,86.7297,36.3425,0.9273,350.6364,143.8973,737.9779,1.3452,139.3945,633.9282,202.0043,4.605,4.869,2828.0,0.9332,11.2909,351.1773,9.8475,135.1882,5.6007,8.7091,13.8957,724.0822,145.0527,631.4182,83.8469,0.0001,-0.0347,-0.0617,-0.0233,-0.0025,-0.0203,0.0401,8.0603,0.134,0.9904,1768.4421,0.1718,8617.3398,-0.0156,-0.0177,-0.0606,0.1103,0.4591,0.9335,748.9609,0.9862499999999997,55.7648,0.6129,0.9759,6.4871,15.9,4.062,15.94,15.91,1.135,0.6128,2.824,-0.7096,0.6802,2.2697,1002.4074,116.0,73.7,77.8,52.5,143.6,0.1972,0.1221,0.0454,0.0381,0.0222,8.7553,4.213,10.892,0.0161,0.2,0.0836,460.0,10428.0,0.092,0.072,0.095,1.8,0.485,0.7141,0.0833,0.4138,0.3421,0.7448,0.483,0.0763,6.93,17.63,28.76,0.599,13.9,5.66,35.294,93.549,0.0908,0.0402,0.0592,0.0534,0.0516,0.0792,0.1068,0.0927,2.7412,0.0697,0.0011,126.1924,0.0369,698.3994,0.02,0.0159,0.0312,0.006,62.3042,3.0534,0.0365,0.4901,0.0342,3.2172,31.1763,26.2699,22.2754,0.0784,1.6246,0.0418,1.2684,0.0511,0.0296,230.3143,232.944,1009.0289,5958.954,0.038,0.0308,0.0397,0.636,0.0468,0.1516,0.2553,0.0341,0.108,5.594,0.1641,9.1337,0.0261,2.3438,5.704,9.6287,0.2075,1.7594,2.6231,10.1699,26.8117,0.021,0.0191,0.0253,0.0267,0.016,0.0389,0.0527,0.0483,1.0294,0.0222,0.0004,42.031,0.0108,211.8707,0.0084,0.0021,20.5154,0.7881,0.0118,0.159,0.0114,12.8334,0.9343,5.1982,2.4985,3.115,2.4155,10.0162,19.1426,8.7022,57.6635,2.7075,1.6695,1.593,5.9423,55.7516,203.0242,7.0512,3.5657,1.3053,2.6697,60.8696,72.1008,14.4121,0.8435,0.9462,0.6454,0.2977,4.8084,6.9286,4.3035,5.6741,4.9715,2.7811,14.2373,5.9363,6.0828,6.3171,248.1834,4.8743,22.9634,111.5712,0.0,246.6258,86.5829,221.8758,0.0,526.7571,231.1721,34.0088,2.7617,2.9368,0.1137,7.1358,21.5027,0.0,39.5062,0.0,6.7939,0.6406,8.3188,0.24217499999999997,5.4754,7.5543,1.5088,7.6118,72.944,10.83,0.61,5.1542,0.2399,97.0499,2.645,0.8363,0.1732,0.0405,17.5662,7.5,0.0826,2.7045,0.0354,2.8256,10.2468,535.8155,2.3326,7.58,0.247,2.5583,0.0854,1.4147,10.5902,0.0185,3.7335,0.0332,0.0216,65.1043
1.0,3040.1,2201.8222,1.6769,95.9789,1.4542,-0.0002,-0.0007,202.0761,7.8831,417.1031,0.9561,192.5337,12.4469,1.416,-3927.75,-494.25,1.2617,1.997,7.3397,69.5889,2.4111,0.191,86.4465,8.6527,63.9211,66.1517,86.9642,77.24,2.914,362.2991,131.1955,735.719,1.3371,143.6809,637.1755,200.8532,4.633,4.886,2866.0,0.9227,15.3073,360.1136,10.7922,106.5027,25.3082,24.6927,33.4962,702.2228,145.2509,611.8673,94.6665,0.0154,0.0002,-0.0795,0.0023,-0.1012,-0.0061,-0.0311,7.185,0.1291,0.9876,1846.8055,0.1975,9105.23,0.0538,0.0251,-0.0608,0.0406,0.4565,0.9491,786.812,0.9904,58.6987,0.6024,0.966,6.3219,15.95,4.41,16.01,15.97,1.447,0.6809,3.118,-0.5204,0.7232,2.2771,1007.4808,110.0,223.4,196.9,59.2,532.019,0.2062,0.091,0.0299,0.0471,0.0282,8.6524,6.094,7.747,0.0229,0.49,0.0386,436.0,1362.0,0.208,0.086,0.349,2.9,0.261,1.026,0.1637,0.489,0.2871,0.8246,0.477,0.099,5.92,20.8,83.26,0.355,19.98,5.75,30.257,38.622,0.079,0.0419,0.0926,0.0389,0.0386,0.1185,0.0782,0.047,3.5486,0.0568,0.0017,118.2354,0.0913,1442.2998,0.0086,0.0155,0.0178,0.0207,155.4211,2.102,0.0215,0.5829,0.0413,2.7649,28.0674,77.0627,66.8272,0.0758,2.5903,0.0353,2.0166,0.1635,0.0121,186.3999,333.294,851.7446,626.4739,0.0896,0.0415,0.1533,1.047,0.0483,0.0778,0.3774,0.0609,0.1092,6.1786,0.1459,10.7514,0.0348,1.7877,6.6927,21.9803,0.1014,1.5453,1.649,9.9019,12.4622,0.0232,0.0182,0.0404,0.0173,0.01,0.0606,0.0347,0.0228,1.4479,0.0201,0.0005,40.3438,0.0253,396.4935,0.0046,0.0063,43.5926,0.6175,0.0076,0.1888,0.0135,11.4372,0.8707,4.7214,7.3484,8.3082,2.6887,41.3031,12.2969,6.2578,77.3047,1.8573,2.3983,3.9367,2.7231,47.9155,275.569,16.485,4.3065,4.7549,4.1673,37.3272,75.3927,7.8183,1.1869,1.8918,0.765,0.1964,5.8846,7.4774,4.8555,7.4045,4.1202,3.2644,41.4532,5.8683,3.2894,4.9764,78.9466,4.3087,8.909,40.7979,512.3632,77.9172,48.9001,0.0,117.1238,0.0,151.004,49.3885,1.3169,2.3769,0.1673,6.4022,46.2333,0.0,69.8851,0.0,3.8888,2.1816,19.7533,0.1225,3.581,9.2207,1.8115,7.2038,75.73173314402403,17.098725849270675,1.2384373143217162,7.80458422463546,0.5012326133237821,66.09509809187236,4.218789350783865,1.6286128124805384,0.2813,0.0604,29.3353,6.423022991738379,0.15751804605804462,2.552077810059955,0.06572110484807502,2.4529629272996623,20.979419904466035,529.7309,2.2346,7.52,0.5424,2.7061,0.1565,1.4196,24.2733,0.0101,2.0141,0.0225,0.0193,85.7175
1.0,2943.9,2173.4556,1.0304,110.5422,1.4454,0.0046,0.0101,200.2648,3.904,417.5085,0.9588,189.8553,12.4753,1.4087,-6684.6875,1522.5,1.1460249999999994,1.8923,6.655225,67.9889,2.1,0.1518,85.6608,9.5713,64.1016,66.437,86.8261,64.39,2.501,359.7164,127.1136,723.9645,1.0788,140.2327,627.0627,48.5258,4.615,4.867,2863.0,0.9278,1.8173,357.7709,10.6705,108.9309,13.2882,18.1827,24.3905,699.5741,147.0727,613.7745,126.2237,0.0044,-0.0484,-0.0626,-0.0291,-0.0065,-0.0093,0.0498,7.9666,0.131,0.9715,1786.6951,0.1604,8639.07,0.0257,0.106,-0.0785,0.0088,0.4648,0.9511,763.2943,0.9915,59.4203,0.6011,0.9626,6.4225,15.92,4.567,15.99,15.99,1.338,0.6982,3.019,0.2365,0.7287,2.2728,1008.7232,141.0,64.2,97.9,52.5,143.6,0.1972,0.091,0.0392,0.0407,0.0257,6.0911,3.05,8.472,0.0211,0.64,0.0343,361.0,81.0,0.128,0.056,0.289,3.1,0.155,0.6791,0.1233,0.6064,0.3812,0.799,0.46,0.2222,10.13,17.16,34.3,0.441,20.87,7.69,29.897,96.998,0.1533,0.1055,0.1038,0.15517499999999998,0.0928,0.1084,0.141,0.1216,2.9022,0.0597,0.0052,135.495,0.0392,914.6997,0.04325000000000001,0.038974999999999996,0.0205,0.0154,90.2388,3.4117,0.0289,0.415,0.0322,5.223,36.8516,24.5999,38.8136,0.0784,1.6246,0.0315,1.1139,0.1819,0.0119,172.5985,295.7617,3129.43,34.7419,0.053,0.026,0.1392,1.0659,0.0187,0.05,0.254,0.0553,0.0801,6.0042,0.1619,9.9673,0.0684,3.1554,5.0625,9.0077,0.1277,1.9385,1.5816,9.364,26.4971,0.0445,0.047775,0.053,0.06725,0.0295,0.0513,0.0593,0.0546,1.1819,0.0175,0.0018,46.4661,0.0119,300.5568,0.0061,0.0055,30.019,0.8981,0.0089,0.1661,0.0106,11.6371,1.8206,6.2522,2.1808,4.0178,2.4155,10.0162,19.1426,6.2957,78.125,2.0292,2.2004,5.1301,2.4314,68.2214,5.3202,13.2642,2.9594,5.6509,4.5596,33.3333,32.9429,3.3302,0.7928,1.2882,0.946,0.2093,4.4118,7.1904,4.4504,20.6018,7.2237,2.7366,67.14087500000002,5.7575,4.1329,6.0497,157.0572,4.2736,12.9872,76.8461,0.0,0.0,283.8194,319.2432,0.0,0.0,244.1767,36.4292,1.4499,2.4585,0.531,7.5836,24.4368,0.0,50.7439,428.0702,4.4127,1.624,11.8223,0.0258,5.7416,6.4624,1.4182,13.3877,77.36679542173005,17.22401269059515,1.274231247845062,7.870659333414745,0.5377797099242065,52.045454608515364,4.255876086399206,1.6605743928102545,0.228,0.0478,23.3263,10.77,0.1282,4.3569,0.0534,4.0503,18.3243,532.2382,1.7897,10.51,0.1742,3.7497,0.0557,1.9747,9.7315,0.0145,2.8671,0.0199,0.0159,79.7752
1.0,2990.76,2172.9667,0.8433,104.7189,1.3421,-0.0283,0.0084,198.6232,10.7206,420.5469,0.9813,188.4413,12.508,1.419,-4160.0,1446.5,1.1460249999999994,1.888,6.655225,68.6778,2.8667,0.1954,87.83992499999997,10.273224999999998,64.68729999999996,66.95267499999999,87.0024,77.9,3.552,351.2645,134.5118,723.5921,1.3257,138.3427,624.1191,177.6204,4.585,4.833,2826.0,0.9335,44.30005,362.1545,11.5782,142.73307499999999,32.87715,42.63,56.66090000000001,687.4103,134.91724999999997,617.3736,116.3064,0.0284,0.0093,-0.0254,-0.0019,-0.0682,-0.0587,0.0206,7.6806,0.1395,0.9903,1770.9701,0.2118,9403.5399,0.0339,-0.013,-0.0499,0.0336,0.4903273450016985,0.9535,795.5777,0.991,58.3686,0.5965,0.9671,6.2616,15.91,3.927,15.94,15.99,1.021,0.6538,3.285,0.0473,0.6849,2.3312,1008.4998,114.0,114.6,40.3,44.7,371.045,0.0852,0.21590000000000004,0.052,0.082,0.0097,8.8598,5.891,8.612,0.0054,0.36,0.0362,465.0,163.0,0.133,0.103,0.126,2.7,0.226,0.792,0.2011,0.4391,0.16,0.7855,0.576,0.1074,5.51,23.5,38.702,1.7255000000000003,31.082500000000007,18.169999999999998,56.488200000000006,108.334,0.0972,0.0613,0.0475,0.0853,0.0838,0.097,0.047,0.0496,3.6033,0.0758,0.001,82.2278,0.1053,1231.9004,0.0243,0.0328,0.06827783648071092,0.0294,114.7625,1.8636,0.0208,0.372,0.0272,5.4189,29.6317,42.8301,12.7941,0.0263,2.8396,0.07285,1.9109,0.0969,0.0134,204.6466,294.0231,707.3175,74.2181,0.0558,0.0427,0.0656,0.8555,0.0268,0.0729,0.3219,0.0816,0.1215,6.09,0.1936,9.0395,0.0297,1.7672,6.1626,12.7779,0.507575,5.853149999999999,6.130699999999999,17.850900000000003,31.3487,0.023,0.0314,0.0202,0.0457,0.0261,0.0486,0.0205,0.0209,1.428,0.0241,0.0003,27.4324,0.031975,374.3765,0.01893247208716792,0.0093,34.3742,0.6104,0.0083,0.126,0.0091,9.8853,1.7,5.2317,3.8318,1.6454,2.0571,35.0636,10.1033,14.866299999999999,54.9501,2.0478,0.5459,2.8782,2.5504,39.0144,11.2686,13.5645,5.4555,2.4627,3.9314,48.8372,38.3741,4.8965,0.7681,0.8684,0.5866,0.1641,6.2261,6.8395,4.293,8.1021,3.9829,3.7653,21.7892,6.0088,16.9703,18.826175,289.3312,7.976825,56.03874999999999,93.1454,342.8571,32.926,335.8268,0.0,142.2287,80.0341,240.7767,46.9141,2.2932,3.1529,0.0969,4.6431,63.37365000000001,0.0,173.443425,0.0,12.117058538908902,3.0838,14.425,0.0979,3.1928,5.9404,1.1659,14.1809,88.66799999999998,19.705178165279737,1.4070908642270923,8.780257947308385,0.5719508183130892,113.81177172514447,4.600076089133226,1.5677787878207354,0.4722,0.102,47.843,5.1,0.1189,1.8749,0.046,2.0707,18.5251,535.2009,1.692,8.9,0.3756,3.0585,0.1171,1.6629,22.1989,0.028074999999999996,5.606624999999998,0.0328,0.0235,71.5333
1.0,3026.32,2205.7222,1.3443,105.66,1.4943,0.0279,0.0121,202.0933,9.1574,401.1328,0.9732,191.3862,12.4784,1.3975,-3661.0,-2413.3333,1.2777,2.0285,7.345,67.5,2.2444,0.191,85.8748,8.8132,63.6886,66.3674,86.52,77.26,2.244,354.7482,135.5491,729.9814,0.9291,138.5836,628.8809,106.2235,4.614,4.849,2843.0,0.9293,16.6491,347.1218,10.082,132.1982,12.1909,17.239,21.9792,720.5565,145.1727,624.4927,25.993049999999982,0.0032,-0.0224,-0.0232,-0.0091,0.0134,-0.025,0.022,6.9723,0.1382,0.9874,1821.5609,0.2094,9009.32,-0.0505,-0.026,0.13525,-0.0913,0.491575,0.9488,775.6084,0.9906,59.0268,0.5954,0.9699,6.2634,15.82,3.483,15.83,15.9,1.002,0.5642,3.106,0.7569,0.8057,2.3391,1002.579,108.0,105.3,23.7,53.0,450.908,0.2141,0.14,0.0699,0.0405,0.0231,8.4742,3.551,6.88,0.0114,0.22,0.0745,916.0,17407.0,0.068,0.055,0.138,3.6,0.489,0.6995,0.082,0.6884,0.4311,0.5868,0.785,0.1292,10.31,21.86,19.257,1.7255000000000003,16.58,8.51,56.488200000000006,16.37,0.066,0.0447,0.0507,0.0556,0.0838,0.0897,0.0993,0.0756,2.9822,0.0723,0.0011,97.178,0.1053,904.7998,0.0167,0.0213,0.05981907795980357,0.0263,113.8933,2.9378,0.0282,0.4504,0.0449,5.3886,30.7302,36.4483,8.4345,0.0652,1.8807,0.0406,1.3683,0.0625,0.0233,374.1742,580.3358250000001,2505.7078,9340.784,0.028,0.0272,0.0683,1.0012,0.0448,0.1801,0.2539,0.0329,0.0356,5.2334,0.2511,11.8863,0.0423,2.7996,6.0016,6.0358,0.507575,2.5271,2.4922,17.850900000000003,5.0071,0.0185,0.0198,0.0215,0.0239,0.0221,0.0437,0.0493,0.0333,0.8791,0.0221,0.0004,28.5946,0.0317,273.2361,0.011978498946710742,0.0079,35.6692,0.9422,0.0084,0.1428,0.0143,9.0871,1.5339,4.8668,3.4795,0.9534,2.4028,49.7168,15.93,9.3686,38.7775,1.7151,1.1737,1.7631,5.3322,167.0855,721.2845,5.3219,2.7114,1.8788,5.3333,62.3762,67.5393,14.2843,0.8146,0.9302,1.0809,0.6752,4.6315,9.7972,5.8606,13.9062,7.4395,3.476,18.1288,5.2045,16.9703,18.826175,136.0031,7.976825,49.9701,75.022,0.0,188.0126,240.1728,919.6159,668.1564,397.5976,343.2463,42.7722,3.0386,3.0186,0.1125,5.3349,51.2428,0.0,39.8754,942.8571,10.102513219804507,2.7737,14.6844,0.0713,4.977,7.1911,1.9188,14.118,72.42360828660276,17.413043897039525,1.1702798208109286,7.0117511565121164,0.45029909872661755,64.04737218284316,4.320855014955222,1.7027850760792773,0.4877,0.1407,46.866,7.039852075035388,0.13122175371287478,3.021239478301542,0.06403401990736834,2.636205527246796,21.191089907306306,529.3191,2.0905,11.25,0.3431,3.6888,0.1043,2.1254,16.4111,0.0131,2.6053,0.0161,0.035,217.1506
1.0,3069.31,2174.7555,1.4202,104.2622,1.4372,-0.0047,-0.0148,199.1364,11.0208,410.321,0.9764,189.3253,12.5531,1.3809,-4659.3333,54.0,1.3075,1.9648,7.2237,74.6889,2.6556,0.1802,84.8937,8.6074,64.2041,65.8516,87.024,78.49,2.653,352.8582,136.1436,731.9578,1.4231,142.8364,631.8382,223.6881,4.601,4.837,2850.0,0.9327,1.5218,351.4173,10.5529,117.6655,15.2337,18.4782,25.9831,705.9747,147.5218,616.6045,99.1055,-0.0178,-0.0229,0.029,-0.0141,0.0416,-0.0488,0.0038,7.4913,0.127,0.9922,1713.0425,0.1887,9029.1101,0.0,0.0,0.0,0.0,0.4480149654492175,0.9214,754.0153,0.9906,58.4395,0.6117,0.9796,6.3988,15.78,4.666,15.83,15.78,1.144,0.788,3.215,0.0473,0.8216,2.3207,1007.2267,120.0,164.0,153.2,37.2,310.026,0.3745,0.0673,0.0528,0.0692,0.0193,14.5136,8.06,5.775,0.0091,0.3,0.0747,312.0,815.0,0.155,0.171,0.308,1.9,0.459,0.746,0.1166,0.6374,0.4131,0.7854,0.6,0.1045,11.0,17.88,75.625,0.612,19.98,18.169999999999998,34.857,40.373,0.1048,0.057,0.0763,0.0274,0.1013,0.0389,0.0752,0.1225,2.8747,0.0334,0.0018,127.5157,0.0225,267.7002,0.0213,0.0098,0.06500495604259682,0.0106,31.7703,1.7824,0.0182,0.5825,0.0864,4.1829,33.1438,54.9602,45.3547,0.1116,3.0985,0.0219,2.6509,0.0825,0.0293,134.9975,538.2994,1075.607,381.0328,0.0634,0.073,0.1539,0.6882,0.0283,0.1787,0.2872,0.0487,0.073,5.8638,0.1682,10.1622,0.0365,3.0533,5.1038,22.7984,0.1862,5.853149999999999,6.130699999999999,11.9078,14.2706,0.0281,0.026,0.0339,0.0113,0.0267,0.0167,0.0371,0.0502,1.0461,0.0134,0.0005,39.8289,0.0074,84.4756,0.011126520039752457,0.0033,8.3191,0.6025,0.0059,0.1873,0.0289,3.8469,1.3047,5.2593,5.3432,6.2572,1.7105,25.6995,26.3684,4.6828,73.1343,1.4074,0.9338,2.3899,5.4103,46.0366,0.0,11.8547,8.7034,4.2637,2.5439,52.7197,53.2676,13.5951,0.8787,1.3549,0.9928,0.2577,6.0308,11.2161,4.7555,7.3423,7.7011,2.8298,33.8082,6.7342,5.7994,18.826175,131.1569,4.9374,18.5219,40.7374,587.7322,290.8163,94.4828,719.3964,93.6221,154.0195,0.0,38.3736,1.4957,1.3927,0.1818,7.4438,11.9022,0.0,37.1184,0.0,11.987342287645568,1.1528,4.2135,0.126,3.05,9.1038,3.7232,10.6182,71.99,8.52,1.15,3.3647,0.4516,79.677,2.1044,1.5974,0.1355,0.027,14.6843,9.75,0.1534,3.6241,0.07,3.7256,21.1654,533.3382,2.4033,9.43,0.5611,3.4173,0.1642,1.7681,23.3488,0.0099,1.9755,0.0406,0.0268,66.1687
1.0,2896.84,2190.1555,1.3947,105.7411,1.4228,-0.0011,-0.0002,203.0609,4.0941,411.8318,0.9669,193.3697,12.4002,1.4118,-4644.5,-384.0,1.2858,1.9892,7.2782,68.6111,2.9778,0.2156,84.7188,8.7073,64.6813,66.1561,86.7952,77.76,2.475,352.8691,135.08,730.7969,1.4256,143.0573,631.0064,219.7834,4.601,4.837,2850.0,0.9327,1.7073,353.4036,10.5671,116.7873,17.8028,18.2927,25.4819,705.315,143.0127,613.2036,112.7908,-0.0249,0.05,0.029,0.0057,0.0078,-0.0101,0.0063,7.8516,0.1448,0.9647,1832.1975,0.1984,8434.25,-0.0077,-0.0084,-0.0052,-0.0451,0.4626089696979465,0.961,726.8839,0.9906,58.9077,0.6107,0.9803,6.3138,15.77,4.796,15.84,15.74,1.144,0.7833,3.238,-0.3784,0.7447,2.3275,1003.5267,139.0,90.9,53.3,53.6001,330.196,0.5703,0.0968,0.0533,0.0469,0.0292,8.4232,5.066,10.437,0.0143,0.27,0.0233,644.0,3419.0,0.131,0.099,0.289,3.2,0.255,0.5139,0.1298,0.5868,0.2517,0.6009,0.365,0.1435,6.32,23.19,86.845,0.971,29.12,18.169999999999998,34.502,85.395,0.0998,0.051,0.0459,0.0278,0.0794,0.1152,0.1066,0.0493,6.4344,0.0495,0.0104,118.2393,0.0342,808.8003,0.011,0.0095,0.05369946786303559,0.0095,89.1933,1.7657,0.0148,0.4354,0.0837,1.7356,32.7834,30.9967,19.2222,0.2434,2.3103,0.0318,1.533,0.0832,0.0098,285.0805,115.2718,1924.9813,1676.7236,0.0548,0.0481,0.1215,0.948,0.0503,0.0823,0.1883,0.0498,0.0688,6.0207,0.0998,10.3188,0.0443,1.802,6.8075,25.6673,0.2866,5.853149999999999,6.130699999999999,11.5963,23.2259,0.0258,0.0246,0.0224,0.0125,0.0212,0.0576,0.0524,0.0235,2.1385,0.0169,0.0034,38.2891,0.0123,240.3851,0.010628158365425598,0.003,30.5161,0.4713,0.0057,0.1303,0.0276,7.6461,0.6262,6.4202,3.1379,2.1213,2.4473,25.4228,40.8872,6.8035,123.7393,2.5343,1.4776,2.1774,1.6518,90.4726,890.3646,10.1886,4.9768,3.9707,4.664,40.2985,70.0515,7.452,0.6066,1.4902,0.9072,0.6752,5.6196,11.7264,4.7971,10.067,4.4178,3.6751,39.5139,6.7342,9.1889,18.826175,163.5702,4.8917,18.7123,75.7109,400.7026,258.8832,96.0276,0.0,0.0,0.0,785.6574,81.9496,2.0032,2.0288,1.0792,6.4534,17.2192,727.2727,45.4545,0.0,11.890807338775549,0.9936,12.2706,0.0498,2.9974,6.8959,3.5956,4.5757,81.958,17.72,1.4,8.3613,0.6921,43.9373,4.4048,1.7082,0.1068,0.0318,11.2186,4.98,0.0877,2.0902,0.0382,1.8844,15.4662,533.3382,2.4033,9.43,0.5611,3.4173,0.1642,1.7681,23.3488,0.028074999999999996,5.606624999999998,0.0406,0.0268,66.1687
1.0,3045.05,2170.0666,1.5447,96.77,1.4037,0.0013,0.0025,204.2787,3.8667,403.6072,0.9807,193.4829,12.4982,1.4167,-3608.6667,-50.0,1.338,1.9948,7.2578,65.8,2.7889,0.2233,83.5811,8.6068,64.68729999999996,66.337,86.5437,82.25,3.673,350.5282,128.9436,718.6023,1.3885,148.6991,628.1709,224.1469,4.574,4.809,2860.0,0.933,3.2273,349.4246,10.5151,112.1709,14.4218,16.7727,21.9494,696.6528,152.1536,613.7491,119.7138,0.0231,0.0506,-0.0063,-0.0175,-0.0106,-0.0253,0.0051,7.7275,0.1284,0.9856,1782.5028,0.1951,8617.86,0.0118,-0.0502,-0.0258,-0.0651,0.4626,0.9519,723.0049,0.9907,58.4036,0.5942,0.9801,6.3273,15.72,4.633,15.75,15.73,1.182,0.7892,3.311,-1.135,0.6879,2.3331,1006.1867,113.0,193.8,172.7,77.2,542.931,0.1541,0.0805,0.082,0.066,0.0119,7.2749,6.988,13.872,0.0056,0.54,0.049,2200.0,948.0,0.128,0.042,0.216,2.2,0.596,0.8201,0.0869,0.6167,0.4209,0.9981,0.171,0.1362,4.94,11.57,53.887,0.255,11.75,4.69,24.523,22.247,0.1097,0.0911,0.107,0.117,0.0837,0.0785,0.0698,0.0334,3.7716,0.0679,0.0024,180.3486,0.0308,717.2002,0.0136,0.0131,0.0228,0.0323,92.3833,4.2733,0.0261,0.534,0.0916,2.3264,28.8639,67.0905,53.246,0.0573,2.514,0.0294,1.9573,0.0886,0.0153,954.2884,225.9843,581.8671,407.5659,0.0596,0.0192,0.0908,0.6423,0.0432,0.2111,0.2912,0.0358,0.0891,5.7088,0.0516,6.1545,0.0438,1.6939,3.2949,16.0858,0.0762,1.5189,1.925,7.4993,5.4751,0.0252,0.0379,0.0478,0.0519,0.0245,0.0414,0.0289,0.0168,1.2565,0.0223,0.0008,54.3209,0.0109,220.0622,0.0071,0.0101,25.2944,1.1711,0.0084,0.1641,0.0328,4.3765,0.8649,5.2108,6.3644,7.0689,3.5575,39.7893,9.9768,5.7349,180.7213,3.437,0.5683,4.3206,3.4565,32.2003,0.0,9.5665,2.1055,2.9761,3.3435,60.9562,50.1493,17.2765,0.9812,1.0091,0.9533,0.3508,4.9097,6.6851,2.9953,9.8116,3.3221,1.8419,24.0409,7.6832,2.4251,7.0428,81.4739,3.5201,8.7411,18.5835,475.4063,381.5707,0.0,479.6562,742.3168,275.3452,654.902,48.8074,2.4924,2.849,0.2451,10.1177,15.7978,123.2941,87.4172,711.1111,4.9195,3.3885,12.7777,0.0607,7.3169,8.4394,3.9243,5.7115,74.63242247957493,17.090089933675333,1.1764608256572444,7.383270218462363,0.4941344067893463,63.99859143257088,4.242769573584468,1.6141328991274773,0.4201,0.0755,42.8218,4.98,0.0877,2.0902,0.0382,1.8844,15.4662,535.2482,1.8813,6.84,0.1489,2.2582,0.0527,1.2779,7.9159,0.0169,3.361,0.0275,0.0215,78.1199
1.0,2961.04,2170.0666,1.5447,96.77,1.3953,0.0084,0.0062,204.6134,5.1756,406.329,0.972,193.8966,12.5531,1.4372,-2819.5,-1472.75,1.3163,2.011,7.4093,71.3222,1.9889,0.1632,86.1155,8.5801,64.0748,65.8602,86.9331,79.31,3.331,357.69,120.9055,717.3122,1.4512,150.5109,629.1064,227.0841,4.587051109296497,4.848564087180206,2847.255897288799,0.9261546936930599,4.6209,353.1564,10.9223,105.5264,17.8428,15.3791,22.4441,694.8681,152.5809,611.2636,95.4405,0.0263,0.0373,0.0095,-0.0092,0.0147,-0.061900000000000004,0.0176,7.2257,0.1284,0.9906,1816.1957,0.1583,8772.49,0.0,0.0,0.0,0.0,0.4634,0.9624,757.1382,0.9906,58.6659,0.6016,0.9658,6.4478,15.59,4.44,15.61,15.54,1.239,0.7635,3.232,-0.1419,0.6847,2.3499,986.0991,139.0,86.3,96.0,77.2,542.931,0.1541,0.0882,0.087,0.0647,0.0257,7.2291,8.41,22.042,0.0122,0.3,0.0392,1049.0,3075.0,0.082,0.155,0.216,1.5,0.503,0.7151,0.0325,0.6629,0.2843,0.9018,0.461,0.1381,6.12,20.83,53.404,0.269,19.29,4.84,31.736,58.565,0.0616,0.0512,0.0573,0.0352,0.0727,0.1037,0.0364,0.0352,4.6083,0.0288,0.0008,156.333,0.0546,827.7998,0.0122,0.0108,0.0394,0.0089,82.1998,3.1193,0.0297,0.5065,0.0917,4.2578,30.7316,30.8476,33.1309,0.0573,2.514,0.029,2.5765,0.0825,0.013,435.2251,196.8849,1478.1093,1425.8147,0.0419,0.0703,0.0909,0.4711,0.038,0.1327,0.2643,0.0133,0.0898,5.9229,0.1263,9.7021,0.0451,2.076,6.2158,15.0289,0.0769,1.4625,1.1516,10.0226,19.8463,0.0186,0.0262,0.0277,0.0166,0.0222,0.0502,0.0168,0.0148,1.7182,0.0116,0.0003,47.2458,0.0182,279.8021,0.0095,0.0026,28.3864,0.9856,0.0093,0.166,0.0323,5.545,1.3004,6.3654,2.9145,3.8301,3.5575,39.7893,9.9768,6.3213,162.4921,5.4247,1.2535,2.3899,2.7241,120.5533,208.7931,6.2298,7.7076,2.9153,2.1031,65.3631,68.0054,14.4582,0.8304,0.379,1.0346,0.203,5.3398,6.9228,4.3439,9.5135,4.0661,3.311,23.5173,6.5729188521325295,2.4629,7.2209,108.111,4.5672,7.8031,61.3628,233.8316,160.6275,369.5538,785.9459,706.644,53.4901,200.2845,63.7762,2.4924,1.2143,0.0769,8.6077,34.4718,851.2315,49.5289,0.0,8.4933,0.9223,10.8566,0.1008,5.3171,7.8553,3.9038,10.7691,75.006,18.56,2.2725,7.8484,0.8557,35.4007,4.4999,3.0105500000000003,0.4201,0.0755,42.8218,4.98,0.0877,2.0902,0.0382,1.8844,15.4662,535.9527,2.2638,9.62,0.2673,3.2966,0.075,1.7949,11.8075,0.0115,2.302,0.05445,0.0184,33.7876
1.0,3212.46,2200.2333,1.3281,101.6111,1.465,0.0035,0.0053,196.4256,10.7101,413.7045,0.9803,187.3696,12.5376,1.4039,-3707.75,-455.25,1.275,1.9987,7.2228,73.4111,2.4444,0.1852,85.188,8.9562,63.901,66.2283,86.8401,78.17,2.774,356.55,129.4855,727.9092,1.2739,140.01,626.0455,46.4771,4.681,4.908,2843.0,0.9314,13.5518,359.6618,10.221,123.0373,6.4705,6.4482,8.7636,719.1456,148.8982,631.5973,106.8555,-0.0042,0.074,0.051,0.0044,0.0519,0.027475000000000006,-0.0309,7.483,0.1278,0.9868,1907.9462,0.1999,9342.5102,0.0237,0.0186,0.0039,0.1579,0.4376,0.9541,789.1864,0.9912,59.1108,0.5948,0.9615,6.3099,15.88,3.636,15.92,15.82,0.9838,0.6545,3.316,-0.1419,0.8106,2.3984,1015.5056,71.0,178.4,159.8,52.0999,290.196,0.2048,0.1254,0.05,0.0492,0.0062,5.0777,10.463,6.319,0.0047,0.22,0.1062,500.0,2433.0,0.232,0.051,0.122,5.4,0.385,0.8045,0.1741,0.4744,0.3415,0.9507,0.284,0.31052499999999994,6.83,20.8,35.712,0.515,5.869999999999996,4.15,34.498,78.578,0.0809,0.0458,0.04,0.0683,0.1219,0.0389,0.0609,0.0286,2.6374,0.0574,0.0067,144.9377,0.0203,649.7998,0.0203,0.0155,0.142929741063238,0.0132,67.3963,1.8923,0.027,0.264,0.1578,2.187,20.1882,62.5525,58.1025,0.071,2.2877,0.0429,2.7588,0.0581,0.0295,210.9692,192.7475,530.8599,1131.604,0.0966,0.0238,0.0562,1.6944,0.0547,0.1371,0.3372,0.0629,0.0992,6.8253,0.1048,9.1356,0.0884,2.1851,6.7003,10.6796,0.1532,1.2092,1.7852,9.9723,25.4742,0.0254,0.0196,0.0178,0.0315,0.0315,0.0203,0.0251,0.0125,0.8393,0.0182,0.0021,51.5643,0.0065,226.5223,0.030154253845916208,0.0046,25.2249,0.5905,0.0083,0.0932,0.0514,5.4521,0.8903,3.1987,5.5534,6.3352,2.3679,24.722,15.42,8.5594,97.6929,1.5274,0.4843,1.7547,7.5658,31.9601,534.4316,18.1961,2.5516,1.6891,7.3558,61.3636,84.2232,11.8522,0.9444,1.9441,0.7424,0.15,6.1618,5.6068,3.9684,25.5207,4.8782,3.3224,67.14087500000002,5.7192,5.0386,5.3805,49.61,4.7971,13.1362,73.5367,0.0,558.5366,133.9872,0.0,74.9518,173.6279,92.7066,35.2455,1.4871,2.3558,0.6774,7.5965,10.142,964.9805,28.4698,0.0,28.089792063513592,1.383,8.54,0.087,3.2012,4.1843,6.5803,5.4404,73.736,17.35,1.46,7.9038,0.6233,55.7564,4.2417,1.98,0.1975,0.0405,19.6702,8.02,0.1899,2.9714,0.0683,3.2472,26.4122,534.6682,2.0435,9.43,0.1909,3.4259,0.0607,1.7637,9.3398,0.0131,2.6457,0.0117,0.0262,223.1018
1.0,2977.29,2214.7889,2.2073,97.3378,1.5071,0.0045,-0.0011,203.714,4.8012,407.3098,0.9637,194.6651,12.559,1.4017,-3735.0,-3060.3333,1.2913,1.9908,7.246,66.3111,2.7,0.226,84.4061,8.6772,64.2376,66.2913,86.259,79.86,2.936,361.4473,127.8345,728.7911,1.3679,142.7073,631.9891,214.0858,4.603,4.804,2867.0,0.9298,5.6618,361.0055,10.3908,113.4964,16.4009,14.3382,21.7197,707.0714,141.0864,615.5882,79.5015,0.0054,0.0174,0.0259,0.0217,-0.0314,-0.0289,0.0107,7.4968,0.1286,0.9896,1893.0174,0.2144,8511.4999,-0.0402,-0.0037,0.0041,0.0346,0.4647,0.9253,731.6244,0.9919,58.7039,0.6023,0.9589,6.4045,15.86,3.541,15.84,15.91,0.9649,0.6238,3.293,0.0,0.8201,2.4025,1012.2367,128.0,127.4,112.2,65.1001,584.842,0.3968,0.0806,0.062,0.0723,0.0194,10.1456,4.233,12.612,0.0144,0.22,0.0591,533.0,8589.0,0.131,0.162,0.142,2.4,0.413,0.7637,0.1244,0.6178,0.3916,0.8015,0.341,0.1548,2.56,21.98,50.837,0.477,25.54,6.5,34.589,78.53,0.0755,0.0498,0.056,0.059,0.1009,0.0692,0.0728,0.0952,2.0343,0.0279,0.0017,157.449,0.1053,491.0996,0.0127,0.0143,0.0475,0.0169,56.6546,1.3792,0.0318,0.2832,0.1149,4.4012,34.4524,44.6053,38.0896,0.1346,1.802,0.0258,1.3855,0.0596,0.0247,236.5009,159.2532,296.876,4647.1099,0.0618,0.0699,0.0619,0.9117,0.0411,0.1483,0.2849,0.0543,0.078,6.2036,0.1198,8.7436,0.0496,0.846,6.6672,15.3725,0.1636,1.9368,2.6274,10.7775,24.3472,0.0218,0.0231,0.0237,0.0252,0.0276,0.0359,0.039,0.0448,0.675,0.0116,0.0006,51.7392,0.031975,158.2492,0.0119,0.0057,18.5149,0.4376,0.0106,0.0996,0.0425,5.4654,1.4641,5.8803,4.2791,4.5398,2.9393,34.6581,17.9787,5.348,88.1658,3.0964,1.4921,1.7517,4.2184,17.8313,280.6557,10.1452,8.1376,1.9597,3.6193,48.1481,50.4425,12.4468,0.9048,1.4339,0.9617,0.3771,5.7104,3.4654,3.83,11.3181,1.7939,3.4779,23.7461,6.3156,4.5906,7.5685,155.723,4.8919,26.636,98.778,0.0,528.382,228.0193,464.7093,220.2068,252.3397,848.4916499999999,27.1358,2.9559,1.1555,0.1708,8.3174,63.37365000000001,0.0,35.3266,0.0,10.2268,1.8297,7.7437,0.0447,2.3494,4.422,4.7827,12.445,74.49,17.28,1.0,8.4753,0.4638,50.0256,4.2571,1.3425,0.2331,0.0477,23.8454,7.18,0.0773,2.7504,0.0304,2.7514,11.6615,531.8455,2.2544,8.64,0.2994,3.0979,0.0888,1.6245,13.283,0.0168,3.3154,0.0134,0.0121,90.4575
1.0,3091.76,2309.847075000001,1.1259,90.1144,1.6107,0.025,0.0125,197.0522,6.6389,403.4815,0.9806,187.1579,12.4992,1.4063,-5745.25,-146.25,1.286,1.9695,7.257,72.4889,2.7222,0.217,85.1011,8.9475,63.9471,66.1763,86.9612,78.17,2.774,355.4209,128.0964,722.0729,1.1168,140.7045,624.2218,52.877,4.576,4.857,2872.0,0.927,6.5645,354.7573,10.532,114.6609,7.8229,13.4355,16.9701,705.1028,149.3882,618.8064,106.9953,-0.0101,-0.0406,0.0006,0.0214,0.0439,-0.0284,0.0156,8.0113,0.1282,0.9861,1889.8373,0.1974,8906.21,0.0633,-0.0056,-0.0733,0.0312,0.4677,0.96,778.4773,0.9906,59.2288,0.5979,0.981,6.3197,15.89,3.365,15.92,15.89,0.9318,0.593,3.269,-0.4258,0.7965,2.2805,1009.8612,108.0,89.3,101.8,89.59945000000002,209.7002,0.5503,0.12,0.0775,0.0918,0.0072,4.3885,5.109,11.462,0.0036,0.19,0.0251,886.0,1049.0,0.108,0.092,0.143,5.475,0.416,0.9103,0.208,0.5733,0.4481,0.9082,0.648,0.31052499999999994,6.8,20.65,27.511,0.2,17.44,4.3,32.796,64.08,0.0776,0.0295,0.0265,0.0519,0.0975,0.037,0.0958,0.0255,3.9193,0.0957,0.0025,139.1111,0.031,437.2002,0.0173,0.0179,0.0275,0.0101,65.097,3.7267,0.0256,0.2294,0.0497,5.7282,28.7203,31.4165,35.1892,0.1763,0.9138,0.0382,1.3864,0.054,0.0094,383.0417,151.6188,1811.9281,516.3315,0.0476,0.0423,0.0623,1.7348750000000002,0.0439,0.1525,0.348,0.0813,0.1363,4.4655,0.1911,8.6991,0.0884,2.4824,5.6055,8.3352,0.0658,1.2693,1.9143,10.1809,18.4136,0.0228,0.013,0.0116,0.0264,0.0288,0.0161,0.0502,0.0125,1.2842,0.0315,0.0012,46.2527,0.009,136.8903,0.0089,0.0032,18.272,1.1407,0.0087,0.0952,0.0148,10.2196,1.7007,4.8921,2.8883,4.2566,3.9666750000000004,8.8851,48.8796,7.4503,76.9554,2.8408,0.3632,1.5201,1.7877,61.9468,717.265,8.3981,4.6712,1.9705,7.5874,36.7347,65.4378,12.5684,1.0697,2.3241,0.8965,0.2126,4.0206,5.3866,3.8701,25.5207,4.8328,3.3081,52.0283,5.9879,1.899,6.0613,222.9349,4.6512,6.7345,59.8905,764.532,139.1509,0.0,455.3415,84.3786,337.3239,163.2,48.9222,2.9631,4.0233,0.2557,7.361,15.7161,0.0,80.6366,0.0,5.8767,1.0491,8.3621,0.0721,6.2921,3.6293,2.1814,13.2122,75.5968421062777,16.853543282214684,1.2303622650457677,7.357316315023234,0.5084918409725012,51.221920030279,4.1828420118531495,1.6392086527939302,0.5682,0.1449,54.4138,4.98,0.0877,2.0902,0.0382,1.8844,15.4662,531.8455,2.2544,8.64,0.2994,3.0979,0.0888,1.6245,13.283,0.0116,2.2764,0.0153,0.0048,31.0176
1.0,2982.87,2309.847075000001,1.1259,90.1144,1.4695,0.0071,0.0215,198.1811,6.8175,405.6568,0.981,189.2342,12.4978,1.4268,-3393.5,-1967.5,1.2765,1.9715,7.242,66.2,2.4333,0.1944,84.4061,8.6772,64.2376,66.2913,86.259,79.86,2.936,360.7064,127.5655,728.7185,1.3798,148.2973,636.5691,230.4284,4.603,4.804,2867.0,0.9298,5.5455,358.4055,10.5145,113.1109,16.2791,14.4545,21.0909,707.6275,148.7736,620.29,92.7076,-0.0169,-0.029,0.0102,0.0233,-0.0112,-0.0137,0.0326,7.9142,0.131,0.9905,1781.3233,0.2241,8815.3602,0.0217,-0.0195,0.003,0.0817,0.4644,0.9457,748.3221,0.9905,59.0407,0.6025,0.9627,6.4048,15.81,3.886,15.87,15.77,1.135,0.6576,3.387,0.0,0.7759,2.4012,1011.8444,138.0,64.9,102.2,89.59945000000002,209.7002,0.5503,0.0549,0.0392,0.0494,0.0068,6.6711,4.332,15.938,0.0054,0.28,0.0567,2200.0,3958.0,0.138,0.044,0.205,2.3,0.585,0.7637,0.1244,0.6178,0.3916,0.8015,0.474,0.1026,7.02,17.94,82.243,0.299,24.53,6.08,35.256,77.512,0.0734,0.0661,0.0335,0.0655,0.0725,0.1001,0.0777,0.032,3.1005,0.0437,0.0007,82.2528,0.1053,1202.3999,0.0113,0.0162,0.0408,0.0194,130.0404,3.5784,0.0316,0.5979,0.1101,4.4935,33.4127,17.5038,32.7374,0.1763,0.9138,0.0224,1.1202,0.0659,0.0194,954.2884,263.473,185.9691,1873.2833,0.0633,0.0182,0.0924,0.773,0.0306,0.2073,0.2849,0.0543,0.078,6.3218,0.1282,8.7901,0.0348,2.0883,5.3436,25.8257,0.0999,2.0043,2.6224,10.9442,24.5126,0.0212,0.0314,0.0161,0.0313,0.0204,0.0532,0.0418,0.0137,1.1373,0.0159,0.0003,25.572,0.031975,429.1276,0.0113,0.0068,47.6943,1.1159,0.012,0.1985,0.0398,3.3889,1.4715,6.2198,2.1758,4.1259,3.9666750000000004,8.8851,48.8796,3.7359,63.5419,3.9289,0.552,2.2404,3.9704,7.7501,201.169,10.8108,2.2318,2.8307,3.4743,45.2055,53.4857,16.9888,0.9048,1.4339,0.9617,0.3771,5.6528,3.802,3.8806,7.4389,4.7337,2.8182,35.6914,6.3156,2.8437,7.8419,150.684,4.9823,25.4465,83.6091,433.9985,223.8781,583.1871000000001,311.0754,810.3525750000001,569.2308,98.0092,39.1758,2.3668,1.8047,0.0686,4.6175,63.37365000000001,0.0,34.8457,0.0,8.7812,2.0492,17.3776,0.0713,6.0609,9.3354,4.5839,12.1354,76.21689489528066,17.00178334976439,1.207550511203955,7.38837336988115,0.5001166062154079,55.05696833842247,4.186630834000968,1.5789303054199437,0.5682,0.1449,54.4138,4.98,0.0877,2.0902,0.0382,1.8844,15.4662,531.8455,2.2544,8.64,0.2994,3.0979,0.0888,1.6245,13.283,0.0106,2.1263,0.0153,0.0048,31.0176
1.0,2914.86,2210.2778,1.07,95.1089,1.5817,0.0118,0.0,196.5141,10.6901,417.2738,0.9798,186.6265,12.5376,1.4086,-2091.25,1526.0,1.271,1.993,7.1638,69.0556,2.3778,0.1938,84.4061,8.6772,64.2376,66.2913,86.259,79.86,2.936,361.1082,126.2164,727.6497,1.4101,149.4245,636.7491,233.5671,4.603,4.804,2867.0,0.9298,3.2509,359.4545,10.713,109.4673,15.7918,16.7491,23.112,704.5377,152.0355,620.9573,132.6015,0.0026,-0.0318,0.0012,0.01,-0.0094,-0.0117,0.0052,7.5264,0.1282,0.9698,1757.2131,0.2034,8184.0899,-0.0125,-0.014,-0.0325,0.025,0.4623,0.9383,720.9188,0.9862499999999997,57.8296,0.5933,0.9595,6.4833,15.92,3.751,15.95,15.9,0.9649,0.6097,3.11,-1.135,0.8391,2.2588,1007.7856,105.0,218.0,78.5,89.59945000000002,489.505,0.5996,0.0929,0.0443,0.0449,0.0074,4.4788,7.915,7.443,0.0038,0.22,0.0687,863.0,6579.0,0.217,0.088,0.12,1.9,0.368,0.7637,0.1244,0.6178,0.3916,0.8015,0.345,0.1273,4.39,18.1,53.476,0.218,18.61,3.86,35.296,77.114,0.0731,0.0752,0.0506,0.0386,0.0855,0.0405,0.0675,0.1259,2.0995,0.0671,0.0027,67.8055,0.0262,885.2002,0.0128,0.0181,0.0231,0.0436,94.4495,2.1898,0.0163,0.5814,0.0372,3.9854,29.2712,61.6199,23.6058,0.2221,2.1099,0.0272,2.0833,0.0581,0.0234,370.7078,136.0769,3610.1569,3232.9995,0.1053,0.0422,0.0491,0.594,0.0573,0.1186,0.2849,0.0543,0.078,5.8371,0.0946,8.9172,0.0401,1.5357,5.5336,16.7732,0.0721,1.0675,2.1194,10.5665,24.5712,0.0222,0.033,0.0229,0.0192,0.0254,0.0168,0.0312,0.0538,0.7288,0.0212,0.0009,19.5152,0.0065,251.7539,0.006,0.0145,26.6897,0.6779,0.0065,0.1934,0.0126,7.2235,1.3824,4.8256,7.4789,3.1844,3.9666750000000004,23.0836,56.0401,5.8732,74.0405,1.7837,0.3917,1.7547,4.8743,294.203525,431.1271,17.0732,4.4155,1.6751,2.7514,50.4673,88.7615,10.7683,0.9048,1.4339,0.9617,0.3771,4.6607,3.8505,4.0489,9.0287,2.9379,2.8426,22.8954,6.3156,2.0349,5.8374,117.8457,5.0098,9.3231,58.1547,0.0,567.62975,0.0,857.6803,433.1551,579.3991,0.0,27.8946,2.7301,2.7752,0.2806,3.8587,12.8757,925.2396,34.5158,0.0,4.9942,4.6453,13.1013,0.24217499999999997,3.7867,8.9679,1.6486,11.1223,73.322,14.46,0.39,6.6538,0.1551,49.2367,3.6045,0.5319,0.3928,0.0646,40.2051,4.98,0.0877,2.0902,0.0382,1.8844,15.4662,531.8455,2.2544,8.64,0.2994,3.0979,0.0888,1.6245,13.283,0.0121,2.4064,0.0153,0.0048,31.0176
1.0,3017.86,2169.8334,0.8012,101.9733,1.5374,-0.0343,0.0101,197.076,8.6364,408.2437,0.982,187.8872,12.5376,1.4073,-929.375,635.0,1.2938,1.962,7.2725,66.3222,1.9778,0.1604,86.0222,9.2016,64.0447,66.95267499999999,86.8786,76.88,2.483,348.5873,134.2673,720.6997,1.2823,148.1018,630.9564,229.5525,4.537,4.751,2861.0,0.9311,0.5609,347.1882,10.2857,114.8282,18.1846,19.4391,28.0697,692.63,150.7555,612.7718,87.4212,0.0078,-0.0194,-0.0108,-0.0008,-0.0135,0.006,0.1187,7.3602,0.1289,0.9892,1788.5755,0.2145,8752.7301,0.056,0.0353,0.0611,0.0006,0.4435887769587985,0.9486,743.9391,0.9909,56.6055,0.594,0.962,6.4451,15.71,5.76,15.75,15.66,1.8273500000000003,0.8899,2.894,0.0,0.6029,2.276,996.6433,120.0,58.5,65.8,70.2002,311.785,0.167,0.0696,0.0554,0.0333,0.0062,8.7343,5.385,8.551,0.0051,0.22,0.06,907.0,12729.0,0.084,0.065,0.296,3.9,0.491,0.7804,0.1175,0.717,0.3938,0.7503,0.724,0.1027,9.57,11.56,62.681,0.375,16.69,9.03,34.113,70.682,0.0678,0.10762500000000004,0.0291,0.0614,0.1105,0.0461,0.1199,0.0506,4.0831,0.0311,0.0017,149.5957,0.0921,1002.0,0.04325000000000001,0.038974999999999996,0.033713338654635716,0.0207,97.6467,3.1991,0.0316,0.4716,0.0682,6.3747,30.5982,19.5357,24.9131,0.0537,1.6184,0.0243,1.8413,0.0581,0.0218,414.5466,89.9222,5529.0019250000005,5888.3904,0.0412,0.0289,0.1286,1.3405,0.0714,0.1886,0.3028,0.0548,0.0715,7.0939,0.2022,7.691,0.0365,2.8972,4.4545,21.7583,0.0998,2.9666,3.5595,10.4801,21.4369,0.0212,0.047775,0.0122,0.0269,0.0282,0.0191,0.0642,0.0235,1.4203,0.011,0.0005,47.4058,0.027,344.3433,0.008324975684980505,0.0061,35.0213,0.8586,0.01,0.1608,0.0222,4.1251,2.028,5.5371,1.9385,2.5457,3.2353,23.9478,20.8443,4.5271,62.3526,2.0946,0.5225,1.7547,4.2657,0.0,0.0,6.4928,3.3129,4.0701,5.8804,80.8989,141.12735000000004,14.1281,0.9072,1.2773,1.1195,0.2709,6.053,3.8878,3.6011,8.0075,6.4618,1.8321,27.3057,4.2703,3.6458,7.8117,91.781,4.9251,14.8726,80.8523,874.1338,273.3426,565.8986,0.0,342.115,0.0,42.6105,55.4757,2.0946,1.2755,0.1683,8.364,42.9274,0.0,29.2596,0.0,8.066252975483708,2.1847,13.1256,0.0648,5.6516,7.3177,2.9943,15.8181,80.526,14.23,1.34,6.0106,0.6798,30.1842,3.5414,1.6641,0.364,0.089,35.5082,4.98,0.0877,2.0902,0.0382,1.8844,15.4662,531.8455,2.2544,8.64,0.2994,3.0979,0.0888,1.6245,13.283,0.0116,2.3059,0.0267,0.0174,65.1609
1.0,3244.74,2208.5222,1.1571,95.2056,1.5575,0.0049,-0.0207,197.8988,9.1637,421.235,0.9809,187.9367,12.56,1.3831,-2494.5,187.5,1.3185,1.967,7.155,72.2333,2.5222,0.1779,85.2917,8.9132,63.7658,66.2465,86.81,80.33,2.544,350.6245,136.5145,731.2121,0.9429,140.61,627.7491,104.4575,4.591,4.841,2858.0,0.9302,1.0027,352.6027,10.4246,117.5173,13.4251,18.9973,26.4132,704.7989,145.57,615.69,169.69280000000003,-0.0184,-0.032,-0.0001,-0.0012,-0.0441,-0.061900000000000004,0.0329,7.9434,0.1378,0.9918,1767.0592,0.1834,8974.0602,0.0636,0.0279,-0.0155,0.0586,0.4568211642315997,0.9566,768.3565,0.9916,57.5441,0.5963,0.9635,6.2882,15.76,3.082,15.79,15.7,0.9838,0.4949,3.017,0.0,0.8253,2.2864,1001.4682,104.0,136.7,118.4,59.2,695.4089,0.3208,0.0858,0.0387,0.0462,0.0189,8.5723,5.988,13.856,0.0053,0.2,0.0507,392.0,818.0,0.034,0.11,0.309,4.5,0.579,0.5595,0.1067,0.3707,0.3052,1.0444,0.421,0.0764,7.41,22.46,29.361,0.524,16.2,6.4,40.103,56.036,0.0706,0.0199,0.0683,0.0505,0.1196,0.0284,0.0391,0.0386,4.0376,0.0333,0.001,62.8685,0.0487,930.5,0.0156,0.0097,0.0500065155987266,0.0149,106.1292,2.638,0.0289,0.2193,0.0609,4.1716,29.0426,53.1762,41.012,0.1099,1.9784,0.0276,2.1089,0.0547,0.021,172.4084,50.7633,3723.2834,341.4581,0.0175,0.0483,0.1284,1.5668,0.0309,0.1749,0.2292,0.0476,0.0536,4.6087,0.1331,10.3712,0.0251,2.1613,6.5199,9.8241,0.1339,1.9513,2.2369,12.279,19.7532,0.0221,0.0091,0.0295,0.0249,0.0315,0.013,0.0165,0.0188,1.5411,0.0117,0.0003,18.0543,0.0152,316.0923,0.01398937752468298,0.0054,36.7105,0.7251,0.01,0.0743,0.0182,6.3102,1.6901,4.8509,4.213,4.8885,2.6805,37.8206,27.7229,5.5089,65.3446,3.2894,0.5418,1.5924,3.6678,294.203525,436.2667,2.5787,5.5923,4.3187,6.2298,51.5419,60.1499,17.381,0.656,1.1973,0.5813,0.2404,4.3323,9.3983,4.5881,8.0994,5.2699,3.5779,28.1081,5.2428,5.0266,12.194,120.6695,5.69,7.346,23.9869,383.826,42.4081,0.0,0.0,64.3991,58.8634,117.3252,50.8295,3.8064,1.4057,0.1027,3.5578,26.5707,398.9717,38.9189,986.6667,10.990884352930173,1.5527,13.8125,0.0527,4.5843,3.4878,2.6629,10.101,73.5,15.91,1.0,7.1614,0.3767,21.344,3.979,1.3605,0.3472,0.0623,35.9702,4.98,0.0877,2.0902,0.0382,1.8844,15.4662,532.0109,2.0679,11.35,0.3364,4.0075,0.1166,2.1334,16.2693,0.0184,3.6629,0.0189,0.0059,31.0252
1.0,2882.22,2254.8667,1.2986,89.11264999999999,1.46,0.0029,0.0133,203.1566,5.3804,410.3064,0.9715,193.0892,12.5273,1.4243,-3550.25,759.0,1.3135,1.982,7.2995,75.9444,1.7333,0.1368,84.7951,8.9818,63.9313,66.3426,86.7637,36.3425,5.653,348.4509,145.8891,738.4502,1.2712,137.2782,631.6182,200.73,4.58,4.827,2826.0,0.9327,-5.3318,350.1573,10.2459,120.5573,15.1337,25.3318,33.4431,705.0071,145.77,616.4845,97.1659,0.0131,0.0298,0.0093,0.0199,0.0186,0.0041,-0.018,8.2308,0.1402,0.9911,1871.6307,0.1698,8940.26,0.0155,0.0242,0.0417,0.0191,0.48052625279006067,0.9465,748.0556,0.9891,58.554,0.5913,0.9767,6.0053,15.73,3.865,15.79,15.71,0.8798,0.7124,3.823,-1.845,0.7651,2.2749,1007.2276,79.0,218.5,142.0,59.3,931.8437500000001,0.3553,0.21590000000000004,0.0736,0.0495,0.0214,9.2943,6.896,18.39,0.0139,0.18,0.0721,720.0,17907.0,0.167,0.171,0.279,2.0,0.223,0.8648,0.1595,0.5322,0.3596,1.0318,0.775,0.1779,7.95,21.95,50.887,0.502,20.24,14.46,28.02,74.814,0.0509,0.0582,0.0278,0.0597,0.1278,0.0269,0.168825,0.147,2.2479,0.0303,0.0009,105.9183,0.0259,2129.62425,0.0235,0.022,0.04009158801153814,0.0197,237.62349999999998,3.6221,0.0369,0.2164,0.0894,2.6161,22.4236,68.6922,50.288,0.13,2.535,0.07285,2.0134,0.0483,0.0284,301.9719,304.3741,1391.6921,8496.8713,0.0685,0.071,0.1301,0.7715,0.0387,0.0831,0.314,0.0657,0.1146,6.1345,0.2323,9.4642,0.0488,2.8863,6.3945,12.9436,0.1363,3.5873,3.8226,8.9809,22.6839,0.0158,0.0279,0.012,0.0259,0.0361,0.013,0.0885,0.082,0.866,0.0108,0.0003,32.4352,0.0071,763.8384000000001,0.009373223161481654,0.0072,80.04797500000002,1.0192,0.0109,0.0723,0.0317,5.8442,0.8984,3.5841,7.581,5.6374,2.6299,58.4135,27.361,14.866299999999999,128.1698,4.482,1.4308,1.4369,5.0641,92.5569,0.0,12.7141,8.6276,3.8222,2.6335,80.7692,80.4224,6.5676,1.0199,1.7762,0.8325,0.3699,5.8803,8.7532,4.3582,13.9924,5.7912,3.4752,25.351,6.9953,4.8995,18.2984,133.7417,3.9744,24.5599,76.9961,388.7351,89.711,583.1871000000001,643.2211,144.4295,0.0,814.4044,27.311,1.7827,1.2861,0.0935,5.6591,15.2682,336.2445,53.5059,953.8462,9.71162219082524,2.077,31.403724999999998,0.1164,6.1859,3.6033,3.9301,7.1092,73.254,14.53,1.33,6.7381,0.5058,27.0176,3.6251,1.8156,0.2293,0.0465,23.5359,11.01,0.3693,4.5503,0.145,4.0944,40.2786,524.4955,1.3086500000000005,11.12,0.1474,4.055,0.0527,2.1201,13.5037,0.0155,3.1107,0.0275,0.0108,39.1032
1.0,2965.73,2228.9445,1.2895,100.6867,1.4797,-0.0047,-0.0056,198.8132,4.805,419.9878,0.9751,188.7604,12.5167,1.4014,-1495.25,-1423.0,1.3128,1.969,7.1137,72.4667,2.4444,0.1868,83.6085,9.0942,63.8835,66.3203,86.7663,79.86,3.2,347.8155,137.4009,725.9916,0.9757,137.2473,622.4636,104.3997,4.556,4.847,2841.0,0.9316,-0.8218,349.4627,10.4641,116.5791,7.2614,20.8218,22.0031,703.9885,151.2782,617.32,156.3049,0.0044,0.0115,0.0036,0.001,-0.005,-0.0316,-0.018,7.0992,0.1378,0.9923,1779.4967,0.1823,9302.2499,0.0112,0.1552,-0.0907,-0.0637,0.43307500000000004,0.9517,802.1753,0.9888,59.7089,0.5786,0.9644,6.3474,15.89,2.948,15.88,15.78,1.026,0.5064,3.359,-1.845,0.8336,2.3797,1009.8944,184.0,96.3,120.8,61.1001,931.8437500000001,0.3707,0.21590000000000004,0.0796,0.0288,0.0153,11.0445,4.66,10.987,0.0121,0.4,0.1214,760.0,3812.0,0.08,0.111,0.094,4.1,0.578,0.6419,0.1024,0.5604,0.2702,1.0777,0.313,0.0787,3.54,17.36,27.088,0.174,14.98,7.96,30.3571,72.569,0.0805,0.0833,0.0733,0.0475,0.1076,0.1187,0.0606,0.166,4.2818,0.14737499999999998,0.0009,52.5443,0.0291,821.5996,0.032,0.0232,0.033728834651581274,0.0246,71.1058,2.7754,0.0305,0.1849,0.0909,5.7761,45.49945,33.8192,38.0029,0.1073,2.8962,0.07285,1.8839,0.1166,0.0404,316.6891,194.3989,3869.9327,2010.3032,0.0363,0.0478,0.0422,1.4849,0.035,0.1838,0.2533,0.0428,0.0853,5.5772,0.1033,7.3313,0.024,1.1183,5.3865,8.1566,0.0613,2.0435,3.1673,9.3776,26.7436,0.0227,0.0346,0.033,0.0217,0.0286,0.0545,0.0271,0.0849,1.5189,0.047875,0.0003,16.9054,0.0088,213.1631,0.01316968745775391,0.0071,20.7944,0.9293,0.0093,0.0567,0.0289,5.2393,1.6966,8.453000000000001,3.2471,4.7568,2.7412,78.92177500000001,28.7493,14.866299999999999,96.9823,2.616,1.2386,3.1957,8.6626,294.203525,267.8848,6.0941,5.6374,1.3214,5.6578,40.9091,65.8537,17.2457,0.7677,1.1264,0.8772,0.1642,5.7991,6.623,3.4832,8.0636,2.5793,2.7889,25.9464,5.3999,1.6628,6.0903,206.2972,4.3122,3.5281,46.4278,0.0,329.249,0.0,0.0,0.0,191.6206,848.4916499999999,60.3132,3.8064,6.1606000000000005,0.0945,2.9528,15.9681,735.0495,69.3548,69.5652,11.06165585227388,2.5896,8.8641,0.1411,4.6482,2.913,3.8207,14.1912,75.13,12.97,1.28,5.7108,0.5238,70.5697,3.1741,1.7037,0.3792,0.0712,38.8294,4.98,0.0877,2.0902,0.0382,1.8844,15.4662,530.2409,1.9614,11.54,0.2936,3.8239,0.084,2.1764,14.9692,0.0121,2.4172,0.0275,0.0108,39.1032
1.0,2904.26,2231.9555,1.2758,96.8789,1.6105,-0.0184,0.0023,199.5993,11.1564,404.6389,0.9801,188.3338,12.5743,1.4183,-3986.75,176.75,1.298,1.9998,7.4047,66.6333,2.9444,0.2341,85.7546,8.7402,64.4204,66.346,86.3766,78.93,3.074,351.7645,137.4809,730.6716,1.2821,142.1173,631.3627,227.3162,4.609,4.839,2842.0,0.9337,-2.9491,352.0282,10.5095,114.5318,17.6954,22.9491,29.8753,700.7964,147.1073,613.6673,103.7037,-0.0101,-0.0116,0.004,-0.032,0.0017,-0.0139,0.0162,7.1451,0.1236,0.9854,1807.5345,0.1573,8796.38,0.0568,-0.0177,0.0254,0.176,0.47035696727473364,0.9371,762.7248,0.9909,59.422,0.5803,0.9808,6.2999,15.84,3.22,15.81,15.71,1.305,0.5538,3.236,-1.845,0.828,2.3932,1008.6144,131.0,79.6,37.3,58.2,333.4561,0.6427,0.1676,0.0607,0.0518,0.0072,3.5681,14.429,9.834,0.0051,0.2,0.0688,1106.0,797.0,0.113,0.083,0.148,2.0,0.477,0.6624,0.108,0.6219,0.2857,0.8904,0.449,0.1302,6.46,19.4,85.509,0.894,21.39,6.52,29.898,63.334,0.0659,0.0742,0.0432,0.0533,0.0306,0.0443,0.0863,0.0611,4.3348,0.0895,0.0099,125.4525,0.0303,549.0,0.0248,0.0096,0.05962900305174429,0.0304,63.223,1.1465,0.0384,0.3123,0.1048,3.3484,33.6285,26.0558,15.0391,0.189,1.6708,0.0599,4.0886,0.055,0.0216,537.4688,316.8417,975.459,331.7121,0.0522,0.0454,0.0625,0.6164,0.025,0.1839,0.2585,0.044,0.1161,5.2397,0.1563,9.0842,0.0382,1.8991,5.7026,24.862,0.2515,1.7662,2.2163,9.5332,18.0338,0.0179,0.0331,0.0195,0.0231,0.0091,0.0231,0.041,0.0334,1.2337,0.0292,0.0034,48.9242,0.0098,205.6081,0.014551294482976346,0.0093,22.8744,0.4151,0.0132,0.0983,0.0349,5.5142,1.0655,5.8865,2.7408,1.4915,2.6076,17.1615,50.3778,10.4067,129.3343,2.4303,0.5207,1.5905,4.8501,57.064,450.9194,8.7057,4.1505,1.9987,3.0015,47.5472,35.4533,14.1092,0.7724,1.2357,0.9654,0.3081,4.5144,9.9796,4.0523,10.1582,4.5455,3.0727,37.6168,6.2148,8.5066,15.917,120.8787,4.2663,21.7528,61.0721,650.7571,553.7313,0.0,95.4857,0.0,621.982,376.5794,60.6685,4.6133,3.7849,1.0047,6.9405,19.2837,919.7605,37.4026,0.0,12.460741953901655,3.2409,8.2891,0.0938,1.9295,4.9566,4.3776,8.8345,73.5,15.91,1.0,7.1614,0.3767,21.344,3.979,1.3605,0.5038,0.1171,50.4835,5.63,0.2355,2.4587,0.0915,2.2389,36.8322,533.9936,2.2318,8.27,0.3001,2.7629,0.0861,1.5487,13.4487,0.0167,3.3593,0.0233,0.0138,59.1201
1.0,3200.74,2244.9778,1.9074,89.11264999999999,1.4304,0.0214,0.0105,199.1069,5.0037,419.6754,0.9723,190.2745,12.4727,1.4231,-3680.75,-1839.6667,1.2585,1.9987,7.258,74.4667,2.2556,0.1716,85.038,8.2776,64.3027,65.8701,86.8475,82.25,3.023,366.8036,138.1891,748.8367,1.3281,138.43,643.4227,229.9528,4.651,4.908,2811.0,0.9228,1.9336,365.0336,10.4706,120.1227,11.7563,18.0664,22.2958,726.5409,146.51,631.6664,169.69280000000003,0.0005,0.072,0.072,-0.0181,0.0063,0.0046,0.0568,7.8318,0.1263,0.9866,1782.5934,0.2086,8643.1998,0.0458,0.0326,-0.0313,0.0313,0.4628,0.9359,644.4724,0.9892,59.2754,0.5935,0.9802,5.8929,15.84,3.22,15.81,15.71,1.305,0.5538,3.236,-1.845,0.828,2.3932,1008.6144,71.0,184.9,170.6,55.5,265.99,0.4926,0.0958,0.0528,0.0501,0.0157,8.1257,10.067,9.9,0.0118,0.37,0.0662,410.0,1633.0,0.144,0.152,0.233,3.5,0.371,0.5831,0.0865,0.7575,0.3783,0.7197,0.74,0.1791,6.78,14.67,55.975,0.485,18.96,8.26,25.944,69.658,0.0696,0.0485,0.0477,0.0207,0.0423,0.0529,0.0452,0.075,5.2103,0.0574,0.0019,140.7758,0.1053,901.4004,0.0083,0.0149,0.0147,0.031,97.2196,3.5301,0.0362,0.2902,0.1048,3.3484,20.1882,56.9945,58.4339,0.1663,1.0322,0.0336,3.1856,0.1091,0.0218,175.3347,333.1076,550.6913,826.5436,0.0688,0.0852,0.1264,1.021,0.0493,0.1113,0.2333,0.0377,0.1075,7.201,0.2265,5.8587,0.0494,2.0179,4.8141,17.9387,0.1582,2.6963,3.2294,7.7106,19.8822,0.0217,0.023,0.0232,0.0088,0.0112,0.026,0.0249,0.0328,1.674,0.0182,0.0006,42.5772,0.0311,332.5327,0.0044,0.0111,29.8738,1.0919,0.0108,0.086,0.0349,5.5142,1.0655,3.1987,5.7768,6.732,2.4722,12.0442,25.826,6.6975,201.19,2.359,1.2098,2.9665,4.6498,31.95,88.7661,11.4422,7.6048,3.2103,4.7001,79.803,89.1839,10.7205,0.6857,1.0449,1.178,0.3149,6.513,8.9515,2.9547,13.4873,4.8978,2.28,24.3419,2.4178500000000005,4.632,5.7525,161.2747,3.5709,14.9338,40.3881,0.0,147.1927,28.76,234.0249,810.3525750000001,987.9781,131.9261,66.527,1.6633,2.3558,0.1967,7.8972,51.9204,0.0,46.1388,662.8571,3.1799,3.3136,15.0851,0.24217499999999997,5.9554,4.9339,4.3776,8.8345,73.842,15.32,1.35,7.476,0.5782,61.6762,3.7519,1.8282,0.3253,0.0793,31.9373,8.83,0.2942,3.9152,0.1176,3.2449,46.2315,529.6464,2.032,5.81,0.3435,2.0923,0.0925,1.097,16.9045,0.0108,2.1341,0.0262,0.0104,39.5528
1.0,3037.63,2194.9555,1.2476,102.2822,1.3969,-0.0074,-0.0152,198.3979,8.2379,417.0552,0.9794,188.6092,12.5967,1.3992,-3206.0,-4729.3333,1.2808,2.0095,7.2988,70.8667,2.1667,0.1621,86.7559,8.7597,64.1627,65.9682,87.0029,76.87,2.987,350.9209,141.9409,734.0956,0.8276,135.5755,628.4373,113.4523,4.595,4.848,2844.0,0.9316,-3.0055,352.1955,10.3509,118.9355,10.5443,23.0055,28.1353,705.9604,148.0582,619.1891,102.6625,0.0234,0.0906,0.0358,-0.0293,-0.0435,0.001,0.0076,7.1179,0.1334,0.965,1838.7309,0.1915,8805.1702,0.115,0.0698,0.0757,0.0181,0.4584862907679832,0.9521,657.0988,0.991,58.3692,0.606,0.9811,6.2779,15.74,2.788,15.79,15.69,0.9649,0.4466,3.114,-1.845,0.8568,2.292,996.0538,116.0,114.1,54.5,67.0999,373.947,0.3426,0.0937,0.046,0.0412,0.0055,5.2165,4.879,11.876,0.0044,0.27,0.0449,841.0,4029.0,0.119,0.088,0.148,2.7,0.42,0.7512,0.27635,0.7077,0.2918,0.7607,0.779,0.0902,7.37,20.67,14.421,0.963,16.27,7.45,28.548,81.287,0.0743,0.0487,0.1082,0.0689,0.0924,0.0406,0.0566,0.1147,5.0097,0.031,0.0123,136.2786,0.0343,1640.1001,0.0282,0.0253,0.060808143602550824,0.0244,166.4233,2.6246,0.0429,0.2922,0.0692,3.3014,29.9917,35.3561,18.9557,0.0955,2.2477,0.0353,1.4375,0.0615,0.0165,401.7681,201.9191,1902.3787,2149.6768,0.0554,0.0446,0.0685,0.8307,0.0357,0.1673,0.3146,0.10140000000000002,0.0844,6.2505,0.2295,9.4317,0.0242,2.4318,7.2053,4.9936,0.259,2.168,2.0905,9.135,24.0857,0.0217,0.0206,0.0487,0.034,0.0278,0.0195,0.0302,0.0554,1.5676,0.0104,0.0045,52.0311,0.0099,564.1572,0.014914167515523161,0.008,55.0959,0.7179,0.0135,0.089,0.022,7.6188,0.8782,5.2005,3.7562,2.1592,3.057,33.7429,27.4614,6.7076,59.2262,2.8476,0.4526,2.1434,3.2097,142.1085,85.1917,9.2914,4.3792,2.0277,3.81,60.0,66.621,12.2903,0.8659,2.8755499999999996,1.103,0.4044,5.8475,10.0253,4.1665,10.8938,5.4361,3.2891,12.7111,7.1071,9.3035,15.5715,154.3011,4.0438,29.9358,79.1789,317.946,139.5415,192.5926,315.0895,93.4407,0.0,0.0,70.3816,1.6486,1.2776,1.2752,7.4116,17.9068,236.5868,52.8402,586.6667,13.858856320177107,2.566,25.327,0.089,4.4966,4.6549,3.0185,9.0633,73.5,15.91,1.0,7.1614,0.3767,21.344,3.979,1.3605,0.4895,0.0745,49.5678,6.43969036642837,0.11875290615319253,2.545784954595378,0.04950082532788161,2.4300795247275087,21.90260800940241,533.9936,2.2318,8.27,0.3001,2.7629,0.0861,1.5487,13.4487,0.0268,5.3287,0.0284,0.0209,73.512
1.0,3057.45,2173.4889,0.9402,104.0556,1.4827,0.0047,0.0145,201.0664,8.6579,411.8199,0.976,191.3524,12.4647,1.4072,-3338.5,2806.3333,1.3293,1.9968,7.4052,71.4889,1.8444,0.1433,86.9779,8.8356,63.9719,66.3989,86.3856,36.3425,5.46,353.7382,130.4655,725.6157,1.4083,144.9136,629.1173,194.6481,4.551,4.772,2870.0,0.9273,3.8682,354.3764,10.5938,114.3336,14.3118,16.1318,21.8389,703.7768,146.0955,614.8055,130.0806,0.0096,0.0605,0.0027,-0.0271,0.0278,0.01,0.0135,7.4023,0.131,0.9671,1907.2316,0.2091,8722.9301,-0.0339,-0.0698,-0.0545,0.0095,0.4529,0.9473,640.6005250000001,0.9896,58.3504,0.5869,0.9784,6.158,16.03,4.137,16.09,16.07,1.286,0.6539,2.92,0.2838,0.7772,2.1996,1012.9091,136.0,144.5,112.5,54.7,486.5,0.1361,0.1703,0.062,0.0569,0.0173,8.036,6.064,7.778,0.0105,0.34,0.0679,686.0,7238.0,0.151,0.095,0.187,2.8,0.271,0.4518,0.2188,0.8158,0.4071,0.7421,0.229,0.139,6.01,15.92,64.817,0.268,23.86,9.44,34.123,57.006,0.0707,0.0401,0.0851,0.0573,0.0633,0.1005,0.0804,0.0766,4.8806,0.0846,0.0034,97.098,0.0806,1163.6992,0.0172,0.0132,0.0238,0.0115,106.4696,2.1536,0.0291,0.4369,0.031,4.3562,34.6501,48.345,32.4589,0.0536,3.6996,0.0526,1.7645,0.0863,0.0279,336.0162,167.8889,609.4448,4070.158,0.073,0.0442,0.078,1.0068,0.0277,0.0731,0.1777,0.085,0.0615,4.9534,0.0871,8.548,0.0341,1.7585,4.8939,21.8628,0.098,2.7887,3.5028,10.5515,21.0558,0.0227,0.0184,0.0366,0.0249,0.0181,0.0564,0.041,0.0374,1.4505,0.0257,0.0012,35.7001,0.0238,357.3927,0.0062,0.0039,31.9115,0.6354,0.0097,0.1373,0.0102,14.1621,1.357,6.1862,4.7262,4.578,2.5167,42.4595,14.4775,11.4857,70.04,1.8887,1.0768,2.7277,4.8265,44.6608,257.9166,11.3598,4.7577,2.5252,3.9167,65.0602,49.5349,7.6462,0.5194,2.4766,1.2705,0.2199,4.2659,6.6608,3.8006,9.869,4.1473,2.5305,33.2996,5.2944,2.5298,9.0874,166.7151,4.8486,11.5771,43.8236,737.4185,80.603,0.0,233.2029,361.186,804.0,565.3137,65.9333,3.2067,3.5325,0.3503,5.091,38.567,0.0,173.443425,800.0,5.2624,1.2137,16.7996,0.1234,3.6908,7.095,1.4074,12.0932,73.254,14.53,1.33,6.7381,0.5058,27.0176,3.6251,1.8156,0.3064,0.0642,31.7663,8.18,0.1003,3.1921,0.0458,2.949,13.9987,533.1809,1.3086500000000005,5.65,0.1416,1.8871,0.0396,1.0597,13.1807,0.0135,2.7314,0.0102,0.0133,130.0641
1.0,3060.0,2199.6556,1.3369,103.0967,1.43,0.0129,-0.0088,202.5304,10.2424,420.4031,0.9658,192.7029,12.6198,1.4031,-2753.75,-2362.25,1.3387,1.9995,7.408,71.8778,1.9556,0.142,86.9779,8.8356,63.9719,66.3989,86.3856,36.3425,5.46,364.02,133.2709,741.5196,1.4005,149.1218,646.4127,199.5721,4.628,4.874,2875.0,0.9224,0.1364,363.5391,10.7023,113.4073,14.3136,19.8636,23.9046,717.615,155.1527,632.0991,169.69280000000003,-0.0124,-0.051,-0.0028,-0.0208,-0.0156,-0.012,0.0018,7.6796,0.1353,0.9654,1837.7052,0.1699,8845.25,0.0003,-0.0056,0.014,0.0516,0.43307500000000004,0.9396,680.6358,0.9862499999999997,56.3593,0.6059,0.9714,6.3302,15.78,2.803,15.85,15.77,0.7474,0.5029,3.396,0.9934,0.8435,2.2717,1001.4982,106.0,190.3,232.8,46.5,324.855,0.0938,0.0894,0.0637,0.0532,0.0201,7.2388,5.115,6.065,0.0149,0.29,0.12487500000000004,557.0,17486.0,0.171,0.082,0.146,2.6,0.357,0.4518,0.2188,0.8158,0.4071,0.7421,0.349,0.2172,4.9,12.66,96.881,0.351,15.12,9.34,19.159,89.826,0.071,0.0445,0.0496,0.0435,0.0271,0.0362,0.0716,0.0832,5.1404,0.0701,0.0111,117.1183,0.0252,1247.3994,0.0162,0.0148,0.04293037805244443,0.0203,99.754,1.6721,0.0218,0.3256,0.1195,2.9565,27.6241,74.9144,69.6364,0.0275,1.8392,0.0294,1.7981,0.0773,0.044225,242.7034,259.7247,2006.2907,7264.9884,0.0775,0.0341,0.0713,0.9897,0.066,0.1288,0.1777,0.085,0.0615,6.3654,0.1005,4.695,0.0678,1.6361,3.321,29.3322,0.0949,2.4829,2.8668,5.6318,25.6094,0.0208,0.0185,0.0246,0.021,0.0081,0.0148,0.0386,0.0445,1.6935,0.0232,0.0038,36.0649,0.0095,342.4069,0.008320499721270937,0.0079,30.1717,0.6368,0.0065,0.1115,0.0414,7.2893,1.1293,4.8106,6.219,9.0534,2.114,28.4861,7.0193,6.2517,49.9396,1.4427,1.5431,2.298,8.965549999999999,173.872,740.2265,12.7731,4.101,1.9708,3.6173,92.0455,130.2817,9.9845,0.5194,2.4766,1.2705,0.2199,5.3239,10.4899,2.4803,15.5068,3.2859,1.9585,48.5444,2.4178500000000005,3.2797,6.34,105.6336,2.6698,15.9738,52.4151,571.4286,67.5522,0.0,130.1711,231.3099,599.1632,0.0,66.936,1.7741,2.8968,1.1521,6.3731,14.8414,0.0,28.4987,0.0,9.983532253112338,2.1562,14.656,0.24217499999999997,2.9669,5.1439,5.2608,7.198,72.916,14.39,0.32,6.5498,0.138,45.5617,3.534,0.4389,0.0821,0.0202,8.57,9.38,0.3202,3.917,0.1353,3.5311,40.6181,524.4955,1.3086500000000005,11.12,0.1474,4.055,0.0527,2.1201,13.5037,0.0095,1.891,0.0193,0.0072,37.6251
1.0,2871.62,2175.2556,1.2833,100.6222,1.4679,-0.0033,-0.0022,204.4147,6.8612,418.7384,0.9752,194.0098,12.4845,1.3856,-3989.0,4664.6667,1.338,2.0395,7.417,70.5556,2.5333,0.2056,86.5682,9.3868,64.4245,65.971,87.4684,80.46,3.354,365.0173,134.1109,741.4278,1.3338,141.5091,640.6373,215.0113,4.587,4.822,2881.0,0.9226,0.8527,362.1473,10.6842,114.9636,12.8818,19.1473,23.5717,717.8561,150.6445,627.7555,169.69280000000003,-0.0089,-0.0204,0.0084,-0.0168,-0.008,-0.0073,0.0169,8.4805,0.13,0.9894,1799.0342,0.1855,8636.1101,0.0368,-0.0298,-0.0431,0.0429,0.43449418478970336,0.9517,731.6696,0.989,58.7259,0.5928,0.9641,6.2949,15.78,2.803,15.85,15.77,0.7474,0.5029,3.396,0.9934,0.8435,2.2717,1001.4982,109.0,77.8,101.6,46.8999,423.1381,0.1202,0.0519,0.0595,0.0425,0.0169,4.6289,7.737,11.675,0.0114,0.44,0.0145,363.0,9404.0,0.058,0.025,0.18,3.1,0.565,0.7097,0.0417,0.5549,0.3663,0.7793,0.618,0.254,6.5,13.37,62.148,0.369,13.92,9.17,20.777,42.123,0.0707,0.058,0.0357,0.0362,0.1018,0.0308,0.0929,0.1313,2.1057,0.051,0.0013,129.8385,0.104,1250.2002,0.0098,0.0136,0.030113585860505554,0.0114,120.0909,3.4186,0.0537,0.2309,0.1195,2.9565,28.145,25.4615,36.356,0.0437,1.9095,0.0193,2.6139,0.1405,0.0051,159.0692,116.0962,1035.6972,5238.7789,0.0239,0.0109,0.0826,0.8589,0.0436,0.1871,0.284,0.0183,0.1219,7.2906,0.2068,4.752,0.0666,1.8723,4.3326,19.2894,0.1197,2.4754,3.1885,6.0745,13.3231,0.021,0.0272,0.0164,0.0188,0.0299,0.0143,0.0476,0.0741,0.6403,0.0158,0.0004,40.841,0.0316,343.3949,0.009234984338060902,0.0032,33.0286,1.0207,0.0178,0.0817,0.0414,7.2893,1.1293,4.9329,2.7093,4.0156,2.1561,41.3962,9.3675,3.5356,112.7648,2.7881,1.1654,3.5244,1.0486,60.4161,201.6007,4.3348,1.2258,2.4269,4.3937,39.4737,62.7568,16.5932,0.8198,0.4446,0.8613,0.5342,6.397,10.29,2.4879,19.044,4.5933,2.087,28.9045,2.4178500000000005,3.4537,4.8624,108.0589,2.8943,12.236,23.2222,790.4962,77.957,430.9524,606.4036,385.0,0.0,776.9231,24.8296,3.5388,2.0938,0.1362,7.2171,56.0427,0.0,56.3492,0.0,8.94127010006181,1.1994,16.4133,0.1345,5.8213,3.6673,5.2608,7.198,73.254,14.53,1.33,6.7381,0.5058,27.0176,3.6251,1.8156,0.5012,0.0893,51.2665,4.98,0.0877,2.0902,0.0382,1.8844,15.4662,529.9445,1.974,7.91,0.2824,2.6691,0.094,1.4926,14.3055,0.0131,2.6087,0.0283,0.0112,39.4516
1.0,3181.59,2171.8556,1.4025,100.1367,1.4496,0.0022,0.0008,202.1452,9.1265,412.6262,0.9685,192.2299,12.4694,1.4101,-3369.5,2314.5,1.3352,1.9832,7.3515,68.0778,1.2667,0.1076,86.9432,8.8105,64.0283,66.362,86.7128,80.84,3.59,350.8564,147.0718,742.7585,1.2722,135.6436,633.5718,206.2687,4.619,4.884,2835.0,0.9323,-5.7091,353.9227,10.2706,121.3627,17.1627,25.7091,33.6506,709.1078,141.1236,616.4091,108.126,0.05562500000000001,-0.0297,0.0869,-0.0224,0.0073,-0.061900000000000004,0.0207,8.1196,0.1378,0.9926,1795.223,0.1602,8952.2602,0.0162,-0.0781,-0.0597,-0.1106,0.456800421259662,0.9614,763.2762,0.9904,58.2477,0.5952,0.9801,6.2141,16.03,4.137,16.09,16.07,1.286,0.6539,2.92,0.2838,0.7772,2.1996,1012.9091,106.0,104.5,165.1,49.5999,319.6329,0.1176,0.184,0.0687,0.0475,0.0231,6.1129,6.256,7.159,0.0148,0.66,0.0518,208.0,20099.0,0.112,0.071,0.103,2.1,0.698,0.4188,0.0759,0.606,0.3265,0.6916,0.463,0.0654,4.74,16.07,51.742,0.652,27.18,7.51,33.302,62.33,0.233325,0.0383,0.0668,0.0219,0.0534,0.0948,0.0535,0.0865,2.7725,0.0333,0.0006,70.627,0.0269,527.2002,0.017,0.0136,0.031062264780527288,0.0105,61.1035,1.8654,0.0267,0.3866,0.031,4.3562,28.6507,31.8441,53.2419,0.0408,1.8299,0.0668,1.9017,0.116,0.018,87.7306,154.8018,188.8783,9622.8486,0.0569,0.0322,0.0504,0.8585,0.0337,0.2168,0.1784,0.0292,0.103,5.2764,0.1778,8.0227,0.0181,1.2499,5.3775,16.3003,0.1754,2.1695,3.216,10.3971,25.0053,0.06957500000000001,0.0175,0.0305,0.0091,0.0159,0.0495,0.0222,0.0393,1.0035,0.0117,0.0002,19.6552,0.0094,170.1896,0.008486002569799546,0.0039,22.3401,0.5814,0.01,0.1154,0.0102,14.1621,1.357,4.8332,3.2845,6.5704,2.2838,27.6355,8.3819,12.6933,68.548,1.735,1.5318,5.293,3.6713,13.6816,868.3949,8.3879,3.58,1.4011,3.0847,118.4211,100.4132,20.3104,0.4817,0.8612,0.9465,0.3005,4.5118,3.5969,3.4609,5.1405,3.4945,2.5364,25.0847,6.1954,6.3482,6.2045,158.3666,4.6963,12.1015,57.6457,606.0144,202.3778,25.2014,238.7259,0.0,78.5898,416.8675,34.1462,3.8064,1.4057,0.0653,3.9342,16.7958,0.0,95.8606,390.4762,7.380586654049607,1.0887,8.0054,0.0726,3.2025,6.2211,1.4074,12.0932,73.254,14.53,1.33,6.7381,0.5058,27.0176,3.6251,1.8156,0.2467,0.0464,24.7249,11.68,0.36970000000000003,4.6856,0.145075,4.1864,46.2315,533.1809,1.3086500000000005,5.65,0.1416,1.8871,0.0396,1.0597,13.1807,0.0191,3.7833,0.0283,0.0112,39.4516
1.0,2988.41,2173.2778,0.8525,103.82,1.3858,-0.0053,0.0054,202.0977,9.8935,401.2945,0.9671,192.6515,12.4729,1.4074,-4864.5,446.5,1.2845,1.9777,7.2938,67.8,2.3667,0.1786,85.4344,8.7037,64.0021,66.2435,86.4476,36.3425,4.393,346.7336,135.0509,722.2978,1.3932,146.7136,628.4982,179.6395,4.544,4.777,2837.0,0.9324,3.8882,346.4655,10.3717,118.9391,9.6162,16.1118,18.7085,703.5893,154.6355,620.04,169.69280000000003,-0.0211,-0.0296,-0.0099,-0.0132,0.0259,-0.0109,-0.0442,7.2125,0.1318,0.9859,1896.5954,0.1665,8866.5102,-0.0222,-0.0316,-0.0637,-0.058,0.4597,0.951,763.8163,0.9862499999999997,56.5307,0.5969,0.9796,6.2043,15.95,4.269,15.98,16.01,1.144,0.6757,2.937,0.5204,0.6778,2.212,1009.9953,102.0,216.8,199.9,46.0999,657.769,0.0674,0.0799,0.0947,0.0352,0.016,8.2878,5.726,7.566,0.0144,0.34,0.12487500000000004,883.0,10969.0,0.121,0.119,0.301,2.3,0.536,0.5333,0.0836,0.7028,0.2797,0.6875,0.293,0.2526,4.65,18.88,78.59,0.686,17.82,14.4,33.503,58.365,0.1282,0.0565,0.0328,0.0509,0.0735,0.081,0.1216,0.128,3.0964,0.14737499999999998,0.0036,136.368,0.024,2129.62425,0.0238,0.0134,0.0208,0.007,210.8324,3.7251,0.0256,0.2901,0.0349,3.9099,28.4997,68.3387,67.0387,0.0241,3.9649,0.0259,2.0156,0.0907,0.041,361.2022,97.6776,1396.9153,4967.7244,0.0497,0.0567,0.1456,0.8352,0.0508,0.1641,0.2079,0.0328,0.1317,5.7088,0.09,9.1647,0.0708,1.3549,5.4459,21.9788,0.1918,3.936,4.7486,11.2026,16.4817,0.0446,0.0265,0.0149,0.0236,0.0226,0.0385,0.0596,0.0565,1.0976,0.047875,0.0011,44.8167,0.0073,642.0064,0.0052,0.0023,62.7863,1.1409,0.0079,0.1011,0.0114,9.5119,1.3271,4.6191,7.2547,7.6921,2.1212,58.9243,7.9081,5.7655,57.8766,1.8854,1.4867,2.7259,8.965549999999999,68.229,0.0,9.42,6.0169,4.1268,3.3923,42.2535,88.4879,15.4739,0.6242,0.9602,1.0981,0.2363,5.2288,10.907,4.3932,18.1321,3.1694,3.004,43.7487,6.6541,6.6141,18.826175,185.3124,4.7617,22.2037,31.3861,606.505,115.7194,515.443,558.6698,312.7413,0.0,289.4291,42.9316,2.9981,6.1606000000000005,0.369,7.1901,14.436,726.7797,33.2871,800.0,4.5273,0.7409,27.6025,0.24217499999999997,6.5895,4.6762,1.5766,9.3536,73.496,14.19,0.89,6.5735,0.3673,85.5185,3.4853,1.211,0.165,0.0493,16.0891,7.19,0.2019,2.8628,0.0753,2.6823,25.0611,529.5182,2.113,10.65,0.3068,3.6722,0.0921,2.0113,14.5194,0.0102,2.0401,0.0243,0.01,41.0782
1.0,3054.34,2162.1333,0.8826,104.9722,1.3464,0.014,-0.0122,199.9644,9.9062,418.3587,0.973,190.0427,12.4992,1.4087,-3113.25,-4954.6667,1.357,2.021,7.4047,65.0889,2.1889,0.1842,86.9432,8.8105,64.0283,66.362,86.7128,80.84,3.59,347.8,133.6109,723.0099,1.3588,148.0864,629.4973,203.0981,4.593,4.868,2834.0,0.9312,1.1655,347.6391,10.5021,114.7764,13.8409,18.8345,25.5696,697.4403,153.2409,615.6564,102.7818,0.0188,-0.0607,-0.0005,-0.0234,-0.0389,-0.0119,0.035,7.3561,0.1289,0.9853,1787.2501,0.1691,8771.65,0.1152,0.0874,-0.0117,0.1125,0.45111053405847856,0.9528,747.9865,0.9895,58.5606,0.6039,0.9719,6.2868,16.07,4.684,16.09,16.09,1.757,0.7673,3.085,-1.83,0.7182,2.1995,1013.1402,103.0,74.7,139.1,53.2,584.3929,0.1655,0.1129,0.0564,0.0369,0.016,10.7393,5.83,7.846,0.0128,0.3,0.0214,589.0,15343.0,0.128,0.131,0.12,2.3,0.739,0.4188,0.0759,0.606,0.3265,0.6916,0.3,0.215,7.4,19.26,31.093,0.635,22.12,15.52,29.498,67.628,0.0687,0.0852,0.0311,0.0519,0.0943,0.0856,0.1024,0.0698,1.933,0.0645,0.0048,123.7789,0.0308,1388.0,0.0173,0.0204,0.057734076219991215,0.0124,143.0377,4.2443,0.0423,0.2159,0.0206,3.4019,26.0095,26.679,45.4768,0.0551,3.5752,0.0358,1.844,0.0922,0.0082,312.6238,186.8092,2359.5598,7939.6081,0.0593,0.0549,0.0582,0.7991,0.0532,0.2197,0.1784,0.0292,0.103,5.669,0.0766,8.9309,0.0542,1.9121,5.9863,10.5455,0.1666,4.4326,4.782,10.2529,24.9377,0.0206,0.039,0.0133,0.0226,0.0239,0.0433,0.0531,0.032,0.7643,0.0235,0.0015,44.5845,0.0116,381.9953,0.010333988230762398,0.0036,40.7533,1.245,0.015,0.0761,0.0062,10.3794,1.2292,4.7464,2.4457,5.6244,2.4605,58.5031,18.7508,8.3856,58.8521,1.8754,1.3153,2.4002,1.517,152.7985,309.6677,9.4326,6.4819,1.6206,3.5336,82.2335,87.3945,21.9548,0.4817,0.8612,0.9465,0.3005,5.23,12.8283,4.2789,15.8263,4.9971,3.0596,15.3093,6.9002,6.0464,18.826175,159.8158,4.2295,30.1137,65.7976,365.0614,401.8868,0.0,402.454,220.1929,864.135,199.7139,26.2771,2.6386,2.6342,0.4907,6.9257,18.2077,280.895,41.0256,425.5319,11.156061074121794,1.2998,19.123,0.076,7.2477,3.4339,0.9362,7.5579,74.368,17.01,0.79,8.4549,0.2853,58.9274,4.1721,1.0623,0.5641,0.108,57.6265,11.15,0.0899,4.0083,0.0371,4.0991,13.9784,530.3364,2.027,9.92,0.2944,3.4462,0.1001,1.8705,14.5257,0.0118,2.3389,0.0246,0.0167,68.1642
1.0,2848.46,2164.3666,1.3409,104.1344,1.5559,-0.0096,0.0028,198.5676,4.802,412.7689,0.9781,188.4398,12.4716,1.4318,-3472.5,-1718.25,1.287,1.9998,7.3632,66.0111,2.7333,0.2004,84.02,8.7187,64.3975,66.3447,86.5659,79.1,2.826,347.6427,129.9418,715.8342,1.3469,140.6927,618.2773,205.5836,4.575,4.812,2829.0,0.9329,8.1455,346.0655,10.3979,118.0873,11.1593,11.8545,15.0471,700.7871,144.2155,608.3682,108.6893,0.0161,-0.0205,-0.0013,-0.0007,-0.0124,-0.0106,0.0035,7.5349,0.1402,0.9929,1850.4375,0.1709,9280.83,0.0636,-0.0577,-0.0265,-0.1348,0.43307500000000004,0.958,798.0013,0.9862499999999997,55.287049999999994,0.6014,0.9677,6.2008,16.02,4.25,16.1,16.07,1.281,0.6914,3.014,-0.7569,0.7403,2.1911,1013.4306,97.0,91.0,95.2,46.3999,113.0649,0.1304,0.2052,0.0914,0.0391,0.0055,10.7107,4.787,10.354,0.0063,0.23,0.023,826.0,7052.0,0.076,0.109,0.05,2.4,0.351,0.5162,0.1156,0.5175,0.298,0.6871,0.312,0.2324,6.18,19.45,52.302,0.639,17.95,17.68,32.328,18.218,0.0758,0.0524,0.0312,0.0565,0.0645,0.0823,0.0956,0.0522,2.9406,0.0902,0.0011,100.3682,0.0949,1924.6001,0.0206,0.0218,0.05921374735381996,0.0307,182.5514,6.4074,0.034,0.2627,0.0345,5.0084,25.7518,28.3117,28.1745,0.0468,1.8178,0.0644,1.5529,0.0662,0.0079,377.0963,119.1256,626.2212,3402.956,0.0359,0.0531,0.0236,0.7753,0.0506,0.1327,0.1964,0.0468,0.1214,5.7746,0.1004,8.8329,0.0619,2.0918,5.9203,17.1737,0.1758,4.367,4.9023,11.7445,6.2884,0.0253,0.024,0.0141,0.0319,0.023,0.0448,0.0481,0.0239,1.0697,0.0287,0.0004,38.6088,0.0289,557.8213,0.012433771611046173,0.0115,53.2069,1.7492,0.0105,0.0824,0.0104,9.2412,1.4174,4.4276,3.1947,3.6775,2.1438,11.7932,9.728,13.1885,99.6876,2.5084,0.6477,1.8442,1.6036,40.2592,410.4176,5.9052,5.4507,0.679,3.6358,58.5366,98.7805,9.9468,0.6144,1.3261,0.8036,0.3179,5.6926,14.877250000000002,4.1721,17.2576,4.3926,3.1458,25.4407,6.6347,6.1455,18.826175,160.8525,4.6131,17.7545,16.7615,470.0775,0.0,0.0,0.0,665.0505,897.6526,0.0,39.0271,1.7827,3.7141,0.1073,5.424,55.5333,0.0,51.8112,800.0,12.719442498967565,3.2,22.8761,0.24217499999999997,10.658325,4.2364,1.5747,12.4529,73.292,16.86,0.24,7.4343,0.0991,8.8424,4.1381,0.3275,0.6445,0.1412,66.6983,4.98,0.0877,2.0902,0.0382,1.8844,15.4662,529.9445,1.974,7.91,0.2824,2.6691,0.094,1.4926,14.3055,0.0154,3.0723,0.0204,0.0159,77.973
1.0,3224.1,2208.9778,2.421,97.84,1.4115,0.0062,-0.0007,197.0336,5.8563,421.1243,0.9657,186.8749,12.6149,1.4368,-5057.0,3441.0,1.2775,1.9933,7.2648,75.2333,1.7444,0.1179,84.3441,8.9833,64.68729999999996,66.0907,87.7644,81.19,2.967,351.91,130.3673,721.3796,1.364,141.0218,623.2991,206.8009,4.602,4.836,2837.0,0.9356,1.0691,350.0491,10.6424,111.4364,16.3182,18.9309,26.2719,695.1077,145.4955,606.9809,109.7801,0.0051,-0.025,-0.015,0.0012,-0.0027,-0.0022,0.0396,7.2368,0.1293,0.9869,1761.789,0.2081,8649.4701,0.023,0.0186,-0.0168,0.0416,0.4635,0.9538,739.3232,0.9888,58.9246,0.586,0.966,6.2222,16.02,4.253,16.07,16.08,1.154,0.6841,2.993,-0.5204,0.7492,2.1919,1015.5678,79.0,179.2,203.2,54.9001,568.2379,0.6965,0.1087,0.0654,0.0524,0.051175,11.4724,6.547,9.355,0.03665000000000001,0.34,0.12487500000000004,857.0,16307.0,0.161,0.029,0.284,2.3,0.489,0.6874,0.1686,0.7341,0.3672,0.7515,0.323,0.1037,5.46,16.64,56.025,0.162,18.98,3.91,29.316,55.186,0.0681,0.10762500000000004,0.0303,0.0277,0.0413,0.0783,0.1019,0.0729,1.7701,0.0762,0.0013,237.44749999999996,0.1053,1508.3003,0.0157,0.0138,0.0363,0.0224,165.6727,3.9099,0.0308,0.2659,0.0321,7.350974999999999,22.8795,59.1281,65.1993,0.2168,1.1925,0.0414,2.1464,0.0679,0.044225,407.2419,135.206,2856.4751,8048.3619,0.0778,0.0132,0.1163,0.6801,0.0171,0.1514,0.2857,0.073,0.0729,4.8521,0.1291,8.3342,0.0311,1.9896,5.3966,18.2255,0.0616,1.3939,1.9713,9.4742,18.1139,0.0165,0.047775,0.0146,0.0114,0.0112,0.0392,0.0519,0.0397,0.5533,0.0261,0.0004,74.1737,0.031975,449.7305,0.0129,0.0073,50.2279,1.1855,0.0106,0.0787,0.0088,9.7599,2.2687749999999998,3.5444,5.5581,8.4297,2.4853,44.2135,28.7688,7.701,111.7947,2.2214,3.7921249999999995,2.6952,8.965549999999999,119.1418,473.9029,12.6027,1.4549,3.9093,3.0572,28.6624,39.868,14.3243,0.815,1.8773,1.1331,0.2207,4.5097,4.0731,3.7187,7.6009,3.8717,2.6697,27.0913,5.6546,1.5222,4.6125,116.312,4.2175,13.2715,50.2696,0.0,567.62975,184.975,0.0,0.0,0.0,184.0909,24.4601,1.6638,3.0391,0.135,13.139225,61.6739,705.4313,84.3982,0.0,7.8392,2.3487,22.4087,0.24217499999999997,6.6354,4.2742,1.4657,19.9526,73.546,16.23,0.87,7.0941,0.3417,15.604,4.0671,1.1829,0.3709,0.0841,37.6775,7.46,0.1356,2.926,0.0613,2.9294,18.9862,531.1982,2.2418,10.63,0.2428,3.6826,0.0616,2.0011,10.8309,0.0089,1.7868,0.023,0.021,91.4264
1.0,3193.53,2162.1333,0.8826,104.9722,1.461,-0.0154,-0.005,202.4111,5.6064,412.9307,0.978,192.4507,12.5294,1.4068,-3273.75,-4146.6667,1.3088,1.997,7.2677,70.6667,2.0111,0.1442,84.6927,8.8973,64.1619,66.3435,86.4023,80.92,3.093,344.9427,152.1273,743.8144,0.9024,133.9591,631.0291,120.7865,4.582,4.849,2831.0,0.9318,-1.8736,348.9145,10.0517,130.2536,10.3961,21.8736,28.7462,715.0682,142.7082,621.8764,98.2763,0.0154,-0.0413,-0.0049,-0.0063,-0.0093,-0.0193,-0.0235,7.0487,0.1378,0.9878,1809.0129,0.2008,8947.47,-0.0022,-0.0967,-0.0467,0.0032,0.4406544653707838,0.9685,779.3134,0.9885,59.1915,0.5918,0.968,6.3552,15.78,3.029,15.79,15.75,0.7048,0.5426,3.475,1.419,0.821,2.2826,999.5619,103.0,157.1,108.3,53.2,584.3929,0.1655,0.21590000000000004,0.0745,0.0345,0.0092,5.7032,6.109,11.214,0.0065,0.22,0.043,927.0,1359.0,0.111,0.045,0.209,3.0,0.457,0.5756,0.0521,0.6154,0.368,0.8014,0.578,0.0881,6.13,24.75,11.751,0.509,15.74,11.06,37.504,86.18,0.0689,0.0484,0.0162,0.0425,0.0781,0.0989,0.1456,0.1785,5.2411,0.0621,0.0012,103.3011,0.1053,1143.3008,0.0135,0.009,0.04488661699423552,0.0099,121.9929,3.9654,0.0139,0.3175,0.12,3.6912,26.0095,45.3136,42.9252,0.0551,3.5752,0.07285,2.1666,0.0596,0.0183,433.1046,155.3984,1544.7939,715.7446,0.0455,0.021,0.0939,0.8573,0.0604,0.1565,0.2162,0.0253,0.055,5.6345,0.1631,10.3493,0.0284,2.4697,7.2673,3.5419,0.1631,3.3212,2.7807,11.4071,26.7857,0.0212,0.0222,0.0068,0.0182,0.0203,0.0504,0.0732,0.0944,1.8667,0.0194,0.0004,41.8915,0.031975,420.7167,0.017988521817230613,0.0033,44.9427,1.1811,0.0057,0.1007,0.0424,7.2796,1.3081,4.7464,4.9193,4.1849,2.4605,58.5031,18.7508,14.866299999999999,108.9655,2.7157,0.6693,1.7559,3.0545,97.8694,32.7733,8.4814,2.2534,2.8757,4.2453,114.3646,141.12735000000004,13.8901,0.6796,0.5859,0.9591,0.3639,4.6529,9.4329,4.5163,9.7615,4.576,3.9222,9.7287,6.8574,5.0638,15.7001,151.4029,5.2448,28.5856,87.6916,446.6775,83.3405,583.1871000000001,0.0,0.0,752.4548,758.7673,74.3562,1.8142,2.574,0.1233,5.7104,63.37365000000001,0.0,31.0811,292.3077,14.051107583783818,1.0257,15.6539,0.1754,6.6993,4.9953,5.2592,9.662,72.958,19.01,0.36,8.4397,0.132,58.0768,4.6757,0.4934,0.1584,0.0389,16.1351,4.98,0.0877,2.0902,0.0382,1.8844,15.4662,531.3445,2.0359,5.71,0.2796,1.565,0.0936,1.0746,13.7332,0.0107,2.1296,0.023,0.021,91.4264
1.0,3188.42,2208.9,1.9469,114.114275,1.4984,0.0163,0.0191,201.6518,13.1133,419.4913,0.9669,192.0209,12.4614,1.4144,-3438.75,37.25,1.3615,2.002,7.3097,69.9556,2.7889,0.2293,86.1541,8.9036,64.0553,66.3221,86.4182,81.44,3.069,346.1736,147.0345,736.8733,0.9315,132.4755,625.6836,120.6935,4.582,4.849,2831.0,0.9318,-4.0527,346.4191,10.3094,122.9818,11.2296,24.0527,28.5411,708.3322,146.4755,615.8764,63.4445,0.0005,-0.0364,-0.0082,-0.0145,0.0173,-0.0027,-0.0443,8.8258,0.1289,0.9908,1830.1596,0.1602,8579.95,-0.0033,-0.0046,-0.0231,0.0014,0.4650703122803368,0.9505,749.6248,0.9889,59.0551,0.5916,0.9648,6.4006,15.65,3.217,15.69,15.61,1.097,0.565,3.326,1.703,0.8346,2.3081,992.8867,96.0,155.1,169.7,54.2,234.808,0.2606,0.1011,0.0576,0.0498,0.017,7.9162,14.60075,4.568,0.0152,0.4,0.0417,663.0,355.0,0.125,0.156,0.113,2.9,0.245,0.6969,0.1102,0.5171,0.273,0.7748,0.566,0.0932,6.23,18.98,17.473,0.459,14.34,7.52,36.074,20.608,0.0495,0.0818,0.0367,0.0783,0.0435,0.0986,0.1249,0.1758,2.6646,0.0346,0.0019,154.0029,0.0302,478.5,0.014,0.0166,0.05929070254190319,0.0061,47.414,4.3051,0.0223,0.432,0.1244,4.1132,25.2356,44.3493,46.4683,0.0781,2.3617,0.039,4.499025,0.121,0.0171,280.0417,260.8869,271.9465,187.5889,0.0596,0.0643,0.0526,0.9098,0.0292,0.0884,0.2493,0.0447,0.0885,5.8493,0.1575,9.9051,0.0298,1.9612,6.1942,4.9303,0.1338,2.307,2.6055,10.9133,7.5412,0.0145,0.0342,0.0158,0.0364,0.0152,0.0531,0.063,0.0895,0.9205,0.0116,0.0005,47.0829,0.0098,145.3962,0.014505488553517762,0.002,17.6716,1.268,0.0075,0.1384,0.0441,8.6196,1.4211,4.3746,4.8645,6.6136,2.4537,25.1197,13.3839,6.747,135.3362,1.0889,1.5696,3.2099,2.9504,17.5645,953.0201,9.1811,7.7922,1.5459,4.1455,53.7849,34.8837,7.15,0.8089,1.2376,0.8073,0.1431,4.8502,9.7528,4.4124,10.008,4.7028,3.0335,14.4772,6.8574,4.4523,14.0996,127.6981,5.0928,10.5314,32.482,0.0,285.7642,583.1871000000001,300.7779,569.1198,0.0,396.6159,30.1911,2.6386,1.4427,0.1874,8.4147,18.8371,0.0,65.4088,0.0,12.406562975625965,0.6453,6.325,0.1486,7.2899,6.7497,5.3891,9.4427,71.254,20.99,1.04,8.7934,0.4836,91.3535,5.1944,1.4596,0.6598,0.220675,53.4387,4.98,0.0877,2.0902,0.0382,1.8844,15.4662,531.3445,2.0359,5.71,0.2796,1.565,0.0936,1.0746,13.7332,0.0099,1.9599,0.023,0.021,91.4264
1.0,3177.96,2162.1333,0.8826,104.9722,1.3719,0.0048,0.0089,200.9239,6.0388,410.3935,0.9786,191.0574,12.5276,1.4338,-929.375,-1872.25,1.2788,1.969,7.2932,71.0667,1.9444,0.1492,84.6927,8.8973,64.1619,66.3435,86.4023,80.92,3.093,355.1982,139.5964,738.5086,1.3193,140.6573,635.4518,170.4293,4.657,4.917,2815.0,0.9281,-2.5418,355.77,10.4905,117.0545,13.0309,22.5418,30.2949,708.2137,149.5964,622.4209,100.6795,-0.001,-0.0393,0.1184,0.0066,0.0082,0.006,0.0294,7.5784,0.1289,0.9872,1863.4326,0.1674,8489.36,-0.029,-0.1135,-0.0522,-0.0882,0.46235345142207707,0.9584,736.1793,0.9893,58.5875,0.591,0.9664,6.3121,15.78,3.029,15.79,15.75,0.7048,0.5426,3.475,1.419,0.821,2.2826,999.5619,103.0,180.9,139.7,53.2,584.3929,0.1655,0.0887,0.0749,0.0416,0.0073,5.5843,5.268,17.772,0.0052,0.24,0.12487500000000004,1041.0,11829.0,0.195,0.127,0.261,3.1,0.607,0.5756,0.0521,0.6154,0.368,0.8014,0.518,0.1118,5.85,16.21,52.338,0.338,19.02,3.4,24.016,78.19,0.0853,0.0471,0.0107,0.0424,0.0732,0.0815,0.1048,0.0852,2.9484,0.0261,0.0018,94.0377,0.053,1213.6997,0.0225,0.0133,0.0417421901129601,0.0207,137.4265,3.6414,0.0208,0.2358,0.12,3.6912,24.9823,61.9291,45.0887,0.0551,3.5752,0.0281,1.7172,0.0608,0.044225,469.1847,291.3902,5529.0019250000005,5052.0959,0.0937,0.052,0.1197,1.01,0.0458,0.1627,0.2162,0.0253,0.055,4.8906,0.1343,6.6812,0.0349,2.0714,5.2575,14.4214,0.1131,1.3017,1.9573,8.2926,27.0673,0.0279,0.0217,0.005,0.0182,0.0234,0.0444,0.052,0.0361,1.0789,0.0089,0.0006,35.4246,0.0157,340.1338,0.010054021318546096,0.0068,40.7042,1.0788,0.0069,0.0973,0.0424,7.2796,1.3081,4.7256,5.6923,5.8949,2.4605,58.5031,18.7508,6.4654,87.2356,4.3305,0.5301,1.9158,8.965549999999999,0.0,631.8066,15.2493,6.45,3.5787,4.3621,82.2857,91.1392,17.3286,0.6796,0.5859,0.9591,0.3639,4.8227,5.215,2.8151,8.4749,4.159,2.5509,30.7095,8.4022,3.2219,7.3641,145.9607,3.3911,14.6332,77.6623,0.0,101.8378,35.8108,0.0,810.3525750000001,0.0,289.3039,38.9056,2.6386,1.0902,0.179,5.0465,31.6915,434.2857,107.5171,268.8525,8.95949497795542,2.1557,18.6675,0.0827,6.2153,3.7362,5.2592,9.662,71.87,20.51,0.93,8.9432,0.3522,74.5912,5.0411,1.294,0.2547,0.0608,23.81,4.98,0.0877,2.0902,0.0382,1.8844,15.4662,534.16,1.3086500000000005,16.27995,0.64655,5.675924999999999,0.1881,3.0781499999999995,26.897424999999995,0.0144,2.8481,0.023,0.021,91.4264
1.0,3266.55,2211.4,1.3004,97.47,1.4321,-0.0076,-0.0123,193.2403,9.4381,409.1402,0.9739,183.5017,12.3841,1.4319,-6684.6875,-309.0,1.3828,2.0227,7.4047,70.0778,2.8889,0.2027,86.1541,8.9036,64.0553,66.3221,86.4182,81.44,3.069,345.1191,150.4473,740.6656,0.9073,133.0618,628.6282,118.3203,4.582,4.849,2831.0,0.9318,-6.6455,350.6173,10.0518,123.8018,9.2946,26.6455,32.9574,707.7083,144.9145,619.3336,85.6243,0.0037,0.0738,0.0222,-0.0213,-0.0126,-0.0271,0.0069,7.0337,0.1423,0.9868,1747.8181,0.1623,8704.85,-0.0269,-0.0326,-0.0444,-0.1184,0.45716524628786037,0.935,755.7289,0.9891,57.9432,0.6001,0.966,6.3801,15.77,4.076,15.79,15.78,1.276,0.6263,2.912,0.0,0.7446,2.237,998.9491,154.0,172.4,149.7,73.2,931.8437500000001,0.6226,0.0857,0.0566,0.0463,0.0121,5.9184,8.178,11.979,0.0093,0.35,0.0217,437.0,1050.0,0.135,0.046,0.141,4.1,0.246,0.6969,0.1102,0.5171,0.273,0.7748,0.61,0.0855,6.92,24.72,31.8,0.909,17.33,11.27,33.501,83.934,0.074,0.0473,0.0616,0.0715,0.0805,0.083,0.1404,0.0508,4.5353,0.0383,0.0024,102.4347,0.0327,1494.5,0.0204,0.0157,0.051544137020879455,0.0284,149.6611,3.9611,0.0292,0.3715,0.0282,3.2669,31.241,50.1886,58.7788,0.2089,2.2676,0.0274,2.2089,0.0902,0.0071,178.518,247.2603,5529.0019250000005,429.4322,0.0563,0.0193,0.059,1.4678,0.0447,0.0789,0.2493,0.0447,0.0885,5.6453,0.1619,9.6735,0.0241,2.4986,7.814,8.5031,0.2899,3.0358,2.9944,10.3316,28.0414,0.0236,0.0201,0.0281,0.0314,0.0236,0.045,0.0656,0.0256,1.3441,0.0115,0.0008,31.65,0.0089,515.4195,0.015568042342061734,0.009,54.9617,1.2099,0.0103,0.1292,0.0082,9.7076,1.0892,7.0573,5.2777,6.1724,3.3101,78.92177500000001,47.8766,5.9844,86.6489,2.9278,0.9586,2.8262,1.5169,216.27,339.8058,9.7632,2.2741,1.9042,5.8506,51.9231,69.0789,6.809,0.8089,1.2376,0.8073,0.1431,5.543,9.0995,4.2618,9.4188,5.2006,3.9324,26.8762,6.8574,9.0431,18.4004,186.4532,4.7337,33.9867,98.0259,0.0,259.8901,321.3483,378.1562,661.3546,518.5596,733.574,64.4786,0.7731,1.6194,0.2388,5.8607,20.1288,0.0,30.5489,937.1429,11.799641789958624,3.0388,19.8035,0.1296,6.8363,5.8233,1.2597,8.501,73.254,14.53,1.33,6.7381,0.5058,27.0176,3.6251,1.8156,0.1751,0.0486,17.7576,4.98,0.0877,2.0902,0.0382,1.8844,15.4662,531.3445,2.0359,5.71,0.2796,1.565,0.0936,1.0746,13.7332,0.0126,2.5135,0.023,0.021,91.4264
1.0,3034.5,2183.5889,1.3963,104.0856,1.5171,-0.0292,-0.0071,199.9541,8.5012,411.1901,0.9781,189.8659,12.4804,1.41,-4125.25,1172.5,1.2847,2.0115,7.2545,70.5444,2.3444,0.1671,86.899,9.3181,64.1792,65.8829,87.4062,78.7,2.932,364.9482,128.7245,734.4513,1.3877,142.7609,636.4336,196.9615,4.622,4.867,2874.0,0.9222,-1.1455,361.8909,10.9435,107.5791,21.27,21.1455,28.8169,705.6344,145.6936,615.1636,111.3653,-0.0257,-0.0383,0.0093,-0.011,0.0041,-0.061900000000000004,0.009,8.0538,0.1325,0.9874,1762.8462,0.1711,9675.909474999999,0.1454,-0.0344,-0.0376,-0.0352,0.43307500000000004,0.9429,839.5361,0.9892,57.8802,0.6066,0.9646,6.1974,15.88,4.146,15.91,15.87,1.357,0.6758,3.035,-0.7569,0.7085,2.2337,1008.1634,102.0,243.6,226.6,48.6001,343.986,0.2265,0.0749,0.0723,0.0396,0.0097,6.9363,3.242,6.413,0.0063,0.25,0.0302,620.0,11259.0,0.117,0.033,0.206,2.4,0.371,0.5745,0.1364,0.6106,0.3029,0.6595,0.483,0.1969,5.23,14.94,45.322,0.82,20.73,8.07,21.629,71.562,0.0748,0.0631,0.0492,0.0446,0.0666,0.0951,0.0449,0.054,2.131,0.0573,0.0019,175.0801,0.0387,809.7002,0.0147,0.0115,0.044061246725028785,0.0206,78.7571,3.8663,0.0214,0.2477,0.0281,2.9875,24.852,79.9709,74.1917,0.0667,1.9957,0.0239,1.0439,0.0673,0.0099,257.5066,72.3003,1119.8614,7961.3152,0.0542,0.0139,0.0942,0.7955,0.0607,0.1196,0.2319,0.0558,0.109,7.5121,0.1782,4.2343,0.0557,1.5172,4.0428,13.0072,0.2332,2.5492,3.5745,6.6393,19.0561,0.0216,0.0298,0.0245,0.0216,0.0193,0.0515,0.0197,0.026,0.747,0.0195,0.0006,52.0976,0.0118,229.1724,0.011752646780362124,0.0081,25.621,1.2425,0.0068,0.0823,0.0086,10.0424,0.8886,4.7205,8.0277,9.4177,2.2257,31.0275,16.2209,4.9372,38.1359,1.5596,0.6411,2.0031,2.1426,60.5054,960.2559,9.1068,1.6406,2.8396,3.4021,89.5735,120.8777,10.8631,0.6611,1.4633,0.9514,0.2182,6.2064,10.2855,2.1869,14.1891,3.6635,2.3475,23.0106,2.4178500000000005,7.493,5.4472,97.4613,3.0652,17.7223,64.2588,291.1922,171.584,480.8625,607.1795,0.0,59.5688,598.338,26.4593,5.4358,2.3579,0.1972,9.9317,22.6264,953.3679,33.8028,951.3514,10.786939045946717,2.1868,9.381,0.0914,6.6798,3.9967,1.2564,7.5844,71.638,22.45,1.46,9.2416,0.6052,56.794,5.5477,2.038,0.4425,0.1485,39.8457,4.98,0.0877,2.0902,0.0382,1.8844,15.4662,529.5182,2.113,10.65,0.3068,3.6722,0.0921,2.0113,14.5194,0.013,2.6184,0.0346,0.0251,72.6469
1.0,3058.46,2228.4778,1.4301,93.6222,1.4854,0.007,0.0019,197.3004,8.8398,408.1066,0.9803,187.218,12.5294,1.3997,-4994.25,-1455.0,1.2685,2.0045,7.2698,70.0444,2.0333,0.173,85.549,8.7556,64.0533,66.2801,86.5808,36.3425,4.194,354.9536,141.5455,740.4056,1.2904,137.3355,633.8345,174.6411,4.657,4.917,2815.0,0.9281,3.1336,355.1536,10.2017,124.6791,8.3765,16.8664,19.9461,720.4595,146.7591,626.5918,169.69280000000003,0.0221,-0.0266,-0.015,-0.0138,0.0162,-0.0056,-0.0613,6.7123,0.1354,0.9895,1843.4458,0.188,9079.4401,0.0218,-0.0614,-0.0341,0.0439,0.44737540732505154,0.9543,778.2147,0.991,58.1642,0.5911,0.9674,6.2531,16.07,4.684,16.09,16.09,1.757,0.7673,3.085,-1.83,0.7182,2.1995,1013.1402,98.0,79.0,55.5,62.5999,931.8437500000001,0.5109,0.1493,0.078,0.0422,0.009,11.256,6.444,4.51,0.0057,0.22,0.0848,910.0,4771.0,0.161,0.072,0.223,3.6,0.465,0.7299,0.0798,0.4009,0.1522,0.735,0.363,0.1505,7.23,14.04,52.598,0.228,17.5,9.35,30.563,41.7,0.2274,0.0653,0.0334,0.0284,0.0661,0.0774,0.0777,0.1375,7.0395,0.0408,0.0016,107.1604,0.0449,780.5996,0.0132,0.0105,0.05832291724660976,0.0105,87.9774,1.6506,0.0202,0.3075,0.0206,3.4019,26.9966,26.4646,16.5764,0.1672,3.3775,0.0485,2.0952,0.0596,0.0366,442.479,186.0276,1995.3859,2622.865,0.0716,0.032,0.1079,1.2411,0.0329,0.152,0.2898,0.0306,0.1331,4.8532,0.1196,7.1092,0.04,2.5464,5.167,16.3618,0.0702,3.1834,3.99,10.5025,11.2637,0.0536,0.0279,0.0156,0.0135,0.0201,0.0383,0.0407,0.0745,2.2109,0.0148,0.0005,34.046,0.0132,272.7362,0.015394271744473543,0.0036,29.1517,0.5092,0.0076,0.0964,0.0062,10.3794,1.2292,4.6221,2.583,2.249,2.8091,78.92177500000001,35.7206,10.0512,72.8974,1.1051,0.5787,1.7559,6.0597,86.7197,327.9038,12.6922,3.5919,3.0675,5.1396,73.7705,61.8497,13.7646,0.8532,0.9111,0.6259,0.2728,4.9556,4.5992,3.0204,11.6591,5.2645,2.2151,30.1178,8.4022,2.2349,6.8496,208.9177,4.2422,7.6479,22.6455,0.0,281.7691,189.0183,479.2025,478.5162,0.0,224.2152,104.8747,2.7317,1.7543,0.1595,5.813,23.8732,477.2727,53.2258,642.4242,11.77416467565126,1.0961,11.305,0.0455,2.8378,4.9176,0.9362,7.5579,73.254,14.53,1.33,6.7381,0.5058,27.0176,3.6251,1.8156,0.1596,0.0373,17.3638,12.870000000000001,0.1654,4.809654608726158,0.0712,5.077074999999999,25.491,528.0127,1.3086500000000005,9.04,0.0667,2.9281,0.023,1.7121,6.0256,0.0189,3.7313,0.0346,0.0251,72.6469
1.0,3016.46,2167.0889,1.3679,101.6667,1.4093,-0.0041,0.0094,203.3349,9.1535,411.7288,0.9706,193.9053,12.5967,1.3643,-4000.0,1336.5,1.2745,1.9777,7.273,70.1556,2.3333,0.18,84.6724,9.0447,64.0033,66.2788,86.2033,82.4,2.69,366.3755,137.8273,747.7861,1.0839,137.77,641.9727,63.8502,4.619,4.872,2875.0,0.9225,-0.3136,367.2164,10.4516,117.5136,14.3272,20.3136,24.218,723.5681,142.9155,627.6455,66.9801,0.004,-0.0162,-0.0011,-0.0274,0.0142,-0.058,0.0067,7.0419,0.1328,0.9908,1852.7683,0.1845,8200.72,-0.005,-0.0167,-0.0491,-0.0064,0.4451784264897026,0.9431,706.582,0.9893,58.6557,0.6024,0.9801,6.229,16.03,4.137,16.09,16.07,1.286,0.6539,2.92,0.2838,0.7772,2.1996,1012.9091,124.0,119.1,95.7,47.1001,359.777,0.1334,0.0893,0.0695,0.0338,0.0212,5.3778,6.021,5.055,0.013,0.25,0.0559,804.0,11394.0,0.155,0.142,0.24,3.1,0.763,0.6379,0.1897,0.5617,0.3331,0.7248,1.054,0.2614,7.76,18.14,30.208,1.092,25.28,8.49,21.066,12.703,0.14,0.0681,0.0536,0.0642,0.0641,0.0731,0.045,0.1274,3.5011,0.0328,0.0004,107.4498,0.0453,848.5996,0.014,0.0126,0.0406772261991743,0.0202,74.4771,3.5528,0.0538,0.3579,0.031,4.3562,30.7246,36.753,29.7205,0.0471,2.6186,0.0346,2.0717,0.0671,0.0203,365.4863,239.2001,1424.2404,5365.0147,0.0699,0.0627,0.1002,0.8604,0.0511,0.2374,0.227,0.0675,0.0956,8.13395,0.343,4.4952,0.0686,2.3851,5.4899,8.9321,0.3029,2.4969,3.532,6.5672,3.6097,0.0439,0.0282,0.0269,0.03,0.0144,0.0382,0.0217,0.0604,1.2259,0.0121,0.0001,33.8439,0.0145,333.1317,0.010686757648166867,0.0081,27.6558,0.9844,0.0179,0.1115,0.0102,14.1621,1.357,5.6095,3.9483,3.7391,2.1734,28.7083,9.7555,6.3363,65.7784,1.2277,1.3416,1.9846,4.1003,74.225,852.5253,12.1616,7.1799,3.2999,4.4188,51.4286,75.0,21.4393,0.7534,2.097,0.8776,0.1469,7.2903,9.4248,2.3163,24.12,5.6326,2.8257,47.3107,2.4178500000000005,10.4481,4.4931,176.4468,2.9114,9.7787,18.9653,0.0,245.8484,0.0,234.2622,514.7887,77.5528,0.0,49.7185,2.1839,1.3674,0.0362,5.7994,24.5281,0.0,63.5641,0.0,9.866475744640747,2.146,10.5405,0.1295,6.057,5.7457,1.4074,12.0932,73.254,14.53,1.33,6.7381,0.5058,27.0176,3.6251,1.8156,0.2467,0.0464,24.7249,8.32,0.1981,3.3366,0.0995,3.0408,28.1405,530.6345,1.9733,7.6,0.3159,2.6072,0.1057,1.4323,16.0105,0.0122,2.45,0.0182,0.0077,42.5048
1.0,3163.86,2211.4,1.3004,97.47,1.4362,-0.0034,-0.007,197.9805,10.3963,404.7285,0.9696,188.0731,12.4694,1.4282,-3240.0,-1666.6667,1.2668,2.0025,7.2652,70.2556,2.0111,0.1589,86.899,9.3181,64.1792,65.8829,87.4062,78.7,2.932,357.2109,130.8382,730.3658,1.4048,141.9236,629.9727,190.179,4.62,4.865,2854.0,0.9291,-0.0345,357.4309,10.6889,110.8036,18.2227,20.0345,26.8018,703.564,143.5155,611.75,93.1805,0.0138,-0.0424,0.122,-0.0107,0.0098,-0.0041,0.0301,7.3741,0.1378,0.9853,1787.2501,0.1801,8989.4699,0.0178,-0.0512,-0.0391,0.0121,0.4465810719527371,0.9634,775.5831,0.9902,58.5854,0.6029,0.9789,6.1532,15.7,2.626,15.73,15.69,0.8089,0.4628,3.413,1.419,0.8557,2.2732,995.0191,103.0,158.5,106.6,73.2,931.8437500000001,0.6226,0.1125,0.0631,0.0341,0.0194,10.602,11.019,12.38,0.0134,0.66,0.0291,731.0,12333.0,0.145,0.162,0.197,2.3,0.404,0.5745,0.1364,0.6106,0.3029,0.6595,0.267,0.1613,5.85,21.82,38.27,0.31,23.9,9.48,34.618,48.577,0.0885,0.0179,0.0399,0.0574,0.0745,0.0934,0.1035,0.0699,4.1524,0.0564,0.0048,123.7789,0.0904,1411.2998,0.011,0.0135,0.04989293326035371,0.0222,136.8739,2.5239,0.0304,0.3871,0.118,3.5594,26.0095,50.384,34.0069,0.2089,2.2676,0.039,2.8225,0.116,0.0137,349.919,153.4609,1554.3841,7093.4811,0.0691,0.0733,0.0848,0.7828,0.0375,0.1647,0.2319,0.0558,0.109,5.3009,0.093,9.0739,0.0454,2.0337,6.3555,10.8732,0.1067,2.7512,3.3037,10.8892,15.8027,0.0286,0.0076,0.0186,0.0239,0.0248,0.0478,0.0459,0.03,1.4274,0.0215,0.0015,44.5845,0.0279,433.2773,0.0145105262035405,0.0081,45.5923,0.6992,0.0104,0.1308,0.0417,6.5818,1.1881,4.7464,5.0097,4.3147,3.3101,78.92177500000001,47.8766,7.8333,105.9899,3.0588,1.3802,5.293,2.0389,107.963,739.98,11.4466,8.0899,2.7115,3.2738,89.5028,76.7832,12.5077,0.6611,1.4633,0.9514,0.2182,4.4176,6.7335,4.2264,11.48,4.1219,3.4636,20.1231,5.6337,2.9002,8.0142,131.1551,4.9204,11.5439,52.1321,641.8858,81.642,47.0588,698.7104,810.3525750000001,0.0,232.419,56.3105,1.8142,2.3356,0.4907,6.9257,50.1837,0.0,46.875,610.9091,11.008953510093102,2.3059,17.6479,0.0733,4.3081,6.2907,5.1925,8.9223,73.254,14.53,1.33,6.7381,0.5058,27.0176,3.6251,1.8156,0.98,0.1809,99.0375,10.83,0.2176,3.9494,0.1021,3.8752,33.4083,533.1809,1.3086500000000005,5.65,0.1416,1.8871,0.0396,1.0597,13.1807,0.0113,2.2491,0.0182,0.0077,42.5048
1.0,2988.39,2206.4,1.1853,114.114275,1.5279,-0.0094,0.0001,199.9316,9.7716,423.2861,0.9731,189.9429,12.4276,1.3931,-4544.3333,125.25,1.3348,1.959,7.1658,73.0778,2.0556,0.1487,84.3147,9.6515,64.2547,66.1799,86.7475,80.79,2.374,347.2918,151.9545,745.5478,1.2179,133.9164,633.1627,220.7755,4.603,4.841,2823.0,0.9324,-1.2164,349.73,10.0218,130.7382,12.5907,21.2164,28.6008,716.947,141.4091,621.8773,112.6149,-0.0086,-0.0345,0.033,0.0093,-0.0082,-0.0227,-0.0145,6.7942,0.1281,0.9883,1698.811,0.1824,9166.9001,-0.17427499999999999,-0.0344,0.0527,-0.1079,0.43826623551395216,0.9333,818.6599,0.9862499999999997,57.2403,0.6008,0.9813,6.2097,15.88,4.185,15.85,15.84,1.338,0.6772,3.045,-0.615,0.7202,2.2674,1010.0437,63.0,176.2,129.0,58.0,241.589,0.1633,0.21590000000000004,0.0461,0.0631,0.0132,8.2547,4.269,11.399,0.0106,0.5,0.045,1411.0,2334.0,0.288,0.131,0.386,2.9,0.421,0.478,0.1846,0.5533,0.3447,0.8201,0.512,0.1754,8.49,22.37,44.105,0.763,16.41,16.72,33.873,71.841,0.0884,0.0664,0.034,0.0412,0.1037,0.0864,0.0942,0.0351,6.9396,0.0696,0.0026,119.0638,0.0467,1239.8008,0.024,0.0138,0.045166160508115005,0.0296,113.8704,4.098,0.0484,0.5537,0.0226,3.4433,17.7084,54.4138,40.4378,0.0576,1.5568,0.07285,1.5042,0.0947,0.0171,643.0948,226.6701,2705.8731,1076.7824,0.1258,0.0558,0.1765,1.0674,0.0163,0.1441,0.2168,0.068,0.1784,5.2422,0.1368,9.605,0.045,2.3508,6.4223,15.2066,0.2069,4.6951,5.048,11.0973,27.2762,0.0234,0.0291,0.016,0.0173,0.0307,0.0451,0.0434,0.0171,2.6786999999999996,0.0255,0.0008,37.8875,0.0138,429.9602,0.013283429913740902,0.011,41.1884,1.3234,0.0163,0.1642,0.0077,7.0615,1.1092,2.8721,5.8962,5.173,2.6287,24.5881,13.7738,14.866299999999999,43.6877,2.693,1.0939,4.0233,3.228,105.0979,0.0,21.5771,6.6871,5.3867,3.9684,72.973,32.9596,12.0592,0.5669,1.9126,0.8611,0.2303,5.0102,8.3117,4.1434,14.4038,6.3398,3.5331,19.9773,6.6534,7.6134,18.826175,130.3344,4.7246,12.975,63.7935,0.0,324.6944,124.6596,0.0,0.0,415.894,242.069,102.1403,2.4204,2.9447,0.2675,7.0087,25.6222,0.0,45.5814,778.3784,12.688230982243534,3.1707,13.9094,0.24217499999999997,7.1594,8.9164,0.9972,10.3199,76.26,11.55,1.32,5.676,0.5172,68.5726,2.8811,1.7309,0.0868,0.0246,9.3586,11.71,0.36970000000000003,4.2111,0.145075,4.3414,46.2315,530.0846,1.9812,9.01,0.2753,2.596,0.0898,1.6997,13.8979,0.0154,3.0992,-0.0006,0.0118,0.0
1.0,3052.98,2172.8111,1.2736,102.7367,1.4065,-0.0037,-0.0058,199.7201,10.2017,406.7101,0.9819,189.1922,12.5276,1.3923,-6514.75,1933.0,1.334,1.9572,7.2488,68.7,1.7556,0.1621,84.4668,8.8909,64.1879,66.3049,86.5543,80.01,2.677,352.3664,147.2682,742.8558,1.2573,134.4355,634.07,203.4709,4.619,4.884,2835.0,0.9323,-2.49,357.1018,9.8895,124.7782,12.1018,22.49,29.531,713.3248,140.0882,621.9682,113.1815,0.05562500000000001,-0.025,0.1099,-0.0331,-0.0006,-0.013,0.0142,7.3625,0.13,0.9865,1874.6711,0.2125,8615.3501,0.0116,-0.04,-0.044,-0.0821,0.447664284244248,0.9544,728.1333,0.9897,58.0836,0.6028,0.979,6.1785,16.03,4.137,16.09,16.07,1.286,0.6539,2.92,0.2838,0.7772,2.1996,1012.9091,73.0,176.1,128.3,51.7998,139.929,0.0929,0.0976,0.0903,0.0408,0.0101,6.9371,6.1,6.25,0.0057,0.24,0.0163,890.0,20186.0,0.123,0.148,0.167,3.1,0.498,0.5756,0.1314,0.5726,0.1827,0.7894,0.385,0.0876,7.28,16.06,44.124,0.904,17.5,6.79,36.007,59.336,0.233325,0.0581,0.0325,0.0575,0.0729,0.1092,0.0936,0.1068,4.5112,0.0744,0.0047,174.3834,0.1048,1102.2002,0.0216,0.0138,0.03349941621053226,0.0255,105.984,3.5104,0.0407,0.3383,0.031,4.3562,20.4571,57.3776,43.5351,0.0274,1.8536,0.0435,1.945,0.0608,0.0053,387.8299,188.0574,1996.0806,9099.9586,0.0582,0.0607,0.0832,1.063,0.0301,0.1618,0.2256,0.0488,0.0725,5.4164,0.1222,8.9586,0.0302,2.1728,5.4631,12.7135,0.2584,1.8819,2.6393,10.9827,21.8853,0.06957500000000001,0.0262,0.0137,0.0258,0.0206,0.0533,0.0447,0.0455,1.711,0.0229,0.0016,53.8067,0.0307,329.1136,0.011136260046735045,0.0099,33.953,1.0009,0.0133,0.1071,0.0102,14.1621,1.357,3.3673,5.7681,5.1004,2.384,14.4354,7.2979,6.9391,59.7938,1.5367,0.5793,1.9158,1.1686,65.1291,0.0,9.2204,7.5616,2.3038,4.5124,68.3544,48.732,14.8014,0.6815,1.4779,0.8921,0.271,4.4471,3.7347,3.9679,6.9637,5.4152,2.5328,21.6857,6.1954,9.141,8.0703,144.6064,5.0478,6.4231,52.4255,211.3232,567.62975,52.3322,219.9925,0.0,721.3873,752.1127,61.2722,1.9229,3.0392,0.479,9.3021,49.3295,0.0,68.8,651.1628,8.23573968377034,2.6685,14.5556,0.1601,6.0438,5.4762,1.4074,12.0932,73.254,14.53,1.33,6.7381,0.5058,27.0176,3.6251,1.8156,0.6421,0.139,55.8949,4.98,0.0877,2.0902,0.0382,1.8844,15.4662,533.1809,1.3086500000000005,5.65,0.1416,1.8871,0.0396,1.0597,13.1807,0.0158,3.1106,0.0302,0.0159,52.7014
1.0,2951.84,2192.1889,2.387,107.3989,1.4613,-0.0027,-0.0039,199.9289,11.1558,412.4685,0.9804,190.1128,12.6241,1.4189,-3596.75,462.25,1.1460249999999994,1.8536500000000005,6.655225,73.3778,1.8667,0.1436,83.8792,8.6024,64.5517,65.9525,86.8309,79.8,2.243,346.2527,145.8382,737.5634,1.3035,140.4864,632.5773,207.3696,4.605,4.866,2820.0,0.9312,-5.1645,350.4855,10.2117,120.6736,14.36,25.1645,32.5683,704.9951,147.0582,618.2173,104.6066,-0.0076,-0.032,0.0283,0.0059,-0.0072,-0.0074,0.0036,7.9018,0.1347,0.9895,1955.8828,0.1718,8862.2601,0.1514,0.0298,-0.0237,-0.0153,0.4421637992819325,0.9485,735.8611,0.99,58.3392,0.5992,0.98,6.1972,15.72,2.398,15.71,15.73,0.9365,0.4108,3.398,0.3784,0.8741,2.2732,1000.1451,107.0,91.6,97.5,62.1001,324.222,0.6996,0.0875,0.0597,0.0558,0.0075,7.6878,12.897,7.288,0.0061,0.26,0.0503,338.0,383.0,0.233,0.22575,0.2,2.9,0.167,0.447,0.1694,0.5823,0.2034,0.7299,0.254,0.162,5.69,21.21,46.858,0.868,18.24,16.32,26.352,65.056,0.065,0.0285,0.0365,0.0884,0.058,0.165,0.1088,0.0548,2.5172,0.0565,0.0018,157.2906,0.059,1327.8994,0.0158,0.0096,0.06884765516253605,0.0215,119.6144,1.3679,0.0462,0.3973,0.1218,3.971,27.6084,29.3315,33.5391,0.2231,1.4375,0.0293,3.7618,0.072,0.018,181.2721,37.027,111.9297,176.8962,0.1038,0.10255000000000002,0.1048,0.9324,0.0388,0.0496,0.1774,0.069,0.0796,5.0275,0.0744,9.6653,0.0472,1.9052,6.0855,16.6309,0.2333,4.1012,4.6101,9.3844,19.379,0.0156,0.0156,0.0167,0.0385,0.0167,0.0827,0.0551,0.0235,0.9137,0.019,0.0004,53.7865,0.0184,414.0476,0.012166017171235373,0.0065,39.3822,0.3906,0.0168,0.1408,0.0426,6.553,1.2833,4.8684,3.1031,3.936,2.8328,22.5787,29.3073,5.9877,115.6078,1.7669,0.6222,2.0596,3.5429,6.2,82.8556,24.817950000000003,11.369775,5.5475,3.9522,48.2143,85.6811,7.5817,0.5329,1.969,0.9021,0.1166,4.5227,10.3677,4.3623,12.4264,4.0502,3.353,22.5964,6.2079,8.5,18.826175,127.0192,3.7379,32.7182,62.1911,851.0638,340.2985,312.6437,988.2854,0.0,0.0,0.0,31.8556,2.3758,2.3394,0.177,8.0419,34.3322,742.029,38.512,0.0,12.173626208405064,2.2682,16.255,0.0695,2.3447,6.4117,5.3587,10.7222,72.828,15.71,1.32,7.494,0.487,30.8106,3.8565,1.8125,0.4864,0.1043,51.6664,7.28,0.2256,3.028,0.0912,2.929,27.0951,531.7464,2.2909,9.1299,0.2908,3.1198,0.0849,1.717,12.6938,0.0118,2.3773,0.0178,0.012,67.7994
1.0,3173.18,2209.4667,1.4884,95.1156,1.6073,-0.0278,-0.0057,201.989,9.1785,415.2569,0.9788,192.0469,12.5788,1.3878,-3967.5,-1453.75,1.2847,1.9975,7.1503,73.3,2.0,0.1476,85.2544,8.3675,64.3032,66.0584,86.8342,36.3425,1.582,347.6164,146.49,737.7963,1.2285,137.9155,632.0218,195.4601,4.602,4.863,2816.0,0.934,-6.2473,348.7336,10.2347,120.2427,20.0673,26.2473,36.5432,701.2531,142.9782,611.9545,169.69280000000003,0.0109,-0.0307,-0.0483,-0.0031,0.0095,-0.0152,-0.0742,6.5761,0.1324,0.9892,1723.7672,0.17657898138283612,8989.118916201065,-0.157,0.0409,0.0382,-0.1095,0.44675896592688946,0.9391,773.2181,0.9899,57.9134,0.5919,0.9626,6.3832,15.73,3.853,15.78,15.77,1.163,0.6638,3.237,-0.3311,0.7069,2.2539,997.4334,104.0,151.9,141.9,48.9001,674.554,0.2001,0.21590000000000004,0.074,0.0358,0.0082,7.3988,5.102,13.474,0.0068,0.26,0.0791,463.0,1784.0,0.174,0.006,0.223,2.4,0.623,0.5344,0.1325,0.4795,0.2052,0.6852,0.463,0.123,5.72,19.49,49.012,1.02,22.27,15.07,25.851,81.116,0.0746,0.0473,0.0223,0.0545,0.0792,0.0861,0.0733,0.0556,3.6908,0.0418,0.0017,121.7465,0.05403988593214576,1060.5711363471175,0.0271,0.0184,0.05518411096347747,0.0263,117.6366,1.6729,0.0526,0.3036,0.0358,6.5747,28.0608,47.6034,46.0549,0.0619,2.4719,0.07285,1.4946,0.0656,0.03,227.9216,218.933,527.5784,790.1504,0.0806,0.003,0.1021,0.8944,0.0443,0.1808,0.2635,0.0502,0.0956,5.3692,0.1453,9.0273,0.0389,1.9436,6.158,14.9853,0.294,4.0939,4.7009,9.1453,24.329,0.0251,0.0202,0.0106,0.0253,0.0248,0.0454,0.0375,0.0242,1.1698,0.0131,0.0006,42.6607,0.014921568851100422,360.7623413264772,0.014735223931518316,0.0082,40.1355,0.4724,0.0176,0.0975,0.0116,6.586,1.9309,4.7822,4.787,5.8428,2.2132,43.3409,13.442,14.866299999999999,55.5862,3.2447,0.6901,2.067,5.6962,30.3466,122.7171,13.5435,0.3004,3.1188,3.2742,55.0,94.2018,18.2752,0.6268,1.5839,0.7457,0.3651,5.0602,9.004,4.0368,10.0127,4.1475,3.0838,25.0752,9.453724999999999,9.9661,18.826175,110.9767,3.6864,27.4287,44.693,685.1894,0.0,112.9534,0.0,810.3525750000001,481.445,74.9074,56.1248,1.6618,1.7077,0.1763,7.0628,29.746053068342146,984.6154,36.9942,600.0,13.137585560276413,2.8012,15.2139,0.0619,2.8886,4.7558,1.5885,16.4864,73.254,14.53,1.33,6.7381,0.5058,27.0176,3.6251,1.8156,0.1537,0.0403,16.2835,2.98,0.2811,1.0679,0.1159,1.1981,33.3323,533.1364,2.0133,7.24,0.2456,2.4138,0.0849,1.358,12.2013,0.0192,3.8289,0.0281,0.0247,88.1528
1.0,2903.34,2196.1111,1.5599,94.6522,1.5134,0.0036,-0.0055,196.7158,12.1015,416.3427,0.9736,186.5555,12.5547,1.422,-4295.25,-269.25,1.287,1.9828,7.3297,72.5,2.2444,0.1878,85.4487,8.6695,63.7619,66.2322,86.6658,79.21,3.559,352.1673,132.4364,723.1976,1.0989,138.8018,623.4054,48.7143,4.612,4.885,2846.0,0.9337,2.8691,351.1382,10.4147,115.3055,9.6172,17.1309,24.2974,698.9003,147.3445,613.7882,138.6789,-0.0309,-0.0578,0.0521,-0.0134,-0.0014,-0.0135,0.0285,8.871,0.1346,0.9638,1876.8875,0.1906,8349.51,-0.0884,0.1552,0.13525,0.0279,0.48411972579761453,0.9445,737.9575,0.9862499999999997,57.094,0.6017,0.9798,6.2489,15.72,2.398,15.71,15.73,0.9365,0.4108,3.398,0.3784,0.8741,2.2732,1000.1451,101.0,218.1,173.6,53.5,388.743,0.1393,0.1394,0.0734,0.0702,0.0144,9.7171,13.078,5.658,0.0114,0.26,0.12487500000000004,888.0,1214.0,0.169,0.031,0.089,3.5,0.703,0.7362,0.0627,0.6906,0.3562,0.8576,0.671,0.2477,11.62,14.78,36.693,0.213,11.34,5.39,28.467,125.359,0.0803,0.0543,0.0311,0.0172,0.0679,0.1031,0.1137,0.0516,2.3454,0.0729,0.0122,119.1976,0.0521,2129.62425,0.0341,0.038974999999999996,0.061417513372888644,0.0168,219.3519,4.5643,0.0411,0.5889,0.1218,3.971,27.3998,67.8635,56.6568,0.0474,2.0866,0.0441,4.4867,0.0648,0.0434,421.9115,203.4838,720.7613,543.2951,0.0777,0.0165,0.0419,1.0308,0.034,0.2445,0.2907,0.0248,0.0902,6.8321,0.1905,8.6766,0.0863,3.7432,4.7771,10.179,0.0725,1.6236,1.1829,9.343,43.9478,0.0239,0.0259,0.0129,0.008,0.0206,0.0564,0.0535,0.0212,0.7331,0.0234,0.0036,36.465,0.0136,745.4073,0.010114155367612707,0.0058,72.9224,1.3798,0.0133,0.1895,0.0426,6.553,1.2833,4.633,7.512,6.7144,2.4361,26.3977,8.9332,9.2107,108.0697,1.359,1.169,2.0709,8.965549999999999,38.7172,450.8821,13.1313,1.5635,1.2142,4.8276,53.4653,64.4379,20.0228,0.8616,0.7233,1.0831,0.2142,5.8665,6.6598,3.844,22.5395,8.3716,2.3708,67.14087500000002,5.7076,2.0452,4.9954,117.9138,4.0731,13.4785,90.3951,259.8706,115.2255,33.0293,506.7164,0.0,839.1144,180.894,26.4389,1.337,3.0215,1.261,6.3508,27.3311,388.0851,173.443425,26.0504,13.12635297426485,1.7748,29.7242,0.24217499999999997,7.9944,9.4234,5.3587,10.7222,72.378,20.7,0.51,10.1522,0.1857,26.5742,5.0859,0.7046,0.6576,0.1426,66.4854,8.34,0.1931,3.075,0.082,3.0816,35.0595,530.3364,2.3002,10.03,0.3775,2.9335,0.1105,1.8913,16.4099,0.0176,3.525,0.0157,0.0134,85.3122
